0	0
1	1
2	2
3	3
4	4
5	0,5
6	6
7	7
8	8
9	9
10	0
11	8
12	2
13	0
14	3,5
15	0
16	1
17	1,7
18	2
19	0,2,7
20	2,5,8
21	0,9
22	0,3,5,8
23	0,2,3
24	0,2
25	5
26	0
27	5,6
28	0,3,7,9
29	5
30	0
31	0
32	3
33	6
34	1
35	2
36	2
37	0
38	9
39	0
40	2,4
41	1
42	1
43	2
44	1,7,8
45	6
46	1
47	0
48	3
49	6
50	5
51	3
52	0,8
53	2
54	2,6
55	0
56	0
57	7
58	2
59	1
60	0,1
61	0
62	4
63	0
64	6
65	1
66	5
67	0
68	0
69	1
70	3,9
71	2
72	3
73	2,5
74	1,8
75	1
76	7
77	0
78	2
79	2
80	3
81	3
82	1
83	1
84	6,7
85	0
86	3
87	2
88	2,7
89	0,8
90	1
91	0
92	2
93	4
94	2,4,8
95	3
96	1
97	1
98	6
99	2
100	1
101	8
102	0
103	2,5
104	2
105	1,4
106	0
107	1
108	3
109	1
110	2,7
111	4,8
112	0
113	2
114	1
115	1
116	0
117	5
118	5
119	2
120	1
121	6
122	0
123	1
124	1
125	5
126	1
127	0
128	9
129	6
130	1
131	2
132	6
133	9
134	0
135	7
136	1
137	1
138	0
139	7
140	0
141	4
142	2
143	2
144	1
145	3
146	0
147	1
148	0
149	2
150	0
151	0
152	1
153	5,6
154	0
155	0
156	4
157	2
158	1
159	2
160	0
161	0,5
162	6
163	0
164	2,6
165	0
166	4
167	1,4
168	0
169	0
170	1,8
171	4
172	7,9
173	4
174	1,3
175	0
176	1
177	1
178	2
179	0
180	8
181	6
182	0,3
183	0
184	3
185	1
186	3
187	2
188	1
189	5
190	3
191	1
192	0
193	1
194	2
195	0
196	3
197	1
198	2,8
199	0
200	5
201	0
202	0,6,9
203	0,2,3,4,5
204	2,6,7
205	4
206	0
207	2
208	0,2,5,6
209	2
210	2
211	4
212	2,5
213	1
214	0
215	2
216	6
217	8
218	5
219	0
220	0
221	0
222	1
223	0
224	0
225	0
226	2
227	0
228	2
229	3
230	0
231	0
232	4
233	0
234	2
235	0
236	3
237	1
238	2
239	1
240	1
241	0
242	5
243	1
244	5
245	4,9
246	2
247	1
248	5
249	2
250	1
251	8
252	6
253	1
254	1
255	0
256	4
257	6
258	1
259	1
260	0
261	3
262	0
263	0
264	0
265	2
266	3
267	0
268	4
269	4,7
270	0
271	4
272	3
273	0
274	1
275	1,6
276	0
277	1
278	2
279	0
280	0
281	4
282	2
283	6
284	5
285	1
286	0
287	4
288	2
289	0
290	1
291	4
292	3
293	0
294	0
295	4
296	1
297	5
298	0
299	2
300	2,6
301	6
302	1
303	1
304	1
305	4
306	0
307	0
308	1
309	2
310	1
311	2
312	2
313	0
314	1
315	0
316	1
317	1
318	0
319	4
320	1
321	2
322	0
323	0
324	1
325	1
326	2
327	0,8
328	1
329	5
330	0
331	4
332	3
333	2
334	3
335	3
336	6
337	4
338	0
339	4,9
340	0
341	3
342	1
343	1
344	3
345	0
346	4
347	5
348	0
349	2
350	1
351	4
352	3
353	0
354	1
355	0
356	1
357	1
358	4
359	0
360	0
361	4
362	0
363	2
364	3
365	1
366	2
367	0
368	8
369	0
370	4
371	0
372	1
373	1
374	3
375	1
376	2
377	1
378	1
379	5
380	2
381	3
382	0
383	3
384	0
385	1
386	0
387	4
388	0
389	1
390	1
391	2,6
392	3
393	0
394	0
395	5
396	2
397	3
398	2
399	6,8
400	2
401	6,9
402	0
403	0
404	1
405	6
406	0
407	5
408	6
409	0
410	2
411	4
412	4
413	1
414	8
415	0
416	0
417	1
418	2
419	2
420	0
421	0
422	6
423	1
424	1
425	6
426	0
427	0
428	8
429	4
430	0
431	1
432	1
433	0
434	0
435	0
436	0,9
437	0
438	1
439	2
440	0
441	3
442	0
443	2
444	0
445	2,4
446	3
447	1
448	2
449	0
450	1
451	1
452	0
453	7
454	2
455	0
456	5
457	6,7
458	3
459	2
460	1
461	0
462	0
463	2
464	0
465	0
466	7,9
467	3
468	0
469	5
470	0
471	2
472	3
473	4
474	0
475	0,8
476	4
477	4
478	0,7
479	2,3
480	2
481	0
482	2
483	1
484	0
485	2
486	2
487	9
488	0
489	2
490	0
491	1
492	0
493	0
494	4
495	2
496	0
497	2
498	4
499	3
500	1
501	0
502	0
503	0
504	1
505	1
506	0
507	3
508	1
509	0
510	7
511	1
512	3
513	1
514	4
515	0
516	3
517	0
518	1
519	0
520	1
521	0
522	3
523	9
524	5
525	1
526	1
527	1
528	1
529	0
530	0
531	5
532	2
533	0
534	2
535	3
536	4
537	3
538	1
539	0
540	2
541	1
542	4
543	0
544	1
545	0
546	1
547	0
548	0
549	2
550	7
551	0
552	8
553	1
554	1
555	0
556	6
557	0
558	0
559	6
560	0
561	0
562	0
563	0
564	0
565	2
566	4
567	0
568	1
569	0
570	5
571	1
572	0
573	3
574	2
575	6
576	9
577	1
578	3
579	1
580	0
581	1
582	0
583	6
584	0
585	0
586	4
587	0
588	2
589	1
590	1
591	2
592	1
593	2
594	0
595	1,5
596	0
597	1
598	2
599	1
600	1
601	3
602	0
603	7
604	2
605	4
606	0
607	2
608	3
609	1
610	1
611	3
612	0
613	1
614	1
615	3
616	2
617	5,6
618	6
619	1
620	2
621	3
622	2
623	4
624	0
625	2
626	1
627	0
628	3
629	3
630	5
631	0
632	0
633	0
634	1
635	1
636	1
637	1
638	9
639	6
640	1
641	1
642	0
643	2
644	4
645	2
646	0
647	4
648	0
649	5
650	0
651	1
652	2
653	0
654	1
655	0
656	7
657	1
658	0
659	0
660	0
661	2
662	0
663	2
664	7
665	1
666	2
667	1
668	0
669	0
670	3
671	5
672	2
673	0
674	6
675	0
676	1
677	5
678	3
679	1
680	3
681	0
682	0
683	0
684	0
685	1
686	2
687	3
688	2
689	0
690	0
691	5
692	2
693	2
694	0
695	5,6
696	0
697	2
698	3
699	3
700	1,8
701	0
702	0
703	4
704	4
705	1
706	6
707	2
708	7
709	1
710	1
711	0
712	0
713	4
714	1
715	1
716	0,5,8
717	0
718	4
719	2
720	1
721	3
722	1
723	1
724	3
725	6
726	0
727	5
728	0
729	4
730	1
731	1
732	1
733	1
734	5
735	1
736	0
737	1
738	2
739	0
740	0
741	9
742	3
743	0
744	7
745	1,5
746	0
747	0
748	2
749	4
750	1
751	1,4
752	0
753	2
754	0
755	4
756	0
757	2
758	3
759	2
760	2
761	0
762	6
763	0
764	0
765	0
766	2
767	3
768	3
769	2
770	0
771	6
772	0
773	1
774	4
775	0
776	1
777	0
778	0
779	1
780	4
781	5
782	3,6,8,9
783	2
784	1
785	1
786	2
787	7
788	5
789	5
790	5
791	0
792	0
793	3
794	1
795	1
796	3
797	0
798	1
799	0
800	2
801	2
802	1
803	5
804	3
805	9
806	6
807	0
808	4
809	0
810	0
811	2
812	4
813	3
814	0
815	2
816	3
817	2
818	0
819	2
820	2
821	0
822	1
823	1
824	0
825	2,3
826	0
827	2,9
828	0
829	2
830	1
831	1
832	6
833	0
834	1
835	1
836	3
837	2
838	1
839	0
840	3
841	0
842	0
843	0
844	6
845	1
846	4
847	0
848	0
849	0
850	1
851	0
852	2
853	0
854	0
855	3
856	1
857	3,7
858	3
859	0
860	3
861	2
862	0
863	2
864	0
865	0
866	2
867	1
868	6
869	3
870	0
871	0
872	1
873	2
874	0
875	2
876	0
877	0
878	1
879	2
880	6
881	1
882	2
883	1
884	0
885	5
886	0
887	1
888	1
889	3
890	1
891	2
892	0
893	0
894	2
895	1,5
896	1
897	0
898	1
899	1
900	0
901	0
902	1
903	1
904	1
905	1
906	0
907	3
908	3
909	1
910	1
911	4
912	3
913	0
914	2
915	0
916	4
917	0
918	1
919	5
920	4
921	0,2
922	0
923	0
924	2
925	1
926	1
927	3
928	5
929	4
930	0
931	2
932	3
933	5
934	2
935	1
936	6
937	2
938	2
939	1
940	0
941	3,4
942	0
943	0
944	1
945	0
946	0
947	2
948	1
949	0
950	0
951	0
952	5
953	0
954	1
955	1
956	0
957	0
958	7
959	4
960	7
961	4
962	0
963	4
964	6
965	6
966	6
967	6
968	0
969	0
970	1
971	4
972	4,5
973	1
974	2
975	0
976	0
977	0
978	2
979	1
980	6
981	2
982	1
983	0
984	0
985	0
986	3
987	1
988	6
989	3,7,9
990	1
991	5
992	2
993	2
994	5,6,7,8,9
995	4
996	4,9
997	1,6,8
998	0
999	0
1000	0
1001	0
1002	0
1003	0
1004	0
1005	2
1006	2
1007	2
1008	2
1009	2
1010	6
1011	6
1012	6
1013	6
1014	6
1015	9
1016	9
1017	9
1018	9
1019	9
1020	8
1021	8
1022	8
1023	8
1024	8
