0	0
1	1
2	2
3	3
4	2,4
5	5,13
6	6,9
7	1,7
8	3,8,9,11,13
9	3,9
10	2,5,8,10,15
11	8,11,14
12	12
13	13,15
14	14
15	15
16	16
17	8
18	1
19	2,9,11
20	5,8
21	3
22	1
23	0,11,15,16
24	4
25	3,6,10,12
26	5
27	0,2
28	6,7,10
29	6,10
30	3
31	0
32	11
33	2
34	3,8
35	2
36	16
37	2
38	6
39	7
40	6
41	14
42	2
43	0
44	4
45	3,6
46	0
47	1
48	3
49	7
50	1,2
51	2
52	8
53	0
54	6
55	1
56	0,10
57	5
58	1,16
59	2,15
60	3
61	3
62	0
63	1
64	6,10
65	3
66	5
67	1
68	13
69	13
70	5
71	3
72	2
73	1
74	0
75	5
76	2
77	0
78	2,5,16
79	1
80	2,6
81	3
82	2
83	9
84	16
85	2
86	0
87	3
88	0,3
89	0
90	3
91	11
92	2
93	1
94	2
95	3
96	11
97	1
98	2,9,11
99	12
100	1
101	3
102	4
103	3
104	3
105	5
106	10
107	7
108	3
109	2
110	1
111	5
112	4,5
113	11,12
114	0
115	7
116	1
117	1
118	0
119	2
120	0
121	4,13
122	1
123	1
124	1
125	3
126	0
127	1
128	0
129	5,8
130	0
131	3
132	6
133	2
134	5,8
135	13,15
136	3,6
137	3
138	0
139	2
140	3
141	1
142	8
143	0
144	0
145	4,8,11,12
146	7
147	6
148	2
149	4,11
150	1
151	10
152	0
153	7
154	2
155	2
156	11
157	5
158	2
159	14,15
160	0
161	8
162	1
163	1
164	3
165	2
166	0
167	1
168	7
169	4
170	3
171	16
172	2
173	9
174	2
175	4
176	5
177	10
178	8
179	3,12
180	3
181	8
182	14
183	2
184	5
185	0
186	0
187	5
188	2
189	10
190	1
191	3
192	6,7
193	4
194	9
195	2
196	2
197	0
198	10
199	0
200	1
201	3
202	0
203	5
204	14
205	6
206	8
207	2
208	10
209	2
210	2
211	8
212	1
213	2
214	11
215	3
216	2
217	0
218	3
219	7
220	6
221	13
222	2
223	10
224	14
225	0
226	3
227	1
228	2
229	0
230	1
231	5
232	4,8
233	1
234	2
235	8
236	0
237	3
238	4
239	1
240	0
241	3
242	2
243	4
244	0
245	3,9,13
246	1
247	0
248	2
249	3
250	5
251	2,13
252	3,15
253	3
254	0
255	1
256	0
257	3
258	2
259	1
260	0
261	0
262	2
263	0
264	0
265	3
266	2
267	0
268	0
269	0
270	5
271	4
272	7
273	3
274	5
275	4
276	2,5
277	8
278	1
279	1
280	1
281	4
282	6
283	2
284	3
285	16
286	0
287	9
288	4,6
289	3
290	2
291	2
292	3
293	13
294	3
295	1
296	0
297	10
298	0
299	1
300	6
301	0,14
302	1
303	3
304	2
305	2
306	1
307	8
308	1
309	12
310	7,9
311	1
312	0
313	5
314	1
315	0
316	0
317	1
318	3
319	2
320	3
321	0
322	4
323	2
324	4
325	5
326	3
327	3
328	3
329	6
330	6
331	0
332	2
333	0,9
334	0
335	4
336	1
337	0
338	2
339	1
340	6,7,10,13
341	10
342	2
343	3
344	11
345	6
346	4
347	7
348	4
349	4
350	1
351	3
352	1
353	2
354	5
355	8
356	3
357	13
358	9
359	1
360	0
361	1
362	0
363	9
364	1
365	3,5
366	4
367	9
368	1
369	7
370	4
371	7
372	4
373	12
374	2
375	12
376	0
377	2
378	0
379	0
380	1
381	6
382	3
383	4
384	2
385	5
386	6
387	0
388	1
389	5
390	0
391	6
392	0
393	0
394	5
395	0
396	0,9
397	2
398	0
399	2
400	7
401	1
402	2
403	5
404	4
405	1
406	6
407	5
408	0
409	3
410	0
411	7
412	2
413	6
414	1
415	3
416	2
417	1
418	3
419	0
420	2
421	0
422	6
423	0
424	2
425	0
426	4
427	8
428	14
429	4
430	2,8
431	8
432	0
433	8
434	0
435	6
436	1
437	5
438	4
439	5
440	4
441	1
442	0
443	7,16
444	5
445	0
446	6
447	1
448	1
449	3
450	1
451	0
452	5
453	0
454	0
455	2
456	6
457	0
458	13
459	8
460	0
461	0
462	9,14
463	0
464	2
465	5
466	2
467	9
468	6
469	2
470	1
471	2
472	12
473	1
474	1
475	3
476	6
477	1
478	4
479	1
480	4
481	2
482	3
483	2
484	6
485	1
486	6
487	4
488	3
489	0
490	5
491	0
492	4
493	5
494	5
495	10
496	2
497	1
498	0
499	2
500	5
501	0
502	4
503	1
504	3
505	0
506	7
507	1
508	1
509	0
510	1
511	7
512	0
513	0
514	2
515	1
516	1
517	4
518	11,13
519	1
520	10
521	0
522	10
523	0
524	12
525	3
526	0
527	2
528	8
529	1
530	1
531	5
532	0
533	11
534	4
535	6,8
536	8
537	5
538	0
539	1
540	0
541	6,8
542	5
543	2
544	1
545	8
546	8
547	6
548	1
549	0
550	2
551	4
552	4
553	1
554	0
555	12
556	3
557	8
558	4
559	0
560	1
561	9
562	0
563	0
564	1
565	0
566	6
567	2
568	1
569	0
570	6
571	2
572	13
573	12
574	2
575	4
576	0
577	4
578	2
579	2
580	0
581	11
582	0
583	0
584	4
585	4
586	2
587	4
588	1
589	0
590	2
591	3
592	0
593	0
594	0
595	3
596	1
597	15
598	4
599	0
600	2
601	6
602	3
603	9
604	1
605	1
606	2
607	1
608	6
609	10
610	2
611	0
612	2
613	1
614	6
615	1
616	7
617	5
618	0
619	9
620	7
621	7,15
622	9
623	0
624	9
625	0
626	9
627	3
628	11
629	7
630	1
631	1
632	2
633	6
634	5
635	1
636	11
637	3
638	1
639	11
640	0
641	7
642	0
643	0
644	1
645	5
646	1
647	15
648	0
649	5
650	0
651	0
652	0
653	0
654	1
655	0
656	4
657	0
658	6
659	3
660	3,4
661	0
662	4
663	4
664	5
665	4
666	4
667	0
668	8
669	1
670	6
671	0
672	3
673	2
674	5
675	3
676	1
677	1
678	5
679	0
680	1
681	1
682	2
683	5
684	1
685	0
686	0
687	3
688	4
689	11
690	0
691	0
692	7
693	5
694	6
695	6
696	7
697	1
698	1
699	3
700	1
701	0
702	11
703	7
704	4
705	3
706	1
707	1
708	9
709	0
710	0
711	6
712	2
713	2
714	3
715	2
716	1
717	5
718	1
719	13
720	1
721	0
722	3
723	0
724	2
725	3
726	0
727	0
728	3
729	4
730	4
731	4
732	7
733	4
734	1
735	0
736	0
737	0
738	0
739	1
740	0
741	10
742	4,8
743	6
744	4
745	13
746	10
747	3
748	1
749	4
750	0
751	8
752	0
753	1
754	2
755	7
756	1
757	2
758	1
759	4
760	2
761	6
762	0
763	3
764	7
765	2
766	0
767	2
768	8
769	16
770	0
771	1
772	6
773	11
774	0
775	11
776	0
777	1
778	4
779	2
780	1
781	9
782	3
783	8
784	3
785	2
786	2
787	5
788	2
789	12
790	0
791	5
792	5
793	2
794	10,11,14
795	1
796	0
797	12
798	9
799	9
800	4
801	4
802	0
803	4
804	2
805	8
806	2
807	6,16
808	0
809	5
810	4
811	1
812	0
813	12
814	0
815	1
816	0
817	3
818	0
819	0
820	0
821	0
822	6
823	7,10
824	5
825	13
826	1
827	0
828	2
829	4
830	13
831	1
832	15
833	10
834	1
835	0
836	2
837	5
838	2
839	3
840	10
841	1
842	6
843	2
844	3
845	0
846	5
847	6
848	0
849	1
850	7
851	1
852	4
853	2
854	1
855	11
856	5
857	5
858	6
859	5
860	0
861	1
862	0
863	5
864	4
865	3
866	1
867	1
868	3
869	1
870	5
871	6
872	0
873	5
874	7
875	0
876	12
877	10
878	0
879	2
880	4
881	4
882	11
883	12
884	8
885	2
886	0
887	0
888	1
889	2
890	2
891	8
892	0
893	4,6
894	1
895	0
896	4
897	9
898	1
899	1
900	13
901	6
902	12,15
903	3
904	8
905	5
906	1
907	4
908	5
909	1
910	9
911	6
912	3
913	0
914	12
915	6
916	0,3,5,8,13,15,16
917	3
918	0
919	9,12
920	5
921	1
922	10
923	1
924	0
925	1
926	2
927	10
928	10
929	1
930	0
931	6
932	2
933	1
934	6
935	0
936	0
937	2
938	5
939	2
940	6
941	0
942	2
943	3
944	1
945	7
946	1
947	0
948	3
949	2
950	2
951	5
952	2
953	5
954	1
955	1
956	4
957	1
958	4
959	5
960	2
961	6
962	7
963	0
964	1
965	5
966	1
967	8
968	3
969	6
970	0
971	5
972	2
973	7,15
974	1
975	5
976	2
977	4
978	10
979	0
980	10
981	6
982	4
983	4
984	3
985	6
986	2
987	3
988	6,11,14
989	1
990	1
991	2
992	6
993	0
994	3,4,10,15
995	4,8
996	0
997	0
998	1
999	0
1000	3
1001	5
1002	5
1003	1
1004	1
1005	8
1006	8
1007	6
1008	6
1009	6
1010	2
1011	2
1012	2
1013	12
1014	12
1015	12
1016	4
1017	4
1018	4
