ATT0(float,1);ATT1(float,10);ATT2(string,10);
0.267;0.629,0.119,0.729,0.524,0.599,0.919,0.993,0.641,0.508,0.615;aaaaaaaa;
0.14;0.853,0.346,0.908,0.795,0.324,0.662,0.405,0.509,0.948,0.503;aaa;
0.89;0.814,0.22,0.931,0.0497,0.355,0.88,0.774,0.262,0.629,0.493;aaaaa;
0.56;0.519,0.378,0.187,0.286,0.186,0.243,0.537,0.0163,0.828,0.944;aaaaaaaaa;
0.397;0.792,0.298,0.564,0.938,0.489,0.568,0.99,0.0114,0.776,0.899;aa;
0.713;0.473,0.0825,0.493,0.902,0.278,0.019,0.248,0.281,0.626,0.545;aa;
0.396;0.115,0.926,0.393,0.0868,0.595,0.86,0.107,0.278,0.0249,0.334;aaaaaa;
0.515;0.988,0.623,0.471,0.345,0.0917,0.882,0.833,0.594,0.312,0.339;a;
0.616;0.0332,0.179,0.309,0.964,0.471,0.731,0.131,0.0176,0.711,0.763;aaaaa;
0.121;0.254,0.552,0.771,0.925,0.772,0.144,0.691,0.206,0.937,0.239;aaaaaaaa;
0.102;0.408,0.466,0.745,0.999,0.377,0.533,0.633,0.241,0.173,0.315;aa;
0.123;0.995,0.733,0.298,0.286,0.678,0.348,0.598,0.507,0.067,0.302;aa;
0.664;0.475,0.75,0.129,0.965,0.266,0.81,0.136,0.839,0.255,0.492;aaaaaaa;
0.301;0.561,0.117,0.227,0.342,0.191,0.449,0.6,0.167,0.74,0.84;aaaaaaaa;
0.571;0.385,0.677,0.276,0.577,0.924,0.0893,0.746,0.236,0.428,0.256;aaaaaaa;
0.959;0.639,0.896,0.399,0.247,0.928,0.0469,0.359,0.642,0.752,0.029;aaaaaaa;
0.353;0.351,0.485,0.000868,0.401,0.18,0.599,0.92,0.0578,0.708,0.813;aaaaa;
0.658;0.382,0.27,0.0259,0.196,0.557,0.267,0.728,0.88,0.75,0.263;aaaaaaaaa;
0.995;0.786,0.527,0.588,0.605,0.325,0.0619,0.819,0.395,0.0163,0.249;a;
0.182;0.308,0.521,0.856,0.985,0.862,0.802,0.103,0.0494,0.414,0.931;aaaaaaaaaa;
0.0136;0.846,0.182,0.644,0.974,0.226,0.339,0.577,0.0791,0.195,0.334;aaaaaaaaaa;
0.692;0.892,0.697,0.406,0.884,0.246,0.377,0.33,0.401,0.531,0.675;aaaaaaaaa;
0.69;0.665,0.465,0.465,0.725,0.818,0.583,0.469,0.67,0.938,0.396;aaaaaaaa;
0.502;0.758,0.742,0.652,0.8,0.0479,0.618,0.0561,0.319,0.754,0.998;aaaaaaaaa;
0.959;0.222,0.244,0.484,0.955,0.984,0.395,0.124,0.814,0.491,0.938;aaaaaaa;
0.612;0.673,0.572,0.236,0.773,0.251,0.255,0.649,0.697,0.768,0.00555;aaaaaaaa;
0.648;0.836,0.0322,0.377,0.483,0.0765,0.582,0.0348,0.53,0.359,0.283;aaaaaaaaaa;
0.829;0.476,0.477,0.959,0.623,0.631,0.846,0.317,0.298,0.393,0.321;aaa;
0.644;0.737,0.336,0.309,0.888,0.259,0.322,0.751,0.443,0.782,0.274;aaaaa;
0.948;0.603,0.124,0.938,0.755,0.578,0.134,0.852,0.985,0.11,0.682;aaa;
0.682;0.885,0.623,0.208,0.754,0.85,0.605,0.441,0.563,0.271,0.715;aaaaa;
0.26;0.758,0.0826,0.737,0.451,0.569,0.508,0.559,0.0879,0.148,0.804;aa;
0.00858;0.885,0.848,0.0897,0.987,0.816,0.00872,0.0562,0.12,0.622,0.142;aaaaaaaa;
0.117;0.0422,0.574,0.929,0.388,0.156,0.263,0.391,0.0637,0.954,0.75;aa;
0.732;0.697,0.389,0.807,0.585,0.823,0.698,0.644,0.368,0.958,0.642;aaa;
0.629;0.929,0.879,0.741,0.815,6.85e-06,0.853,0.317,0.51,0.507,0.178;aaaaa;
0.0213;0.905,0.434,0.0685,0.892,0.00906,0.402,0.425,0.919,0.506,0.147;aaaaaa;
0.142;0.892,0.173,0.918,0.871,0.315,0.145,0.884,0.452,0.889,0.115;aaa;
0.553;0.0837,0.434,0.349,0.0875,0.474,0.16,0.386,0.838,0.49,0.52;aaaaaaa;
0.336;0.0592,0.864,0.728,0.324,0.492,0.884,0.775,0.793,0.433,0.841;aaaaa;
0.317;0.488,0.456,0.461,0.37,0.343,0.125,0.817,0.192,0.788,0.34;aaaaaaaaaa;
0.0626;0.189,0.188,0.481,0.788,0.101,0.807,0.932,0.387,0.732,0.353;aaaaaaaa;
0.732;0.331,0.707,0.207,0.725,0.99,0.173,0.76,0.266,0.819,0.738;aaaaaaaaa;
0.296;0.641,0.954,0.317,0.513,0.935,0.11,0.757,0.075,0.848,0.254;a;
0.43;0.674,0.269,0.642,0.9,0.109,0.641,0.499,0.979,0.802,0.129;aaaa;
0.261;0.15,0.567,0.945,0.397,0.024,0.182,0.994,0.568,0.469,0.215;aaa;
0.917;0.612,0.393,0.982,0.819,0.00233,0.501,0.549,0.248,0.409,0.00791;aaaaaaaaa;
0.933;0.396,0.529,0.79,0.999,0.522,0.467,0.000807,0.413,0.729,0.082;aaaaaa;
0.303;0.35,0.909,0.48,0.647,0.11,0.364,0.298,0.271,0.862,0.3;a;
0.304;0.0903,0.644,0.157,0.958,0.671,0.692,0.159,0.156,0.405,0.177;aa;
0.988;0.391,0.196,0.661,0.731,0.926,0.91,0.284,0.397,0.026,0.832;aaaaaaaaa;
0.758;0.856,0.819,0.814,0.646,0.804,0.856,0.325,0.817,0.00481,0.0106;aaa;
0.378;0.967,0.129,0.75,0.607,0.791,0.362,0.156,0.722,0.705,0.396;aa;
0.553;0.894,0.45,0.577,0.932,0.671,0.663,0.28,0.983,0.272,0.397;aaaaaaaa;
0.898;0.173,0.198,0.105,0.396,0.287,0.0663,0.362,0.84,0.856,0.863;aa;
0.454;0.855,0.439,0.637,0.203,0.102,0.169,0.627,0.956,0.664,0.654;aaa;
0.154;0.677,0.0582,0.171,0.225,0.0817,0.0313,0.659,0.519,0.67,0.707;aaaaaaaaa;
0.638;0.322,0.261,0.989,0.893,0.523,0.163,0.193,0.15,0.734,0.4;aaaaaaaaaa;
0.67;0.605,0.759,0.534,0.52,0.716,0.251,0.809,0.859,0.994,0.583;aaaaaaaaa;
0.145;0.552,0.605,0.216,0.995,0.541,0.132,0.201,0.346,0.322,0.447;aaaaa;
0.0849;0.0902,0.823,0.0462,0.585,0.215,0.316,0.496,0.44,0.588,0.927;aa;
0.522;0.126,0.831,0.358,0.205,0.0831,0.658,0.128,0.416,0.011,0.237;aaaaaaa;
0.756;0.511,0.0422,0.722,0.777,0.195,0.866,0.522,0.59,0.117,0.341;aaaaaaaa;
0.141;0.83,0.245,0.828,0.649,0.713,0.831,0.211,0.574,0.59,0.0254;aaaaaa;
0.222;0.276,0.455,0.959,0.811,0.631,0.887,0.885,0.784,0.51,0.601;aaaaaaaa;
0.433;0.318,0.374,0.845,0.822,0.418,0.755,0.598,0.216,0.414,0.269;aaaaaa;
0.977;0.353,0.0764,0.936,0.307,0.846,0.907,0.234,0.828,0.369,0.362;aaaaaaaa;
0.821;0.949,0.355,0.267,0.00307,0.276,0.432,0.331,0.192,0.348,0.832;aaaaaaaa;
0.0678;0.0325,0.843,0.36,0.245,0.885,0.981,0.307,0.852,0.779,0.572;a;
0.753;0.0884,0.845,0.0917,0.336,0.00937,0.0111,0.713,0.302,0.974,0.328;aaaaaa;
0.0829;0.995,0.287,0.976,0.0732,0.548,0.541,0.0632,0.0454,0.185,0.59;aaaa;
0.349;0.475,0.631,0.91,0.43,0.477,0.566,0.204,0.486,0.39,0.204;aaaa;
0.857;0.174,0.83,0.954,0.893,0.358,0.336,0.765,0.0115,0.0266,0.027;aaaaaa;
0.108;0.34,0.236,0.95,0.469,0.253,0.292,0.563,0.78,0.019,0.726;aaaaaaaa;
0.614;0.598,0.229,0.886,0.225,0.52,0.642,0.391,0.816,0.604,0.258;aaaaa;
0.189;0.143,0.598,0.354,0.373,0.134,0.452,0.299,0.858,0.869,0.0681;aaaaaaaa;
0.409;0.744,0.673,0.626,0.669,0.492,0.396,0.745,0.944,0.496,0.126;aaaaaaaa;
0.951;0.452,0.188,0.0371,0.0568,0.381,0.0822,0.00862,0.109,0.414,0.499;aaaaaa;
0.279;0.752,0.062,0.421,0.0906,0.0312,0.989,0.473,0.792,0.878,0.592;aaaaaaaaa;
0.644;0.875,0.556,0.0561,0.232,0.43,0.469,0.698,0.378,0.149,0.0103;aaaa;
0.0586;0.434,0.815,0.318,0.357,0.537,0.472,0.121,0.466,0.323,0.145;aaaaaa;
0.0115;0.859,0.346,0.787,0.292,0.683,0.0101,0.233,0.939,0.806,0.426;aaaaa;
0.535;0.615,0.876,0.535,0.13,0.208,0.744,0.957,0.784,0.567,0.299;aaaaaaaaaa;
0.783;0.374,0.366,0.531,0.0491,0.457,0.189,0.949,0.43,0.625,0.564;aaa;
0.915;0.368,0.452,0.252,0.707,0.757,0.591,0.209,0.599,0.0981,0.375;aaaaa;
0.674;0.769,0.675,0.597,0.952,0.429,0.214,0.206,0.198,0.832,0.157;aaaa;
0.538;0.316,0.807,0.761,0.282,0.977,0.66,0.00818,0.543,0.281,0.443;aaaaaaaa;
0.943;0.365,0.855,0.0209,0.614,0.261,0.444,0.259,0.754,0.394,0.821;a;
0.188;0.123,0.191,0.881,0.292,0.489,0.948,0.849,0.947,0.00555,0.0478;aaa;
0.105;0.236,0.521,0.262,0.102,0.757,0.866,0.227,0.805,0.566,0.03;aaaaaaaaaa;
0.178;0.567,0.921,0.752,0.49,0.143,0.841,0.672,0.374,0.822,0.306;aaaaaaa;
0.337;0.911,0.727,0.573,0.977,0.456,0.52,0.117,0.561,0.202,0.857;aaaa;
0.997;0.727,0.0573,0.812,0.0514,0.527,0.493,0.959,0.42,0.83,0.312;aaaaaaaa;
0.0925;0.873,0.64,0.112,0.00587,0.825,0.0116,0.168,0.509,0.581,0.85;aaaaaaaaaa;
0.299;0.13,0.423,0.334,0.593,0.0272,0.0473,0.482,0.0806,0.832,0.223;aaaa;
0.00761;0.31,0.908,0.0177,0.112,0.801,0.988,0.233,0.784,0.704,0.414;aa;
0.958;0.119,0.822,0.598,0.62,0.891,0.887,0.504,0.58,0.015,0.452;aaaaa;
0.854;0.365,0.0938,0.75,0.744,0.38,0.147,0.0977,0.342,0.0781,0.91;aaaaa;
0.689;0.81,0.493,0.0927,0.789,0.853,0.294,0.941,0.0975,0.513,0.993;aaaaaaa;
0.855;0.364,0.0428,0.918,0.102,0.178,0.84,0.661,0.753,0.381,0.887;aa;
0.366;0.728,0.618,0.407,0.36,0.761,0.994,0.638,0.426,0.918,0.872;aaaaaaaaaa;
0.0434;0.428,0.598,0.505,0.31,0.856,0.311,0.877,0.457,0.386,0.844;a;
0.599;0.149,0.932,0.357,0.803,0.411,0.133,0.725,0.012,0.461,0.9;aaaaaaaaaa;
0.235;0.3,0.461,0.25,0.332,0.449,0.658,0.0188,0.376,0.44,0.822;aaaa;
0.355;0.129,0.779,0.505,0.455,0.219,0.509,0.56,0.545,0.0309,0.988;a;
0.466;0.724,0.212,0.502,0.548,0.701,0.645,0.843,0.484,0.645,0.93;aaaaaaaaa;
0.912;0.653,0.904,0.463,0.522,0.0783,0.876,0.481,0.2,0.861,0.239;aaaaaa;
0.611;0.391,0.975,0.754,0.743,0.777,0.0502,0.141,0.98,0.924,0.0934;aaaaaaa;
0.107;0.737,0.233,0.097,0.212,0.321,0.278,0.87,0.808,0.561,0.276;aaaaaa;
0.819;0.524,0.0688,0.963,0.313,0.768,0.166,0.269,0.0763,0.899,0.992;aaaaaa;
0.967;0.214,0.373,0.605,0.0991,0.663,0.478,0.67,0.742,0.229,0.0134;aaa;
0.372;0.44,0.0706,0.274,0.325,0.252,0.0475,0.764,0.92,0.0464,0.832;aaaa;
0.159;0.813,0.441,0.145,0.105,0.596,0.00597,0.999,0.587,0.896,0.319;aa;
0.646;0.383,0.811,0.144,0.706,0.385,0.974,0.184,0.485,0.929,0.519;aaaaa;
0.719;0.95,0.303,0.491,0.0558,0.765,0.154,0.068,0.292,0.642,0.848;aaaaa;
0.0404;0.302,0.748,0.369,0.152,0.537,0.696,0.676,0.988,0.134,0.437;a;
0.156;0.448,0.946,0.983,0.982,0.924,0.192,0.401,0.828,0.0104,0.702;aaaaaaaa;
0.912;0.987,0.992,0.214,0.346,0.79,0.794,0.516,0.78,0.249,0.00245;aaaa;
0.96;0.606,0.604,0.785,0.121,0.258,0.0401,0.0861,0.724,0.871,0.808;aaaaaaa;
0.0594;0.0673,0.921,0.496,0.865,0.0885,0.492,0.255,0.354,0.18,0.513;a;
0.476;0.798,0.612,0.224,0.177,0.516,0.894,0.277,0.837,0.0126,0.912;aaaaaa;
0.0239;0.881,0.263,0.139,0.55,0.421,0.806,0.171,0.833,0.452,0.414;aaaa;
0.71;0.694,0.602,0.602,0.118,0.575,0.138,0.696,0.355,0.683,0.699;aaaaaa;
0.618;0.558,0.245,0.207,0.644,0.142,0.452,0.805,0.361,0.373,0.56;aa;
0.41;0.237,0.277,0.289,0.578,0.802,0.213,0.717,0.333,0.207,0.352;aaaaa;
0.858;0.639,0.18,0.285,0.866,0.0478,0.85,0.298,0.966,0.437,0.492;aaaaaaa;
0.953;0.65,0.26,0.917,0.726,0.0285,0.645,0.546,0.229,0.0318,0.792;aa;
0.757;0.335,0.0618,0.861,0.467,0.902,0.927,0.547,0.978,0.456,0.641;a;
0.433;0.709,0.0594,0.987,0.378,0.375,0.934,0.354,0.571,0.844,0.907;aaaaaaa;
0.726;0.641,0.63,0.88,0.964,0.92,0.923,0.18,0.927,0.0932,0.646;aaaaaaaa;
0.835;0.83,0.832,0.783,0.722,0.54,0.433,0.44,0.287,0.542,0.744;aa;
0.0759;0.511,0.766,0.692,0.708,0.665,0.964,0.26,0.481,0.713,0.801;aaaaaaaaa;
0.514;0.684,0.402,0.5,0.03,0.229,0.85,0.954,0.94,0.367,0.257;aa;
0.775;0.0358,0.68,0.506,0.0462,0.219,0.449,0.191,0.454,0.65,0.958;aaaaaaa;
0.177;0.886,0.847,0.817,0.303,0.874,0.874,0.599,0.538,0.929,0.0613;aaaaaaaaa;
0.2;0.101,0.971,0.479,0.462,0.892,0.576,0.708,0.243,0.623,0.433;aaaaaaa;
0.573;0.987,0.633,0.357,0.148,0.77,0.95,0.531,0.0104,0.484,0.741;aa;
0.139;0.818,0.543,0.584,0.611,0.344,0.0426,0.881,0.226,0.641,0.675;aaa;
0.244;0.215,0.744,0.258,0.799,0.101,0.521,0.632,0.889,0.355,0.218;aaaaaaaaaa;
0.664;0.761,0.205,0.342,0.809,0.934,0.231,0.485,0.537,0.00789,0.201;aaaaaaaa;
0.412;0.207,0.121,0.367,0.12,0.704,0.218,0.999,0.0748,0.297,0.922;aaaaaaa;
0.715;0.602,0.432,0.391,0.62,0.906,0.719,0.236,0.203,0.347,0.168;aaaaaaaaa;
0.562;0.221,0.951,0.0448,0.839,0.353,0.986,0.106,0.375,0.376,0.383;aaa;
0.242;0.511,0.244,0.829,0.583,0.748,0.584,0.41,0.927,0.0263,0.818;aaaaa;
0.631;0.162,0.177,0.785,0.739,0.787,0.00079,0.669,0.985,0.755,0.763;aa;
0.633;0.553,0.433,0.969,0.869,0.408,0.197,0.716,0.649,0.902,0.457;a;
0.493;0.829,0.574,0.185,0.109,0.822,0.137,0.923,0.515,0.477,0.532;a;
0.758;0.813,0.672,0.901,0.636,0.748,0.502,0.569,0.326,0.348,0.628;aaaaaaaaa;
0.945;0.295,0.577,0.876,0.909,0.894,0.22,0.665,0.392,0.0209,0.646;aaaaaaaa;
0.281;0.575,0.448,0.104,0.808,0.0665,0.293,0.116,0.638,0.946,0.687;aaaaaaaa;
0.339;0.516,0.34,0.413,0.847,0.363,0.604,0.308,0.00115,0.672,0.82;a;
0.287;0.169,0.641,0.339,0.476,0.282,0.806,0.484,0.0688,0.791,0.147;aaaaaa;
0.25;0.713,0.237,0.159,0.854,0.639,0.0965,0.0514,0.921,0.268,0.33;aaaaa;
0.387;0.348,0.925,0.883,0.668,0.0149,0.551,0.667,0.412,0.3,0.762;aaaaaaaa;
0.331;0.193,0.297,0.476,0.479,0.193,0.088,0.853,0.195,0.416,0.674;aaaaaaaa;
0.237;0.911,0.688,0.159,0.704,0.811,0.998,0.621,0.629,0.426,0.229;aaaaaa;
0.619;0.773,0.346,0.332,0.0393,0.791,0.045,0.224,0.634,0.535,0.492;aaaa;
0.59;0.678,0.585,0.356,0.00831,0.751,0.592,0.565,0.483,0.535,0.597;aaaaa;
0.0262;0.101,0.807,0.3,0.451,0.921,0.287,0.888,0.0244,0.295,0.289;aaaa;
0.279;0.246,0.0797,0.144,0.459,0.0412,0.566,0.521,0.67,0.273,0.824;aaaaaaaa;
0.724;0.205,0.905,0.824,0.478,0.453,0.22,0.174,0.671,0.761,0.181;a;
0.496;0.0699,0.737,0.0169,0.454,0.0597,0.493,0.56,0.658,0.639,0.133;aaa;
0.75;0.628,0.744,0.389,0.621,0.608,0.625,0.985,0.276,0.949,0.321;aaaaaaaaa;
0.569;0.958,0.101,0.665,0.217,0.485,0.178,0.934,0.834,0.15,0.258;aaaaaaa;
0.84;0.46,0.394,0.547,0.988,0.922,0.425,0.836,0.215,0.157,0.746;aaaaaaaa;
0.343;0.393,0.944,0.843,0.924,0.59,0.698,0.225,0.0649,0.391,0.13;aaaa;
0.926;0.721,0.288,0.0129,0.11,0.468,0.689,0.115,0.736,0.912,0.419;aaaaaaaaa;
0.159;0.0183,0.538,0.672,0.771,0.893,0.778,0.504,0.352,0.674,0.166;a;
0.223;0.536,0.283,0.634,0.177,0.0308,0.4,0.433,0.11,0.119,0.366;aaaaaa;
0.683;0.372,0.00284,0.356,0.64,0.985,0.628,0.651,0.218,0.446,0.784;aaaaa;
0.0583;0.0564,0.00694,0.94,0.649,0.618,0.774,0.487,0.00451,0.191,0.126;aaaaaa;
0.824;0.0818,0.129,0.952,0.643,0.744,0.607,0.915,0.58,0.669,0.702;aaa;
0.524;0.994,0.0457,0.366,0.825,0.738,0.137,0.954,0.633,0.466,0.968;a;
0.724;0.632,0.598,0.294,0.441,0.954,0.334,0.0427,0.657,0.722,0.711;aaa;
0.596;0.934,0.177,0.695,0.445,0.818,0.668,0.119,0.787,0.368,0.322;aa;
0.263;0.924,0.115,0.809,0.497,0.906,0.61,0.683,0.595,0.399,0.188;aaaaaaaa;
0.45;0.598,0.422,0.473,0.676,0.137,0.218,0.951,0.918,0.849,0.654;aaaaaaaaa;
0.11;0.205,0.969,0.802,0.941,0.999,0.893,0.0351,0.927,0.484,0.258;aaaaaaa;
0.97;0.64,0.342,0.449,0.0897,0.374,0.0604,0.495,0.765,0.383,0.0186;aaa;
0.457;0.304,0.496,0.366,0.375,0.165,0.862,0.612,0.185,0.605,0.609;aaa;
0.331;0.54,0.861,0.651,0.698,0.274,0.259,0.461,0.464,0.103,0.631;a;
0.917;0.676,0.48,0.941,0.367,0.0918,0.825,0.985,0.0933,0.37,0.186;aaaaaa;
0.411;0.516,0.26,0.69,0.596,0.786,0.969,0.542,0.0925,0.775,0.701;aaaa;
0.208;0.937,0.626,0.541,0.669,0.113,0.349,0.99,0.783,0.116,0.013;a;
0.0342;0.148,0.238,0.0781,0.0764,0.761,0.579,0.838,0.361,0.454,0.542;aaaaaa;
0.0979;0.824,0.514,0.685,0.6,0.855,0.34,0.224,0.122,0.597,0.696;aaaaaaaaa;
0.651;0.674,0.668,0.332,0.291,0.555,0.923,0.598,0.777,0.409,0.64;aaaaaaa;
0.747;0.597,0.856,0.625,0.511,0.644,0.661,0.611,0.806,0.329,0.0476;aaaaaaaaaa;
0.607;0.892,0.601,0.518,0.195,0.828,0.844,0.064,0.328,0.0656,0.731;aaaaa;
0.984;0.298,0.543,0.744,0.17,0.767,0.241,0.995,0.726,0.907,0.435;aa;
0.894;0.253,0.983,0.794,0.552,0.814,0.81,0.341,0.0101,0.776,0.522;aaaa;
0.259;0.678,0.743,0.727,0.282,0.973,0.121,0.328,0.266,0.557,0.708;aaa;
0.327;0.506,0.435,0.54,0.642,0.337,0.892,0.411,0.98,0.813,0.174;aaaaaaaaaa;
0.22;0.924,0.439,0.682,0.0841,0.393,0.192,0.45,0.357,0.411,0.546;aaaaaaaaaa;
0.778;0.63,0.998,0.507,0.755,0.435,0.242,0.334,0.377,0.279,0.0768;aaaaaaaaaa;
0.244;0.832,0.239,0.11,0.385,0.411,0.518,0.357,0.984,0.0624,0.482;aaaaaa;
0.691;0.0113,0.493,0.208,0.383,0.338,0.876,0.0334,0.899,0.157,0.204;a;
0.171;0.114,0.752,0.991,0.537,0.473,0.136,0.474,0.904,0.984,0.0518;aa;
0.544;0.673,0.706,0.0634,0.114,0.629,0.778,0.994,0.824,0.202,0.471;aaaaaaa;
0.0585;0.483,0.609,0.229,0.752,0.183,0.799,0.403,0.778,0.492,0.813;aaaa;
0.896;0.086,0.749,0.546,0.35,0.00123,0.76,0.0382,0.395,0.55,0.327;aaaaaaaaa;
0.0953;0.995,0.648,0.263,0.635,0.292,0.439,0.996,0.197,0.184,0.45;aaaaaa;
0.255;0.126,0.0761,0.41,0.399,0.387,0.703,0.719,0.363,0.743,0.49;aaaaa;
0.876;0.191,0.858,0.0196,0.602,0.775,0.816,0.149,0.305,0.588,0.459;aaa;
0.82;0.0437,0.663,0.517,0.507,0.17,0.791,0.436,0.451,0.0382,0.293;aaa;
0.103;0.673,0.801,0.624,0.122,0.739,0.83,0.12,0.845,0.321,0.352;aa;
0.127;0.0605,0.599,0.533,0.944,0.696,0.341,0.0513,0.51,0.151,0.0156;aaaa;
0.488;0.888,0.00522,0.916,0.543,0.983,0.877,0.639,0.538,0.968,0.0615;aaaaaa;
0.203;0.106,0.153,0.21,0.0477,0.471,0.0705,0.392,0.69,0.413,0.708;aaaa;
0.506;0.751,0.128,0.455,0.0572,0.384,0.42,0.11,0.666,0.563,0.79;aaaa;
0.646;0.212,0.179,0.425,0.72,0.328,0.859,0.627,0.338,0.517,0.756;aaaaaa;
0.692;0.646,0.417,0.698,0.579,0.785,0.992,0.503,0.109,0.88,0.748;aaaaa;
0.962;0.283,0.462,0.335,0.294,0.0866,0.607,0.849,0.596,0.108,0.443;aaaaaaaaa;
0.293;0.736,0.455,0.897,0.239,0.43,0.163,0.751,0.573,0.81,0.997;aa;
0.379;0.342,0.428,0.518,0.688,0.817,0.876,0.605,0.307,0.253,0.317;aaa;
0.0936;0.563,0.979,0.848,0.136,0.245,0.0839,0.753,0.0396,0.0875,0.249;aaaaaaaaa;
0.913;0.114,0.742,0.563,0.577,0.376,0.997,0.0601,0.231,0.315,0.482;aaaaaa;
0.974;0.334,0.771,0.958,0.257,0.219,0.161,0.429,0.988,0.111,0.823;aaaa;
0.0983;0.864,0.136,0.721,0.69,0.904,0.925,0.677,0.595,0.397,0.74;aaaaaaaaa;
0.212;0.376,0.698,0.36,0.187,0.32,0.184,0.897,0.873,0.758,0.916;a;
0.184;0.581,0.356,0.0925,0.201,0.662,0.142,0.557,0.376,0.774,0.627;aaaaaaaa;
0.976;0.153,0.728,0.649,0.664,0.591,0.971,0.778,0.582,0.463,0.815;aaaaaa;
0.421;0.69,0.645,0.429,0.531,0.723,0.697,0.812,0.646,0.724,0.229;aaaaaa;
0.727;0.925,0.836,0.461,0.619,0.692,0.502,0.903,0.655,0.563,0.765;aaaa;
0.727;0.707,0.617,0.545,0.645,0.294,0.822,0.533,0.479,0.334,0.236;aaaaaaa;
0.282;0.615,0.574,0.0922,0.273,0.212,0.0404,0.861,0.931,0.617,0.32;aaaa;
0.0834;0.812,0.589,0.231,0.516,0.0156,0.611,0.448,0.557,0.706,0.844;aa;
0.392;0.304,0.243,0.832,0.814,0.0773,0.111,0.154,0.638,0.0838,0.224;aaaaaa;
0.237;0.94,0.511,0.761,0.593,0.174,0.471,0.096,0.755,0.774,0.21;aaa;
0.714;0.833,0.988,0.507,0.709,0.0792,0.595,0.908,0.392,0.344,0.905;a;
0.409;0.37,0.881,0.167,0.259,0.718,0.209,0.0457,0.38,0.269,0.742;a;
0.788;0.329,0.535,0.903,0.366,0.191,0.29,0.105,0.953,0.133,0.423;aaaaaaaaa;
0.0734;0.271,0.248,0.269,0.995,0.153,0.796,0.802,0.98,0.132,0.0985;aa;
0.564;0.836,0.661,0.0228,0.454,0.498,0.749,0.511,0.0964,0.1,0.577;aaa;
0.0143;0.576,0.47,0.932,0.105,0.596,0.849,0.775,0.18,0.225,0.152;aaaaaaaaaa;
0.626;0.369,0.934,0.506,0.0783,0.945,0.354,0.148,0.933,0.924,0.737;aaaaaaa;
0.792;0.932,0.349,0.0669,0.291,0.613,0.933,0.769,0.475,0.585,0.214;aaaaaaaaaa;
0.781;0.781,0.43,0.776,0.698,0.924,0.904,0.302,0.666,0.213,0.154;aaaaaaaaa;
0.455;0.0583,0.591,0.307,0.22,0.306,0.571,0.0561,0.882,0.34,0.0404;aa;
0.962;0.251,0.364,0.482,0.604,0.673,0.743,0.404,0.605,0.98,0.944;aa;
0.414;0.263,0.71,0.927,0.791,0.732,0.324,0.214,0.666,0.729,0.176;aaaaaaaaa;
0.194;0.577,0.117,0.254,0.926,0.821,0.764,0.35,0.946,0.87,0.784;aaaaaaaaa;
0.399;0.556,0.947,0.18,0.12,0.89,0.792,0.348,0.692,0.29,0.743;aaaa;
0.643;0.936,0.867,0.131,0.606,0.579,0.817,0.541,0.21,0.792,0.43;a;
0.0339;0.166,0.8,0.333,0.992,0.201,0.982,0.0643,0.749,0.697,0.0813;aaaaaa;
0.271;0.107,0.562,0.247,0.87,0.287,0.566,0.937,0.355,0.229,0.326;aa;
0.779;0.843,0.997,0.755,0.111,0.696,0.551,0.665,0.453,0.881,0.374;aaaaaaaaa;
0.978;0.521,0.172,0.623,0.672,0.136,0.416,0.707,0.0542,0.671,0.263;aaaa;
0.0292;0.121,0.176,0.0627,0.227,0.969,0.719,0.911,0.878,0.0978,0.593;aaaaaaa;
0.315;0.0502,0.376,0.374,0.643,0.171,0.641,0.909,0.643,0.926,0.655;a;
0.816;0.231,0.229,0.103,0.0317,0.7,0.676,0.0682,0.322,0.613,0.748;aaaaaa;
0.23;0.577,0.547,0.041,0.445,0.968,0.322,0.65,0.37,0.511,0.164;aaaaaaaa;
0.268;0.781,0.881,0.95,0.378,0.725,0.547,0.152,0.236,0.0345,0.887;aaa;
0.656;0.733,0.457,0.505,0.939,0.727,0.952,0.201,0.714,0.742,0.166;aaaaaaaaa;
0.299;0.111,0.79,0.151,0.505,0.83,0.788,0.863,0.0195,0.209,0.145;aaaaaa;
0.168;0.381,0.323,0.962,0.54,0.531,0.747,0.316,0.92,0.522,0.924;a;
0.26;0.758,0.465,0.28,0.66,0.436,0.183,0.901,0.384,0.086,0.964;aaaaa;
0.606;0.261,0.0768,0.0179,0.384,0.196,0.153,0.6,0.553,0.918,0.451;aaaaa;
0.951;0.238,0.48,0.857,0.402,0.541,0.601,0.956,0.836,0.558,0.145;aaaaa;
0.435;0.815,0.249,0.957,0.996,0.201,0.266,0.0204,0.0722,0.357,0.0932;aaaa;
0.887;0.0173,0.304,0.459,0.219,0.00754,0.423,0.507,0.139,0.68,0.197;aaaaaaaa;
0.177;0.244,0.716,0.683,0.81,0.85,0.289,0.906,0.644,0.127,0.0954;aaaaaa;
0.628;0.885,0.16,0.652,0.896,0.411,0.784,0.359,0.0171,0.848,0.838;a;
0.831;0.251,0.664,0.739,0.815,0.0999,0.974,0.728,0.855,0.23,0.603;aaaa;
0.205;0.584,0.866,0.753,0.168,0.96,0.619,0.188,0.224,0.17,0.101;a;
0.336;0.735,0.36,0.535,0.487,0.329,0.195,0.207,0.394,0.51,0.168;aaaaaaaaaa;
0.793;0.712,0.1,0.776,0.655,0.337,0.331,0.74,0.265,0.551,0.0829;aaaaa;
0.249;0.62,0.693,0.221,0.373,0.115,0.978,0.555,0.554,0.438,0.047;aaaaaaaa;
0.721;0.985,0.0852,0.557,0.622,0.38,0.346,0.0861,0.917,0.476,0.652;aaaaaaaaaa;
0.653;0.858,0.168,0.823,0.218,0.128,0.442,0.782,0.393,0.958,0.682;a;
0.106;0.14,0.183,0.784,0.922,0.758,0.935,0.929,0.98,0.94,0.856;aa;
0.509;0.597,0.668,0.527,0.685,0.853,0.351,0.116,0.981,0.58,0.549;a;
0.454;0.833,0.648,0.301,0.316,0.18,0.343,0.823,0.256,0.179,0.708;aaaaa;
0.668;0.454,0.995,0.95,0.726,0.254,0.15,0.39,0.845,0.229,0.774;aaa;
0.246;0.711,0.46,0.754,0.997,0.321,0.174,0.809,0.674,0.326,0.263;aaaa;
0.516;0.647,0.463,0.527,0.523,0.74,0.283,0.96,0.0864,0.563,0.521;aaa;
0.269;0.899,0.668,0.232,0.871,0.489,0.407,0.748,0.308,0.62,0.203;aa;
0.302;0.66,0.0703,0.65,0.593,0.139,0.898,0.778,0.297,0.972,0.55;aaaaaa;
0.267;0.564,0.397,0.087,0.93,0.492,0.946,0.279,0.158,0.752,0.198;aaaaa;
0.302;0.754,0.644,0.747,0.0964,0.0196,0.95,0.973,0.82,0.906,0.103;aaaaaa;
0.615;0.8,0.425,0.491,0.113,0.613,0.92,0.139,0.906,0.472,0.352;aaaaaaa;
0.533;0.431,0.706,0.674,0.659,0.563,0.361,0.353,0.368,0.469,0.77;aaa;
0.887;0.774,0.319,0.67,0.117,0.724,0.341,0.541,0.944,0.573,0.625;aaaaaaa;
0.831;0.263,0.675,0.383,0.512,0.164,0.869,0.458,0.776,0.311,0.205;aa;
0.212;0.668,0.385,0.909,0.0968,0.701,0.75,0.397,0.197,0.104,0.107;aaaaaaaaa;
0.343;0.235,0.121,0.758,0.637,0.629,0.722,0.628,0.6,0.966,0.737;aaaaaaaaaa;
0.977;0.188,0.138,0.213,0.95,0.693,0.219,0.991,0.475,0.276,0.503;aaaaaaaa;
0.596;0.495,0.963,0.15,0.535,0.64,0.373,0.865,0.119,0.986,0.933;aaaaaa;
0.000361;0.835,0.519,0.486,0.275,0.0121,0.204,0.691,0.91,0.487,0.657;aa;
0.439;0.595,0.684,0.0519,0.653,0.112,0.764,0.259,0.296,0.095,0.729;aaaaa;
0.429;0.0701,0.489,0.252,0.358,0.332,0.665,0.719,0.805,0.27,0.272;aaa;
0.846;0.206,0.0887,0.684,0.913,0.0363,0.6,0.746,0.114,0.701,0.66;a;
0.58;0.892,0.0731,0.0486,0.71,0.133,0.165,0.262,0.264,0.595,0.693;aaaaaa;
0.982;0.782,0.799,0.327,0.451,0.429,0.206,0.255,0.666,0.259,0.294;aaa;
0.548;0.783,0.715,0.676,0.334,0.877,0.638,0.025,0.593,0.395,0.436;aaaa;
0.989;0.959,0.336,0.778,0.181,0.411,0.791,0.108,0.866,0.683,0.594;a;
0.463;0.599,0.316,0.639,0.0695,0.329,0.557,0.963,0.848,0.2,0.411;aaaa;
0.128;0.802,0.45,0.619,0.765,0.207,0.387,0.391,0.668,0.659,0.0636;aaaa;
0.579;0.482,0.433,0.978,0.629,0.0623,0.527,0.843,0.466,0.531,0.844;aaaaaaaa;
0.984;0.825,0.786,0.5,0.53,0.336,0.754,0.743,0.375,0.0704,0.843;aaaa;
0.465;0.181,0.431,0.507,0.429,0.962,0.871,0.0415,0.713,0.331,0.215;aa;
0.624;0.266,0.0852,0.321,0.519,0.709,0.336,0.243,0.025,0.611,0.986;aaaaa;
0.981;0.702,0.221,0.192,0.246,0.371,0.239,0.716,0.29,0.262,0.134;aaaa;
0.721;0.194,0.797,0.496,0.889,0.601,0.641,0.69,0.102,0.0186,0.837;aaaaaaaaaa;
0.898;0.906,0.7,0.286,0.81,0.0736,0.807,0.0291,0.678,0.637,0.19;a;
0.459;0.664,0.677,0.226,0.576,0.34,0.273,0.534,0.697,0.372,0.394;aaaa;
0.267;0.133,0.133,0.257,0.94,0.759,0.486,0.47,0.665,0.997,0.114;aaaaaaaaa;
0.981;0.361,0.605,0.153,0.936,0.882,0.00255,0.422,0.331,0.535,0.484;aaaaaaaaa;
0.468;0.93,0.0156,0.72,0.414,0.253,0.0216,0.0457,0.424,0.784,0.653;aaaa;
0.417;0.978,0.446,0.93,0.479,0.506,0.846,0.167,0.593,0.961,0.254;aaaaaaaaaa;
0.162;0.728,0.678,0.924,0.49,0.722,0.83,0.977,0.517,0.862,0.786;aaaaaaaaa;
0.608;0.361,0.268,0.834,0.789,0.0905,0.556,0.0969,0.134,0.904,0.152;aaaaaaa;
0.693;0.0371,0.485,0.82,0.046,0.0626,0.893,0.2,0.827,0.61,0.526;aaaaaa;
0.459;0.434,0.659,0.742,0.867,0.935,0.437,0.787,0.888,0.638,0.895;aa;
0.372;0.0426,0.461,0.0893,0.47,0.283,0.694,0.0172,0.564,0.851,0.742;aaa;
0.578;0.237,0.562,0.761,0.0356,0.509,0.754,0.148,0.0332,0.674,0.933;aaaaaaa;
0.603;0.723,0.855,0.143,0.296,0.771,0.214,0.688,0.643,0.848,0.659;aaaaaaaaaa;
0.767;0.564,0.501,0.879,0.0488,0.253,0.412,0.912,0.731,0.492,0.157;aaaaaa;
0.372;0.24,0.481,0.214,0.172,0.136,0.712,0.173,0.484,0.863,0.279;aaaa;
0.421;0.279,0.0483,0.554,0.434,0.173,0.772,0.586,0.829,0.0389,0.483;aaaaaaa;
0.881;0.256,0.867,0.012,0.048,0.464,0.394,0.583,0.875,0.468,0.335;aaaaaaaaaa;
0.944;0.201,0.469,0.474,0.784,0.38,0.935,0.809,0.983,0.44,0.113;aaaa;
0.863;0.942,0.12,0.276,0.501,0.499,0.946,0.241,0.922,0.163,0.713;a;
0.0266;0.941,0.433,0.419,0.405,0.504,0.113,0.0941,0.297,0.469,0.0167;aaaaaa;
0.665;0.235,0.475,0.187,0.422,0.354,0.653,0.502,0.277,0.175,0.297;aaaa;
0.0171;0.518,0.941,0.281,0.198,0.971,0.952,0.932,0.704,0.00907,0.611;aaaaa;
0.0111;0.985,0.141,0.435,1,0.0588,0.848,0.981,0.221,0.609,0.924;aaaa;
0.831;0.124,0.861,0.588,0.873,0.0906,0.134,0.0808,0.412,0.0803,0.946;aaaaaaaa;
0.478;0.716,0.769,0.61,0.857,0.546,0.0474,0.234,0.561,0.698,0.425;aaaaaa;
0.312;0.522,0.892,0.504,0.548,0.298,0.688,0.173,0.0066,0.436,0.439;aa;
0.379;0.94,0.629,0.56,0.665,0.653,0.133,0.22,0.986,0.915,0.00105;aaaaaaaa;
0.503;0.181,0.137,0.498,0.062,0.966,0.539,0.667,0.567,0.456,0.0455;aaaa;
0.489;0.0808,0.992,0.202,0.317,0.403,0.544,0.487,0.715,0.903,0.816;aaaaa;
0.14;0.149,0.629,0.00367,0.00561,0.902,0.0552,0.0511,0.627,0.426,0.504;aaaaaaa;
0.548;0.31,0.154,0.642,0.721,0.502,0.0702,0.37,0.61,0.471,0.558;aaaaaaaaa;
0.927;0.674,0.686,0.817,0.775,0.849,0.0767,0.34,0.276,0.276,0.146;aaa;
0.14;0.881,0.838,0.0903,0.473,0.844,0.224,0.379,0.516,0.25,0.901;aaaaaaa;
0.906;0.555,0.887,0.401,0.542,0.256,0.00739,0.259,0.799,0.226,0.616;aaa;
0.178;0.199,0.964,0.812,0.371,0.234,0.793,0.0365,0.996,0.0617,0.0269;aaaa;
0.752;0.278,0.623,0.327,0.572,0.591,0.569,0.825,0.371,0.589,0.235;a;
0.718;0.147,0.00537,0.567,0.776,0.605,0.33,0.998,0.274,0.33,0.847;aaaaaaaaaa;
0.266;0.804,0.829,0.134,0.807,0.389,0.92,0.558,0.604,0.357,0.585;aaaaaaaaa;
0.823;0.586,0.033,0.0687,0.0196,0.406,0.279,0.71,0.184,0.11,0.0517;aaa;
0.388;0.285,0.909,0.678,0.383,0.359,0.677,0.388,0.34,0.613,0.228;aaaa;
0.0837;0.679,0.276,0.115,0.625,0.145,0.662,0.0027,0.125,0.392,0.201;aaaaa;
0.694;0.478,0.863,0.673,0.0759,0.294,0.148,0.405,0.0957,0.492,0.0355;aaaaa;
0.033;0.273,0.117,0.512,0.0754,0.687,0.319,0.555,0.664,0.984,0.162;a;
0.876;0.174,0.664,0.849,0.802,0.873,0.583,0.00242,0.752,0.856,0.996;aaa;
0.153;0.382,0.143,0.441,0.742,0.857,0.231,0.653,0.627,0.745,0.625;aaaa;
0.797;0.959,0.997,0.138,0.716,0.987,0.987,0.46,0.00818,0.147,0.447;aaaaa;
0.724;0.454,0.863,0.941,0.108,0.199,0.139,0.581,0.273,0.124,0.852;aaaaaaaaa;
0.788;0.29,0.807,0.563,0.454,0.52,0.235,0.903,0.308,0.885,0.891;aaaaa;
0.947;0.905,0.371,0.257,0.426,0.822,0.656,0.13,0.228,0.493,0.333;aaaaaa;
0.434;0.442,0.16,0.314,0.815,0.38,0.398,0.577,0.465,0.726,0.729;a;
0.595;0.128,0.755,0.403,0.755,0.644,0.379,0.00424,0.737,0.886,0.918;aaaaa;
0.97;0.521,0.288,0.529,0.836,0.333,0.911,0.0762,0.817,0.855,0.75;aaaaaaa;
0.855;0.852,0.968,0.696,0.473,0.82,0.766,0.368,0.213,0.979,0.346;aaaaaaa;
0.971;0.1,0.0507,0.815,0.567,0.114,0.951,0.168,0.805,0.526,0.53;aaaaaaaaa;
0.818;0.438,0.182,0.572,0.982,0.577,0.309,0.212,0.907,0.71,0.299;aaaaaa;
0.148;0.122,0.273,0.064,0.133,0.334,0.746,0.702,0.0352,0.385,0.414;aaaaaaaaaa;
0.476;0.554,0.195,0.418,0.195,0.216,0.244,0.255,0.633,0.681,0.203;a;
0.363;0.845,0.453,0.353,0.393,0.898,0.000808,0.932,0.22,0.721,0.276;aaaaa;
0.894;0.944,0.0398,0.108,0.943,0.83,0.813,0.0585,0.673,0.885,0.144;aaaaaaaaaa;
0.258;0.0764,0.72,0.261,0.545,0.667,0.0652,0.499,0.98,0.995,0.791;aa;
0.926;0.363,0.0781,0.806,0.0773,0.611,0.761,0.836,0.255,0.431,0.622;aaaa;
0.516;0.48,0.2,0.776,0.37,0.912,0.966,0.164,0.363,0.0832,0.247;aaaaaaaaa;
0.562;0.856,0.722,0.408,0.752,0.101,0.963,0.975,0.529,0.234,0.884;a;
0.765;0.544,0.722,0.53,0.526,0.529,0.626,0.0863,0.182,0.876,0.637;aaaaaa;
0.85;0.18,0.944,0.5,0.504,0.873,0.52,0.332,0.589,0.176,0.346;a;
0.361;0.481,0.4,0.612,0.227,0.305,0.641,0.0978,0.288,0.789,0.498;aaaaaa;
0.102;0.353,0.11,0.805,0.0378,0.832,0.164,0.0142,0.729,0.692,0.109;aaaaaa;
0.921;0.299,0.462,0.206,0.274,0.423,0.103,0.494,0.135,0.114,0.612;a;
0.142;0.713,0.555,0.221,0.592,0.921,0.527,0.535,0.857,0.477,0.24;aaaaaa;
0.435;0.921,0.51,0.186,0.494,0.649,0.359,0.645,0.279,0.614,0.632;aaaaaa;
0.64;0.0544,0.939,0.386,0.897,0.842,0.982,0.555,0.0753,0.0223,0.0278;aaaa;
0.683;0.398,0.218,0.62,0.00891,0.766,0.34,0.663,0.834,0.555,0.304;aaaaaaaaa;
0.981;0.00562,0.89,0.674,0.774,0.539,0.913,0.571,0.367,0.856,0.43;aaaaaaaa;
0.369;0.666,0.458,0.849,0.603,0.104,0.245,0.912,0.377,0.00324,0.974;a;
0.75;0.895,0.509,0.188,0.912,0.103,0.976,0.38,0.00197,0.806,0.493;aaa;
0.036;0.975,0.899,0.208,0.826,0.16,0.453,0.202,0.13,0.877,0.568;a;
0.709;0.425,0.362,0.128,0.946,0.532,0.365,0.55,0.621,0.401,0.526;aaaaaaaaa;
0.868;0.653,0.247,0.404,0.157,0.801,0.112,0.792,0.677,0.751,0.701;aaaaaa;
0.371;0.879,0.805,0.197,0.0809,0.255,0.407,0.873,0.766,0.172,0.728;aaaaaa;
0.0854;0.664,0.847,0.623,0.558,0.776,0.372,0.772,0.548,0.676,0.915;aaaaa;
0.444;0.237,0.731,0.506,0.931,0.674,0.897,0.745,0.565,0.693,0.413;aaaaaaa;
0.618;0.969,0.347,0.308,0.253,0.716,0.884,0.575,0.0239,0.676,0.547;aaaa;
0.901;0.013,0.114,0.962,0.0805,0.708,0.478,0.26,0.775,0.0547,0.307;aaaaaaaaa;
0.285;0.741,0.225,0.26,0.0808,0.352,0.851,0.9,0.867,0.195,0.618;aaaaa;
0.521;0.418,0.827,0.716,0.356,0.429,0.59,0.463,0.875,0.612,0.668;aaaa;
0.864;0.374,0.832,0.997,0.891,0.64,0.66,0.788,0.0809,0.0232,0.0749;aaaaaaaa;
0.698;0.791,0.952,0.845,0.683,0.621,0.145,0.706,0.437,0.204,0.56;aaaaaaaaa;
0.913;0.0341,0.619,0.0722,0.195,0.882,0.935,0.432,0.513,0.276,0.598;aaaaaaa;
0.733;0.144,0.793,0.643,0.982,0.303,0.327,0.717,0.545,0.714,0.742;a;
0.781;0.505,0.755,0.83,0.817,0.75,0.375,0.661,0.341,0.85,0.501;aaaa;
0.907;0.854,0.167,0.0764,0.699,0.839,0.368,0.697,0.994,0.778,0.406;aaaaa;
0.15;0.0698,0.557,0.831,0.401,0.302,0.426,0.0861,0.732,0.308,0.184;aaaaa;
0.513;0.764,0.731,0.134,0.672,0.865,0.893,0.164,0.631,0.471,0.596;aaaa;
0.388;0.432,0.85,0.819,0.443,0.88,0.701,0.974,0.778,0.0374,0.8;aaaaa;
0.944;0.971,0.659,0.321,0.0522,0.367,0.837,0.754,0.466,0.694,0.727;aaa;
0.805;0.0573,0.222,0.506,0.48,0.68,0.434,0.708,0.0866,0.134,0.934;aaaaaa;
0.867;0.434,0.893,0.312,0.704,0.663,0.833,0.13,0.474,0.653,0.402;aaaa;
0.449;0.278,0.305,0.0771,0.39,0.755,0.684,0.855,0.64,0.584,0.821;aaaaaaaa;
0.794;0.566,0.411,0.984,0.106,0.651,0.562,0.255,0.173,0.126,0.0167;aaaaaaa;
0.922;0.447,0.0687,0.156,0.422,0.797,0.307,0.915,0.116,0.783,0.0665;aaaaaaaa;
0.42;0.192,0.486,0.511,0.776,0.666,0.197,0.137,0.229,0.138,0.637;aa;
0.34;0.983,0.467,0.26,0.481,0.201,0.135,0.839,0.0648,0.131,0.501;aaaaaa;
0.702;0.704,0.963,0.332,0.605,0.001,0.424,0.949,0.196,0.49,0.824;aaaaaaaaaa;
0.0916;0.913,0.0171,0.211,0.877,0.287,0.825,0.261,0.00103,0.975,0.26;a;
0.367;0.879,0.83,0.172,0.395,0.167,0.703,0.904,0.479,0.0955,0.301;aaaaaaaa;
0.8;0.147,0.935,0.696,0.658,0.864,0.155,0.531,0.427,0.738,0.467;aaaaa;
0.165;0.101,0.813,0.357,0.781,0.947,0.666,0.241,0.896,0.275,0.813;aaaa;
0.384;0.0709,0.636,0.0245,0.489,0.393,0.0451,0.524,0.0158,0.974,0.79;aa;
0.0213;0.216,0.0359,0.124,0.136,0.706,0.448,0.848,0.606,0.642,0.978;aaaaaaaaaa;
0.3;0.801,0.0799,0.413,0.525,0.183,0.559,0.717,0.694,0.384,0.624;aaaaaaaaaa;
0.795;0.0641,0.325,0.2,0.66,0.384,0.724,0.0288,0.0385,0.495,0.234;aaaaaaaa;
0.883;0.293,0.552,0.444,0.836,0.964,0.284,0.76,0.562,0.914,0.551;aaaaaaaaa;
0.525;0.863,0.727,0.00855,0.635,0.463,0.36,0.177,0.111,0.0143,0.918;aaa;
0.531;0.8,0.228,0.13,0.341,0.0608,0.12,0.751,0.342,0.72,0.316;aaaaaaa;
0.957;0.66,0.002,0.0691,0.624,0.656,0.752,0.904,0.586,0.395,0.397;aaaaaaaaaa;
0.353;0.0116,0.0949,0.95,0.542,0.411,0.608,0.871,0.38,0.127,0.00472;aaaaaa;
0.484;0.243,0.926,0.831,0.347,0.987,0.884,0.248,0.981,0.646,0.478;aaaaaaaaa;
0.234;0.133,0.928,0.277,0.647,0.73,0.681,1,0.229,0.486,0.598;aa;
0.791;0.6,0.709,0.695,0.64,0.962,0.217,0.149,0.13,0.213,0.654;aaaaaaaaa;
0.567;0.503,0.831,0.205,0.0349,0.367,0.75,0.732,0.0371,0.438,0.422;aa;
0.807;0.717,0.35,0.107,0.171,0.431,0.986,0.819,0.158,0.212,0.631;aa;
0.727;0.781,0.165,0.79,0.12,0.626,0.301,0.791,0.666,0.682,0.375;aaaaaaa;
0.538;0.0842,0.0202,0.589,0.0764,0.719,0.972,0.484,0.122,0.503,0.516;aaaaaaaaa;
0.453;0.114,0.453,0.518,0.447,0.428,0.751,0.0513,0.83,0.686,0.998;aaaaaaaa;
0.372;0.677,0.981,0.702,0.862,0.663,0.00121,0.0876,0.0515,0.38,0.947;aaaaaaa;
0.766;0.9,0.933,0.592,0.0174,0.505,0.0658,0.903,0.744,0.896,0.0833;aaa;
0.682;0.825,0.824,0.652,0.661,0.778,0.248,0.201,0.439,0.0344,0.46;aaaaaaaa;
0.725;0.911,0.429,0.933,0.761,0.116,0.271,0.535,0.0055,0.743,0.413;aaaaaaa;
0.208;0.845,0.159,0.0767,0.465,0.041,0.116,0.551,0.0739,0.696,0.349;a;
0.814;0.152,0.208,0.163,0.896,0.898,0.34,0.918,0.507,0.39,0.543;aaaaaaaaa;
0.515;0.624,0.105,0.314,0.264,0.252,0.366,0.111,0.88,0.974,0.978;a;
0.579;0.59,0.392,0.476,0.842,0.993,0.885,0.754,0.151,0.572,0.255;aaaaaaaa;
0.0569;0.287,0.506,0.689,0.764,0.76,0.681,0.918,0.0214,0.463,0.908;aaaaa;
0.0928;0.119,0.0664,0.276,0.509,0.778,0.756,0.288,0.582,0.474,0.91;aa;
0.597;0.598,0.539,0.307,0.00249,0.339,0.727,0.324,0.855,0.146,0.621;aaa;
0.386;0.433,0.392,0.199,0.573,0.666,0.756,0.364,0.0318,0.39,0.24;aaaaa;
0.842;0.883,0.734,0.575,0.03,0.801,0.638,0.258,0.458,0.834,0.399;aaaaaaaaaa;
0.0507;0.151,0.245,0.418,0.485,0.177,0.999,0.845,0.968,0.923,0.419;aaaaa;
0.456;0.831,0.738,0.538,0.0264,0.303,0.599,0.809,0.376,0.448,0.285;aaa;
0.807;0.785,0.167,0.696,0.719,0.193,0.169,0.19,0.679,0.817,0.869;aaaaaaa;
0.151;0.637,0.841,0.391,0.491,0.346,0.775,0.154,0.899,0.277,0.453;aaaaaaaa;
0.392;0.558,0.238,0.517,0.46,0.0918,0.615,0.724,0.66,0.942,0.699;aaaaaaaaaa;
0.452;0.116,0.206,0.33,0.154,0.0688,0.0864,0.328,0.753,0.48,0.401;aaaaa;
0.463;0.173,0.831,0.421,0.947,0.493,0.981,0.748,0.764,0.106,0.384;aaaa;
0.749;0.837,0.938,0.128,0.095,0.0613,0.376,0.842,0.407,0.533,0.0106;aaa;
0.372;0.429,0.137,0.605,0.985,0.254,0.666,0.761,0.741,0.16,0.628;aaaaaa;
0.669;0.861,0.00999,0.237,0.0178,0.275,0.945,0.145,0.66,0.956,0.829;aaaaa;
0.663;0.13,0.0716,0.925,0.281,0.508,0.893,0.649,0.294,0.961,0.605;aaaaaaa;
0.275;0.186,0.764,0.773,0.0631,0.508,0.282,0.665,0.52,0.177,0.938;aaaaaaa;
0.215;0.736,0.381,0.119,0.576,0.387,0.845,0.183,0.583,0.0818,0.382;aaaaaaaaaa;
0.658;0.514,0.599,0.885,0.0367,0.0856,0.707,0.593,0.392,0.677,0.686;aaa;
0.115;0.329,0.123,0.18,0.524,0.786,0.0511,0.239,0.44,0.956,0.145;aaaaaaaaa;
0.793;0.598,0.651,0.0143,0.333,0.453,0.223,0.296,0.985,0.085,0.475;aaaa;
0.57;0.931,0.36,0.801,0.892,0.706,0.617,0.749,0.923,0.708,0.564;aaaaaaaaa;
0.112;0.419,0.903,0.996,0.885,0.972,0.309,0.638,0.968,0.82,0.347;a;
0.534;0.0266,0.62,0.357,0.797,0.236,0.0862,0.701,0.83,0.812,0.932;aa;
0.329;0.591,0.0881,0.649,0.941,0.526,0.928,0.122,0.406,0.0427,0.709;aaaaaaaa;
0.59;0.527,0.643,0.337,0.603,0.117,0.794,0.879,0.702,0.957,0.873;aaa;
0.485;0.21,0.261,0.296,0.597,0.645,0.164,0.592,0.1,0.123,0.127;aaaaaaaa;
0.241;0.574,0.356,0.974,0.935,0.747,0.0884,0.101,0.544,0.301,0.957;aaa;
0.765;0.298,0.927,0.177,0.587,0.866,0.578,0.353,0.47,0.661,0.412;aaaaaaaa;
0.804;0.235,0.93,0.288,0.251,0.18,0.213,0.164,0.835,0.0768,0.0681;aa;
0.58;0.459,0.017,0.363,0.52,0.522,0.955,0.251,0.767,0.41,0.645;aaaaaaa;
0.369;0.854,0.258,0.394,0.116,0.769,0.633,0.702,0.216,0.211,0.22;aaa;
0.377;0.56,0.713,0.422,0.651,0.956,0.694,0.359,0.862,0.899,0.351;aaa;
0.0857;0.025,0.135,0.339,0.0673,0.259,0.331,0.845,0.231,0.669,0.696;aaaaaaa;
0.749;0.0773,0.601,0.566,0.31,0.893,0.541,0.127,0.229,0.397,0.956;aaaaaa;
0.543;0.136,0.991,0.281,0.105,0.586,0.383,0.911,0.256,0.245,0.685;aaaaaaaa;
0.915;0.382,0.291,0.0846,0.199,0.79,0.94,0.743,0.192,0.199,0.942;aaaaaaa;
0.887;0.957,0.198,0.0724,0.939,0.796,0.465,0.761,0.78,0.728,0.595;aaaaaaa;
0.212;0.333,0.0894,0.621,0.334,0.43,0.79,0.128,0.199,0.313,0.0977;a;
0.805;0.551,0.943,0.337,0.0977,0.832,0.369,0.851,0.908,0.713,0.0826;aa;
0.232;0.451,0.257,0.195,0.205,0.831,0.12,0.494,0.557,0.0548,0.65;aaaaaaaaa;
0.631;0.189,0.987,0.45,0.293,0.611,0.501,0.0793,0.253,0.229,0.204;aaaaaa;
0.666;0.232,0.842,0.0171,0.0866,0.112,0.101,0.772,0.7,0.366,0.529;aa;
0.12;0.866,0.101,0.955,0.827,0.173,0.407,0.945,0.486,0.871,0.458;aaaaaa;
0.381;0.481,0.364,0.119,0.133,0.0964,0.621,0.659,0.613,0.7,0.295;aaaaaaaa;
0.0389;0.054,0.293,0.249,0.89,0.487,0.296,0.287,0.324,0.154,0.566;aa;
0.0683;0.281,0.0608,0.0187,0.899,0.569,0.414,0.732,0.151,0.154,0.998;aaaaaa;
0.678;0.304,0.177,0.0866,0.991,0.294,0.541,0.697,0.194,0.868,0.386;aaaaa;
0.117;0.237,0.211,0.435,0.278,0.704,0.674,0.121,0.514,0.178,0.729;a;
0.427;0.374,0.174,0.214,0.345,0.766,0.0889,0.953,0.356,0.317,0.885;aaa;
0.95;0.321,0.978,0.416,0.98,0.455,0.994,0.589,0.654,0.535,0.389;aaaaaa;
0.93;0.0381,0.623,0.568,0.122,0.191,0.151,0.759,0.45,0.247,0.825;aaaaaa;
0.809;0.0246,0.197,0.351,0.972,0.00597,0.58,0.286,0.696,0.596,0.819;aaaaaa;
0.203;0.0464,0.65,0.638,0.00648,0.739,0.918,0.0838,0.586,0.63,0.895;aaaaaaaa;
0.345;0.578,0.576,0.564,0.0955,0.342,0.484,0.0999,0.871,0.489,0.497;aaaaaaaa;
0.907;0.06,0.689,0.0333,0.764,0.334,0.405,0.502,0.92,0.907,0.12;aa;
0.37;0.702,0.636,0.614,0.0871,0.686,0.157,0.633,0.188,0.796,0.00677;aaaaaaaaa;
0.795;0.593,0.0807,0.349,0.147,0.772,0.658,0.744,0.492,0.277,0.0126;aaa;
0.24;0.221,0.997,0.185,0.409,0.649,0.303,0.64,0.886,0.545,0.791;aa;
0.258;0.545,0.293,0.615,0.142,0.853,0.844,0.655,0.833,0.637,0.195;aaa;
0.819;0.24,0.119,0.269,0.695,0.773,0.22,0.512,0.000113,0.573,0.768;aa;
0.784;0.0454,0.186,0.502,0.42,0.465,0.541,0.92,0.375,0.299,0.553;aaaaaaaaaa;
0.957;0.751,0.271,0.0374,0.393,0.783,0.473,0.731,0.845,0.225,0.495;aaaaaa;
0.126;0.6,0.393,0.667,0.357,0.756,0.0224,0.603,0.591,0.476,0.764;aaaaaa;
0.229;0.452,0.513,0.552,0.077,0.145,0.987,0.157,0.434,0.877,0.203;aaaaaaaa;
0.989;0.0471,0.153,0.211,0.0257,0.757,0.292,0.201,0.143,0.701,0.958;a;
0.00314;0.479,0.338,0.833,0.463,0.759,0.858,0.781,0.379,0.615,0.165;aaaaaaa;
0.964;0.297,0.27,0.311,0.214,0.147,0.188,0.687,0.671,0.665,0.931;aaaaaaaaaa;
0.156;0.773,0.353,0.674,0.811,0.526,0.418,0.0827,0.801,0.788,0.277;aaaa;
0.281;0.775,0.815,0.909,0.0307,0.704,0.161,0.592,0.316,0.57,0.946;aaa;
0.189;0.00588,0.653,0.793,0.763,0.31,0.877,0.504,0.589,0.678,0.743;aaaaaaaa;
0.173;0.387,0.591,0.577,0.285,0.705,0.42,0.478,0.0622,0.36,0.93;aaaa;
0.826;0.823,0.091,0.02,0.849,0.723,0.355,0.833,0.556,0.124,0.595;aaaa;
0.195;0.821,0.823,0.249,0.987,0.755,0.28,0.646,0.79,0.743,0.496;aaaaaaaa;
0.792;0.16,0.658,0.347,0.0291,0.477,0.347,0.49,0.484,0.978,0.141;aa;
0.751;0.0964,0.214,0.106,0.738,0.13,0.204,0.0719,0.674,0.0412,0.823;aa;
0.197;0.721,0.14,0.908,0.204,0.429,0.446,0.849,0.552,0.844,0.797;aaaa;
0.245;0.17,0.398,0.251,0.937,0.903,0.412,0.331,0.614,0.227,0.238;aaaaa;
0.881;0.475,0.46,0.692,0.698,0.319,0.733,0.901,0.204,0.0517,0.479;aaaaaaa;
0.489;0.34,0.808,0.855,0.635,0.841,0.0806,0.254,0.209,0.595,0.614;aaaaaaaaaa;
0.88;0.353,0.848,0.411,0.0044,0.711,0.133,0.0646,0.121,0.208,0.304;aaaaa;
0.321;0.52,0.865,0.745,0.84,0.0941,0.767,0.47,0.336,0.466,0.508;aaaa;
0.183;0.729,0.765,0.147,0.315,0.996,0.362,0.349,0.746,0.371,0.361;aa;
0.38;0.218,0.812,0.734,0.544,0.201,0.886,0.439,0.0038,0.672,0.00617;aa;
0.404;0.322,0.503,0.923,0.813,0.417,0.108,0.454,0.39,0.746,0.106;aaaa;
0.941;0.978,0.546,0.111,0.465,0.345,0.305,0.349,0.566,0.107,0.0912;aaaaaaa;
0.242;0.533,0.411,0.289,0.911,0.106,0.775,0.615,0.355,0.291,0.781;aaaaaaaaaa;
0.845;0.846,0.27,0.425,0.829,0.658,0.469,0.694,0.913,0.996,0.788;aaaa;
0.731;0.367,0.929,0.789,0.892,0.122,0.945,0.418,0.712,0.787,0.976;aaaa;
0.435;0.365,0.0219,0.585,0.858,0.329,0.897,0.00637,0.442,0.205,0.0859;aaa;
0.145;0.572,0.663,0.233,0.0607,0.352,0.744,0.397,0.186,0.267,0.763;a;
0.531;0.915,0.236,0.0714,0.888,0.924,0.533,0.272,0.716,0.536,0.0607;aaaaaa;
0.945;0.676,0.38,0.632,0.214,0.686,0.999,0.38,0.066,0.517,0.38;aaaaaaaaa;
0.27;0.533,0.623,0.67,0.964,0.28,0.702,0.218,0.106,0.645,0.701;aaaa;
0.691;0.46,0.712,0.0753,0.232,0.269,0.817,0.552,0.325,0.25,0.458;aaaaaaaaa;
0.372;0.248,0.157,0.363,0.494,0.45,0.696,0.783,0.0347,0.44,0.994;aaaaaaaaa;
0.771;0.332,0.199,0.391,0.157,0.651,0.136,0.497,0.551,0.76,0.654;aaaaa;
0.785;0.733,0.895,0.722,0.537,0.107,0.241,0.577,0.599,0.388,0.391;aaaaaaaaa;
0.293;0.499,0.753,0.336,0.542,0.714,0.479,0.942,0.799,0.383,0.124;aaa;
0.0281;0.941,0.545,0.696,0.331,0.98,0.175,0.229,0.627,0.181,0.314;aaaa;
0.217;0.154,0.566,0.887,0.598,0.925,0.359,0.106,0.687,0.183,0.161;aaa;
0.265;0.366,0.299,0.783,0.5,0.297,0.857,0.229,0.442,0.579,0.839;aaaaaa;
0.237;0.341,0.924,0.597,0.148,0.171,0.314,0.404,0.439,0.84,0.478;aaaaaaa;
0.991;0.269,0.132,0.758,0.359,0.0831,0.228,0.142,0.365,0.265,0.13;aaaaa;
0.957;0.651,0.247,0.228,0.863,0.606,0.907,0.231,0.775,0.103,0.0619;aaa;
0.735;0.673,0.898,0.197,0.753,0.555,0.0477,0.391,0.897,0.673,0.165;aaaa;
0.124;0.421,0.101,0.443,0.552,0.172,0.689,0.0031,0.963,0.988,0.201;aaaaa;
0.552;0.802,0.962,0.689,0.399,0.198,0.154,0.362,0.6,0.335,0.569;aaaa;
0.23;0.639,0.421,0.954,0.423,0.656,0.572,0.19,0.972,0.0614,0.287;aaa;
0.119;0.642,0.843,0.936,0.914,0.766,0.379,0.954,0.139,0.298,0.685;aaaaaaaaa;
0.21;0.982,0.254,0.865,0.615,0.0752,0.694,0.207,0.0621,0.138,0.477;aaaa;
0.587;0.485,0.751,0.532,0.564,0.721,0.965,0.791,0.436,0.541,0.177;aaaaaaaaaa;
0.601;0.547,0.535,0.324,0.296,0.617,0.377,0.285,0.834,0.388,0.412;aaaaaaaaaa;
0.554;0.0474,0.771,0.396,0.775,0.859,0.974,0.726,0.109,0.3,0.575;aaaaaaaa;
0.525;0.403,0.512,0.529,0.823,0.986,0.271,0.573,0.66,0.305,0.0459;aaaaa;
0.306;0.451,0.315,0.225,0.335,0.0803,0.955,0.968,0.8,0.866,0.0668;aaaaaaaaa;
0.896;0.0641,0.586,0.868,0.996,0.94,0.636,0.186,0.329,0.726,0.198;aaaaaaa;
0.87;0.109,0.569,0.986,0.461,0.756,0.0499,0.507,0.954,0.433,0.736;aaaaa;
0.702;0.51,0.39,0.633,0.495,0.0534,0.241,0.136,0.111,0.828,0.711;aa;
0.578;0.792,0.563,0.72,0.136,0.489,0.124,0.553,0.46,0.128,0.665;aaaaaaaa;
0.444;0.352,0.499,0.11,0.404,0.11,0.383,0.469,0.32,0.417,0.948;aa;
0.637;0.903,0.811,0.957,0.98,0.303,0.795,0.526,0.15,0.821,0.613;aaaaaaaaaa;
0.451;0.102,0.7,0.594,0.868,0.284,0.466,0.346,0.683,0.123,0.401;aaaaaaaaaa;
0.556;0.595,0.954,0.276,0.288,0.0142,0.883,0.257,0.0196,0.0328,0.298;aaaaaa;
0.387;0.139,0.0468,0.72,0.447,0.263,0.574,0.759,0.214,0.918,0.251;aaaa;
0.647;0.0191,0.139,0.424,0.266,0.991,0.4,0.589,0.638,0.662,0.792;aaaa;
0.543;0.000481,0.437,0.775,0.812,0.00531,0.716,0.016,0.878,0.309,0.154;a;
0.0913;0.295,0.493,0.289,0.113,0.159,0.19,0.565,0.405,0.997,0.858;aaaaaaaaaa;
0.0229;0.334,0.31,0.898,0.766,0.207,0.413,0.929,0.246,0.932,0.00854;aaaaaaaa;
0.636;0.172,0.107,0.528,0.796,0.808,0.821,0.798,0.556,0.496,0.117;a;
0.933;0.576,0.442,0.584,0.802,0.618,0.244,0.924,0.921,0.034,0.246;a;
0.485;0.268,0.671,0.00342,0.597,0.653,0.347,0.624,0.643,0.752,0.199;aaaaaa;
0.527;0.935,0.594,0.942,0.462,0.897,0.717,0.656,0.926,0.666,0.738;aaaaa;
0.788;0.616,0.768,0.545,0.455,0.612,0.992,0.808,0.66,0.102,0.447;aaaaa;
0.121;0.0813,0.201,0.0687,0.942,0.933,0.0881,0.154,0.249,0.32,0.716;aaaaaaa;
0.234;0.268,0.233,0.702,0.381,0.218,0.154,0.57,0.829,0.363,0.977;a;
0.279;0.644,0.709,0.154,0.96,0.308,0.893,0.972,0.447,0.668,0.259;aaaaaaaaaa;
0.28;0.91,0.0534,0.874,0.9,0.929,0.347,0.549,0.584,0.998,0.424;aaaaaaaaaa;
0.74;0.829,0.677,0.582,0.433,0.962,0.14,0.532,0.267,0.983,0.828;aaaaaa;
0.457;0.284,0.142,0.536,0.769,0.295,0.938,0.245,0.759,0.888,0.852;aaaaaaaaa;
0.0701;0.995,0.333,0.744,0.48,0.508,0.9,0.868,0.707,0.827,0.142;aaaaa;
0.187;0.263,0.227,0.953,0.945,0.22,0.574,0.407,0.37,0.601,0.0374;aaaaaaaaa;
0.735;0.903,0.921,0.812,0.36,0.888,0.673,0.135,0.749,0.668,0.245;aaa;
0.552;0.306,0.794,0.923,0.501,0.882,0.11,0.942,0.92,0.158,0.77;aaaaaaaaaa;
0.000538;0.788,0.722,0.942,0.681,0.569,0.344,0.73,0.0852,0.739,0.66;aaaaaaa;
0.207;0.0381,0.775,0.895,0.335,0.276,0.549,0.812,0.0374,0.773,0.445;aaaaaa;
0.253;0.356,0.853,0.567,0.152,0.455,0.0554,0.634,0.699,0.353,0.801;aaaaaaa;
0.175;0.271,0.813,0.298,0.00874,0.763,0.747,0.925,0.0338,0.886,0.54;aa;
0.515;0.577,0.674,0.635,0.00892,0.255,0.285,0.153,0.228,0.121,0.61;aaaaaaa;
0.85;0.319,0.786,0.733,0.338,0.105,0.129,0.171,0.128,0.507,0.396;a;
0.657;0.913,0.64,0.932,0.632,0.687,0.982,0.789,0.619,0.221,0.0662;aaaaaaa;
0.735;0.561,0.618,0.765,0.138,0.473,0.266,0.663,0.836,0.768,0.755;aaaaaaaaaa;
0.762;0.495,0.561,0.0775,0.0565,0.559,0.016,0.345,0.331,0.0389,0.462;aaaaaa;
0.0716;0.479,0.689,0.682,0.462,0.349,0.0328,0.925,0.223,0.251,0.192;aaaaaaaaa;
0.894;0.855,0.774,0.421,0.908,0.83,0.521,0.598,0.229,0.304,0.293;aaaaa;
0.16;0.156,0.807,0.762,0.287,0.556,0.473,0.512,0.462,0.456,0.784;aaaa;
0.243;0.529,0.22,0.146,0.898,0.16,0.655,0.841,0.797,0.0237,0.0571;aaaaaa;
0.313;0.295,0.0552,0.568,0.0337,0.136,0.596,0.829,0.419,0.218,0.457;aaaa;
0.215;0.558,0.891,0.319,0.639,0.759,0.712,0.546,0.0517,0.0861,0.289;aaaaa;
0.179;0.592,0.0632,0.473,0.748,0.845,0.243,0.744,0.496,0.968,0.932;aaa;
0.876;0.00581,0.348,0.489,0.912,0.169,0.728,0.772,0.963,0.717,0.357;aaaaaaaaa;
0.294;0.31,0.939,0.457,0.79,0.626,0.609,0.336,0.193,0.531,0.855;a;
0.969;0.31,0.304,0.655,0.759,0.0341,0.639,0.0159,0.502,0.554,0.394;a;
0.949;0.627,0.689,0.576,0.0465,0.866,0.546,0.558,0.572,0.0563,0.146;aaaaaaaaaa;
0.571;0.0392,0.306,0.756,0.472,0.217,0.384,0.0856,0.269,0.793,0.652;aaaaa;
0.482;0.686,0.399,0.766,0.256,0.438,0.428,0.847,0.97,0.935,0.689;aa;
0.178;0.118,0.0409,0.266,0.61,0.964,0.285,0.27,0.921,0.00752,0.117;aaaaaaa;
0.97;0.33,0.688,0.736,0.941,0.0132,0.85,0.834,0.386,0.59,0.638;aaa;
0.0495;0.723,0.661,0.11,0.0879,0.857,0.412,0.459,0.936,0.615,0.766;aaaaaaa;
0.473;0.915,0.712,0.00774,0.315,0.0706,0.204,0.405,0.354,0.482,0.408;aaaaa;
0.949;0.763,0.359,0.277,0.433,0.769,0.743,0.414,0.606,0.069,0.566;aaa;
0.714;0.427,0.33,0.368,0.93,0.621,0.862,0.474,0.783,0.551,0.957;aaaaaaaa;
0.184;0.527,0.931,0.344,0.855,0.152,0.383,0.344,0.121,0.487,0.349;aaaaaaa;
0.373;0.747,0.51,0.95,0.452,0.854,0.413,0.081,0.626,0.524,0.598;aaa;
0.131;0.408,0.0384,0.521,0.152,0.233,0.544,0.124,0.687,0.683,0.977;aaaaaaaa;
0.299;0.33,0.293,0.27,0.248,0.628,0.139,0.869,0.339,0.377,0.829;aaaaaaa;
0.733;0.896,0.529,0.721,0.283,0.214,0.782,0.827,0.804,0.666,0.954;aaaaaaaa;
0.0406;0.409,0.922,0.235,0.487,0.958,0.843,0.305,0.559,0.907,0.809;aaaaaaaaaa;
0.139;0.0307,0.395,0.388,0.414,0.276,0.782,0.639,0.37,0.374,0.207;aaaaaa;
0.275;0.799,0.0274,0.538,0.238,0.452,0.13,0.362,0.704,0.142,0.622;aaaaaaa;
0.569;0.54,0.238,0.793,0.606,0.0204,0.18,0.0686,0.743,0.6,0.508;aa;
0.172;0.123,0.263,0.548,0.422,0.571,0.721,0.374,0.429,0.0863,0.712;aaaaaaa;
0.609;0.889,0.545,0.594,0.281,0.804,0.128,0.946,0.875,0.011,0.477;aaaaa;
0.538;0.179,0.495,0.907,0.951,0.334,0.734,0.602,0.0478,0.461,0.127;aaaaaaaaaa;
0.765;0.649,0.59,0.351,0.386,0.601,0.904,0.857,0.429,0.644,0.244;a;
0.586;0.66,0.382,0.737,0.671,0.265,0.28,0.221,0.0788,0.814,0.0569;aaaaaaaa;
0.303;0.872,0.322,0.0206,0.264,0.772,0.086,0.743,0.937,0.805,0.79;aaaaaaaa;
0.944;0.168,0.557,0.983,0.518,0.55,0.936,0.37,0.38,0.526,0.727;aaaaa;
0.0195;0.943,0.873,0.0268,0.0893,0.882,0.735,0.843,0.359,0.889,0.779;aa;
0.818;0.998,0.184,0.272,0.391,0.56,0.708,0.423,0.542,0.649,0.535;aaaaaa;
0.0332;0.727,0.715,0.53,0.615,0.71,0.381,0.64,0.383,0.0604,0.79;aaa;
0.316;0.806,0.29,0.0497,0.0852,0.377,0.00716,0.408,0.821,0.0327,0.336;aa;
0.356;0.388,0.705,0.204,0.201,0.914,0.634,0.479,0.605,0.0642,0.177;a;
0.554;0.0712,0.423,0.671,0.556,0.515,0.73,0.546,0.476,0.266,0.85;aaaaaaaa;
0.778;0.0865,0.263,0.391,0.701,0.041,0.556,0.573,0.399,0.974,0.272;aaaaaaaaaa;
0.0849;0.279,0.938,0.46,0.12,0.0646,0.249,0.654,0.34,0.266,0.025;aaaaaaaaa;
0.0349;0.596,0.072,0.553,0.256,0.0856,0.891,0.628,0.666,0.262,0.0433;aaaaaa;
0.946;0.0608,0.388,0.404,0.333,0.526,0.0164,0.592,0.25,0.737,0.0375;aaaaa;
0.955;0.0772,0.167,0.393,0.00161,0.64,0.237,0.283,0.564,0.661,0.652;a;
0.895;0.961,0.968,0.67,0.337,0.34,0.589,0.41,0.44,0.0922,0.653;aaa;
0.93;0.477,0.661,0.979,0.312,0.559,0.735,0.838,0.789,0.303,0.114;aa;
0.611;0.763,0.498,0.648,0.551,0.215,0.674,0.0971,0.429,0.809,0.654;aaaa;
0.334;0.0432,0.0282,0.294,0.815,0.156,0.397,0.028,0.514,0.308,0.492;aaaaaa;
0.0133;0.983,0.697,0.35,0.147,0.734,0.766,0.646,0.42,0.06,0.0808;aaaaa;
0.0515;0.00985,0.765,0.999,0.874,0.963,0.148,0.292,0.512,0.000275,0.207;aaa;
0.0352;0.891,0.692,0.18,0.794,0.962,0.65,0.532,0.279,0.996,0.744;aaaaaaaaa;
0.198;0.0784,0.411,0.99,0.596,0.321,0.118,0.604,0.279,0.00895,0.421;aa;
0.632;0.0765,0.489,0.401,0.333,0.165,0.753,0.809,0.26,0.186,0.634;aaaaaaaaa;
0.655;0.408,0.0418,0.32,0.411,0.864,0.036,0.886,0.131,0.438,0.597;aa;
0.509;0.17,0.572,0.0654,0.0782,0.595,0.461,0.851,0.577,0.549,0.337;aa;
0.857;0.64,0.419,0.812,0.551,0.33,0.931,0.0526,0.896,0.175,0.997;aaaa;
0.333;0.171,0.149,0.967,0.0183,0.0537,0.595,0.645,0.66,0.499,0.459;aaa;
0.915;0.458,0.205,0.875,0.416,0.602,0.111,0.543,0.719,0.472,0.0693;aaaaaaa;
0.291;0.957,0.404,0.395,0.93,0.802,0.233,0.108,0.691,0.531,0.172;aaaaa;
0.43;0.148,0.982,0.584,0.786,0.549,0.982,0.118,0.935,0.666,0.0373;aaaaaaaaaa;
0.532;0.779,0.538,0.943,0.706,0.0432,0.853,0.0198,0.61,0.891,0.737;aaa;
0.0288;0.086,0.00566,0.261,0.608,0.635,0.674,0.163,0.206,0.374,0.144;a;
0.0127;0.844,0.882,0.922,0.174,0.584,0.0961,0.256,0.943,0.597,0.907;aaaa;
0.508;0.24,0.689,0.837,0.172,0.499,0.671,0.786,0.993,0.608,0.131;aaaaaaaa;
0.0528;0.371,0.853,0.569,0.358,0.621,0.596,0.512,0.209,0.676,0.129;aaaaaaaa;
0.698;0.0573,0.607,0.589,0.354,0.847,0.652,0.582,0.71,0.557,0.578;aaa;
0.146;0.568,0.361,0.323,0.946,0.787,0.362,0.267,0.448,0.708,0.0725;aa;
0.0829;0.994,0.911,0.787,0.992,0.549,0.485,0.101,0.476,0.304,0.947;aaaaaaaaa;
0.61;0.916,0.141,0.489,0.427,0.848,0.899,0.437,0.433,0.954,0.486;aaaa;
0.996;0.481,0.211,0.299,0.846,0.344,0.538,0.843,0.366,0.798,0.472;aaaaaaaa;
0.814;0.249,0.39,0.834,0.243,0.81,0.686,0.299,0.855,0.529,0.17;a;
0.0213;0.686,0.906,0.831,0.0485,0.675,0.0744,0.561,0.924,0.588,0.813;aaaaaaa;
0.0641;0.131,0.166,0.912,0.559,0.801,0.638,0.654,0.353,0.599,0.563;aa;
0.359;0.734,0.119,0.241,0.586,0.763,0.523,0.445,0.593,0.765,0.491;a;
0.398;0.438,0.473,0.644,0.292,0.195,0.506,0.117,0.49,0.461,0.168;aaaaa;
0.778;0.459,0.455,0.467,0.124,0.737,0.72,0.175,0.403,0.11,0.129;aaa;
0.0116;0.531,0.982,0.227,0.02,0.882,0.249,0.88,0.0468,0.466,0.886;aa;
0.367;0.565,0.454,0.976,0.693,0.936,0.596,0.792,0.578,0.377,0.595;aaaaaaaaaa;
0.226;0.375,0.79,0.172,0.638,0.885,0.566,0.781,0.964,0.0749,0.373;aaaaaaaaa;
0.642;0.786,0.767,0.118,0.13,0.987,0.467,0.197,0.842,0.401,0.924;aaaaaaaaa;
0.246;0.413,0.172,0.876,0.698,0.433,0.887,0.459,0.9,0.222,0.741;aaaaaaa;
0.212;0.289,0.327,0.626,0.103,0.393,0.193,0.717,0.517,0.481,0.785;aaaaaaaaa;
0.515;0.325,0.0691,0.122,0.00958,0.522,0.724,0.211,0.766,0.523,0.281;aaa;
0.897;0.08,0.601,0.401,0.302,0.171,0.321,0.586,0.797,0.795,0.364;aaaaaaa;
0.444;0.275,0.106,0.798,0.642,0.172,0.699,0.268,0.162,0.309,0.636;aaaaaaaa;
0.695;0.337,0.911,0.339,0.835,0.57,0.995,0.286,0.234,0.93,0.134;aaaaaaaaaa;
0.988;0.762,0.986,0.557,0.46,0.565,0.582,0.537,0.778,0.872,0.481;aa;
0.404;0.557,0.452,0.235,0.224,0.598,0.394,0.479,0.596,0.869,0.103;aaaaaaaaa;
0.25;0.9,0.176,0.0789,0.0747,0.21,0.613,0.465,0.352,0.859,0.241;aa;
0.947;0.609,0.2,0.0424,0.32,0.325,0.334,0.694,0.0526,0.0111,0.35;aaa;
0.261;0.758,0.506,0.828,0.156,0.324,0.562,0.121,0.381,0.00313,0.602;aaaaaaaaa;
0.672;0.608,0.395,0.0763,0.241,0.182,0.716,0.937,0.0919,0.97,0.634;aaaaaaaaaa;
0.612;0.148,0.73,0.419,0.388,0.637,0.505,0.588,0.954,0.0283,0.995;aa;
0.27;0.787,0.834,0.874,0.504,0.539,0.259,0.498,0.432,0.176,0.123;aaaaa;
0.574;0.917,0.158,0.14,0.224,0.0304,0.377,0.425,0.218,0.702,0.45;aaa;
0.508;0.026,0.531,0.344,0.883,0.965,0.554,0.231,0.0972,0.345,0.11;aaaa;
0.975;0.783,0.34,0.289,0.483,0.322,0.417,0.703,0.329,0.65,0.0355;aaaaaa;
0.137;0.561,0.817,0.835,0.645,0.512,0.748,0.811,0.779,0.556,0.937;aaaaaaaaa;
0.479;0.729,0.652,0.536,0.103,0.138,0.632,0.498,0.281,0.527,0.571;aaaaaaa;
0.64;0.327,0.313,0.619,0.227,0.413,0.242,0.41,0.769,0.0747,0.545;aaaaaaaa;
0.975;0.251,0.341,0.677,0.226,0.996,0.596,0.475,0.597,0.182,0.821;aaaaaaaaa;
0.152;0.72,0.281,0.231,0.203,0.674,0.199,0.195,0.336,0.497,0.473;aaaaaa;
0.687;0.256,0.249,0.808,0.929,0.173,0.763,0.0309,0.298,0.376,0.164;aaaaaaa;
0.52;0.435,0.975,0.613,0.95,0.768,0.594,0.127,0.979,0.811,0.715;aaaaaaa;
0.216;0.673,0.617,0.228,0.794,0.182,0.0736,0.0241,0.308,0.696,0.88;aaaaaaaa;
0.397;0.0588,0.0666,0.241,0.351,0.584,0.524,0.166,0.17,0.86,0.438;aa;
0.105;0.454,0.689,0.909,0.475,0.522,0.0212,0.29,0.729,0.752,0.104;aaaaaaa;
0.367;0.35,0.0651,0.296,0.435,0.521,0.637,0.533,0.319,0.344,0.942;aaaa;
0.398;0.717,0.583,0.44,0.202,0.385,0.654,0.407,0.302,0.26,0.0157;aa;
0.0135;0.29,0.955,0.0707,0.741,0.083,0.641,0.502,0.392,0.561,0.000576;aaaaaaaaa;
0.274;0.463,0.68,0.414,0.168,0.145,0.545,0.958,0.0968,0.618,0.639;aaa;
0.706;0.547,0.179,0.679,0.324,0.0416,0.643,0.122,0.735,0.0484,0.538;aaaaaa;
0.076;0.797,0.74,0.629,0.191,0.26,0.215,0.564,0.58,0.636,0.816;a;
0.852;0.397,0.844,0.486,0.994,0.265,0.803,0.805,0.0642,0.38,0.69;aaaa;
0.253;0.0775,0.0648,0.451,0.233,0.725,0.962,0.527,0.819,0.878,0.891;aa;
0.521;0.0484,0.375,0.524,0.171,0.24,0.674,0.271,0.65,0.836,0.371;aaaaa;
0.189;0.75,0.546,0.338,0.499,0.706,0.634,0.562,0.291,0.061,0.522;aaa;
0.558;0.101,0.835,0.426,0.0195,0.715,0.197,0.64,0.48,0.812,0.978;aaaaa;
0.266;0.227,0.906,0.631,0.324,0.727,0.701,0.631,0.421,0.114,0.862;aaaaaaaaaa;
0.0969;0.0375,0.119,0.921,0.647,0.37,0.167,0.623,0.668,0.136,0.551;aaaaaaaa;
0.805;0.0569,0.525,0.686,0.907,0.172,0.866,0.913,0.956,0.816,0.448;aaaaaaaaa;
0.946;0.75,0.778,0.343,0.196,0.842,0.559,0.782,0.45,0.736,0.925;a;
0.379;0.409,0.202,0.637,0.00981,0.838,0.959,0.181,0.559,0.0229,0.649;aaaaaaaa;
0.488;0.962,0.53,0.799,0.236,0.924,0.382,0.451,0.0994,0.447,0.637;aa;
0.12;0.0977,0.371,0.028,0.635,0.317,0.238,0.685,0.462,0.973,0.0989;aaaaaaa;
0.89;0.702,0.894,0.918,0.0864,0.359,0.504,0.668,0.145,0.0671,0.466;aaaaaa;
0.992;0.919,0.319,0.865,0.427,0.572,0.919,0.36,0.784,0.181,0.358;aaaaaaa;
0.654;0.523,0.121,0.323,0.57,0.301,0.714,0.378,0.503,0.143,0.997;aaaaaaa;
0.999;0.686,0.719,0.0155,0.924,0.686,0.787,0.252,0.403,0.878,0.683;a;
0.641;0.677,0.175,0.663,0.494,0.703,0.39,0.399,0.44,0.527,0.484;aaaaaaaaa;
0.961;0.34,0.5,0.292,0.702,0.349,0.0595,0.888,0.156,0.218,0.3;aaaaaaaaaa;
0.269;0.892,0.286,0.635,0.409,0.71,0.866,0.942,0.551,0.6,0.992;aaaaa;
0.979;0.755,0.904,0.605,0.564,0.426,0.244,0.379,0.335,0.834,0.902;aaaa;
0.102;0.757,0.658,0.0246,0.269,0.41,0.155,0.0765,0.414,0.589,0.106;aaaaaaaa;
0.668;0.98,0.199,0.287,0.645,0.758,0.331,0.0235,0.105,0.245,0.249;aa;
0.763;0.412,0.426,0.615,0.264,0.248,0.408,0.9,0.538,0.469,0.0442;aaaaaaa;
0.424;0.777,0.989,0.265,0.0705,0.421,0.764,0.898,0.405,0.523,0.572;aa;
0.585;0.366,0.126,0.868,0.159,0.199,0.809,0.904,0.978,0.492,0.241;aa;
0.0825;0.237,0.668,0.159,0.403,0.303,0.784,0.349,0.993,0.202,0.437;aaaa;
0.487;0.323,0.882,0.289,0.711,0.0834,0.589,0.306,0.953,0.61,0.843;aaa;
0.525;0.758,0.844,0.534,0.687,0.0608,0.685,0.922,0.782,0.677,0.582;aaaa;
0.719;0.384,0.185,0.66,0.3,0.83,0.327,0.608,0.728,0.786,0.432;aaa;
0.387;0.937,0.637,0.341,0.704,0.688,0.922,0.0628,0.191,0.673,0.232;aaaaaaa;
0.879;0.129,0.992,0.155,0.967,0.116,0.416,0.971,0.14,0.37,0.932;aaa;
0.663;0.46,0.689,0.045,0.963,0.446,0.0963,0.264,0.248,0.857,0.336;aaaa;
0.533;0.928,0.672,0.199,0.79,0.017,0.457,0.119,0.991,0.536,0.285;a;
0.708;0.0376,0.0241,0.198,0.6,0.188,0.709,0.506,0.121,0.753,0.522;aaaa;
0.885;0.83,0.487,0.49,0.4,0.854,0.184,0.0842,0.402,0.0519,0.116;aaaa;
0.161;0.261,0.599,0.242,0.407,0.125,0.384,0.095,0.294,0.472,0.971;aaaaaaaaaa;
0.0996;0.517,0.924,0.988,0.448,0.453,0.416,0.58,0.943,0.102,0.315;aaaaaaaaa;
0.733;0.293,0.652,0.431,0.885,0.881,0.0291,0.506,0.6,0.16,0.0136;a;
0.412;0.68,0.277,0.2,0.53,0.257,0.984,0.723,0.426,0.444,0.154;a;
0.651;0.578,0.749,0.118,0.264,0.145,0.572,0.906,0.473,0.538,0.0939;aaaaaa;
0.304;0.0292,0.166,0.59,0.152,0.000433,0.897,0.357,0.586,0.64,0.851;aaaaaaa;
0.825;0.911,0.57,0.993,0.341,0.88,0.454,0.202,0.0871,0.342,0.172;aaaaaaaaa;
0.879;0.566,0.475,0.544,0.0278,0.527,0.0322,0.792,0.899,0.183,0.642;aa;
0.771;0.536,0.891,0.0512,0.516,0.295,0.623,0.452,0.597,0.149,0.15;aaaaaa;
0.413;0.664,0.858,0.357,0.264,0.509,0.272,0.268,0.552,0.978,0.42;aaaaaa;
0.482;0.893,0.176,0.599,0.524,0.306,0.482,0.427,0.877,0.92,0.391;aaa;
0.681;0.205,0.194,0.94,0.56,0.817,0.595,0.192,0.625,0.377,0.363;aaaaaa;
0.52;0.367,0.0177,0.749,0.132,0.0711,0.395,0.735,0.0337,0.956,0.00946;aaaaaa;
0.467;0.167,0.153,0.753,0.0381,0.803,0.14,0.282,0.591,0.218,0.158;aaa;
0.508;0.0992,0.545,0.149,0.226,0.0744,0.0778,0.866,0.297,0.0386,0.747;a;
0.0335;0.403,0.00483,0.437,0.528,0.278,0.524,0.431,0.221,0.332,0.808;aaa;
0.304;0.642,0.36,0.408,0.0171,0.284,0.639,0.778,0.746,0.312,0.781;aa;
0.0209;0.318,0.00631,0.914,0.545,0.222,0.225,0.568,0.757,0.863,0.432;aaaaa;
0.672;0.351,0.957,0.663,0.414,0.25,0.377,0.583,0.611,0.795,0.0557;aaaa;
0.904;0.225,0.216,0.772,0.235,0.16,0.423,0.639,0.0451,0.239,0.0979;aaaaaaaaaa;
0.363;0.535,0.271,0.256,0.396,0.0473,0.602,0.534,0.113,0.275,0.857;aaaaaaaa;
0.894;0.828,0.703,0.852,0.727,0.437,0.395,0.763,0.916,0.403,0.496;aaaaa;
0.795;0.425,0.333,0.573,0.579,0.606,0.0678,0.0948,0.469,0.176,0.669;aa;
0.395;0.639,0.256,0.388,0.719,0.559,0.503,0.654,0.248,0.66,0.662;aaaaaaaaaa;
0.0521;0.288,0.135,0.016,0.96,0.192,0.92,0.0269,0.399,0.666,0.596;aaaaaaaaa;
0.806;0.979,0.476,0.435,0.123,0.976,0.738,0.524,0.0374,0.864,0.519;aaaaa;
0.421;0.167,0.926,0.504,0.776,0.145,0.739,0.146,0.236,0.0442,0.965;a;
0.479;0.487,0.391,0.658,0.34,0.225,0.863,0.131,0.117,0.393,0.999;aaaaaaaaaa;
0.849;0.995,0.606,0.53,0.738,0.97,0.975,0.982,0.417,0.959,0.166;aaaa;
0.818;0.792,0.839,0.00126,0.966,0.442,0.398,0.723,0.151,0.756,0.965;aaaaaaaa;
0.378;0.0971,0.327,0.954,0.382,0.562,0.598,0.311,0.0294,0.836,0.855;aaa;
0.852;0.471,0.194,0.348,0.514,0.828,0.065,0.589,0.0026,0.0489,0.646;aaa;
0.0286;0.971,0.51,0.344,0.0693,0.504,0.0945,0.245,0.697,0.105,0.579;aa;
0.405;0.159,0.48,0.866,0.502,0.901,0.388,0.179,0.663,0.527,0.0155;aaaa;
0.764;0.0728,0.936,0.551,0.841,0.733,0.596,0.886,0.604,0.697,0.635;aaaaaaa;
0.251;0.838,0.45,0.178,0.507,0.642,0.237,0.202,0.264,0.413,0.521;aaaaaaaa;
0.08;0.0961,0.649,0.283,0.0559,0.817,0.583,0.403,0.524,0.526,0.443;aaaaaaaaaa;
0.694;0.683,0.488,0.93,0.786,0.759,0.771,0.437,0.1,0.116,0.204;a;
0.295;0.287,0.675,0.924,0.0805,0.818,0.911,0.153,0.166,0.371,0.773;aaa;
0.207;0.854,0.128,0.0316,0.825,0.018,0.667,0.26,0.705,0.119,0.0768;aaaaaaaa;
0.755;0.905,0.163,0.841,0.157,0.746,0.0556,0.402,0.649,0.872,0.817;aaaaaaa;
0.819;0.381,0.821,0.262,0.613,0.533,0.908,0.823,0.316,0.0324,0.849;aaaaa;
0.456;0.422,0.288,0.19,0.967,0.705,0.629,0.44,0.734,0.243,0.941;aaaaaaa;
0.474;0.719,0.234,0.725,0.706,0.408,0.576,0.518,0.977,0.323,0.906;aaa;
0.432;0.531,0.667,0.538,0.222,0.819,0.0202,0.885,0.237,0.918,0.0844;aaaa;
0.284;0.567,0.725,0.593,0.183,0.716,0.728,0.0304,0.509,0.984,0.908;aaaaaaaaa;
0.423;0.79,0.599,0.93,0.252,0.322,0.935,0.366,0.0467,0.0298,0.229;aaa;
0.248;0.893,0.743,0.00222,0.211,0.19,0.161,0.632,0.884,0.636,0.197;aaaaaaaa;
0.954;0.6,0.239,0.949,0.122,0.432,0.602,0.195,0.482,0.218,0.86;aaaaaa;
0.3;0.379,0.616,0.212,0.881,0.855,0.167,0.82,0.88,0.728,0.417;aaaaaaaaa;
0.575;0.373,0.87,0.691,0.467,0.736,0.734,0.988,0.88,0.915,0.361;aaaaa;
0.678;0.877,0.449,0.218,0.121,0.448,0.457,0.811,0.994,0.598,0.677;aaa;
0.871;0.603,0.906,0.383,0.804,0.459,0.87,0.643,0.942,0.401,0.376;aaaaaa;
0.391;0.888,0.949,0.131,0.82,0.262,0.0715,0.0801,0.801,0.192,0.729;aaaaaaaaa;
0.418;0.758,0.699,0.598,0.177,0.484,0.997,0.0734,0.0313,0.135,0.807;aaaaaa;
0.649;0.19,0.934,0.386,0.878,0.946,0.023,0.617,0.72,0.881,0.25;aaaaaaa;
0.139;0.418,0.992,0.242,0.762,0.175,0.213,0.36,0.415,0.772,0.243;aaaaaaaa;
0.996;0.279,0.843,0.481,0.704,0.0493,0.0116,0.271,0.763,0.363,0.205;aaaaaaaa;
0.355;0.289,0.622,0.905,0.846,0.00202,0.548,0.292,0.711,0.17,0.0887;aaaaaaaaaa;
0.35;0.0604,0.516,0.878,0.711,0.321,0.973,0.982,0.639,0.822,0.326;aaaaaaaaaa;
0.704;0.695,0.498,0.175,0.232,0.142,0.58,0.683,0.897,0.221,0.515;aaa;
0.244;0.677,0.424,0.261,0.186,0.596,0.0925,0.117,0.0105,0.331,0.0708;aaaaa;
0.266;0.852,0.331,0.196,0.714,0.161,0.765,0.262,0.0206,0.87,0.859;aaaaaa;
0.0199;0.835,0.726,0.799,0.224,0.244,0.623,0.971,0.788,0.844,0.346;aaaaaaaa;
0.97;0.625,0.681,0.159,0.43,0.175,0.9,0.432,0.133,0.422,0.735;aaa;
0.733;0.519,0.697,0.684,0.823,0.48,0.598,0.518,0.0331,0.0135,0.9;aaaaaaa;
0.545;0.881,0.462,0.472,0.471,0.986,0.914,0.256,0.569,0.74,0.151;aaaaaa;
0.433;0.597,0.302,0.93,0.378,0.0193,0.402,0.761,0.42,0.241,0.0251;aaaaaaa;
0.777;0.861,0.866,0.848,0.11,0.452,0.68,0.566,0.884,0.979,0.184;aaaaaaaaaa;
0.108;0.0631,0.711,0.0541,0.875,0.588,0.789,0.516,0.68,0.526,0.849;aaaaaaaaaa;
0.809;0.496,0.431,0.572,0.81,0.475,0.0257,0.774,0.846,0.886,0.814;aaaaaa;
0.0211;0.764,0.728,0.137,0.432,0.705,0.807,0.514,0.503,0.839,0.275;aaaaaaaaaa;
0.119;0.789,0.352,0.86,0.683,0.798,0.867,0.546,0.34,0.308,0.69;aaaaaa;
0.999;0.226,0.627,0.104,0.633,0.135,0.884,0.71,0.812,0.285,0.386;aa;
0.135;0.29,0.136,0.736,0.00979,0.88,0.429,0.432,0.114,0.198,0.429;a;
0.781;0.115,0.728,0.185,0.155,0.84,0.97,0.642,0.654,0.119,0.814;aa;
0.271;0.181,0.447,0.429,0.00483,0.532,0.305,0.982,0.228,0.12,0.549;aaaaa;
0.397;0.88,0.841,0.049,0.478,0.0866,0.278,1,0.3,0.976,0.432;a;
0.681;0.209,0.846,0.48,0.0311,0.974,0.585,0.152,0.824,0.562,0.905;a;
0.938;0.918,0.519,0.793,0.864,0.799,0.762,0.658,0.804,0.61,0.732;aaa;
0.982;0.341,0.885,0.967,0.973,0.148,0.519,0.517,0.956,0.532,0.801;aaaaaaa;
0.985;0.0109,0.499,0.557,0.53,0.125,0.765,0.299,0.636,0.0675,0.872;aaaaaaaa;
0.804;0.00611,0.604,0.577,0.631,0.785,0.23,0.764,0.871,0.57,0.263;aaa;
0.329;0.576,0.323,0.0372,0.96,0.457,0.386,0.487,0.793,0.236,0.43;aaaaaaa;
0.481;0.957,0.212,0.0521,0.107,0.88,0.345,0.676,0.0468,0.71,0.0765;aaaaaaa;
0.987;0.813,0.921,0.134,0.965,0.0563,0.441,0.461,0.657,0.0537,0.875;aa;
0.918;0.273,0.665,0.32,0.623,0.636,0.774,0.976,0.0582,0.62,0.303;aaaa;
0.41;0.361,0.132,0.0277,0.689,0.395,0.235,0.566,0.616,0.671,0.699;aaaa;
0.773;0.408,0.45,0.415,0.372,0.813,0.478,0.341,0.983,0.0293,0.379;aaaaaa;
0.629;0.775,0.447,0.495,0.905,0.992,0.157,0.526,0.388,0.0568,0.0727;aaaa;
0.329;0.65,0.672,0.222,0.189,0.698,0.533,0.56,0.618,0.539,0.945;aaaaaaa;
0.579;0.551,0.0504,0.49,0.104,0.718,0.455,0.416,0.0164,0.808,0.653;a;
0.286;0.372,0.391,0.622,0.38,0.504,0.255,0.918,0.579,0.597,0.461;aaaaaaaaa;
0.283;0.0524,0.0834,0.195,0.946,0.401,0.373,0.268,0.059,0.327,0.0652;a;
0.309;0.374,0.754,0.854,0.0478,0.998,0.711,0.648,0.687,0.128,0.114;aaaaaaaaa;
0.00597;0.38,0.82,0.903,0.778,0.426,0.697,0.487,0.796,0.0241,0.185;aaaaaaaaaa;
0.452;0.171,0.201,0.279,0.974,0.552,0.809,0.915,0.22,0.571,0.491;aaa;
0.913;0.392,0.928,0.103,0.032,0.0717,0.307,0.0464,0.861,0.34,0.36;aaaaaaa;
0.73;0.435,0.116,0.994,0.891,0.782,0.708,0.653,0.301,0.268,0.567;aaaaaa;
0.158;0.4,0.263,0.892,0.364,0.0498,0.81,0.474,0.449,0.931,0.102;aaaaaaa;
0.96;0.342,0.286,0.319,0.649,0.447,0.429,0.364,0.996,0.0494,0.296;aaaaaaaa;
0.61;0.605,0.112,0.992,0.669,0.844,0.222,0.988,0.389,0.295,0.583;aaa;
0.072;0.549,0.142,0.196,0.49,0.0772,0.163,0.149,0.878,0.716,0.0147;aaa;
0.182;0.943,0.432,0.348,0.155,0.868,0.906,0.807,0.627,0.871,0.774;aaaaaaaaa;
0.539;0.0362,0.131,0.476,0.949,0.314,0.983,0.86,0.466,0.788,0.103;aaaaaaaa;
0.952;0.717,0.361,0.353,0.935,0.629,0.752,0.543,0.146,0.0985,0.355;aa;
0.458;0.831,0.122,0.459,0.062,0.361,0.203,0.887,0.803,0.87,0.241;aa;
0.957;0.749,0.334,0.306,0.152,0.689,0.612,0.411,0.604,0.786,0.00681;a;
0.847;0.0268,0.739,0.814,0.0978,0.227,0.426,0.942,0.744,0.865,0.44;aaaaaaaaa;
0.376;0.803,0.982,0.436,0.229,0.342,0.453,0.302,0.441,0.259,0.041;aaaaaaa;
0.315;0.543,0.242,0.812,0.557,0.92,0.763,0.648,0.756,0.644,0.399;aaaa;
0.0179;0.371,0.463,0.645,0.64,0.573,0.427,0.0897,0.903,0.203,0.318;aaa;
0.419;0.436,0.397,0.237,0.178,0.587,0.35,0.275,0.38,0.00578,0.832;a;
0.995;0.404,0.831,0.898,0.368,0.977,0.531,0.631,0.804,0.608,0.614;aaa;
0.692;0.324,0.0432,0.86,0.474,0.869,0.969,0.425,0.437,0.667,0.189;aaa;
0.67;0.749,0.137,0.432,0.892,0.0307,0.548,0.886,0.425,0.983,0.157;aaaaaaaaa;
0.731;0.464,0.597,0.495,0.533,0.75,0.294,0.51,0.78,0.588,0.713;aaaaa;
0.191;0.829,0.344,0.965,0.585,0.88,0.71,0.542,0.557,0.279,0.977;aaaaaaa;
0.152;0.839,0.17,0.873,0.852,0.0252,0.15,0.923,0.662,0.67,0.00475;a;
0.497;0.465,0.821,0.865,0.612,0.0582,0.865,0.177,0.192,0.298,0.336;aaaaa;
0.264;0.0144,0.299,0.968,0.543,0.622,0.829,0.744,0.998,0.17,0.679;aaa;
0.554;0.976,0.373,0.526,0.201,0.828,0.213,0.304,0.337,0.794,0.784;a;
0.696;0.612,0.0901,0.483,0.814,0.183,0.325,0.966,0.892,0.0448,0.963;aaaaaaaaaa;
0.71;0.462,0.0817,0.964,0.749,0.394,0.798,0.737,0.956,0.00306,0.194;aaaa;
0.807;0.891,0.847,0.451,0.273,0.628,0.134,0.775,0.526,0.709,0.396;aaaaaaaaa;
0.937;0.315,0.925,0.578,0.229,0.425,0.569,0.912,0.903,0.96,0.667;aaaaaaaa;
0.355;0.793,0.926,0.171,0.141,0.333,0.342,0.0175,0.813,0.538,0.384;aaaaaaaaaa;
0.0104;0.605,0.412,0.493,0.206,0.335,0.776,0.91,0.67,0.432,0.426;aaa;
0.482;0.43,0.332,0.109,0.128,0.0493,0.0809,0.517,0.149,0.715,0.862;aaaaaaaa;
0.547;0.495,0.96,0.505,0.222,0.132,0.181,0.649,0.719,0.917,0.976;a;
0.451;0.715,0.531,0.973,0.00827,0.212,0.167,0.299,0.361,0.0605,0.539;aaaaaaaaa;
0.0685;0.969,0.838,0.923,0.28,0.826,0.403,0.817,0.72,0.75,0.0869;aaaaaaaa;
0.878;0.352,0.618,0.57,0.701,0.854,0.838,0.579,0.842,0.935,0.243;aaa;
0.1;0.794,0.117,0.54,0.973,0.764,0.374,0.785,0.386,0.769,0.0584;a;
0.11;0.428,0.903,0.604,0.49,0.725,0.325,0.75,0.0577,0.812,0.464;a;
0.959;0.495,0.992,0.558,0.479,0.738,0.43,0.265,0.445,0.36,0.489;aaaaa;
0.42;0.211,0.703,0.485,0.233,0.266,0.199,0.696,0.631,0.679,0.389;aaaaaaaaaa;
0.968;0.593,0.745,0.269,0.646,0.0987,0.483,0.311,0.0166,0.607,0.488;aaaaaaaaa;
0.581;0.0953,0.965,0.677,0.78,0.864,0.943,0.503,0.796,0.977,0.493;aaa;
0.808;0.975,0.333,0.828,0.755,0.473,0.475,0.912,0.664,0.809,0.226;a;
0.212;0.00599,0.306,0.661,0.78,0.231,0.0577,0.0785,0.123,0.801,0.152;aaaaaa;
0.192;0.86,0.496,0.315,0.93,0.328,0.525,0.657,0.325,0.992,0.119;aaaaaaa;
0.336;0.679,0.835,0.0976,0.372,0.85,0.276,0.211,0.867,0.97,0.959;aaaaaaa;
0.274;0.787,0.908,0.795,0.802,0.826,0.484,0.404,0.396,0.844,0.854;aaaa;
0.24;0.631,0.718,0.209,0.354,0.537,0.986,0.12,0.604,0.0692,0.373;aaaaaaa;
0.392;0.254,0.00625,0.138,0.0716,0.609,0.84,0.612,0.84,0.622,0.769;a;
0.941;0.985,0.132,0.928,0.223,0.359,0.876,0.417,0.0528,0.815,0.0972;aaaaa;
0.448;0.512,0.189,0.118,0.0721,0.534,0.13,0.515,0.288,0.411,0.779;aaa;
0.621;0.145,0.271,0.236,0.509,0.998,0.277,0.973,0.157,0.662,0.476;a;
0.672;0.774,0.0285,0.571,0.851,0.595,0.418,0.443,0.764,0.439,0.109;aaaaaa;
0.244;0.518,0.229,0.945,0.588,0.806,0.715,0.462,0.792,0.782,0.35;aaaaaaaa;
0.127;0.0197,0.978,0.827,0.245,0.134,0.33,0.317,0.181,0.614,0.705;aaaa;
0.114;0.427,0.825,0.172,0.87,0.373,0.808,0.0554,0.846,0.17,0.23;a;
0.834;0.69,0.133,0.469,0.153,0.463,0.56,0.561,0.53,0.861,0.31;a;
0.916;0.557,0.146,0.249,0.279,0.531,0.592,0.0248,0.498,0.0245,0.346;aaaaaaaaa;
0.185;0.974,0.593,0.423,0.222,0.717,0.617,0.721,0.745,0.0684,0.983;aaaaaa;
0.712;0.13,0.395,0.152,0.389,0.195,0.544,0.0582,0.874,0.0926,0.0885;aaaaaaaaa;
0.393;0.604,0.874,0.0169,0.104,0.817,0.976,0.5,0.981,0.419,0.111;aaaa;
0.178;0.537,0.00408,0.725,0.604,0.925,0.552,0.493,0.804,0.0677,0.669;a;
0.842;0.989,0.79,0.972,0.278,0.993,0.928,0.697,0.864,0.373,0.0486;aaaaaa;
0.938;0.594,0.18,0.101,0.632,0.446,0.244,0.395,0.261,0.851,0.65;a;
0.105;0.354,0.328,0.795,0.758,0.843,0.226,0.455,0.466,0.228,0.544;aaaaaaaaa;
0.671;0.351,0.0672,0.0123,0.851,0.895,0.364,0.916,0.967,0.249,0.591;aaaaaa;
0.533;0.748,0.58,0.894,0.236,0.964,0.155,0.038,0.186,0.652,0.394;aaaaaaaaaa;
0.88;0.881,0.222,0.73,0.182,0.466,0.0926,0.621,0.0111,0.655,0.104;aaaaaaaaaa;
0.307;0.67,0.42,0.367,0.313,0.58,0.674,0.264,0.827,0.981,0.115;aaaaaa;
0.34;0.698,0.61,0.816,0.739,0.0255,0.27,0.474,0.676,0.707,0.561;aaaaaaaaaa;
0.239;0.208,0.0427,0.818,0.619,0.134,0.723,0.129,0.289,0.643,0.98;aa;
0.444;0.133,0.105,0.918,0.097,0.463,0.396,0.83,0.165,0.219,0.698;aaa;
0.161;0.872,0.512,0.122,0.395,0.444,0.869,0.0684,0.878,0.164,0.275;a;
0.861;0.874,0.256,0.2,0.849,0.355,0.335,0.389,0.162,0.699,0.231;aaaa;
0.0201;0.381,0.654,0.843,0.399,0.527,0.39,0.933,0.682,0.788,0.61;aa;
0.289;0.0288,0.0893,0.792,0.408,0.13,0.658,0.436,0.447,0.774,0.136;aaa;
0.755;0.0338,0.614,0.381,0.343,0.0601,0.831,0.573,0.084,0.652,0.0594;aaaaaaaaa;
0.652;0.3,0.854,0.318,0.837,0.0784,0.364,0.601,0.559,0.362,0.277;aaaaaaaaa;
0.335;0.166,0.299,0.611,0.365,0.298,0.842,0.0606,0.939,0.555,0.0329;aaaaa;
0.0109;0.372,0.351,0.415,0.39,0.00742,0.628,0.245,0.493,0.771,0.502;aaaaaaa;
0.0435;0.201,0.76,0.216,0.675,0.854,0.856,0.0185,0.895,0.33,0.54;aaa;
0.57;0.36,0.691,0.388,0.23,0.314,0.625,0.434,0.42,0.0867,0.595;a;
0.59;0.383,0.585,0.123,0.0943,0.79,0.951,0.651,0.891,0.557,0.234;aaaaa;
0.0985;0.388,0.0805,0.275,0.457,0.4,0.759,0.238,0.941,0.0528,0.756;aaaaaa;
0.214;0.281,0.0866,0.784,0.893,0.0318,0.547,0.795,0.158,0.556,0.0745;aaaaaaaaaa;
0.846;0.869,0.512,0.0504,0.948,0.268,0.931,0.677,0.943,0.931,0.849;aaa;
0.153;0.309,0.989,0.396,0.958,0.471,0.362,0.906,0.796,0.747,0.0491;aaaaaa;
0.707;0.667,0.279,0.467,0.165,0.548,0.0108,0.468,0.397,0.254,0.863;aa;
0.19;0.52,0.291,0.613,0.156,0.781,0.837,0.987,0.946,0.0422,0.742;aaaa;
0.573;0.311,0.976,0.597,0.5,0.651,0.825,0.986,0.982,0.895,0.797;aaa;
0.0695;0.89,0.968,0.676,0.906,0.392,0.62,0.475,0.054,0.0366,0.527;aaaaaa;
0.643;0.0546,0.864,0.264,0.97,0.522,0.0189,0.944,0.997,0.86,0.0956;aaaaaaa;
0.257;0.47,0.97,0.0216,0.975,0.983,0.757,0.0192,0.646,0.0179,0.251;aaaaaaaaaa;
0.502;0.0182,0.142,0.507,0.644,0.585,0.014,0.795,0.242,0.113,0.035;aaaaaaaaaa;
0.141;0.136,0.878,0.902,0.391,0.79,0.223,0.64,0.492,0.681,0.967;a;
0.308;0.77,0.0734,0.918,0.662,0.889,0.554,0.817,0.318,0.289,0.0204;aaaaa;
0.241;0.501,0.605,0.284,0.865,0.501,0.538,0.401,0.811,0.0737,0.409;aaaaa;
0.107;0.209,0.765,0.558,0.606,0.125,0.274,0.0993,0.955,0.969,0.903;aaaaaaaaa;
0.905;0.778,0.976,0.289,0.603,0.16,0.539,0.118,0.646,0.251,0.188;aaa;
0.827;0.696,0.484,0.329,0.627,0.448,0.544,0.74,0.588,0.545,0.693;aaaaaaaaaa;
0.589;0.0425,0.609,0.423,0.59,0.556,0.676,0.917,0.874,0.226,0.722;aaaaa;
0.27;0.895,0.87,0.528,0.308,0.667,0.902,0.863,0.485,0.204,0.896;aaa;
0.554;0.414,0.867,0.931,0.421,0.549,0.288,0.418,0.0103,0.0712,0.881;aaaaaaaa;
0.495;0.461,0.296,0.831,0.00175,0.362,0.856,0.431,0.826,0.39,0.588;aaaaaaa;
0.501;0.39,0.939,0.33,0.0604,0.0508,0.354,0.45,0.843,0.0513,0.269;aaaaaaaaa;
0.918;0.722,0.912,0.707,0.643,0.474,0.483,0.937,0.332,0.692,0.65;aaaaaaaaaa;
0.885;0.23,0.104,0.425,0.453,0.198,0.619,0.172,0.987,0.951,0.554;aaaaaaaaaa;
0.183;0.111,0.403,0.491,0.91,0.108,0.928,0.296,0.17,0.698,0.908;aa;
0.0824;0.786,0.624,0.396,0.765,0.789,0.698,0.0774,0.183,0.377,0.428;aaa;
0.158;0.911,0.517,0.00936,0.0266,0.787,0.956,0.336,0.485,0.927,0.328;aaaa;
0.633;0.101,0.194,0.246,0.182,0.528,0.127,0.159,0.773,0.0802,0.984;aaa;
0.978;0.303,0.869,0.985,0.76,0.392,0.676,0.036,0.956,0.801,0.465;a;
0.667;0.178,0.647,0.598,0.00673,0.794,0.566,0.198,0.346,0.363,0.63;aaaaaaaaa;
0.104;0.607,0.0836,0.221,0.317,0.797,0.247,0.792,0.0512,0.208,0.47;aaaaaaaa;
0.755;0.815,0.395,0.434,0.669,0.251,0.0561,0.281,0.997,0.421,0.74;aaa;
0.514;0.785,0.55,0.153,0.467,0.356,0.911,0.0441,0.176,0.299,0.0809;aaaaaaaa;
0.123;0.896,0.424,0.949,0.277,0.285,0.94,0.345,0.0829,0.116,0.18;aa;
0.197;0.56,0.934,0.945,0.368,0.748,0.233,0.858,0.018,0.755,0.912;a;
0.619;0.963,0.634,0.832,0.906,0.242,0.12,0.642,0.0637,0.274,0.444;aaaaaa;
0.561;0.676,0.0621,0.702,0.397,0.174,0.689,0.526,0.818,0.755,0.469;aaaaa;
0.995;0.979,0.934,0.131,0.972,0.156,0.777,0.157,0.838,0.884,0.0283;aaaaa;
0.888;0.846,0.766,0.0577,0.367,0.114,0.2,0.824,0.694,0.66,0.64;a;
0.691;0.516,0.835,0.866,0.2,0.55,0.798,0.722,0.0739,0.885,0.559;aaa;
0.693;0.457,0.0452,0.621,0.933,0.117,0.0786,0.216,0.591,0.64,0.759;aaaaaaa;
0.0514;0.847,0.27,0.27,0.612,0.535,0.735,0.228,0.156,0.187,0.46;aaaaaaaa;
0.629;0.273,0.246,0.179,0.234,0.198,0.295,0.531,0.0858,0.957,0.0694;aaaa;
0.16;0.157,0.768,0.831,0.961,0.498,0.806,0.941,0.227,0.269,0.598;aaaaa;
0.815;0.534,0.584,0.456,0.571,0.699,0.561,0.707,0.724,0.502,0.723;aaaa;
0.564;0.0689,0.168,0.917,0.267,0.759,0.62,0.153,0.552,0.76,0.528;aaaaaaaaaa;
0.897;0.868,0.0502,0.0573,0.434,0.998,0.471,0.562,0.0803,0.713,0.363;a;
0.873;0.464,0.505,0.289,0.653,0.303,0.798,0.534,0.737,1,0.825;aaa;
0.487;0.454,0.798,0.615,0.756,0.956,0.457,0.628,0.455,0.281,0.933;aa;
0.958;0.427,0.664,0.76,0.645,0.838,0.368,0.553,0.205,0.512,0.28;aaaa;
0.682;0.244,0.153,0.311,0.293,0.913,0.962,0.581,0.939,0.243,0.824;a;
0.458;0.364,0.973,0.326,0.533,0.987,0.892,0.785,0.144,0.135,0.395;aa;
0.391;0.805,0.199,0.791,0.24,0.255,0.496,0.351,0.456,0.776,0.632;aaaaa;
0.312;0.0558,0.221,0.343,0.459,0.312,0.412,0.765,0.287,0.84,0.834;aaaaaaaa;
0.943;0.115,0.977,0.528,0.942,0.59,0.623,0.89,0.526,0.354,0.00979;aaa;
0.633;0.818,0.789,0.778,0.835,0.739,0.0732,0.389,0.657,0.551,0.651;aaaaaaaaa;
0.327;0.246,0.181,0.0953,0.135,0.143,0.207,0.542,0.96,0.657,0.22;aaaaaaaaaa;
0.816;0.0375,0.0606,0.521,0.74,0.869,0.186,0.127,0.497,0.237,0.09;aaaaa;
0.989;0.548,0.316,0.474,0.688,0.436,0.144,0.0595,0.699,0.513,0.0928;aaaaaaaa;
0.29;0.792,0.158,0.412,0.191,0.385,0.224,0.419,0.642,0.857,0.102;aaa;
0.676;0.153,0.286,0.0201,0.799,0.724,0.936,0.276,0.784,0.45,0.123;aaaaa;
0.597;0.197,0.881,0.454,0.507,0.0626,0.562,0.764,0.465,0.367,0.597;aaaaa;
0.504;0.33,0.515,0.894,0.759,0.32,0.716,0.486,0.721,0.227,0.345;aaaaaaaa;
0.324;0.978,0.608,0.827,0.504,0.413,0.642,0.0663,0.0946,0.23,0.332;aaaaaaaa;
0.562;0.78,0.346,0.906,0.32,0.309,0.478,0.388,0.553,0.16,0.0378;aaa;
0.787;0.795,0.755,0.765,0.129,0.651,0.854,0.66,0.826,0.959,0.699;aaaaa;
0.23;0.0137,0.265,0.707,0.879,0.0721,0.346,0.665,0.78,0.931,0.594;a;
0.873;0.388,0.857,0.157,0.919,0.405,0.203,0.641,0.558,0.984,0.0235;aaaaaaaaa;
0.559;0.708,0.427,0.255,0.399,0.369,0.966,0.63,0.145,0.156,0.702;aaaaa;
0.476;0.719,0.498,0.206,0.474,0.346,0.978,0.542,0.726,0.017,0.602;aaaaaaa;
0.00525;0.694,0.308,0.815,0.15,0.357,0.231,0.431,0.978,0.878,0.745;aaaaaaaa;
0.947;0.209,0.64,0.898,0.0114,0.227,0.0844,0.525,0.395,0.363,0.851;aaaaaaaa;
0.393;0.746,0.263,0.791,0.219,0.441,0.982,0.505,0.744,0.324,0.933;aaaaa;
0.5;0.846,0.854,0.169,0.923,0.275,0.177,0.315,0.949,0.877,0.26;aaaaaaaaa;
0.859;0.133,0.145,0.91,0.725,0.771,0.4,0.431,0.946,0.841,0.438;a;
0.918;0.412,0.105,0.665,0.794,0.0324,0.596,0.417,0.36,0.0239,0.88;a;
0.748;0.23,0.678,0.209,0.598,0.25,0.465,0.219,0.0595,0.659,0.136;aaaaaa;
0.803;0.715,0.712,0.4,0.278,0.43,0.72,0.251,0.798,0.852,0.375;aaa;
0.978;0.138,0.702,0.171,0.645,0.592,0.4,0.0445,0.533,0.574,0.625;aaaaaa;
0.999;0.521,0.623,0.944,0.525,0.709,0.63,0.274,0.849,0.844,0.938;aaaa;
0.66;0.609,0.194,0.858,0.152,0.271,0.474,0.62,0.819,0.178,0.765;aaa;
0.986;0.0746,0.109,0.259,0.728,0.505,0.262,0.475,0.897,0.536,0.282;aaa;
0.12;0.0501,0.413,0.246,0.814,0.556,0.842,0.249,0.579,0.666,0.379;aaaa;
0.651;0.322,0.967,0.136,0.629,0.586,0.929,0.335,0.88,0.946,0.747;aaaaa;
0.575;0.497,0.16,0.567,0.593,0.577,0.125,0.917,0.928,0.989,0.842;aaaaaaaaa;
0.986;0.0746,0.109,0.259,0.728,0.505,0.262,0.475,0.897,0.536,0.282;aaaaaa;
0.12;0.0501,0.413,0.246,0.814,0.556,0.842,0.249,0.579,0.666,0.379;aa;
0.651;0.322,0.967,0.136,0.629,0.586,0.929,0.335,0.88,0.946,0.747;aaaaaa;
0.575;0.497,0.16,0.567,0.593,0.577,0.125,0.917,0.928,0.989,0.842;aaa;
0.986;0.0746,0.109,0.259,0.728,0.505,0.262,0.475,0.897,0.536,0.282;aaa;
0.12;0.0501,0.413,0.246,0.814,0.556,0.842,0.249,0.579,0.666,0.379;aaaaaaaaaa;
0.651;0.322,0.967,0.136,0.629,0.586,0.929,0.335,0.88,0.946,0.747;aaaaaa;
0.31;0.222,0.324,0.506,0.62,0.347,0.573,0.581,0.279,0.907,0.498;aa;
0.575;0.497,0.16,0.567,0.593,0.577,0.125,0.917,0.928,0.989,0.842;aaaaaaaaaa;
0.986;0.0746,0.109,0.259,0.728,0.505,0.262,0.475,0.897,0.536,0.282;aa;
0.12;0.0501,0.413,0.246,0.814,0.556,0.842,0.249,0.579,0.666,0.379;aaa;
0.651;0.322,0.967,0.136,0.629,0.586,0.929,0.335,0.88,0.946,0.747;aaaa;
0.31;0.222,0.324,0.506,0.62,0.347,0.573,0.581,0.279,0.907,0.498;aaaaaa;
0.575;0.497,0.16,0.567,0.593,0.577,0.125,0.917,0.928,0.989,0.842;aaaaa;
0.986;0.0746,0.109,0.259,0.728,0.505,0.262,0.475,0.897,0.536,0.282;aaaa;
0.12;0.0501,0.413,0.246,0.814,0.556,0.842,0.249,0.579,0.666,0.379;aaaaaaaa;
0.651;0.322,0.967,0.136,0.629,0.586,0.929,0.335,0.88,0.946,0.747;aaaa;
0.31;0.222,0.324,0.506,0.62,0.347,0.573,0.581,0.279,0.907,0.498;aa;
