ATT0(string,1);ATT1(float,10);ATT2(string,10);
a;0.835,0.777,0.79,0.92,0.163,0.873,0.795,0.791,0.934,0.622;a;
a;0.847,0.947,0.781,0.25,0.429,0.851,0.998,0.503,0.301,0.657;aaaa;
a;0.664,0.445,0.465,0.217,0.00829,0.909,0.79,0.929,0.586,0.307;aaaaa;
a;0.733,0.944,0.0332,0.501,0.387,0.588,0.118,0.342,0.473,0.148;aaaa;
a;0.528,0.718,0.487,0.75,0.862,0.973,0.0171,0.129,0.513,0.863;aaaaaaaa;
a;0.0961,0.554,0.538,0.0179,0.397,0.452,0.597,0.687,0.846,0.0949;aaaa;
a;0.716,0.655,0.917,0.936,0.116,0.462,0.223,0.805,0.855,0.294;aaaaa;
a;0.445,0.874,0.725,0.382,0.953,0.0402,0.791,0.166,0.924,0.858;aaa;
a;0.71,0.192,0.759,0.31,0.164,0.0479,0.266,0.0304,0.49,0.785;aaaa;
a;0.871,0.868,0.488,0.984,0.529,0.917,0.974,0.791,0.919,0.678;aaaa;
a;0.972,0.105,0.0689,0.664,0.267,0.278,0.771,0.0238,0.473,0.608;aa;
a;0.671,0.693,0.715,0.706,0.888,0.0197,0.0569,0.846,0.919,0.601;aaaaaa;
a;0.976,0.729,0.365,0.813,0.0199,0.522,0.122,0.224,0.809,0.363;aaaaaaaa;
a;0.802,0.486,0.0801,0.0275,0.244,0.388,0.279,0.712,0.316,0.294;aaaaaa;
a;0.731,0.52,0.845,0.317,0.712,0.168,0.609,0.456,0.035,0.673;aaaaaaaaaa;
a;0.242,0.444,0.697,0.53,0.16,0.501,0.482,0.278,0.0684,0.423;aaaaa;
a;0.703,0.534,0.703,0.786,0.342,0.533,0.265,0.531,0.629,0.985;aaaaaa;
a;0.886,0.438,0.407,0.624,0.944,0.575,0.43,0.379,0.696,0.816;aa;
a;0.329,0.709,0.676,0.515,0.607,0.16,0.98,0.617,0.153,0.906;aaaaaaaaaa;
a;0.0836,0.59,0.455,0.958,0.579,0.85,0.199,0.264,0.586,0.0699;a;
a;0.736,0.18,0.301,0.281,0.205,0.369,0.612,0.309,0.778,0.126;aaaaaaa;
a;0.622,0.734,0.351,0.415,0.134,0.386,0.949,0.913,0.761,0.0895;aaaaaa;
a;0.55,0.333,0.39,0.283,0.801,0.479,0.485,0.344,0.222,0.47;aaaaaaa;
a;0.737,0.476,0.843,0.824,0.119,0.394,0.959,0.982,0.818,0.808;aaa;
a;0.928,0.396,0.272,0.953,0.719,0.243,0.948,0.434,0.623,0.536;aaaaaaaaaa;
a;0.25,0.132,0.0422,0.475,0.954,0.149,0.458,0.941,0.912,0.818;aa;
a;0.937,0.127,0.589,0.88,0.794,0.286,0.551,0.645,0.414,0.803;aaaaaaa;
a;0.122,0.511,0.624,0.142,0.0678,0.549,0.308,0.9,0.897,0.315;aaaaa;
a;0.536,0.973,0.704,0.711,0.237,0.456,0.871,0.555,0.576,0.166;aaaaaaa;
a;0.538,0.872,0.616,0.631,0.144,0.638,0.0406,0.327,0.25,0.884;a;
a;0.682,0.711,0.383,0.124,0.612,0.899,0.963,0.239,0.617,0.23;aaaaaaa;
a;0.728,0.728,0.267,0.291,0.459,0.0308,0.42,0.33,0.84,0.541;aaaaaaaaa;
a;0.121,0.839,0.0905,0.73,0.831,0.521,0.133,0.272,0.615,0.758;aaaaaaaa;
a;0.546,0.0745,0.939,0.0275,0.252,0.86,0.601,0.182,0.579,0.445;aa;
a;0.274,0.253,0.842,0.96,0.0117,0.145,0.892,0.342,0.312,0.299;aaaaaa;
a;0.523,0.58,0.559,0.9,0.565,0.164,0.0791,0.454,0.093,0.8;aaaa;
a;0.855,0.0958,0.508,0.0453,0.41,0.675,0.363,0.921,0.996,0.109;aaaaa;
a;0.973,0.976,0.715,0.694,0.358,0.137,0.492,0.892,0.667,0.75;aa;
a;0.145,0.148,0.793,0.551,0.909,0.579,0.399,0.224,0.829,0.359;aaaaaaaa;
a;0.675,0.00125,0.574,0.111,0.626,0.781,0.58,0.575,0.593,0.861;aaa;
a;0.212,0.0555,0.602,0.0945,0.561,0.297,0.721,0.24,0.608,0.0714;a;
a;0.8,0.954,0.778,0.711,0.357,0.623,0.0296,0.235,0.077,0.879;aaaaa;
a;0.282,0.442,0.638,0.77,0.803,0.765,0.417,0.555,0.911,0.584;aaaaaa;
a;0.423,0.756,0.0323,0.362,0.202,0.535,0.406,0.565,0.937,0.091;aaa;
a;0.45,0.689,0.722,0.000764,0.607,0.202,0.274,0.747,0.77,0.427;aaaaaa;
a;0.677,0.712,0.599,0.914,0.467,0.0585,0.426,0.342,0.491,0.231;a;
a;0.749,0.206,0.18,0.787,0.725,0.754,0.184,0.758,0.359,0.286;aaa;
a;0.81,0.887,0.793,0.891,0.0186,0.839,0.548,0.24,0.906,0.669;aaaa;
a;0.608,0.786,0.539,0.0677,0.73,0.213,0.825,0.845,0.217,0.49;aaaaaaaaaa;
a;0.227,0.597,0.899,0.179,0.555,0.659,0.24,0.0681,0.688,0.114;aaaaaaa;
a;0.345,0.97,0.395,0.896,0.534,0.193,0.421,0.338,0.422,0.679;aa;
a;0.837,0.235,0.285,0.839,0.759,0.406,0.735,0.728,0.868,0.369;aaa;
a;0.721,0.353,0.493,0.101,0.142,0.0978,0.917,0.359,0.93,0.985;aaaaaa;
a;0.781,0.0275,0.812,0.706,0.0414,0.136,0.293,0.403,0.927,0.634;aa;
a;0.401,0.521,0.575,0.599,0.0221,0.473,0.0517,0.579,0.691,0.225;aaaaaaaaa;
a;0.861,0.959,0.805,0.246,0.606,0.587,0.0378,0.921,0.294,0.81;aa;
a;0.711,0.652,0.138,0.113,0.231,0.482,0.253,0.0757,0.662,0.766;aaaaaa;
a;0.717,0.355,0.611,0.131,0.918,0.21,0.966,0.656,0.754,0.628;aaaa;
a;0.65,0.243,0.63,0.404,0.149,0.182,0.467,0.873,0.476,0.13;aaaaa;
a;0.0626,0.45,0.0293,0.242,0.842,0.12,0.0885,0.872,0.555,0.622;aaaaa;
a;0.281,0.376,0.402,0.804,0.0379,0.262,0.577,0.77,0.296,0.577;aaaaaa;
a;0.0353,0.561,0.229,0.189,0.982,0.875,0.39,0.224,0.655,0.216;aaaaaaaaaa;
a;0.923,0.673,0.889,0.72,0.835,0.146,0.0671,0.0754,0.625,0.902;aaa;
a;0.43,0.631,0.762,0.435,0.626,0.686,0.794,0.864,0.771,0.026;a;
a;0.572,0.215,0.488,0.297,0.239,0.385,0.787,0.88,0.413,0.665;aaaa;
a;0.51,0.489,0.806,0.731,0.823,0.0554,0.837,0.282,0.894,0.694;a;
a;0.112,0.684,0.383,0.153,0.48,0.7,0.467,0.287,0.591,0.115;aa;
a;0.859,0.381,0.667,0.553,0.385,0.266,0.367,0.548,0.74,0.428;aa;
a;0.88,0.771,0.775,0.497,0.717,0.597,0.206,0.542,0.274,0.719;aaaa;
a;0.6,0.0385,0.636,0.368,0.683,0.309,0.126,0.835,0.841,0.23;aa;
a;0.992,0.582,0.813,0.919,0.404,0.522,0.418,0.47,0.631,0.906;aaaaaa;
a;0.761,0.0807,0.903,0.633,0.0356,0.752,0.742,0.716,0.743,0.327;a;
a;0.829,0.465,0.499,0.0333,0.762,0.276,0.365,0.0179,0.223,0.0482;aa;
a;0.127,0.115,0.432,0.214,0.966,0.273,0.0571,0.106,0.494,0.394;aaaaaaa;
a;0.555,0.714,0.0472,0.203,0.0103,0.855,0.574,0.429,0.389,0.938;aaaaaa;
a;0.821,0.78,0.554,0.95,0.538,0.322,0.528,0.166,0.619,0.503;aaaaaaa;
a;0.728,0.879,0.886,0.555,0.848,0.378,0.251,0.632,0.0554,0.356;aaa;
a;0.963,0.862,0.808,0.275,0.74,0.523,0.493,0.118,0.713,0.609;a;
a;0.785,0.598,0.941,0.488,0.721,0.793,0.683,0.888,0.479,0.761;aaaaaaaaa;
a;0.561,0.207,0.277,0.25,0.0666,0.678,0.00438,0.671,0.924,0.255;aaaaaaaaa;
a;0.776,0.642,0.116,0.906,0.902,0.27,0.703,0.345,0.759,0.602;aaaaaaaaaa;
a;0.202,0.301,0.0533,0.731,0.0974,0.772,0.441,0.708,0.756,0.447;aaaaaaaa;
a;0.853,0.157,0.857,0.185,0.483,0.459,0.906,0.378,0.499,0.722;aaaaa;
a;0.48,0.881,0.351,0.156,0.0307,0.954,0.575,0.614,0.459,0.0421;aaa;
a;0.666,0.798,0.022,0.597,0.0431,0.781,0.358,0.973,0.812,0.237;aaaaaaaa;
a;0.982,0.513,0.552,0.838,0.925,0.307,0.992,0.37,0.204,0.797;aaaaa;
a;0.829,0.695,0.152,0.951,0.811,0.909,0.737,0.443,0.413,0.832;aaaaaaa;
a;0.737,0.17,0.931,0.864,0.581,0.872,0.524,0.932,0.698,0.321;aaaaaaa;
a;0.0738,0.653,0.573,0.144,0.016,0.116,0.886,0.564,0.815,0.564;aaaa;
a;0.768,0.0852,0.646,0.816,0.657,0.624,0.0416,0.256,0.464,0.928;aaaaaa;
a;0.548,0.687,0.326,0.202,0.242,0.748,0.513,0.419,0.645,0.477;aaaaaaaaaa;
a;0.765,0.0574,0.966,0.425,0.692,0.481,0.0188,0.0715,0.487,0.393;a;
a;0.303,0.166,0.378,0.285,0.975,0.955,0.692,0.594,0.0358,0.586;aaaaa;
a;0.0172,0.833,0.0373,0.813,0.115,0.501,0.642,0.0634,0.0302,0.26;a;
a;0.6,0.61,0.521,0.103,0.199,0.103,0.521,0.426,0.775,0.334;aaa;
a;0.635,0.237,0.361,0.561,0.00577,0.753,0.836,0.495,0.703,0.49;aaaaaaaa;
a;0.0738,0.723,0.594,0.871,0.159,0.17,0.541,0.227,0.331,0.678;aa;
a;0.547,0.182,0.568,0.447,0.329,0.227,0.058,0.903,0.837,0.0593;aaaaaaa;
a;0.191,0.675,0.701,0.144,0.961,0.397,0.69,0.911,0.872,0.8;aaaaaaa;
a;0.338,0.0458,0.649,0.526,0.542,0.415,0.725,0.702,0.836,0.492;aa;
a;0.514,0.757,0.114,0.925,0.373,0.199,0.439,0.96,0.354,0.138;aaaaa;
a;0.212,0.0393,0.371,0.35,0.488,0.592,0.481,0.888,0.961,0.927;aaaaaaaaaa;
a;0.39,0.588,0.545,0.682,0.112,0.0307,0.0455,0.654,0.475,0.194;aaaaaaaaaa;
a;0.057,0.305,0.308,0.118,0.598,0.615,0.995,0.841,0.729,0.197;aa;
a;0.675,0.897,0.226,0.275,0.467,0.349,0.706,0.896,0.495,0.242;aaaaaaaaa;
a;0.244,0.531,0.678,0.654,0.53,0.934,0.141,0.664,0.106,0.974;aaaaaaaaa;
a;0.191,0.257,0.475,0.828,0.0621,0.534,0.027,0.962,0.251,0.909;aaaaa;
a;0.2,0.812,0.856,0.125,0.981,0.277,0.00772,0.231,0.42,0.989;aaaaaa;
a;0.191,0.609,0.606,0.382,0.818,0.463,0.616,0.621,0.147,0.685;aaa;
a;0.73,0.264,0.694,0.642,0.772,0.108,0.43,0.699,0.208,0.77;aaaaa;
a;0.79,0.525,0.327,0.991,0.179,0.193,0.654,0.379,0.163,0.228;aaaaaaaa;
a;0.148,0.149,0.613,0.271,0.436,0.993,0.108,0.937,0.0868,0.929;aaaaaa;
a;0.816,0.275,0.795,0.483,0.488,0.136,0.395,0.503,0.744,0.779;aaaa;
a;0.0927,0.157,0.658,0.899,0.0512,0.28,0.677,0.481,0.307,0.0542;aaaaaaaaa;
a;0.918,0.918,0.607,0.86,0.663,0.385,0.943,0.42,0.857,0.498;aaaaaaa;
a;0.723,0.29,0.436,0.591,0.748,0.0769,0.0762,0.502,0.765,0.986;aaaa;
a;0.486,0.233,0.472,0.769,0.307,0.86,0.664,0.27,0.616,0.462;aa;
a;0.87,0.58,0.397,0.654,0.498,0.12,0.612,0.637,0.19,0.86;aaa;
a;0.58,0.257,0.698,0.912,0.243,0.791,0.889,0.967,0.836,0.452;aaaa;
a;0.144,0.278,0.579,0.817,0.065,0.102,0.824,0.367,0.363,0.649;a;
a;0.666,0.347,0.85,0.266,0.0207,0.843,0.397,0.289,0.515,0.608;aaaaa;
a;0.943,0.353,0.375,0.785,0.29,0.00967,0.614,0.484,0.981,0.623;aaaaa;
a;0.961,0.393,0.23,0.551,0.703,0.491,0.0338,0.712,0.171,0.467;aaaaaaaaaa;
a;0.541,0.0709,0.437,0.335,0.371,0.238,0.396,0.647,0.112,0.618;aaa;
a;0.717,0.427,0.971,0.214,0.93,0.247,0.534,0.776,0.912,0.108;aaaaa;
a;0.384,0.778,0.168,0.00545,0.889,0.13,0.967,0.922,0.125,0.767;aaaaaaaa;
a;0.612,0.0547,0.694,0.901,0.903,0.837,0.404,0.0851,0.835,0.456;aaaaa;
a;0.746,0.49,0.92,0.158,0.695,0.831,0.649,0.483,0.19,0.238;aaaaaaa;
a;0.716,0.316,0.996,0.523,0.291,0.374,0.104,0.0892,0.441,0.471;aaaaa;
a;0.375,0.899,0.722,0.908,0.244,0.658,0.545,0.0681,0.862,0.163;aaaaa;
a;0.402,0.702,0.896,0.61,0.764,0.709,0.472,0.157,0.0456,0.125;aa;
a;0.28,0.903,0.751,0.504,0.751,0.0418,0.533,0.77,0.154,0.36;aaaaaaaaa;
a;0.664,0.735,0.181,0.669,0.216,0.829,0.227,0.89,1,0.26;aaaaaaaaa;
a;0.493,0.779,0.556,0.756,0.581,0.501,0.0505,0.253,0.0616,0.158;aaaaaaaa;
a;0.839,0.884,0.33,0.807,0.613,0.719,0.0324,0.519,0.483,0.858;aaa;
a;0.254,0.712,0.638,0.6,0.847,0.636,0.809,0.38,0.197,0.094;aaaa;
a;0.273,0.281,0.578,0.901,0.569,0.0346,0.0732,0.12,0.995,0.732;aa;
a;0.0577,0.567,0.746,0.0829,0.986,0.211,0.0644,0.885,0.958,0.316;aaaa;
a;0.127,0.359,0.888,0.589,0.0701,0.0214,0.472,0.328,0.168,0.933;aa;
a;0.654,0.89,0.531,0.737,0.273,0.342,0.932,0.362,0.259,0.788;a;
a;0.388,0.623,0.373,0.429,0.157,0.801,0.479,0.0571,0.19,0.979;a;
a;0.842,0.0799,0.412,0.98,0.767,0.935,0.671,0.784,0.882,0.491;aaaaaa;
a;0.236,0.112,0.286,0.304,0.494,0.719,0.451,0.713,0.315,0.465;aaaaaaaaa;
a;0.132,0.861,0.291,0.122,0.729,0.998,0.401,0.698,0.788,0.655;aaaaaaaa;
a;0.423,0.185,0.773,0.442,0.827,0.873,0.709,0.774,0.925,0.774;aaaa;
a;0.922,0.389,0.804,0.147,0.995,0.652,0.712,0.229,0.333,0.892;aaaaaaaaa;
a;0.343,0.613,0.59,0.168,0.486,0.595,0.929,0.951,0.658,0.372;aaaaaaaa;
a;0.0869,0.869,0.0998,0.461,0.936,0.309,0.99,0.0613,0.223,0.478;aaaaaa;
a;0.584,0.577,0.335,0.707,0.109,0.497,0.97,0.368,0.649,0.134;aaaaaaa;
a;0.557,0.664,0.453,0.668,0.126,0.701,0.316,0.183,0.955,0.617;aaaaaa;
a;0.73,0.449,0.305,0.166,0.908,0.542,0.112,0.00407,0.672,0.0797;aaaaaaaa;
a;0.229,0.752,0.0842,0.33,0.629,0.764,0.611,0.651,0.686,0.935;aaaaaaaaa;
a;0.666,0.572,0.699,0.516,0.735,0.832,0.0343,0.0121,0.434,0.113;aaaaaaaaa;
a;0.0139,0.343,0.564,0.833,0.397,0.384,0.62,0.0162,0.335,0.565;aaaaaaaaa;
a;0.313,0.508,0.979,0.446,0.186,0.743,0.133,0.799,0.518,0.156;aaaaaa;
a;0.782,0.344,0.369,0.856,0.371,0.864,0.574,0.622,0.501,0.0572;aaaa;
a;0.489,0.721,0.266,0.665,0.138,0.397,0.163,0.152,0.727,0.915;aaaa;
a;0.116,0.704,0.424,0.485,0.682,0.85,0.858,0.929,0.904,0.448;aaaaaaa;
a;0.478,0.351,0.0327,0.273,0.52,0.774,0.504,0.363,0.777,0.863;aaaaaa;
a;0.478,0.735,0.305,0.373,0.652,0.454,0.686,0.5,0.374,0.0327;aaaaaaaa;
a;0.35,0.34,0.566,0.358,0.709,0.29,0.0355,0.971,0.381,0.96;aaaaa;
a;0.745,0.883,0.24,0.425,0.0847,0.748,0.0622,0.908,0.0333,0.534;aaaaaaaaaa;
a;0.341,0.231,0.794,0.82,0.852,0.219,0.982,0.0312,0.491,0.748;aaaaaa;
a;0.288,0.917,0.555,0.656,0.481,0.0821,0.194,0.953,0.178,0.739;aaaaaaaaa;
a;0.763,0.916,0.686,0.763,0.481,0.698,0.876,0.903,0.215,0.5;a;
a;0.449,0.816,0.605,0.672,0.55,0.0185,0.178,0.614,0.298,0.707;aaaaaa;
a;0.744,0.0953,0.105,0.898,0.178,0.258,0.728,0.604,0.663,0.107;aaaaaaa;
a;0.453,0.029,0.0175,0.932,0.544,0.257,0.503,0.884,0.629,0.0689;aaaaaaa;
a;0.615,0.389,0.748,0.241,0.9,0.155,0.94,0.718,0.768,0.783;aaaaaaa;
a;0.783,0.147,0.557,0.93,0.92,0.985,0.266,0.402,0.759,0.698;aaaaaaa;
a;0.156,0.811,0.729,0.379,0.576,0.444,0.483,0.716,0.587,0.753;aaaaaa;
a;0.169,0.489,0.215,0.332,0.334,0.976,0.824,0.378,0.713,0.107;aaaaaaaaa;
a;0.00326,0.767,0.371,0.456,0.436,0.57,0.425,0.945,0.176,0.921;aaaaaa;
a;0.0602,0.368,0.387,0.0139,0.842,0.837,0.0907,0.328,0.418,0.486;aaaaaaaa;
a;0.603,0.363,0.821,0.202,0.948,0.753,0.169,0.627,0.707,0.168;aaa;
a;0.358,0.438,0.0867,0.498,0.334,0.59,0.302,0.987,0.648,0.436;aaa;
a;0.485,0.851,0.297,0.882,0.927,0.937,0.378,0.269,0.207,0.314;aaaaaaaaa;
a;0.282,0.008,0.813,0.298,0.75,0.791,0.674,0.11,0.832,0.359;aaaaaa;
a;0.798,0.487,0.0495,0.946,0.547,0.489,0.709,0.154,0.264,0.948;aaaaaaa;
a;0.805,0.59,0.68,0.976,0.89,0.308,0.228,0.566,0.317,0.0631;aaaaaaaa;
a;0.15,0.711,0.279,0.862,0.574,0.825,0.51,0.644,0.783,0.133;aa;
a;0.336,0.78,0.564,0.0784,0.649,0.141,0.518,0.0646,0.818,0.678;aaaaaaaaa;
a;0.00455,0.00207,0.958,0.513,0.302,0.91,0.308,0.59,0.759,0.856;aaaaaaaaaa;
a;0.315,0.106,0.662,0.197,0.449,0.189,0.345,0.231,0.81,0.931;a;
a;0.637,0.611,0.206,0.939,0.411,0.732,0.971,0.18,0.435,0.391;aaaaaaaaaa;
a;0.672,0.726,0.934,0.604,0.674,0.304,0.756,0.329,0.76,0.709;aaaaa;
a;0.322,0.841,0.0913,0.741,0.535,0.233,0.976,0.0928,0.522,0.846;aa;
a;0.39,0.00838,0.857,0.804,0.702,0.2,0.378,0.22,0.762,0.195;aaaaaa;
a;0.0607,0.41,0.0848,0.63,0.298,0.396,0.731,0.51,0.83,0.0767;aa;
a;0.32,0.494,0.396,0.142,0.708,0.582,0.143,0.761,0.0624,0.296;aaaaa;
a;0.0971,0.548,0.0665,0.958,0.632,0.396,0.191,0.702,0.746,0.28;aaa;
a;0.425,0.67,0.083,0.966,0.25,0.744,0.711,0.433,0.101,0.416;aaaaa;
a;0.3,0.823,0.421,0.528,0.802,0.435,0.369,0.363,0.0711,0.477;aaaaaaaaaa;
a;0.957,0.538,0.0661,0.969,0.0673,0.996,0.00845,0.816,0.682,0.972;aaaa;
a;0.161,0.252,0.521,0.893,0.158,0.802,0.113,0.617,0.807,0.648;aaaaa;
a;0.204,0.394,0.533,0.679,0.316,0.899,0.0473,0.78,0.0491,0.679;aaa;
a;0.875,0.733,0.137,0.614,0.107,0.354,0.887,0.689,0.936,0.2;aa;
a;0.847,0.54,0.381,0.0487,0.00823,0.394,0.862,0.856,0.833,0.303;aaaaaaaa;
a;0.112,0.55,0.505,0.000414,0.768,0.327,0.243,0.972,0.313,0.422;aaaaaaaaa;
a;0.949,0.902,0.498,0.523,0.913,0.395,0.365,0.758,0.51,0.865;aaaaaa;
a;0.828,0.563,0.382,0.141,0.00186,0.00793,0.972,0.298,0.818,0.692;aa;
a;0.819,0.519,0.541,0.884,0.626,0.94,0.214,0.843,0.461,0.443;aaaaaa;
a;0.366,0.0717,0.456,0.119,0.00703,0.528,0.123,0.162,0.904,0.533;aaaaaa;
a;0.662,0.204,0.651,0.587,0.331,0.217,0.963,0.544,0.513,0.373;aaaaaaa;
a;0.593,0.927,0.0843,0.512,0.209,0.933,0.563,0.0427,0.977,0.148;aaaa;
a;0.0057,0.38,0.26,0.632,0.897,0.0285,0.846,0.948,0.123,0.73;aaaaa;
a;0.325,0.435,0.956,0.151,0.773,0.753,0.317,0.697,0.748,0.76;aaaaaaaa;
a;0.665,0.701,0.64,0.192,0.0101,0.874,0.92,0.142,0.746,0.706;aaaaa;
a;0.499,0.884,0.888,0.835,0.878,0.756,0.473,0.364,0.0553,0.167;a;
a;0.937,0.0102,0.554,0.255,0.773,0.248,0.226,0.809,0.0244,0.949;aaaaaaaaaa;
a;0.245,0.333,0.603,0.239,0.545,0.86,0.422,0.96,0.361,0.0341;aa;
a;0.268,0.618,0.175,0.652,0.0998,0.5,0.783,0.556,0.416,0.154;aaa;
a;0.822,0.248,0.393,0.93,0.303,0.727,0.334,0.406,0.371,0.912;aaaaaa;
a;0.873,0.491,0.159,0.673,0.145,0.921,0.042,0.93,0.0166,0.636;aaaaaaaaa;
a;0.582,0.677,0.212,0.991,0.226,0.31,0.977,0.648,0.467,0.405;aaaaaaaaa;
a;0.238,0.588,0.426,0.321,0.0694,0.0822,0.628,0.177,0.999,0.972;aaaa;
a;0.471,0.451,0.754,0.065,0.239,0.159,0.272,0.755,0.813,0.899;aaaaaa;
a;0.381,0.0689,0.709,0.475,0.881,0.581,0.578,0.0148,0.117,0.335;a;
a;0.158,0.958,0.389,0.711,0.236,0.234,0.506,0.295,0.898,0.151;aaa;
a;0.221,0.891,0.216,0.488,0.649,0.166,0.23,0.0943,0.642,0.696;a;
a;0.88,0.989,0.467,0.134,0.233,0.837,0.44,0.651,0.673,0.275;aaaaa;
a;0.0852,0.787,0.638,0.148,0.59,0.937,0.82,0.107,0.402,0.459;aaaaaaaaaa;
a;0.857,0.398,0.59,0.753,0.763,0.181,0.672,0.146,0.0371,0.226;aaaaaaaa;
a;0.231,0.0966,0.329,0.88,0.664,0.42,0.318,0.241,0.465,0.734;aaa;
a;0.336,0.0148,0.0442,0.565,0.106,0.0588,0.929,0.952,0.538,0.241;aaaaaaaaaa;
a;0.82,0.15,0.0124,0.881,0.0693,0.442,0.945,0.402,0.97,0.26;aaaaaaaaaa;
a;0.275,0.568,0.596,0.0837,0.291,0.0369,0.869,0.0203,0.313,0.926;aaaaaaaaaa;
a;0.971,0.373,0.473,0.139,0.173,0.956,0.524,0.78,0.666,0.222;aaaaaaaa;
a;0.825,0.323,0.753,0.252,0.634,0.371,0.00917,0.677,0.589,0.894;a;
a;0.178,0.587,0.961,0.177,0.898,0.466,0.875,0.968,0.433,0.0795;aaaaaaaaaa;
a;0.906,0.268,0.646,0.641,0.0999,0.458,0.464,0.577,0.415,0.961;aaaaaaa;
a;0.545,0.389,0.282,0.951,0.0989,0.613,0.223,0.353,0.125,0.907;aaaaa;
a;0.0999,0.199,0.764,0.473,0.828,0.969,0.559,0.0801,0.802,0.402;a;
a;0.971,0.391,0.317,0.693,0.224,0.308,0.867,0.595,0.765,0.593;aaaaaaaaa;
a;0.713,0.762,0.691,0.163,0.346,0.569,0.285,0.051,0.186,0.658;aaaaaaa;
a;0.873,0.248,0.971,0.295,0.0721,0.487,0.243,0.98,0.642,0.00835;aaaaaaaa;
a;0.598,0.927,0.848,0.382,0.186,0.124,0.338,0.215,0.502,0.158;aaa;
a;0.48,0.368,0.352,0.512,0.444,0.71,0.521,0.276,0.365,0.351;aaaa;
a;0.644,0.14,0.581,0.676,0.36,0.0579,0.627,0.128,0.134,0.495;aaaaaa;
a;0.461,0.582,0.199,0.824,0.812,0.642,0.223,0.745,0.248,0.861;aaaaaaaa;
a;0.574,0.222,0.205,0.965,0.434,0.332,0.0974,0.767,0.817,0.922;aaaaaa;
a;0.856,0.494,0.137,0.992,0.935,0.203,0.915,0.981,0.268,0.278;aaaaaaaaaa;
a;0.392,0.566,0.568,0.201,0.727,0.15,0.561,0.00521,0.0107,0.471;aaaaaaaaaa;
a;0.204,0.217,0.227,0.102,0.424,0.0252,0.651,0.759,0.695,0.694;aaaa;
a;0.724,0.466,0.896,0.528,0.976,0.988,0.926,0.667,0.214,0.318;aaaaaaaaaa;
a;0.0334,0.164,0.667,0.165,0.737,0.555,0.801,0.39,0.169,0.689;a;
a;0.0894,0.0827,0.321,0.549,0.579,0.25,0.568,0.643,0.173,0.947;aaaaa;
a;0.816,0.602,0.028,0.236,0.666,0.949,0.00717,0.915,0.31,0.834;a;
a;0.118,0.967,0.0649,0.113,0.919,0.134,0.75,0.646,0.631,0.45;aaaaaaaaaa;
a;0.228,0.972,0.568,0.935,0.201,0.15,0.94,0.735,0.331,0.134;a;
a;0.148,0.715,0.0689,0.421,0.195,0.789,0.00336,0.489,0.726,0.758;aa;
a;0.682,0.724,0.184,0.00238,0.513,0.112,0.804,0.463,0.585,0.22;aaaaa;
a;0.0479,0.658,0.838,0.346,0.924,0.708,0.394,0.116,0.231,0.194;aaaaaa;
a;0.133,0.439,0.464,0.546,0.147,0.788,0.147,0.581,0.128,0.372;aa;
a;0.233,0.497,0.188,0.2,0.981,0.351,0.491,0.585,0.0497,0.597;aaaaaaa;
a;0.19,0.61,0.705,0.718,0.726,0.0125,0.924,0.714,0.639,0.804;aaaaaaa;
a;0.71,0.786,0.149,0.0694,0.778,0.435,0.92,0.56,0.475,0.476;aaaaaaaa;
a;0.198,0.627,0.727,0.754,0.704,0.714,0.127,0.329,0.22,0.258;aaaaaaaaaa;
a;0.868,0.39,0.661,0.656,0.783,0.255,0.6,0.822,0.779,0.143;aaaaaaaaaa;
a;0.782,0.89,0.221,0.675,0.0373,0.509,0.433,0.951,0.49,0.107;aaaaaaaaaa;
a;0.413,0.25,0.565,0.356,0.44,0.818,0.00624,0.899,0.234,0.167;a;
a;0.76,0.0851,0.11,0.85,0.288,0.115,0.935,0.774,0.54,0.445;aaaa;
a;0.652,0.317,0.88,0.562,0.69,0.282,0.0618,0.612,0.744,0.657;aaaa;
a;0.69,0.259,0.294,0.268,0.797,0.375,0.359,0.786,0.52,0.366;aaaaaa;
a;0.619,0.226,0.994,0.457,0.163,0.148,0.09,0.188,0.881,0.0274;aaaaaaaaa;
a;0.0225,0.508,0.751,0.242,0.167,0.555,0.678,0.541,0.209,0.0193;aaaaaaaaaa;
a;0.0702,0.0273,0.528,0.683,0.125,0.0844,0.758,0.788,0.637,0.306;aaaa;
a;0.983,0.289,0.768,0.534,0.786,0.371,0.866,0.289,0.514,0.171;aaaaaaaa;
a;0.37,0.642,0.977,0.865,0.133,0.187,0.333,0.642,0.485,0.899;aaaaaaaa;
a;0.223,0.187,0.258,0.699,0.699,0.624,0.146,0.676,0.327,0.0218;aaaa;
a;0.252,0.126,0.052,0.471,0.686,0.535,0.625,0.821,0.519,0.448;aaaaaaaaa;
a;0.202,0.274,0.573,0.729,0.377,0.914,0.121,0.568,0.197,0.753;aaaa;
a;0.912,0.14,0.198,0.0131,0.721,0.869,0.643,0.343,0.906,0.0434;aa;
a;0.798,0.00618,0.0345,0.16,0.967,0.697,0.503,0.12,0.0131,0.668;aaaaaaaaaa;
a;0.704,0.0455,0.914,0.925,0.411,0.305,0.318,0.786,0.0984,0.254;aaaaaaa;
a;0.185,0.405,0.9,0.325,0.481,0.438,0.026,0.735,0.0969,0.282;aaaaa;
a;0.397,0.054,0.162,0.934,0.863,0.0891,0.885,0.732,0.408,0.641;aa;
a;0.195,0.385,0.42,0.0658,0.238,0.324,0.578,0.22,0.368,0.888;aaaaaaa;
a;0.827,0.182,0.25,0.473,0.782,0.853,0.0804,0.246,0.00436,0.744;a;
a;0.519,0.123,0.306,0.124,0.271,0.35,0.323,0.64,0.698,0.0857;aaaaaaaa;
a;0.28,0.0152,0.741,0.962,0.701,0.863,0.808,0.207,0.128,0.804;aaaaaaaa;
a;0.594,0.241,0.805,0.598,0.0448,0.582,0.501,0.0862,0.283,0.0578;aaaaaaaaa;
a;0.649,0.881,0.928,0.133,0.126,0.423,0.413,0.305,0.879,0.44;aaaaaaaaa;
a;0.994,0.758,0.567,0.966,0.631,0.0865,0.724,0.384,0.226,0.638;aaaaaaaaaa;
a;0.903,0.308,0.79,0.952,0.803,0.344,0.011,0.243,0.125,0.183;aaaaaaaaa;
a;0.0457,0.448,0.242,0.981,0.481,0.0644,0.676,0.717,0.854,0.0472;aaaaaaa;
a;0.39,0.637,0.245,0.0964,0.443,0.566,0.665,0.0636,0.833,0.919;aaaaaaaa;
a;0.112,0.22,0.918,0.561,0.283,0.113,0.463,0.896,0.27,0.387;aaaaaa;
a;0.374,0.947,0.22,0.362,0.23,0.988,0.303,0.982,0.413,0.128;aaaaaaaaa;
a;0.845,0.0917,0.0127,0.233,0.903,0.473,0.464,0.403,0.511,0.825;aaaa;
a;0.276,0.284,0.186,0.219,0.34,0.632,0.177,0.37,0.151,0.392;aaaaaa;
a;0.12,0.116,0.256,0.512,0.543,0.0344,0.0241,0.0181,0.692,0.391;aaaaaaaa;
a;0.34,0.793,0.276,0.218,0.884,0.621,0.657,0.977,0.595,0.971;aaaa;
a;0.603,0.163,0.28,0.298,0.532,0.902,0.28,0.903,0.764,0.415;aaaaaaaa;
a;0.0501,0.106,0.514,0.218,0.699,0.961,0.119,0.688,0.211,0.821;aaa;
a;0.0437,0.11,0.277,0.761,0.109,0.62,0.73,0.737,0.786,0.353;aaaaaa;
a;0.457,0.939,0.994,0.908,0.724,0.639,0.461,0.287,0.628,0.109;a;
a;0.787,0.982,0.0687,0.686,0.621,0.137,0.0958,0.181,0.97,0.522;aaaa;
a;0.741,0.0797,0.692,0.474,0.387,0.315,0.101,0.963,0.419,0.0261;a;
a;0.868,0.0463,0.272,0.83,0.687,0.132,0.165,0.819,0.502,0.67;a;
a;0.116,0.297,0.0583,0.444,0.0549,0.108,0.138,0.685,0.724,0.811;aaaaa;
a;0.48,0.307,0.114,0.00791,0.48,0.872,0.462,0.732,0.909,0.135;aaaaaa;
a;0.407,0.623,0.9,0.0847,0.0673,0.913,0.417,0.301,0.905,0.786;aaaaa;
a;0.121,0.975,0.906,0.579,0.0929,0.176,0.987,0.984,0.0136,0.987;a;
a;0.773,0.866,0.431,0.696,0.78,0.924,0.543,0.297,0.561,0.203;aaaaaaa;
a;0.998,0.714,0.0375,0.728,0.418,0.0788,0.631,0.353,0.183,0.199;aaaaaaa;
a;0.533,0.237,0.64,0.598,0.0964,0.741,0.0669,0.975,0.495,0.625;a;
a;0.214,0.613,0.805,0.732,0.883,0.251,0.773,0.87,0.859,0.715;aaaaaaaa;
a;0.902,0.944,0.213,0.423,0.164,0.958,0.101,0.828,0.116,0.689;aaaaaaaa;
a;0.21,0.434,0.969,0.168,0.788,0.461,0.844,0.733,0.26,0.123;aaaaa;
a;0.746,0.714,0.964,0.685,0.303,0.084,0.738,0.0326,0.459,0.235;aaaaaaaa;
a;0.18,0.384,0.324,0.857,0.526,0.133,0.449,0.645,0.289,0.0825;aaaaa;
a;0.907,0.0606,0.855,0.146,0.14,0.23,0.877,0.384,0.289,0.105;aaaaaaaa;
a;0.373,0.357,0.0605,0.978,0.661,0.0831,0.0456,0.787,0.935,0.751;aaaaaa;
a;0.371,0.507,0.892,0.792,0.0589,0.909,0.757,0.489,0.597,0.945;aaaa;
a;0.435,0.676,0.499,0.0346,0.985,0.654,0.315,0.12,0.696,0.252;aaaaaaaaaa;
a;0.101,0.107,0.695,0.373,0.708,0.677,0.502,0.277,0.657,0.458;aa;
a;0.764,0.552,0.428,0.076,0.689,0.945,0.0951,0.4,0.877,0.537;aaaaaa;
a;0.232,0.5,0.431,0.818,0.258,0.14,0.323,0.437,0.912,0.73;aaaa;
a;0.236,0.982,0.897,0.748,0.0549,0.102,0.643,0.141,0.138,0.267;aaa;
a;0.344,0.373,0.345,0.347,0.414,0.103,0.485,0.306,0.144,0.292;a;
a;0.624,0.666,0.906,0.199,0.672,0.57,0.604,0.449,0.357,0.201;aaaaaaaaa;
a;0.218,0.937,0.529,0.195,0.142,0.776,0.983,0.155,0.182,0.981;aaaaa;
a;0.382,0.923,0.623,0.447,0.5,0.749,0.925,0.346,0.813,0.368;aaaaaaa;
a;0.972,0.785,0.362,0.577,0.33,0.917,0.373,0.499,0.641,0.567;aaa;
a;0.907,0.642,0.594,0.615,0.612,0.687,0.605,0.788,0.266,0.795;aaaaaaaaa;
a;0.324,0.882,0.131,0.461,0.885,0.73,0.311,0.941,0.0823,0.361;aaaaaa;
a;0.0771,0.162,0.45,0.473,0.56,0.567,0.145,0.668,0.938,0.11;aaaaaa;
a;0.602,0.22,0.296,0.59,0.982,0.728,0.828,0.105,0.343,0.925;aaaaa;
a;0.237,0.0959,0.753,0.234,0.892,0.0884,0.909,0.678,0.845,0.384;aa;
a;0.221,0.626,0.49,0.277,0.663,0.976,0.88,0.541,0.567,0.942;aaaa;
a;0.888,0.809,0.548,0.14,0.622,0.728,0.318,0.891,0.0151,0.991;a;
a;0.244,0.164,0.479,0.405,0.725,0.959,0.999,0.768,0.236,0.27;aaaaaaaa;
a;0.12,0.235,0.844,0.143,0.581,0.759,0.973,0.198,0.914,0.309;a;
a;0.561,0.066,0.355,0.579,0.167,0.894,0.0728,0.969,0.575,0.846;aaa;
a;0.69,0.853,0.682,0.807,0.0327,0.27,0.868,0.126,0.657,0.506;aaa;
a;0.866,0.783,0.843,0.782,0.474,0.969,0.218,0.85,0.31,0.237;aaaaaaaa;
a;0.468,0.968,0.845,0.701,0.196,0.26,0.186,0.747,0.561,0.521;aaa;
a;0.223,0.0551,0.0101,0.114,0.836,0.958,0.767,0.0548,0.797,0.0439;aa;
a;0.964,0.319,0.275,0.0861,0.946,0.854,0.322,0.572,0.0239,0.0481;a;
a;0.225,0.976,0.871,0.872,0.395,0.583,0.66,0.26,0.643,0.604;aaaa;
a;0.729,0.00375,0.584,0.127,0.944,0.723,0.602,0.66,0.378,0.83;aaaa;
a;0.182,0.328,0.289,0.131,0.49,0.0656,0.408,0.279,0.454,0.988;aa;
a;0.0363,0.734,0.133,0.579,0.669,0.0936,0.21,0.044,0.375,0.292;aaaa;
a;0.633,0.296,0.45,0.906,0.419,0.559,0.184,0.477,0.962,0.341;aaaaaa;
a;0.0241,0.48,0.332,0.663,0.654,0.907,0.27,0.624,0.185,0.459;a;
a;0.951,0.615,0.246,0.182,0.382,0.213,0.818,0.872,0.366,0.118;aaaa;
a;0.769,0.622,0.27,0.845,0.669,0.863,0.485,0.836,0.0964,0.79;aaaaa;
a;0.697,0.0889,0.965,0.934,0.833,0.297,0.479,0.788,0.878,0.263;aaaaaaaaaa;
a;0.832,0.804,0.839,0.736,0.236,0.869,0.605,0.874,0.0367,0.0228;aaaaa;
a;0.902,0.661,0.016,0.396,0.0609,0.289,0.444,0.0847,0.595,0.595;aaaaaaaa;
a;0.752,0.698,0.64,0.0268,0.911,0.998,0.567,0.0205,0.424,0.651;a;
a;0.398,0.0138,0.898,0.3,0.685,0.401,0.998,0.566,0.00658,0.74;aaaaaa;
a;0.0262,0.0784,0.515,0.342,0.468,0.488,0.511,0.73,0.414,0.694;aaaa;
a;0.365,0.966,0.842,0.717,0.261,0.556,0.468,0.903,0.776,0.905;aaaaaaaaa;
a;0.879,0.0862,0.527,0.832,0.698,0.803,0.3,0.68,0.0124,0.28;aaaaaaaaa;
a;0.13,0.979,0.827,0.128,0.0865,0.602,0.726,0.695,0.298,0.267;aaaaaaaaa;
a;0.993,0.396,0.164,0.665,0.664,0.19,0.741,0.85,0.882,0.618;aaaaaaaaaa;
a;0.433,0.706,0.62,0.299,0.886,0.319,0.795,0.0302,0.699,0.305;aaaaaaaaaa;
a;0.447,0.936,0.499,0.623,0.857,0.919,0.0323,0.604,0.0852,0.812;aaa;
a;0.98,0.645,0.92,0.916,0.216,0.425,0.438,0.00271,0.053,0.869;aaaaaa;
a;0.98,0.903,0.325,0.0614,0.392,0.897,1,0.0615,0.609,0.346;aaaa;
a;0.357,0.975,0.167,0.523,0.278,0.203,0.7,0.834,0.917,0.828;aa;
a;0.874,0.775,0.71,0.207,0.299,0.664,0.552,0.15,0.953,0.74;aaaaaaaaaa;
a;0.286,0.537,0.434,0.707,0.219,0.547,0.188,0.382,0.29,0.193;aaaaaaa;
a;0.572,0.392,0.659,0.336,0.577,0.863,0.786,0.844,0.385,0.992;aaaaa;
a;0.865,0.549,0.28,0.151,0.0799,0.986,0.0928,0.31,0.704,0.0998;aaaaaaaaaa;
a;0.749,0.706,0.255,0.156,0.42,0.97,0.313,0.223,0.222,0.997;aaaaaaa;
a;0.729,0.883,0.761,0.568,0.415,0.752,0.945,0.0334,0.489,0.634;aaaaaaaaa;
a;0.304,0.565,0.0897,0.42,0.422,0.625,0.295,0.477,0.841,0.703;aaa;
a;0.215,0.442,0.229,0.546,0.142,0.793,0.639,0.175,0.311,0.792;aaaaaaaa;
a;0.174,0.516,0.763,0.795,0.745,0.884,0.51,0.826,0.411,0.676;aaaaaaaaa;
a;0.607,0.395,0.955,0.648,0.241,0.889,0.74,0.756,0.297,0.57;aaaaa;
a;0.516,0.738,0.855,0.258,0.85,0.109,0.335,0.452,0.884,0.923;aaaaaaaaaa;
a;0.393,0.77,0.79,0.774,0.931,0.5,0.142,0.733,0.147,0.597;aaaaaaa;
a;0.0436,0.453,0.103,0.795,0.776,0.425,0.239,0.832,0.741,0.985;aa;
a;0.815,0.0649,0.932,0.629,0.852,0.979,0.539,0.212,0.573,0.502;aaaaa;
a;0.00156,0.96,0.167,0.367,0.761,0.364,0.185,0.3,0.715,0.147;aaa;
a;0.686,0.254,0.572,0.154,0.29,0.0189,0.388,0.444,0.881,0.364;aaaaaaaaa;
a;0.535,0.0134,0.797,0.161,0.329,0.0121,0.86,0.498,0.455,0.486;aa;
a;0.279,0.87,0.928,0.891,0.184,0.966,0.711,0.79,0.561,0.344;a;
a;0.45,0.888,0.735,0.9,0.814,0.597,0.055,0.81,0.818,0.0492;aaaaaaaa;
a;0.134,0.843,0.621,0.495,0.549,0.362,0.158,0.496,0.583,0.636;aaa;
a;0.54,0.593,0.829,0.111,0.751,0.769,0.856,0.701,0.997,0.76;aa;
a;0.319,0.762,0.364,0.331,0.685,0.621,0.151,0.424,0.472,0.902;a;
a;0.394,0.962,0.0556,0.915,0.449,0.162,0.422,0.588,0.31,0.755;aaaaaaaaaa;
a;0.866,0.922,0.392,0.945,0.252,0.49,0.946,0.593,0.47,0.85;aaa;
a;0.841,0.144,0.489,0.464,0.26,0.608,0.863,0.755,0.288,0.465;aa;
a;0.353,0.269,0.398,0.89,0.5,0.416,0.914,0.84,0.106,0.401;aa;
a;0.309,0.593,0.0458,0.11,0.854,0.0228,0.754,0.397,0.645,0.492;aaaaaaaa;
a;0.311,0.936,0.521,0.633,0.466,0.00956,0.641,0.9,0.305,0.55;aaa;
a;0.773,0.452,0.375,0.349,0.512,0.299,0.972,0.43,0.484,0.997;aaaaaaa;
a;0.643,0.784,0.419,0.0973,0.228,0.408,0.499,0.797,0.528,0.184;aaaa;
a;0.315,0.28,0.751,0.973,0.0679,0.75,0.241,0.799,0.669,0.721;aaaaaaa;
a;0.645,0.861,0.765,0.987,0.958,0.456,0.179,0.53,0.662,0.352;aaa;
a;0.0196,0.253,0.592,0.435,0.774,0.587,0.116,0.821,0.743,0.554;aa;
a;0.395,0.665,0.203,0.575,0.0222,0.155,0.152,0.507,0.785,0.307;aaaaaaaaa;
a;0.793,0.996,0.29,0.144,0.449,0.748,0.334,0.623,0.477,0.655;aaa;
a;0.324,0.972,0.959,0.599,0.37,0.467,0.535,0.213,0.117,0.186;aaaa;
a;0.899,0.688,0.137,0.333,0.721,0.286,0.769,0.872,0.803,0.675;aaaaaaaaaa;
a;0.454,0.631,0.772,0.688,0.987,0.79,0.257,0.969,0.562,0.203;aa;
a;0.418,0.255,0.11,0.796,0.715,0.991,0.448,0.526,0.759,0.215;aaaaaaaa;
a;0.628,0.991,0.204,0.454,0.498,0.46,0.0469,0.148,0.956,0.678;aaaaaaaa;
a;0.59,0.775,0.266,0.793,0.253,0.736,0.471,0.128,0.56,0.463;aaaa;
a;0.442,0.101,0.385,0.0805,0.133,0.116,0.0648,0.0328,0.0884,0.498;aaa;
a;0.749,0.474,0.398,0.414,0.99,0.19,0.875,0.601,0.75,0.968;aaaa;
a;0.853,0.802,0.674,0.395,0.71,0.617,0.606,0.898,0.118,0.341;aaaaaaa;
a;0.21,0.0648,0.124,0.798,0.652,0.31,0.0779,0.294,0.26,0.141;a;
a;0.0671,0.921,0.992,0.743,0.326,0.747,0.0664,0.287,0.142,0.254;aaaa;
a;0.923,0.493,0.893,0.753,0.345,0.946,0.666,0.338,0.976,0.347;aaaaaaaaaa;
a;0.373,0.833,0.124,0.581,0.711,0.565,0.779,0.873,0.0508,0.186;aaaaaaaaaa;
a;0.919,0.23,0.0972,0.588,0.37,0.906,0.954,0.18,0.704,0.284;aa;
a;0.297,0.406,0.323,0.465,0.079,0.368,0.522,0.997,0.394,0.308;aaaaaaa;
a;0.958,0.235,0.643,0.132,0.662,0.49,0.598,0.642,0.362,0.261;aaaa;
a;0.929,0.102,0.142,0.781,0.286,0.841,0.276,0.425,0.385,0.268;aaaaaaaaa;
a;0.141,0.33,0.263,0.634,0.394,0.803,0.455,0.409,0.55,0.0686;aaaaaaaaaa;
a;0.0788,0.392,0.595,0.186,0.993,0.16,0.548,0.421,0.208,0.501;aaaaaaaaaa;
a;0.952,0.612,0.585,0.999,0.0564,0.36,0.884,0.547,0.284,0.689;aa;
a;0.904,0.0532,0.0982,0.309,0.331,0.842,0.721,0.134,0.774,0.126;aaaaa;
a;0.126,0.79,0.525,0.667,0.136,0.678,0.395,0.637,0.803,0.535;aaaa;
a;0.258,0.502,0.872,0.217,0.464,0.0716,0.712,0.123,0.751,0.123;a;
a;0.932,0.397,0.433,0.572,0.932,0.131,0.378,0.0368,0.0651,0.897;aaaaaa;
a;0.475,0.228,0.967,0.0841,0.497,0.346,0.948,0.0101,0.245,0.25;aaaaaa;
a;0.0268,0.282,0.646,0.799,0.37,0.837,0.0457,0.825,0.95,0.404;aaaaaaa;
a;0.91,0.311,0.729,0.0755,0.728,0.085,0.512,0.344,0.832,0.742;aaaaaaa;
a;0.361,0.745,0.534,0.0685,0.284,0.739,0.663,0.129,0.733,0.804;aaaaaa;
a;0.0995,0.113,0.549,0.611,0.607,0.738,0.987,0.653,0.484,0.441;aa;
a;0.106,0.624,0.823,0.944,0.626,0.0263,0.0827,0.255,0.375,0.642;aaaaaaaaa;
a;0.975,0.582,0.0635,0.192,0.125,0.152,0.308,0.903,0.996,0.381;a;
a;0.256,0.814,0.586,0.286,0.198,0.0773,0.358,0.132,0.474,0.663;aa;
a;0.305,0.512,0.817,0.198,0.374,0.124,0.837,0.526,0.333,0.502;aaaaaaaa;
a;0.383,0.387,0.772,0.561,0.00321,0.552,0.027,0.0383,0.971,0.907;aaaaaaa;
a;0.135,0.037,0.626,0.278,0.89,0.805,0.907,0.231,0.401,0.987;aaaaa;
a;0.609,0.775,0.00269,0.776,0.682,0.884,0.333,0.0774,0.55,0.908;aaaaa;
a;0.775,0.788,0.925,0.967,0.538,0.508,0.802,0.581,0.219,0.454;aaaaaaaa;
a;0.952,0.895,0.691,0.307,0.193,0.617,0.775,0.524,0.126,0.993;aa;
a;0.224,0.202,0.923,0.0101,0.591,0.868,0.41,0.428,0.687,0.287;aaaaaa;
a;0.915,0.118,0.096,0.252,0.238,0.658,0.355,0.663,0.258,0.199;aaa;
a;0.928,0.827,0.311,0.378,0.866,0.13,0.156,0.393,0.708,0.574;aaa;
a;0.443,0.0431,0.48,0.878,0.577,0.922,0.931,0.332,0.98,0.538;aaaaaaa;
a;0.931,0.687,0.507,0.298,0.32,0.547,0.41,0.772,0.761,0.273;aaaaaaaaa;
a;0.565,0.566,0.459,0.626,0.491,0.546,0.206,0.132,0.985,0.834;aaaaa;
a;0.106,0.0696,0.744,0.25,0.0723,0.337,0.23,0.0991,0.37,0.00207;aaa;
a;0.561,0.781,0.545,0.148,0.389,0.379,0.825,0.17,0.255,0.75;aaaaaaaaa;
a;0.601,0.348,0.516,0.706,0.973,0.752,0.232,0.802,0.353,0.799;aaaaaa;
a;0.809,0.935,0.784,0.739,0.00178,0.324,0.232,0.484,0.757,0.709;aaaa;
a;0.977,0.328,0.504,0.56,0.868,0.579,0.307,0.0215,0.869,0.631;aaaaaa;
a;0.484,0.28,0.357,0.25,0.168,0.743,0.699,0.326,0.615,0.533;aaaaaaaaaa;
a;0.924,0.682,0.462,0.17,0.407,0.725,0.837,0.545,0.768,0.539;aaaaaaaa;
a;0.536,0.147,0.575,0.928,0.275,0.421,0.28,0.428,0.175,0.242;aaaaaa;
a;0.249,0.17,0.666,0.0785,0.0618,0.713,0.175,0.729,0.997,0.448;aaaaaaa;
a;0.178,0.0596,0.944,0.842,0.0521,0.882,0.43,0.454,0.937,0.0541;aaaaa;
a;0.467,0.54,0.137,0.269,0.0206,0.337,0.124,0.00425,0.936,0.0588;a;
a;0.58,0.269,0.0721,0.855,0.162,0.0305,0.641,0.0566,0.759,0.095;aa;
a;0.436,0.687,0.163,0.69,0.745,0.125,0.723,0.805,0.47,0.955;aaaaaaa;
a;0.409,0.6,0.0158,0.0202,0.506,0.172,0.917,0.462,0.735,0.225;aaa;
a;0.356,0.687,0.913,0.568,0.0147,0.298,0.978,0.0994,0.0709,0.936;a;
a;0.886,0.317,0.188,0.369,0.0747,0.453,0.541,0.965,0.118,0.0829;aaaaaaa;
a;0.94,0.555,0.594,0.409,0.683,0.92,0.61,0.932,0.196,0.949;aaa;
a;0.527,0.66,0.8,0.377,0.175,0.879,0.735,0.22,0.538,0.594;aaaaaaaaaa;
a;0.302,0.328,0.761,0.513,0.262,0.43,0.483,0.283,0.578,0.577;aaa;
a;0.359,0.00652,0.173,0.0898,0.558,0.0993,0.435,0.289,0.606,0.31;aaaaaaaa;
a;0.822,0.469,0.283,0.721,0.237,0.767,0.575,0.454,0.274,0.737;aaaa;
a;0.34,0.11,0.628,0.47,0.39,0.913,0.352,0.995,0.87,0.959;aaaaaaaa;
a;0.523,0.191,0.156,0.769,0.453,0.135,0.0583,0.618,0.0163,0.258;aaaaa;
a;0.703,0.196,0.242,0.524,0.353,0.334,0.734,0.353,0.844,0.241;aaaaaaaaaa;
a;0.333,0.279,0.943,0.536,0.128,0.906,0.759,0.285,0.935,0.182;aaaaa;
a;0.0599,0.794,0.249,0.812,0.863,0.315,0.908,0.342,0.765,0.688;aaa;
a;0.679,0.327,0.7,0.833,0.0732,0.119,0.0695,0.704,0.62,0.616;aaaaa;
a;0.933,0.388,0.0824,0.729,0.681,0.0363,0.179,0.00139,0.409,0.0542;aaaaa;
a;0.174,0.644,0.804,0.135,0.713,0.584,0.784,0.505,0.319,0.0551;aaaaaaaaa;
a;0.165,0.406,0.989,0.974,0.362,0.977,0.264,0.899,0.354,0.099;aa;
a;0.789,0.494,0.593,0.485,0.859,0.589,0.0689,0.00415,0.922,0.0182;aaaaaaaaaa;
a;0.548,0.355,0.0336,0.469,0.237,0.84,0.806,0.126,0.661,0.398;aa;
a;0.102,0.507,0.962,0.448,0.949,0.766,0.659,0.392,0.32,0.794;aa;
a;0.588,0.328,0.314,0.34,0.674,0.195,0.0445,0.275,0.0309,0.68;aaaaaaaa;
a;0.535,0.00845,0.135,0.467,0.998,0.598,0.708,0.13,0.319,0.964;aaaaa;
a;0.837,0.105,0.674,0.702,0.0945,0.702,0.322,0.22,0.806,0.613;aaaaaa;
a;0.537,0.586,0.852,0.638,0.257,0.743,0.202,0.369,0.293,0.00944;a;
a;0.335,0.764,0.352,0.569,0.143,0.295,0.0447,0.407,0.913,0.373;aa;
a;0.195,0.884,0.19,0.903,0.523,0.677,0.883,0.328,0.626,0.754;a;
a;0.195,0.661,0.524,0.834,0.6,0.633,0.314,0.113,0.962,0.698;aaaaaaaaaa;
a;0.932,0.514,0.0026,0.116,0.924,0.87,0.858,0.746,0.0473,0.421;aaaaaaaaa;
a;0.798,0.178,0.55,0.933,0.154,0.636,0.47,0.597,0.417,0.415;aaaaaaaaa;
a;0.704,0.048,0.394,0.802,0.405,0.823,0.357,0.299,0.419,0.0183;aaaaaaaaa;
a;0.8,0.203,0.255,0.595,0.449,0.721,0.315,0.174,0.796,0.118;aaaaaaa;
a;0.983,0.146,0.611,0.444,0.961,0.528,0.364,0.52,0.729,0.522;a;
a;0.514,0.984,0.228,0.0197,0.257,0.00148,0.913,0.449,0.926,0.949;aaaaaaaaaa;
a;0.0255,0.548,0.498,0.544,0.838,0.872,0.739,0.599,0.883,0.436;aaaa;
a;0.567,0.496,0.283,0.389,0.184,0.0442,0.691,0.893,0.0956,0.533;aaaaaaaaa;
a;0.264,0.653,0.334,0.578,0.706,0.189,0.685,0.136,0.841,0.437;aaaaaaaaa;
a;0.0842,0.949,0.426,0.243,0.419,0.766,0.0554,0.292,0.72,0.464;aaaaaa;
a;0.532,0.309,0.349,0.252,0.516,0.999,0.516,0.0848,0.17,0.837;aaaaaa;
a;0.3,0.499,0.374,0.793,0.273,0.0495,0.577,0.878,0.737,0.193;aaaaaa;
a;0.924,0.82,0.44,0.587,0.925,0.859,0.668,0.534,0.852,0.588;aaaaaaaaa;
a;0.641,0.196,0.0456,0.192,0.476,0.846,0.632,0.733,0.903,0.641;aaaaa;
a;0.587,0.891,0.0539,0.251,0.857,0.182,0.748,0.188,0.41,0.549;aaa;
a;0.413,0.397,0.0374,0.365,0.107,0.191,0.798,0.214,0.78,0.575;aa;
a;0.377,0.171,0.0781,0.12,0.171,0.979,0.732,0.173,0.384,0.806;aaaaaa;
a;0.673,0.291,0.734,0.473,0.828,0.509,0.667,0.66,0.213,0.507;aaaaaaaa;
a;0.0386,0.554,0.504,0.896,0.1,0.73,0.181,0.257,0.892,0.698;aaaaaaa;
a;0.57,0.622,0.72,0.179,0.468,0.595,0.295,0.151,0.506,0.447;aaaaaaa;
a;0.69,0.491,0.548,0.11,0.0382,0.947,0.938,0.63,0.74,0.251;a;
a;0.772,0.188,0.684,0.0962,0.175,0.8,0.662,0.944,0.0213,0.32;aaaaaa;
a;0.989,0.0909,0.906,0.783,0.483,0.792,0.671,0.639,0.243,0.609;aaaaaaaaa;
a;0.35,0.515,0.459,0.659,0.481,0.81,0.362,0.46,0.359,0.992;aaaaaaaaa;
a;0.59,0.0318,0.134,0.00123,0.222,0.602,0.167,0.949,0.866,0.294;aaaaa;
a;0.247,0.821,0.539,0.758,0.225,0.181,0.137,0.71,0.105,0.488;aaaaaaaa;
a;0.44,0.0841,0.512,0.316,0.434,0.0775,0.853,0.515,0.628,0.974;aaaaa;
a;0.067,0.295,0.453,0.0524,0.204,0.518,0.239,0.814,0.421,0.242;aaaaa;
a;0.504,0.308,0.00438,0.754,0.68,0.602,0.222,0.0395,0.16,0.995;aa;
a;0.348,0.26,0.358,0.0383,0.202,0.0372,0.962,0.985,0.835,0.634;aaaa;
a;0.904,0.0507,0.0595,0.125,0.16,0.171,0.559,0.903,0.891,0.832;aa;
a;0.856,0.64,0.000986,0.687,0.16,0.728,0.00712,0.485,0.949,0.452;aaaaaaaa;
a;0.881,0.101,0.653,0.17,0.897,0.0951,0.381,0.239,0.897,0.881;aa;
a;0.32,0.808,0.0929,0.412,0.884,0.167,0.225,0.339,0.888,0.497;aaaaaaa;
a;0.536,0.991,0.836,0.891,0.818,0.232,0.295,0.179,0.372,0.583;aaaa;
a;0.0833,0.164,0.445,0.774,0.692,0.455,0.882,0.247,0.869,0.94;aaaaaaaa;
a;0.557,0.186,0.815,0.906,0.292,0.414,0.692,0.328,0.0798,0.551;aaaaaa;
a;0.0615,0.755,0.953,0.153,0.217,0.213,0.933,0.677,0.152,0.725;aaa;
a;0.814,0.86,0.72,0.396,0.717,0.139,0.247,0.504,0.261,0.208;aaaaaa;
a;0.607,0.653,0.856,0.201,0.54,0.296,0.513,0.0331,0.0209,0.997;aaa;
a;0.0226,0.102,0.212,0.471,0.0186,0.722,0.61,0.0133,0.741,0.521;aaaaaaaaa;
a;0.394,0.129,0.453,0.858,0.455,0.237,0.997,0.836,0.709,0.724;aa;
a;0.391,0.11,0.439,0.838,0.426,0.88,0.349,0.156,0.509,0.745;aaaaaaa;
a;0.747,0.601,0.889,0.542,0.253,0.919,0.994,0.413,0.604,0.166;aaa;
a;0.712,0.633,0.253,0.8,0.544,0.628,0.449,0.593,0.13,0.244;aaaaaaaaa;
a;0.0787,0.527,0.135,0.0144,0.384,0.866,0.755,0.435,0.0347,0.637;aaaaaaaaaa;
a;0.685,0.261,0.283,0.583,0.93,0.27,0.408,0.588,0.619,0.764;aa;
a;0.75,0.996,0.358,0.398,0.962,0.62,0.925,0.64,0.182,0.158;aaaaaaaaa;
a;0.808,0.158,0.0198,0.483,0.708,0.517,0.1,0.678,0.579,0.733;aaaaaaa;
a;0.958,0.0108,0.196,0.426,0.247,0.318,0.571,0.702,0.181,0.0945;aaaaaaaaaa;
a;0.852,0.873,0.36,0.861,0.67,0.413,0.368,0.205,0.575,0.165;aaaaaaaa;
a;0.412,0.0358,0.638,0.525,0.846,0.807,0.201,0.0332,0.0532,0.0303;aaaaaaa;
a;0.354,0.421,0.732,0.13,0.137,0.124,0.04,0.822,0.321,0.15;aaaaaaaa;
a;0.122,0.524,0.692,0.803,0.0605,0.734,0.613,0.275,0.869,0.712;aa;
a;0.836,0.0174,0.133,0.415,0.592,0.404,0.667,0.949,0.482,0.0266;aa;
a;0.0722,0.975,0.44,0.843,0.45,0.0959,0.951,0.299,0.126,0.763;aaaaa;
a;0.228,0.611,0.0803,0.275,0.589,0.0561,0.364,0.285,0.485,0.972;aaaaaaa;
a;0.916,0.615,0.465,0.905,0.807,0.184,0.895,0.281,0.638,0.379;aaaa;
a;0.0968,0.659,0.834,0.866,0.215,0.236,0.972,0.0402,0.281,0.893;aaaaaaaa;
a;0.525,0.328,0.336,0.529,0.746,0.103,0.486,0.65,0.0759,0.447;aaaaaaa;
a;0.564,0.48,0.473,0.608,0.971,0.559,0.254,0.62,0.597,0.844;aaaaaaa;
a;0.627,0.118,0.659,0.621,0.604,0.285,0.35,0.0981,0.461,0.929;aaaaa;
a;0.287,0.045,0.815,0.405,0.226,0.386,0.895,0.645,0.152,0.555;aaaaaaaaa;
a;0.139,0.75,0.89,0.626,0.521,0.866,0.498,0.604,0.912,0.719;aa;
a;0.208,0.193,0.654,0.945,0.6,0.453,0.32,0.89,0.276,0.146;aaaaaaa;
a;0.202,0.741,0.96,0.198,0.25,0.688,0.075,0.701,0.215,0.0142;aaaa;
a;0.939,0.996,0.0953,0.162,0.492,0.134,0.283,0.919,0.378,0.243;aaaaaaaaaa;
a;0.0938,0.976,0.425,0.28,0.131,0.0245,0.834,0.276,0.334,0.438;aaaaaaa;
a;0.797,0.946,0.36,0.603,0.833,0.596,0.995,0.268,0.734,0.323;aaa;
a;0.457,0.969,0.0818,0.589,0.896,0.121,0.45,0.145,0.904,0.716;a;
a;0.787,0.341,0.414,0.718,0.673,0.699,0.551,0.762,0.311,0.235;aaaaaaaaa;
a;0.167,0.25,0.768,0.376,0.882,0.913,0.766,0.347,0.596,0.784;aaaaaaa;
a;0.189,0.153,0.784,0.972,0.0606,0.166,0.97,0.539,0.218,0.65;aaaaaaaaaa;
a;0.458,0.267,0.36,0.696,0.449,0.492,0.302,0.531,0.105,0.812;aaaaaaaa;
a;0.971,0.958,0.157,0.379,0.128,0.0144,0.618,0.684,0.956,0.0461;aaaaaaaaaa;
a;0.732,0.722,0.786,0.803,0.975,0.0753,0.666,0.895,0.208,0.284;aaaaaaaa;
a;0.694,0.633,0.821,0.833,0.889,0.0732,0.471,0.44,0.72,0.438;aaaaaaaaa;
a;0.927,0.667,0.346,0.513,0.76,0.902,0.915,0.322,0.0907,0.753;aa;
a;0.735,0.82,0.334,0.304,0.476,0.212,0.019,0.863,0.611,0.0081;aaaaaaaaa;
a;0.11,0.451,0.658,0.344,0.891,0.646,0.99,0.739,0.381,0.874;aaaaaaa;
a;0.279,0.744,0.613,0.445,0.691,0.27,0.881,0.193,0.85,0.938;aaaaaaaaa;
a;0.0332,0.692,0.162,0.731,0.668,0.969,0.174,0.721,0.413,0.0726;aa;
a;0.924,0.152,0.146,0.498,0.801,0.144,0.308,0.741,0.904,0.38;aaaaaaaaaa;
a;0.319,0.181,0.518,0.0186,0.239,0.758,0.59,0.273,0.456,0.19;aaaaa;
a;0.56,0.061,0.802,0.833,0.997,0.8,0.602,0.235,0.0198,0.371;aaaaaaaaa;
a;0.669,0.46,0.454,0.435,0.582,0.0212,0.00455,0.86,0.979,0.287;aaaaaaaaaa;
a;0.307,0.865,0.251,0.148,0.907,0.438,0.44,0.446,0.134,0.925;aaaa;
a;0.908,0.893,0.38,0.203,0.258,0.571,0.691,0.269,0.759,0.841;aaaaa;
a;0.285,0.0708,0.645,0.686,0.156,0.27,0.662,0.709,0.581,0.25;aaaaaaa;
a;0.273,0.758,0.992,0.529,0.785,0.659,0.382,0.432,0.0701,0.995;aaaa;
a;0.81,0.148,0.13,0.888,0.557,0.497,0.504,0.0318,0.358,0.17;aaaaaaaa;
a;0.105,0.558,0.62,0.815,0.959,0.17,0.417,0.434,0.677,0.24;aaaaaaaaaa;
a;0.395,0.0866,0.0454,0.178,0.886,0.303,0.806,0.536,0.225,0.798;aaaaaaaa;
a;0.565,0.398,0.109,0.565,0.581,0.901,0.488,0.0482,0.521,0.665;aaaaaaaaaa;
a;0.886,0.45,0.155,0.846,0.946,0.762,0.681,0.535,0.897,0.773;aaaaaaaa;
a;0.0746,0.58,0.247,0.403,0.479,0.762,0.96,0.389,0.338,0.271;aaaaaaaaaa;
a;0.781,0.566,0.616,0.0785,0.173,0.863,0.988,0.0353,0.28,0.53;aaaaaaaaa;
a;0.851,0.787,0.191,0.286,0.287,0.948,0.614,0.358,0.029,0.564;aaaaaaaaa;
a;0.587,0.803,0.382,0.703,0.633,0.868,0.603,0.272,0.854,0.381;aaaaaaaaa;
a;0.612,0.955,0.104,0.886,0.922,0.512,0.342,0.0644,0.407,0.0875;aaaaaa;
a;0.579,0.561,0.206,0.519,0.738,0.269,0.761,0.82,0.083,0.596;aaa;
a;0.722,0.559,0.246,0.194,0.858,0.92,0.905,0.754,0.779,0.134;aaaaaaaaaa;
a;0.401,0.597,0.467,0.442,0.931,0.5,0.585,0.307,0.322,0.311;aaaa;
a;0.756,0.0158,0.695,0.0628,0.579,0.442,0.314,0.885,0.305,0.998;aa;
a;0.0943,0.529,0.785,0.334,0.321,0.398,0.708,0.722,0.297,0.253;aaaaaaaaaa;
a;0.61,0.769,0.7,0.452,0.928,0.842,0.839,0.127,0.894,0.147;aa;
a;0.477,0.981,0.923,0.223,0.385,0.576,0.581,0.107,0.642,0.0107;aaaaa;
a;0.64,0.838,0.989,0.918,0.199,0.479,0.855,0.475,0.41,0.912;aaaaa;
a;0.548,0.863,0.493,0.418,0.125,0.634,0.51,0.411,0.372,0.0706;aaa;
a;0.854,0.77,0.318,0.766,0.2,0.993,0.802,0.236,0.245,0.101;aaaaaa;
a;0.109,0.555,0.289,0.161,0.424,0.698,0.729,0.432,0.636,0.74;aa;
a;0.256,0.401,0.654,0.796,0.319,0.934,0.845,0.192,0.905,0.607;aa;
a;0.204,0.51,0.69,0.0016,0.927,0.334,0.815,0.66,0.269,0.801;aaaaaaaa;
a;0.118,0.566,0.581,0.296,0.552,0.618,0.236,0.978,0.7,0.533;aaa;
a;0.73,0.595,0.499,0.989,0.819,0.85,0.701,0.811,0.51,0.00219;a;
a;0.339,0.879,0.577,0.273,0.5,0.577,0.256,0.513,0.562,0.934;aaaaa;
a;0.315,0.0047,0.952,0.882,0.387,0.621,0.379,0.4,0.799,0.299;aaaa;
a;0.17,0.401,0.403,0.244,0.565,0.649,0.153,0.427,0.589,0.521;aa;
a;0.387,0.516,0.47,0.671,0.698,0.669,0.919,0.662,0.0244,0.715;aaaa;
a;0.132,0.63,0.64,0.837,0.107,0.183,0.526,0.668,0.936,0.466;aaaaaaaa;
a;0.112,0.239,0.535,0.438,0.0939,0.0345,0.492,0.541,0.263,0.678;aaaaaaaaa;
a;0.486,0.413,0.545,0.361,0.626,0.886,0.0717,0.847,0.045,0.811;aaaa;
a;0.961,0.845,0.877,0.468,0.154,0.308,0.758,0.0334,0.43,0.674;aaaaaaa;
a;0.131,0.996,0.887,0.0637,0.797,0.439,0.993,0.917,0.184,0.116;aaa;
a;0.12,0.652,0.135,0.765,0.884,0.89,0.434,0.0477,0.559,0.85;aa;
a;0.926,0.453,0.449,0.392,0.144,0.195,0.899,0.222,0.0302,0.26;aaaaaaa;
a;0.308,0.675,0.912,0.176,0.901,0.988,0.472,0.0496,0.523,0.967;aaaaaaaa;
a;0.253,0.0786,0.419,0.0684,0.974,0.666,0.216,0.989,0.955,0.145;aaaaaaaaa;
a;0.215,0.218,0.782,0.38,0.96,0.343,0.409,0.48,0.373,0.605;aaaaaa;
a;0.279,0.789,0.761,0.505,0.995,0.354,0.584,0.438,0.475,0.336;aaaaaaaaaa;
a;0.731,0.872,0.987,0.284,0.0679,0.351,0.705,0.0785,0.485,0.641;aaaa;
a;0.418,0.39,0.62,0.987,0.686,0.301,0.674,0.422,0.622,0.0433;aaaaaaaa;
a;0.807,0.937,0.429,0.618,0.213,0.488,0.678,0.421,0.376,0.0623;aa;
a;0.33,0.775,0.322,0.881,0.354,0.883,0.826,0.96,0.828,0.207;aaaa;
a;0.17,0.294,0.638,0.941,0.207,0.454,0.45,0.0771,0.1,0.466;a;
a;0.733,0.243,0.844,0.117,0.531,0.62,0.569,0.611,0.842,0.542;aaaaaaaaaa;
a;0.654,0.25,0.4,0.936,0.593,0.552,0.423,0.844,0.0329,0.347;aaa;
a;0.203,0.336,0.379,0.092,0.567,0.736,0.658,0.227,0.122,0.42;aa;
a;0.921,0.358,0.33,0.583,0.572,0.544,0.00271,0.576,0.112,0.333;aaaaaaaa;
a;0.453,0.365,0.996,0.256,0.765,0.359,0.156,0.685,0.798,0.442;aaaaaaaa;
a;0.692,0.328,0.251,0.192,0.394,0.86,0.105,0.442,0.429,0.0652;aaa;
a;0.956,0.092,0.409,0.579,0.616,0.974,0.771,0.768,0.313,0.843;aaaaaa;
a;0.872,0.0164,0.386,0.207,0.447,0.901,0.646,0.421,0.092,0.357;aaaaaaaaaa;
a;0.399,0.412,0.969,0.383,0.854,0.347,0.506,0.224,0.0533,0.576;aaa;
a;0.546,0.681,0.991,0.167,0.392,0.531,0.926,0.016,0.56,0.114;aaaa;
a;0.118,0.358,0.358,0.227,0.291,0.582,0.688,0.104,0.714,0.985;aaaaaaaaa;
a;0.316,0.34,0.0858,0.566,0.555,0.00146,0.0549,0.653,0.0469,0.635;aaaaaa;
a;0.347,0.38,0.34,0.757,0.673,0.528,0.347,0.687,0.607,0.459;aaaaaa;
a;0.0493,0.205,0.947,0.184,0.802,0.677,0.973,0.791,0.257,0.597;aaaaaaa;
a;0.458,0.58,0.187,0.497,0.475,0.25,0.863,0.716,0.092,0.789;aaaaaaaaaa;
a;0.436,0.223,0.762,0.494,0.144,0.858,0.472,0.62,0.34,0.917;a;
a;0.913,0.45,0.168,0.726,0.674,0.76,0.306,0.537,0.757,0.905;aa;
a;0.646,0.671,0.969,0.157,0.936,0.12,0.578,0.156,0.55,0.822;aaaaaaaaa;
a;0.753,0.896,0.311,0.436,0.227,0.799,0.0406,0.935,0.674,0.768;aaaaaaaaa;
a;0.475,0.19,0.851,0.253,0.708,0.212,0.224,0.297,0.884,0.713;a;
a;0.56,0.85,0.0645,0.342,0.141,0.807,0.938,0.923,0.799,0.894;aaa;
a;0.495,0.235,0.389,0.356,0.635,0.671,0.124,0.925,0.955,0.439;aaaaaaaaaa;
a;0.212,0.772,0.792,0.47,0.612,0.857,0.936,0.142,0.686,0.491;aaaaa;
a;0.486,0.177,0.606,0.739,0.966,0.126,0.123,0.137,0.759,0.126;aaaaaa;
a;0.611,0.486,0.721,0.0795,0.499,0.0805,0.796,0.453,0.98,0.779;aaaaaaaaaa;
a;0.719,0.735,0.647,0.381,0.5,0.167,0.981,0.628,0.92,0.129;aaaaaaa;
a;0.6,0.803,0.55,0.401,0.0719,0.95,0.517,0.501,0.704,0.553;aaaaaaaa;
a;0.696,0.0168,0.153,0.316,0.443,0.478,0.133,0.273,0.0465,0.445;aaaaaaa;
a;0.157,0.833,0.903,0.799,0.976,0.382,0.0347,0.431,0.272,0.135;a;
a;0.563,0.993,0.26,0.179,0.164,0.242,0.00681,0.11,0.902,0.0373;aaa;
a;0.28,0.912,0.13,0.381,0.068,0.691,0.8,0.95,0.378,0.885;aaaaaaaa;
a;0.87,0.535,0.056,0.243,0.904,0.852,0.986,0.403,0.656,0.99;a;
a;0.55,0.849,0.838,0.0214,0.0293,0.174,0.532,0.876,0.249,0.987;aaaaaaa;
a;0.356,0.461,0.562,0.874,0.935,0.177,0.00571,0.309,0.971,0.153;aaaaaaaaaa;
a;0.37,0.472,0.69,0.487,0.321,0.00111,0.544,0.71,0.968,0.998;aaaaaaaaa;
a;0.179,0.129,0.978,0.516,0.644,0.0151,0.166,0.724,0.154,0.262;aaaaaa;
a;0.661,0.373,0.304,0.704,0.074,0.602,0.839,0.983,0.391,0.894;a;
a;0.308,0.743,0.332,0.863,0.691,0.271,0.759,0.771,0.111,0.48;aaaaaaaaaa;
a;0.144,0.14,0.208,0.539,0.134,0.907,0.0581,0.989,0.187,0.0107;aaaaa;
a;0.452,0.714,0.76,0.0556,0.399,0.0327,0.933,0.794,0.971,0.275;aaaaaaa;
a;0.115,0.844,0.679,0.919,0.205,0.0363,0.431,0.0356,0.939,0.868;aaaaa;
a;0.493,0.00192,0.175,0.711,0.866,0.885,0.583,0.734,0.93,0.908;a;
a;0.715,0.459,0.311,0.41,0.272,0.278,0.407,0.74,0.816,0.778;aaaaaaaaaa;
a;0.826,0.796,0.396,0.552,0.143,0.835,0.934,0.512,0.517,0.967;aaaa;
a;0.725,0.0327,0.27,0.959,0.473,0.953,0.458,0.0339,0.55,0.441;aaaaa;
a;0.988,0.462,0.491,0.764,0.325,0.26,0.483,0.895,0.0327,0.398;aaaaaaa;
a;0.713,0.797,0.812,0.454,0.444,0.792,0.452,0.904,0.293,0.123;aaaaa;
a;0.491,0.933,0.901,0.974,0.344,0.451,0.0522,0.791,0.593,0.715;aaaaaaaaaa;
a;0.324,0.258,0.548,0.0659,0.903,0.169,0.996,0.314,0.301,0.398;aaaaaaa;
a;0.79,0.0314,0.897,0.579,0.0735,0.459,0.332,0.682,0.421,0.591;aaaa;
a;0.0946,0.62,0.571,0.985,0.0613,0.958,0.964,0.426,0.566,0.563;aaa;
a;0.854,0.87,0.818,0.254,0.265,0.373,0.29,0.14,0.728,0.0861;aaaaaaaaaa;
a;0.717,0.409,0.712,0.262,0.624,0.304,0.0983,0.123,0.37,0.205;aaaaaaaaa;
a;0.363,0.355,0.809,0.221,0.682,0.758,0.445,0.839,0.069,0.504;aaaaaaaaa;
a;0.912,0.324,0.651,0.853,0.529,0.312,0.457,0.273,0.79,0.457;aaaaaaa;
a;0.0838,0.0277,0.909,0.725,0.000804,0.752,0.29,0.203,0.357,0.331;aaaaa;
a;0.92,0.716,0.261,0.657,0.468,0.0484,0.743,0.228,0.304,0.201;aaaaaa;
a;0.615,0.233,0.764,0.772,0.662,0.411,0.171,0.71,0.626,0.42;aaa;
a;0.153,0.559,0.132,0.842,0.294,0.714,0.288,0.938,0.024,0.505;aaaa;
a;0.147,0.276,0.0274,0.129,0.238,0.678,0.312,0.762,0.577,0.116;aaaaaaa;
a;0.789,0.587,0.572,0.802,0.127,0.148,0.279,0.201,0.542,0.949;a;
a;0.225,0.177,0.797,0.355,0.633,0.153,0.509,0.728,0.92,0.0778;a;
a;0.818,0.574,0.842,0.357,0.243,0.041,0.296,0.19,0.28,0.285;aaaaaaaaa;
a;0.622,0.498,0.779,0.302,0.891,0.657,0.756,0.132,0.388,0.554;a;
a;0.964,0.0747,0.416,0.5,0.613,0.0365,0.86,0.522,0.884,0.711;aa;
a;0.0802,0.683,0.773,0.48,0.707,0.418,0.156,0.484,0.021,0.835;aaaaaaaaa;
a;0.731,0.244,0.824,0.405,0.231,0.881,0.848,0.358,0.307,0.107;aaaaaaaaaa;
a;0.517,0.235,0.0733,0.00794,0.831,0.687,0.739,0.619,0.363,0.953;aaaaaaaaaa;
a;0.754,0.88,0.777,0.526,0.865,0.137,0.373,0.935,0.427,0.0419;aaaaaaa;
a;0.39,0.757,0.942,0.245,0.329,0.109,0.383,0.786,0.585,0.281;aaaaaaaa;
a;0.84,0.896,0.774,0.869,0.158,0.191,0.741,0.973,0.211,0.134;a;
a;0.186,0.304,0.605,0.554,0.567,0.417,0.705,0.463,0.241,0.406;aaa;
a;0.467,0.398,0.0353,0.472,0.0755,0.717,0.494,0.683,0.108,0.524;aaaaaaa;
a;0.69,0.768,0.73,0.11,0.615,0.0235,0.296,0.845,0.562,0.78;aaaaaaaaa;
a;0.81,0.584,0.42,0.665,0.108,0.0387,0.706,0.668,0.55,0.532;aa;
a;0.785,0.21,0.216,0.965,0.481,0.275,0.541,0.89,0.59,0.309;aaaaaaaaa;
a;0.687,0.543,0.151,0.991,0.0728,0.397,0.193,0.303,0.929,0.528;a;
a;0.518,0.374,0.168,0.758,0.51,0.181,0.295,0.0654,0.0319,0.888;aa;
a;0.489,0.274,0.126,0.594,0.115,0.295,0.607,0.366,0.453,0.167;aaa;
a;0.53,0.0301,0.183,0.567,0.397,0.278,0.29,0.705,0.742,0.652;aaa;
a;0.667,0.243,0.919,0.209,0.815,0.257,0.656,0.253,0.146,0.919;aaaaaaa;
a;0.146,0.241,0.932,0.923,0.63,0.623,0.183,0.312,0.283,0.361;aaaaa;
a;0.446,0.259,0.916,0.808,0.719,0.352,0.91,0.663,0.208,0.047;aaaaaa;
a;0.269,0.386,0.795,0.894,0.0436,0.0599,0.00221,0.314,0.288,0.271;aaaaaaa;
a;0.922,0.56,0.556,0.579,0.0195,0.163,0.307,0.44,0.155,0.368;aaaaa;
a;0.397,0.254,0.0778,0.484,0.528,0.775,0.496,0.663,0.823,0.745;aa;
a;0.936,0.736,0.0801,0.466,0.025,0.938,0.316,0.621,0.579,0.813;aaaaaaaaaa;
a;0.901,0.226,0.514,0.0894,0.862,0.278,0.666,0.794,0.628,0.929;a;
a;0.189,0.492,0.0874,0.297,1,0.152,0.409,0.673,0.695,0.175;aaaaaaaa;
a;0.908,0.678,0.772,0.89,0.866,0.424,0.438,0.655,0.0938,0.357;aaaaa;
a;0.849,0.596,0.00797,0.714,0.217,0.771,0.621,0.116,0.849,0.173;aaaaaaa;
a;0.173,0.721,0.726,0.716,0.121,0.841,0.611,0.655,0.456,0.711;aa;
a;0.875,0.949,0.766,0.568,0.75,0.91,0.163,0.424,0.00903,0.774;aaaaaaaa;
a;0.896,0.89,0.578,0.622,0.953,0.0244,0.493,0.863,0.292,0.393;aaaaaa;
a;0.236,0.106,0.488,0.523,0.194,0.794,0.119,0.95,0.143,0.648;aaaaaa;
a;0.878,0.111,0.144,0.728,0.865,0.157,0.704,0.904,0.132,0.678;aaaaaaa;
a;0.877,0.159,0.656,0.391,0.705,0.205,0.248,0.609,0.191,0.614;aaa;
a;0.558,0.474,0.803,0.483,0.655,0.146,0.231,0.0865,0.917,0.615;aaaaaaa;
a;0.968,0.409,0.787,0.212,0.51,0.959,0.265,0.622,0.111,0.617;aaaaaaa;
a;0.712,0.278,0.647,0.208,0.0979,0.513,0.447,0.251,0.243,0.141;aaaaaaaaa;
a;0.0659,0.288,0.97,0.397,0.22,0.556,0.519,0.585,0.524,0.28;aaaaaaaaa;
a;0.524,0.91,0.381,0.479,0.572,0.385,0.491,0.199,0.588,0.633;aaaaaa;
a;0.184,0.24,0.61,0.0367,0.112,0.84,0.308,0.841,0.292,0.549;a;
a;0.117,0.0789,0.365,0.843,0.952,0.0335,0.0421,0.0702,0.876,0.111;a;
a;0.684,0.13,0.647,0.231,0.277,0.475,0.581,0.00336,0.343,0.439;aaaaaaa;
a;0.287,0.777,0.985,0.625,0.214,0.129,0.544,0.374,0.597,0.501;aaaaa;
a;0.819,0.314,0.189,0.769,0.515,0.843,0.123,0.55,0.644,0.73;aaaaaaa;
a;0.773,0.904,0.732,0.325,0.0836,0.623,0.522,0.438,0.514,0.247;aaaaa;
a;0.846,0.556,0.0409,0.747,0.466,0.69,0.306,0.203,0.932,0.514;aaa;
a;0.877,0.498,0.176,0.314,0.557,0.403,0.867,0.432,0.342,0.0889;aaa;
a;0.495,0.207,0.385,0.846,0.538,0.338,0.199,0.726,0.629,0.257;aaaaaaaaa;
a;0.00215,0.926,0.676,0.341,0.216,0.43,0.344,0.696,0.722,0.93;aaaaaa;
a;0.00136,0.611,0.0677,0.277,0.337,0.338,0.81,0.49,0.856,0.406;aaaaa;
a;0.448,0.0817,0.57,0.0498,0.506,0.604,0.197,0.11,0.649,0.638;aaaaa;
a;0.739,0.765,0.0304,0.596,0.146,0.934,0.582,0.626,0.0778,0.88;aaaa;
a;0.574,0.224,0.0445,0.164,0.108,0.201,0.609,0.303,0.767,0.336;aaa;
a;0.0871,0.702,0.421,0.492,0.0469,0.105,0.682,0.469,0.48,0.878;aa;
a;0.836,0.0702,0.559,0.521,0.891,0.268,0.0639,0.136,0.985,0.71;a;
a;0.16,0.392,0.387,0.134,0.581,0.0843,0.366,0.604,0.387,0.623;aaaaaaaa;
a;0.266,0.783,0.274,0.558,0.318,0.0458,0.778,0.16,0.709,0.162;aaaaaaaa;
a;0.166,0.703,0.0345,0.627,0.915,0.513,0.82,0.0947,0.557,0.0569;aaaaaaaa;
a;0.282,0.885,0.835,0.413,0.255,0.382,0.555,0.588,0.925,0.215;aaaaaa;
a;0.098,0.359,0.168,0.492,0.594,0.403,0.456,0.859,0.951,0.955;aa;
a;0.267,0.0401,0.588,0.4,0.823,0.509,0.195,0.851,0.564,0.693;aaaaa;
a;0.322,0.95,0.497,0.681,0.543,0.37,0.822,0.863,0.26,0.81;aaaaaaa;
a;0.168,0.24,0.0421,0.919,0.0254,0.519,0.967,0.506,0.794,0.846;aaaaaa;
a;0.679,0.915,0.602,0.647,0.0681,0.438,0.742,0.521,0.726,0.0949;aaaaaa;
a;0.495,0.853,0.538,0.0449,0.92,0.18,0.719,0.815,0.907,0.666;aaaaa;
a;0.00724,0.492,0.359,0.552,0.524,0.641,0.941,0.288,0.838,0.398;a;
a;0.472,0.831,0.994,0.0459,0.614,0.28,0.324,0.571,0.731,0.935;aaaaaaaaa;
a;0.728,0.622,0.353,0.595,0.0291,0.613,0.331,0.874,0.8,0.598;aaaaaaaaa;
a;0.537,0.154,0.552,0.664,0.687,0.616,0.831,0.392,0.853,0.355;aaa;
a;0.355,0.0354,0.0905,0.373,0.724,0.213,0.51,0.562,0.151,0.754;aaaaa;
a;0.368,0.345,0.993,0.0204,0.0638,0.96,0.37,0.234,0.158,0.291;aa;
a;0.945,0.0355,0.781,0.417,0.996,0.172,0.937,0.717,0.888,0.0206;aaaaaaaaaa;
a;0.159,0.728,0.728,0.156,0.114,0.052,0.81,0.62,0.728,0.566;aaaaa;
a;0.865,0.535,0.67,0.95,0.00327,0.0401,0.631,0.588,0.846,0.108;aaaaaa;
a;0.418,0.735,0.459,0.279,0.632,0.949,0.348,0.0666,0.279,0.654;aaaaa;
a;0.861,0.05,0.185,0.773,0.293,0.608,0.812,0.314,0.747,0.383;aaaaa;
a;0.148,0.809,0.307,0.989,0.668,0.0644,0.808,0.628,0.0494,0.245;a;
a;0.571,0.108,0.0481,0.599,0.216,0.133,0.402,0.314,0.981,0.00574;aaaaaaaaaa;
a;0.281,0.711,0.399,0.94,0.265,0.266,0.138,0.329,0.396,0.271;aaaaaaaaa;
a;0.392,0.634,0.571,0.337,0.378,0.11,0.939,0.122,0.0111,0.818;aaaaaaaa;
a;0.488,0.199,0.717,0.397,0.629,0.185,0.412,0.00728,0.142,0.299;aaaaaaaaa;
a;0.468,0.797,0.219,0.365,0.151,0.0425,0.897,0.966,0.382,0.131;aaa;
a;0.515,0.481,0.802,0.727,0.249,0.653,0.122,0.177,0.879,0.271;aaaaaaaa;
a;0.1,0.577,0.38,0.889,0.481,0.0335,0.0861,0.0904,0.194,0.415;aaaaaa;
a;0.857,0.47,0.503,0.907,0.385,0.586,0.609,0.928,0.758,0.648;aaaaaaaaaa;
a;0.892,0.105,0.634,0.742,0.154,0.496,0.2,0.46,0.25,0.94;aaaaa;
a;0.853,0.384,0.525,0.871,0.203,0.704,0.758,0.868,0.675,0.99;aaaaaaa;
a;0.389,0.63,0.0857,0.525,0.0969,0.117,0.655,0.489,0.785,0.171;aaa;
a;0.276,0.0918,0.88,0.622,0.118,0.66,0.881,0.652,0.0473,0.296;aaaaaaaaaa;
a;0.368,0.49,0.305,0.132,0.259,0.626,0.0929,0.706,0.0495,0.906;a;
a;0.294,0.00737,0.0186,0.562,0.669,0.415,0.47,0.574,0.857,0.0396;aaa;
a;0.39,0.364,0.0178,0.215,0.859,0.212,0.518,0.686,0.615,0.248;aaaaaaaaaa;
a;0.373,0.632,0.997,0.965,0.846,0.977,0.19,0.0186,0.806,0.882;aaaaaaaaa;
a;0.422,0.132,0.49,0.157,0.517,0.497,0.755,0.984,0.624,0.444;aaaaaaaaaa;
a;0.627,0.469,0.298,0.522,0.518,0.904,0.00392,0.298,0.0604,0.483;a;
a;0.446,0.662,0.391,0.147,0.748,0.436,0.64,0.891,0.277,0.831;aaaaaaaa;
a;0.718,0.93,0.747,0.431,0.65,0.59,0.494,0.786,0.81,0.398;aaa;
a;0.222,0.04,0.14,0.798,0.676,0.0852,0.131,0.732,0.499,0.777;a;
a;0.331,0.738,0.295,0.0744,0.424,0.636,0.604,0.758,0.256,0.0571;aaaaaaa;
a;0.299,0.257,0.0218,0.964,0.512,0.966,0.726,0.847,0.812,0.396;aaaaaa;
a;0.611,0.73,0.704,0.213,0.963,0.55,0.436,0.25,0.67,0.468;aaa;
a;0.472,0.0114,0.148,0.82,0.738,0.925,0.552,0.298,0.0945,0.198;aaaa;
a;0.427,0.642,0.112,0.642,0.598,0.219,0.757,0.5,0.697,0.49;aaaaa;
a;0.259,1,0.672,0.325,0.971,0.697,0.721,0.229,0.487,0.937;aaaa;
a;0.349,0.706,0.919,0.53,0.97,0.55,0.782,0.7,0.818,0.259;aaaaaaaa;
a;0.36,0.132,0.0858,0.513,0.525,0.291,0.514,0.797,0.581,0.459;aaaaaaaaaa;
a;0.51,0.17,0.574,0.0863,0.586,0.63,0.258,0.0347,0.205,0.707;aaaaaaaaaa;
a;0.72,0.313,0.425,0.685,0.338,0.239,0.877,0.254,0.143,0.634;aaaaaaaaaa;
a;0.765,0.717,0.834,0.618,0.128,0.147,0.0789,0.588,0.304,0.578;aaa;
a;0.313,0.472,0.161,0.861,0.153,0.729,0.807,0.665,0.69,0.711;aaaa;
a;0.82,0.859,0.419,0.889,0.109,0.0678,0.0986,0.0889,0.315,0.0865;aaaaaaa;
a;0.0802,0.126,0.662,0.0787,0.452,0.939,0.204,0.051,0.12,0.702;aa;
a;0.719,0.912,0.566,0.752,0.474,0.736,0.501,0.855,0.362,0.416;aaaa;
a;0.635,0.7,0.802,0.911,0.329,0.649,0.573,0.0368,0.62,0.837;aa;
a;0.0956,0.107,0.278,0.937,0.848,0.642,0.207,0.635,0.303,0.673;aaaaaaaaa;
a;0.0107,0.236,0.981,0.107,0.275,0.702,0.879,0.562,0.732,0.171;aaaaaaaaaa;
a;0.371,0.72,0.554,0.862,0.645,0.246,0.285,0.267,0.556,0.025;aa;
a;0.384,0.678,0.203,0.96,0.507,0.736,0.0453,0.44,0.255,0.356;aa;
a;0.713,0.228,0.755,0.562,0.164,0.86,0.604,0.56,0.515,0.49;aaaaa;
a;0.204,0.698,0.293,0.595,0.0793,0.321,0.144,0.349,0.667,0.21;aaaaaaaaaa;
a;0.839,0.972,0.5,0.249,0.923,0.639,0.178,0.385,0.00267,0.255;aa;
a;0.833,0.648,0.373,0.215,0.468,0.0172,0.822,0.498,0.347,0.444;aaaaaaa;
a;0.132,0.573,0.856,0.947,0.997,0.0373,0.33,0.53,0.915,0.19;aaaa;
a;0.169,0.515,0.628,0.61,0.7,0.42,0.791,0.154,0.76,0.787;aaaaa;
a;0.049,0.123,0.323,0.781,0.52,0.64,0.964,0.0512,0.961,0.92;aaaaaaa;
a;0.0304,0.792,0.912,0.757,0.716,0.959,0.294,0.171,0.832,0.234;aaaaaaaaa;
a;0.378,0.355,0.753,0.305,0.671,0.764,0.803,0.863,0.585,0.505;aa;
a;0.0217,0.724,0.465,0.0939,0.943,0.419,0.436,0.45,0.905,0.497;aaaaaaa;
a;0.689,0.681,0.808,0.228,0.961,0.409,0.0104,0.776,0.299,0.802;aaaaaaaaaa;
a;0.124,0.379,0.567,0.889,0.507,0.384,0.883,0.757,0.42,0.626;a;
a;0.444,0.235,0.739,0.953,0.668,0.933,0.929,0.395,0.742,0.502;a;
a;0.831,0.235,0.273,0.146,0.456,0.782,0.964,0.872,0.998,0.842;aa;
a;0.134,0.607,0.518,0.0911,0.695,0.469,0.0643,0.895,0.894,0.679;aaaaa;
a;0.461,0.546,0.764,0.997,0.289,0.352,0.466,0.976,0.574,0.624;aaaaaaa;
a;0.35,0.786,0.895,0.973,0.308,0.356,0.305,0.127,0.177,0.773;aaaaaaa;
a;0.492,0.226,0.816,0.772,0.73,0.836,0.612,0.493,0.182,0.967;aaaaaaaaa;
a;0.975,0.316,0.8,0.213,0.914,0.111,0.653,0.783,0.884,0.246;aaaaaaaa;
a;0.72,0.181,0.711,0.472,0.687,0.363,0.72,0.332,0.494,0.458;aa;
a;0.6,0.264,0.519,0.045,0.596,0.107,0.549,0.655,0.389,0.366;aaaaaa;
a;0.326,0.914,0.126,0.307,0.307,0.79,0.827,0.241,0.841,0.722;aaaaa;
a;0.647,0.789,0.497,0.648,0.0439,0.617,0.759,0.348,0.013,0.618;aaaaa;
a;0.671,0.207,0.819,0.109,0.574,0.0427,0.244,0.666,0.927,0.528;aaaaaaaaa;
a;0.633,0.646,0.334,0.906,0.646,0.597,0.902,0.505,0.756,0.35;aa;
a;0.147,0.497,0.0412,0.332,0.354,0.247,0.595,0.424,0.689,0.965;aaaaaaa;
a;0.153,0.0277,0.691,0.806,0.731,0.644,0.656,0.975,0.3,0.00821;aa;
a;0.28,0.422,0.409,0.413,0.575,0.674,0.72,0.551,0.102,0.773;aaa;
a;0.389,0.0461,0.83,0.314,0.406,0.693,0.625,0.143,0.698,0.946;aaaaaaaa;
a;0.185,0.394,0.447,0.0351,0.869,0.121,0.505,0.1,0.99,0.614;aaaaaaaaa;
a;0.0466,0.693,0.359,0.789,0.538,0.42,0.161,0.423,0.842,0.974;a;
a;0.385,0.481,0.756,0.877,0.855,0.471,0.451,0.897,0.198,0.421;aaaaa;
a;0.563,0.167,0.418,0.752,0.776,0.578,0.0357,0.324,0.292,0.51;a;
a;0.507,0.987,0.0129,0.911,0.104,0.865,0.765,0.754,0.519,0.582;aa;
a;0.742,0.499,0.595,0.432,0.825,0.161,0.824,0.225,0.315,0.254;aaaaaaaa;
a;0.849,0.794,0.931,0.565,0.0145,0.38,0.258,0.644,0.24,0.336;a;
a;0.00781,0.668,0.905,0.59,0.82,0.287,0.351,0.328,0.833,0.373;aaaaaa;
a;0.72,0.926,0.616,0.793,0.977,0.69,0.383,0.399,0.0939,0.757;aaaaaaaaaa;
a;0.63,0.863,0.0517,0.00395,0.651,0.953,0.371,0.091,0.127,0.192;aaaaaaaa;
a;0.821,0.938,0.762,0.799,0.96,0.878,0.932,0.528,0.912,0.484;aaaa;
a;0.254,0.703,0.181,0.8,0.228,0.766,0.622,0.18,0.674,0.49;aaaa;
a;0.533,0.649,0.282,0.417,0.662,0.874,0.717,0.893,0.817,0.411;aaaa;
a;0.193,0.693,0.0622,0.0953,0.246,0.476,0.384,0.382,0.507,0.746;aaaaaaaaaa;
a;0.835,0.208,0.65,0.4,0.574,0.387,0.234,0.943,0.763,0.859;aaaaaaaaa;
a;0.154,0.855,0.547,0.462,0.448,0.973,0.963,0.275,0.758,0.413;aaaaaaaaaa;
a;0.78,0.3,0.064,0.0663,0.994,0.0965,0.295,0.78,0.724,0.772;aaaaa;
a;0.388,0.681,0.564,0.816,0.945,0.928,0.572,0.84,0.041,0.169;aaaaaaaaaa;
a;0.93,0.842,0.187,0.526,0.0391,0.958,0.102,0.352,0.117,0.788;aaaaaaaaaa;
a;0.988,0.419,0.379,0.415,0.376,0.682,0.998,0.518,0.794,0.0105;aaaaaa;
a;0.559,0.289,0.403,0.832,0.724,0.381,0.674,0.87,0.285,0.256;aaaaaaaa;
a;0.644,0.464,0.278,0.716,0.947,0.0574,0.28,0.261,0.264,0.737;aaa;
a;0.734,0.901,0.428,0.834,0.764,0.705,0.722,0.057,0.382,0.225;aaaaaaa;
a;0.746,0.954,0.165,0.685,0.283,0.974,0.627,0.285,0.948,0.0596;aaaaaaaa;
a;0.879,0.277,0.533,0.197,0.443,0.907,0.222,0.0934,0.154,0.371;aaaaaa;
a;0.0209,0.27,0.332,0.97,0.452,0.504,0.793,0.567,0.492,0.378;aaaaaaaaaa;
a;0.818,0.592,0.998,0.544,0.065,0.773,0.394,0.167,0.945,0.403;aaaaaaaa;
a;0.696,0.728,0.0171,0.208,0.159,0.433,0.474,0.734,0.809,0.894;aaaaaaaaa;
a;0.748,0.894,0.979,0.641,0.994,0.24,0.313,0.866,0.748,0.577;aaaaaa;
a;0.785,0.711,0.435,0.327,0.282,0.478,0.746,0.071,0.344,0.894;aaaaaaaaa;
a;0.438,0.262,0.222,0.173,0.874,0.936,0.0853,0.453,0.768,0.248;aaaa;
a;0.759,0.801,0.591,0.889,0.832,0.56,0.752,0.0704,0.6,0.0483;aaaaaaa;
a;0.733,0.412,0.08,0.0431,0.984,0.943,0.167,0.876,0.957,0.711;aa;
a;0.105,0.638,0.0636,0.327,0.972,0.93,0.257,0.64,0.916,0.85;aaaa;
a;0.0215,0.862,0.916,0.7,0.267,0.542,0.757,0.692,0.499,0.282;aaaaaaa;
a;0.407,0.977,0.298,0.341,0.496,0.202,0.584,0.832,0.809,0.924;aa;
a;0.597,0.646,0.95,0.198,0.111,0.314,0.417,0.284,0.73,0.716;aaaaaa;
a;0.896,0.906,0.538,0.536,0.999,0.391,0.156,0.773,0.79,0.0162;aaaaaaaa;
a;0.577,0.213,0.0427,0.574,0.961,0.195,0.352,0.681,0.728,0.826;aaaaaa;
a;0.163,0.0246,0.347,0.543,0.264,0.171,0.888,0.923,0.982,0.38;aaaaa;
a;0.26,0.746,0.821,0.518,0.093,0.469,0.421,0.769,0.0138,0.905;aaaaa;
a;0.0431,0.0558,0.686,0.886,0.741,0.288,0.586,0.992,0.696,0.988;a;
a;0.217,0.0119,0.939,0.574,0.981,0.571,0.836,0.527,0.0775,0.256;aaaaaaaa;
a;0.812,0.7,0.294,0.846,0.08,0.765,0.0763,0.679,0.146,0.111;aaaaaaaa;
a;0.718,0.417,0.917,0.251,0.0238,0.136,0.909,0.276,0.769,0.42;aaaaaaaa;
a;0.86,0.0406,0.986,0.507,0.875,0.398,0.962,0.0348,0.772,0.487;aaaaaaaa;
a;0.243,0.188,0.43,0.135,0.454,0.0769,0.472,0.536,0.228,0.655;aaaaaaa;
a;0.498,0.272,0.106,0.362,0.441,0.755,0.929,0.684,0.467,0.876;aaaaaa;
a;0.423,0.693,0.522,0.156,0.0369,0.631,0.739,0.835,0.0188,0.144;a;
a;0.0175,0.0075,0.46,0.856,0.518,0.545,0.537,0.744,0.111,0.597;aaaaaaaa;
a;0.559,0.19,0.84,0.999,0.807,0.29,0.786,0.719,0.452,0.133;aa;
a;0.97,0.293,0.91,0.59,0.13,0.269,0.231,0.52,0.455,0.31;aaaaaa;
a;0.289,0.959,0.515,0.933,0.286,0.538,0.502,0.948,0.642,0.34;aaaaa;
a;0.389,0.0642,0.594,0.789,0.621,0.0743,0.039,0.81,0.68,0.772;aa;
a;0.82,0.0293,0.4,0.154,0.238,0.617,0.731,0.787,0.96,0.0235;aaaaaaaaa;
a;0.663,0.378,0.347,0.198,0.878,0.433,0.805,0.439,0.467,0.623;a;
a;0.658,0.64,0.636,0.902,0.698,0.946,0.286,0.492,0.101,0.585;aaaaaa;
a;0.168,0.577,0.385,0.361,0.546,0.0323,0.725,0.371,0.304,0.143;aa;
a;0.336,0.702,0.12,0.0302,0.835,0.398,0.204,0.0864,0.722,0.751;a;
a;0.884,0.338,0.4,0.307,0.0784,0.883,0.997,0.138,0.0576,0.707;aaaaa;
a;0.248,0.247,0.963,0.14,0.313,0.43,0.342,0.0397,0.977,0.354;a;
a;0.641,0.805,0.9,0.613,0.192,0.335,0.438,0.28,0.965,0.172;aa;
a;0.556,0.105,0.474,0.924,0.341,0.837,0.418,0.0166,0.0286,0.238;aaa;
a;0.667,0.583,0.533,0.586,0.94,0.0134,0.24,0.887,0.285,0.635;aaaa;
a;0.481,0.0259,0.455,0.626,0.439,0.844,0.568,0.546,0.108,0.624;aaaaaaaa;
a;0.133,0.513,0.621,0.183,0.794,0.319,0.749,0.098,0.53,0.577;a;
a;0.397,0.586,0.291,0.0778,0.523,0.976,0.703,0.571,0.55,0.235;a;
a;0.542,0.124,0.938,0.573,0.761,0.765,0.913,0.721,0.676,0.908;aaaaaaaaaa;
a;0.768,0.586,0.345,0.513,0.988,0.959,0.82,0.345,0.198,0.861;aaaaaaaa;
a;0.707,0.443,0.0132,0.773,0.742,0.257,0.0465,0.981,0.189,0.311;aaaaaaaa;
a;0.25,0.243,0.196,0.805,0.711,0.186,0.643,0.131,0.724,0.665;aaaaaaaaa;
a;0.198,0.849,0.742,0.0536,0.698,0.515,0.814,0.546,0.8,0.272;aaaaaaaa;
a;0.643,0.721,0.677,0.854,0.628,0.606,0.000413,0.178,0.145,0.163;aaaaaaaa;
a;0.576,0.15,0.55,0.649,0.727,0.281,0.83,0.902,0.331,0.000398;aaa;
a;0.0168,0.725,0.298,0.248,0.962,0.985,0.535,0.983,0.511,0.0839;aaaa;
a;0.125,0.752,0.162,0.0211,0.809,0.346,0.923,0.674,0.0941,0.107;aaaaa;
a;0.807,0.597,0.57,0.0799,0.0545,0.67,0.299,0.815,0.987,0.285;aaaaaaaaa;
a;0.0648,0.304,0.317,0.476,0.15,0.387,0.13,0.494,0.918,0.954;aaaaaa;
a;0.557,0.829,0.564,0.32,0.764,0.266,0.244,0.0985,0.888,0.986;aa;
a;0.279,0.279,0.721,0.821,0.715,0.592,0.648,0.279,0.602,0.72;aaaaaaaaa;
a;0.745,0.488,0.245,0.0379,0.107,0.158,0.917,0.678,0.103,0.998;aaa;
a;0.785,0.763,0.685,0.172,0.334,0.93,0.427,0.652,0.33,0.932;aaa;
a;0.478,0.703,0.249,0.392,0.363,0.818,0.87,0.333,0.261,0.526;aaaaaaaaaa;
a;0.637,0.106,0.4,0.092,0.583,0.686,0.498,0.391,0.584,0.351;aaaaaaaaaa;
a;0.625,0.0571,0.523,0.0749,0.703,0.54,0.306,0.764,0.66,0.182;aaaaaaa;
a;0.578,0.895,0.768,0.0597,0.478,0.879,0.684,0.725,0.345,0.312;aaa;
a;0.252,0.547,0.621,0.955,0.681,0.998,0.352,0.765,0.632,0.0264;a;
a;0.132,0.553,0.347,0.411,0.602,0.743,0.101,0.396,0.0786,0.524;aaaa;
a;0.643,0.716,0.547,0.166,0.742,0.947,0.315,0.455,0.00741,0.575;aaaaaa;
a;0.605,0.781,0.348,0.997,0.308,0.809,0.927,0.545,0.76,0.172;aaa;
a;0.828,0.694,0.5,0.144,0.804,0.823,0.0492,0.127,0.568,0.356;aaaaa;
a;0.422,0.524,0.0596,0.877,0.0855,0.817,0.386,0.372,0.474,0.131;aaaaaaaaa;
a;0.368,0.338,0.545,0.326,0.761,0.596,0.209,0.388,0.815,0.189;aaaaaaa;
a;0.436,0.144,0.798,0.86,0.684,0.665,0.398,0.51,0.304,0.0474;aaaa;
a;0.841,0.154,0.324,0.776,0.244,0.592,0.862,0.649,0.15,0.831;aaaaaaaaa;
a;0.834,0.28,0.928,0.0692,0.843,0.728,0.131,0.587,0.942,0.0474;aaaaaaaa;
a;0.0748,0.252,0.17,0.548,0.106,0.18,0.651,0.796,0.442,0.404;aaaaaaaaa;
a;0.454,0.289,0.741,0.304,0.28,0.968,0.589,0.115,0.715,0.269;aaaaa;
a;0.65,0.561,0.683,0.689,0.563,0.118,0.236,0.28,0.352,0.598;aaaaa;
a;0.587,0.0335,0.62,0.325,0.838,0.783,0.781,0.635,0.109,0.843;aaaaaaaa;
a;0.0142,0.108,0.972,0.787,0.984,0.604,0.784,0.00653,0.578,0.646;aaaa;
a;0.0482,0.973,0.00358,0.55,0.959,0.652,0.855,0.803,0.497,0.565;aaaaaaa;
a;0.943,0.0239,0.786,0.633,0.368,0.0455,0.553,0.917,0.836,0.851;aaaa;
a;0.523,0.339,0.5,0.0224,0.802,0.00727,0.454,0.611,0.716,0.395;aaaaaa;
a;0.304,0.114,0.106,0.604,0.476,0.971,0.694,0.86,0.0494,0.464;aaa;
a;0.123,0.496,0.822,0.0805,0.3,0.494,0.0591,0.28,0.00495,0.458;aaa;
a;0.609,0.181,0.96,0.392,0.0585,0.643,0.593,0.161,0.855,0.881;aaaa;
a;0.722,0.149,0.274,0.675,0.873,0.426,0.0151,0.568,0.511,0.206;aaaaa;
a;0.168,0.544,0.177,0.653,0.546,0.441,0.174,0.325,0.706,0.0368;aaaaaa;
a;0.381,0.654,0.524,0.127,0.767,0.871,0.28,0.395,0.224,0.761;aaaaaaaa;
a;0.921,0.0282,0.89,0.969,0.57,0.776,0.836,0.53,0.146,0.369;aaaaaaaaaa;
a;0.608,0.602,0.822,0.123,0.0479,0.388,0.0721,0.723,0.847,0.0156;aaaaaa;
a;0.503,0.705,0.486,0.617,0.325,0.898,0.0979,0.384,0.694,0.711;a;
a;0.0132,0.891,0.524,0.93,0.788,0.557,0.391,0.22,0.5,0.0215;aaaaaaaaaa;
a;0.0667,0.554,0.363,0.76,0.954,0.314,0.267,0.795,0.923,0.901;aaaa;
a;0.285,0.81,0.203,0.808,0.325,0.472,0.396,0.875,0.61,0.347;a;
a;0.909,0.925,0.965,0.416,0.198,0.255,0.0469,0.961,0.676,0.0055;aaaaaa;
a;0.546,0.188,0.313,0.857,0.633,0.555,0.902,0.155,0.367,0.96;aaaaaaa;
a;0.31,0.405,0.36,0.318,0.0827,0.288,0.853,0.458,0.0803,0.15;a;
a;0.67,0.315,0.519,0.994,0.226,0.149,0.322,0.161,0.267,0.96;a;
a;0.929,0.848,0.354,0.627,0.686,0.539,0.163,0.274,0.538,0.192;a;
a;0.338,0.249,0.258,0.906,0.0393,0.697,0.773,0.504,0.0536,0.528;aaa;
a;0.319,0.923,0.959,0.844,0.172,0.38,0.581,0.702,0.00454,0.145;aaaaa;
a;0.786,0.429,0.463,0.624,0.0475,0.265,0.29,0.614,0.962,0.681;aa;
a;0.272,0.582,0.441,0.256,0.486,0.982,0.279,0.351,0.143,0.393;aaaaaaaaa;
a;0.864,0.647,0.906,0.184,0.889,0.033,0.0222,0.542,0.755,0.414;aaaaaaaaa;
a;0.981,0.747,0.364,0.358,0.833,0.767,0.0557,0.145,0.999,0.426;a;
a;0.915,0.261,0.263,0.0509,0.579,0.629,0.939,0.928,0.494,0.457;aaaaaa;
a;0.972,0.73,0.278,0.418,0.425,0.251,0.711,0.914,0.648,0.545;aaaaaaaa;
a;0.323,0.0897,0.746,0.427,0.647,0.534,0.865,0.134,0.103,0.55;aa;
a;0.198,0.499,0.262,0.532,0.348,0.332,0.341,0.566,0.949,0.851;aaaa;
a;0.644,0.498,0.286,0.739,0.668,0.345,0.775,0.165,0.255,0.538;aaaaaaaaaa;
a;0.79,0.742,0.674,0.783,0.63,0.745,0.392,0.165,0.107,0.538;aaaaaaa;
a;0.284,0.274,0.508,0.181,0.0261,0.3,0.697,0.949,0.406,0.973;aaaa;
a;0.998,0.128,0.547,0.844,0.806,0.331,0.95,0.41,0.837,0.827;aaaa;
a;0.878,0.551,0.944,0.202,0.336,0.679,0.353,0.76,0.878,0.813;aaaaaaaaaa;
a;0.954,0.613,0.865,0.738,0.703,0.313,0.0515,0.651,0.77,0.25;aaa;
a;0.228,0.102,0.677,0.541,0.399,0.136,0.226,0.556,0.562,0.883;aa;
a;0.0213,0.613,0.154,0.787,0.802,0.0572,0.301,0.521,0.578,0.58;aaaaaaa;
a;0.709,0.385,0.682,0.816,0.616,0.499,0.204,0.554,0.578,0.815;aaaaa;
a;0.148,0.994,0.274,0.0814,0.436,0.151,0.528,0.133,0.0136,0.493;aaaaaaaaa;
a;0.827,0.498,0.963,0.742,0.405,0.47,0.796,0.742,0.534,0.243;a;
a;0.495,0.0584,0.855,0.985,0.287,0.68,0.73,0.326,0.291,0.645;a;
a;0.609,0.67,0.548,0.0546,0.652,0.92,0.188,0.728,0.365,0.101;aaaaaaaaaa;
a;0.226,0.457,0.409,0.925,0.317,0.467,0.322,0.283,0.953,0.911;aaaaaaa;
a;0.24,0.692,0.343,0.535,0.431,0.329,0.301,0.758,0.416,0.405;aaaaaaaaa;
a;0.917,0.206,0.198,0.49,0.291,0.748,0.576,0.303,0.0337,0.812;aaaaaa;
a;0.399,0.465,0.759,0.607,0.551,0.33,0.168,0.505,0.876,0.818;aaaa;
a;0.944,0.344,0.0867,0.787,0.488,0.0102,0.902,0.972,0.66,0.626;a;
a;0.872,0.868,0.448,0.233,0.27,0.162,0.175,0.911,0.49,0.421;aaaaaaa;
a;0.935,0.0902,0.602,0.968,0.937,0.819,0.5,0.218,0.58,0.828;aaaaaaa;
a;0.0559,0.632,0.713,0.639,0.0477,0.853,0.642,0.505,0.539,0.591;aaaaa;
a;0.877,0.398,0.0126,0.611,0.902,0.766,0.525,0.118,0.537,0.929;aaaaa;
a;0.626,0.163,0.334,0.669,0.45,0.651,0.795,0.273,0.712,0.89;aaaaaaaa;
a;0.0405,0.697,0.439,0.293,0.726,0.305,0.271,0.767,0.845,0.6;aaaaaaaaaa;
a;0.586,0.719,0.99,0.753,0.957,0.601,0.00447,0.835,0.151,0.776;aaa;
a;0.16,0.462,0.709,0.0544,0.829,0.0559,0.646,0.79,0.033,0.227;a;
a;0.835,0.207,0.228,0.0883,0.833,0.756,0.59,0.678,0.438,0.603;aa;
a;0.705,0.804,0.414,0.804,0.713,0.172,0.894,0.829,0.525,0.349;aa;
a;0.536,0.37,0.962,0.125,0.244,0.274,0.255,0.00277,0.746,0.827;aaaaa;
a;0.918,0.83,0.384,0.766,0.416,0.114,0.602,0.393,0.821,0.122;aaaaa;
a;0.515,0.84,0.493,0.76,0.0663,0.743,0.429,0.93,0.371,0.627;aaaaaaaaa;
a;0.371,0.389,0.883,0.434,0.601,0.128,0.216,0.535,0.887,0.111;aaaaaaaa;
a;0.807,0.756,0.0168,0.829,0.000601,0.0579,0.93,0.107,0.872,0.699;aaaaaaaaaa;
a;0.815,0.0766,0.703,0.906,0.72,0.896,0.17,0.438,0.052,0.832;aaaaaaa;
a;0.643,0.857,0.677,0.478,0.0607,0.53,0.199,0.706,0.579,0.0193;aaaa;
a;0.0266,0.292,0.977,0.118,0.27,0.243,0.898,0.871,0.337,0.555;aaaaaaaa;
a;0.391,0.772,0.971,0.785,0.973,0.438,0.117,0.833,0.777,0.886;aaaaa;
a;0.181,0.922,0.568,0.518,0.928,0.649,0.57,0.408,0.182,0.428;aaa;
a;0.0604,0.703,0.396,0.86,0.336,0.68,0.482,0.891,0.222,0.0122;a;
a;0.955,0.662,0.815,0.95,0.243,0.216,0.376,0.762,0.58,0.0849;aaa;
a;0.439,0.735,0.986,0.724,0.906,0.354,0.466,0.413,0.775,0.543;aaaaaaaaa;
a;0.347,0.66,0.379,0.553,0.0996,0.522,0.54,0.117,0.0678,0.541;aa;
a;0.192,0.945,0.609,0.0366,0.00601,0.582,0.499,0.108,0.368,0.343;aaaaaa;
a;0.281,0.782,0.387,0.7,0.927,0.483,0.409,0.35,0.653,0.85;aaaaa;
a;0.989,0.816,0.872,0.638,0.41,0.645,0.287,0.542,0.00823,0.673;aa;
a;0.692,0.999,0.344,0.725,0.64,0.0054,0.139,0.85,0.706,0.588;aaaaaaaaaa;
a;0.414,0.183,0.406,0.755,0.978,0.0308,0.934,0.604,0.996,0.239;aaaaa;
a;0.474,0.198,0.835,0.277,0.36,0.526,0.484,0.443,0.16,0.882;aaaaaaaa;
a;0.883,0.437,0.561,0.371,0.119,0.761,0.212,0.802,0.809,0.495;aaaaaaaaa;
a;0.732,0.939,0.571,0.134,0.887,0.0586,0.399,0.353,0.929,0.711;aaaaaaaaaa;
a;0.85,0.0253,0.626,0.372,0.822,0.67,0.827,0.65,0.858,0.683;aaa;
a;0.551,0.0715,0.886,0.944,0.52,0.0782,0.359,0.53,0.911,0.0352;aaa;
a;0.352,0.444,0.103,0.849,0.303,0.512,0.139,0.869,0.765,0.487;aaa;
a;0.107,0.304,0.984,0.406,0.924,0.0782,0.836,0.66,0.442,0.98;aaa;
a;0.913,0.661,0.814,0.999,0.0668,0.834,0.678,0.379,0.537,0.571;aaaa;
a;0.989,0.301,0.707,0.432,0.277,0.945,0.602,0.545,0.962,0.942;aaaaa;
a;0.708,0.784,0.696,0.46,0.0402,0.645,0.416,0.707,0.756,0.0459;aaaaaaaaaa;
a;0.141,0.253,0.283,0.961,0.679,0.158,0.0906,0.419,0.1,0.0766;aaaaaaaaa;
a;0.523,0.358,0.622,0.564,0.601,0.739,0.00994,0.248,0.793,0.352;aaaaaaaa;
a;0.288,0.85,0.0697,0.767,0.842,0.275,0.418,0.229,0.994,0.696;a;
a;0.733,0.226,0.548,0.101,0.131,0.151,0.0221,0.784,0.322,0.475;a;
a;0.214,0.686,0.332,0.99,0.676,0.41,0.498,0.0381,0.508,0.949;aaaa;
a;0.31,0.576,0.481,0.00602,0.505,0.7,0.187,0.323,0.649,0.355;aaaaaaa;
a;0.422,0.179,0.873,0.829,0.392,0.0992,0.00675,0.271,0.382,0.746;a;
a;0.149,0.932,0.893,0.717,0.324,0.623,0.81,0.944,0.779,0.442;aaaaaaa;
a;0.573,0.227,0.282,0.899,0.266,0.0526,0.54,0.532,0.64,0.573;aa;
a;0.565,0.0242,0.0815,0.53,0.0951,0.577,0.974,0.47,0.772,0.327;aaaaaaaa;
a;0.862,0.27,0.631,0.534,0.538,0.6,0.995,0.2,0.88,0.935;aa;
a;0.997,0.229,0.0996,0.653,0.759,0.786,0.968,0.538,0.774,0.3;aaaaaaaa;
a;0.746,0.762,0.48,0.727,0.00524,0.849,0.273,0.409,0.405,0.929;aaaaaaaaa;
a;0.384,0.794,0.0658,0.627,0.00785,0.914,0.557,0.821,0.163,0.785;aaaaaaaaaa;
a;0.0333,0.344,0.781,0.56,0.466,0.295,0.636,0.88,0.704,0.0738;aaaaaa;
a;0.192,0.945,0.609,0.0366,0.00601,0.582,0.499,0.108,0.368,0.343;aaaaaaa;
a;0.281,0.782,0.387,0.7,0.927,0.483,0.409,0.35,0.653,0.85;aaaaaaaaaa;
a;0.989,0.816,0.872,0.638,0.41,0.645,0.287,0.542,0.00823,0.673;aaaaaa;
a;0.692,0.999,0.344,0.725,0.64,0.0054,0.139,0.85,0.706,0.588;aaaaa;
a;0.414,0.183,0.406,0.755,0.978,0.0308,0.934,0.604,0.996,0.239;aaaa;
a;0.474,0.198,0.835,0.277,0.36,0.526,0.484,0.443,0.16,0.882;aaaaaaaaaa;
a;0.883,0.437,0.561,0.371,0.119,0.761,0.212,0.802,0.809,0.495;aaaaa;
a;0.732,0.939,0.571,0.134,0.887,0.0586,0.399,0.353,0.929,0.711;aaaaa;
a;0.85,0.0253,0.626,0.372,0.822,0.67,0.827,0.65,0.858,0.683;aaa;
a;0.551,0.0715,0.886,0.944,0.52,0.0782,0.359,0.53,0.911,0.0352;aaaa;
a;0.352,0.444,0.103,0.849,0.303,0.512,0.139,0.869,0.765,0.487;aaaaaaaa;
a;0.107,0.304,0.984,0.406,0.924,0.0782,0.836,0.66,0.442,0.98;a;
a;0.913,0.661,0.814,0.999,0.0668,0.834,0.678,0.379,0.537,0.571;aaaaa;
a;0.989,0.301,0.707,0.432,0.277,0.945,0.602,0.545,0.962,0.942;aaaaa;
a;0.708,0.784,0.696,0.46,0.0402,0.645,0.416,0.707,0.756,0.0459;aaa;
a;0.141,0.253,0.283,0.961,0.679,0.158,0.0906,0.419,0.1,0.0766;aaaaaa;
a;0.523,0.358,0.622,0.564,0.601,0.739,0.00994,0.248,0.793,0.352;aaa;
a;0.288,0.85,0.0697,0.767,0.842,0.275,0.418,0.229,0.994,0.696;aaaaaaaaaa;
a;0.733,0.226,0.548,0.101,0.131,0.151,0.0221,0.784,0.322,0.475;aaaa;
a;0.214,0.686,0.332,0.99,0.676,0.41,0.498,0.0381,0.508,0.949;aaaaaaaa;
a;0.31,0.576,0.481,0.00602,0.505,0.7,0.187,0.323,0.649,0.355;aaaaaaaa;
a;0.422,0.179,0.873,0.829,0.392,0.0992,0.00675,0.271,0.382,0.746;a;
a;0.149,0.932,0.893,0.717,0.324,0.623,0.81,0.944,0.779,0.442;aaaaaaaaa;
a;0.573,0.227,0.282,0.899,0.266,0.0526,0.54,0.532,0.64,0.573;a;
a;0.565,0.0242,0.0815,0.53,0.0951,0.577,0.974,0.47,0.772,0.327;aaaaaa;
a;0.862,0.27,0.631,0.534,0.538,0.6,0.995,0.2,0.88,0.935;aaaaaaaa;
a;0.997,0.229,0.0996,0.653,0.759,0.786,0.968,0.538,0.774,0.3;aaaa;
a;0.746,0.762,0.48,0.727,0.00524,0.849,0.273,0.409,0.405,0.929;aaaaaaaa;
a;0.384,0.794,0.0658,0.627,0.00785,0.914,0.557,0.821,0.163,0.785;aaaaaaa;
a;0.0333,0.344,0.781,0.56,0.466,0.295,0.636,0.88,0.704,0.0738;aaaaa;
a;0.192,0.945,0.609,0.0366,0.00601,0.582,0.499,0.108,0.368,0.343;aaaaa;
a;0.281,0.782,0.387,0.7,0.927,0.483,0.409,0.35,0.653,0.85;aaaaaaaaaa;
a;0.989,0.816,0.872,0.638,0.41,0.645,0.287,0.542,0.00823,0.673;aaaaaaa;
a;0.692,0.999,0.344,0.725,0.64,0.0054,0.139,0.85,0.706,0.588;aaaa;
a;0.414,0.183,0.406,0.755,0.978,0.0308,0.934,0.604,0.996,0.239;aaaaaaa;
a;0.474,0.198,0.835,0.277,0.36,0.526,0.484,0.443,0.16,0.882;aaaaaaaa;
a;0.883,0.437,0.561,0.371,0.119,0.761,0.212,0.802,0.809,0.495;aaaaaaaaa;
a;0.732,0.939,0.571,0.134,0.887,0.0586,0.399,0.353,0.929,0.711;a;
a;0.85,0.0253,0.626,0.372,0.822,0.67,0.827,0.65,0.858,0.683;aaaaa;
a;0.551,0.0715,0.886,0.944,0.52,0.0782,0.359,0.53,0.911,0.0352;aaaaaaaa;
a;0.352,0.444,0.103,0.849,0.303,0.512,0.139,0.869,0.765,0.487;aaaaaaa;
a;0.107,0.304,0.984,0.406,0.924,0.0782,0.836,0.66,0.442,0.98;aaa;
a;0.913,0.661,0.814,0.999,0.0668,0.834,0.678,0.379,0.537,0.571;aaaaaa;
a;0.989,0.301,0.707,0.432,0.277,0.945,0.602,0.545,0.962,0.942;aaaaaa;
a;0.708,0.784,0.696,0.46,0.0402,0.645,0.416,0.707,0.756,0.0459;aaaaaa;
a;0.141,0.253,0.283,0.961,0.679,0.158,0.0906,0.419,0.1,0.0766;aaaaaaa;
a;0.523,0.358,0.622,0.564,0.601,0.739,0.00994,0.248,0.793,0.352;aaaaaa;
a;0.288,0.85,0.0697,0.767,0.842,0.275,0.418,0.229,0.994,0.696;aaaa;
a;0.733,0.226,0.548,0.101,0.131,0.151,0.0221,0.784,0.322,0.475;aaaaaa;
a;0.214,0.686,0.332,0.99,0.676,0.41,0.498,0.0381,0.508,0.949;aa;
a;0.31,0.576,0.481,0.00602,0.505,0.7,0.187,0.323,0.649,0.355;aaaaaaaa;
a;0.422,0.179,0.873,0.829,0.392,0.0992,0.00675,0.271,0.382,0.746;aaaa;
a;0.149,0.932,0.893,0.717,0.324,0.623,0.81,0.944,0.779,0.442;aaaaaaaaaa;
a;0.573,0.227,0.282,0.899,0.266,0.0526,0.54,0.532,0.64,0.573;aaaaaaaaa;
a;0.565,0.0242,0.0815,0.53,0.0951,0.577,0.974,0.47,0.772,0.327;aaaaaaa;
a;0.862,0.27,0.631,0.534,0.538,0.6,0.995,0.2,0.88,0.935;aaaaaaaaaa;
a;0.997,0.229,0.0996,0.653,0.759,0.786,0.968,0.538,0.774,0.3;aaaaaaaaaa;
a;0.746,0.762,0.48,0.727,0.00524,0.849,0.273,0.409,0.405,0.929;aaaaaa;
a;0.384,0.794,0.0658,0.627,0.00785,0.914,0.557,0.821,0.163,0.785;aaaaaa;
a;0.0333,0.344,0.781,0.56,0.466,0.295,0.636,0.88,0.704,0.0738;aaaaaaaaaa;
a;0.192,0.945,0.609,0.0366,0.00601,0.582,0.499,0.108,0.368,0.343;aaa;
a;0.281,0.782,0.387,0.7,0.927,0.483,0.409,0.35,0.653,0.85;aaaaaaaaa;
a;0.989,0.816,0.872,0.638,0.41,0.645,0.287,0.542,0.00823,0.673;aaaaaa;
a;0.692,0.999,0.344,0.725,0.64,0.0054,0.139,0.85,0.706,0.588;aaa;
a;0.414,0.183,0.406,0.755,0.978,0.0308,0.934,0.604,0.996,0.239;aaaaa;
a;0.474,0.198,0.835,0.277,0.36,0.526,0.484,0.443,0.16,0.882;aaaaaaa;
a;0.883,0.437,0.561,0.371,0.119,0.761,0.212,0.802,0.809,0.495;aaaaa;
a;0.732,0.939,0.571,0.134,0.887,0.0586,0.399,0.353,0.929,0.711;aaaaaaa;
a;0.85,0.0253,0.626,0.372,0.822,0.67,0.827,0.65,0.858,0.683;aaaaa;
a;0.551,0.0715,0.886,0.944,0.52,0.0782,0.359,0.53,0.911,0.0352;aaa;
a;0.352,0.444,0.103,0.849,0.303,0.512,0.139,0.869,0.765,0.487;a;
a;0.107,0.304,0.984,0.406,0.924,0.0782,0.836,0.66,0.442,0.98;aaaaa;
a;0.913,0.661,0.814,0.999,0.0668,0.834,0.678,0.379,0.537,0.571;a;
a;0.989,0.301,0.707,0.432,0.277,0.945,0.602,0.545,0.962,0.942;a;
a;0.708,0.784,0.696,0.46,0.0402,0.645,0.416,0.707,0.756,0.0459;aaaaaa;
a;0.141,0.253,0.283,0.961,0.679,0.158,0.0906,0.419,0.1,0.0766;aaaaa;
a;0.523,0.358,0.622,0.564,0.601,0.739,0.00994,0.248,0.793,0.352;aa;
a;0.288,0.85,0.0697,0.767,0.842,0.275,0.418,0.229,0.994,0.696;aaaaa;
a;0.733,0.226,0.548,0.101,0.131,0.151,0.0221,0.784,0.322,0.475;aaaaaaa;
a;0.214,0.686,0.332,0.99,0.676,0.41,0.498,0.0381,0.508,0.949;aaaaa;
a;0.31,0.576,0.481,0.00602,0.505,0.7,0.187,0.323,0.649,0.355;aaaaaaaaaa;
a;0.422,0.179,0.873,0.829,0.392,0.0992,0.00675,0.271,0.382,0.746;aaaaaaaa;
a;0.149,0.932,0.893,0.717,0.324,0.623,0.81,0.944,0.779,0.442;aaaaaaa;
a;0.573,0.227,0.282,0.899,0.266,0.0526,0.54,0.532,0.64,0.573;aaaaaaa;
a;0.565,0.0242,0.0815,0.53,0.0951,0.577,0.974,0.47,0.772,0.327;a;
a;0.862,0.27,0.631,0.534,0.538,0.6,0.995,0.2,0.88,0.935;aaaa;
a;0.997,0.229,0.0996,0.653,0.759,0.786,0.968,0.538,0.774,0.3;aaaaaaaaaa;
a;0.746,0.762,0.48,0.727,0.00524,0.849,0.273,0.409,0.405,0.929;aaaaa;
a;0.384,0.794,0.0658,0.627,0.00785,0.914,0.557,0.821,0.163,0.785;aaaaa;
a;0.0333,0.344,0.781,0.56,0.466,0.295,0.636,0.88,0.704,0.0738;a;
a;0.192,0.945,0.609,0.0366,0.00601,0.582,0.499,0.108,0.368,0.343;aaaaaaaaa;
a;0.281,0.782,0.387,0.7,0.927,0.483,0.409,0.35,0.653,0.85;a;
a;0.989,0.816,0.872,0.638,0.41,0.645,0.287,0.542,0.00823,0.673;aaa;
a;0.692,0.999,0.344,0.725,0.64,0.0054,0.139,0.85,0.706,0.588;aaaaaaaaaa;
a;0.414,0.183,0.406,0.755,0.978,0.0308,0.934,0.604,0.996,0.239;aaaaaaaaaa;
a;0.474,0.198,0.835,0.277,0.36,0.526,0.484,0.443,0.16,0.882;aa;
a;0.883,0.437,0.561,0.371,0.119,0.761,0.212,0.802,0.809,0.495;aaaa;
a;0.732,0.939,0.571,0.134,0.887,0.0586,0.399,0.353,0.929,0.711;aa;
a;0.85,0.0253,0.626,0.372,0.822,0.67,0.827,0.65,0.858,0.683;aaaaaaaaa;
a;0.551,0.0715,0.886,0.944,0.52,0.0782,0.359,0.53,0.911,0.0352;aa;
a;0.352,0.444,0.103,0.849,0.303,0.512,0.139,0.869,0.765,0.487;aaaaaa;
a;0.107,0.304,0.984,0.406,0.924,0.0782,0.836,0.66,0.442,0.98;aaaaaa;
a;0.913,0.661,0.814,0.999,0.0668,0.834,0.678,0.379,0.537,0.571;aa;
a;0.989,0.301,0.707,0.432,0.277,0.945,0.602,0.545,0.962,0.942;aaaaaaaaa;
a;0.708,0.784,0.696,0.46,0.0402,0.645,0.416,0.707,0.756,0.0459;aaaaa;
a;0.141,0.253,0.283,0.961,0.679,0.158,0.0906,0.419,0.1,0.0766;aaaaaaaaaa;
a;0.523,0.358,0.622,0.564,0.601,0.739,0.00994,0.248,0.793,0.352;aaaaaaaa;
a;0.288,0.85,0.0697,0.767,0.842,0.275,0.418,0.229,0.994,0.696;aa;
a;0.733,0.226,0.548,0.101,0.131,0.151,0.0221,0.784,0.322,0.475;aaaaaa;
a;0.214,0.686,0.332,0.99,0.676,0.41,0.498,0.0381,0.508,0.949;a;
a;0.31,0.576,0.481,0.00602,0.505,0.7,0.187,0.323,0.649,0.355;aaaaa;
a;0.422,0.179,0.873,0.829,0.392,0.0992,0.00675,0.271,0.382,0.746;aaaaa;
a;0.149,0.932,0.893,0.717,0.324,0.623,0.81,0.944,0.779,0.442;aaaaaaa;
a;0.573,0.227,0.282,0.899,0.266,0.0526,0.54,0.532,0.64,0.573;aaaa;
a;0.565,0.0242,0.0815,0.53,0.0951,0.577,0.974,0.47,0.772,0.327;a;
a;0.862,0.27,0.631,0.534,0.538,0.6,0.995,0.2,0.88,0.935;aa;
a;0.997,0.229,0.0996,0.653,0.759,0.786,0.968,0.538,0.774,0.3;aaaaaaa;
a;0.746,0.762,0.48,0.727,0.00524,0.849,0.273,0.409,0.405,0.929;aaaaaaaa;
a;0.384,0.794,0.0658,0.627,0.00785,0.914,0.557,0.821,0.163,0.785;aaaaaaaaa;
a;0.0333,0.344,0.781,0.56,0.466,0.295,0.636,0.88,0.704,0.0738;aaaaaa;
