0	0,6
1	1
2	2
3	3,5
4	4
5	5
6	6
7	7
8	8
9	4,9
10	4
11	5
12	2
13	3
14	2
15	2
16	7
17	4
18	3
19	2,6
20	0
21	0
22	4
23	0
24	2
25	1
26	3,7
27	1
28	5
29	4
30	3
31	1
32	1,4
33	1
34	0
35	7
36	1
37	3
38	3
39	5
40	2,6
41	3
42	5
43	5
44	6
45	3
46	1
47	4
48	2
49	1
50	6
51	3,4
52	4
53	0
54	1
55	1
56	1
57	2
58	2,9
59	4,6
60	3
61	3
62	7
63	3,6
64	1
65	7
66	4
67	0
68	1
69	3
70	3
71	0,1
72	1
73	9
74	2
75	1
76	1
77	6
78	3
79	2
80	3
81	3
82	4
83	0,4
84	0
85	5
86	1,3,4
87	2
88	2
89	1,6
90	1,2,5
91	5
92	2,3
93	0
94	4,7
95	5
96	1,3,7
97	0
98	2
99	0,9
100	2
101	0,4
102	1,3,4
103	3,5
104	0
105	0
106	0
107	0,5
108	1,3
109	0,6
110	1,3
111	4
112	1
113	8
114	2,4
115	4
116	1,4,5
117	0
118	0
119	0
120	5
121	4,5,8
122	2,4,9
123	0
124	0,1
125	0
126	0,8
127	1,4,6
128	0
129	0,5
130	2,8
131	3,5
132	4
133	4
134	0
135	2,5,6,7
136	1
137	4
138	3
139	0
140	1,3
141	1
142	7
143	7
144	0
145	4
146	0,5
147	0,6
148	1,5
149	0,2
150	0
151	0,5,9
152	2
153	3,5,6
154	1
155	3
156	1
157	5,7,8
158	9
159	0
160	0
161	2,5
162	0
163	5
164	3,8
165	3
166	1
167	4,6
168	1,2
169	0
170	0
171	0
172	1
173	7,8
174	1
175	4
176	2,5
177	1
178	2,5
179	1,8
180	5
181	7
182	0,1
183	0,6
184	2
185	8
186	1
187	1,4,6
188	1
189	2
190	5,6,8
191	3
192	1
193	1,5
194	7
195	2
196	7
197	1,3,4
198	1,6
199	4,7
200	1
201	0
202	0,3
203	3
204	0
205	0,3,5
206	3,7
207	4
208	1
209	1
210	0
211	0
212	9
213	1
214	4
215	1
216	1
217	0
218	5
219	1
220	3,9
221	6
222	0,4,5
223	1
224	2
225	2,4,5
226	1,6
227	8
228	1
229	1
230	0
231	0,7
232	4
233	7
234	1
235	6
236	3
237	1
238	7
239	1
240	2
241	7
242	3
243	2
244	2
245	2
246	4,5
247	7
248	2
249	0
250	0
251	0
252	7
253	3
254	0
255	1
256	0
257	0
258	2
259	3
260	1,5
261	3,4
262	0
263	7
264	7,9
265	4,7
266	3,4
267	3
268	3
269	0
270	1,4,5,7
271	0
272	1
273	0
274	0,1,5
275	0
276	3
277	1
278	3
279	1
280	1,5
281	2
282	3,4
283	1
284	3
285	0
286	7
287	1
288	4
289	0
290	3,5
291	1
292	1
293	8
294	1
295	5
296	1,8
297	3
298	2
299	0
300	1
301	1
302	9
303	0
304	3
305	0
306	1
307	3,8
308	0
309	0,7
310	0
311	5
312	1
313	0
314	3
315	0,2
316	2
317	4
318	1
319	3
320	0
321	1
322	1
323	0
324	0
325	1
326	1
327	0
328	3
329	2,5
330	2
331	2
332	0
333	5
334	1
335	0
336	1,5
337	5
338	1
339	1
340	4
341	6,9
342	0
343	5,7
344	1
345	0
346	0
347	1
348	1
349	2
350	5
351	1
352	0
353	5
354	2,8
355	1
356	1,3,5
357	0
358	6
359	3
360	1
361	3
362	1
363	3
364	1
365	1,7
366	0
367	8
368	1
369	0
370	0
371	0,1
372	0
373	2
374	1
375	2
376	2
377	1
378	0
379	2
380	2,7
381	4
382	1
383	4
384	1,3,6
385	2
386	1
387	7
388	8
389	0
390	7
391	1
392	0
393	2
394	1
395	0
396	7
397	1
398	0,4
399	0,1
400	5
401	1
402	1
403	2
404	5
405	0,3
406	1
407	6
408	1,3,7
409	3
410	2
411	0
412	1
413	1,8
414	4
415	0
416	3
417	2
418	5
419	4
420	4
421	5
422	3
423	2,4
424	3
425	3
426	2
427	1
428	3
429	6
430	1
431	2
432	7
433	0
434	3
435	2
436	4
437	3
438	1
439	0
440	0
441	0
442	1
443	9
444	9
445	7
446	0
447	6
448	3
449	0
450	4
451	2
452	8
453	2
454	3
455	0,6
456	1
457	4,5
458	0
459	4
460	5
461	0
462	5
463	0
464	1
465	1
466	3
467	2
468	7
469	5
470	5
471	3
472	3,4
473	1
474	1,6
475	3
476	5
477	5
478	4
479	4
480	2
481	9
482	3
483	0
484	0
485	7
486	2
487	1
488	4,5
489	6
490	2
491	4
492	0
493	6
494	0,2,6
495	0
496	5
497	3
498	4
499	7
500	0
501	2
502	8
503	0
504	5
505	0
506	7
507	2,6
508	5
509	4
510	4
511	3
512	7
513	3
514	9
515	3
516	6
517	2
518	1
519	4
520	7
521	6
522	9
523	1
524	6
525	5
526	9
527	1,2
528	1
529	0
530	2
531	0
532	4
533	5,8
534	0
535	5
536	7,9
537	4
538	1,3,6
539	4
540	1
541	1,5
542	5
543	3,6
544	1
545	0
546	0
547	2
548	1
549	3
550	0
551	1
552	5
553	0
554	3
555	3,4
556	0
557	4
558	0
559	2
560	4
561	1
562	4
563	0
564	1
565	7
566	1
567	7
568	0
569	0
570	6
571	1
572	4
573	3
574	5
575	2
576	2
577	0
578	2
579	1,5
580	3
581	0
582	1
583	0
584	1,5
585	7
586	2
587	0,7
588	4
589	0
590	3,5
591	2
592	7
593	0,2
594	7
595	4
596	0
597	4
598	1
599	0,5
600	0,7
601	9
602	0
603	0
604	1
605	1
606	5
607	3
608	4
609	2
610	2
611	2,8
612	1
613	0
614	2
615	2
616	1
617	5
618	1
619	4
620	1
621	0
622	2,3
623	2
624	3
625	1
626	5
627	2
628	0
629	6
630	8
631	2
632	2
633	1
634	2
635	6
636	1
637	2
638	1
639	4
640	4
641	1
642	3,8,9
643	0
644	2
645	3
646	7
647	7
648	5
649	1
650	3
651	1
652	7
653	1
654	3
655	5
656	1
657	2
658	3
659	6
660	3,5
661	0
662	2
663	0
664	0
665	5
666	3
667	1,3
668	1,4
669	1,2
670	2
671	3
672	0,2,9
673	5
674	0
675	3
676	1
677	0
678	3
679	2
680	4,7
681	0
682	5
683	1
684	5
685	1
686	2
687	1
688	8
689	0
690	1
691	0
692	0
693	2
694	1
695	6,7
696	5
697	1
698	7
699	3
700	3
701	5
702	0
703	5
704	0
705	7
706	1
707	0
708	5
709	0
710	7
711	0
712	2
713	4
714	3
715	0
716	2
717	0
718	3
719	3
720	0
721	1
722	2,7,8
723	1
724	5
725	5
726	3
727	1
728	6
729	0
730	5
731	1
732	5
733	1
734	5
735	4
736	2
737	1
738	1,3
739	0,5,8
740	0
741	3
742	2
743	4
744	7
745	0
746	0
747	1
748	1
749	8
750	4
751	5
752	0
753	7
754	0
755	5
756	0
757	6
758	5
759	2
760	7
761	2
762	2
763	2
764	1
765	1
766	1,3
767	1
768	1
769	3
770	1
771	5
772	0
773	3
774	2,7
775	1
776	1
777	2
778	1
779	3
780	0
781	0
782	5
783	0
784	1
785	1
786	0
787	8
788	4
789	1,3
790	1
791	3,7
792	4
793	0
794	0
795	1
796	0
797	2
798	5
799	0
800	3
801	2
802	2
803	8,9
804	1,4
805	7
806	0
807	1
808	1
809	1
810	9
811	0
812	9
813	5
814	4
815	0
816	5
817	4
818	5
819	3
820	5
821	6
822	0,3
823	0,4
824	0
825	4
826	6
827	2
828	0
829	3
830	4
831	4,5
832	2
833	3
834	3
835	9
836	4
837	2
838	2
839	3
840	4
841	3
842	0
843	1
844	0
845	4
846	0
847	0
848	0
849	1
850	2
851	3
852	3
853	8
854	6
855	2
856	1
857	4
858	0,8,9
859	6
860	1
861	0
862	0
863	3,7
864	3
865	0
866	4
867	1
868	1
869	1
870	3
871	2
872	2
873	1
874	2
875	6
876	3
877	5
878	1
879	8
880	2
881	7
882	3
883	1
884	3
885	5
886	0
887	4,9
888	0
889	2
890	1
891	1
892	0
893	3
894	0
895	7
896	2
897	3
898	1,6
899	2
900	1
901	1
902	4
903	3
904	3
905	0
906	1,4
907	1
908	1
909	6
910	0
911	4
912	0
913	3
914	0
915	7
916	0
917	1
918	1
919	2
920	1
921	1
922	3
923	0
924	1
925	0
926	7
927	0
928	0
929	0
930	3,4
931	0
932	5,7
933	3
934	3
935	3
936	0
937	1
938	1
939	3,7
940	1
941	1
942	0
943	1
944	0
945	0
946	0
947	4
948	3
949	0
950	5
951	0
952	4,7
953	3
954	3
955	4
956	1
957	1
958	1
959	0
960	0
961	0
962	1
963	5
964	7
965	1
966	2
967	7
968	5
969	0
970	1
971	1
972	3,5
973	1
974	5
975	0
976	5
977	0
978	1
979	1
980	4
981	3
982	3
983	1
984	1
985	2
986	0
987	0
988	0
989	5
990	2
991	3
992	0
993	2
994	1
995	5
996	1
997	0
998	3
999	0,9
1000	3
1001	7
1002	4,9
1003	0
1004	3,5,6
1005	2
1006	4
1007	3
1008	0
1009	5
1010	1
1011	0,1,4
1012	2
1013	1
1014	2
1015	0
1016	3
1017	7
1018	0
1019	1,9
1020	3
1021	0
1022	1
1023	1
1024	1
1025	1
1026	2
1027	7
1028	1
1029	1
1030	0
1031	0
1032	1
1033	5
1034	0
1035	1
1036	1
1037	0
1038	1
1039	2
1040	7
1041	8
1042	7
1043	1
1044	2
1045	1
1046	5
1047	3
1048	0
1049	9
1050	1
1051	1
1052	0
1053	3
1054	0
1055	0,6
1056	2
1057	1
1058	0
1059	5
1060	3
1061	1
1062	2
1063	0
1064	1
1065	0
1066	1,5
1067	5
1068	5
1069	1
1070	0
1071	0
1072	4,5
1073	1
1074	0
1075	2
1076	3
1077	1
1078	3
1079	2,8
1080	7
1081	7,9
1082	1
1083	5
1084	1
1085	4,6,8
1086	4
1087	0
1088	9
1089	1
1090	3
1091	0,9
1092	3
1093	0
1094	3
1095	0
1096	1
1097	3
1098	9
1099	3
1100	2
1101	0,7
1102	3
1103	1
1104	0
1105	0
1106	3
1107	7
1108	6
1109	4
1110	2
1111	2
1112	3
1113	2
1114	0,1
1115	1
1116	1,7
1117	0
1118	5
1119	8
1120	4
1121	4
1122	9
1123	0
1124	0
1125	1
1126	2
1127	0
1128	1
1129	1
1130	2,5
1131	0,2
1132	1
1133	1,4
1134	3
1135	5
1136	0
1137	4
1138	4
1139	3
1140	1
1141	3,4
1142	0
1143	0
1144	0
1145	5
1146	5
1147	0
1148	3,5
1149	1
1150	1
1151	0
1152	1
1153	1
1154	0
1155	1
1156	4
1157	3,5
1158	2,7
1159	4
1160	4
1161	3
1162	5
1163	1
1164	7
1165	4
1166	0
1167	1
1168	5,6
1169	1
1170	3
1171	0
1172	2
1173	6
1174	2
1175	1
1176	0
1177	1
1178	1
1179	4
1180	4
1181	0
1182	1
1183	1
1184	0
1185	0
1186	5
1187	5
1188	4
1189	1
1190	0
1191	0
1192	1
1193	9
1194	2
1195	1
1196	0
1197	5,8
1198	0
1199	0
1200	1
1201	2
1202	0
1203	0
1204	5
1205	4
1206	4,6,9
1207	1
1208	1
1209	1
1210	1
1211	0
1212	8
1213	7
1214	0
1215	4
1216	3
1217	3
1218	1
1219	3
1220	1
1221	4
1222	8
1223	1
1224	0,7
1225	3
1226	9
1227	7
1228	3
1229	0
1230	2
1231	4
1232	1,4
1233	1
1234	0
1235	3
1236	1
1237	4,5
1238	0
1239	4
1240	5
1241	0
1242	2
1243	3
1244	5
1245	3
1246	1
1247	0
1248	2
1249	6
1250	0
1251	1
1252	2
1253	2
1254	6
1255	4
1256	5
1257	7
1258	0
1259	3
1260	4
1261	1
1262	3
1263	6
1264	0
1265	1
1266	0
1267	1
1268	1
1269	3
1270	4
1271	6
1272	2
1273	1
1274	7
1275	2
1276	1
1277	3
1278	0
1279	1
1280	0
1281	0
1282	3
1283	1
1284	1
1285	1
1286	1
1287	4
1288	0
1289	0
1290	1
1291	5
1292	3
1293	6
1294	7,8
1295	8
1296	7
1297	3
1298	3
1299	1
1300	1
1301	6,8
1302	1
1303	0
1304	0
1305	8
1306	0
1307	2
1308	2
1309	6
1310	1,2
1311	7
1312	1
1313	8
1314	6,9
1315	0
1316	0
1317	6
1318	0
1319	2
1320	0
1321	1
1322	0
1323	7
1324	3,4
1325	5
1326	0,6
1327	3
1328	3
1329	2
1330	1
1331	4
1332	7
1333	4
1334	1,3
1335	1
1336	3
1337	4
1338	3
1339	1
1340	1
1341	6
1342	3
1343	3
1344	1
1345	0
1346	4
1347	4
1348	1
1349	3
1350	9
1351	4
1352	2
1353	2
1354	1
1355	0
1356	1
1357	7
1358	0
1359	7,9
1360	8
1361	2
1362	3
1363	1
1364	1
1365	1
1366	3
1367	2
1368	3
1369	4
1370	3
1371	0
1372	5
1373	3
1374	3
1375	0
1376	1
1377	1
1378	0
1379	6
1380	0
1381	2
1382	1
1383	2
1384	5
1385	1
1386	0
1387	3
1388	2
1389	5
1390	7
1391	3,6
1392	0
1393	9
1394	1
1395	6
1396	3,4
1397	1
1398	0
1399	0
1400	0
1401	1
1402	0
1403	5
1404	0
1405	1
1406	0
1407	1
1408	3,4
1409	1,3
1410	1
1411	3
1412	0
1413	2
1414	0,4
1415	4
1416	1
1417	0
1418	4
1419	1
1420	4
1421	6
1422	3
1423	0
1424	0
1425	0
1426	6
1427	0
1428	1
1429	3
1430	0
1431	0
1432	5
1433	1
1434	1
1435	3,4
1436	7
1437	0
1438	4
1439	2,5
1440	8
1441	5
1442	1
1443	1
1444	1
1445	1
1446	8
1447	1
1448	2,5
1449	3
1450	3
1451	1
1452	1
1453	0
1454	7
1455	0
1456	2
1457	5
1458	9
1459	0
1460	0
1461	1
1462	1
1463	1
1464	1
1465	1
1466	0
1467	3
1468	2
1469	0
1470	0
1471	0
1472	4
1473	0
1474	0
1475	3
1476	3
1477	0
1478	1
1479	2
1480	1
1481	1
1482	0
1483	7
1484	0
1485	4
1486	1
1487	2
1488	2
1489	1
1490	1
1491	0
1492	3
1493	5
1494	0
1495	2
1496	0
1497	7
1498	1
1499	0
1500	0
1501	3
1502	6
1503	7
1504	4
1505	5
1506	7
1507	2
1508	2
1509	0
1510	3
1511	0
1512	1
1513	0
1514	3
1515	0
1516	3
1517	5
1518	3
1519	2
1520	1
1521	3
1522	3
1523	0
1524	3,4
1525	2
1526	3
1527	1
1528	1
1529	5
1530	0
1531	3
1532	1
1533	1
1534	3
1535	4,8
1536	0
1537	8
1538	8
1539	1
1540	0
1541	3
1542	3
1543	2
1544	4
1545	8
1546	4
1547	0
1548	4
1549	3
1550	2
1551	0
1552	1
1553	2
1554	0
1555	1
1556	6
1557	3
1558	4
1559	0
1560	1
1561	4
1562	4
1563	5
1564	1
1565	1
1566	4
1567	1
1568	0
1569	1
1570	4
1571	0
1572	2,5,6
1573	1
1574	0
1575	3
1576	7
1577	1
1578	1
1579	4
1580	2
1581	1
1582	5
1583	2
1584	7
1585	2
1586	0
1587	8
1588	5
1589	0
1590	7
1591	2,8
1592	1
1593	3
1594	1
1595	7
1596	6
1597	3
1598	3
1599	3
1600	1
1601	4,7
1602	2
1603	3
1604	2
1605	1
1606	7
1607	0
1608	5
1609	5
1610	2
1611	0
1612	3
1613	4
1614	2
1615	5
1616	1
1617	1
1618	1
1619	3
1620	5
1621	5
1622	0
1623	0
1624	0
1625	2
1626	0
1627	1
1628	8
1629	6
1630	3,6,8
1631	1
1632	0
1633	0
1634	1
1635	3
1636	1
1637	4
1638	1
1639	3
1640	2
1641	4
1642	1
1643	2
1644	3,8
1645	3
1646	6
1647	0
1648	1
1649	0
1650	0
1651	0
1652	5
1653	4
1654	8
1655	4
1656	5
1657	3
1658	0
1659	2
1660	5
1661	1
1662	3
1663	0
1664	5
1665	2
1666	7
1667	5
1668	4
1669	1
1670	7
1671	0
1672	3
1673	3
1674	4
1675	3,6
1676	5
1677	6
1678	7
1679	4
1680	0,8
1681	4
1682	1
1683	3,4
1684	6
1685	4
1686	1
1687	1
1688	0
1689	3
1690	0
1691	3
1692	1
1693	0
1694	5
1695	2
1696	7
1697	1
1698	2
1699	2
1700	5
1701	0,6,9
1702	9
1703	5
1704	1
1705	3
1706	1
1707	7
1708	3
1709	9
1710	3
1711	0
1712	1
1713	3
1714	4
1715	0
1716	1
1717	5
1718	1
1719	7
1720	7
1721	5
1722	4
1723	0
1724	3
1725	3
1726	3
1727	1
1728	2
1729	9
1730	2,3
1731	2
1732	1
1733	5
1734	0
1735	0
1736	3
1737	3
1738	0
1739	3
1740	0
1741	6
1742	5
1743	2
1744	3
1745	2
1746	1
1747	1
1748	1
1749	0
1750	8
1751	1
1752	4,8
1753	0
1754	0
1755	0
1756	4
1757	1
1758	0
1759	2
1760	0
1761	2
1762	6
1763	4
1764	1
1765	2
1766	3
1767	2
1768	1
1769	0
1770	3
1771	0
1772	0
1773	0
1774	0
1775	0
1776	1
1777	4
1778	0
1779	3
1780	7
1781	3
1782	5
1783	2
1784	5
1785	1
1786	3
1787	0
1788	0
1789	5
1790	2
1791	1,3,7
1792	1
1793	0
1794	1
1795	1
1796	7
1797	2
1798	1
1799	6
1800	0
1801	7
1802	0
1803	3
1804	3
1805	8
1806	5
1807	5
1808	4
1809	3
1810	5
1811	2
1812	2
1813	1
1814	3
1815	0
1816	3
1817	2
1818	2
1819	9
1820	6
1821	4
1822	0
1823	5
1824	0,6
1825	0
1826	1
1827	4
1828	5
1829	1
1830	0
1831	0
1832	3
1833	3
1834	2
1835	1
1836	7
1837	0
1838	1
1839	0
1840	5
1841	4
1842	0
1843	1
1844	3
1845	1
1846	0
1847	3
1848	6
1849	2
1850	5
1851	4
1852	6
1853	3
1854	4
1855	0
1856	0
1857	3
1858	0
1859	2,3
1860	1
1861	4
1862	2,5
1863	1
1864	0
1865	0
1866	3
1867	0
1868	5
1869	0
1870	0
1871	1
1872	7
1873	4
1874	0
1875	3
1876	2
1877	0,8
1878	1
1879	6
1880	2
1881	1,7
1882	2
1883	0
1884	0
1885	5
1886	1
1887	3
1888	1
1889	2
1890	5
1891	2
1892	4
1893	5
1894	0
1895	0
1896	9
1897	2
1898	3
1899	3
1900	4
1901	2
1902	1
1903	1
1904	2
1905	1
1906	5
1907	2
1908	0
1909	6
1910	1
1911	5
1912	4
1913	3
1914	0
1915	2
1916	1
1917	3
1918	0
1919	2
1920	2
1921	0
1922	0
1923	0
1924	1
1925	7
1926	0
1927	7
1928	4
1929	4
1930	4
1931	3
1932	3
1933	2
1934	1
1935	1
1936	1
1937	1
1938	0
1939	0
1940	2
1941	1
1942	0
1943	3
1944	3
1945	5
1946	0
1947	1
1948	1
1949	0
1950	1
1951	1
1952	5
1953	1
1954	1
1955	2
1956	3
1957	7
1958	1
1959	1
1960	3
1961	5
1962	5
1963	7
1964	3
1965	2
1966	2
1967	0
1968	1
1969	1
1970	4
1971	1,9
1972	3
1973	5
1974	3
1975	0
1976	1
1977	0
1978	1
1979	0
1980	8
1981	9
1982	3
1983	3
1984	3
1985	3
1986	1
1987	2
1988	3
1989	0,9
1990	2
1991	6
1992	7
1993	2
1994	1
1995	0
1996	7
1997	5
1998	6
1999	3
2000	4
2001	5
2002	2
2003	1
2004	0
2005	8
2006	4
2007	5
2008	0
2009	2
2010	1
2011	0
2012	2
2013	4
2014	2
2015	1
2016	1
2017	4
2018	2
2019	0
2020	2
2021	0
2022	5
2023	0
2024	3,5
2025	1
2026	1
2027	6
2028	2
2029	2
2030	3
2031	0
2032	2
2033	1
2034	1
2035	1
2036	8
2037	3
2038	0
2039	0
2040	7
2041	1
2042	3
2043	0
2044	7,8
2045	5
2046	5
2047	1
2048	1
2049	0
2050	3
2051	2
2052	1
2053	1
2054	1
2055	7
2056	6
2057	1
2058	3
2059	3
2060	1
2061	2
2062	4,5
2063	6
2064	1
2065	0
2066	1
2067	1
2068	1
2069	3
2070	1
2071	6
2072	0
2073	5
2074	4
2075	5
2076	0
2077	0
2078	5
2079	0
2080	8
2081	5
2082	0,5
2083	0
2084	0
2085	2
2086	1
2087	0
2088	7
2089	0
2090	2
2091	1
2092	2
2093	5
2094	0
2095	3
2096	0
2097	4
2098	5
2099	3
2100	3
2101	0
2102	2
2103	0
2104	1
2105	1,5
2106	3
2107	3
2108	2
2109	0
2110	2
2111	2
2112	7
2113	1
2114	8
2115	3
2116	2
2117	8
2118	4
2119	1
2120	1
2121	1
2122	2
2123	7
2124	9
2125	2
2126	1
2127	0
2128	6
2129	1
2130	0
2131	0
2132	2
2133	7
2134	0
2135	2
2136	0
2137	1
2138	0
2139	2
2140	3
2141	0
2142	1
2143	2
2144	1,2
2145	5
2146	1
2147	4
2148	3
2149	0,5
2150	0
2151	5
2152	0
2153	0
2154	1
2155	1
2156	0
2157	2
2158	8
2159	2
2160	2
2161	3
2162	3
2163	7
2164	0,3
2165	4
2166	0
2167	0
2168	1
2169	0
2170	3
2171	2
2172	6
2173	3
2174	6,7
2175	3
2176	7
2177	1
2178	1
2179	1
2180	4
2181	0
2182	5
2183	2
2184	0
2185	0
2186	3
2187	0
2188	5,6
2189	0
2190	1
2191	0
2192	1
2193	0
2194	3
2195	5
2196	3
2197	9
2198	9
2199	6
2200	1
2201	9
2202	0
2203	3
2204	0
2205	4
2206	1
2207	4
2208	3
2209	1
2210	6
2211	1
2212	0
2213	3
2214	6
2215	4
2216	1
2217	1
2218	0
2219	0
2220	0
2221	4
2222	3
2223	0
2224	4
2225	4,7
2226	0
2227	0
2228	5,8
2229	0
2230	2
2231	6
2232	0
2233	3,8
2234	4
2235	1
2236	1
2237	2
2238	0
2239	0
2240	2
2241	1
2242	0
2243	7
2244	9
2245	5
2246	0
2247	5
2248	0
2249	3
2250	0
2251	0
2252	3
2253	4
2254	9
2255	0
2256	0
2257	0
2258	4
2259	0
2260	0
2261	1
2262	0
2263	0,1
2264	0
2265	4
2266	1
2267	3
2268	3
2269	0
2270	0
2271	3
2272	8
2273	0
2274	3
2275	1
2276	3
2277	4
2278	1
2279	2
2280	0,6
2281	2
2282	4
2283	0
2284	0
2285	1
2286	0
2287	2
2288	5
2289	6
2290	1
2291	1
2292	3
2293	5
2294	2
2295	0
2296	1
2297	3
2298	1
2299	3
2300	1
2301	1
2302	2
2303	1
2304	1
2305	2
2306	2
2307	0
2308	3,6
2309	1
2310	0
2311	0
2312	5
2313	0
2314	1
2315	2
2316	1
2317	5
2318	1
2319	3
2320	3
2321	0
2322	0
2323	4
2324	0
2325	3
2326	3
2327	0
2328	1
2329	0
2330	1
2331	0
2332	0
2333	4
2334	4
2335	2
2336	0
2337	4
2338	0
2339	2
2340	0
2341	1
2342	4,6
2343	1,5
2344	0
2345	5
2346	3
2347	2
2348	1
2349	0
2350	3
2351	3
2352	3
2353	0
2354	4
2355	2
2356	6
2357	4
2358	1
2359	5
2360	3
2361	5
2362	7
2363	0
2364	3
2365	2
2366	0
2367	0,3
2368	3
2369	5
2370	1
2371	1
2372	2
2373	1
2374	1
2375	0
2376	1
2377	5,9
2378	0
2379	1
2380	5
2381	0
2382	2
2383	7
2384	4
2385	0
2386	0
2387	4
2388	0
2389	4
2390	3
2391	2
2392	1
2393	1
2394	7
2395	1
2396	1
2397	5
2398	0
2399	1
2400	5
2401	0
2402	0
2403	1
2404	5
2405	8
2406	3
2407	1
2408	1
2409	3
2410	1
2411	1
2412	1
2413	0
2414	3
2415	4
2416	4
2417	4
2418	1
2419	5
2420	1
2421	1
2422	5
2423	5
2424	4
2425	3
2426	0
2427	1
2428	0
2429	3
2430	3
2431	3
2432	1
2433	3
2434	0
2435	0
2436	3
2437	4
2438	0
2439	2
2440	1
2441	1
2442	0
2443	4
2444	0
2445	1
2446	0
2447	1
2448	4,5
2449	1
2450	3
2451	1
2452	4
2453	0
2454	1
2455	0
2456	0
2457	7,8
2458	5
2459	2
2460	2
2461	4
2462	7
2463	4
2464	7
2465	4
2466	1
2467	1
2468	1
2469	3
2470	0
2471	7
2472	0
2473	1
2474	0
2475	1
2476	8
2477	4
2478	7
2479	1
2480	2
2481	4
2482	1
2483	5
2484	1
2485	1
2486	0
2487	1
2488	0
2489	2,4
2490	6
2491	1
2492	9
2493	4
2494	1
2495	7
2496	7
2497	4
2498	1
2499	4
2500	0
2501	1
2502	0
2503	7
2504	3
2505	2,3
2506	2
2507	8
2508	1
2509	8
2510	1
2511	1
2512	1
2513	3
2514	0
2515	0
2516	6,8
2517	3
2518	3
2519	7
2520	5
2521	5
2522	0
2523	1
2524	3
2525	1
2526	3
2527	0
2528	4
2529	0
2530	5
2531	2
2532	3
2533	9
2534	2
2535	0
2536	4
2537	3
2538	4
2539	0
2540	2
2541	1
2542	1
2543	2
2544	0
2545	1
2546	0
2547	0
2548	1
2549	4
2550	3
2551	6
2552	0
2553	0
2554	0
2555	0
2556	3
2557	1
2558	1
2559	1
2560	0,2,7,8
2561	2
2562	3
2563	0
2564	0
2565	5
2566	3
2567	4
2568	0
2569	0
2570	0
2571	1
2572	6
2573	4
2574	2
2575	8
2576	1
2577	3
2578	1
2579	4
2580	0
2581	3,5
2582	3
2583	4
2584	1
2585	0
2586	7
2587	0,7
2588	0
2589	0
2590	4
2591	0
2592	9
2593	0
2594	0
2595	2
2596	4
2597	1
2598	4
2599	1
2600	0
2601	3
2602	0
2603	1
2604	1
2605	4
2606	8
2607	1
2608	5
2609	5
2610	2
2611	0
2612	2
2613	3
2614	5
2615	4
2616	1
2617	8
2618	5
2619	0
2620	3
2621	1
2622	2
2623	5
2624	6
2625	6
2626	4
2627	1
2628	0
2629	3,8
2630	2
2631	2
2632	3
2633	2
2634	0
2635	0
2636	0
2637	6
2638	2
2639	4
2640	0
2641	2
2642	5
2643	3
2644	1
2645	7
2646	6
2647	1
2648	2,6
2649	2
2650	6
2651	4
2652	3
2653	3
2654	4
2655	1
2656	1
2657	3
2658	0
2659	0
2660	4
2661	2
2662	5
2663	6
2664	1
2665	1
2666	4
2667	2
2668	0
2669	2
2670	1
2671	3
2672	4
2673	0
2674	3
2675	0
2676	0
2677	7
2678	4
2679	3
2680	0
2681	1
2682	3
2683	1
2684	4
2685	0
2686	9
2687	2
2688	2
2689	2
2690	0
2691	0
2692	1
2693	1
2694	1
2695	7
2696	0
2697	1
2698	3
2699	0
2700	1
2701	1
2702	1
2703	3
2704	3
2705	4
2706	4
2707	0
2708	0
2709	3
2710	1
2711	5
2712	3
2713	4
2714	1
2715	5
2716	0
2717	1
2718	5
2719	0,2
2720	6
2721	1
2722	0
2723	1
2724	1
2725	2
2726	0
2727	1
2728	0
2729	0
2730	3
2731	4
2732	3
2733	0
2734	3
2735	1
2736	2
2737	4
2738	2
2739	4
2740	0
2741	0
2742	0
2743	7
2744	3
2745	0,8
2746	3
2747	0
2748	3
2749	4
2750	0
2751	2
2752	0
2753	2
2754	1
2755	3
2756	3
2757	0
2758	0
2759	1
2760	1
2761	6
2762	3
2763	3
2764	1
2765	0
2766	3
2767	7
2768	0
2769	1
2770	5
2771	5
2772	3
2773	3
2774	1
2775	0
2776	0
2777	5
2778	0
2779	8
2780	4
2781	5
2782	0
2783	3
2784	0
2785	5
2786	1
2787	1
2788	5
2789	0
2790	0
2791	2
2792	1
2793	0
2794	0
2795	4
2796	1
2797	7
2798	4
2799	0
2800	1
2801	7
2802	0
2803	1
2804	1
2805	7
2806	0
2807	3
2808	5
2809	0
2810	4
2811	1
2812	0,8
2813	3
2814	5
2815	0
2816	5
2817	3
2818	4
2819	2
2820	1
2821	3
2822	0,6,9
2823	0
2824	0
2825	1
2826	0
2827	4,7
2828	1
2829	2
2830	9
2831	0
2832	2
2833	4
2834	0
2835	7
2836	1
2837	1
2838	3
2839	2
2840	1
2841	2
2842	0
2843	3
2844	0
2845	1
2846	2
2847	2
2848	1
2849	3
2850	2
2851	9
2852	0
2853	7,9
2854	1
2855	4
2856	1
2857	0
2858	1
2859	5,7
2860	5
2861	5
2862	2
2863	5
2864	2
2865	0
2866	4
2867	2
2868	2
2869	2
2870	0
2871	1
2872	1
2873	7
2874	1
2875	3
2876	1
2877	1
2878	0
2879	0
2880	1
2881	1
2882	7
2883	1
2884	6
2885	5
2886	2
2887	3
2888	7
2889	2
2890	1
2891	1
2892	1
2893	3
2894	1
2895	9
2896	3
2897	3
2898	3
2899	0
2900	2
2901	0
2902	1
2903	0
2904	3
2905	0
2906	1
2907	0
2908	4
2909	3
2910	5
2911	0
2912	0
2913	0
2914	2
2915	9
2916	3,9
2917	1,4
2918	1
2919	0
2920	0
2921	1
2922	1
2923	4
2924	1
2925	8
2926	0
2927	0
2928	0
2929	4
2930	2
2931	3
2932	1
2933	0
2934	1
2935	1
2936	4
2937	2
2938	0
2939	2
2940	7
2941	2
2942	4
2943	4
2944	1
2945	0
2946	4,6
2947	2
2948	7
2949	9
2950	2
2951	7
2952	6,7
2953	1
2954	3
2955	7
2956	1
2957	0
2958	3
2959	7
2960	7,8,9
2961	3
2962	3
2963	1
2964	0
2965	7
2966	4
2967	0
2968	0
2969	2
2970	6
2971	0
2972	3
2973	7
2974	4
2975	1
2976	1
2977	6
2978	7
2979	3
2980	3
2981	0
2982	6
2983	3
2984	1
2985	1
2986	0
2987	3
2988	1
2989	0
2990	3
2991	0
2992	7
2993	2
2994	1
2995	0
2996	4
2997	7,8
2998	1
2999	0
3000	7
3001	6
3002	0
3003	3
3004	4
3005	1
3006	1
3007	1
3008	1
3009	7
3010	1
3011	2
3012	1
3013	0
3014	2
3015	1
3016	2
3017	1
3018	7
3019	7
3020	0
3021	2
3022	4
3023	6
3024	5
3025	7
3026	0
3027	4
3028	4
3029	3
3030	0
3031	3
3032	0
3033	6
3034	1
3035	0
3036	0
3037	1
3038	0
3039	5
3040	3
3041	5
3042	7
3043	5
3044	3
3045	3
3046	2
3047	2
3048	1
3049	3
3050	3
3051	1
3052	3
3053	5
3054	1
3055	0
3056	3
3057	7
3058	6
3059	2
3060	0
3061	5,7
3062	0
3063	1
3064	1
3065	1
3066	1
3067	0
3068	0
3069	6
3070	5
3071	1
3072	1
3073	5
3074	4
3075	1
3076	6
3077	3
3078	1
3079	0
3080	1
3081	0
3082	5
3083	7
3084	1
3085	0
3086	1
3087	0
3088	4
3089	1
3090	0
3091	0
3092	2
3093	3
3094	0
3095	4
3096	0
3097	2
3098	2
3099	1
3100	1
3101	6
3102	0
3103	3
3104	0
3105	6
3106	3
3107	0
3108	1
3109	1
3110	0
3111	0
3112	4
3113	2
3114	5
3115	4
3116	0
3117	2
3118	4
3119	0
3120	0
3121	0
3122	3
3123	1
3124	0
3125	0
3126	3,6
3127	1
3128	1
3129	2
3130	9
3131	0
3132	1
3133	1
3134	6
3135	3
3136	1
3137	1
3138	1
3139	3
3140	5
3141	5
3142	4
3143	0
3144	7
3145	4
3146	1
3147	1
3148	3
3149	4
3150	2
3151	4
3152	3
3153	0
3154	1
3155	1
3156	3
3157	1
3158	0
3159	2
3160	5
3161	3
3162	3
3163	2
3164	5
3165	4
3166	0
3167	1
3168	3,4
3169	2
3170	0
3171	1
3172	0
3173	0
3174	0
3175	0
3176	1,9
3177	4
3178	4
3179	7
3180	1
3181	1
3182	4
3183	3
3184	3
3185	3
3186	1
3187	5
3188	8
3189	3
3190	3
3191	4
3192	0
3193	2
3194	0
3195	5
3196	1
3197	2
3198	3
3199	0
3200	3
3201	2
3202	0
3203	1
3204	8
3205	2
3206	0
3207	0
3208	3
3209	0
3210	0
3211	3
3212	0
3213	3
3214	0
3215	3
3216	2
3217	2
3218	5
3219	2
3220	1
3221	3
3222	0
3223	0
3224	1
3225	2
3226	4
3227	6
3228	3
3229	3
3230	3
3231	4
3232	1
3233	1
3234	3
3235	4
3236	1
3237	5
3238	3
3239	1
3240	1
3241	0
3242	9
3243	3
3244	1
3245	0
3246	0
3247	7,8
3248	2
3249	1
3250	0
3251	2
3252	2
3253	0
3254	0
3255	0
3256	3
3257	3
3258	2
3259	2
3260	7
3261	1
3262	0
3263	1
3264	2
3265	4
3266	3
3267	1
3268	3
3269	1
3270	3
3271	1
3272	2
3273	6
3274	4
3275	1
3276	8,9
3277	3
3278	1
3279	1
3280	7
3281	1
3282	0
3283	0
3284	0
3285	2
3286	4
3287	4
3288	1
3289	3
3290	0
3291	3
3292	3
3293	9
3294	0
3295	2
3296	2
3297	0
3298	4
3299	4
3300	0
3301	3
3302	1
3303	6
3304	2
3305	1
3306	1
3307	4
3308	3
3309	4
3310	8
3311	1
3312	4
3313	0
3314	9
3315	3
3316	1
3317	0
3318	1
3319	1
3320	2
3321	7
3322	3
3323	7
3324	5
3325	1
3326	2
3327	7
3328	3
3329	0
3330	1
3331	0
3332	0
3333	1
3334	8
3335	3
3336	1
3337	4
3338	8
3339	2
3340	2
3341	0
3342	0
3343	0
3344	4
3345	6
3346	5
3347	0
3348	1
3349	4
3350	0
3351	0
3352	2
3353	4
3354	2
3355	3
3356	0
3357	1
3358	0
3359	1
3360	7
3361	3
3362	2
3363	2
3364	7
3365	1
3366	3
3367	1
3368	0
3369	1,7
3370	0
3371	0
3372	2
3373	3
3374	3
3375	2
3376	3
3377	0
3378	0
3379	1
3380	6
3381	0
3382	3
3383	0
3384	0
3385	1
3386	5
3387	8
3388	2
3389	4
3390	0
3391	2
3392	2,8
3393	1
3394	4
3395	1
3396	0
3397	3
3398	3
3399	4
3400	1
3401	2
3402	3
3403	2
3404	4
3405	0
3406	7
3407	7
3408	0
3409	0
3410	3
3411	0
3412	0
3413	1
3414	1
3415	3
3416	0
3417	5
3418	3
3419	0
3420	0
3421	0
3422	0
3423	0
3424	4
3425	2,5,9
3426	5
3427	1
3428	0
3429	3
3430	1
3431	1
3432	1
3433	5
3434	1
3435	0
3436	5
3437	0
3438	1
3439	4
3440	3
3441	4
3442	1
3443	4
3444	3
3445	0
3446	2
3447	7
3448	3
3449	2
3450	8
3451	1
3452	2
3453	0
3454	1
3455	1
3456	0
3457	1
3458	0
3459	0
3460	0
3461	4
3462	1
3463	0
3464	0
3465	0
3466	2
3467	0
3468	3
3469	0
3470	1
3471	3
3472	4
3473	1
3474	3
3475	4
3476	0
3477	4,5
3478	1
3479	3
3480	8
3481	1
3482	1
3483	1
3484	1
3485	1
3486	2
3487	0
3488	1
3489	3
3490	0
3491	3
3492	3
3493	4
3494	1
3495	1
3496	7
3497	0
3498	0
3499	4
3500	1
3501	4
3502	1
3503	0
3504	4
3505	0
3506	0
3507	1
3508	3
3509	4
3510	4
3511	2
3512	2
3513	0
3514	3
3515	2
3516	7
3517	5
3518	0
3519	2
3520	3
3521	8
3522	6
3523	4
3524	0
3525	4
3526	2
3527	7
3528	7
3529	2
3530	1
3531	0
3532	5
3533	3
3534	0
3535	1
3536	3
3537	8
3538	0
3539	3
3540	1
3541	0
3542	0
3543	1
3544	0
3545	2
3546	1
3547	0
3548	0
3549	2
3550	0
3551	0
3552	7
3553	1
3554	4
3555	3
3556	3
3557	5
3558	0
3559	4
3560	0
3561	4
3562	3
3563	3
3564	2
3565	4
3566	4
3567	1
3568	1
3569	3
3570	1
3571	4
3572	5
3573	2
3574	2
3575	0
3576	0
3577	8
3578	1
3579	1
3580	5
3581	3
3582	0
3583	4
3584	9
3585	1
3586	2
3587	0
3588	2,4
3589	2
3590	0
3591	1
3592	1
3593	5
3594	0
3595	0
3596	0
3597	3
3598	0
3599	1
3600	1
3601	7
3602	0
3603	3
3604	1
3605	4
3606	2,3
3607	3,7
3608	0
3609	5
3610	1
3611	2
3612	1
3613	4
3614	4
3615	1
3616	5
3617	2
3618	0
3619	1
3620	2
3621	3
3622	5
3623	9
3624	1
3625	1
3626	2
3627	3
3628	4
3629	8
3630	6
3631	1
3632	8
3633	3
3634	1
3635	1
3636	0
3637	8
3638	1
3639	2
3640	1
3641	0
3642	5
3643	1
3644	3
3645	7
3646	3
3647	1
3648	2
3649	4
3650	1
3651	7
3652	0
3653	3
3654	0
3655	1
3656	5
3657	4
3658	5
3659	1
3660	7
3661	0
3662	2
3663	7
3664	0
3665	4
3666	4
3667	1
3668	2
3669	3
3670	4
3671	0
3672	3
3673	7
3674	0
3675	0
3676	0
3677	6
3678	6
3679	0
3680	4
3681	1
3682	1
3683	4
3684	1
3685	4
3686	9
3687	4
3688	0
3689	0
3690	3
3691	1
3692	1
3693	3
3694	3
3695	0
3696	1
3697	8
3698	3
3699	0
3700	1,5
3701	5
3702	3
3703	1
3704	7
3705	0
3706	4
3707	2
3708	5
3709	3
3710	3
3711	9
3712	1
3713	1
3714	3,9
3715	9
3716	2
3717	5
3718	0
3719	0
3720	6,7
3721	1
3722	3
3723	3
3724	7
3725	0
3726	0
3727	2
3728	1
3729	1
3730	2
3731	2
3732	2
3733	0
3734	2
3735	4
3736	0
3737	4,8
3738	5
3739	2
3740	0
3741	0
3742	2
3743	5
3744	3
3745	2
3746	3
3747	4
3748	0
3749	1
3750	2
3751	0
3752	5
3753	0
3754	2
3755	5
3756	2
3757	1
3758	2
3759	4
3760	0
3761	1
3762	2
3763	1
3764	3
3765	1
3766	0
3767	0
3768	1
3769	1
3770	1
3771	2
3772	4
3773	0
3774	4
3775	6
3776	0
3777	4,9
3778	0
3779	0
3780	2
3781	5
3782	4
3783	3
3784	6
3785	2
3786	7
3787	0
3788	1
3789	0
3790	1
3791	1
3792	0
3793	1
3794	4
3795	1
3796	3
3797	2
3798	3
3799	4
3800	5
3801	0
3802	1
3803	1
3804	4
3805	6
3806	1
3807	1
3808	1
3809	1,4
3810	3
3811	1
3812	1
3813	1
3814	5
3815	3
3816	1
3817	1
3818	0
3819	2
3820	4
3821	3
3822	1
3823	0
3824	3
3825	5
3826	7
3827	1
3828	0
3829	1
3830	1
3831	4
3832	0
3833	7
3834	1
3835	3
3836	4
3837	1,9
3838	0
3839	1
3840	4
3841	1
3842	1
3843	0
3844	2
3845	5
3846	0
3847	2
3848	4
3849	1
3850	6,8
3851	5
3852	1
3853	3
3854	6
3855	2
3856	4
3857	4
3858	1
3859	6
3860	0
3861	7
3862	0
3863	2
3864	7
3865	0
3866	0
3867	0
3868	3
3869	0
3870	0
3871	0
3872	1
3873	3
3874	0
3875	3
3876	3
3877	2
3878	5
3879	0
3880	1
3881	0
3882	0
3883	3
3884	0
3885	0
3886	1
3887	0
3888	4
3889	2
3890	6
3891	1
3892	2
3893	0
3894	5
3895	5,9
3896	0
3897	7
3898	1
3899	4
3900	4
3901	3
3902	2
3903	0,7
3904	5
3905	4
3906	0
3907	7
3908	2
3909	3
3910	1
3911	1
3912	2
3913	1
3914	2
3915	4
3916	1
3917	6
3918	1
3919	0
3920	4
3921	1
3922	0
3923	3
3924	6
3925	0
3926	0
3927	1
3928	6
3929	2
3930	3
3931	0
3932	0
3933	0
3934	6
3935	5
3936	2
3937	3
3938	1
3939	1
3940	2
3941	0
3942	0
3943	0
3944	5
3945	7
3946	0
3947	1
3948	0
3949	6
3950	5
3951	7
3952	0
3953	1
3954	2
3955	1
3956	0
3957	5
3958	0
3959	5
3960	1
3961	4
3962	1,8
3963	0
3964	0
3965	4
3966	3
3967	3
3968	7,8
3969	1
3970	2
3971	3
3972	0
3973	5
3974	1
3975	5
3976	2
3977	0
3978	4
3979	5
3980	1
3981	1
3982	0
3983	3
3984	8
3985	5
3986	8
3987	5
3988	9
3989	0
3990	1
3991	7
3992	2
3993	0
3994	5
3995	4
3996	5
3997	5
3998	3
3999	4
4000	3
4001	1
4002	8
4003	0
4004	0
4005	0
4006	1
4007	0
4008	3
4009	1
4010	2
4011	0
4012	2
4013	4
4014	1
4015	1
4016	2
4017	4
4018	0
4019	0
4020	0
4021	1
4022	6
4023	2
4024	1
4025	3,6,9
4026	3
4027	2
4028	7
4029	0
4030	0
4031	4
4032	0
4033	2
4034	4
4035	2
4036	6
4037	1
4038	1
4039	6
4040	3
4041	3
4042	0
4043	2
4044	1
4045	5
4046	4
4047	5
4048	3
4049	1
4050	5
4051	1
4052	1
4053	4
4054	6
4055	0
4056	4
4057	5,6
4058	0
4059	2
4060	2
4061	4
4062	9
4063	1
4064	2
4065	5
4066	1
4067	5,9
4068	0
4069	1
4070	2
4071	1
4072	5
4073	1
4074	7
4075	1
4076	2
4077	0
4078	7
4079	1
4080	1
4081	1
4082	2
4083	3
4084	0,7
4085	0
4086	0
4087	4
4088	0
4089	2
4090	0
4091	2
4092	5
4093	5
4094	3
4095	4
4096	0
4097	3
4098	6
4099	4
4100	0
4101	3
4102	0
4103	1
4104	5
4105	3
4106	1
4107	2
4108	0
4109	2
4110	1,6
4111	1
4112	1
4113	2
4114	0
4115	1
4116	4
4117	2
4118	0
4119	1
4120	4
4121	3
4122	3
4123	4
4124	1
4125	4
4126	0
4127	0
4128	4
4129	1
4130	7
4131	1
4132	1
4133	6
4134	1
4135	1
4136	3
4137	7
4138	0
4139	7
4140	3
4141	1
4142	3
4143	5
4144	3
4145	1
4146	1
4147	5
4148	0
4149	4
4150	1
4151	3
4152	1
4153	1
4154	5
4155	1
4156	5
4157	3
4158	6
4159	1
4160	2
4161	3
4162	1,6
4163	7
4164	1
4165	1
4166	0
4167	0
4168	3
4169	2
4170	3
4171	2
4172	0
4173	2
4174	0
4175	0
4176	3
4177	1
4178	0
4179	1
4180	1
4181	1
4182	7
4183	4
4184	0
4185	5
4186	3
4187	0
4188	0
4189	2
4190	1
4191	7
4192	7
4193	1
4194	7
4195	7
4196	5
4197	4,8
4198	5
4199	1
4200	2
4201	0
4202	0
4203	0
4204	0
4205	4,5,9
4206	4
4207	1
4208	4
4209	1
4210	3
4211	1
4212	2
4213	5
4214	3
4215	0
4216	1
4217	3
4218	3
4219	1
4220	6
4221	2
4222	0
4223	0
4224	1
4225	4
4226	1
4227	5
4228	1
4229	7
4230	1
4231	1
4232	2
4233	1
4234	0
4235	2
4236	3
4237	1
4238	7
4239	4
4240	2
4241	3
4242	1
4243	0
4244	3
4245	3
4246	1
4247	0
4248	5
4249	3
4250	4
4251	3
4252	1
4253	5,7,9
4254	4
4255	1
4256	4
4257	2
4258	4,5
4259	1
4260	3
4261	4
4262	1
4263	0,8
4264	0
4265	0
4266	1
4267	0,1,7,8
4268	0
4269	3
4270	3
4271	7
4272	3
4273	4,6
4274	5,8,9
4275	4
4276	4
4277	1
4278	4
4279	8
4280	1
4281	1
4282	1
4283	3
4284	1
4285	3
4286	4
4287	4
4288	4
4289	7
4290	4
4291	0
4292	2
4293	3
4294	3
4295	2
4296	1,3,4,5,7
4297	1
4298	0,1,2,3,4,5,6,7,8,9
4299	0
