ATT0(string,1);ATT1(float,10);ATT2(string,10);
a;0.311,0.517,0.599,0.485,0.402,0.168,0.927,0.529,0.209,0.878;aaaaaaaaaa;
a;0.278,0.867,0.408,0.23,0.134,0.151,0.347,0.964,0.232,0.539;aaaaa;
a;0.678,0.0809,0.601,0.721,0.786,0.371,0.376,0.499,0.625,0.985;aaaaaaaaaa;
a;0.71,0.125,0.572,0.0624,0.447,0.744,0.657,0.799,0.47,0.393;aaaaaaaa;
a;0.199,0.283,0.785,0.873,0.375,0.135,0.00437,0.774,0.54,0.161;aaaaaaaa;
a;0.142,0.935,0.907,0.709,0.975,0.17,0.297,0.552,0.376,0.0671;a;
a;0.258,0.919,0.438,0.486,0.38,0.455,0.47,0.662,0.346,0.801;aaaaaaaaaa;
a;0.715,0.322,0.665,0.858,0.254,0.0308,0.251,0.44,0.286,0.224;a;
a;0.795,0.995,0.632,0.372,0.321,0.0542,0.516,0.739,0.991,0.204;aaaaaaa;
a;0.957,0.968,0.648,0.318,0.387,0.562,0.686,0.155,0.9,0.252;aaaaaaaa;
a;0.954,0.261,0.636,0.644,0.69,0.355,0.393,0.291,0.989,0.237;aaaaaaaa;
a;0.311,0.151,0.885,0.884,0.0077,0.0915,0.888,0.0489,0.904,0.0272;aaa;
a;0.609,0.293,0.257,0.587,0.277,0.886,0.0247,0.0611,0.418,0.257;a;
a;0.47,0.179,0.93,0.992,0.988,0.272,0.237,0.513,0.505,0.538;aaaaaaaaa;
a;0.669,0.245,0.407,0.282,0.557,0.95,0.409,0.112,0.905,0.763;aaaaaaa;
a;0.562,0.368,0.867,0.716,0.216,0.332,0.448,0.89,0.707,0.0293;a;
a;0.671,0.812,0.556,0.612,0.18,0.196,0.532,0.102,0.291,0.251;aaaaaaaaa;
a;0.0218,0.00993,0.194,0.728,0.939,0.785,0.396,0.702,0.692,0.633;aa;
a;0.12,0.648,0.665,0.804,0.516,0.101,0.994,0.0232,0.252,0.434;a;
a;0.54,0.796,0.628,0.0409,0.433,0.733,0.524,0.305,0.092,0.35;aaaaaaaaa;
a;0.733,0.276,0.473,0.84,0.276,0.915,0.801,0.149,0.935,0.775;aaaaaaaaa;
a;0.144,0.953,0.511,0.328,0.642,0.191,0.0737,0.684,0.683,0.922;aaaaaa;
a;0.558,0.467,0.598,0.736,0.362,0.571,0.752,0.248,0.434,0.738;aaa;
a;0.412,0.436,0.68,0.688,0.246,0.8,0.984,0.608,0.465,0.874;aaaaaaa;
a;0.702,0.676,0.426,0.0329,0.521,0.549,0.255,0.852,0.986,0.468;aaaaaaaaaa;
a;0.862,0.757,0.436,0.911,0.733,0.725,0.157,0.269,0.346,0.184;aaaaaaaaaa;
a;0.755,0.616,0.975,0.326,0.694,0.421,0.693,0.765,0.616,0.191;aaaa;
a;0.975,0.0234,0.491,0.156,0.553,0.22,0.926,0.141,0.00156,0.499;aaaaa;
a;0.516,0.0316,0.527,0.395,0.222,0.915,0.525,0.0749,0.638,0.788;a;
a;0.611,0.737,0.206,0.997,0.363,0.877,0.87,0.713,0.956,0.784;aaaaa;
a;0.451,0.542,0.616,0.315,0.202,0.328,0.432,0.67,0.91,0.373;aa;
a;0.0676,0.889,0.839,0.163,0.682,0.434,0.222,0.516,0.204,0.561;aaaa;
a;0.576,0.505,0.518,0.725,0.343,0.445,0.871,0.926,0.618,0.397;aaaaa;
a;0.0175,0.508,0.272,0.258,0.429,0.426,0.293,0.298,0.853,0.533;aaaaaaaa;
a;0.381,0.929,0.947,0.473,0.942,0.819,0.198,0.261,0.791,0.892;aa;
a;0.936,0.158,0.709,0.21,0.62,0.918,0.687,0.618,0.482,0.42;aaaaaaaaaa;
a;0.801,0.721,0.875,0.343,0.979,0.48,0.216,0.953,0.899,0.757;a;
a;0.823,0.34,0.643,0.89,0.457,0.202,0.0105,0.0598,0.411,0.595;aa;
a;0.674,0.947,0.804,0.77,0.37,0.806,0.485,0.298,0.64,0.832;a;
a;0.711,0.03,0.799,0.573,0.747,0.821,0.763,0.0347,0.586,0.926;aaaaa;
a;0.833,0.221,0.947,0.423,0.757,0.458,0.269,0.796,0.738,0.663;a;
a;0.301,0.336,0.225,0.446,0.525,0.302,0.266,0.587,0.713,0.862;aaaa;
a;0.994,0.0941,0.286,0.000633,0.19,0.499,0.399,0.0268,0.971,0.658;aaaaaaaaa;
a;0.827,0.713,0.766,0.111,0.913,0.257,0.744,0.728,0.969,0.283;aaaaaaa;
a;0.338,0.177,0.861,0.903,0.684,0.0526,0.784,0.458,0.111,0.0098;aaaa;
a;0.45,0.656,0.43,0.976,0.273,0.613,0.445,0.2,0.907,0.66;aaaaaaa;
a;0.0881,0.155,0.489,0.126,0.868,0.263,0.2,0.36,0.635,0.891;aaaaaaaaa;
a;0.238,0.553,0.274,0.878,0.211,0.593,0.618,0.638,0.546,0.281;aaa;
a;0.699,0.939,0.442,0.558,0.335,0.27,0.38,0.991,0.278,0.33;aaaaaaaa;
a;0.735,0.0224,0.73,0.238,0.753,0.466,0.418,0.258,0.662,0.872;aaaaaaa;
a;0.679,0.905,0.813,0.549,0.333,0.583,0.874,0.242,0.634,0.862;aaaa;
a;0.408,0.57,0.964,0.9,0.189,0.0506,0.972,0.516,0.414,0.0951;aaaaaa;
a;0.0314,0.881,0.649,0.606,0.206,0.454,0.964,0.93,0.765,0.48;aaaaaaa;
a;0.27,0.301,0.139,0.54,0.0698,0.151,0.58,0.192,0.187,0.318;aaaaaa;
a;0.673,0.394,0.458,0.0807,0.913,0.51,0.874,0.931,0.403,0.479;aa;
a;0.614,0.0706,0.566,0.946,0.0862,0.695,0.574,0.0991,0.403,0.682;aa;
a;0.254,0.821,0.807,0.372,0.512,0.664,0.461,0.999,0.391,0.123;a;
a;0.846,0.134,0.0887,0.1,0.404,0.946,0.877,0.066,0.542,0.401;aaaaaa;
a;0.175,0.395,0.211,0.598,0.365,0.814,0.836,0.664,0.566,0.0956;aaa;
a;0.981,0.281,0.66,0.442,0.247,0.824,0.618,0.437,0.765,0.78;aaaaaaa;
a;0.34,0.82,0.178,0.486,0.986,0.0832,0.441,0.153,0.226,0.306;aaaaaaaaa;
a;0.622,0.159,0.931,0.498,0.0588,0.851,0.0292,0.595,0.295,0.17;a;
a;0.864,0.0812,0.665,0.685,0.884,0.17,0.914,0.137,0.271,0.739;aaaaaaa;
a;0.587,0.117,0.15,0.985,0.909,0.58,0.889,0.677,0.0717,0.843;aaaaaaaaa;
a;0.634,0.453,0.995,0.069,0.00346,0.358,0.718,0.974,0.398,0.576;aaaaa;
a;0.859,0.635,0.748,0.0522,0.0819,0.674,0.624,0.0579,0.844,0.499;aaaaaa;
a;0.952,0.868,0.969,0.489,0.295,0.19,0.389,0.642,0.354,0.163;aaaaaaaaaa;
a;0.666,0.605,0.437,0.327,0.772,0.0905,0.891,0.111,0.121,0.833;a;
a;0.775,0.435,0.196,0.296,0.581,0.611,0.139,0.713,0.23,0.702;aaaaaa;
a;0.813,0.829,0.62,0.462,0.159,0.49,0.172,0.967,0.133,0.32;aaaaaaaa;
a;0.646,0.679,0.119,0.136,0.101,0.0313,0.0232,0.212,0.142,0.971;aaa;
a;0.883,0.768,0.724,0.8,0.711,0.343,0.3,0.197,0.246,0.428;aaaaaaaa;
a;0.663,0.574,0.746,0.109,0.522,0.489,0.541,0.179,0.847,0.0689;aaaaaaaaa;
a;0.416,0.219,0.738,0.436,0.846,0.865,0.852,0.425,0.89,0.524;aaaaaaaaaa;
a;0.592,0.6,0.201,0.0942,0.566,0.269,0.873,0.57,0.0978,0.793;aaaaa;
a;0.247,0.669,0.726,0.126,0.565,0.968,0.817,0.707,0.312,0.866;aaaaa;
a;0.415,0.92,0.0727,0.568,0.604,0.0436,0.925,0.134,0.0501,0.692;aaa;
a;0.877,0.957,0.883,0.537,0.176,0.889,0.399,0.878,0.155,0.522;aaa;
a;0.372,0.4,0.346,0.881,0.954,0.926,0.615,0.0257,0.1,0.643;aaaaaaaaaa;
a;0.814,0.817,0.645,0.595,0.346,0.939,0.019,0.871,0.975,0.166;aaaa;
a;0.657,0.337,0.432,0.575,0.658,0.131,0.782,0.454,0.569,0.198;aaaaaa;
a;0.25,0.995,0.573,0.708,0.3,0.907,0.331,0.696,0.296,0.107;aaaaaaa;
a;0.383,0.927,0.268,0.692,0.749,0.478,0.348,0.531,0.666,0.95;aaaaa;
a;0.754,0.966,0.0978,0.809,0.648,0.547,0.582,0.817,0.419,0.109;aaaaaaa;
a;0.991,0.212,0.825,0.74,0.532,0.209,0.15,0.352,0.442,0.758;aaaaaaaaaa;
a;0.428,0.545,0.76,0.73,0.118,0.729,0.845,0.876,0.448,0.549;aaaaaa;
a;0.404,0.776,0.248,0.107,0.268,0.568,0.0756,0.905,0.811,0.342;aaaaaaaa;
a;0.478,0.17,0.604,0.602,0.496,0.531,0.252,0.201,0.633,0.00796;aaaaaaaaa;
a;0.334,0.599,0.0941,0.748,0.74,0.0425,0.0935,0.614,0.479,0.842;aaa;
a;0.461,0.173,0.6,0.195,0.711,0.853,0.61,0.194,0.681,0.133;aaaaaa;
a;0.38,0.216,0.482,0.0781,0.837,0.715,0.849,0.996,0.791,0.333;aaaa;
a;0.104,0.451,0.863,0.34,0.852,0.818,0.569,0.669,0.507,0.666;aaaaaaa;
a;0.997,0.144,0.494,0.77,0.166,0.479,0.605,0.208,0.743,0.816;aaaaaaaaa;
a;0.112,0.0794,0.994,0.788,0.6,0.616,0.962,0.691,0.86,0.0528;aaaaaa;
a;0.337,0.105,0.144,0.513,0.989,0.466,0.156,0.963,0.719,0.621;aa;
a;0.841,0.349,0.291,0.708,0.421,0.247,0.0428,0.623,0.478,0.761;a;
a;0.799,0.455,0.392,0.0932,0.401,0.00476,0.836,0.406,0.106,0.431;aaa;
a;0.45,0.299,0.836,0.351,0.69,0.691,0.955,0.315,0.964,0.35;aaaa;
a;0.485,0.933,0.814,0.0513,0.674,0.919,0.112,0.214,0.0714,0.978;aaaaaaa;
a;0.841,0.116,0.116,0.871,0.0804,0.568,0.715,0.89,0.558,0.5;aaaaaaaaaa;
a;0.962,0.516,0.298,0.00231,0.343,0.944,0.0812,0.341,0.475,0.204;aaaaaaa;
a;0.626,0.21,0.683,0.549,0.731,0.769,0.799,0.338,0.996,0.276;aaaaa;
a;0.883,0.393,0.575,0.37,0.801,0.785,0.547,0.862,0.908,0.536;aaaaaaaaaa;
a;0.694,0.534,0.787,0.332,0.687,0.796,0.419,0.479,0.704,0.843;aaaaaaa;
a;0.415,0.768,0.645,0.787,0.904,0.684,0.00472,0.49,0.428,0.693;aaaaaa;
a;0.671,0.469,0.732,0.081,0.412,0.791,0.384,0.0391,0.871,0.165;aaaaaaa;
a;0.728,0.774,0.318,0.354,0.624,0.824,0.267,0.319,0.511,0.922;aaaaaaaaaa;
a;0.234,0.0332,0.886,0.166,0.843,0.0961,0.109,0.0966,0.601,0.951;aaaaaaa;
a;0.407,0.662,0.336,0.227,0.533,0.264,0.253,0.799,0.14,0.253;aaaaaaa;
a;0.679,0.994,0.428,0.0882,0.314,0.694,0.531,0.108,0.961,0.924;aaaaaaaa;
a;0.133,0.318,0.138,0.694,0.343,0.514,0.843,0.281,0.904,0.831;aaaaaaaa;
a;0.048,0.542,0.357,0.542,0.0517,0.653,0.667,1,0.412,0.977;aaaaaaaa;
a;0.69,0.583,0.217,0.938,0.419,0.769,0.558,0.606,0.747,0.345;aaaa;
a;0.282,0.623,0.916,0.749,0.511,0.727,0.882,0.595,0.477,0.996;aaaa;
a;0.79,0.393,0.936,0.393,0.515,0.34,0.925,0.351,0.635,0.38;aaaaa;
a;0.773,0.206,0.902,0.523,0.0474,0.468,0.845,0.97,0.243,0.0623;aa;
a;0.779,0.218,0.167,0.931,0.0396,0.186,0.173,0.705,0.379,0.659;aaaaaaaaa;
a;0.299,0.56,0.396,0.272,0.0133,0.00827,0.993,0.757,0.53,0.443;aaaaaa;
a;0.512,0.487,0.933,0.759,0.963,0.572,0.39,0.676,0.519,0.3;aa;
a;0.467,0.198,0.529,0.686,0.199,0.293,0.479,0.331,0.923,0.212;aaa;
a;0.859,0.692,0.862,0.909,0.978,0.548,0.942,0.0725,0.469,0.885;aaa;
a;0.128,0.266,0.682,0.914,0.876,0.125,0.243,0.551,0.419,0.922;aaaaaa;
a;0.608,0.0808,0.549,0.889,0.19,0.151,0.632,0.16,0.428,0.907;aaaaaaa;
a;0.992,0.698,0.673,0.0887,0.633,0.943,0.956,0.126,0.428,0.0634;aaaaaa;
a;0.233,0.267,0.291,0.506,0.926,0.884,0.0474,0.638,0.124,0.913;aaaaaa;
a;0.939,0.591,0.562,0.396,0.625,0.333,0.796,0.127,0.55,0.493;aaa;
a;0.17,0.675,0.942,0.526,0.755,0.746,0.868,0.00904,0.102,0.813;aaaaaaaaa;
a;0.174,0.447,0.314,0.61,0.556,0.434,0.424,0.212,0.579,0.778;aaa;
a;0.298,0.835,0.214,0.147,0.936,0.284,0.896,0.987,0.673,0.861;aaaa;
a;0.809,0.811,0.468,0.376,0.656,0.591,0.738,0.0171,0.38,0.669;aaaaaaa;
a;0.482,0.18,0.614,0.64,0.839,0.754,0.628,0.821,0.108,0.915;aaaaaaaa;
a;0.769,0.424,0.549,0.355,0.611,0.922,0.608,0.456,0.0976,0.489;aaaaaaa;
a;0.316,0.479,0.286,0.455,0.733,0.253,0.687,0.879,0.534,0.266;aaaaaaaaaa;
a;0.112,0.588,0.556,0.0246,0.23,0.0188,0.102,0.478,0.108,0.654;aaaaaaa;
a;0.719,0.254,0.727,0.542,0.467,0.203,0.923,0.83,0.712,0.611;a;
a;0.712,0.699,0.0327,0.409,0.177,0.177,0.88,0.975,0.93,0.994;a;
a;0.602,0.102,0.716,0.365,0.537,0.945,0.338,0.0029,0.579,0.0758;aaaaaaaaa;
a;0.861,0.417,0.979,0.677,0.658,0.223,0.0565,0.164,0.28,0.409;aaaaaaaaaa;
a;0.584,0.372,0.94,0.518,0.767,0.832,0.446,0.667,0.782,0.755;aaaaaaaa;
a;0.649,0.873,0.138,0.827,0.727,0.687,0.104,0.962,0.675,0.7;aa;
a;0.512,0.769,0.206,0.221,0.671,0.13,0.479,0.333,0.363,0.667;aaaaaaa;
a;0.792,0.828,0.524,0.82,0.669,0.957,0.597,0.363,0.801,0.923;aaaaa;
a;0.7,0.852,0.382,0.0778,0.155,0.895,0.289,0.11,0.669,0.0321;aaaaaaaaaa;
a;0.594,0.962,0.652,0.958,0.399,0.886,0.178,0.858,0.543,0.224;aaaaa;
a;0.451,0.464,0.0464,0.283,0.565,0.366,0.705,0.547,0.77,0.125;aaaaaaaaa;
a;0.499,0.525,0.117,0.461,0.902,0.953,0.418,0.123,0.625,0.465;aaaaaaaa;
a;0.821,0.157,0.296,0.653,0.837,0.873,0.199,0.571,0.77,0.147;aaaaaaaa;
a;0.187,0.396,0.581,0.202,0.268,0.0311,0.364,0.752,0.0684,0.772;aaaaaaaaaa;
a;0.814,0.228,0.253,0.824,0.334,0.305,0.603,0.351,0.164,0.186;aa;
a;0.848,0.683,0.213,0.544,0.859,0.596,0.879,0.309,0.0446,0.56;aaaaaaa;
a;0.816,0.403,0.219,0.649,0.119,0.064,0.581,0.85,0.919,0.929;aaaaaaaaa;
a;0.893,0.747,0.451,0.372,0.383,0.639,0.176,0.153,0.096,0.223;aaaa;
a;0.326,0.527,0.108,0.326,0.537,0.724,0.0747,0.216,0.58,0.529;aaaaaaaaaa;
a;0.866,0.823,0.791,0.568,0.322,0.987,0.18,0.499,0.897,0.683;aaaaaa;
a;0.837,0.869,0.41,0.719,0.618,0.213,0.297,0.784,0.861,0.757;aaaaaaa;
a;0.646,0.147,0.528,0.231,0.948,0.852,0.335,0.0561,0.797,0.798;aaaaaaaa;
a;0.472,0.859,0.348,0.645,0.709,0.134,0.606,0.102,0.301,0.151;aaaa;
a;0.415,0.179,0.716,0.179,0.97,0.112,0.982,0.89,0.101,0.186;aaaaaaaa;
a;0.0181,0.321,0.141,0.459,0.412,0.924,0.661,0.471,0.698,0.275;aaaa;
a;0.568,0.822,0.654,0.507,0.407,0.603,0.236,0.0254,0.0485,0.161;aaaaaaaa;
a;0.582,0.858,0.948,0.821,0.128,0.558,0.143,0.576,0.514,0.71;a;
a;0.0243,0.698,0.288,0.266,0.28,0.914,0.315,0.119,0.736,0.413;aaa;
a;0.57,0.3,0.349,0.506,0.556,0.702,0.326,0.224,0.976,0.934;aaaaaaa;
a;0.148,0.261,0.525,0.297,0.347,0.0778,0.0929,0.762,0.00616,0.672;aaaaaaaaa;
a;0.828,0.262,0.609,0.166,0.493,0.176,0.603,0.0688,0.387,0.787;aaaaaaaa;
a;0.164,0.825,0.538,0.453,0.527,0.814,0.115,0.783,0.201,0.305;aaaaaa;
a;0.193,0.634,0.347,0.434,0.898,0.324,0.815,0.393,0.168,0.238;aaaaaaaaaa;
a;0.488,0.0886,0.151,0.22,0.765,0.218,0.793,0.221,0.781,0.319;a;
a;0.269,0.525,0.427,0.678,0.361,0.238,0.244,0.524,0.29,0.491;aaaaaa;
a;0.326,0.672,0.0975,0.963,0.462,0.239,0.681,0.134,0.0878,0.469;a;
a;0.045,0.396,0.854,0.774,0.466,0.23,0.117,0.321,0.239,0.882;aa;
a;0.365,0.0715,0.343,0.43,0.755,0.124,0.584,0.221,0.557,0.0391;aaaaaaaa;
a;0.285,0.111,0.449,0.168,0.993,0.92,0.628,0.647,0.187,0.267;aaaa;
a;0.571,0.867,0.45,0.0158,0.227,0.607,0.493,0.665,0.542,0.192;aaaaaaaaaa;
a;0.719,0.646,0.436,0.243,0.514,0.937,0.874,0.384,0.16,0.571;aaaaaaaa;
a;0.445,0.703,0.179,0.999,0.97,0.923,0.642,0.574,0.644,0.734;aaaaaaa;
a;0.906,0.725,0.311,0.463,0.378,0.083,0.408,0.831,0.559,0.674;aaaaaa;
a;0.2,0.552,0.0392,0.328,0.264,0.108,0.0047,0.906,0.326,0.904;aaaa;
a;0.681,0.761,0.0214,0.494,0.206,0.171,0.568,0.989,0.252,0.572;aaaaa;
a;0.634,0.911,0.795,0.825,0.327,0.498,0.777,0.215,0.364,0.786;aaaaaaaa;
a;0.971,0.242,0.349,0.846,0.998,0.631,0.322,0.457,0.588,0.368;a;
a;0.717,0.833,0.0404,0.631,0.376,0.575,0.255,0.555,0.368,0.634;aaaa;
a;0.738,0.498,0.86,0.521,0.117,0.48,0.822,0.795,0.0366,0.576;aa;
a;0.316,0.977,0.14,0.53,0.143,0.318,0.935,0.375,0.639,0.00318;a;
a;0.149,0.0795,0.534,0.742,0.374,0.469,0.177,0.973,0.0664,0.463;aaaaaaaaa;
a;0.827,0.48,0.709,0.324,0.0213,0.103,0.0434,0.246,0.531,0.357;aaaaaaa;
a;0.365,0.393,0.858,0.0419,0.0367,0.157,0.881,0.936,0.261,0.681;a;
a;0.384,0.852,0.00681,0.109,0.234,0.413,0.519,0.254,0.226,0.00601;aaaaaaaaa;
a;0.0658,0.2,0.0273,0.362,0.47,0.77,0.845,0.142,0.348,0.25;aaaaaa;
a;0.986,0.643,0.693,0.228,0.791,0.257,0.0407,0.839,0.687,0.609;aaaaaaaaaa;
a;0.0576,0.934,0.959,0.589,0.821,0.337,0.543,0.214,0.526,0.528;aaaaaa;
a;0.196,0.528,0.809,0.632,0.629,0.909,0.395,0.424,0.429,0.368;aa;
a;0.342,0.566,0.269,0.605,0.0396,0.952,0.335,0.429,0.593,0.686;aaaaaaaa;
a;0.916,0.12,0.894,0.938,0.0607,0.963,0.985,0.593,0.316,0.865;aaaaaaaaaa;
a;0.315,0.877,0.552,0.794,0.681,0.503,0.802,0.757,0.765,0.59;aa;
a;0.281,0.0515,0.848,0.674,0.542,0.837,0.92,0.35,0.28,0.979;aaaaaaa;
a;0.388,0.00536,0.757,0.191,0.682,0.928,0.989,0.109,0.552,0.487;aa;
a;0.133,0.587,0.00748,0.668,0.77,0.705,0.739,0.324,0.433,0.55;aaaa;
a;0.872,0.559,0.293,0.0197,0.917,0.0254,0.317,0.184,0.0366,0.103;aaa;
a;0.876,0.458,0.872,0.649,0.799,0.0388,0.768,0.865,0.0284,0.246;a;
a;0.883,0.182,0.347,0.642,0.461,0.471,0.936,0.725,0.357,0.646;aaaaaaaa;
a;0.0776,0.389,0.0401,0.66,0.396,0.0247,0.0615,0.621,0.0598,0.355;aa;
a;0.0175,0.0534,0.025,0.371,0.364,0.0298,0.145,0.708,0.825,0.168;aaaa;
a;0.971,0.596,0.627,0.483,0.414,0.996,0.113,0.52,0.26,0.0941;aaaa;
a;0.324,0.438,0.614,0.0672,0.0481,0.4,0.17,0.378,0.703,0.621;a;
a;0.703,0.13,0.55,0.503,0.0806,0.226,0.116,0.568,0.563,0.618;aaaaa;
a;0.147,0.197,0.193,0.321,0.803,0.417,0.215,0.462,0.568,0.524;aaaaa;
a;0.799,0.0919,0.241,0.909,0.505,0.523,0.817,0.252,0.982,0.247;aa;
a;0.347,0.369,0.518,0.788,0.262,0.704,0.762,0.993,0.136,0.709;aaaa;
a;0.171,0.163,0.964,0.945,0.748,0.406,0.0919,0.771,0.854,0.724;aaaaaaaaaa;
a;0.882,0.977,0.185,0.258,0.86,0.697,0.952,0.585,0.173,0.287;aaa;
a;0.565,0.44,0.724,0.113,0.803,0.06,0.826,0.984,0.0704,0.831;aaaaaaa;
a;0.897,0.353,0.747,0.869,0.746,0.409,0.491,0.504,0.369,0.623;aaa;
a;1,0.936,0.286,0.855,0.729,0.834,0.242,0.239,0.2,0.643;aa;
a;0.217,0.452,0.196,0.635,0.125,0.733,0.444,0.571,0.133,0.87;aaaaaa;
a;0.325,0.604,0.631,0.88,0.458,0.924,0.258,0.765,0.317,0.763;aaa;
a;0.243,0.44,0.382,0.963,0.548,0.922,0.672,0.691,0.0559,0.31;aaaaaa;
a;0.642,0.642,0.465,0.311,0.829,0.879,0.825,0.257,0.811,0.525;aaaa;
a;0.449,0.994,0.00792,0.424,0.78,0.769,0.816,0.709,0.385,0.25;aaaa;
a;0.0727,0.545,0.562,0.593,0.688,0.452,0.195,0.147,0.636,0.884;aaaaa;
a;0.898,0.0434,0.055,0.188,0.108,0.453,0.331,0.214,0.777,0.933;aaaaaaaaa;
a;0.735,0.865,0.9,0.267,0.754,0.279,0.343,0.0341,0.73,0.886;aaaa;
a;0.0543,0.219,0.708,0.992,0.955,0.446,0.747,0.196,0.321,0.767;a;
a;0.0904,0.392,0.601,0.551,0.0421,0.941,0.622,0.225,0.457,0.937;aaaaaaaaa;
a;0.66,0.27,0.825,0.416,0.693,0.963,0.763,0.788,0.891,0.915;aaaaaa;
a;0.027,0.123,0.162,0.134,0.396,0.768,0.738,0.14,0.152,0.406;aaaaaaaaaa;
a;0.0862,0.619,0.08,0.966,0.189,0.668,0.66,0.486,0.116,0.0745;a;
a;0.796,0.897,0.536,0.107,0.865,0.439,0.698,0.866,0.802,0.734;aaaaaaaaaa;
a;0.644,0.93,0.614,0.916,0.939,0.966,0.36,0.737,0.304,0.37;aa;
a;0.238,0.424,0.00605,0.908,0.355,0.535,0.212,0.889,0.687,0.663;aaaaaaaa;
a;0.828,0.716,0.141,0.297,0.437,0.69,0.274,0.00797,0.224,0.856;aaaaaaaaa;
a;0.218,0.857,0.584,0.404,0.923,0.624,0.0118,0.884,0.405,0.379;aaaaaaaa;
a;0.239,0.8,0.597,0.213,0.713,0.762,0.522,0.314,0.916,0.967;aaaaaaaaaa;
a;0.963,0.309,0.6,0.0515,0.45,0.575,0.908,0.943,0.115,0.636;aaaaa;
a;0.328,0.502,0.155,0.769,0.648,0.808,0.659,0.917,0.133,0.589;aaaaaaaa;
a;0.881,0.482,0.163,0.611,0.714,0.507,0.841,0.383,0.334,0.284;aaaaaa;
a;0.106,0.172,0.806,0.765,0.877,0.74,0.113,0.183,0.106,0.773;a;
a;0.662,0.283,0.823,0.0714,0.933,0.229,0.934,0.045,0.095,0.438;aaaa;
a;0.881,0.222,0.765,0.421,0.836,0.186,0.862,0.0669,0.966,0.464;aaaa;
a;0.213,0.245,0.869,0.876,0.632,0.183,0.48,0.455,0.846,0.964;aaaaaa;
a;0.551,0.591,0.109,0.145,0.216,0.636,0.322,0.731,0.215,0.73;aaaaaaaaa;
a;0.96,0.997,0.538,0.575,0.645,0.156,0.598,0.807,0.277,0.69;aaaaa;
a;0.528,0.923,0.988,0.241,0.433,0.291,0.397,0.52,0.907,0.0205;aaaaaaaaaa;
a;0.22,0.683,0.528,0.641,0.116,0.256,0.718,0.0299,0.106,0.359;aaaaaaaa;
a;0.28,0.636,0.346,0.0675,0.0784,0.36,0.518,0.283,0.000895,0.692;aa;
a;0.558,0.25,0.294,0.0814,0.128,0.738,0.635,0.829,0.209,0.334;aaa;
a;0.601,0.575,0.524,0.489,0.0298,0.373,0.132,0.22,0.16,0.112;aaaaaaaa;
a;0.284,0.587,0.483,0.934,0.534,0.0666,0.352,0.654,0.898,0.568;aaaaaaaa;
a;0.756,0.692,0.422,0.0825,0.982,0.706,0.0572,0.221,0.528,0.463;a;
a;0.28,0.848,0.491,0.587,0.159,0.776,0.634,0.525,0.921,0.071;aaaaaa;
a;0.948,0.115,0.717,0.103,0.396,0.279,0.139,0.232,0.834,0.104;a;
a;0.086,0.801,0.794,0.527,0.704,0.256,0.233,0.626,0.787,0.827;aaaaaaaaa;
a;0.664,0.107,0.827,0.729,0.35,0.817,0.34,0.353,0.807,0.646;aaaaaa;
a;0.0447,0.347,0.321,0.29,0.475,0.0961,0.921,0.924,0.433,0.194;aa;
a;0.756,0.895,0.354,0.961,0.914,0.108,0.928,0.394,0.8,0.885;aaaaa;
a;0.81,0.459,0.284,0.101,0.714,0.354,0.498,0.155,0.203,0.137;aaaaa;
a;0.865,0.37,0.0793,0.293,0.202,0.303,0.436,0.135,0.972,0.027;aaaa;
a;0.828,0.598,0.494,0.568,0.698,0.864,0.217,0.763,0.216,0.263;aaaa;
a;0.542,0.709,0.0104,0.215,0.0116,0.211,0.94,0.901,0.0958,0.515;aaaaa;
a;0.934,0.787,0.177,0.78,0.137,0.832,0.0566,0.326,0.0955,0.943;aa;
a;0.0946,0.922,0.0678,0.892,0.409,0.348,0.613,0.0487,0.409,0.592;aaaaaaa;
a;0.328,0.238,0.21,0.171,0.359,0.344,0.651,0.95,0.355,0.639;aaaaaaaaaa;
a;0.765,0.2,0.817,0.868,0.717,0.475,0.433,0.0179,0.737,0.427;aaa;
a;0.0232,0.454,0.865,0.35,0.792,0.556,0.207,0.881,0.735,0.608;aaaa;
a;0.343,0.847,0.239,0.867,0.9,0.615,0.294,0.861,0.582,0.336;aaaaaaaaa;
a;0.609,0.602,0.287,0.604,0.333,0.31,0.953,0.97,0.747,0.643;aaaa;
a;0.913,0.176,0.436,0.317,0.683,0.966,0.814,0.277,0.47,0.288;aaa;
a;0.551,0.173,0.653,0.443,0.467,0.697,0.299,0.504,0.137,0.623;aaaaaaa;
a;0.959,0.946,0.44,0.814,0.962,0.787,0.00753,0.909,0.918,0.902;aaaaaaaaa;
a;0.00385,0.777,0.142,0.396,0.992,0.0706,0.594,0.61,0.216,0.0968;aaaaaaa;
a;0.377,0.659,0.653,0.0216,0.886,0.691,0.903,0.634,0.444,0.728;aaaaaaaaa;
a;0.0888,0.723,0.123,0.99,0.564,0.0102,0.243,0.349,0.39,0.647;aaaaaaa;
a;0.573,0.347,0.00581,0.626,0.723,0.268,0.799,0.681,0.65,0.662;aaaa;
a;0.621,0.00142,0.412,0.715,0.744,0.0927,0.912,0.708,0.849,0.0936;aaaaaaa;
a;0.394,0.217,0.765,0.12,0.0336,0.662,0.982,0.997,0.511,0.482;aaaaaaa;
a;0.276,0.78,0.273,0.467,0.982,0.634,0.358,0.129,0.0382,0.357;a;
a;0.502,0.633,0.411,0.815,0.0404,0.801,0.156,0.862,0.11,0.674;a;
a;0.752,0.878,0.466,0.858,0.846,0.819,0.288,0.393,0.156,0.243;aaaaaaaa;
a;0.821,0.919,0.116,0.279,0.207,0.583,0.973,0.435,0.26,0.288;aaaaa;
a;0.164,0.327,0.91,0.836,0.644,0.251,0.274,0.149,0.267,0.828;aaaaaa;
a;0.0681,0.579,0.631,0.313,0.0465,0.349,0.588,0.931,0.131,0.679;aaaaaaaaaa;
a;0.712,0.81,0.598,0.107,0.794,0.263,0.193,0.976,0.849,0.404;aaa;
a;0.0856,0.999,0.927,0.275,0.0392,0.765,0.179,0.746,0.67,0.252;aa;
a;0.064,0.0247,0.858,0.965,0.198,0.586,0.646,0.478,0.586,0.724;aa;
a;0.0363,0.438,0.233,0.968,0.0226,0.181,0.523,0.156,0.0445,0.803;aaa;
a;0.824,0.0252,0.682,0.482,0.639,0.0117,0.833,0.942,0.522,0.599;aaaaaaa;
a;0.755,0.431,0.846,0.791,0.597,0.478,0.675,0.284,0.691,0.832;aaaaaaa;
a;0.0205,0.834,0.491,0.259,0.94,0.38,0.573,0.104,0.173,0.028;aa;
a;0.4,0.796,0.407,0.784,0.433,0.86,0.977,0.746,0.28,0.665;a;
a;0.963,0.245,0.691,0.114,0.859,0.273,0.515,0.97,0.67,0.175;aaaaaaaaa;
a;0.976,0.45,0.558,0.443,0.989,0.228,0.47,0.696,0.97,0.838;aaaaaaa;
a;0.703,0.465,0.649,0.135,0.366,0.132,0.234,0.585,0.625,0.749;aaaaaaaaaa;
a;0.146,0.861,0.784,0.548,0.331,0.333,0.841,0.818,0.185,0.671;aaaaaaa;
a;0.0915,0.171,0.644,0.54,0.681,0.994,0.968,0.355,0.899,0.701;aaaaa;
a;0.818,0.838,0.821,0.967,0.58,0.326,0.595,0.557,0.183,0.117;aaaaaaa;
a;0.407,0.302,0.798,0.97,0.555,0.222,0.559,0.211,0.877,0.712;aaaaaaaa;
a;0.968,0.917,0.427,0.196,0.848,0.926,0.395,0.876,0.612,0.786;aaaaaa;
a;0.797,0.574,0.207,0.459,0.0033,0.692,0.535,0.884,0.147,0.0368;aaaaa;
a;0.784,0.109,0.545,0.229,0.31,0.533,0.66,0.0908,0.277,0.451;aaaa;
a;0.928,0.252,0.396,0.815,0.859,0.41,0.151,0.368,0.418,0.261;aaaaaaa;
a;0.706,0.978,0.81,0.973,0.814,0.429,0.0668,0.382,0.738,0.137;a;
a;0.0408,0.972,0.603,0.44,0.0374,0.221,0.157,0.989,0.344,0.226;aaaa;
a;0.863,0.038,0.189,0.458,0.797,0.236,0.208,0.86,0.507,0.298;aaaaaaaaaa;
a;0.317,0.481,0.236,0.614,0.384,0.956,0.644,0.247,0.204,0.0661;aaaaa;
a;0.0323,0.707,0.831,0.033,0.893,0.693,0.287,0.435,0.964,0.242;aaaaaa;
a;0.551,0.838,0.429,0.902,0.471,0.731,0.84,0.454,0.269,0.308;aaaaaaaaa;
a;0.709,0.73,0.401,0.0196,0.462,0.2,0.806,0.697,0.218,0.268;aaaaaaaaa;
a;0.905,0.55,0.563,0.336,0.238,0.111,0.305,0.0156,0.644,0.417;aaaaaaa;
a;0.459,0.697,0.206,0.121,0.0733,0.478,0.531,0.0441,0.563,0.566;aaaaaaaaa;
a;0.686,0.226,0.472,0.444,0.376,0.966,0.52,0.493,0.713,0.807;aaaaaaaaaa;
a;0.12,0.245,0.709,0.147,0.12,0.388,0.36,0.469,0.584,0.682;aaaaaaaaa;
a;0.884,0.454,0.458,0.352,0.82,0.823,0.448,0.532,0.998,0.998;aaaaaaaa;
a;0.551,0.746,0.263,0.165,0.161,0.761,0.123,0.97,0.645,0.823;aa;
a;0.0515,0.955,0.844,0.43,0.0473,0.91,0.585,0.477,0.908,0.322;aaaaa;
a;0.0878,0.46,0.2,0.181,0.961,0.81,0.125,0.664,0.867,0.881;a;
a;0.603,0.00714,0.308,0.593,0.494,0.957,0.462,0.81,0.719,0.235;aa;
a;0.463,0.282,0.486,0.955,0.327,0.517,0.373,0.858,0.616,0.781;aaaaaaaaa;
a;0.562,0.497,0.722,0.649,0.0829,0.471,0.0125,0.248,0.146,0.733;aaaa;
a;0.675,0.521,0.0551,0.0813,0.15,0.193,0.578,0.786,0.313,0.873;aaaaaaaaaa;
a;0.899,0.164,0.529,0.675,0.234,0.557,0.81,0.874,0.0655,0.916;a;
a;0.768,0.665,0.368,0.198,0.925,0.225,0.678,0.00122,0.66,0.579;aaa;
a;0.113,0.897,0.388,0.345,0.582,0.41,0.278,0.14,0.828,0.334;aaaaa;
a;0.953,0.137,0.905,0.0411,0.801,0.33,0.91,0.571,0.991,0.467;aaaaaaaaa;
a;0.457,0.731,0.127,0.143,0.836,0.233,0.012,0.567,0.345,0.595;aaaaaaaa;
a;0.155,0.175,0.514,0.437,0.977,0.12,0.702,0.589,0.303,0.748;aa;
a;0.202,0.211,0.131,0.374,0.476,0.62,0.403,0.999,0.782,0.0065;aaaaaaaaa;
a;0.91,0.253,0.263,0.964,0.817,0.116,0.822,0.0218,0.255,0.573;aaa;
a;0.111,0.0153,0.517,0.501,0.424,0.498,0.0331,0.316,0.0582,0.0161;aaaaaa;
a;0.821,0.216,0.433,0.779,0.554,0.932,0.801,0.929,0.183,0.711;aaaaaa;
a;0.454,0.68,0.236,0.828,0.219,0.377,0.822,0.256,0.67,0.908;aaaaaa;
a;0.796,0.521,0.309,0.125,0.256,0.45,0.87,0.468,0.00188,0.918;aaaaaaaaaa;
a;0.206,0.435,0.926,0.369,0.0964,0.0735,0.992,0.0981,0.682,0.107;aaaaaaaa;
a;0.82,0.64,0.225,0.801,0.546,0.873,0.746,0.241,0.815,0.132;aaaa;
a;0.885,0.771,0.337,0.285,0.262,0.446,0.766,0.734,0.276,0.0905;aaaa;
a;0.368,0.46,0.958,0.363,0.854,0.189,0.469,0.338,0.238,0.727;aaaaaa;
a;0.289,0.756,0.216,0.587,0.117,0.213,0.727,0.926,0.606,0.784;aaaaa;
a;0.81,0.159,0.88,0.138,0.0149,0.301,0.27,0.396,0.203,0.884;aaaaaa;
a;0.628,0.986,0.49,0.769,0.688,0.858,0.824,0.721,0.45,0.59;aaaaaaaa;
a;0.248,0.254,0.77,0.181,0.821,0.714,0.924,0.838,0.606,0.244;aaaaaaaaa;
a;0.255,0.309,0.447,0.44,0.167,0.279,0.693,0.554,0.255,0.384;a;
a;0.823,0.362,0.847,0.471,0.362,0.277,0.875,0.389,0.371,0.804;aaaa;
a;0.624,0.126,0.937,0.174,0.797,0.0479,0.612,0.698,0.984,0.149;aaa;
a;0.436,0.311,0.162,0.542,0.949,0.35,0.902,0.242,0.357,0.0461;aaa;
a;0.625,0.786,0.528,0.42,0.783,0.346,0.817,0.295,0.499,0.652;aaaaaaa;
a;0.601,0.9,0.937,0.481,0.116,0.89,0.0912,0.782,0.0969,0.859;aaaaaaaaaa;
a;0.451,0.544,0.934,0.844,0.67,0.919,0.96,0.0387,0.588,0.28;aaaaaaa;
a;0.746,0.715,0.494,0.63,0.732,0.539,0.0882,0.525,0.082,0.927;aaaaaaaaaa;
a;0.342,0.0642,0.384,0.986,0.741,0.328,0.0389,0.219,0.745,0.623;aaaaaaa;
a;0.0214,0.0726,0.744,0.705,0.893,0.154,0.263,0.844,0.959,0.662;aaaaa;
a;0.223,0.989,0.059,0.676,0.468,0.486,0.152,0.0317,0.716,0.603;aaaaa;
a;0.981,0.419,0.165,0.354,0.16,0.0406,0.613,0.745,0.52,0.336;aaaaaaaa;
a;0.0325,0.727,0.258,0.907,0.181,0.82,0.494,0.301,0.604,0.65;aa;
a;0.163,0.209,0.832,0.416,0.509,0.756,0.699,0.279,0.496,0.947;a;
a;0.803,0.723,0.602,0.178,0.391,0.437,0.888,0.824,0.2,0.024;aaaaaaaaa;
a;0.616,0.483,0.688,0.547,0.906,0.498,0.0861,0.469,0.87,0.0517;aaaaaa;
a;0.133,0.418,0.794,0.0867,0.709,0.244,0.959,0.687,0.995,0.217;a;
a;0.694,0.978,0.406,0.386,0.63,0.867,0.789,0.94,0.0786,0.167;aaaaaaaa;
a;0.266,0.33,0.113,0.738,0.772,0.831,0.0644,0.251,0.281,0.849;aaa;
a;0.53,0.301,0.287,0.708,0.421,0.952,0.902,0.549,0.524,0.555;aaaaaa;
a;0.87,0.763,0.805,0.624,0.86,0.579,0.874,0.158,0.404,0.694;aaaaaaaaa;
a;0.225,0.385,0.298,0.102,0.489,0.533,0.904,0.582,0.396,0.787;aaaaa;
a;0.74,0.642,0.512,0.791,0.53,0.654,0.212,0.146,0.0825,0.375;a;
a;0.224,0.904,0.307,0.136,0.474,0.397,0.496,0.77,0.172,0.852;aaaaaaaaa;
a;0.0971,0.29,0.268,0.0389,0.295,0.198,0.478,0.0442,0.892,0.235;aaa;
a;0.373,0.338,0.199,0.559,0.569,0.918,0.356,0.85,0.0185,0.0774;aaaa;
a;0.111,0.302,0.599,0.177,0.0828,0.823,0.283,0.879,0.209,0.238;aa;
a;0.556,0.887,0.649,0.607,0.448,0.0685,0.787,0.509,0.262,0.959;aaaa;
a;0.0957,0.517,0.773,0.357,0.899,0.0325,0.78,0.28,0.922,0.966;aaaaaaa;
a;0.334,0.0165,0.713,0.356,0.394,0.983,0.767,0.772,0.321,0.994;aaaaa;
a;0.596,0.507,0.191,0.997,0.394,0.35,0.504,0.18,0.454,0.909;aaaa;
a;0.599,0.151,0.0898,0.545,0.452,0.0866,0.0838,0.386,0.259,0.0244;aaaaaaaa;
a;0.89,0.195,0.776,0.0942,0.126,0.324,0.837,0.583,0.258,0.907;aaaaaaaa;
a;0.964,0.13,0.928,0.76,0.616,0.696,0.331,0.63,0.492,0.453;aaaa;
a;0.52,0.796,0.696,0.948,0.071,0.619,0.212,0.609,0.0489,0.41;aaaaaaa;
a;0.723,0.636,0.545,0.48,0.141,0.857,0.115,0.737,0.563,0.17;aaa;
a;0.642,0.0988,0.105,0.788,0.342,0.891,0.923,0.99,0.9,0.524;aaaaaaaaa;
a;0.378,0.117,0.157,0.759,0.45,0.16,0.554,0.445,0.976,0.927;aa;
a;0.734,0.902,0.961,0.113,0.328,0.826,0.925,0.285,0.814,0.283;aaaaaa;
a;0.928,0.57,0.0343,0.622,0.171,0.472,0.469,0.668,0.803,0.507;aaaaaaa;
a;0.398,0.171,0.989,0.873,0.431,0.639,0.742,0.148,0.986,0.506;aaaaaaaa;
a;0.236,0.00134,0.912,0.304,0.837,0.213,0.356,0.0403,0.545,0.83;aa;
a;0.984,0.188,0.419,0.385,0.809,0.11,0.254,0.115,0.137,0.821;aaaaaaaaa;
a;0.928,0.0235,0.586,0.364,0.335,0.87,0.942,0.138,0.825,0.249;aaaaaaaa;
a;0.774,0.624,0.248,0.725,0.35,0.417,0.951,0.61,0.0108,0.0696;aaa;
a;0.025,0.64,0.133,0.234,0.522,0.925,0.191,0.828,0.388,0.0339;aaa;
a;0.382,0.832,0.267,0.196,0.538,0.259,0.513,0.452,0.205,0.398;aaaaaaaaaa;
a;0.703,0.379,0.904,0.713,0.79,0.577,0.18,0.232,0.211,0.967;aaaaaaaaaa;
a;0.00164,0.195,0.887,0.496,0.612,0.565,0.163,0.82,0.139,0.0921;aaaaaaaaaa;
a;0.101,0.497,0.0864,0.888,0.178,0.427,0.0838,0.749,0.222,0.407;aaaaa;
a;0.221,0.701,0.63,0.816,0.114,0.708,0.0598,0.757,0.274,0.753;a;
a;0.139,0.278,0.0165,0.156,0.406,0.518,0.13,0.227,0.974,0.421;aa;
a;0.107,0.424,0.551,0.629,0.289,0.765,0.14,0.774,0.686,0.171;aa;
a;0.408,0.568,0.765,0.49,0.379,0.882,0.416,0.204,0.187,0.526;aa;
a;0.884,0.373,0.0701,0.622,0.839,0.904,0.855,0.532,0.934,0.908;aaaa;
a;0.735,0.278,0.196,0.409,0.201,0.999,0.731,0.995,0.933,0.286;a;
a;0.0927,0.305,0.503,0.385,0.777,0.0178,0.235,0.575,0.891,0.408;aaaaaaaa;
a;0.233,0.122,0.812,0.899,0.852,0.79,0.451,0.413,0.299,0.381;aaaaaaaaaa;
a;0.27,0.67,0.577,0.0727,0.832,0.285,0.819,0.85,0.841,0.162;aaaaaa;
a;0.499,0.255,0.837,0.769,0.172,0.699,0.787,0.656,0.858,0.245;aa;
a;0.229,0.0889,0.948,0.454,0.0201,0.889,0.626,0.234,0.251,0.3;aa;
a;0.762,0.737,0.521,0.061,0.955,0.209,0.913,0.375,0.844,0.923;aaaaaa;
a;0.94,0.83,0.608,0.0594,0.224,0.277,0.68,0.156,0.661,0.795;aaa;
a;0.74,0.864,0.667,0.229,0.771,0.704,0.255,0.101,0.294,0.871;aaaa;
a;0.99,0.00216,0.00629,0.139,0.788,0.619,0.672,0.0388,0.67,0.71;aaaa;
a;0.96,0.453,0.0853,0.422,0.00905,0.863,0.33,0.668,0.807,0.715;aaa;
a;0.397,0.825,0.767,0.13,0.639,0.333,0.866,0.74,0.473,0.653;aaaaaaa;
a;0.716,0.718,0.323,0.838,0.752,0.941,0.657,0.538,0.46,0.516;aaaaa;
a;0.708,0.726,0.752,0.863,0.643,0.24,0.236,0.21,0.912,0.596;a;
a;0.906,0.719,0.615,0.306,0.45,0.907,0.313,0.387,0.915,0.733;aaaaaaaaaa;
a;0.523,0.813,0.249,0.0916,0.718,0.13,0.168,0.201,0.979,0.911;aaa;
a;0.343,0.618,0.339,0.322,0.426,0.708,0.81,0.593,0.845,0.304;aaaa;
a;0.407,0.202,0.915,0.000994,0.713,0.355,0.71,0.779,0.673,0.207;aaa;
a;0.708,0.792,0.714,0.635,0.245,0.0829,0.771,0.9,0.102,0.38;a;
a;0.536,0.737,0.766,0.778,0.577,0.615,0.807,0.672,0.804,0.408;a;
a;0.174,0.776,0.0485,0.0707,0.331,0.931,0.711,0.0111,0.969,0.187;aaaaaaa;
a;0.208,0.82,0.334,0.0561,0.921,0.914,0.456,0.879,0.574,0.685;aaaaaa;
a;0.699,0.0729,0.665,0.677,0.355,0.54,0.567,0.411,0.727,0.672;a;
a;0.571,0.825,0.313,0.0644,0.25,0.561,0.822,0.848,0.9,0.693;a;
a;0.993,0.724,0.642,0.616,0.721,0.93,0.0589,0.605,0.315,0.641;aaaaa;
a;0.437,0.237,0.162,0.395,0.319,0.0769,0.134,0.924,0.948,0.453;aaaaaaaaa;
a;0.682,0.0899,0.979,0.901,0.187,0.146,0.657,0.946,0.131,0.533;aaaa;
a;0.125,0.186,0.19,0.559,0.0805,0.13,0.12,0.497,0.205,0.0451;aaaaaaaaaa;
a;0.68,0.335,0.838,0.608,0.368,0.91,0.577,0.548,0.876,0.983;aaaaa;
a;0.108,0.00337,0.855,0.923,0.752,0.57,0.384,0.696,0.601,0.782;a;
a;0.688,0.878,0.108,0.897,0.994,0.399,0.372,0.0604,0.566,0.814;aaaaaa;
a;0.584,0.617,0.603,0.719,0.577,0.91,0.57,0.717,0.727,0.112;aaaaaaaaa;
a;0.849,0.285,0.614,0.635,0.372,0.488,0.905,0.397,0.583,0.0217;aaaaaaaaaa;
a;0.484,0.384,0.381,0.294,0.261,0.972,0.0352,0.0228,0.0353,0.0831;aaaaaaaaa;
a;0.185,0.239,0.485,0.207,0.156,0.667,0.447,0.585,0.824,0.267;aaaaaaaaa;
a;0.66,0.574,0.0682,0.917,0.298,0.132,0.434,0.449,0.394,0.808;aaaaaaaaaa;
a;0.456,0.333,0.329,0.422,0.237,0.708,0.699,0.895,0.775,0.407;aaa;
a;0.502,0.234,0.385,0.994,0.241,0.718,0.482,0.0333,0.328,0.689;aa;
a;0.541,0.497,0.451,0.772,0.133,0.895,0.905,0.39,0.624,0.194;aaaaaaaa;
a;0.848,0.969,0.799,0.182,0.449,0.439,0.913,0.827,0.457,0.61;aaa;
a;0.314,0.625,0.95,0.292,0.135,0.549,0.146,0.999,0.131,0.567;aaaaaaaa;
a;0.064,0.292,0.356,0.77,0.126,0.689,0.29,0.123,0.0575,0.428;aa;
a;0.646,0.835,0.215,0.828,0.331,0.835,0.373,0.383,0.0657,0.101;aaaaaaaaa;
a;0.328,0.318,0.034,0.433,0.727,0.222,0.718,0.68,0.853,0.698;aaaaaaaaaa;
a;0.181,0.685,0.339,0.224,0.995,0.428,0.945,0.995,0.0246,0.848;aaaaaaa;
a;0.037,0.903,0.177,0.133,0.53,0.529,0.319,0.846,0.1,0.393;a;
a;0.582,0.573,0.416,0.197,0.857,0.0895,0.42,0.603,0.448,0.217;aa;
a;0.457,0.276,0.0721,0.519,0.918,0.857,0.45,0.121,0.111,0.242;aaaa;
a;0.16,0.0176,0.364,0.705,0.478,0.213,0.386,0.395,0.687,0.142;aaaaaaaaaa;
a;0.998,0.0314,0.129,0.693,0.255,0.327,0.865,0.579,0.0891,0.72;a;
a;0.698,0.449,0.532,0.704,0.924,0.527,0.81,0.0934,0.0846,0.454;aaaa;
a;0.171,0.885,0.686,0.34,0.137,0.328,0.845,0.469,0.634,0.326;aaaaaaaaaa;
a;0.951,0.504,0.795,0.733,0.569,0.948,0.4,0.044,0.33,0.215;aaaaaaa;
a;0.32,0.654,0.906,0.517,0.616,0.35,0.311,0.923,0.256,0.712;aaaaaa;
a;0.608,0.569,0.26,0.828,0.611,0.445,0.407,0.168,0.214,0.311;aaaaaaaa;
a;0.15,0.453,0.265,0.0951,0.76,0.937,0.502,0.73,0.598,0.716;aaaaaaaaaa;
a;0.819,0.832,0.323,0.565,0.841,0.0356,0.234,0.529,0.729,0.0251;aaaaa;
a;0.689,0.2,0.596,0.389,0.592,0.138,0.0735,0.58,0.799,0.103;aa;
a;0.996,0.734,0.167,0.0454,0.347,0.969,0.396,0.554,0.735,0.1;aaaaaaaaaa;
a;0.6,0.999,0.493,0.303,0.713,0.903,0.669,0.00255,0.049,0.479;aa;
a;0.578,0.0741,0.998,0.461,0.886,0.0265,0.575,0.187,0.129,0.986;aaaa;
a;0.912,0.557,0.848,0.45,0.28,0.61,0.539,0.685,0.967,0.867;aaaaaaa;
a;0.794,0.561,0.873,0.554,0.775,0.0185,0.276,0.098,0.968,0.685;aaaaa;
a;0.113,0.197,0.888,0.284,0.994,0.786,0.39,0.0373,0.967,0.544;aaaaaaaa;
a;0.842,0.35,0.936,0.0332,0.0268,0.94,0.878,0.497,0.586,0.865;a;
a;0.00309,0.619,0.726,0.996,0.396,0.721,0.527,0.805,0.623,0.17;aaaaaaaaaa;
a;0.372,0.585,0.883,0.571,0.42,0.236,0.286,0.554,0.225,0.604;aaaaaaaaa;
a;0.173,0.424,0.948,0.829,0.445,0.699,0.311,0.199,0.266,0.00537;aaaaa;
a;0.234,0.344,0.225,0.0243,0.665,0.843,0.463,0.608,0.153,0.88;aaa;
a;0.502,0.602,0.468,0.161,0.788,0.523,0.165,0.458,0.178,0.684;a;
a;0.000516,0.144,0.61,0.867,0.683,0.34,0.765,0.256,0.333,0.136;aaaaaaaaa;
a;0.837,0.541,0.479,0.64,0.545,0.186,0.426,0.287,0.524,0.941;aa;
a;0.696,0.233,0.665,0.0252,0.211,0.526,0.884,0.0296,0.447,0.0806;aaaaaaaaaa;
a;0.509,0.588,0.0638,0.702,0.822,0.649,0.234,0.563,0.493,0.162;aaaaaaaa;
a;0.75,0.818,0.774,0.023,0.852,0.411,0.795,0.443,0.563,0.916;aaaaaa;
a;0.335,0.189,0.467,0.859,0.647,0.917,0.878,0.518,0.638,0.606;aaaaaaaaaa;
a;0.0299,0.177,0.397,0.913,0.119,0.57,0.388,0.86,0.794,0.585;aaaaaa;
a;0.591,0.661,0.71,0.204,0.168,0.481,0.0272,0.446,0.32,0.109;aaaa;
a;0.758,0.561,0.122,0.059,0.948,0.653,0.544,0.303,0.142,0.803;aaaaa;
a;0.652,0.721,0.201,0.282,0.524,0.904,0.674,0.908,0.68,0.688;aaaaaaaaaa;
a;0.232,0.7,0.943,0.112,0.644,0.775,0.597,0.361,0.115,0.37;aaaaaa;
a;0.237,0.918,0.724,0.96,0.246,0.378,0.311,0.218,0.245,0.192;aaaaaa;
a;0.719,0.217,0.912,0.155,0.878,0.338,0.0983,0.156,0.604,0.0442;a;
a;0.779,0.724,0.31,0.377,0.0264,0.55,0.219,0.311,0.192,0.656;aa;
a;0.348,0.0326,0.115,0.197,0.987,0.578,0.916,0.241,0.348,0.861;aaaa;
a;0.2,0.679,0.817,0.732,0.917,0.486,0.923,0.261,0.351,0.435;aaaaaaa;
a;0.642,0.859,0.127,0.942,0.928,0.916,0.49,0.717,0.366,0.196;aaaaa;
a;0.933,0.755,0.428,0.0964,0.877,0.293,0.561,0.0608,0.264,0.931;aaaaaaaa;
a;0.994,0.0819,0.311,0.453,0.462,0.63,0.642,0.00566,0.764,0.577;aaaaaaaa;
a;0.33,0.721,0.486,0.812,0.201,0.538,0.581,0.71,0.0979,0.365;aaaaaaaaaa;
a;0.158,0.0678,0.353,0.962,0.158,0.0716,0.579,0.498,0.287,0.421;aaaaaa;
a;0.112,0.0758,0.137,0.664,0.376,0.566,0.924,0.118,0.0529,0.0904;aaaa;
a;0.319,0.923,0.969,0.797,0.851,0.345,0.612,0.913,0.0155,0.826;aaaaa;
a;0.127,0.224,0.859,0.0198,0.534,0.836,0.885,0.993,0.178,0.672;aaaa;
a;0.353,0.804,0.814,0.476,0.0536,0.987,0.129,0.348,0.416,0.558;aaaaaa;
a;0.594,0.262,0.281,0.216,0.36,0.716,0.909,0.427,0.223,0.811;aaaaaa;
a;0.349,0.029,0.267,0.414,0.287,0.486,0.0047,0.173,0.167,0.411;aaaaaa;
a;0.146,0.46,0.496,0.986,0.127,0.797,0.0316,0.377,0.2,0.311;aaaaaaa;
a;0.848,0.281,0.0399,0.0716,0.318,0.452,0.714,0.338,0.233,0.485;aaaaaaa;
a;0.891,0.825,0.845,0.62,0.363,0.715,0.759,0.045,0.802,0.897;aaaaaaaaaa;
a;0.123,0.479,0.176,0.185,0.123,0.156,0.264,0.469,0.225,0.363;aaaaaaa;
a;0.648,0.958,0.359,0.202,0.139,0.566,0.451,0.694,0.897,0.439;aaaaa;
a;0.233,0.981,0.23,0.14,0.486,0.561,0.874,0.642,0.339,0.991;aaa;
a;0.514,0.0721,0.578,0.614,0.848,0.998,0.632,0.455,0.869,0.234;aaaa;
a;0.104,0.289,0.837,0.796,0.611,0.605,0.257,0.55,0.363,0.14;aaa;
a;0.0163,0.963,0.94,0.378,0.302,1,0.752,0.0828,0.0019,0.366;aaaaaaaaaa;
a;0.149,0.259,0.772,0.256,0.244,0.551,0.926,0.773,0.711,0.847;aaaaaa;
a;0.614,0.716,0.214,0.53,0.981,0.934,0.00738,0.061,0.853,0.788;aaaaaaaaaa;
a;0.521,0.0547,0.106,0.858,0.862,0.523,0.962,0.841,0.0663,0.393;aaaaaa;
a;0.739,0.323,0.189,0.101,0.622,0.971,0.0112,0.0578,0.125,0.0603;aaaaaaaaaa;
a;0.399,0.116,0.353,0.109,0.0217,0.763,0.466,0.142,0.74,0.951;aaaaaaaaaa;
a;0.865,0.215,0.646,0.906,0.567,0.0617,0.524,0.422,0.374,1;a;
a;0.989,0.617,0.678,0.537,0.0104,0.488,0.681,0.416,0.761,0.525;aaaa;
a;0.806,0.984,0.809,0.194,0.207,0.918,0.466,0.734,0.381,0.309;aaaaaa;
a;0.301,0.656,0.305,0.913,0.36,0.0579,0.344,0.318,0.489,0.561;aaaaa;
a;0.12,0.584,0.432,0.808,0.402,0.125,0.502,0.577,0.674,0.577;aaaaaa;
a;0.713,0.614,0.444,0.617,0.686,0.785,0.134,0.625,0.413,0.776;aaaa;
a;0.0321,0.966,0.0971,0.0627,0.00157,0.856,0.104,0.77,0.234,0.252;aaa;
a;0.00788,0.201,0.163,0.883,0.448,0.986,0.119,0.809,0.704,0.816;aaaaa;
a;0.471,0.693,0.852,0.467,0.0543,0.528,0.351,0.343,0.331,0.582;aaaaaaa;
a;0.607,0.908,0.738,0.293,0.134,0.624,0.404,0.453,0.868,0.93;aaaaaaa;
a;0.356,0.987,0.294,0.1,0.664,0.784,0.32,0.803,0.658,0.871;aaaaa;
a;0.279,0.18,0.475,0.425,0.102,0.281,0.69,0.21,0.931,0.923;aaaaaa;
a;0.413,0.0159,0.969,0.148,0.473,0.436,0.267,0.585,0.0241,0.318;aaaaaaaa;
a;0.23,0.657,0.295,0.0382,0.577,0.189,0.135,0.793,0.484,0.356;aaa;
a;0.26,0.346,0.328,0.71,0.644,0.0938,0.379,0.555,0.186,0.739;aaaaaaaaaa;
a;0.858,0.308,0.552,0.506,0.602,0.996,0.677,0.673,0.334,0.682;aaaaaaa;
a;0.643,0.254,0.326,0.299,0.668,0.902,0.514,0.818,0.98,0.0718;aaaaaaaaaa;
a;0.759,0.252,0.814,0.74,0.0235,0.491,0.622,0.0403,0.694,0.633;aaaaa;
a;0.919,0.617,0.958,0.792,0.766,0.138,0.0564,0.0633,0.323,0.247;aaaaaa;
a;0.669,0.269,0.905,0.853,0.505,0.274,0.653,0.315,0.378,0.283;aaaaa;
a;0.772,0.354,0.223,0.289,0.81,0.0353,0.106,0.252,0.899,0.569;aaaaa;
a;0.61,0.868,0.0355,0.378,0.114,0.0256,0.44,0.895,0.613,0.664;aaaaaa;
a;0.144,0.349,0.79,0.771,0.591,0.897,0.493,0.897,0.173,0.634;aaaaa;
a;0.771,0.457,0.428,0.943,0.254,0.658,0.618,0.48,0.83,0.422;aaaaa;
a;0.353,0.691,0.507,0.723,0.447,0.496,0.143,0.257,0.0265,0.89;aa;
a;0.291,0.972,0.564,0.228,0.959,0.175,0.372,0.835,0.712,0.175;aaaaaaaa;
a;0.394,0.323,0.132,0.217,0.694,0.318,0.958,0.41,0.614,0.514;aaaa;
a;0.643,0.352,0.321,0.611,0.952,0.879,0.181,0.875,0.0767,0.00685;aaaaaa;
a;0.929,0.916,0.762,0.654,0.653,0.425,0.123,0.476,0.0302,0.183;aaa;
a;0.715,0.0957,0.786,0.2,0.736,0.562,0.493,0.458,0.39,0.284;aaaaa;
a;0.303,0.548,0.539,0.602,0.575,0.858,0.846,0.564,0.878,0.0556;aaa;
a;0.725,0.855,0.0285,0.0817,0.819,0.951,0.219,0.452,0.564,0.379;aaaaaaaa;
a;0.0552,0.981,0.882,0.476,0.169,0.703,0.356,0.977,0.569,0.178;aaaaaaa;
a;0.38,0.786,0.284,0.157,0.226,0.605,0.0491,0.6,0.575,0.483;aaaaaaaaa;
a;0.575,0.289,0.795,0.376,0.103,0.353,0.773,0.187,0.569,0.0323;aaaaaaa;
a;0.874,0.653,0.136,0.972,0.523,0.0977,0.636,0.706,0.585,0.177;aaaaaaa;
a;0.842,0.332,0.479,0.0248,0.0606,0.00158,0.233,0.314,0.675,0.0942;aaa;
a;0.47,0.53,0.237,0.32,0.228,0.534,0.396,0.102,0.756,0.665;aaa;
a;0.466,0.0144,0.209,0.831,0.419,0.793,0.338,0.0733,0.479,0.393;aaaaaa;
a;0.319,0.756,0.305,0.546,0.135,0.52,0.454,0.986,0.374,0.386;aaaaaaa;
a;0.374,0.319,0.284,0.512,0.0413,0.205,0.818,0.192,0.727,0.887;aaaaaaaaa;
a;0.499,0.0973,0.255,0.623,0.381,0.581,0.545,0.984,0.974,0.664;aaaaaaaaaa;
a;0.137,0.224,0.218,0.0168,0.703,0.855,0.558,0.342,0.656,0.644;aaaaa;
a;0.53,0.675,0.661,0.0703,0.917,0.741,0.616,0.617,0.361,0.509;a;
a;0.662,0.246,0.263,0.945,0.298,0.123,0.303,0.56,0.0108,0.578;aaaaaaaaa;
a;0.862,0.464,0.564,0.902,0.546,0.76,0.371,0.162,0.513,0.916;aaaaaaaaaa;
a;0.457,0.182,0.775,0.856,0.332,0.761,0.728,0.219,0.704,0.848;aaaa;
a;0.296,0.0859,0.46,0.196,0.728,0.0887,0.744,0.987,0.718,0.581;aaaaaaaaa;
a;0.426,0.672,0.495,0.158,0.122,0.527,0.658,0.158,0.197,0.314;a;
a;0.0265,0.104,0.723,0.386,0.119,0.958,0.04,0.415,0.168,0.735;aaaaaaa;
a;0.652,0.189,0.379,0.332,0.254,0.528,0.331,0.541,0.573,0.684;aaaaaaaaa;
a;0.718,0.575,0.162,0.875,0.703,0.4,0.987,0.189,0.145,0.147;a;
a;0.863,0.765,0.562,0.431,0.934,0.292,0.302,0.974,0.262,0.875;aaaaaaaa;
a;0.213,0.645,0.0737,0.521,0.687,0.842,0.193,0.176,0.271,0.263;aaaa;
a;0.825,0.243,0.23,0.0535,0.184,0.847,0.853,0.25,0.311,0.321;aaaaaaaa;
a;0.036,0.702,0.738,0.544,0.908,0.373,0.702,0.925,0.0759,0.317;aa;
a;0.0187,0.586,0.359,0.909,0.466,0.596,0.712,0.138,0.144,0.478;aaaaaaaaa;
a;0.396,0.668,0.907,0.985,0.804,0.908,0.17,0.298,0.502,0.139;aaaa;
a;0.374,0.959,0.278,0.223,0.564,0.205,0.287,0.221,0.608,0.0491;aaaaaaa;
a;0.104,0.752,0.908,0.963,0.735,0.981,0.427,0.491,0.904,0.798;aaaaaaaa;
a;0.0718,0.863,0.349,0.949,0.641,0.128,0.496,0.13,0.75,0.742;aaaaaaa;
a;0.188,0.849,0.157,0.0824,0.986,0.012,0.736,0.995,0.884,0.423;aaaa;
a;0.569,0.554,0.439,0.152,0.889,0.992,0.506,0.256,0.248,0.261;aaaaaa;
a;0.143,0.93,0.896,0.563,0.179,0.518,0.909,0.635,0.201,0.956;aa;
a;0.297,0.556,0.533,0.52,0.202,0.574,0.0582,0.461,0.762,0.00239;aaaa;
a;0.723,0.311,0.535,0.884,0.0431,0.798,0.831,0.0769,0.371,0.714;aaa;
a;0.802,0.943,0.494,0.55,0.458,0.58,0.736,0.974,0.988,0.706;aaa;
a;0.0191,0.192,0.0741,0.103,0.706,0.785,0.197,0.864,0.673,0.244;aaaaaaa;
a;0.384,0.012,0.882,0.561,0.28,0.623,0.287,0.491,0.0647,0.148;aaaaaaa;
a;0.0977,0.463,0.443,0.997,0.332,0.854,0.632,0.933,0.429,0.0335;aaaaa;
a;0.854,0.698,0.809,0.722,0.949,0.609,0.354,0.793,0.851,0.335;aaaaa;
a;0.483,0.518,0.815,0.227,0.983,0.00953,0.893,0.427,0.954,0.432;aaa;
a;0.061,0.127,0.215,0.777,0.997,0.173,0.329,0.972,0.727,0.873;aaaaaaaaaa;
a;0.671,0.743,0.84,0.00668,0.493,0.726,0.534,0.0508,0.0135,0.79;aaaaaaaa;
a;0.884,0.962,0.216,0.828,0.229,0.0896,0.143,0.433,0.589,0.764;aa;
a;0.701,0.641,0.526,0.776,0.296,0.338,0.179,0.79,0.252,0.866;aaaaaaaaa;
a;0.771,0.881,0.84,0.709,0.71,0.887,0.164,0.831,0.783,0.0698;aaaaa;
a;0.265,0.795,0.801,0.808,0.495,0.0529,0.0862,0.859,0.449,0.642;aaaaaaa;
a;0.208,0.0862,0.724,0.2,0.908,0.532,0.306,0.939,0.984,0.22;aa;
a;0.0975,0.776,0.111,0.584,0.717,0.95,0.853,0.94,0.77,0.998;aa;
a;0.931,0.813,0.972,0.422,0.615,0.848,0.669,0.581,0.611,0.711;aaaaaaa;
a;0.377,0.651,0.473,0.119,0.693,0.973,0.431,0.307,0.164,0.328;aaaaa;
a;0.203,0.186,0.611,0.348,0.533,0.01,0.928,0.994,0.101,0.683;aaaaaaaaaa;
a;0.927,0.898,0.151,0.906,0.124,0.75,0.769,0.0961,0.118,0.16;aaa;
a;0.672,0.367,0.0573,0.45,0.682,0.761,0.677,0.431,0.417,0.256;aaaaaaaa;
a;0.178,0.137,0.229,0.982,0.0814,0.162,0.734,0.814,0.62,0.359;aaaaaa;
a;0.0231,0.575,0.517,0.63,0.209,0.337,0.116,0.493,0.546,0.768;a;
a;0.47,0.788,0.972,0.393,0.92,0.772,0.834,0.0647,0.804,0.0357;aaaaaaa;
a;0.511,0.398,0.477,0.327,0.696,0.286,0.41,0.486,0.199,0.704;a;
a;0.95,0.836,0.811,0.339,0.368,0.548,0.415,0.453,0.881,0.087;aaaaaa;
a;0.653,0.642,0.78,0.933,0.597,0.304,0.0936,0.119,0.347,0.356;aaaa;
a;0.558,0.206,0.66,0.0743,0.356,0.159,0.537,0.0235,0.615,0.708;aaaaaaa;
a;0.375,0.322,0.547,0.0834,0.952,0.00744,0.933,0.795,0.592,0.00167;aaaaa;
a;0.117,0.0977,0.624,0.17,0.861,0.632,0.599,0.0495,0.952,0.161;aaaaaaaaaa;
a;0.381,0.964,0.506,0.948,0.399,0.633,0.645,0.44,0.207,0.137;aaaaaaaa;
a;0.653,0.0435,0.172,0.127,0.283,0.241,0.688,0.375,0.71,0.378;aaaaa;
a;0.857,0.99,0.474,0.231,0.832,0.296,0.995,0.757,0.239,0.293;aa;
a;0.00746,0.6,0.238,0.473,0.326,0.251,0.019,0.25,0.515,0.517;aaaaaa;
a;0.789,0.241,0.817,0.787,0.311,0.113,0.456,0.718,0.971,0.943;aaaaaaa;
a;0.953,0.532,0.509,0.173,0.103,0.907,0.75,0.326,0.744,0.672;aaaaa;
a;0.37,0.192,0.718,0.258,0.674,0.613,0.587,0.411,0.232,0.0611;a;
a;0.536,0.311,0.429,0.929,0.787,0.534,0.172,0.757,0.989,0.496;aaaaa;
a;0.0757,0.84,0.711,0.277,0.418,0.832,0.663,0.352,0.927,0.0925;a;
a;0.832,0.633,0.265,0.78,0.89,0.28,0.71,0.437,0.841,0.977;aa;
a;0.54,0.59,0.721,0.432,0.97,0.953,0.573,0.057,0.478,0.47;aaaaaaaaaa;
a;0.303,0.00523,0.0774,0.824,0.44,0.0452,0.481,0.216,0.122,0.522;aaaaaaaa;
a;0.273,0.968,0.383,0.569,0.538,0.201,0.985,0.673,0.785,0.442;aaaaaaaaa;
a;0.768,0.576,0.916,0.061,0.468,0.497,0.203,0.962,0.939,0.0886;aaaaaaaa;
a;0.568,0.812,0.112,0.459,0.204,0.922,0.263,0.393,0.886,0.599;aaaaaaaaa;
a;0.176,0.409,0.893,0.927,0.47,0.173,0.169,0.0396,0.558,0.641;aaa;
a;0.355,0.117,0.865,0.136,0.487,0.197,0.41,0.327,0.216,0.308;aaaaaaaaaa;
a;0.406,0.519,0.147,0.887,0.899,0.214,0.192,0.604,0.000981,0.558;aaa;
a;0.745,0.113,0.209,0.535,0.615,0.0332,0.52,0.286,0.562,0.77;aaaaaaaa;
a;0.011,0.861,0.276,0.65,0.925,0.26,0.0372,0.181,0.413,0.811;aaaaa;
a;0.571,0.447,0.128,0.966,0.621,0.286,0.618,0.0215,0.284,0.748;aa;
a;0.205,0.793,0.378,0.0237,0.173,0.0426,0.695,0.935,0.34,0.571;aaaaaaaa;
a;0.741,0.019,0.14,0.343,0.306,0.168,0.957,0.853,0.0934,0.31;aaa;
a;0.369,0.578,0.357,0.442,0.274,0.4,0.61,0.465,0.872,0.0813;aaaaaaaaa;
a;0.998,0.67,0.0305,0.847,0.0366,0.421,0.127,0.542,0.0783,0.824;aaa;
a;0.989,0.711,0.475,0.0846,0.657,0.0497,0.382,0.103,0.826,0.77;aaaaaa;
a;0.331,0.746,0.579,0.608,0.81,0.874,0.169,0.546,0.256,0.376;aaaaa;
a;0.94,0.945,0.465,0.765,0.996,0.286,0.899,0.344,0.749,0.423;aaaaaaa;
a;0.153,0.765,0.597,0.906,0.487,0.976,0.772,0.64,0.815,0.677;a;
a;0.292,0.134,0.481,0.383,0.64,0.0307,0.761,0.82,0.757,0.508;aaaaa;
a;0.292,0.849,0.0937,0.858,0.278,0.499,0.831,0.992,0.398,0.132;aaaaaaaaaa;
a;0.26,0.411,0.0672,0.547,0.836,0.0327,0.48,0.585,0.00677,0.822;a;
a;0.317,0.774,0.571,0.715,0.0846,0.00148,0.0817,0.517,0.0686,0.267;aaaaaaaa;
a;0.817,0.612,0.00735,0.2,0.86,0.684,0.376,0.67,0.543,0.127;aa;
a;0.336,0.687,0.155,0.589,0.0984,0.419,0.844,0.691,0.133,0.193;aaaaaaaaaa;
a;0.357,0.712,0.208,0.00797,0.92,0.664,0.37,0.728,0.322,0.36;aaa;
a;0.118,0.533,0.0773,0.691,0.978,0.979,0.848,0.527,0.807,0.477;aaaaa;
a;0.458,0.518,0.528,0.0559,0.943,0.134,0.867,0.0262,0.0681,0.976;aa;
a;0.3,0.111,0.763,0.589,0.561,0.44,0.807,0.399,0.0938,0.205;aaaaaa;
a;0.466,0.0703,0.57,0.266,0.0992,0.203,0.472,0.611,0.942,0.358;aaaaaaaa;
a;0.928,0.429,0.823,0.121,0.192,0.141,0.13,0.324,0.277,0.2;aaaaa;
a;0.437,0.954,0.717,0.881,0.802,0.263,0.0693,0.495,0.758,0.803;aaaaa;
a;0.902,0.607,0.693,0.803,0.855,0.624,0.927,0.729,0.117,0.257;aaaaaaaaaa;
a;0.952,0.382,0.394,0.979,0.964,0.873,0.931,0.655,0.901,0.658;aaaaaaaaa;
a;0.831,0.673,0.681,0.972,0.939,0.064,0.333,0.49,0.515,0.305;aaaa;
a;0.562,0.644,0.133,0.518,0.867,0.234,0.315,0.433,0.946,0.368;aaaaa;
a;0.63,0.126,0.946,0.0655,0.878,0.545,0.416,0.581,0.781,0.122;aa;
a;0.636,0.0583,0.654,0.707,0.977,0.885,0.766,0.772,0.584,0.354;a;
a;0.879,0.0137,0.424,0.00466,0.471,0.236,0.504,0.728,0.914,0.872;aaaaaa;
a;0.0436,0.247,0.113,0.754,0.358,0.942,0.247,0.343,0.89,0.308;a;
a;0.222,0.552,0.21,0.743,0.926,0.89,0.485,0.182,0.233,0.839;aa;
a;0.0886,0.693,0.651,0.455,0.131,0.44,0.528,0.654,0.522,0.144;aaaa;
a;0.929,0.224,0.79,0.523,0.498,0.299,0.717,0.692,0.052,0.555;a;
a;0.659,0.893,0.863,0.592,0.691,0.561,0.617,0.109,0.718,0.217;aaaaaaa;
a;0.948,0.752,0.296,0.939,0.392,0.778,0.825,0.653,0.357,0.184;a;
a;0.801,0.162,0.407,0.855,0.101,0.811,0.169,0.728,0.55,0.515;aaaaaaaaa;
a;0.214,0.127,0.384,0.685,0.816,0.57,0.189,0.146,0.521,0.968;aaaaaaaaa;
a;0.747,0.538,0.477,0.97,0.566,0.478,0.19,0.167,0.254,0.785;aaaa;
a;0.331,0.65,0.0885,0.228,0.998,0.0409,0.86,0.93,0.0452,0.96;aaaaaaaaa;
a;0.574,0.233,0.19,0.287,0.402,0.589,0.179,0.605,0.761,0.782;aaaa;
a;0.127,0.24,0.778,0.0253,0.819,0.246,0.0881,0.129,0.431,0.365;aaaaaaaaa;
a;0.39,0.605,0.0297,0.631,0.835,0.203,0.92,0.489,0.332,0.159;aaaaaaaaa;
a;0.142,0.93,0.513,0.516,0.111,0.479,0.461,0.222,0.453,0.874;aaaaaa;
a;0.948,0.852,0.982,0.403,0.0728,0.128,0.971,0.836,0.181,0.973;aaaaaaaaaa;
a;0.659,0.0231,0.281,0.778,0.699,0.861,0.124,0.499,0.935,0.379;aaaa;
a;0.591,0.987,0.868,0.365,0.0704,0.118,0.382,0.122,0.0111,0.393;aaaaaaaa;
a;0.67,0.854,0.815,0.483,0.00301,0.572,0.792,0.136,0.00532,0.511;aaaaaaaaa;
a;0.0695,0.719,0.859,0.897,0.187,0.0262,0.44,0.57,0.168,0.114;aaaaa;
a;0.82,0.223,0.919,0.799,0.618,0.0629,0.544,0.175,0.932,0.242;aaaaaaaa;
a;0.204,0.871,0.0188,0.359,0.526,0.243,0.687,0.362,0.791,0.845;aaa;
a;0.792,0.176,0.74,0.181,0.908,0.887,0.413,0.733,0.484,0.84;aaaaaaa;
a;0.55,0.0159,0.482,0.493,0.218,1,0.891,0.268,0.381,0.814;aaaaaaa;
a;0.534,0.0937,0.265,0.739,0.225,0.513,0.344,0.908,0.459,0.34;aaaaaaaa;
a;0.409,0.157,0.523,0.64,0.00576,0.159,0.306,0.521,0.305,0.435;aaaaaaaa;
a;0.0928,0.98,0.888,0.519,0.787,0.371,0.563,0.109,0.681,0.676;aaaaaaaa;
a;0.561,0.656,0.45,0.522,0.955,0.148,0.865,0.34,0.407,0.882;aaa;
a;0.999,0.244,0.193,0.583,0.595,0.323,0.191,0.575,0.0109,0.947;aaaaaaaaaa;
a;0.358,0.663,0.475,0.717,0.683,0.408,0.553,0.878,0.618,0.23;aaaaaaa;
a;0.312,0.195,0.822,0.237,0.854,0.588,0.502,0.917,0.113,0.776;aaaaaaaaa;
a;0.821,0.81,0.853,0.874,0.847,0.296,0.835,0.772,0.94,0.396;aaaaaaaa;
a;0.69,0.442,0.291,0.953,0.95,0.732,0.556,0.675,0.843,0.472;aaa;
a;0.624,0.98,0.559,0.996,0.64,0.504,0.868,0.353,0.924,0.621;a;
a;0.797,0.558,0.604,0.472,0.014,0.425,0.919,0.477,0.219,0.861;aaaaaaaaa;
a;0.802,0.387,0.339,0.576,0.348,0.0577,0.67,0.117,0.154,0.347;aaaaaaaa;
a;0.955,0.409,0.995,0.832,0.893,0.703,0.532,0.329,0.315,0.231;aaaaaa;
a;0.346,0.109,0.468,0.638,0.32,0.489,0.329,1,0.739,0.924;aaaaaaaaaa;
a;0.609,0.114,0.145,0.168,0.554,0.416,0.552,0.401,0.361,0.357;aaaaaaaa;
a;0.0496,0.978,0.836,0.546,0.395,0.392,0.655,0.834,0.867,0.516;aa;
a;0.33,0.21,0.929,0.899,0.925,0.696,0.186,0.248,0.554,0.725;a;
a;0.543,0.263,0.6,0.805,0.439,0.905,0.375,0.36,0.904,0.875;aa;
a;0.886,0.0323,0.176,0.788,0.428,0.7,0.0975,0.852,0.727,0.46;aaaaaaaa;
a;0.361,0.77,0.307,0.172,0.614,0.656,0.367,0.923,0.00553,0.478;aaa;
a;0.176,0.291,0.0481,0.832,0.896,0.724,0.561,0.0947,0.243,0.485;aaaaaaa;
a;0.17,0.648,0.442,0.944,0.342,0.00143,0.225,0.649,0.504,0.969;aaaaaaaaaa;
a;0.926,0.826,0.552,0.455,0.91,0.412,0.641,0.31,0.384,0.196;aaaaaaa;
a;0.645,0.443,0.00802,0.52,0.985,0.996,0.366,0.908,0.654,0.688;aaaaaa;
a;0.167,0.878,0.295,0.254,0.193,0.786,0.713,0.111,0.845,0.681;aaaaa;
a;0.332,0.488,0.119,0.0944,0.619,0.838,0.355,0.362,0.466,0.615;aaa;
a;0.439,0.755,0.313,0.917,0.123,0.327,0.367,0.283,0.84,0.414;a;
a;0.794,0.168,0.5,0.188,0.747,0.846,0.977,0.998,0.423,0.854;aaaaaaaaa;
a;0.667,0.268,0.475,0.0492,0.464,0.523,0.661,0.881,0.294,0.831;aaa;
a;0.909,0.127,0.131,0.212,0.654,0.0747,0.873,0.422,0.443,0.989;aaaaaaa;
a;0.606,0.619,0.0806,0.549,0.518,0.0239,0.0649,0.124,0.1,0.242;aaaaaaa;
a;0.666,0.462,0.339,0.00374,0.567,0.41,0.19,0.0907,0.576,0.435;aaaaaaaa;
a;0.195,0.892,0.601,0.488,0.265,0.315,0.728,0.0363,0.593,0.453;aaaaaaaa;
a;0.372,0.993,0.681,0.89,0.475,0.0636,0.389,0.302,0.131,0.137;aaa;
a;0.272,0.628,0.0538,0.4,0.977,0.661,0.742,0.377,0.957,0.635;aaaaaaa;
a;0.631,0.341,0.209,0.344,0.305,0.606,0.957,0.975,0.683,0.425;a;
a;0.019,0.622,0.403,0.773,0.543,0.304,0.674,0.304,0.296,0.0422;aaaaaa;
a;0.522,0.796,0.467,0.797,0.708,0.746,0.972,0.212,0.842,0.381;aaaa;
a;0.67,0.782,0.601,0.672,0.815,0.855,0.312,0.512,0.546,0.488;aaaaa;
a;0.535,0.331,0.605,0.515,0.57,0.452,0.988,0.281,0.921,0.0048;aaaaaaaaaa;
a;0.6,0.947,0.971,0.244,0.452,0.272,0.888,0.351,0.984,0.69;aaaaaaa;
a;0.305,0.443,0.162,0.0765,0.565,0.365,0.0655,0.765,0.998,0.912;aaaaaaaaaa;
a;0.861,0.55,0.957,0.944,0.149,0.368,0.651,0.0883,0.84,0.0816;a;
a;0.06,0.957,0.847,0.629,0.435,0.585,0.985,0.358,0.381,0.733;aaaaa;
a;0.72,0.234,0.635,0.0596,0.726,0.589,0.802,0.331,0.287,0.128;aaa;
a;0.0132,0.121,0.647,0.202,0.661,0.101,0.384,0.981,0.974,0.513;aa;
a;0.467,0.198,0.331,0.214,0.675,0.611,0.941,0.167,0.763,0.748;aaaaaa;
a;0.881,0.303,0.765,0.0339,0.179,0.137,0.295,0.707,0.714,0.645;aaaaaaa;
a;0.38,0.735,0.0725,0.583,0.681,0.762,0.977,0.114,0.3,0.0618;aaaaaaa;
a;0.49,0.766,0.526,0.694,0.39,0.517,0.982,0.758,0.395,0.359;a;
a;0.994,0.828,0.893,0.206,0.239,0.724,0.898,0.963,0.396,0.657;aaa;
a;0.476,0.637,0.444,0.843,0.626,0.00536,0.0406,0.295,0.0356,0.695;aaaaaa;
a;0.781,0.251,0.0457,0.233,0.355,0.103,0.0873,0.731,0.326,0.196;aaaaaaa;
a;0.075,0.937,0.145,0.171,0.761,0.821,0.15,0.138,0.0519,0.116;aaaa;
a;0.359,0.926,0.315,0.413,0.95,0.236,0.196,0.244,0.764,0.147;aaa;
a;0.543,0.124,0.206,0.45,0.402,0.94,0.602,0.736,0.467,0.782;aaaaaaaaaa;
a;0.916,0.247,0.523,0.0624,0.521,0.773,0.356,0.0112,0.571,0.171;aaaaaaa;
a;0.87,0.222,0.423,0.985,0.554,0.0977,0.834,0.176,0.132,0.94;aaaaaaaaaa;
a;0.279,0.662,0.343,0.623,0.772,0.639,0.157,0.427,0.527,0.884;aaaaa;
a;0.662,0.34,0.339,0.0752,0.33,0.432,0.848,0.0144,0.954,0.43;aaaaaa;
a;0.376,0.138,0.672,0.421,0.292,0.861,0.416,0.0574,0.453,0.816;aaa;
a;0.565,0.0422,0.47,0.0623,0.158,0.00417,0.025,0.657,0.496,0.148;aaaa;
a;0.0465,0.532,0.824,0.0336,0.0724,0.29,0.609,0.751,0.621,0.221;aaa;
a;0.779,0.0629,0.929,0.864,0.343,0.754,0.111,0.825,0.226,0.813;aaaaaaaaa;
a;0.0866,0.968,0.471,0.0348,0.923,0.25,0.845,0.123,0.218,0.844;aaaaaaa;
a;0.764,0.449,0.698,0.0517,0.495,0.448,0.969,0.926,0.215,0.165;aaaaaaaaaa;
a;0.0976,0.103,0.946,0.95,0.413,0.692,0.454,0.087,0.521,0.455;aa;
a;0.234,0.934,0.506,0.0947,0.785,0.383,0.76,0.187,0.804,0.402;aaaaaaaaa;
a;0.807,0.376,0.299,0.0498,0.0621,0.423,0.751,0.615,0.0723,0.558;aaaaaaaaa;
a;0.236,0.899,0.328,0.391,0.929,0.97,0.0291,0.601,0.292,0.415;aaa;
a;0.125,0.396,0.34,0.542,0.353,0.858,0.878,0.903,0.969,0.683;aaaa;
a;0.488,0.715,0.873,0.981,0.386,0.969,0.318,0.956,0.237,0.721;aaaaa;
a;0.454,0.042,0.414,0.564,0.939,0.281,0.577,0.266,0.771,0.841;aaaaaaaaa;
a;0.639,0.616,0.271,0.969,0.466,0.715,0.582,0.821,0.559,0.824;aaaaaaa;
a;0.0565,0.738,0.271,0.485,0.0497,0.567,0.65,0.15,0.693,0.86;aaa;
a;0.0764,0.0952,0.817,0.518,0.344,0.11,0.305,0.502,0.629,0.531;aaaaaa;
a;0.673,0.793,0.603,0.943,0.266,0.45,0.528,0.188,0.296,0.343;aaa;
a;0.443,0.0921,0.57,0.103,0.169,0.349,0.0987,0.838,0.243,0.935;aaaaa;
a;0.723,0.182,0.251,0.513,0.546,0.749,0.479,0.958,0.574,0.576;aaaaaaaaa;
a;0.0947,0.266,0.27,0.371,0.99,0.755,0.73,0.771,0.823,0.18;aaaaaa;
a;0.074,0.249,0.912,0.871,0.33,0.0531,0.225,0.556,0.731,0.117;a;
a;0.422,0.404,0.242,0.0092,0.281,0.0657,0.0576,0.517,0.152,0.523;aaaaaaa;
a;0.591,0.271,0.714,0.552,0.384,0.554,0.28,0.203,0.938,0.181;aaaaaaaa;
a;0.121,0.661,0.81,0.381,0.341,0.686,0.532,0.917,0.893,0.217;aaaaa;
a;0.802,0.8,0.856,0.638,0.503,0.446,0.309,0.307,0.146,0.99;a;
a;0.299,0.0883,0.0891,0.203,0.853,0.12,0.743,0.216,0.635,0.702;aaaaaaaaa;
a;0.8,0.241,0.844,0.874,0.93,0.435,0.614,0.752,0.823,0.611;aaaaaaaaa;
a;0.0706,0.739,0.766,0.702,0.959,0.771,0.461,0.826,0.573,0.718;aaaa;
a;0.419,0.06,0.87,0.905,0.927,0.111,0.96,0.924,0.161,0.558;aaaaaaaa;
a;0.627,0.482,0.741,0.764,0.871,0.749,0.995,0.415,0.505,0.0879;aaaaaaaa;
a;0.89,0.509,0.242,0.686,0.515,0.938,0.119,0.191,0.944,0.417;aaaa;
a;0.66,0.127,0.813,0.497,0.109,0.0372,0.585,0.238,0.355,0.723;aaaaaaaa;
a;0.186,0.756,0.367,0.664,0.378,0.228,0.483,0.341,0.901,0.206;aaaaaaaa;
a;0.00575,0.933,0.00864,0.776,0.0296,0.885,0.19,0.0489,0.378,0.555;aaaaaa;
a;0.564,0.538,0.552,0.858,0.951,0.272,0.313,0.245,0.766,0.476;aaaaa;
a;0.543,0.833,0.871,0.129,0.931,0.0997,0.765,0.576,0.0221,0.682;aaaaaa;
a;0.429,0.916,0.73,0.181,0.0232,0.463,0.108,0.836,0.521,0.327;aaaaaaa;
a;0.337,0.298,0.783,0.311,0.326,0.732,0.728,0.202,0.947,0.826;aaaaa;
a;0.529,0.337,0.069,0.382,0.398,0.241,0.854,0.214,0.964,0.623;aaaaaaaaa;
a;0.457,0.894,0.597,0.242,0.588,0.218,0.0673,0.494,0.854,0.195;aaaaaaa;
a;0.178,0.774,0.274,0.689,0.82,0.857,0.606,0.0845,0.34,0.101;aaaaaaaaa;
a;0.0781,0.738,0.632,0.308,0.71,0.772,0.465,0.312,0.339,0.507;aaaaaa;
a;0.707,0.0575,0.314,0.806,0.0433,0.301,0.398,0.0258,0.871,0.296;aaaaaaaa;
a;0.0013,0.131,0.0135,0.0654,0.188,0.192,0.255,0.483,0.261,0.123;aaaaaaaa;
a;0.869,0.637,0.947,0.294,0.714,0.985,0.29,0.856,0.247,0.245;aaaaa;
a;0.873,0.988,0.338,0.16,0.697,0.864,0.456,0.542,0.439,0.483;aaa;
a;0.211,0.155,0.287,0.954,0.9,0.014,0.393,0.768,0.916,0.93;aaa;
a;0.59,0.341,0.185,0.701,0.408,0.00147,0.373,0.936,0.41,0.5;aaaaaaaa;
a;0.0261,0.534,0.736,0.176,0.706,0.341,0.242,0.556,0.985,0.481;aaa;
a;0.507,0.519,0.896,0.912,0.199,0.68,0.275,0.0417,0.702,0.231;aaaa;
a;0.334,0.951,0.0265,0.85,0.207,0.992,0.508,0.125,0.0416,0.259;aaa;
a;0.623,0.611,0.101,0.862,0.529,0.49,0.42,0.462,0.766,0.906;aaaaaaaa;
a;0.747,0.512,0.528,0.341,0.882,0.142,0.34,0.958,0.071,0.81;aaaaaaaa;
a;0.703,0.543,0.239,0.144,0.391,0.148,0.156,0.454,0.339,0.642;aaaaa;
a;0.324,0.871,0.0925,0.829,0.19,0.839,0.374,0.0327,0.64,0.826;aaaaaaaa;
a;0.279,0.777,0.193,0.443,0.248,0.968,0.761,0.757,0.836,0.759;aaa;
a;0.317,0.212,0.624,0.629,0.542,0.447,0.478,0.749,0.626,0.464;aaa;
a;0.761,0.909,0.00149,0.997,0.683,0.141,0.336,0.0257,0.209,0.628;a;
a;0.0109,0.207,0.718,0.196,0.994,0.306,0.412,0.954,0.696,0.571;aaaaaa;
a;0.286,0.0392,0.0836,0.697,0.648,0.621,0.99,0.505,0.0177,0.293;a;
a;0.731,0.495,0.167,0.835,0.192,0.62,0.745,0.776,0.0198,0.847;aaaaaaaaaa;
a;0.207,0.43,0.16,0.806,0.402,0.895,0.896,0.109,0.108,0.641;aaaaaaa;
a;0.809,0.0961,0.519,0.398,0.415,0.481,0.845,0.855,0.169,0.945;aaaa;
a;0.958,0.0568,0.599,0.596,0.539,0.00433,0.276,0.849,0.647,0.738;aaaa;
a;0.0057,0.978,0.889,0.803,0.648,0.495,0.396,0.0451,0.0607,0.169;aaaa;
a;0.873,0.513,0.853,0.661,0.775,0.333,0.843,0.205,0.614,0.392;a;
a;0.773,0.665,0.0969,0.746,0.0176,0.974,0.378,0.693,0.519,0.102;aaaaaa;
a;0.122,0.0128,0.189,0.509,0.0604,0.326,0.731,0.885,0.433,0.236;aaaaa;
a;0.914,0.612,0.873,0.0159,0.402,0.466,0.654,0.721,0.213,0.0563;aaaaaaaaa;
a;0.385,0.142,0.417,0.37,0.0897,0.00359,0.00259,0.932,0.196,0.166;aaaaaaaaaa;
a;0.994,0.535,0.372,0.828,0.682,0.247,0.635,0.638,0.816,0.373;aaaaaaa;
a;0.971,0.381,0.699,0.729,0.0637,0.0743,0.636,0.281,0.312,0.885;aaa;
a;0.672,0.965,0.411,0.157,0.778,0.795,0.575,0.148,0.0325,0.604;aaaaaaaaaa;
a;0.108,0.916,0.778,0.979,0.802,0.24,0.423,0.398,0.519,0.483;aaaa;
a;0.968,0.0837,0.194,0.719,0.874,0.81,0.126,0.869,0.00806,0.728;a;
a;0.791,0.125,0.39,0.722,0.428,0.088,0.629,0.629,0.826,0.773;aaaaaa;
a;0.321,0.561,0.0703,0.885,0.735,0.278,0.816,0.355,0.279,0.481;a;
a;0.00582,0.24,0.477,0.918,0.322,0.777,0.0914,0.0169,0.899,0.252;aaaaa;
a;0.957,0.146,0.103,0.704,0.588,0.662,0.942,0.958,0.0607,0.749;aaa;
a;0.974,0.616,0.0597,0.645,0.95,0.959,0.615,0.95,0.837,0.0925;a;
a;0.729,0.862,0.124,0.98,0.119,0.605,0.901,0.423,0.887,0.489;aaa;
a;0.686,0.412,0.297,0.0662,0.83,0.676,0.0549,0.00939,0.141,0.248;a;
a;0.803,0.936,0.597,0.276,0.0438,0.733,0.41,0.768,0.916,0.749;aaaaaaaaaa;
a;0.212,0.0523,0.875,0.793,0.301,0.255,0.817,0.0791,0.448,0.305;aaa;
a;0.275,0.0836,0.361,0.689,0.433,0.238,0.585,0.691,0.225,0.164;aaaaaaa;
a;1,0.207,0.91,0.237,0.98,0.56,0.313,0.213,0.561,0.957;a;
a;0.425,0.13,0.131,0.783,0.534,0.914,0.75,0.0456,0.138,0.743;aaaaaaaa;
a;0.979,0.355,0.817,0.841,0.348,0.348,0.461,0.279,0.492,0.922;aa;
a;0.897,0.261,0.827,0.87,0.74,0.619,0.213,0.928,0.972,0.961;aaaaaaaa;
a;0.486,0.946,0.952,0.985,0.365,0.799,0.4,0.853,0.21,0.117;aaaaa;
a;0.186,0.255,0.711,0.633,0.427,0.122,0.0308,0.499,0.855,1;aaaaaaaa;
a;0.692,0.289,0.946,0.237,0.152,0.737,0.92,0.286,0.866,0.0756;aaaaaaaaa;
a;0.842,0.578,0.242,0.388,0.168,0.202,0.694,0.0918,0.0567,0.756;aa;
a;0.285,0.509,0.524,0.913,0.134,0.0725,0.418,0.738,0.609,0.00865;a;
a;0.44,0.0371,0.707,0.211,0.0874,0.726,0.732,0.556,0.352,0.0193;aaaaaaa;
a;0.161,0.872,0.607,0.196,0.53,0.648,0.0636,0.678,0.36,0.28;a;
a;0.706,0.874,0.518,0.174,0.402,0.916,0.451,0.849,0.223,0.676;a;
a;0.707,0.4,0.152,0.0725,0.775,0.236,0.637,0.893,0.235,0.719;aaaaaaaaaa;
a;0.853,0.381,0.697,0.35,0.0968,0.888,0.153,0.0264,0.107,0.771;aaaaaaaaaa;
a;0.479,0.956,0.311,0.593,0.721,0.363,0.00702,0.245,0.852,0.624;aaaaaaaaa;
a;0.0258,0.607,0.555,0.469,0.55,0.896,0.375,0.934,0.602,0.2;aaaaaa;
a;0.765,0.71,0.942,0.423,0.378,0.827,0.429,0.61,0.682,0.246;aa;
a;0.36,0.1,0.744,0.774,0.816,0.674,0.922,0.795,0.526,0.802;a;
a;0.105,0.177,0.181,0.912,0.153,0.591,0.219,0.622,0.234,0.68;aaaaaaa;
a;0.0302,0.686,0.806,0.844,0.724,0.79,0.228,0.654,0.461,0.285;a;
a;0.171,0.355,0.806,0.533,0.559,0.706,0.273,0.276,0.0505,0.22;aaaaaaaa;
a;0.291,0.199,0.239,0.239,0.639,0.415,0.413,0.97,0.247,0.662;aaa;
a;0.358,0.848,0.349,0.982,0.558,0.82,0.508,0.124,1,0.0935;aaaaaaaaaa;
a;0.506,0.176,0.264,0.318,0.0245,0.713,0.613,0.689,0.167,0.267;aaaa;
a;0.432,0.642,0.591,0.337,0.534,0.712,0.0506,0.835,0.193,0.939;aaaaaaaaa;
a;0.134,0.814,0.609,0.93,0.932,0.422,0.249,0.287,0.0394,0.605;aaaaa;
a;0.127,0.742,0.663,0.885,0.333,0.507,0.075,0.103,0.558,0.931;aa;
a;0.217,0.931,0.833,0.255,0.0651,0.871,0.547,0.632,0.322,0.865;aaaaaaaaa;
a;0.966,0.841,0.483,0.785,0.636,0.433,0.119,0.31,0.692,0.322;aaaaaaa;
a;0.697,0.653,0.807,0.984,0.502,0.277,0.886,0.891,0.437,0.089;aaa;
a;0.923,0.0372,0.766,0.218,0.682,0.146,0.534,0.421,0.225,0.864;aaaaaaaa;
a;0.373,0.33,0.527,0.589,0.717,0.00568,0.65,0.687,0.68,0.82;aaaaaaa;
a;0.752,0.0134,0.888,0.29,0.705,0.122,0.921,0.59,0.364,0.806;aaaaaa;
a;0.586,0.726,0.978,0.342,0.0618,0.234,0.791,0.235,0.384,0.667;aaa;
a;0.68,0.435,0.991,0.2,0.535,0.708,0.932,0.759,0.9,0.83;aa;
a;0.00333,0.461,0.82,0.803,0.743,0.866,0.197,0.785,0.094,0.472;aaaaaaaa;
a;0.695,0.126,0.409,0.0305,0.643,0.603,0.15,0.952,0.174,0.15;a;
a;0.794,0.402,0.414,0.156,0.207,0.292,0.0475,0.297,0.632,0.176;aaaa;
a;0.594,0.965,0.956,0.996,0.49,0.49,0.67,0.0583,0.162,0.461;a;
a;0.868,0.667,0.84,0.93,0.932,0.799,0.148,0.488,0.1,0.783;aaaaaaa;
a;0.88,0.421,0.507,0.533,0.707,0.53,0.298,0.815,0.919,0.147;aaaaaa;
a;0.355,0.806,0.12,0.577,0.653,0.38,0.844,0.138,0.743,0.284;aaaaaaaa;
a;0.718,0.0442,0.742,0.592,0.884,0.255,0.857,0.255,0.936,0.71;a;
a;0.0147,0.928,0.91,0.767,0.949,0.489,0.543,0.139,0.26,0.635;aaaaaa;
a;0.471,0.00151,0.95,0.267,0.113,0.97,0.674,0.672,0.868,0.222;a;
a;0.329,0.608,0.89,0.786,0.208,0.182,0.311,0.708,0.611,0.623;aaaaaaaaa;
a;0.31,0.139,0.172,0.382,0.539,0.3,0.893,0.0394,0.951,0.692;aaa;
a;0.695,0.63,0.0878,0.64,0.615,0.256,0.839,0.125,0.27,0.223;aaaaaaaaaa;
a;0.38,0.561,0.465,0.731,0.458,0.717,0.211,0.43,0.0577,0.497;aaaaaaa;
a;0.482,0.657,0.561,0.399,0.129,0.944,0.398,0.622,0.714,0.734;a;
a;0.0597,0.634,0.623,0.179,0.864,0.0042,0.407,0.128,0.727,0.0167;aaaaaa;
a;0.59,0.556,0.532,0.972,0.0584,0.289,0.297,0.459,0.928,0.42;aaaaaaa;
a;0.0237,0.915,0.191,0.307,0.668,0.451,0.255,0.548,0.467,0.14;aaaa;
a;0.618,0.244,0.575,0.303,0.243,0.71,0.684,0.886,0.181,0.435;aaaaaaa;
a;0.00376,0.723,0.597,0.367,0.634,0.103,0.885,0.679,0.0996,0.0411;aa;
a;0.785,0.469,0.592,0.00371,0.701,0.587,0.664,0.819,0.0215,0.446;aaaaaaaaa;
a;0.29,0.631,0.992,0.891,0.351,0.731,0.0584,0.267,0.115,0.906;aaaaaa;
a;0.273,0.266,0.556,0.46,0.726,0.961,0.0552,0.822,0.866,0.085;aaaaaaa;
a;0.751,0.0725,0.379,0.196,0.937,0.0412,0.265,0.476,0.529,0.633;aaaaaaaaaa;
a;0.48,0.196,0.674,0.185,0.716,0.994,0.233,0.873,0.592,0.41;aaaaaaaa;
a;0.129,0.847,0.727,0.122,0.843,0.546,0.615,0.00518,0.749,0.966;aaaa;
a;0.6,0.506,0.863,0.682,0.97,0.642,0.37,0.169,0.517,0.693;aaa;
a;0.714,0.263,0.443,0.000772,0.0623,0.89,0.861,0.0724,0.25,0.0565;a;
a;0.0339,0.513,0.222,0.0936,0.347,0.255,0.76,0.106,0.969,0.0302;aaaaaaa;
a;0.763,0.628,0.618,0.324,0.264,0.0604,0.486,0.951,0.46,0.632;aaa;
a;0.413,0.00431,0.727,0.532,0.887,0.337,0.269,0.269,0.361,0.812;aaaaaa;
a;0.0286,0.48,0.673,0.124,0.933,0.871,0.103,0.543,0.855,0.654;aaaaaaa;
a;0.386,0.819,0.28,0.304,0.735,0.348,0.701,0.804,0.218,0.31;aaa;
a;0.746,0.594,0.703,0.788,0.884,0.645,0.319,0.746,0.931,0.243;aaaaaaaa;
a;0.335,0.978,0.291,0.631,0.139,0.546,0.157,0.903,0.147,0.973;aaa;
a;0.497,0.732,0.122,0.722,0.596,0.774,0.425,0.0504,0.418,0.639;aaaaa;
a;0.254,0.685,0.609,0.905,0.398,0.0869,0.116,0.667,0.728,0.655;aaaaaaaaa;
a;0.559,0.665,0.142,0.73,0.571,0.0225,0.823,0.632,0.407,0.119;aaaaaa;
a;0.058,0.358,0.818,0.776,0.809,0.576,0.0539,0.655,0.188,0.109;aaaa;
a;0.301,0.806,0.651,0.98,0.138,0.696,0.573,0.104,0.931,0.637;aaaaaaaaaa;
a;0.742,0.943,0.774,0.0195,0.29,0.615,0.352,0.712,0.511,0.0317;a;
a;0.685,0.157,0.359,0.476,0.229,0.0872,0.939,0.891,0.9,0.14;aaa;
a;0.081,0.0447,0.636,0.584,0.0464,0.368,0.0143,0.373,0.778,0.82;aaaaa;
a;0.093,0.765,0.693,0.0736,0.0442,0.674,0.918,0.909,0.859,0.553;aaaa;
a;0.892,0.862,0.254,0.301,0.847,0.671,0.505,0.656,0.131,0.591;aaa;
a;0.0765,0.695,0.552,0.719,0.032,0.0968,0.755,0.0712,0.855,0.798;aaaa;
a;0.023,0.703,0.848,0.505,0.442,0.241,0.0638,0.719,0.0428,0.973;aaaaaaa;
a;0.999,0.361,0.118,0.464,0.506,0.774,0.352,0.659,0.683,0.867;aaaaaaaa;
a;0.599,0.949,0.448,0.328,0.878,0.758,0.894,0.289,1,0.402;aaaaaaa;
a;0.417,0.178,0.191,0.225,0.436,0.308,0.368,0.937,0.908,0.649;aaaaaaaa;
a;0.285,0.894,0.0972,0.387,0.199,0.0836,0.928,0.0779,0.16,0.399;aaaaaaaaaa;
a;0.48,0.694,0.0668,0.139,0.315,0.824,0.791,0.484,0.341,0.945;aaa;
a;0.366,0.227,0.522,0.0883,0.258,0.697,0.929,0.161,0.676,0.826;a;
a;0.669,0.136,0.621,0.167,0.655,0.194,0.64,0.402,0.171,0.755;aaaaaaaa;
a;0.585,0.214,0.806,0.943,0.036,0.168,0.113,0.457,0.729,0.264;a;
a;0.251,0.564,0.129,0.399,0.334,0.958,0.401,0.412,0.694,0.752;aaaaaaa;
a;0.0328,0.414,0.00496,0.0769,0.277,0.0886,0.55,0.552,0.0785,0.186;aaa;
a;0.435,0.543,0.886,0.0587,0.354,0.403,0.109,0.402,0.181,0.711;aaaaa;
a;0.471,0.517,0.164,0.657,0.589,0.392,0.439,0.337,0.705,0.662;a;
a;0.0941,0.241,0.532,0.47,0.105,0.0837,0.655,0.648,0.891,0.168;aa;
a;0.549,0.744,0.142,0.411,0.186,0.193,0.142,0.142,0.76,0.952;aaaaaaa;
a;0.881,0.594,0.51,0.323,0.902,0.428,0.651,0.0948,0.654,0.27;aaaaaa;
a;0.277,0.18,0.756,0.492,0.529,0.438,0.704,0.796,0.497,0.846;aaaaa;
a;0.413,0.0882,0.00869,0.134,0.00589,0.994,0.674,0.479,0.625,0.96;a;
a;0.196,0.194,0.692,0.971,0.241,0.491,0.335,0.492,0.275,0.138;aa;
a;0.47,0.91,0.586,0.44,0.0877,0.173,0.707,0.109,1,0.522;a;
a;0.917,0.797,0.936,0.645,0.335,0.947,0.514,0.589,0.906,0.276;aaaaaaa;
a;0.516,0.351,0.545,0.0734,0.345,0.592,0.685,0.776,0.503,0.297;aaaaaaa;
a;0.855,0.307,0.308,0.812,0.92,0.567,0.464,0.288,0.147,0.831;aaaaaaaaa;
a;0.171,0.168,0.477,0.982,0.905,0.883,0.501,0.609,0.161,0.358;aaaaaaa;
a;0.853,0.0145,0.0027,0.017,0.175,0.179,0.989,0.275,0.184,0.675;aaaaaaa;
a;0.739,0.523,0.0662,0.381,0.752,0.925,0.287,0.262,0.379,0.97;aaaa;
a;0.546,0.681,0.914,0.355,0.526,0.311,0.565,0.086,0.291,0.541;aaaaaaaaa;
a;0.00301,0.211,0.656,0.638,0.329,0.702,0.144,0.57,0.37,0.0213;aaaa;
a;0.873,0.518,0.837,0.553,0.335,0.398,0.377,0.796,0.491,0.745;aaaaaaaaa;
a;0.197,0.931,0.788,0.711,0.661,0.772,0.886,0.112,0.494,0.535;aaaa;
a;0.79,0.24,0.458,0.0739,0.249,0.759,0.28,0.541,0.596,0.741;aaaaaaaaa;
a;0.109,0.799,0.597,0.32,0.769,0.962,0.0785,0.0268,0.509,0.301;aa;
a;0.351,0.355,0.786,0.239,0.747,0.208,0.951,0.136,0.938,0.602;a;
a;0.156,0.802,0.248,0.607,0.862,0.297,0.507,0.594,0.151,0.609;aaa;
a;0.805,0.196,0.635,0.523,0.343,0.14,0.965,0.198,0.347,0.391;aa;
a;0.128,0.628,0.588,0.0468,0.365,0.25,0.0655,0.73,0.898,0.86;aaaaa;
a;0.571,0.476,0.497,0.0354,0.167,0.903,0.566,0.4,0.315,0.0331;aaa;
a;0.4,0.149,0.883,0.688,0.589,0.128,0.164,0.521,0.423,0.151;aaaaaa;
a;0.0873,0.166,0.851,0.899,0.0018,0.219,0.601,0.432,0.453,0.348;aaaaaa;
a;0.263,0.817,0.456,0.56,0.165,0.998,0.356,0.24,0.167,0.126;a;
a;0.807,0.326,0.0845,0.129,0.9,0.763,0.668,0.589,0.49,0.255;aaaaaa;
a;0.536,0.899,0.851,0.353,0.0887,0.824,0.542,0.247,0.434,0.778;aaaaa;
a;0.731,0.82,0.776,0.255,0.759,0.306,0.205,0.838,0.988,0.369;aaa;
a;0.188,0.207,0.179,0.688,0.891,0.402,0.57,0.308,0.147,0.82;aa;
a;0.36,0.889,0.338,0.177,0.77,0.565,0.394,0.28,0.736,0.938;aaaaaaaaaa;
a;0.222,0.737,0.0928,0.934,0.394,0.872,0.617,0.322,0.596,0.302;aaaaaaaa;
a;0.733,0.935,0.709,0.418,0.607,0.175,0.94,0.913,0.0671,0.492;aaaaaaaaaa;
a;0.283,0.0789,0.445,0.908,0.999,0.257,0.856,0.343,0.605,0.54;aaaaaa;
a;0.127,0.419,0.8,0.11,0.177,0.604,0.781,0.0129,0.168,0.025;aaaaaa;
a;0.531,0.954,0.0333,0.546,0.166,0.171,0.201,0.317,0.476,0.82;aaaaaaaa;
a;0.107,0.000402,0.25,0.144,0.6,0.883,0.873,0.75,0.843,0.548;aaaa;
a;0.0234,0.922,0.909,0.759,0.627,0.477,0.597,0.482,0.267,0.79;aa;
a;0.33,0.939,0.264,0.757,0.637,0.207,0.978,0.633,0.441,0.561;aaaa;
a;0.869,0.0851,0.251,0.25,0.176,0.657,0.202,0.61,0.934,0.427;aaaa;
a;0.831,0.109,0.563,0.839,0.687,0.204,0.592,0.781,0.0422,0.174;aaaaaaa;
a;0.101,0.605,0.99,0.149,0.977,0.926,0.107,0.0929,0.273,0.61;aaaa;
a;0.587,0.602,0.0591,0.778,0.232,0.073,0.84,0.539,0.548,0.71;aa;
a;0.0437,0.723,0.444,0.417,0.436,0.217,0.62,0.807,0.843,0.456;aa;
a;0.101,0.32,0.572,0.908,0.843,0.843,0.211,0.75,0.985,0.637;aaaaa;
a;0.473,0.0701,0.546,0.404,0.239,0.0685,0.159,0.613,0.627,0.116;a;
a;0.963,0.869,0.144,0.216,0.636,0.684,0.572,0.287,0.948,0.633;aaaaaaaa;
a;0.849,0.533,0.731,0.508,0.327,0.938,0.48,0.61,0.619,0.765;aaaaaaa;
a;0.0408,0.693,0.207,0.466,0.526,0.379,0.0163,0.382,0.545,0.659;aaa;
a;0.532,0.372,0.735,0.486,0.519,0.747,0.777,0.214,0.171,0.3;aaaaa;
a;0.339,0.237,0.708,0.274,0.771,0.705,0.888,0.501,0.587,0.435;aaaaaaaaaa;
a;0.132,0.422,0.146,0.607,0.253,0.707,0.777,0.537,0.233,0.716;aaaaaaaaaa;
a;0.331,0.525,0.928,0.888,0.234,0.716,0.875,0.117,0.837,0.703;aaaaaaaaaa;
a;0.602,0.588,0.0769,0.477,0.889,0.677,0.626,0.612,0.236,0.12;aaaaaaaaa;
a;0.0692,0.75,0.355,0.221,0.87,0.221,0.527,0.633,0.371,0.347;aaaaaaaa;
a;0.752,0.462,0.9,0.519,0.413,0.28,0.982,0.783,0.291,0.95;aaaaa;
a;0.505,0.824,0.151,0.347,0.215,0.702,0.31,0.0761,0.121,0.432;aaaaaaaa;
a;0.0674,0.0479,0.023,0.42,0.486,0.471,0.019,0.283,0.555,0.464;aaaa;
a;0.801,0.704,0.991,0.425,0.754,0.97,0.336,0.791,0.339,0.045;aaaa;
a;0.695,0.46,0.171,0.317,0.327,0.459,0.084,0.00115,0.653,0.987;aaaaaa;
a;0.254,0.301,0.399,0.621,0.793,0.85,0.102,0.758,0.119,0.899;aaaaaaaaa;
a;0.355,0.244,0.214,0.00867,0.72,0.575,0.0267,0.845,0.0375,0.174;aaaaaa;
a;0.649,0.467,0.729,0.693,0.484,0.784,0.656,0.955,0.638,0.266;aaa;
a;0.762,0.0366,0.149,0.606,0.578,0.471,0.244,0.954,0.385,0.0734;aaaa;
a;0.648,0.556,0.387,0.955,0.442,0.424,0.0794,0.875,0.187,0.64;a;
a;0.6,0.393,0.559,0.132,0.00865,0.601,0.0701,0.49,0.0781,0.357;aaa;
a;0.176,0.502,0.22,0.23,0.913,0.235,0.581,0.396,0.674,0.227;aaaaaaaaaa;
a;0.311,0.447,0.638,0.842,0.547,0.234,0.878,0.703,0.592,0.433;aaaa;
a;0.0989,0.835,0.369,0.562,0.795,0.0265,0.326,0.364,0.817,0.36;aaaaa;
a;0.0984,0.402,0.108,0.0741,0.464,0.642,0.0381,0.729,0.538,0.0967;aaaaaaaaaa;
a;0.349,0.42,0.454,0.789,0.135,0.369,0.731,0.824,0.552,0.391;a;
a;0.531,0.938,0.67,0.423,0.989,0.317,0.00515,0.624,0.539,0.791;aaaaaaaaaa;
a;0.559,0.231,0.593,0.301,0.871,0.374,0.733,0.385,0.0734,0.312;a;
a;0.734,0.383,0.996,0.647,0.0307,0.413,0.941,0.311,0.513,0.831;a;
a;0.362,0.149,0.839,0.361,0.958,0.885,0.922,0.352,0.584,0.777;aaaaaaa;
a;0.764,0.493,0.412,0.935,0.447,0.781,0.324,0.326,0.054,0.512;aaaaaaaaaa;
a;0.444,0.159,0.421,0.514,0.933,0.962,0.899,0.897,0.88,0.772;a;
a;0.713,0.738,0.419,0.724,0.743,0.757,0.861,0.777,0.0713,0.168;aaaaaaaa;
a;0.172,0.857,0.791,0.0708,0.709,0.901,0.143,0.911,0.383,0.247;aaa;
a;0.0338,0.333,0.452,0.00877,0.0732,0.617,0.617,0.591,0.0708,0.0783;aa;
a;0.0305,0.835,0.335,0.589,0.331,0.578,0.606,0.198,0.82,0.0153;aaaaaaa;
a;0.28,0.0713,0.471,0.0358,0.0632,0.982,0.329,0.321,0.442,0.816;aaa;
a;0.536,0.517,0.291,0.154,0.81,0.376,0.709,0.411,0.538,0.884;aaa;
a;0.876,0.172,0.74,0.436,0.72,0.943,0.544,0.4,0.898,0.12;aaaa;
a;0.597,0.716,0.129,0.725,0.194,0.59,0.77,0.714,0.297,0.606;aaa;
a;0.973,0.0605,0.185,0.565,0.812,0.568,0.343,0.63,0.514,0.427;aaa;
a;0.229,0.85,0.365,0.484,0.925,0.896,0.214,0.354,0.363,0.0725;aaaaaaaaa;
a;0.587,0.648,0.239,0.552,0.176,0.255,0.145,0.407,0.0449,0.839;aaa;
a;0.972,0.118,0.712,0.242,0.256,0.289,0.332,0.953,0.539,0.277;a;
a;0.933,0.594,0.952,0.506,0.116,0.0373,0.66,0.307,0.742,0.984;aaaaa;
a;0.195,0.719,0.328,0.136,0.979,0.58,0.999,0.351,0.647,0.639;aaaaaaaa;
a;0.316,0.16,0.0778,0.116,0.784,0.731,0.647,0.611,0.228,0.582;aaaaaaaaa;
a;0.763,0.627,0.854,0.446,0.293,0.474,0.498,0.815,0.37,0.0976;aaaa;
a;0.103,0.0378,0.158,0.00526,0.936,0.756,0.318,0.874,0.271,0.107;aaaaaaaa;
a;0.933,0.594,0.952,0.506,0.116,0.0373,0.66,0.307,0.742,0.984;aaaaaaa;
a;0.195,0.719,0.328,0.136,0.979,0.58,0.999,0.351,0.647,0.639;aaaaaaaaa;
a;0.316,0.16,0.0778,0.116,0.784,0.731,0.647,0.611,0.228,0.582;aaa;
a;0.763,0.627,0.854,0.446,0.293,0.474,0.498,0.815,0.37,0.0976;aaaaaaaaaa;
a;0.103,0.0378,0.158,0.00526,0.936,0.756,0.318,0.874,0.271,0.107;aaaaa;
a;0.933,0.594,0.952,0.506,0.116,0.0373,0.66,0.307,0.742,0.984;aaaaaaaaaa;
a;0.195,0.719,0.328,0.136,0.979,0.58,0.999,0.351,0.647,0.639;aa;
a;0.316,0.16,0.0778,0.116,0.784,0.731,0.647,0.611,0.228,0.582;a;
a;0.763,0.627,0.854,0.446,0.293,0.474,0.498,0.815,0.37,0.0976;aaaaaaaaa;
a;0.103,0.0378,0.158,0.00526,0.936,0.756,0.318,0.874,0.271,0.107;aaaaaaaaa;
a;0.933,0.594,0.952,0.506,0.116,0.0373,0.66,0.307,0.742,0.984;a;
a;0.195,0.719,0.328,0.136,0.979,0.58,0.999,0.351,0.647,0.639;aaaaaa;
a;0.316,0.16,0.0778,0.116,0.784,0.731,0.647,0.611,0.228,0.582;a;
a;0.763,0.627,0.854,0.446,0.293,0.474,0.498,0.815,0.37,0.0976;aaaaaaaaaa;
a;0.103,0.0378,0.158,0.00526,0.936,0.756,0.318,0.874,0.271,0.107;aaaa;
a;0.933,0.594,0.952,0.506,0.116,0.0373,0.66,0.307,0.742,0.984;aaaaa;
a;0.195,0.719,0.328,0.136,0.979,0.58,0.999,0.351,0.647,0.639;aa;
a;0.316,0.16,0.0778,0.116,0.784,0.731,0.647,0.611,0.228,0.582;aaaaa;
a;0.763,0.627,0.854,0.446,0.293,0.474,0.498,0.815,0.37,0.0976;aaa;
a;0.103,0.0378,0.158,0.00526,0.936,0.756,0.318,0.874,0.271,0.107;aaaaaa;
a;0.933,0.594,0.952,0.506,0.116,0.0373,0.66,0.307,0.742,0.984;a;
a;0.195,0.719,0.328,0.136,0.979,0.58,0.999,0.351,0.647,0.639;a;
a;0.316,0.16,0.0778,0.116,0.784,0.731,0.647,0.611,0.228,0.582;aaaa;
a;0.763,0.627,0.854,0.446,0.293,0.474,0.498,0.815,0.37,0.0976;aaaaaaa;
a;0.103,0.0378,0.158,0.00526,0.936,0.756,0.318,0.874,0.271,0.107;aaa;
a;0.933,0.594,0.952,0.506,0.116,0.0373,0.66,0.307,0.742,0.984;aaaaaaaa;
a;0.195,0.719,0.328,0.136,0.979,0.58,0.999,0.351,0.647,0.639;aaaa;
a;0.316,0.16,0.0778,0.116,0.784,0.731,0.647,0.611,0.228,0.582;aaaaa;
a;0.763,0.627,0.854,0.446,0.293,0.474,0.498,0.815,0.37,0.0976;aaaa;
a;0.103,0.0378,0.158,0.00526,0.936,0.756,0.318,0.874,0.271,0.107;aaaaaaaa;
a;0.933,0.594,0.952,0.506,0.116,0.0373,0.66,0.307,0.742,0.984;aaaaaaaaaa;
a;0.195,0.719,0.328,0.136,0.979,0.58,0.999,0.351,0.647,0.639;aa;
a;0.316,0.16,0.0778,0.116,0.784,0.731,0.647,0.611,0.228,0.582;aaaaaaa;
a;0.763,0.627,0.854,0.446,0.293,0.474,0.498,0.815,0.37,0.0976;aaaaaaaaa;
a;0.103,0.0378,0.158,0.00526,0.936,0.756,0.318,0.874,0.271,0.107;aa;
a;0.933,0.594,0.952,0.506,0.116,0.0373,0.66,0.307,0.742,0.984;aaaa;
a;0.195,0.719,0.328,0.136,0.979,0.58,0.999,0.351,0.647,0.639;aaa;
a;0.316,0.16,0.0778,0.116,0.784,0.731,0.647,0.611,0.228,0.582;aaaaaaa;
a;0.763,0.627,0.854,0.446,0.293,0.474,0.498,0.815,0.37,0.0976;aaaaaa;
a;0.103,0.0378,0.158,0.00526,0.936,0.756,0.318,0.874,0.271,0.107;aaaaaaa;
a;0.933,0.594,0.952,0.506,0.116,0.0373,0.66,0.307,0.742,0.984;aaaaa;
a;0.195,0.719,0.328,0.136,0.979,0.58,0.999,0.351,0.647,0.639;aaaaa;
a;0.316,0.16,0.0778,0.116,0.784,0.731,0.647,0.611,0.228,0.582;aaaaaaa;
a;0.763,0.627,0.854,0.446,0.293,0.474,0.498,0.815,0.37,0.0976;a;
a;0.103,0.0378,0.158,0.00526,0.936,0.756,0.318,0.874,0.271,0.107;a;
a;0.933,0.594,0.952,0.506,0.116,0.0373,0.66,0.307,0.742,0.984;aaaaa;
a;0.195,0.719,0.328,0.136,0.979,0.58,0.999,0.351,0.647,0.639;aa;
a;0.316,0.16,0.0778,0.116,0.784,0.731,0.647,0.611,0.228,0.582;aaaaaaaaa;
a;0.763,0.627,0.854,0.446,0.293,0.474,0.498,0.815,0.37,0.0976;aaa;
a;0.103,0.0378,0.158,0.00526,0.936,0.756,0.318,0.874,0.271,0.107;aaaa;
a;0.933,0.594,0.952,0.506,0.116,0.0373,0.66,0.307,0.742,0.984;aaaaa;
a;0.195,0.719,0.328,0.136,0.979,0.58,0.999,0.351,0.647,0.639;a;
a;0.316,0.16,0.0778,0.116,0.784,0.731,0.647,0.611,0.228,0.582;aaaaa;
a;0.763,0.627,0.854,0.446,0.293,0.474,0.498,0.815,0.37,0.0976;aaaaaaaaaa;
a;0.103,0.0378,0.158,0.00526,0.936,0.756,0.318,0.874,0.271,0.107;aaa;
a;0.933,0.594,0.952,0.506,0.116,0.0373,0.66,0.307,0.742,0.984;aaa;
a;0.195,0.719,0.328,0.136,0.979,0.58,0.999,0.351,0.647,0.639;aaaaaaaaa;
a;0.316,0.16,0.0778,0.116,0.784,0.731,0.647,0.611,0.228,0.582;aaa;
a;0.763,0.627,0.854,0.446,0.293,0.474,0.498,0.815,0.37,0.0976;aaaaa;
a;0.103,0.0378,0.158,0.00526,0.936,0.756,0.318,0.874,0.271,0.107;aaaaaaaaa;
a;0.933,0.594,0.952,0.506,0.116,0.0373,0.66,0.307,0.742,0.984;a;
a;0.195,0.719,0.328,0.136,0.979,0.58,0.999,0.351,0.647,0.639;aaaaaaaa;
a;0.316,0.16,0.0778,0.116,0.784,0.731,0.647,0.611,0.228,0.582;aaaaa;
a;0.763,0.627,0.854,0.446,0.293,0.474,0.498,0.815,0.37,0.0976;aaaaaaaaaa;
a;0.103,0.0378,0.158,0.00526,0.936,0.756,0.318,0.874,0.271,0.107;aaaaaaa;
a;0.933,0.594,0.952,0.506,0.116,0.0373,0.66,0.307,0.742,0.984;aaaaaaaaaa;
a;0.195,0.719,0.328,0.136,0.979,0.58,0.999,0.351,0.647,0.639;aaaaaaaaa;
a;0.316,0.16,0.0778,0.116,0.784,0.731,0.647,0.611,0.228,0.582;aaaaaaaa;
a;0.763,0.627,0.854,0.446,0.293,0.474,0.498,0.815,0.37,0.0976;aaaa;
a;0.103,0.0378,0.158,0.00526,0.936,0.756,0.318,0.874,0.271,0.107;aaaaaa;
a;0.933,0.594,0.952,0.506,0.116,0.0373,0.66,0.307,0.742,0.984;aaaaaa;
a;0.195,0.719,0.328,0.136,0.979,0.58,0.999,0.351,0.647,0.639;aaaaaaa;
a;0.316,0.16,0.0778,0.116,0.784,0.731,0.647,0.611,0.228,0.582;aaaaaaa;
a;0.763,0.627,0.854,0.446,0.293,0.474,0.498,0.815,0.37,0.0976;aaaaa;
a;0.103,0.0378,0.158,0.00526,0.936,0.756,0.318,0.874,0.271,0.107;a;
a;0.933,0.594,0.952,0.506,0.116,0.0373,0.66,0.307,0.742,0.984;aa;
a;0.195,0.719,0.328,0.136,0.979,0.58,0.999,0.351,0.647,0.639;aaaaaaaaaa;
a;0.316,0.16,0.0778,0.116,0.784,0.731,0.647,0.611,0.228,0.582;aaa;
a;0.763,0.627,0.854,0.446,0.293,0.474,0.498,0.815,0.37,0.0976;aa;
a;0.103,0.0378,0.158,0.00526,0.936,0.756,0.318,0.874,0.271,0.107;aaa;
a;0.933,0.594,0.952,0.506,0.116,0.0373,0.66,0.307,0.742,0.984;aa;
a;0.195,0.719,0.328,0.136,0.979,0.58,0.999,0.351,0.647,0.639;aaaaa;
a;0.316,0.16,0.0778,0.116,0.784,0.731,0.647,0.611,0.228,0.582;aaaaa;
a;0.763,0.627,0.854,0.446,0.293,0.474,0.498,0.815,0.37,0.0976;aaaaaa;
a;0.103,0.0378,0.158,0.00526,0.936,0.756,0.318,0.874,0.271,0.107;aaaa;
a;0.933,0.594,0.952,0.506,0.116,0.0373,0.66,0.307,0.742,0.984;aaaaaaaa;
a;0.195,0.719,0.328,0.136,0.979,0.58,0.999,0.351,0.647,0.639;aa;
a;0.316,0.16,0.0778,0.116,0.784,0.731,0.647,0.611,0.228,0.582;aaaaaaaaaa;
a;0.763,0.627,0.854,0.446,0.293,0.474,0.498,0.815,0.37,0.0976;a;
a;0.103,0.0378,0.158,0.00526,0.936,0.756,0.318,0.874,0.271,0.107;aaaaaaaa;
a;0.933,0.594,0.952,0.506,0.116,0.0373,0.66,0.307,0.742,0.984;aaaaaaa;
a;0.195,0.719,0.328,0.136,0.979,0.58,0.999,0.351,0.647,0.639;aa;
a;0.316,0.16,0.0778,0.116,0.784,0.731,0.647,0.611,0.228,0.582;aaaaaaa;
a;0.763,0.627,0.854,0.446,0.293,0.474,0.498,0.815,0.37,0.0976;aaaaa;
a;0.103,0.0378,0.158,0.00526,0.936,0.756,0.318,0.874,0.271,0.107;aaaaaaa;
a;0.933,0.594,0.952,0.506,0.116,0.0373,0.66,0.307,0.742,0.984;aaaaaaaaaa;
a;0.195,0.719,0.328,0.136,0.979,0.58,0.999,0.351,0.647,0.639;aaaaaaaaa;
a;0.316,0.16,0.0778,0.116,0.784,0.731,0.647,0.611,0.228,0.582;aaaaaaaaaa;
a;0.763,0.627,0.854,0.446,0.293,0.474,0.498,0.815,0.37,0.0976;aaaa;
a;0.103,0.0378,0.158,0.00526,0.936,0.756,0.318,0.874,0.271,0.107;aa;
a;0.933,0.594,0.952,0.506,0.116,0.0373,0.66,0.307,0.742,0.984;aaaaa;
a;0.195,0.719,0.328,0.136,0.979,0.58,0.999,0.351,0.647,0.639;aaaaaa;
a;0.316,0.16,0.0778,0.116,0.784,0.731,0.647,0.611,0.228,0.582;aaa;
a;0.763,0.627,0.854,0.446,0.293,0.474,0.498,0.815,0.37,0.0976;aaaaaaaaaa;
a;0.103,0.0378,0.158,0.00526,0.936,0.756,0.318,0.874,0.271,0.107;a;
a;0.933,0.594,0.952,0.506,0.116,0.0373,0.66,0.307,0.742,0.984;aaaaaaaa;
a;0.195,0.719,0.328,0.136,0.979,0.58,0.999,0.351,0.647,0.639;aaaaaaaa;
a;0.316,0.16,0.0778,0.116,0.784,0.731,0.647,0.611,0.228,0.582;aa;
a;0.763,0.627,0.854,0.446,0.293,0.474,0.498,0.815,0.37,0.0976;aaaaaa;
a;0.103,0.0378,0.158,0.00526,0.936,0.756,0.318,0.874,0.271,0.107;aaaaaaa;
a;0.933,0.594,0.952,0.506,0.116,0.0373,0.66,0.307,0.742,0.984;aaa;
a;0.195,0.719,0.328,0.136,0.979,0.58,0.999,0.351,0.647,0.639;aaaaaaaaa;
a;0.316,0.16,0.0778,0.116,0.784,0.731,0.647,0.611,0.228,0.582;a;
a;0.763,0.627,0.854,0.446,0.293,0.474,0.498,0.815,0.37,0.0976;aaaa;
a;0.103,0.0378,0.158,0.00526,0.936,0.756,0.318,0.874,0.271,0.107;aaaaaaaa;
a;0.933,0.594,0.952,0.506,0.116,0.0373,0.66,0.307,0.742,0.984;aaaaaaaaa;
a;0.195,0.719,0.328,0.136,0.979,0.58,0.999,0.351,0.647,0.639;aaaaa;
a;0.316,0.16,0.0778,0.116,0.784,0.731,0.647,0.611,0.228,0.582;aaaaaa;
a;0.763,0.627,0.854,0.446,0.293,0.474,0.498,0.815,0.37,0.0976;a;
a;0.103,0.0378,0.158,0.00526,0.936,0.756,0.318,0.874,0.271,0.107;aa;
