ATT0(float,1);ATT1(float,10);ATT2(string,10);
0.548;0.641,0.183,0.855,0.298,0.0499,0.577,0.583,0.503,0.746,0.954;aaaaaa;
0.729;0.502,0.144,0.446,0.224,0.225,0.255,0.297,0.973,0.353,0.779;aaaa;
0.884;0.414,0.0686,0.355,0.418,0.125,0.931,0.33,0.389,0.276,0.0186;a;
0.711;0.549,0.227,0.658,0.395,0.24,0.556,0.243,0.687,0.569,0.0446;aaaaa;
0.0212;0.773,0.718,0.368,0.202,0.6,0.523,0.499,0.00041,0.775,0.35;aaaaaaaaa;
0.79;0.588,0.967,0.43,0.000836,0.562,0.0322,0.786,0.876,0.247,0.307;aaaaaaaaa;
0.149;0.227,0.999,0.0915,0.0687,0.222,0.00343,0.827,0.751,0.194,0.0987;aaaaa;
0.0294;0.815,0.431,0.0551,0.473,0.26,0.646,0.707,0.198,0.216,0.2;aaaaaaa;
0.509;0.168,0.96,0.42,0.972,0.29,0.704,0.87,0.0158,0.57,0.192;aaaaaaaaaa;
0.628;0.494,0.241,0.577,0.719,0.957,0.712,0.383,0.204,0.637,0.259;aaaaaaaa;
0.223;0.836,0.934,0.715,0.334,0.355,0.146,0.437,0.26,0.334,0.352;aaa;
0.27;0.214,0.656,0.281,0.425,0.409,0.0231,0.932,0.171,0.0581,0.578;aa;
0.176;0.688,0.454,0.704,0.272,0.781,0.166,0.26,0.87,0.245,0.918;aa;
0.714;0.118,0.106,0.916,0.335,0.747,0.652,0.354,0.332,0.0713,0.00351;aaaaaaaa;
0.99;0.194,0.707,0.22,0.917,0.292,0.616,0.834,0.731,0.622,0.508;aaa;
0.945;0.638,0.794,0.0439,0.818,0.852,0.803,0.236,0.425,0.0197,0.771;aaaaaaa;
0.889;0.329,0.22,0.0806,0.969,0.962,0.667,0.415,0.625,0.932,0.274;aaaaaaaa;
0.171;0.778,0.69,0.84,0.507,0.328,0.536,0.789,0.183,0.942,0.474;aaaaaaaaaa;
0.51;0.314,0.514,0.336,0.547,0.534,0.419,0.689,0.581,0.803,0.162;aaaa;
0.868;0.396,0.0956,0.342,0.427,0.881,0.253,0.449,0.134,0.829,0.985;aaaaa;
0.697;0.471,0.79,0.724,0.189,0.46,0.401,0.774,0.766,0.205,0.786;aaa;
0.766;0.231,0.86,0.547,0.827,0.531,0.873,0.577,0.285,0.834,0.144;aaaaa;
0.147;0.756,0.898,0.18,0.453,0.74,0.308,0.074,0.975,0.81,0.0841;aa;
0.361;0.677,0.99,0.57,0.038,0.155,0.948,0.613,0.173,0.628,0.192;aaaaaaaaa;
0.0474;0.0762,0.757,0.137,0.788,0.904,0.454,0.607,0.983,0.3,0.194;aaaaa;
0.114;0.389,0.247,0.914,0.953,0.267,0.747,0.964,0.542,0.0622,0.342;aaaaaaaaa;
0.165;0.882,0.821,0.776,0.847,0.281,0.399,0.586,0.994,0.483,0.986;a;
0.885;0.51,0.168,0.17,0.0201,0.171,0.454,0.237,0.703,0.018,0.991;aaaaaaaaaa;
0.0927;0.582,0.934,0.166,0.503,0.526,0.286,0.414,0.397,0.00507,0.443;aaaa;
0.778;0.793,0.0308,0.973,0.7,0.478,0.124,0.645,0.0151,0.771,0.0422;aaaaa;
0.462;0.281,0.0958,0.816,0.421,0.912,0.147,0.555,0.371,0.08,0.04;a;
0.341;0.937,0.342,0.125,0.477,0.551,0.499,0.945,0.146,0.681,0.554;aaaaaaaaaa;
0.84;0.437,0.193,0.857,0.457,0.6,0.371,0.172,0.0915,0.163,0.304;aa;
0.177;0.156,0.0312,0.281,0.261,0.773,0.51,0.244,0.911,0.816,0.0288;aaaa;
0.432;0.274,0.28,0.849,0.0876,0.823,0.252,0.411,0.946,0.847,0.783;aaaaa;
0.737;0.639,0.476,0.855,0.543,0.121,0.51,0.475,0.746,0.492,0.54;aa;
0.971;0.876,0.194,0.000116,0.211,0.473,0.738,0.779,0.432,0.178,0.679;a;
0.652;0.561,0.373,0.578,0.943,0.978,0.665,0.841,0.757,0.684,0.507;aaaaaaaaaa;
0.163;0.444,0.166,0.546,0.159,0.0461,0.163,0.567,0.158,0.639,0.584;aaaaaaaa;
0.933;0.111,0.0321,0.0852,0.115,0.666,0.398,0.694,0.533,0.133,0.317;aaaaaaaa;
0.424;0.356,0.0764,0.486,0.642,0.291,0.761,0.077,0.484,0.387,0.236;aaa;
0.69;0.958,0.172,0.884,0.13,0.323,0.983,0.712,0.736,0.911,0.456;aaaaaaaaa;
0.947;0.994,0.808,0.783,0.645,0.341,0.181,0.785,0.0195,0.609,0.0359;aaaa;
0.558;0.407,0.324,0.419,0.164,0.0339,0.115,0.269,0.995,0.939,0.443;aaaaaaaaa;
0.436;0.39,0.856,0.386,0.617,0.854,0.486,0.275,0.347,0.7,0.884;aaaa;
0.854;0.301,0.722,0.192,0.862,0.0107,0.788,0.964,0.483,0.473,0.73;aaaaaaaa;
0.127;0.495,0.71,0.75,0.0575,0.0694,0.546,0.665,0.614,0.499,0.604;aaaaaaaa;
0.949;0.271,0.243,0.21,0.163,0.366,0.769,0.457,0.489,0.868,0.468;aaaaaaa;
0.236;0.788,0.494,0.953,0.158,0.385,0.946,0.31,0.334,0.364,0.278;aaaaaaa;
0.00992;0.893,0.964,0.17,0.539,0.953,0.311,0.4,0.339,0.785,0.46;aaaaaaaaa;
0.613;0.576,0.256,0.744,0.332,0.00161,0.194,0.504,0.101,0.45,0.102;aaa;
0.308;0.436,0.786,0.217,0.798,0.179,0.104,0.834,0.247,0.972,0.31;aa;
0.302;0.943,0.836,0.801,0.126,0.183,0.553,0.227,0.111,0.291,0.841;aaaaaaaaa;
0.052;0.585,0.691,0.218,0.831,0.428,0.439,0.563,0.722,0.0196,0.111;aaaaaaaaaa;
0.0251;0.637,0.119,0.125,0.469,0.353,0.466,0.113,0.334,0.718,0.348;aaaaaaaa;
0.42;0.315,0.344,0.635,0.962,0.533,0.00718,0.414,0.77,0.737,0.681;aa;
0.472;0.65,0.0631,0.434,0.518,0.694,0.0889,0.602,0.87,0.281,0.199;aaa;
0.243;0.756,0.786,0.127,0.973,0.333,0.155,0.977,0.816,0.296,0.512;a;
0.701;0.471,0.311,0.591,0.0211,0.193,0.495,0.217,0.284,0.855,0.627;aaaaaaaaaa;
0.434;0.782,0.364,0.162,0.544,0.384,0.103,0.905,0.346,0.832,0.541;aaaaaaaa;
0.0956;0.539,0.582,0.105,0.489,0.446,0.282,0.722,0.163,0.592,0.365;aaaaaa;
0.462;0.119,0.227,0.501,0.489,0.635,0.348,0.478,0.992,0.084,0.43;aa;
0.853;0.0727,0.186,0.213,0.573,0.0586,0.0154,0.633,0.86,0.141,0.266;aaaaaaaaa;
0.0565;0.89,0.568,0.358,0.878,0.357,0.854,0.525,0.32,0.0674,0.275;aaaaaaaaaa;
0.026;0.733,0.0755,0.2,0.612,0.0506,0.098,0.733,0.0484,0.0182,0.0519;aaa;
0.547;0.031,0.465,0.408,0.107,0.955,0.944,0.668,0.301,0.874,0.797;aaaa;
0.807;0.45,0.238,0.0221,0.892,0.0413,0.812,0.0241,0.775,0.0371,0.407;aaaa;
0.198;0.229,0.421,0.722,0.758,0.347,0.132,0.796,0.275,0.693,0.937;aaaa;
0.356;0.347,0.951,0.0264,0.745,0.297,0.466,0.947,0.479,0.149,0.835;aaaaaaa;
0.101;0.821,0.609,0.919,0.968,0.1,0.918,0.129,0.0655,0.888,0.0336;aaaaa;
0.474;0.785,0.249,0.912,0.0194,0.299,0.0667,0.0783,0.0162,0.574,0.0604;aa;
0.457;0.437,0.0485,0.35,0.552,0.916,0.355,0.933,0.297,0.773,0.103;aa;
0.327;0.0768,0.422,0.581,0.556,0.113,0.127,0.61,0.799,0.0344,0.63;aaaaaaaaa;
0.0838;0.157,0.432,0.396,0.234,0.184,0.201,0.894,0.824,0.522,0.46;aaa;
0.386;0.865,0.773,0.00867,0.322,0.504,0.0347,0.162,0.453,0.57,0.932;aaaa;
0.298;0.495,0.0302,0.432,0.96,0.391,0.727,0.0513,0.719,0.35,0.457;a;
0.321;0.956,0.852,0.384,0.287,0.594,0.667,0.671,0.164,0.399,0.884;a;
0.325;0.067,0.17,0.0523,0.619,0.575,0.788,0.199,0.901,0.0525,0.967;aa;
0.406;0.914,0.393,0.595,0.0898,0.361,0.23,0.464,0.242,0.985,0.695;aaaaaaaaa;
0.469;0.159,0.994,0.517,0.247,0.226,0.69,0.488,0.255,0.325,0.269;aaaaa;
0.592;0.386,0.769,0.544,0.561,0.522,0.558,0.0546,0.303,0.383,0.863;aaaa;
0.927;0.0364,0.229,0.0601,0.185,0.761,0.0643,0.12,0.808,0.0351,0.805;aaaa;
0.0233;0.555,0.329,0.305,0.995,0.921,0.767,0.584,0.0377,0.598,0.991;aaaaaaaa;
0.087;0.404,0.000389,0.411,0.625,0.741,0.392,0.323,0.129,0.967,0.51;aaaaa;
0.0226;0.245,0.428,0.0519,0.975,0.977,0.329,0.945,0.818,0.607,0.397;aaa;
0.608;0.21,0.497,0.91,0.821,0.816,0.277,0.99,0.503,0.198,0.908;aaaaa;
0.779;0.986,0.229,0.81,0.913,0.938,0.397,0.236,0.965,0.887,0.281;aaaaaaaa;
0.916;0.917,0.328,0.822,0.868,0.366,0.745,0.0604,0.11,0.653,0.202;aaaa;
0.367;0.845,0.418,0.999,0.628,0.479,0.123,0.313,0.396,0.0639,0.52;aa;
0.917;0.715,0.162,0.824,0.729,0.567,0.826,0.324,0.658,0.566,0.732;a;
0.362;0.832,0.223,0.935,0.144,0.465,0.169,0.421,0.378,0.969,0.925;aaaa;
0.0683;0.772,0.479,0.694,0.971,0.382,0.277,0.501,0.293,0.943,0.806;a;
0.469;0.616,0.899,0.205,0.581,0.315,0.789,0.0862,0.774,0.297,0.672;aaaaa;
0.135;0.491,0.99,0.74,0.736,0.0333,0.584,0.78,0.717,0.0512,0.111;aaaaaaaaaa;
0.493;0.765,0.691,0.391,0.294,0.528,0.102,0.417,0.323,0.678,0.341;aaaaa;
0.833;0.739,0.176,0.962,0.784,0.05,0.891,0.365,0.764,0.781,0.337;aaaa;
0.365;0.476,0.0525,0.289,0.0249,0.217,0.981,0.856,0.0082,0.648,0.959;aaaa;
0.144;0.263,0.308,0.697,0.225,0.746,0.711,0.556,0.572,0.479,0.757;aaaaaa;
0.0472;0.465,0.867,0.376,0.177,0.974,0.103,0.167,0.222,0.661,0.967;aa;
0.307;0.703,0.247,0.0986,0.802,0.657,0.273,0.643,0.888,0.93,0.843;aa;
0.535;0.611,0.892,0.747,0.229,0.256,0.896,0.336,0.221,0.938,0.999;aaaaaaa;
0.46;0.597,0.784,0.413,0.0243,0.472,0.631,0.362,0.718,0.701,0.265;aaaaaaaaaa;
0.244;0.127,0.308,0.981,0.495,0.377,0.718,0.647,0.0417,0.3,0.946;aaaaaaa;
0.242;0.283,0.453,0.697,0.976,0.938,0.0399,0.301,0.211,0.654,0.651;aaaaa;
0.0884;0.942,0.324,0.943,0.44,0.945,0.593,0.919,0.194,0.895,0.175;aaaaaa;
0.904;0.0271,0.299,0.716,0.269,0.51,0.574,0.749,0.996,0.954,0.146;aaa;
0.167;0.972,0.707,0.696,0.412,0.142,0.153,0.105,0.913,0.793,0.894;aaaaaaaaa;
0.829;0.91,0.808,0.262,0.368,0.975,0.316,0.424,0.526,0.374,0.247;aaaaa;
0.637;0.264,0.514,0.138,0.525,0.514,0.805,0.928,0.41,0.842,0.192;aaaaaaaaaa;
0.0424;0.58,0.301,0.848,0.148,0.0843,0.0985,0.472,0.862,0.594,0.448;aaa;
0.0186;0.881,0.541,0.718,0.0436,0.808,0.531,0.456,0.221,0.245,0.607;aa;
0.504;0.411,0.218,0.427,0.993,0.123,0.43,0.113,0.651,0.199,0.15;aaaa;
0.289;0.41,0.0769,0.991,0.496,0.333,0.539,0.277,0.944,0.665,0.483;aaaaa;
0.807;0.0675,0.618,0.33,0.738,0.173,0.00417,0.302,0.185,0.223,0.87;aaaaaaaaa;
0.471;0.339,0.561,0.49,0.591,0.88,0.486,0.138,0.446,0.899,0.0449;aaaaa;
0.823;0.901,0.964,0.95,0.914,0.314,0.163,0.0536,0.0987,0.718,0.726;aaaaaaaaaa;
0.0682;0.177,0.582,0.0624,0.92,0.398,0.435,0.39,0.374,0.484,0.761;a;
0.691;0.387,0.336,0.141,0.00665,0.438,0.457,0.359,0.55,0.833,0.457;aaaaaa;
0.156;0.0162,0.598,0.16,0.16,0.452,0.0534,0.412,0.328,0.26,0.729;aaaa;
0.289;0.904,0.231,0.0714,0.738,0.693,0.29,0.0453,0.326,0.978,0.71;a;
0.0986;0.28,0.333,0.328,0.843,0.514,0.144,0.169,0.411,0.895,0.731;aaaaaa;
0.714;0.572,0.193,0.316,0.812,0.723,0.993,0.263,0.273,0.975,0.485;aaaaaaaaaa;
0.626;0.246,0.447,0.479,0.402,0.681,0.497,0.514,0.143,0.734,0.941;a;
0.306;0.389,0.471,0.987,0.534,0.483,0.00895,0.265,0.44,0.752,0.2;aaa;
0.541;0.432,0.743,0.057,0.298,0.104,0.623,0.131,0.114,0.609,0.0232;aaaaaaa;
0.345;0.233,0.194,0.705,0.768,0.899,0.782,0.0267,0.356,0.444,0.332;aaaa;
0.264;0.165,0.939,0.366,0.856,0.343,0.666,0.94,0.0518,0.77,0.825;aa;
0.293;0.325,0.355,0.815,0.803,0.662,0.578,0.31,0.832,0.657,0.849;aaaaaa;
0.778;0.665,0.458,0.862,0.581,0.117,0.959,0.73,0.7,0.149,0.608;aaaaaaa;
0.268;0.0648,0.146,0.133,0.504,0.753,0.61,0.23,0.387,0.75,0.827;aaaaaaaa;
0.023;0.594,0.409,0.0697,0.657,0.769,0.694,0.866,0.608,0.178,0.479;aaaaaaa;
0.107;0.548,0.359,0.0555,0.655,0.582,0.0661,0.472,0.702,0.807,0.271;aaa;
0.801;0.515,0.668,0.663,0.321,0.769,0.655,0.61,0.959,0.828,0.816;aaaaaaaa;
0.00982;0.82,0.18,0.424,0.523,0.0804,0.676,0.537,0.592,0.526,0.504;aaaa;
0.135;0.672,0.219,0.836,0.052,0.0498,0.735,0.167,0.623,0.425,0.667;aaaaa;
0.897;0.396,0.186,0.824,0.163,0.421,0.663,0.319,0.775,0.195,0.176;aaaaaaa;
0.997;0.261,0.866,0.379,0.862,0.886,0.747,0.425,0.352,0.216,0.847;aaaaaaaaa;
0.517;0.129,0.653,0.862,0.26,0.783,0.0238,0.646,0.763,0.545,0.122;aaaa;
0.902;0.886,0.853,0.314,0.664,0.187,0.379,0.00733,0.155,0.361,0.829;aa;
0.396;0.55,0.766,0.636,0.759,0.0665,0.835,0.263,0.695,0.331,0.598;aaaaa;
0.881;0.689,0.357,0.738,0.917,0.172,0.784,0.296,0.233,0.607,0.412;aaaaa;
0.129;0.372,0.593,0.109,0.335,0.647,0.147,0.731,0.727,0.535,0.105;aaaaa;
0.545;0.741,0.00212,0.758,0.716,0.0525,0.702,0.199,0.689,0.396,0.616;aaaaa;
0.15;0.467,0.569,0.989,0.104,0.771,0.987,0.434,0.572,0.00298,0.421;aaaaaaaaaa;
0.928;0.835,0.154,0.0874,0.694,0.759,0.114,0.489,0.382,0.635,0.547;aaaaaaaa;
0.552;0.939,0.019,0.732,0.675,0.701,0.143,0.451,0.359,0.0257,0.323;aaa;
0.0259;0.728,0.532,0.126,0.894,0.373,0.0575,0.987,0.398,0.761,0.0561;aaa;
0.0874;0.223,0.868,0.107,0.167,0.31,0.578,0.379,0.31,0.82,0.218;aaaaaaa;
0.522;0.618,0.506,0.334,0.783,0.343,0.97,0.308,0.382,0.774,0.697;aaaaaaaaa;
0.119;0.704,0.0472,0.499,0.549,0.723,0.19,0.484,0.263,0.43,0.897;aaaaaaaaaa;
0.824;0.833,0.607,0.384,0.214,0.683,0.928,0.679,0.585,0.544,0.799;aaaaaaa;
0.864;0.72,0.837,0.165,0.776,0.308,0.255,0.995,0.354,0.878,0.0456;aa;
0.389;0.675,0.29,0.319,0.624,0.253,0.909,0.0241,0.34,0.799,0.337;aaa;
0.712;0.315,0.0665,0.935,0.377,0.947,0.669,0.974,0.837,0.628,0.763;aaaaaaaaaa;
0.913;0.418,0.329,0.201,0.642,0.02,0.876,0.788,0.528,0.378,0.675;aaaaaaaaa;
0.471;0.0599,0.443,0.419,0.262,0.773,0.00819,0.0734,0.585,0.279,0.136;aaaaaaaaaa;
0.501;0.791,0.249,0.119,0.907,0.638,0.315,0.468,0.208,0.471,0.363;a;
0.977;0.556,0.214,0.025,0.314,0.523,0.13,0.728,0.239,0.692,0.33;aaaaaaa;
0.0987;0.442,0.665,0.801,0.444,0.935,0.344,0.166,0.435,0.847,0.318;aaaaaaaa;
0.391;0.18,0.972,0.649,0.678,0.533,0.534,0.95,0.0991,0.964,0.954;aaaa;
0.688;0.0815,0.77,0.162,0.96,0.439,0.687,0.702,0.719,0.877,0.456;a;
0.438;0.445,0.678,0.433,0.324,0.952,0.414,0.156,0.657,0.668,0.0158;aaaaaaaaaa;
0.6;0.786,0.48,0.666,0.501,0.217,0.542,0.0501,0.301,0.754,0.801;aaaaaa;
0.109;0.363,0.0907,0.547,0.131,0.704,0.721,0.702,0.0665,0.522,0.741;aaaa;
0.843;0.885,0.0481,0.683,0.243,0.206,0.451,0.196,0.0829,0.784,0.183;aaaaaaa;
0.247;0.134,0.602,0.206,0.0172,0.0223,0.824,0.562,0.116,0.935,0.449;aaaaaaaa;
0.667;0.16,0.908,0.882,0.859,0.597,0.64,0.901,0.0972,0.957,0.306;aaaaaaaaaa;
0.174;0.78,0.917,0.833,0.0539,0.903,0.772,0.0859,0.17,0.335,0.727;a;
0.437;0.391,0.0582,0.623,0.163,0.592,0.967,0.28,0.182,0.589,0.492;aaaaaaaaa;
0.47;0.815,0.849,0.447,0.341,0.303,0.797,0.0476,0.163,0.0314,0.248;aaa;
0.188;0.296,0.773,0.953,0.894,0.938,0.468,0.668,0.525,0.59,0.768;a;
0.137;0.46,0.786,0.498,0.295,0.793,0.81,0.535,0.944,0.747,0.999;aaaa;
0.752;0.753,0.0112,0.537,0.89,0.151,0.837,0.664,0.928,0.605,0.699;a;
0.261;0.223,0.615,0.395,0.114,0.573,0.202,0.754,0.306,0.273,0.683;a;
0.104;0.585,0.741,0.264,0.572,0.832,0.532,0.124,0.404,0.345,0.163;a;
0.345;0.18,0.914,0.903,0.272,0.666,0.777,0.943,0.605,0.291,0.391;aaaaaaa;
0.939;0.537,0.0516,0.648,0.756,0.433,0.156,0.115,0.952,0.498,0.412;aaaaaa;
0.479;0.591,0.512,0.247,0.431,0.208,0.284,0.51,0.972,0.136,0.32;aaaaaaaa;
0.739;0.476,0.857,0.599,0.376,0.0518,0.62,0.466,0.957,0.962,0.598;aaaaaaa;
0.75;0.96,0.267,0.754,0.951,0.109,0.759,0.944,0.826,0.101,0.763;aa;
0.482;0.0692,0.544,0.5,0.647,0.359,0.844,0.0492,0.798,0.441,0.667;aaaaaaaa;
0.651;0.0503,0.658,0.023,0.962,0.658,0.722,0.358,0.511,0.162,0.023;aaaaa;
0.663;0.643,0.252,0.103,0.258,0.0227,0.463,0.352,0.829,0.189,0.788;aaaa;
0.619;0.00515,0.688,0.583,0.366,0.726,0.959,0.441,0.267,0.112,0.435;aaaaaaaaaa;
0.356;0.319,0.203,0.561,0.457,0.843,0.738,0.827,0.962,0.666,0.967;a;
0.715;0.48,0.884,0.968,0.275,0.842,0.661,0.737,0.734,0.941,0.833;aa;
0.0824;0.64,0.396,0.928,0.737,0.616,0.688,0.573,0.239,0.525,0.258;aa;
0.652;0.786,0.4,0.186,0.125,0.871,0.843,0.663,0.772,0.755,0.788;aaaaaaaaa;
0.543;0.764,0.598,0.631,0.984,0.306,0.329,0.946,0.0249,0.29,0.392;aaaaaaaa;
0.422;0.225,0.982,0.37,0.195,0.00584,0.322,0.67,0.98,0.0209,0.309;aaaaaa;
0.0431;0.324,0.668,0.444,0.417,0.248,0.423,0.899,0.729,0.457,0.0385;aaaaa;
0.554;0.14,0.872,0.199,0.0744,0.165,0.573,0.41,0.243,0.0843,0.906;aaaaa;
0.968;0.658,0.637,0.771,0.0183,0.805,0.611,0.181,0.183,0.636,0.536;aaaaaa;
0.979;0.517,0.414,0.611,0.0572,0.713,0.991,0.141,0.949,0.723,0.505;a;
0.315;0.453,0.953,0.491,0.666,0.472,0.547,0.0205,0.749,0.471,0.215;aaaaaaaa;
0.388;0.591,0.217,0.633,0.436,0.15,0.523,0.0285,0.802,0.249,0.54;a;
0.762;0.23,0.261,0.386,0.72,0.332,0.395,0.673,0.421,0.007,0.118;aaaaaaaa;
0.701;0.617,0.681,0.802,0.645,0.772,0.84,0.735,0.358,0.61,0.279;aa;
0.995;0.348,0.948,0.617,0.441,0.633,0.766,0.554,0.682,0.812,0.0333;aaaa;
0.132;0.52,0.416,0.544,0.855,0.0396,0.844,0.567,0.342,0.762,0.614;aaaaaaaaa;
0.0809;0.603,0.738,0.29,0.693,0.143,0.197,0.545,0.427,0.275,0.045;aaaaaaa;
0.894;0.765,0.169,0.773,0.633,0.533,0.878,0.916,0.87,0.714,0.763;aaaaaaa;
0.544;0.237,0.25,0.842,0.945,0.978,0.0144,0.549,0.639,0.542,0.201;aaaaaaaaa;
0.658;0.143,0.816,0.916,0.436,0.169,0.596,0.913,0.362,0.65,0.878;aaaaaa;
0.987;0.979,0.151,0.189,0.737,0.6,0.664,0.918,0.96,0.483,0.749;a;
0.38;0.435,0.55,0.202,0.0435,0.245,0.18,0.686,0.0586,0.554,0.329;aaaa;
0.00228;0.146,0.898,0.0469,0.794,0.23,0.142,0.443,0.596,0.734,0.178;aaaaaaa;
0.994;0.786,0.422,0.0385,0.943,0.638,0.0515,0.794,0.728,0.314,0.589;aaaaaa;
0.701;0.272,0.899,0.914,0.876,0.181,0.389,0.0258,0.399,0.901,0.654;a;
0.496;0.732,0.591,0.78,0.197,0.56,0.872,0.365,0.753,0.114,0.756;aaaaaaaa;
0.904;0.891,0.585,0.594,0.143,0.128,0.698,0.0675,0.994,0.358,0.751;aaaaaaaa;
0.0273;0.358,0.446,0.818,0.886,0.246,0.326,0.453,0.898,0.0706,0.504;aa;
0.0717;0.911,0.298,0.577,0.827,0.0184,0.717,0.562,0.668,0.919,0.765;aaaaaa;
0.722;0.495,0.377,0.679,0.1,0.512,0.0143,0.032,0.492,0.891,0.696;aaaaaa;
0.971;0.528,0.0895,0.638,0.652,0.418,0.103,0.689,0.501,0.442,0.167;aaaaaaa;
0.7;0.718,0.178,0.906,0.0953,0.476,0.139,0.0055,0.541,0.955,0.443;aaaaaaaaa;
0.717;0.605,0.544,0.846,0.767,0.663,0.339,0.431,0.151,0.0862,0.734;aa;
0.555;0.666,0.984,0.365,0.194,0.751,0.213,0.593,0.254,0.491,0.875;aaaaa;
0.188;0.227,0.91,0.282,0.786,0.586,0.735,0.178,0.766,0.361,0.547;a;
0.46;0.0901,0.204,0.788,0.649,0.399,0.431,0.425,0.575,0.476,0.0542;aaaaaa;
0.709;0.281,0.413,0.644,0.825,0.73,0.252,0.613,0.74,0.347,0.58;aaa;
0.926;0.0234,0.74,0.128,0.979,0.453,0.108,0.764,0.912,0.983,0.861;aaaaaaa;
0.649;0.462,0.367,0.557,0.902,0.168,0.77,0.492,0.387,0.00521,0.88;aaa;
0.858;0.0015,0.678,0.373,0.15,0.599,0.909,0.946,0.412,0.886,0.103;aa;
0.916;0.982,0.552,0.293,0.81,0.89,0.477,0.137,0.475,0.369,0.867;aaaa;
0.716;0.0129,0.00988,0.572,0.272,0.388,0.581,0.872,0.107,0.484,0.819;a;
0.147;0.889,0.532,0.00293,0.611,0.422,0.868,0.897,0.949,0.443,0.911;aaaaaaa;
0.544;0.678,0.635,0.053,0.4,0.7,0.702,0.546,0.333,0.0388,0.661;aaaaaaaaa;
0.777;0.00895,0.861,0.131,0.543,0.0449,0.772,0.0632,0.582,0.842,0.69;aaaaa;
0.689;0.424,0.897,0.294,0.302,0.753,0.0255,0.918,0.0509,0.373,0.104;aaaa;
0.559;0.696,0.727,0.725,0.349,0.306,0.192,0.426,0.915,0.258,0.169;aaa;
0.862;0.354,0.0711,0.157,0.474,0.86,0.381,0.367,0.681,0.465,0.649;aaaaaaaa;
0.988;0.979,0.385,0.775,0.411,0.189,0.335,0.362,0.128,0.449,0.289;aaa;
0.783;0.206,0.824,0.281,0.361,0.439,0.793,0.228,0.99,0.467,0.228;aaaaaa;
0.344;0.489,0.393,0.703,0.262,0.915,0.108,0.24,0.319,0.129,0.723;a;
0.639;0.835,0.0776,0.789,0.153,0.642,0.263,0.413,0.201,0.389,0.00859;aaaaaa;
0.1;0.384,0.0127,0.34,0.135,0.286,0.324,0.579,0.664,0.0292,0.182;aaa;
0.303;0.857,0.165,0.869,0.452,0.84,0.587,0.435,0.115,0.394,0.387;aaa;
0.275;0.695,0.225,0.64,0.387,0.489,0.991,0.393,0.198,0.859,0.295;aaaaaa;
0.0103;0.189,0.0525,0.0852,0.452,0.806,0.829,0.741,0.128,0.466,0.0836;aaaaaaa;
0.496;0.0453,0.965,0.724,0.987,0.939,0.624,0.694,0.508,0.393,0.731;aaaaaaaaaa;
0.224;0.408,0.916,0.728,0.498,0.851,0.449,0.663,0.494,0.905,0.497;aaaaaaaa;
0.913;0.486,0.368,0.904,0.587,0.888,0.397,0.114,0.488,0.285,0.142;aaaaaa;
0.973;0.484,0.433,0.75,0.468,0.89,0.699,0.105,0.372,0.165,0.61;aaaaaaaaaa;
0.923;0.994,0.176,0.994,0.00516,0.5,0.339,0.168,0.673,0.96,0.666;aaaaaaa;
0.321;0.0511,0.677,0.52,0.166,0.27,0.199,0.385,0.0346,0.844,0.441;aaaa;
0.104;0.909,0.811,0.196,0.0724,0.875,0.494,0.209,0.125,0.401,0.197;aaaaaa;
0.0978;0.689,0.654,0.148,0.819,0.953,0.99,0.865,0.107,0.482,0.936;aaaaaaa;
0.607;0.252,0.471,0.258,0.124,0.761,0.38,0.887,0.523,0.683,0.777;aaaaaaaaa;
0.393;1,0.188,0.767,0.208,0.147,0.0511,0.0811,0.295,0.933,0.716;aaaa;
0.664;0.428,0.582,0.514,0.28,0.746,0.232,0.64,0.205,0.502,0.535;aaaaaa;
0.148;0.562,0.599,0.39,0.791,0.566,0.511,0.568,0.793,0.831,0.622;aa;
0.0195;0.323,0.0289,0.995,0.521,0.114,0.789,0.177,0.952,0.956,0.896;aaaaaa;
0.98;0.538,0.951,0.264,0.0811,0.583,0.179,0.57,0.712,0.864,0.0211;aaaaaaaaaa;
0.286;0.825,0.387,0.457,0.608,0.0981,0.583,0.343,0.864,0.321,0.692;aaaaaaa;
0.365;0.313,0.297,0.023,0.839,0.0791,0.987,0.81,0.762,0.785,0.8;aaaa;
0.932;0.345,0.496,0.925,0.496,0.00878,0.239,0.225,0.58,0.749,0.66;a;
0.144;0.109,0.759,0.017,0.6,0.647,0.863,0.364,0.108,0.545,0.783;aaaaaa;
0.725;0.443,0.685,0.589,0.733,0.418,0.243,0.121,0.00304,0.512,0.128;aaaaaaaaa;
0.202;0.721,0.469,0.761,0.416,0.536,0.633,0.0378,0.108,0.498,0.385;aaaaaaaaa;
0.905;0.67,0.527,0.867,0.883,0.506,0.221,0.464,0.774,0.0359,0.362;a;
0.623;0.234,0.462,0.589,0.757,0.917,0.325,0.958,0.297,0.153,0.789;aa;
0.766;0.826,0.43,0.641,0.763,0.321,0.795,0.239,0.742,0.248,0.943;aaaaaaaa;
0.928;0.694,0.847,0.933,0.233,0.545,0.782,0.961,0.392,0.751,0.849;aaaaaaa;
0.504;0.0625,0.762,0.5,0.74,0.38,0.878,0.399,0.764,0.991,0.969;aaaa;
0.318;0.492,0.967,0.856,0.738,0.98,0.0512,0.713,0.349,0.65,0.487;aaaa;
0.869;0.0477,0.0363,0.363,0.641,0.611,0.747,0.673,0.343,0.979,0.332;aaaaaaaa;
0.152;0.23,0.903,0.867,0.171,0.597,0.427,0.216,0.606,0.551,0.0819;aaaaaaaaa;
0.938;0.757,0.548,0.822,0.773,0.528,0.739,0.235,0.548,0.155,0.117;aaaa;
0.645;0.405,0.342,0.34,0.312,0.327,0.645,0.641,0.0621,0.291,0.409;aaaa;
0.0674;0.162,0.24,0.792,0.995,0.693,0.0879,0.331,0.957,0.57,0.428;aa;
0.425;0.704,0.189,0.837,0.504,0.776,0.835,0.944,0.599,0.0921,0.962;aaaaa;
0.467;0.0329,0.678,0.553,0.84,0.4,0.0321,0.395,0.084,0.761,0.614;aaaaa;
0.308;0.894,0.59,0.554,0.753,0.695,0.743,0.359,0.78,0.406,0.508;aaaaa;
0.614;0.807,0.871,0.821,0.427,0.124,0.139,0.224,0.575,0.0516,0.781;aaaaaaa;
0.0964;0.949,0.676,0.52,0.707,0.617,0.542,0.74,0.302,0.221,0.727;aaaaaaaaaa;
0.744;0.206,0.522,0.369,0.72,0.688,0.0334,0.866,0.545,0.44,0.726;aaaaaaaaa;
0.0275;0.203,0.412,0.495,0.316,0.638,0.301,0.00341,0.22,0.578,0.503;a;
0.844;0.163,0.00624,0.0524,0.561,0.924,0.54,0.928,0.0888,0.836,0.496;aa;
0.799;0.689,0.81,0.635,0.0884,0.918,0.69,0.704,0.568,0.486,0.865;aaaaaaaaa;
0.399;0.767,0.678,0.877,0.395,0.044,0.213,0.71,0.421,0.899,0.319;aaa;
0.486;0.803,0.542,0.121,0.227,0.823,0.46,0.671,0.456,0.363,0.654;aaaaaa;
0.417;0.936,0.596,0.346,0.825,0.334,0.457,0.283,0.418,0.00141,0.0465;aaaaaaa;
0.784;0.624,0.571,0.215,0.533,0.277,0.252,0.271,0.101,0.133,0.52;aaaaa;
0.944;0.369,0.855,0.294,0.718,0.37,0.874,0.935,0.403,0.618,0.206;aaaaaaaa;
0.0298;0.425,0.374,0.0232,0.224,0.746,0.116,0.101,0.443,0.904,0.96;aaaaaaaaa;
0.822;0.492,0.412,0.65,0.866,0.823,0.635,0.442,0.803,0.792,0.205;aa;
0.728;0.383,0.432,0.234,0.529,0.32,0.737,0.508,0.468,0.859,0.654;aaa;
0.955;0.113,0.999,0.162,0.243,0.243,0.666,0.0127,0.561,0.424,0.442;aaaa;
0.323;0.903,0.874,0.313,0.41,0.734,0.417,0.438,0.198,0.664,0.417;aaaaaaa;
0.0166;0.755,0.115,0.969,0.46,0.14,0.901,0.388,0.298,0.91,0.839;aaaaaaaaaa;
0.329;0.6,0.024,0.0997,0.89,0.142,0.211,0.618,0.772,0.398,0.462;aaaaaaaa;
0.698;0.37,0.615,0.778,0.733,0.944,0.0327,0.101,0.772,0.699,0.947;aaaaaaaaa;
0.157;0.666,0.0486,0.867,0.603,0.638,0.447,0.529,0.792,0.755,0.776;aaaaaaa;
0.0596;0.583,0.59,0.686,0.51,0.913,0.947,0.244,0.417,0.845,0.862;aaaa;
0.908;0.675,0.225,0.332,0.287,0.668,0.675,0.663,0.849,0.239,0.109;aaa;
0.887;0.857,0.219,0.0799,0.779,0.00337,0.645,0.598,0.166,0.449,0.797;aaaa;
0.915;0.907,0.411,0.686,0.734,0.938,0.0185,0.798,0.243,0.203,0.882;aaaaa;
0.697;0.245,0.0318,0.372,0.868,0.0235,0.593,0.769,0.0961,0.294,0.813;aaa;
0.834;0.845,0.094,0.358,0.658,0.124,0.71,0.314,0.485,0.972,0.513;a;
0.598;0.257,0.956,0.914,0.97,0.291,0.464,0.485,0.897,0.958,0.64;aaaa;
0.86;0.0747,0.912,0.317,0.746,0.264,0.36,0.0168,0.554,0.739,0.0341;a;
0.516;0.0901,0.136,0.557,0.588,0.935,0.76,0.936,0.517,0.66,0.649;aa;
0.579;0.42,0.909,0.541,0.724,0.0188,0.547,0.769,0.46,0.571,0.103;aaaaaaaa;
0.887;0.146,0.37,0.151,0.64,0.11,0.508,0.362,0.94,0.602,0.248;aaaaaaaa;
0.252;0.376,0.279,0.184,0.261,0.938,0.74,0.277,0.293,0.0939,0.468;aa;
0.497;0.173,0.858,0.393,0.984,0.0111,0.578,0.239,0.01,0.125,0.512;a;
0.221;0.356,0.43,0.0688,0.174,0.46,0.0505,0.864,0.333,0.287,0.581;aaaaaaaa;
0.843;0.308,0.442,0.588,0.597,0.576,0.0577,0.401,0.557,0.334,0.474;aaaaaaaaa;
0.866;0.82,0.773,0.12,0.995,0.0178,0.967,0.667,0.524,0.0979,0.184;aaaaaaa;
0.372;0.836,0.51,0.0413,0.113,0.169,0.536,0.673,0.239,0.731,0.703;aaaaaaaaa;
0.564;0.208,0.15,0.00939,0.43,0.0156,0.405,0.998,0.368,0.609,0.248;aaaaaaaa;
0.679;0.234,0.969,0.98,0.8,0.0994,0.391,0.902,0.207,0.51,0.53;aaaa;
0.641;0.145,0.518,0.243,0.886,0.478,0.825,0.816,0.0426,0.976,0.539;aaaaaaaaa;
0.997;0.628,0.912,0.624,0.845,0.517,0.286,0.792,1,0.172,0.728;aaaaaaaa;
0.416;0.918,0.92,0.0659,0.00465,0.767,0.304,0.105,0.0385,0.811,0.833;aaaaa;
0.865;0.85,0.722,0.235,0.653,0.0806,0.211,0.777,0.681,0.715,0.409;aaa;
0.233;0.404,0.885,0.619,0.277,0.354,0.95,0.09,0.916,0.113,0.71;aaaaa;
0.633;0.578,0.0532,0.402,0.0359,0.551,0.926,0.961,0.685,0.617,0.0163;aaaaaaaa;
0.0673;0.0363,0.3,0.811,0.172,0.73,0.127,0.124,0.254,0.523,0.831;aaaaa;
0.393;0.847,0.645,0.976,0.253,0.881,0.582,0.461,0.533,0.314,0.00625;aaaaaa;
0.735;0.303,0.213,0.719,0.0731,0.103,0.192,0.895,0.856,0.457,0.327;aaaaaaaa;
0.265;0.995,0.0488,0.356,0.942,0.337,0.869,0.817,0.727,0.0767,0.536;aaaa;
0.956;0.36,0.0117,0.864,0.0757,0.315,0.755,0.496,0.838,0.416,0.0295;aaaaaaaaaa;
0.433;0.452,0.451,0.743,0.765,0.111,0.586,0.642,0.886,0.78,0.464;aaaaa;
0.657;0.791,0.835,0.446,0.481,0.237,0.791,0.275,0.171,0.00299,0.558;a;
0.515;0.658,0.316,0.376,0.391,0.952,0.7,0.933,0.971,0.753,0.0732;aaaaa;
0.495;0.619,0.954,0.157,0.708,0.206,0.872,0.65,0.904,0.626,0.36;aaaaaaa;
0.31;0.14,0.637,0.714,0.0578,0.922,0.09,0.893,0.985,0.0271,0.79;aaaaaaa;
0.0468;0.281,0.357,0.972,0.479,0.724,0.241,0.688,0.394,0.402,0.701;aa;
0.337;0.0942,0.988,0.609,0.289,0.275,0.545,0.587,0.554,0.852,0.551;aaaaaaaaaa;
0.122;0.125,0.588,0.475,0.641,0.249,0.921,0.202,0.602,0.701,0.888;aaaaa;
0.541;0.34,0.843,0.67,0.0442,0.878,0.949,0.489,0.455,0.225,0.387;aaaaaaaaaa;
0.537;0.804,0.446,0.0155,0.286,0.365,0.392,0.868,0.583,0.105,0.573;aaaa;
0.204;0.874,0.221,0.88,0.864,0.972,0.667,0.664,0.52,0.832,0.281;aaaaaa;
0.351;0.645,0.11,0.651,0.138,0.715,0.127,0.465,0.674,0.924,0.0778;aaaaaaaaaa;
0.788;0.0623,0.931,0.0988,0.784,0.0257,0.0258,0.242,0.434,0.0993,0.497;aaaaaaaaa;
0.735;0.339,0.992,0.915,0.77,0.441,0.865,0.775,0.638,0.0879,0.59;aaaaaaaaa;
0.183;0.742,0.913,0.641,0.667,0.297,0.604,0.78,0.794,0.213,0.594;aa;
0.965;0.979,0.594,0.667,0.248,0.833,0.265,0.0522,0.407,0.21,0.244;aaaaa;
0.996;0.931,0.863,0.41,0.682,0.819,0.642,0.26,0.802,0.686,0.28;aaaaaa;
0.159;0.526,0.546,0.175,0.278,0.548,0.857,0.0988,0.957,0.908,0.373;a;
0.954;0.158,0.593,0.353,0.59,0.783,0.177,0.626,0.985,0.366,0.0654;aaaaa;
0.493;0.7,0.276,0.961,0.477,0.704,0.336,0.813,0.866,0.0957,0.0316;aaaaa;
0.574;0.0695,0.137,0.6,0.343,0.367,0.775,0.772,0.405,0.856,0.392;aaaaaaaaaa;
0.6;0.946,0.102,0.591,0.529,0.362,0.71,0.869,0.894,0.271,0.436;aaaaaaaa;
0.309;0.198,0.0816,0.404,0.791,0.361,0.738,0.306,0.482,0.592,0.0539;aa;
0.443;0.494,0.351,0.94,0.525,0.335,0.783,0.126,0.425,0.46,0.585;aaaaaaaaaa;
0.484;0.178,0.365,0.369,0.136,0.611,0.244,0.14,0.605,0.252,0.118;aaaaa;
0.757;0.305,0.0384,0.762,0.134,0.841,0.284,0.662,0.752,0.134,0.0565;aaaaaa;
0.491;0.476,0.165,0.537,0.423,0.799,0.111,0.0901,0.83,0.373,0.991;a;
0.109;0.349,0.0195,0.777,0.604,0.701,0.527,0.0998,0.629,0.365,0.799;aaaaaaaa;
0.623;0.732,0.472,0.76,0.218,0.72,0.294,0.574,0.943,0.232,0.241;aaaaa;
0.0407;0.307,0.664,0.0616,0.304,0.365,0.499,0.3,0.974,0.136,0.32;aaa;
0.82;0.321,0.112,0.221,0.527,0.601,0.368,0.364,0.16,0.889,0.338;aaa;
0.804;0.272,0.751,0.348,0.84,0.119,0.733,0.88,0.959,0.867,0.992;aa;
0.215;0.0932,0.577,0.825,0.472,0.239,0.666,0.259,0.39,0.863,0.226;aaaaaaa;
0.289;0.0763,0.331,0.193,0.00418,0.634,0.747,0.128,0.742,0.67,0.412;aaaaaaa;
0.259;0.821,0.107,0.0962,0.0908,0.704,0.573,0.174,0.377,0.0294,0.333;aaaa;
0.202;0.0178,0.762,0.0523,0.759,0.516,0.711,0.342,0.0357,0.488,0.872;aaaaaaaa;
0.766;0.379,0.341,0.326,0.532,0.726,0.903,0.683,0.605,0.666,0.21;aaaaaaaaa;
0.445;0.744,0.217,0.207,0.486,0.122,0.896,0.0261,0.377,0.669,0.0196;aaaaaaaaa;
0.631;0.957,0.0824,0.0718,0.705,0.265,0.393,0.029,0.116,0.855,0.604;aaaaaaaaaa;
0.379;0.859,0.589,0.225,0.898,0.344,0.875,0.117,0.481,0.518,0.688;aaaaaaaaaa;
0.648;0.76,0.42,0.765,0.193,0.55,0.855,0.133,0.479,0.516,0.471;aaaaaaaa;
0.84;0.0237,0.656,0.74,0.0706,0.674,0.295,0.776,0.766,0.869,0.65;a;
0.477;0.847,0.589,0.97,0.608,0.472,0.861,0.783,0.292,0.0174,0.155;aaaaaaaaaa;
0.987;0.98,0.823,0.112,0.216,0.733,0.561,0.416,0.0407,0.0675,0.131;aaaaaaa;
0.00471;0.349,0.714,0.592,0.208,0.473,0.684,0.214,0.965,0.132,0.896;aaaaaa;
0.167;0.384,0.164,0.749,0.533,0.786,0.269,0.231,0.524,0.211,0.769;a;
0.484;0.645,0.396,0.358,0.122,0.41,0.427,0.00957,0.758,0.557,0.559;aa;
0.404;0.293,0.61,0.867,0.16,0.373,0.109,0.69,0.231,0.147,0.0412;aa;
0.774;0.755,0.786,0.0142,0.486,0.133,0.492,0.278,0.938,0.172,0.51;aa;
0.846;0.155,0.251,0.846,0.897,0.86,0.944,0.597,0.785,0.64,0.732;aaaa;
0.132;0.446,0.396,0.168,0.757,0.301,0.319,0.523,0.137,0.315,0.656;aaaaaaa;
0.315;0.651,0.0693,0.148,0.452,0.226,0.329,0.946,0.258,0.54,0.627;aaaaa;
0.376;0.0105,0.776,0.507,0.346,0.163,0.0692,0.539,0.11,0.82,0.316;aaaaaaaaa;
0.417;0.889,0.512,0.737,0.246,0.522,0.858,0.194,0.629,0.355,0.0262;aaaaa;
0.898;0.887,0.0561,0.974,0.416,0.516,0.915,0.356,0.245,0.283,0.449;aaaaaaaaaa;
0.482;0.0968,0.848,0.416,0.699,0.121,0.861,0.0407,0.856,0.0732,0.838;aaaa;
0.297;0.469,0.591,0.557,0.354,0.875,0.656,0.128,0.494,0.97,0.26;aaaaaaaaaa;
0.668;0.735,0.58,0.503,0.523,0.0172,0.495,0.333,0.287,0.952,0.497;aaa;
0.544;0.0708,0.0516,0.759,0.429,0.643,0.863,0.77,0.811,0.852,0.775;a;
0.893;0.00471,0.0419,0.563,0.337,0.842,0.33,0.462,0.426,0.936,0.481;aaaaaaa;
0.724;0.725,0.834,0.0912,0.753,0.722,0.136,0.521,0.461,0.689,0.797;aaaaaaa;
0.709;0.974,0.567,0.731,0.127,0.721,0.207,0.365,0.226,0.7,0.984;aaa;
0.776;0.908,0.902,0.456,0.941,0.457,0.127,0.105,0.547,0.197,0.0629;aaaaa;
0.168;0.256,0.788,0.331,0.57,0.398,0.667,0.324,0.484,0.556,0.944;aaaaaa;
0.263;0.0888,0.205,0.878,0.283,0.375,0.774,0.224,0.263,0.712,0.944;aaaaaaa;
0.409;0.917,0.486,0.801,0.274,0.0616,0.806,0.361,0.0465,0.237,0.167;aaaaaaaaaa;
0.0505;0.962,0.725,0.971,0.515,0.978,0.503,0.114,0.526,0.468,0.138;aaaaaaaaa;
0.247;0.378,0.767,0.695,0.129,0.403,0.373,0.323,0.467,0.773,0.921;aaaa;
0.942;0.511,0.602,0.599,0.994,0.471,0.544,0.547,0.752,0.59,0.313;aa;
0.614;0.428,0.144,0.104,0.188,0.956,0.409,0.385,0.0487,0.102,0.743;aaaa;
0.72;0.54,0.897,0.263,0.225,0.113,0.45,0.948,0.995,0.85,0.607;aaaaaaaa;
0.833;0.486,0.598,0.0155,0.398,0.234,0.392,0.545,0.77,0.286,0.916;aaaaaaa;
0.0565;0.0181,0.474,0.51,0.539,0.4,0.165,0.775,0.399,0.561,0.0935;aaaaaaaaaa;
0.62;0.368,0.797,0.896,0.869,0.149,0.0142,0.674,0.24,0.388,0.307;aaaaaaa;
0.765;0.409,0.632,0.713,0.764,0.367,0.956,0.822,0.706,0.306,0.606;a;
0.676;0.983,0.642,0.283,0.648,0.653,0.269,0.58,0.0226,0.243,0.295;aaaaaaaaaa;
0.821;0.145,0.945,0.933,0.506,0.939,0.832,0.695,0.973,0.359,0.956;aaaaaaaaaa;
0.242;0.653,0.864,0.447,0.0127,0.532,0.0901,0.638,0.762,0.84,0.0365;aa;
0.378;0.863,0.616,0.685,0.139,0.359,0.923,0.781,0.335,0.323,0.0688;aaaaaa;
0.115;0.474,0.935,0.842,0.58,0.334,0.542,0.652,0.94,0.397,0.996;aaaaaaaaa;
0.105;0.505,0.0276,0.357,0.619,0.58,0.631,0.358,0.93,0.0477,0.0268;aaaaaaaa;
0.554;0.902,0.49,0.931,0.98,0.779,0.466,0.938,0.918,0.948,0.308;aaaaaa;
0.493;0.735,0.623,0.0272,0.696,0.975,0.147,0.751,0.487,0.0711,0.364;aa;
0.591;0.598,0.742,0.357,0.217,0.0664,0.867,0.709,0.536,0.943,0.965;aaaaaaa;
0.486;0.0278,0.381,0.544,0.307,0.693,0.668,0.469,0.214,0.45,0.481;aaa;
0.87;0.847,0.849,0.626,0.883,0.967,0.78,0.265,0.422,0.327,0.00226;a;
0.804;0.889,0.691,0.855,0.114,0.822,0.969,0.235,0.102,0.723,0.654;aaaaaaaaa;
0.467;0.574,0.215,0.0385,0.696,0.845,0.913,0.544,0.667,0.985,0.099;aaaaaaaaa;
0.929;0.308,0.159,0.552,0.694,0.989,0.828,0.918,0.18,0.354,0.289;aaaaa;
0.306;0.989,0.74,0.741,0.943,0.238,0.325,0.333,0.166,0.948,0.318;a;
0.957;0.348,0.265,0.565,0.83,0.6,0.893,0.677,0.609,0.976,0.389;aaaaaaaaaa;
0.985;0.2,0.367,0.999,0.791,0.12,0.686,0.608,0.242,0.926,0.0171;aaaaaaaaaa;
0.404;0.351,0.227,0.582,0.105,0.0144,0.0318,0.548,0.683,0.235,0.177;aaaaaa;
0.654;0.858,0.93,0.325,0.541,0.562,0.106,0.811,0.541,0.252,0.938;aaaaaaa;
0.395;0.229,0.768,0.747,0.878,0.643,0.224,0.632,0.494,0.888,0.601;aaaaaaa;
0.473;0.288,0.932,0.531,0.278,0.779,0.784,0.523,0.716,0.204,0.549;aaaaaa;
0.721;0.571,0.993,0.868,0.877,0.962,0.197,0.821,0.74,0.195,0.358;a;
0.103;0.63,0.329,0.105,0.134,0.736,0.125,0.913,0.246,0.797,0.339;aaaaaaa;
0.0967;0.996,0.793,0.362,0.663,0.785,0.713,0.714,0.344,0.46,0.683;aa;
0.404;0.389,0.485,0.0233,0.462,0.291,0.762,0.278,0.306,0.00483,0.372;aaa;
0.682;0.0196,0.417,0.313,0.585,0.304,0.748,0.0257,0.951,0.767,0.809;aaaaaaaaa;
0.849;0.755,0.975,0.288,0.0896,0.286,0.6,0.813,0.00555,0.226,0.376;aaa;
0.381;0.468,0.835,0.721,0.943,0.552,0.635,0.71,0.108,0.104,0.672;aa;
0.772;0.261,0.759,0.582,0.0732,0.911,0.886,0.236,0.5,0.954,0.497;aaaaaaa;
0.383;0.643,0.32,0.749,0.626,0.998,0.601,0.536,0.645,0.618,0.186;aaaaaa;
0.034;0.667,0.288,0.759,0.631,0.479,0.654,0.141,0.0339,0.733,0.921;aaaaaaaaaa;
0.286;0.796,0.805,0.585,0.574,0.991,0.848,0.5,0.158,0.123,0.949;aa;
0.628;0.599,0.776,0.607,0.309,0.792,0.523,0.671,0.528,0.731,0.0584;aaaaaaaa;
0.36;0.687,0.878,0.114,0.702,0.858,0.855,0.395,0.404,0.344,0.827;aa;
0.101;0.53,0.227,0.148,0.789,0.832,0.547,0.487,0.88,0.205,0.585;aaaaaaa;
0.00121;0.464,0.242,0.246,0.266,0.18,0.472,0.675,0.823,0.276,0.72;aaaaaaaa;
0.593;0.612,0.543,0.289,0.383,0.692,0.0101,0.223,0.994,0.702,0.291;aaaaaaaaaa;
0.182;0.47,0.634,0.578,0.568,0.62,0.764,0.957,0.657,0.02,0.427;aaa;
0.656;0.22,0.214,0.892,0.576,0.94,0.739,0.999,0.179,0.477,0.346;aaaaaaa;
0.266;0.0885,0.334,0.578,0.606,0.05,0.594,0.316,0.565,0.422,0.955;aaaaaaaa;
0.374;0.707,0.246,0.224,0.415,0.918,0.118,0.47,0.721,0.671,0.112;aaaaaaa;
0.681;0.0278,0.886,0.94,0.176,0.643,0.359,0.154,0.394,0.362,0.211;aaaaaaaaa;
0.702;0.407,0.00237,0.539,0.125,0.101,0.438,0.109,0.741,0.291,0.0257;aaaaaaa;
0.302;0.911,0.517,0.668,0.553,0.81,0.314,0.381,0.934,0.992,0.618;aaaaaaaaaa;
0.322;0.316,0.291,0.177,0.294,0.76,0.35,0.405,0.122,0.102,0.247;aaaaa;
0.504;0.26,0.0256,0.56,0.794,0.533,0.885,0.22,0.267,0.0731,0.286;a;
0.895;0.249,0.322,0.494,0.637,0.812,0.439,0.405,0.185,0.868,0.967;aaaaaaaaaa;
0.425;0.177,0.0901,0.175,0.214,0.212,0.209,0.791,0.63,0.76,0.589;a;
0.515;0.934,0.503,0.571,0.575,0.243,0.717,0.486,0.397,0.277,0.745;aaaaaaaaaa;
0.186;0.356,0.65,0.783,0.849,0.944,0.684,0.622,0.301,0.611,0.00521;aa;
0.391;0.827,0.428,0.443,0.487,0.403,0.75,0.725,0.943,0.313,0.169;a;
0.694;0.46,0.509,0.99,0.217,0.915,0.331,0.142,0.755,0.806,0.627;aaaa;
0.154;0.645,0.257,0.376,0.385,0.878,0.618,0.774,0.0375,0.65,0.364;aa;
0.482;0.339,0.439,0.328,0.204,0.989,0.675,0.644,0.0524,0.425,0.709;aaaaaaaaa;
0.754;0.987,0.178,0.321,0.487,0.958,0.138,0.2,0.619,0.697,0.378;aaaaa;
0.735;0.205,0.577,0.618,0.152,0.87,0.264,0.977,0.063,0.347,0.851;aaaa;
0.279;0.000814,0.386,0.347,0.168,0.586,0.672,0.282,0.137,0.52,0.799;aa;
0.28;0.702,0.758,0.302,0.923,0.939,0.73,0.0601,0.912,0.0949,0.466;aaa;
0.519;0.902,0.472,0.612,0.931,0.643,0.805,0.299,0.157,0.00717,0.936;aaaaa;
0.0583;0.805,0.809,0.133,0.137,0.161,0.757,0.284,0.751,0.338,0.233;aaaaaa;
0.623;0.971,0.406,0.997,0.357,0.482,0.867,0.78,0.806,0.359,0.0478;aaaaaa;
0.256;0.384,0.533,0.32,0.191,0.393,0.588,0.337,0.476,0.812,0.565;aaaaaa;
0.704;0.0526,0.0603,0.119,0.0577,0.854,0.0294,0.938,0.429,0.623,0.516;aaaaaaaa;
0.314;0.0206,0.0552,0.152,0.531,0.481,0.906,0.177,0.464,0.941,0.491;aaaaaa;
0.559;0.429,0.645,0.829,0.623,0.487,0.128,0.702,0.548,0.924,0.0779;aaaaa;
0.728;0.92,0.0945,0.128,0.95,0.308,0.566,0.898,0.16,0.386,0.834;aaaa;
0.962;0.15,0.437,0.035,0.0428,0.406,0.866,0.526,0.0232,0.0487,0.853;aaaaaaaa;
0.821;0.455,0.0673,0.503,0.88,0.0515,0.0224,0.073,0.538,0.0597,0.948;aa;
0.0896;0.726,0.0405,0.469,0.398,0.28,0.369,0.893,0.0266,0.704,0.808;a;
0.167;0.621,0.945,0.568,0.75,0.634,0.0698,0.871,0.351,0.552,0.759;aa;
0.444;0.217,0.842,0.885,0.206,0.631,0.00128,0.0501,0.704,0.248,0.276;aa;
0.92;0.306,0.0697,0.656,0.115,0.145,0.0581,0.805,0.876,0.349,0.55;aa;
0.268;0.284,0.602,0.145,0.928,0.769,0.712,0.169,0.323,0.369,0.0163;aaaa;
0.147;0.641,0.381,0.9,0.103,0.378,0.717,0.428,0.428,0.89,0.803;aaaaa;
0.203;0.812,0.673,0.903,0.895,0.974,0.921,0.284,0.281,0.104,0.564;aaaaaaa;
0.00501;0.359,0.95,0.067,0.0887,0.331,0.25,0.841,0.784,0.451,0.196;a;
0.639;0.114,0.297,0.381,0.345,0.135,0.614,0.933,0.108,0.987,0.52;aaaaa;
0.058;0.197,0.0522,0.273,0.235,0.569,0.0863,0.195,0.182,0.731,0.957;aaaaaaaaaa;
0.262;0.102,0.798,0.23,0.34,0.794,0.671,0.0966,0.744,0.125,0.435;aaaaaaaaa;
0.191;0.878,0.933,0.593,0.324,0.318,0.912,0.603,0.0941,0.968,0.534;aaaaaaaaa;
0.889;0.0412,0.222,0.54,0.485,0.796,0.968,0.278,0.144,0.712,0.121;aaaa;
0.538;0.199,0.429,0.523,0.562,0.202,0.858,0.281,0.903,0.567,0.0632;aaaaaaa;
0.296;0.302,0.835,0.685,0.861,0.324,0.233,0.124,0.303,0.205,0.353;aaaaaaaa;
0.517;0.249,0.0683,0.868,0.173,0.685,0.6,0.686,0.265,0.68,0.154;aaaaaaaaa;
0.892;0.406,0.329,0.42,0.535,0.914,0.584,0.132,0.831,0.821,0.133;aaaaaa;
0.656;0.935,0.213,0.000422,0.884,0.421,0.639,0.647,0.572,0.313,0.0722;aaaaaaaa;
0.733;0.49,0.988,0.965,0.881,0.684,0.229,0.6,0.999,0.157,0.901;aa;
0.0445;0.174,0.419,0.932,0.415,0.264,0.388,0.334,0.242,0.633,0.189;aa;
0.206;0.13,0.499,0.365,0.171,0.736,0.658,0.402,0.804,0.526,0.825;aaaaaaaaaa;
0.109;0.296,0.761,0.216,0.875,0.15,0.261,0.998,0.968,0.148,0.361;aaaaaaaaaa;
0.0353;0.516,0.402,0.844,0.416,0.133,0.0844,0.0505,0.341,0.179,0.637;aaaa;
0.271;0.881,0.565,0.673,0.409,0.595,0.209,0.492,0.785,0.132,0.418;aaaaaaa;
0.343;0.21,0.0116,0.23,0.789,0.348,0.159,0.305,0.66,0.201,0.794;aaaaaaaaaa;
0.368;0.016,0.0848,0.561,0.14,0.9,0.671,0.952,0.923,0.00421,0.489;aaaa;
0.4;0.603,0.8,0.449,0.0943,0.737,0.106,0.346,0.303,0.887,0.169;aaaaaaa;
0.788;0.328,0.543,0.495,0.267,0.595,0.838,0.972,0.374,0.592,0.767;aaaa;
0.973;0.668,0.345,0.998,0.367,0.686,0.365,0.838,0.912,0.706,0.934;aaaaaaaaa;
0.577;0.634,0.169,0.861,0.413,0.0619,0.329,0.408,0.631,0.732,0.617;aaaaaaaaaa;
0.479;0.475,0.436,0.687,0.505,0.299,0.521,0.316,0.891,0.617,0.348;aaa;
0.405;0.27,0.654,0.718,0.0277,0.728,0.279,0.309,0.296,0.205,0.166;aaaaaaaaaa;
0.401;0.774,0.422,0.656,0.961,0.721,0.725,0.912,0.654,0.83,0.724;aaaaa;
0.304;0.405,0.786,0.476,0.353,0.184,0.427,0.661,0.899,0.884,0.32;aaaaaaa;
0.933;0.977,0.136,0.287,0.59,0.18,0.872,0.547,0.813,0.711,0.293;aaaaa;
0.301;0.49,0.273,0.0407,0.297,0.151,0.0217,0.333,0.0409,0.381,0.902;aaaaaa;
0.385;0.116,0.381,0.696,0.318,0.437,0.354,0.51,0.328,0.59,0.572;aa;
0.841;0.79,0.809,0.756,0.372,0.217,0.216,0.409,0.619,0.205,0.82;aaa;
0.286;0.313,0.651,0.448,0.763,0.214,0.725,0.612,0.575,0.0801,0.0381;aaaaaaaaaa;
0.975;0.836,0.526,0.13,0.79,0.952,0.275,0.231,0.584,0.0265,0.382;aaaaaa;
0.82;0.698,0.531,0.441,0.00827,0.229,0.569,0.822,0.243,0.163,0.254;aa;
0.119;0.752,0.149,0.516,0.0323,0.785,0.861,0.879,0.742,0.137,0.462;aaaaa;
0.799;0.601,0.715,0.681,0.225,0.651,0.386,0.742,0.165,0.0448,0.938;aaaaa;
0.932;0.0719,0.191,0.95,0.365,0.0485,0.407,0.829,0.731,0.361,0.85;aaaaaaaaa;
0.887;0.507,0.622,0.233,0.429,0.729,0.153,0.619,0.347,0.625,0.217;aaaaaaaaaa;
0.221;0.981,0.735,0.535,0.687,0.715,0.699,0.814,0.248,0.477,0.276;a;
0.0177;0.115,0.882,0.63,0.961,0.668,0.0589,0.139,0.0989,0.801,0.245;aaaaa;
0.294;0.601,0.522,0.0358,0.436,0.218,0.642,0.708,0.377,0.384,0.187;aaaaa;
0.694;0.373,0.204,0.855,0.574,0.00684,0.932,0.384,0.521,0.215,0.81;aaaaaaaaaa;
0.00216;0.314,0.318,0.522,0.937,0.615,0.893,0.733,0.0386,0.468,0.997;aaaaaaa;
0.536;0.445,0.194,0.142,0.306,0.314,0.899,0.177,0.545,0.0521,0.187;aaaa;
0.497;0.85,0.345,0.541,0.532,0.828,0.994,0.0891,0.471,0.717,0.535;aaaaaaa;
0.251;0.664,0.924,0.628,0.477,0.0647,0.296,0.573,0.655,0.0947,0.298;a;
0.158;0.855,0.866,0.998,0.228,0.916,0.338,0.759,0.959,0.59,0.706;aaaaa;
0.0476;0.876,0.886,0.304,0.728,0.203,0.609,0.363,0.225,0.263,0.787;a;
0.807;0.802,0.189,0.561,0.204,0.118,0.532,0.512,0.131,0.873,0.0847;aaaaaa;
0.658;0.64,0.824,0.716,0.179,0.241,0.676,0.795,0.888,0.535,0.62;aaaaaaaa;
0.305;0.698,0.953,0.788,0.888,0.105,0.266,0.0523,0.946,0.0427,0.485;aaaaaaaa;
0.388;0.727,0.591,0.376,0.509,0.642,0.926,0.428,0.124,0.176,0.537;aaaaaaaaaa;
0.774;0.193,0.856,0.983,0.357,0.48,0.844,0.0936,0.639,0.834,0.415;a;
0.789;0.513,0.73,0.925,0.267,0.993,0.911,0.352,0.419,0.386,0.481;aaaa;
0.518;0.675,0.155,0.878,0.916,0.41,0.13,0.919,0.125,0.967,0.105;aaaaaa;
0.866;0.318,0.746,0.71,0.162,0.167,0.203,0.389,0.941,0.781,0.961;aaaaaaaa;
0.122;0.0251,0.688,0.234,0.836,0.305,0.491,0.765,0.821,0.407,0.0822;aaaaaaaaa;
0.222;0.903,0.237,0.883,0.0777,0.652,0.672,0.869,0.602,0.821,0.53;aaaaaaaaa;
0.471;0.0113,0.0883,0.298,0.646,0.176,0.976,0.381,0.599,0.268,0.164;a;
0.817;0.585,0.468,0.729,0.967,0.692,0.887,0.178,0.355,0.877,0.292;a;
0.941;0.959,0.15,0.597,0.392,0.235,0.785,0.731,0.279,0.59,0.121;aaaa;
0.41;0.693,0.711,0.13,0.697,0.784,0.929,0.26,0.764,0.506,0.492;aaaaaaaaa;
0.0101;0.473,0.78,0.00647,0.587,0.034,0.421,0.492,0.752,0.908,0.36;aaaaaaaaaa;
0.963;0.203,0.747,0.639,0.703,0.865,0.0247,0.265,0.636,0.369,0.0349;aaaaa;
0.765;0.952,0.214,0.95,0.794,0.5,0.248,0.783,0.955,0.346,0.512;aaaaaaa;
0.771;0.712,0.344,0.463,0.653,0.128,0.236,0.342,0.658,0.2,0.892;a;
0.881;0.848,0.85,0.267,0.0952,0.197,0.601,0.679,0.121,0.531,0.853;a;
0.815;0.194,0.552,0.915,0.313,0.924,0.133,0.532,0.399,0.253,0.518;aaaa;
0.939;0.514,0.436,0.97,0.0117,0.107,0.0894,0.933,0.822,0.585,0.4;a;
0.637;0.625,0.209,0.402,0.13,0.294,0.399,0.52,0.912,0.632,0.472;aa;
0.659;0.524,0.0984,0.571,0.113,0.89,0.434,0.549,0.919,0.789,0.4;aaaaaaa;
0.174;0.632,0.617,0.618,0.483,0.929,0.452,0.508,0.221,0.262,0.106;aa;
0.124;0.65,0.455,0.932,0.194,0.315,0.39,0.56,0.268,0.208,0.786;a;
0.659;0.85,0.844,0.128,0.0177,0.175,0.405,0.185,0.777,0.327,0.31;aaaaaaaaaa;
0.444;0.531,0.14,0.559,0.742,0.649,0.9,0.424,0.502,0.322,0.786;aaaaaaaa;
0.647;0.898,0.118,0.984,0.578,0.495,0.885,0.743,0.104,0.823,0.704;aaaaaa;
0.13;0.0362,0.141,0.493,0.48,0.842,0.29,0.395,0.113,0.596,0.627;a;
0.396;0.297,0.0338,0.143,0.987,0.0386,0.236,0.618,0.561,0.0659,0.624;aaaaaaaa;
0.519;0.111,0.262,0.833,0.485,0.0156,0.221,0.398,0.159,0.371,0.848;aaa;
0.2;0.949,0.69,0.884,0.438,0.318,0.134,0.257,0.249,0.652,0.0637;aaaaaaaaa;
0.543;0.865,0.161,0.87,0.958,0.0761,0.903,0.963,0.699,0.548,0.0256;aaaa;
0.583;0.225,0.228,0.184,0.0228,0.72,0.408,0.838,0.666,0.0904,0.734;aaaaaaaaa;
0.357;0.832,0.172,0.0692,0.978,0.0917,0.563,0.0786,0.747,0.898,0.706;aaaaaaaa;
0.244;0.977,0.299,0.302,0.82,0.441,0.714,0.816,0.876,0.914,0.528;aaaaaaaaa;
0.696;0.398,0.0648,0.853,0.409,0.0857,0.222,0.167,0.935,0.849,0.0563;aaaaa;
0.0895;0.257,0.203,0.731,0.999,0.726,0.14,0.618,0.953,0.953,0.842;aaa;
0.845;0.706,0.386,0.884,0.574,0.982,0.207,0.202,0.564,0.628,0.305;aaa;
0.324;0.752,0.662,0.474,0.339,0.275,0.485,0.526,0.46,0.785,0.356;aaa;
0.481;0.692,0.243,0.904,0.612,0.949,0.254,0.336,0.87,0.632,0.443;aaaaaaa;
0.578;0.635,0.0106,0.527,0.213,0.876,0.694,0.846,0.117,0.637,0.06;a;
0.451;0.323,0.931,0.277,0.827,0.339,0.844,0.262,0.511,0.982,0.759;aa;
0.203;0.506,0.0281,0.362,0.808,0.0842,0.968,0.0155,0.843,0.611,0.787;aaaaaaa;
0.234;0.526,0.542,0.736,0.755,0.364,0.023,0.272,0.136,0.115,0.743;aaaaaa;
0.462;0.653,0.995,0.845,0.414,0.887,0.407,0.738,0.43,0.197,0.538;aa;
0.605;0.716,0.0593,0.83,0.233,0.605,0.57,0.435,0.0462,0.0234,0.215;aaaa;
0.915;0.335,0.827,0.763,0.785,0.388,0.389,0.046,0.811,0.791,0.279;aaa;
0.907;0.528,0.531,0.515,0.311,0.768,0.123,0.372,0.394,0.661,0.495;aaa;
0.251;0.254,0.656,0.863,0.611,0.21,0.668,0.682,0.811,0.663,0.152;aaaaaaaaaa;
0.841;0.131,0.76,0.704,0.742,0.16,0.324,0.0766,0.764,0.498,0.0349;aaa;
0.585;0.203,0.429,0.377,0.0362,0.429,0.126,0.74,0.847,0.0577,0.418;aa;
0.404;0.156,0.404,0.582,0.435,0.26,0.975,0.93,0.29,0.183,0.827;aaaaaaaaaa;
0.347;0.118,0.0661,0.413,0.339,0.316,0.658,0.0857,0.697,0.27,0.475;a;
0.472;0.779,0.793,0.222,0.0377,0.304,0.723,0.0992,0.616,0.7,0.751;aaaaa;
0.844;0.4,0.369,0.689,0.307,0.748,0.679,0.283,0.264,0.841,0.12;aaaa;
0.654;0.2,0.328,0.347,0.771,0.562,0.653,0.867,0.405,0.882,0.405;aaaaaaaaaa;
0.625;0.0124,0.12,0.556,0.608,0.966,0.808,0.531,0.774,0.265,0.176;aaa;
0.16;0.58,0.999,0.0387,0.316,0.105,0.497,0.106,0.0354,0.317,0.584;aaa;
0.811;0.0744,0.784,0.221,0.249,0.905,0.115,0.83,0.793,0.195,0.496;aa;
0.992;0.00279,0.144,0.545,0.409,0.771,0.102,0.269,0.0921,0.511,0.495;aa;
0.519;0.223,0.276,0.864,0.122,0.678,0.955,0.8,0.505,0.0438,0.16;a;
0.52;0.837,0.286,0.727,0.841,0.806,0.427,0.936,0.916,0.0119,0.958;aa;
0.469;0.312,0.138,0.331,0.303,0.624,0.542,0.796,0.000856,0.16,0.999;aa;
0.663;0.216,0.673,0.0981,0.708,0.233,0.371,0.222,0.133,0.201,0.437;aa;
0.263;0.631,0.375,0.314,0.191,0.602,0.873,0.632,0.541,0.133,0.0837;aa;
0.589;0.594,0.953,0.949,0.889,0.162,0.227,0.392,0.552,0.932,0.124;aaa;
0.777;0.652,0.193,0.471,0.716,0.701,0.154,0.0355,0.984,0.724,0.0819;aaaaaaaaa;
0.117;0.274,0.897,0.524,0.385,0.493,0.428,0.482,0.937,0.141,0.196;aaaaaaaaa;
0.768;0.442,0.0114,0.969,0.449,0.757,0.734,0.524,0.836,0.0684,0.69;aaaaaaaaaa;
0.422;0.419,0.396,0.526,0.713,0.553,0.783,0.966,0.752,0.876,0.677;aaa;
0.922;0.216,0.066,0.723,0.132,0.986,0.153,0.133,0.439,0.432,0.947;aaa;
0.0845;0.761,0.0935,0.917,0.558,0.781,0.638,0.0353,0.543,0.954,0.57;aa;
0.422;0.355,0.652,0.705,0.109,0.47,0.43,0.436,0.257,0.363,0.67;aaaaaaaa;
0.576;0.109,0.17,0.927,0.314,0.122,0.0085,0.776,0.322,0.212,0.0132;aaaaaaaa;
0.129;0.897,0.774,0.419,0.265,0.348,0.205,0.535,0.595,0.896,0.71;aaaaaaaaa;
0.259;0.383,0.731,0.982,0.607,0.906,0.964,0.706,0.823,0.134,0.777;aaaaa;
0.26;0.122,0.303,0.161,0.605,0.939,0.479,0.18,0.906,0.337,0.91;aaaa;
0.234;0.317,0.168,0.298,0.901,0.399,0.267,0.0243,0.843,0.595,0.411;aaa;
0.163;0.85,0.945,0.12,0.442,0.774,0.354,0.984,0.677,0.72,0.723;aaaaa;
0.7;0.516,0.407,0.203,0.86,0.9,0.137,0.929,0.624,0.51,0.321;aaa;
0.699;0.918,0.806,0.759,0.288,0.198,0.279,0.533,0.431,0.591,0.84;aaa;
0.116;0.706,0.415,0.329,0.13,0.122,0.0505,0.376,0.468,0.507,0.526;aaaaaaa;
0.605;0.82,0.152,0.579,0.825,0.405,0.589,0.44,0.745,0.482,0.295;aaaaaa;
0.128;0.379,0.877,0.701,0.597,0.0915,0.409,0.484,0.568,0.049,0.103;aaaaaaaaa;
0.284;0.161,0.0312,0.56,0.0631,0.872,0.714,0.711,0.478,0.314,0.656;aaaaaaa;
0.639;0.967,0.595,0.931,0.983,0.866,0.0929,0.698,0.276,0.927,0.118;aaaa;
0.188;0.283,0.713,0.306,0.113,0.878,0.373,0.739,0.245,0.171,0.458;aaaaaaaa;
0.832;0.136,0.487,0.0538,0.819,0.588,0.93,0.595,0.28,0.585,0.804;aaaaa;
0.419;0.0211,0.14,0.859,0.954,0.538,0.996,0.0104,0.361,0.0941,0.173;aaa;
0.119;0.593,0.783,0.134,0.583,0.0513,0.73,0.0871,0.546,0.227,0.341;aaaa;
0.493;0.543,0.904,0.402,0.548,0.0586,0.653,0.349,0.96,0.494,0.886;aaaaaaaaa;
0.724;0.0229,0.474,0.528,0.226,0.303,0.88,0.335,0.552,0.46,0.985;aaaaaa;
0.665;0.727,0.896,0.544,0.314,0.461,0.224,0.0519,0.87,0.821,0.29;aaaaa;
0.0337;0.387,0.251,0.424,0.892,0.789,0.828,0.126,0.0111,0.862,0.864;aaaaaaa;
0.54;0.609,0.889,0.195,0.393,0.659,0.12,0.371,0.218,0.629,0.487;aaaaaa;
0.5;0.293,0.292,0.157,0.869,0.331,0.643,0.576,0.224,0.0635,0.332;aaaa;
0.653;0.485,0.851,0.921,0.771,0.395,0.563,0.0583,0.192,0.493,0.887;aaaaaaaaaa;
0.566;0.988,0.28,0.376,0.126,0.437,0.525,0.704,0.197,0.441,0.571;aaa;
0.93;0.653,0.0286,0.252,0.287,0.342,0.741,0.0467,0.212,0.786,0.894;aa;
0.0907;0.0398,0.54,0.173,0.674,0.391,0.69,0.974,0.248,0.646,0.817;aaaaaaaa;
0.413;0.519,0.301,0.347,0.557,0.716,0.622,0.693,0.623,0.935,0.541;aaa;
0.492;0.588,0.383,0.895,0.643,0.681,0.856,0.765,0.813,0.168,0.148;aaaa;
0.54;0.22,0.798,0.925,0.76,0.507,0.473,0.633,0.21,0.747,0.449;a;
0.784;0.23,0.384,0.079,0.504,0.951,0.707,0.288,0.414,0.963,0.361;aaa;
0.907;0.0269,0.22,0.961,0.214,0.104,0.239,0.191,0.658,0.0676,0.0795;aaaa;
0.976;0.151,0.975,0.573,0.436,0.807,0.969,0.191,0.116,0.58,0.756;aaaa;
0.195;0.604,0.751,0.896,0.0777,0.958,0.0756,0.599,0.441,0.147,0.996;aaaaa;
0.79;0.723,0.253,0.0364,0.159,0.165,0.0639,0.853,0.629,0.679,0.146;aaaaaaaaa;
0.617;0.126,0.297,0.994,0.789,0.792,0.93,0.384,0.0609,0.16,0.211;aaaaaaaa;
0.263;0.388,0.308,0.132,0.988,0.97,0.309,0.229,0.319,0.7,0.651;aaaaaaaa;
0.548;0.197,0.0065,0.99,0.509,0.473,0.697,0.0608,0.923,0.256,0.76;aaaaaa;
0.787;0.17,0.427,0.625,0.326,0.564,0.182,0.64,0.889,0.559,0.11;aaaaa;
0.167;0.635,0.954,0.438,0.917,0.81,0.775,0.573,0.0907,0.0099,0.746;aaaa;
0.341;0.216,0.689,0.115,0.329,0.16,0.168,0.0265,0.637,0.535,0.745;aaaaaaa;
0.703;0.269,0.429,0.64,0.678,0.0713,0.354,0.507,0.359,0.315,0.667;aaaaaaaaaa;
0.673;0.0596,0.355,0.574,0.88,0.337,0.065,0.264,0.159,0.262,0.501;aaaaaa;
0.731;0.666,0.913,0.713,0.352,0.311,0.553,0.249,0.142,0.189,0.924;aaa;
0.394;0.787,0.0834,0.924,0.33,0.687,0.554,0.432,0.13,0.489,0.507;aaaaaaaaa;
0.147;0.00504,0.0999,0.816,0.783,0.286,0.0164,0.866,0.474,0.274,0.85;aaaaaa;
0.855;0.859,0.882,0.0948,0.697,0.544,0.579,0.537,0.0538,0.585,0.157;a;
0.376;0.0344,0.824,0.963,0.345,0.0496,0.74,0.854,0.95,0.251,0.528;aaaaaaa;
0.295;0.817,0.0692,0.0698,0.561,0.551,0.357,0.827,0.848,0.892,0.0936;aaaaaa;
0.0495;0.945,0.132,0.492,0.881,0.361,0.997,0.923,0.172,0.766,0.504;aaaaaaaaaa;
0.777;0.251,0.469,0.569,0.784,0.171,0.972,0.577,0.924,0.627,0.326;aa;
0.944;0.46,0.597,0.503,0.262,0.0594,0.538,0.106,0.131,0.363,0.718;aaaaaaaaaa;
0.613;0.193,0.864,0.304,0.0408,0.344,0.817,0.953,0.432,0.817,0.91;aaaaa;
0.349;0.193,0.416,0.102,0.53,0.451,0.37,0.657,0.54,0.609,0.0985;aaa;
0.922;0.311,0.196,0.0562,0.182,0.622,0.133,0.745,0.5,0.102,0.882;aaaaaa;
0.892;0.846,0.943,0.00318,0.444,0.177,0.504,0.636,0.998,0.27,0.917;aaaaaa;
0.855;0.251,0.918,0.274,0.196,0.0227,0.89,0.112,0.243,0.362,0.0736;aaaa;
0.689;0.734,0.582,0.401,0.809,0.761,0.821,0.101,0.165,0.556,0.882;aaaa;
0.215;0.0288,0.774,0.0791,0.0646,0.016,0.346,0.818,0.897,0.163,0.856;aaaaaa;
0.0869;0.491,0.0561,0.171,0.811,0.611,0.777,0.0754,0.191,0.821,0.683;aa;
0.802;0.753,0.22,0.921,0.0411,0.213,0.441,0.309,0.555,0.306,0.135;a;
0.492;0.939,0.766,0.317,0.855,0.675,0.679,0.372,0.536,0.609,0.0775;a;
0.765;0.525,0.758,0.188,0.119,0.564,0.487,0.527,0.538,0.913,0.598;aaaaaaaa;
0.838;0.395,0.708,0.764,0.352,0.983,0.16,0.91,0.816,0.461,0.578;aaaaaaaa;
0.533;0.522,0.0761,0.83,0.553,0.413,0.459,0.555,0.0284,0.311,0.476;aa;
0.339;0.332,0.886,0.119,0.723,0.945,0.932,0.306,0.261,0.192,0.394;aaa;
0.453;0.729,0.429,0.851,0.257,0.625,0.424,0.873,0.627,0.82,0.223;aaaaaaa;
0.699;0.37,0.474,0.413,0.869,0.641,0.353,0.371,0.584,0.542,0.079;a;
0.0939;0.318,0.659,0.106,0.291,0.486,0.612,0.381,0.528,0.205,0.75;aaaaaa;
0.8;0.374,0.364,0.848,0.981,0.731,0.867,0.534,0.686,0.211,0.213;aaaaaaaaaa;
0.0858;0.316,0.546,0.16,0.104,0.846,0.746,0.0411,0.0141,0.00916,0.241;aaaaaaa;
0.0801;0.674,0.192,0.00194,0.056,0.402,0.848,0.527,0.489,0.877,0.103;aaaa;
0.895;0.287,0.562,0.303,0.0592,0.317,0.463,0.486,0.816,0.214,0.82;aaaaaa;
0.241;0.952,0.769,0.44,0.986,0.184,0.0472,0.847,0.00133,0.868,0.409;aaaaaa;
0.0746;0.65,0.246,0.965,0.307,0.863,0.271,0.191,0.835,0.499,0.091;aaaaaa;
0.0136;0.115,0.5,0.693,0.44,0.946,0.403,0.929,0.415,0.924,0.935;aaaaaaaaaa;
0.432;0.238,0.229,0.058,0.952,0.763,0.529,0.525,0.513,0.822,0.33;aaaaaaaa;
0.24;0.557,0.56,0.53,0.0338,0.661,0.181,0.535,0.563,0.988,0.699;aaaa;
0.136;0.114,0.1,0.112,0.85,0.858,0.0352,0.201,0.808,0.586,0.122;aaaaaa;
0.0383;0.395,0.775,0.421,0.741,0.694,0.42,0.783,0.431,0.0861,0.108;aaaa;
0.714;0.641,0.507,0.885,0.00685,0.0312,0.753,0.711,0.452,0.035,0.0583;aaaaa;
0.693;0.892,0.197,0.384,0.205,0.122,0.981,0.102,0.564,0.847,0.863;aaaaaaaa;
0.0331;0.0396,0.525,0.696,0.684,0.318,0.193,0.409,0.154,0.905,0.295;a;
0.745;0.139,0.735,0.817,0.089,0.757,0.0719,0.033,0.596,0.148,0.468;aaaaaaaaa;
0.594;0.16,0.491,0.671,0.147,0.765,0.632,0.539,0.866,0.969,0.489;aaaaaaaa;
0.65;0.658,0.639,0.0456,0.823,0.434,0.226,0.982,0.22,0.0103,0.0894;aaaaaaaaaa;
0.929;0.845,0.803,0.855,0.503,0.394,0.831,0.00384,0.32,0.173,0.554;aaaaaaa;
0.975;0.378,0.524,0.688,0.51,0.259,0.91,0.223,0.437,0.824,0.219;aaaaaaaaaa;
0.753;0.196,0.0565,0.598,0.239,0.185,0.0737,0.579,0.528,0.988,0.214;aa;
0.86;0.0686,0.8,0.768,0.00165,0.964,0.376,0.454,0.573,0.659,0.122;aaaaaaaa;
0.973;0.246,0.824,0.7,0.548,0.849,0.867,0.378,0.159,0.214,0.31;aaaaa;
1;0.567,0.498,0.648,0.0837,0.845,0.124,0.863,0.239,0.315,0.883;aaaaa;
0.637;0.121,0.818,0.386,0.857,0.105,0.841,0.91,0.0386,0.933,0.905;a;
0.484;0.193,0.378,0.675,0.909,0.394,0.613,0.477,0.158,0.0309,0.486;aaaaaaa;
0.597;0.487,0.64,0.911,0.226,0.428,0.985,0.475,0.63,0.361,0.0365;aaaaa;
1;0.498,0.188,0.383,0.704,0.311,0.0666,0.936,0.584,0.643,0.138;aaaaaa;
0.173;0.46,0.944,0.343,0.309,0.475,0.831,0.652,0.96,0.857,0.211;aaa;
0.15;0.153,0.365,0.649,0.656,0.743,0.865,0.279,0.318,0.59,0.687;aaaaaa;
0.793;0.158,0.887,0.526,0.326,0.821,0.71,0.938,0.906,0.122,0.605;aaaaa;
0.622;0.0731,0.352,0.321,0.969,0.458,0.0704,0.97,0.13,0.0171,0.537;aaa;
0.369;0.399,0.12,0.916,0.488,0.21,0.352,0.986,0.751,0.152,0.0446;aaaaaaaaaa;
0.0814;0.704,0.0702,0.854,0.805,0.506,0.935,0.986,0.916,0.937,0.265;aaaaa;
0.787;0.972,0.292,0.717,0.406,0.862,0.323,0.877,0.312,0.321,0.807;aaaaaaaa;
0.811;0.527,0.51,0.3,0.476,0.168,0.226,0.485,0.26,0.628,0.819;aaaaaa;
0.35;0.222,0.159,0.00283,0.505,0.976,0.37,0.663,0.313,0.852,0.517;aaaaaaaaaa;
0.91;0.212,0.721,0.316,0.0142,0.802,0.692,0.233,0.0792,0.547,0.414;a;
0.174;0.369,0.564,0.0128,0.704,0.195,0.317,0.832,0.241,0.38,0.948;a;
0.185;0.843,0.285,0.261,0.347,0.354,0.555,0.447,0.79,0.988,0.618;aa;
0.00163;0.238,0.00161,0.25,0.0623,0.199,0.967,0.777,0.278,0.617,0.545;aaaa;
0.331;0.0484,0.62,0.926,0.351,0.963,0.62,0.0188,0.664,0.805,0.29;aaaaaa;
0.948;0.269,0.154,0.264,0.352,0.858,0.0333,0.197,0.705,0.812,0.559;aaaaaaaa;
0.659;0.337,0.45,0.998,0.351,0.725,0.144,0.0266,0.553,0.195,0.537;aaaa;
0.76;0.0361,0.67,0.129,0.519,0.914,0.532,0.211,0.595,0.294,0.827;aaaaa;
0.787;0.402,0.159,0.21,0.257,0.0645,0.224,0.395,0.597,0.123,0.26;aaa;
0.525;0.426,0.0802,0.739,0.818,0.45,0.542,0.553,0.548,0.291,0.892;a;
0.86;0.263,0.795,0.105,0.723,0.457,0.583,0.0838,0.506,0.277,0.423;aaaaaaa;
0.42;0.318,0.879,0.0449,0.662,0.3,0.018,0.519,0.562,0.181,0.781;aaaaaa;
0.543;0.916,0.342,0.705,0.962,0.15,0.144,0.647,0.583,0.438,0.835;aaaaaaaaaa;
0.0697;0.718,0.987,0.279,0.722,0.653,0.49,0.147,0.259,0.796,0.801;aaaaaaaaa;
0.546;0.76,0.242,0.0248,0.119,0.99,0.132,0.943,0.138,0.81,0.284;aaaaaaaa;
0.58;0.588,0.551,0.416,0.396,0.413,0.0913,0.938,0.841,0.954,0.406;aaaaaa;
0.215;0.646,0.261,0.979,0.304,0.107,0.205,0.537,0.362,0.106,0.79;aa;
0.508;0.0596,0.453,0.671,0.565,0.277,0.149,0.921,0.844,0.166,0.699;aaaa;
0.778;0.693,0.239,0.413,0.583,0.242,0.556,0.668,0.561,0.401,0.202;aaaaaaaaa;
0.597;0.663,0.0687,0.614,0.857,0.0981,0.311,0.894,0.775,0.0956,0.85;aaaa;
0.404;0.701,0.683,0.0836,0.868,0.108,0.0117,0.376,0.809,0.213,0.622;aa;
0.436;0.338,0.653,0.558,0.0164,0.914,0.847,0.751,0.606,0.456,0.408;aaaaaaaaa;
0.726;0.97,0.986,0.342,0.825,0.7,0.726,0.411,0.159,0.657,0.294;aaa;
0.905;0.24,0.129,0.691,0.322,0.062,0.87,0.699,0.313,0.561,0.0856;aaaaa;
0.804;0.152,0.171,0.146,0.907,0.922,0.127,0.53,0.977,0.801,0.465;aaaaaaaaaa;
0.737;0.231,0.0557,0.162,0.0328,0.269,0.44,0.433,0.48,0.318,0.135;aaaaaaaaaa;
0.316;0.726,0.35,0.154,0.249,0.481,0.206,0.723,0.174,0.783,0.791;aa;
0.429;0.104,0.289,0.261,0.308,0.128,0.721,0.85,0.12,0.331,0.162;aaaaaaa;
0.634;0.968,0.788,0.407,0.68,0.294,0.305,0.0705,0.106,0.566,0.0922;aaaaaaaa;
0.404;0.562,0.948,0.3,0.195,0.607,0.604,0.769,0.378,0.453,0.0491;a;
0.0183;0.0544,0.381,0.344,0.655,0.443,0.418,0.422,0.711,0.35,0.916;aaaaa;
0.983;0.0988,0.768,0.00837,0.989,0.638,0.859,0.921,0.386,0.955,0.475;aaaa;
0.796;0.848,0.369,0.338,0.863,0.723,0.259,0.769,0.484,0.16,0.582;aaaaa;
0.872;0.386,0.2,0.497,0.991,0.849,0.924,0.831,0.824,0.505,0.0266;aaaa;
0.452;0.278,0.668,0.0186,0.654,0.243,0.746,0.794,0.636,0.739,0.52;aaaaaaaaaa;
0.135;0.54,0.0289,0.58,0.57,0.377,0.169,0.108,0.698,0.355,0.185;aaaaa;
0.338;0.439,0.983,0.213,0.321,0.11,0.192,0.485,0.0774,0.334,0.929;aaaaaa;
0.898;0.363,0.452,0.868,0.565,0.504,0.234,0.533,0.492,0.165,0.627;aaa;
0.754;0.943,0.406,0.122,0.959,0.134,0.416,0.842,0.872,0.239,0.0997;aaaaa;
0.727;0.452,0.99,0.567,0.0177,0.481,0.887,0.313,0.0127,0.88,0.174;aaaa;
0.102;0.0333,0.912,0.963,0.506,0.551,0.0227,0.185,0.76,0.0163,0.436;aaaaaaaaaa;
0.821;0.43,0.243,0.923,0.446,0.685,0.516,0.99,0.12,0.502,0.72;aa;
0.256;0.612,0.126,0.294,0.253,0.238,0.00653,0.985,0.959,0.487,0.961;aaaaaaaaaa;
0.565;0.22,0.14,0.546,0.422,0.64,0.396,0.294,0.58,0.335,0.725;aaaaaaaa;
0.0968;0.701,0.903,0.0164,0.294,0.5,0.746,0.0282,0.0657,0.672,0.606;aaaaaa;
0.764;0.487,0.108,0.358,0.305,0.222,0.798,0.902,0.121,0.329,0.112;aaaaaaaaa;
0.26;0.588,0.698,0.129,0.393,0.415,0.175,0.872,0.943,0.699,0.899;aaaa;
0.893;0.325,0.616,0.443,0.217,0.199,0.068,0.151,0.821,0.209,0.169;aaaaaa;
0.0521;0.648,0.277,0.106,0.557,0.849,0.439,0.231,0.444,0.393,0.649;a;
0.861;0.254,0.348,0.198,0.544,0.379,0.548,0.545,0.994,0.68,0.865;aaaaaa;
0.0155;0.0441,0.127,0.213,0.887,0.715,0.54,0.0937,0.393,0.312,0.528;aaaaaaaaa;
0.145;0.859,0.412,0.408,0.385,0.857,0.272,0.59,0.935,0.377,0.517;aaa;
0.554;0.624,0.819,0.787,0.287,0.531,0.417,0.183,0.0826,0.778,0.19;aaaaa;
0.883;0.225,0.925,0.183,0.383,0.119,0.539,0.167,0.146,0.44,0.972;a;
0.515;0.581,0.587,0.193,0.294,0.965,0.356,0.0667,0.34,0.185,0.702;aaaaaaaaaa;
0.248;0.894,0.756,0.987,0.53,0.747,0.0206,0.624,0.557,0.472,0.191;aa;
0.996;0.518,0.317,0.501,0.746,0.463,0.425,0.339,0.475,0.0167,0.604;aaaa;
0.87;0.269,0.685,0.221,0.575,0.323,0.883,0.0697,0.354,0.495,0.36;aaaaaaa;
0.0701;0.447,0.219,0.346,0.395,0.629,0.897,0.737,0.0699,0.315,0.481;aaaa;
0.717;0.5,0.504,0.669,0.661,0.55,0.546,0.894,0.13,0.844,0.133;aaaaa;
0.18;0.512,0.017,0.589,0.855,0.238,0.035,0.378,0.047,0.519,0.884;aaaaaaaa;
0.132;0.182,0.656,0.136,0.572,0.408,0.492,0.958,0.0631,0.855,0.763;aaaaaa;
0.335;0.811,0.822,0.855,0.475,0.886,0.924,0.588,0.252,0.878,0.349;aaaaa;
0.13;0.164,0.517,0.208,0.405,0.183,0.196,0.382,0.854,0.404,0.921;aaaaaaaaa;
0.072;0.737,0.947,0.859,0.174,0.865,0.841,0.834,0.257,0.416,0.816;aaaaaaaaaa;
0.664;0.79,0.112,0.655,0.178,0.854,0.858,0.648,0.778,0.0581,0.0508;aaaaaa;
0.835;0.92,0.693,0.247,0.699,0.573,0.864,0.915,0.719,0.265,0.216;aaaaaaaaaa;
0.64;0.876,0.936,0.903,0.654,0.468,0.689,0.557,0.751,0.0937,0.327;aaaaaaa;
0.867;0.0354,0.509,0.542,0.369,0.649,0.758,0.343,0.726,0.85,0.265;aaaaaaaaa;
0.265;0.503,0.0264,0.321,0.422,0.978,0.374,0.577,0.261,0.616,0.635;aaaaaaaa;
0.0435;0.0625,0.216,0.138,0.438,0.634,0.973,0.962,0.796,0.505,0.913;a;
0.512;0.272,0.365,0.356,0.529,0.342,0.305,0.794,0.604,0.44,0.382;aaaaaaaaaa;
0.236;0.258,0.954,0.493,0.823,0.564,0.993,0.34,0.918,0.11,0.658;a;
0.978;0.994,0.715,0.578,0.425,0.649,0.393,0.371,0.357,0.086,0.231;aaaaaaa;
0.291;0.288,0.305,0.916,0.145,0.00681,0.119,0.459,0.308,0.663,0.105;aaaaaa;
0.129;0.65,0.218,0.416,0.831,0.112,0.0445,0.328,0.067,0.0702,0.482;aaaaaaaaaa;
0.625;0.662,0.996,0.715,0.00146,0.915,0.449,0.161,0.0449,0.903,0.025;aaa;
0.779;0.406,0.482,0.87,0.798,0.858,0.77,0.292,0.884,0.58,0.645;aa;
0.648;0.675,0.931,0.0467,0.996,0.257,0.832,0.0266,0.801,0.397,0.183;aa;
0.406;0.796,0.955,0.348,0.086,0.0388,0.427,0.288,0.214,0.572,0.293;aaaaaaa;
0.401;0.83,0.48,0.645,0.774,0.445,0.403,0.7,0.238,0.673,0.594;aaaaaa;
0.82;0.155,0.682,0.859,0.944,0.75,0.763,0.658,0.687,0.449,0.85;aaaaa;
0.59;0.763,0.556,0.362,0.978,0.305,0.426,0.843,0.941,0.146,0.496;aaa;
0.203;0.706,0.668,0.733,0.162,0.99,0.29,0.502,0.0451,0.399,0.257;aaaaaaa;
0.337;0.759,0.289,0.167,0.422,0.238,0.698,0.213,0.676,0.511,0.701;aaaaaaaaaa;
0.764;0.0103,0.492,0.693,0.963,0.349,0.00682,0.722,0.716,0.824,0.957;aaaaaaaaa;
0.901;0.545,0.392,0.499,0.771,0.302,0.185,0.459,0.758,0.0292,0.387;aaaaaaaaa;
0.156;0.983,0.656,0.575,0.529,0.03,0.81,0.000432,0.0818,0.765,0.981;aaa;
0.142;0.879,0.918,0.446,0.941,0.12,0.0397,0.131,0.458,0.925,0.438;aaa;
0.616;0.0413,0.242,0.0864,0.0671,0.409,0.614,0.625,0.0718,0.128,0.238;aaaaaaaa;
0.763;0.302,0.496,0.081,0.648,0.862,0.775,0.233,0.321,0.237,0.494;a;
0.506;0.523,0.55,0.677,0.103,0.453,0.943,0.23,0.885,0.631,0.951;aaaaaaa;
0.644;0.0715,0.504,0.0161,0.982,0.64,0.247,0.267,0.17,0.662,0.756;aaaaa;
0.313;0.375,0.868,0.823,0.407,0.571,0.0168,0.754,0.848,0.222,0.902;aaaaaaaaaa;
0.362;0.275,0.778,0.746,0.293,0.573,0.737,0.971,0.503,0.186,0.256;aaa;
0.776;0.0336,0.439,0.73,0.405,0.681,0.363,0.652,0.59,0.125,0.592;a;
0.988;0.225,0.541,0.822,0.133,0.497,0.996,0.485,0.244,0.309,0.356;aaaaaaa;
0.092;0.711,0.706,0.986,0.643,0.582,0.0627,0.605,0.731,0.477,0.218;a;
0.0165;0.498,0.403,0.0813,0.562,0.846,0.572,0.437,0.244,0.0113,0.734;aaaaaaaaa;
0.31;0.385,0.61,0.477,0.562,0.725,0.29,0.145,0.13,0.743,0.327;aaaaaaaaa;
0.413;0.218,0.544,0.668,0.404,0.429,0.5,0.398,0.559,0.457,0.122;aaaaaaaaaa;
0.631;0.837,0.616,0.524,0.149,0.409,0.368,0.215,0.305,0.744,0.705;aaaaaaa;
0.589;0.882,0.516,0.741,0.686,0.0159,0.279,0.251,0.753,0.437,0.546;aaaaaa;
0.269;0.926,0.767,0.586,0.7,0.867,0.78,0.28,0.47,0.341,0.839;aaa;
0.508;0.11,0.679,0.37,0.173,0.178,0.869,0.918,0.795,0.255,0.149;aaaaaaaaaa;
0.707;0.779,0.607,0.629,0.697,0.757,0.203,0.0128,0.495,1,0.798;a;
0.205;0.243,0.696,0.0278,0.425,0.0562,0.778,0.88,0.663,0.455,0.384;aaaaaaaaa;
0.638;0.0392,0.733,0.731,0.529,0.158,0.247,0.29,0.426,0.862,0.914;aaaaaaaaa;
0.741;0.878,0.182,0.0596,0.701,0.518,0.134,0.571,0.941,0.778,0.345;aaaaa;
0.789;0.482,0.739,0.677,0.742,0.156,0.799,0.987,0.492,0.776,0.906;aaaaaa;
0.281;0.0667,0.91,0.877,0.141,0.909,0.74,0.68,0.28,0.232,0.295;aaaaaaa;
0.945;0.71,0.553,0.136,0.0389,0.329,0.541,0.801,0.281,0.411,0.425;aaaaaaaa;
0.29;0.874,0.262,0.0185,0.828,0.938,0.43,0.493,0.253,0.291,0.0666;aaa;
0.472;0.893,0.0225,0.677,0.589,0.0261,0.201,0.727,0.617,0.219,0.118;a;
0.829;0.701,0.988,0.302,0.891,0.326,0.697,0.373,0.458,0.161,0.347;aaaaaaaaa;
0.381;0.493,0.213,0.134,0.45,0.986,0.562,0.152,0.498,0.622,0.921;aaaaaaaaaa;
0.651;0.0386,0.335,0.614,0.105,0.181,0.944,0.588,0.824,0.475,0.88;aaaaaaaa;
0.541;0.525,0.287,0.827,0.816,0.108,0.0229,0.917,0.185,0.867,0.00794;aaa;
0.608;0.926,0.406,0.0516,0.536,0.687,0.604,0.873,0.154,0.987,0.567;aaaaa;
0.596;0.84,0.145,0.644,0.583,0.528,0.668,0.0351,0.101,0.992,0.2;aaaaa;
0.313;0.157,0.53,0.956,0.74,0.33,0.524,0.0167,0.00936,0.258,0.583;a;
0.538;0.303,0.896,0.961,0.979,0.956,0.504,0.353,0.388,0.382,0.274;aaaaaaa;
0.086;0.113,0.907,0.116,0.971,0.259,0.844,0.653,0.312,0.462,0.569;aaaaaaaaa;
0.0656;0.559,0.33,0.273,0.67,0.502,0.668,0.242,0.856,0.393,0.3;aaaaaa;
0.224;0.232,0.559,0.863,0.483,0.937,0.948,0.167,0.572,0.525,0.409;aaaaaaaaaa;
0.108;0.639,0.605,0.635,0.518,0.302,0.787,0.561,0.854,0.0809,0.991;a;
0.404;0.597,0.823,0.337,0.165,0.357,0.166,0.85,0.561,0.949,0.297;aaaaa;
0.0501;0.821,0.371,0.525,0.285,0.428,0.803,0.763,0.588,0.0153,0.874;aaaaaa;
0.888;0.498,0.299,0.58,0.067,0.877,0.223,0.171,0.437,0.0588,0.759;aaaaaaaa;
0.527;0.832,0.181,0.671,0.386,0.576,0.618,0.269,0.159,0.787,0.273;aaaaaaaa;
0.233;0.71,0.644,0.985,0.197,0.815,0.456,0.664,0.243,0.527,0.297;aaaa;
0.78;0.18,0.22,0.303,0.361,0.361,0.556,0.771,0.86,0.835,0.058;aaa;
0.455;0.776,0.332,0.425,0.71,0.0233,0.987,0.574,0.68,0.0739,0.993;aa;
0.147;0.677,0.773,0.13,0.0466,0.811,0.917,0.642,0.254,0.735,0.074;aaaaaaaa;
0.117;0.125,0.0168,0.617,0.112,0.898,0.959,0.15,0.687,0.705,0.854;aaaaaaaaa;
0.59;0.57,0.294,0.441,0.714,0.117,0.867,0.515,0.657,0.517,0.144;a;
0.73;0.302,0.71,0.898,0.83,0.111,0.941,0.318,0.967,0.54,0.771;aaaa;
0.361;0.844,0.0763,0.909,0.0213,0.53,0.847,0.296,0.87,0.884,0.368;aaa;
0.0803;0.237,0.12,0.158,0.902,0.0457,0.468,0.607,0.238,0.73,0.02;aa;
0.0503;0.657,0.822,0.00295,0.412,0.783,0.448,0.916,0.582,0.0733,0.636;aaaaaaaaaa;
0.124;0.254,0.969,0.179,0.855,0.651,0.374,0.343,0.278,0.483,0.543;aaaaaa;
0.9;0.16,0.806,0.379,0.47,0.534,0.575,0.0902,0.559,0.987,0.0512;a;
0.135;0.71,0.666,0.39,0.677,0.182,0.728,0.92,0.896,0.504,0.0432;a;
0.918;0.432,0.294,0.191,0.341,0.637,0.743,0.793,0.262,0.147,0.69;a;
0.347;0.181,0.508,0.0234,0.305,0.891,0.0648,0.846,0.672,0.0789,0.481;aaaaaa;
0.468;0.797,0.765,0.696,0.814,0.266,0.0693,0.762,0.0884,0.737,0.283;aaaaaaaaa;
0.445;0.986,0.581,0.18,0.202,0.665,0.408,0.67,0.559,0.614,0.203;aaaaaaa;
0.11;0.491,0.939,0.701,0.149,0.603,0.766,0.65,0.131,0.242,0.806;aaaaaaaa;
0.674;0.433,0.0038,0.819,0.692,0.0398,0.0986,0.318,0.571,0.249,0.999;aaaaaa;
0.417;0.234,0.572,0.404,0.697,0.562,0.917,0.281,0.68,0.908,0.326;aaaaaaaaa;
0.314;0.307,0.466,0.703,0.883,0.191,0.161,0.65,0.141,0.669,0.76;aaaaaaa;
0.86;0.788,0.348,0.965,0.167,0.644,0.284,0.745,0.805,0.581,0.635;aaaaa;
0.486;0.765,0.756,0.186,0.975,0.43,0.245,0.871,0.769,0.227,0.902;aaaaaaa;
0.00157;0.348,0.873,0.117,0.231,0.673,0.677,0.00762,0.649,0.6,0.853;aaaaaaaa;
0.259;0.569,0.869,0.498,0.512,0.0346,0.122,0.77,0.761,0.714,0.262;aaaaaaaaa;
0.315;0.379,0.0836,0.504,0.405,0.498,0.661,0.717,0.997,0.195,0.812;aa;
0.219;0.248,0.657,0.165,0.506,0.991,0.473,0.68,0.208,0.11,0.53;aaaaaaaaaa;
0.975;0.58,0.696,0.518,0.0111,0.847,0.787,0.676,0.857,0.432,0.545;a;
0.916;0.704,0.341,0.283,0.856,0.725,0.0801,0.477,0.64,0.772,0.75;aaaaa;
0.762;0.667,0.172,0.784,0.655,0.925,0.114,0.812,0.221,0.53,0.336;a;
0.0458;0.252,0.383,0.793,0.947,0.0388,0.972,0.823,0.876,0.691,0.449;aaaa;
0.347;0.692,0.0819,0.795,0.447,0.543,0.245,0.038,0.197,0.0836,0.0958;aaaaaaaa;
0.0441;0.378,0.505,0.33,0.846,0.794,0.415,0.472,0.0209,0.387,0.179;a;
0.79;0.771,0.921,0.539,0.0836,0.0635,0.426,0.989,0.692,0.12,0.347;aaaaaaaa;
0.777;0.102,0.593,0.452,0.885,0.251,0.506,0.951,0.298,0.0313,0.368;aaaaaaa;
0.223;0.167,0.341,0.954,0.202,0.0813,0.185,0.144,0.62,0.574,0.142;aaaaaaa;
0.602;0.957,0.571,0.712,0.172,0.168,0.823,0.184,0.879,0.422,0.078;aaaaaaa;
0.455;0.112,0.991,0.38,0.0729,0.851,0.698,0.919,0.21,0.367,0.915;a;
0.439;0.738,0.316,0.837,0.229,0.0295,0.832,0.313,0.0328,0.302,0.598;aaaaa;
0.468;0.0852,0.317,0.858,0.348,0.501,0.087,0.822,0.638,0.256,0.374;aaaa;
0.656;0.822,0.549,0.268,0.441,0.157,0.929,0.688,0.755,0.181,0.909;aaaaaaaaa;
0.995;0.499,0.828,0.64,0.861,0.449,0.0787,0.189,0.362,0.665,0.0295;aaaaa;
0.865;0.216,0.756,0.0829,0.637,0.648,0.999,0.612,0.123,0.0411,0.246;aaaaa;
0.0959;0.075,0.532,0.545,0.932,0.519,0.418,0.682,0.482,0.216,0.0204;aaaaa;
0.635;0.733,0.23,0.498,0.0407,0.798,0.472,0.691,0.122,0.807,0.802;aaaaaaaa;
0.272;0.112,0.749,0.917,0.103,0.242,0.265,0.554,0.834,0.55,0.268;aaaaa;
0.192;0.255,0.46,0.866,0.776,0.737,0.85,0.915,0.731,0.413,0.505;aaaaaaa;
0.689;0.667,0.796,0.436,0.497,0.537,0.685,0.82,0.326,0.579,0.268;aaaaa;
0.826;0.879,0.746,0.777,0.246,0.931,0.61,0.117,0.0962,0.694,0.802;aaaaa;
0.958;0.13,0.787,0.949,0.195,0.379,0.471,0.847,0.727,0.5,0.455;aaaaaaaaaa;
0.23;0.518,0.562,0.995,0.164,0.649,0.242,0.0258,0.34,0.785,0.291;aaa;
0.358;0.226,0.0458,0.514,0.987,0.0536,0.848,0.805,0.467,0.367,0.185;aaa;
0.55;0.947,0.354,0.36,0.821,0.467,0.427,0.116,0.472,0.364,0.27;aaaaa;
0.793;0.647,0.189,0.894,0.387,0.58,0.701,0.244,0.176,0.0424,0.684;aaaa;
0.0395;0.0559,0.638,0.969,0.112,0.996,0.695,0.215,0.704,0.885,0.653;aaaaaaaaaa;
0.0864;0.387,0.22,0.441,0.413,0.231,0.759,0.0124,0.225,0.0475,0.423;aaaaaa;
0.404;0.66,0.527,0.227,0.618,0.469,0.695,0.0672,0.698,0.564,0.759;aaaaaaaaa;
0.263;0.827,0.975,0.572,0.763,0.42,0.47,0.564,0.494,0.943,0.0105;aaaa;
0.964;0.108,0.517,0.335,0.477,0.000494,0.638,0.0098,0.0626,0.746,0.938;aaaaaaaaa;
0.0573;0.895,0.19,0.744,0.793,0.831,0.816,0.46,0.928,0.998,0.0886;aaaa;
0.178;0.952,0.475,0.952,0.635,0.823,0.287,0.161,0.0255,0.291,0.359;aaaaaa;
0.0442;0.106,0.0163,0.0537,0.848,0.438,0.553,0.995,0.641,0.332,0.346;aa;
0.179;0.465,0.325,0.239,0.0227,0.929,0.159,0.352,0.587,0.902,0.767;aaaaaaa;
0.723;0.046,0.417,0.032,0.251,0.637,0.308,0.805,0.839,0.424,0.648;aaaaaaaaaa;
0.0472;0.382,0.277,0.678,0.413,0.558,0.842,0.0574,0.23,0.549,0.27;aa;
0.451;0.507,0.681,0.633,0.945,0.315,0.519,0.87,0.0789,0.663,0.18;aaaa;
0.579;0.724,0.48,0.37,0.872,0.161,0.4,0.749,0.834,0.135,0.267;a;
0.9;0.313,0.0652,0.0761,0.208,0.174,0.461,0.343,0.226,0.967,0.215;aaa;
0.902;0.0107,0.532,0.972,0.103,0.388,0.752,0.115,0.687,0.869,0.95;aaaaaaaa;
0.947;0.271,0.603,0.566,0.776,0.465,0.094,0.189,0.31,0.216,0.069;aaaaaaaa;
0.248;0.101,0.532,0.28,0.568,0.34,0.229,0.463,0.142,0.334,0.255;aaaaaaaa;
0.927;0.196,0.561,0.0965,0.283,0.0445,0.0893,0.872,0.0502,0.174,0.722;aaaaaaaaaa;
0.261;0.138,0.216,0.643,0.57,0.752,0.085,0.291,0.494,0.729,0.0922;aaaa;
0.923;0.477,0.596,0.624,0.258,0.911,0.111,0.835,0.861,0.185,0.137;a;
0.762;0.235,0.936,0.611,0.23,0.25,0.79,0.0853,0.147,0.562,0.038;aaaaaaa;
0.686;0.566,0.287,0.0335,0.637,0.994,0.789,0.161,0.216,0.84,0.497;aaa;
0.363;0.744,0.388,0.0285,0.511,0.289,0.42,0.4,0.39,0.61,0.912;aaa;
0.746;0.737,0.257,0.716,0.756,0.0237,0.282,0.765,0.479,0.254,0.838;aaaa;
0.534;0.575,0.865,0.987,0.477,0.137,0.431,0.265,0.795,0.847,0.138;aa;
0.326;0.134,0.959,0.534,0.143,0.822,0.579,0.643,0.653,0.292,0.675;aaaa;
0.172;0.157,0.422,0.0243,0.965,0.985,0.695,0.437,0.428,0.324,0.94;aaaa;
0.563;0.626,0.928,0.209,0.292,0.0297,0.806,0.0624,0.797,0.708,0.535;aaaaaaaaaa;
0.384;0.204,0.377,0.16,0.451,0.262,0.301,0.551,0.694,0.972,0.72;aaaaaaaaaa;
0.637;0.246,0.252,0.839,0.523,0.745,0.115,0.289,0.169,0.253,0.87;a;
0.602;0.672,0.0768,0.442,0.277,0.0124,0.316,0.0436,0.0751,0.205,0.201;aaa;
0.0507;0.377,0.703,0.79,0.0408,0.888,0.00173,0.449,0.995,0.84,0.922;aaaaaaaaaa;
0.506;0.0934,0.906,0.123,0.554,0.363,0.625,0.772,0.239,0.458,0.864;aaaaa;
0.227;0.166,0.943,0.107,0.657,0.68,0.0407,0.658,0.658,0.342,0.527;aaaaaaa;
0.0726;0.891,0.049,0.345,0.42,0.332,0.201,0.0476,0.27,0.742,0.984;a;
0.0338;0.836,0.0343,0.0302,0.788,0.54,0.356,0.0935,0.0851,0.629,0.478;aaaaaaaa;
0.0435;0.546,0.721,0.186,0.389,0.814,0.224,0.556,0.401,0.197,0.363;aaaaa;
0.461;0.198,0.527,0.831,0.426,0.822,0.56,0.184,0.94,0.608,0.158;aaaaaaaa;
0.371;0.362,0.622,0.472,0.165,0.854,0.463,0.872,0.891,0.326,0.734;aaaaaaaaaa;
0.896;0.502,0.851,0.454,0.275,0.647,0.866,0.328,0.494,0.883,0.457;a;
0.191;0.953,0.956,0.884,0.272,0.264,0.495,0.42,0.73,0.549,0.463;aaaaaa;
0.974;0.249,0.19,0.634,0.785,0.0974,0.951,0.328,0.19,0.506,0.0061;aaaaaaaaaa;
0.654;0.217,0.425,0.364,0.059,0.403,0.653,0.359,0.552,0.503,0.0027;aaaaaaaaaa;
0.905;0.0637,0.755,0.8,0.376,0.158,0.95,0.0516,0.42,0.122,0.388;aaaaaaaa;
0.845;0.408,0.905,0.265,0.873,0.689,0.517,0.0305,0.813,0.442,0.516;aaaaa;
0.995;0.318,0.122,0.44,0.196,0.898,0.0679,0.623,0.357,0.804,0.796;aaaaaaa;
0.443;0.967,0.764,0.952,0.503,0.0694,0.992,0.227,0.403,0.23,0.476;aaaaa;
0.92;0.704,0.174,0.39,0.242,0.752,0.714,0.819,0.255,0.459,0.229;aaaaa;
0.962;0.481,0.189,0.279,0.69,0.543,0.77,0.86,0.491,0.652,0.166;aaa;
0.16;0.469,0.904,0.398,0.665,0.486,0.758,0.95,0.264,0.985,0.867;aaaaaaaaa;
0.419;0.728,0.755,0.717,0.162,0.864,0.882,0.31,0.361,0.883,0.393;aaaaaaa;
0.896;0.454,0.805,0.994,0.637,0.588,0.0269,0.386,0.385,0.451,0.711;aaaaaaaa;
0.1;0.865,0.173,0.97,0.993,0.601,0.617,0.393,0.839,0.411,0.219;aaa;
0.433;0.314,0.436,0.47,0.405,0.544,0.0982,0.915,0.591,0.637,0.686;aaa;
0.842;0.619,0.127,0.338,0.0328,0.401,0.0103,0.807,0.171,0.408,0.679;aaaaaaaaa;
0.0435;0.779,0.0279,0.178,0.0228,0.834,0.231,0.487,0.139,0.734,0.0261;aaa;
0.421;0.644,0.217,0.125,0.675,0.313,0.18,0.86,0.189,0.886,0.145;aaaaaa;
0.353;0.813,0.173,0.253,0.837,0.211,0.312,0.597,0.489,0.839,0.584;aa;
0.846;0.539,0.405,0.623,0.713,0.766,0.723,0.437,0.271,0.228,0.0946;a;
0.784;0.873,0.946,0.61,0.0867,0.581,0.526,0.561,0.329,0.382,0.688;a;
0.101;0.615,0.684,0.91,0.231,0.46,0.986,0.624,0.746,0.413,0.541;aaaaaaa;
0.336;0.595,0.938,0.126,0.141,0.415,0.0826,0.655,0.502,0.896,0.181;aaaaa;
0.377;0.244,0.902,0.916,0.58,0.6,0.481,0.492,0.688,0.861,0.837;a;
0.553;0.249,0.529,0.599,0.885,0.543,0.374,0.605,0.278,0.719,0.715;aa;
0.257;0.905,0.424,0.161,0.177,0.846,0.799,0.543,0.42,0.365,0.143;aaa;
0.437;0.0372,0.642,0.409,0.615,0.204,0.28,0.453,0.973,0.405,0.617;aa;
0.59;0.92,0.312,0.603,0.03,0.618,0.124,0.036,0.702,0.0597,0.865;aaaa;
0.149;0.077,0.327,0.818,0.14,0.572,0.516,0.978,0.566,0.944,0.199;aaaaaaaaaa;
0.0646;0.412,0.342,0.0255,0.483,0.322,0.92,0.719,0.212,0.683,0.277;aaaaaaaaa;
0.334;0.138,0.354,0.92,0.568,0.66,0.992,0.128,0.645,0.249,0.141;aaaaa;
0.411;0.85,0.049,0.916,0.698,0.809,0.0143,0.0817,0.446,0.279,0.00789;aaaa;
0.057;0.982,0.489,0.282,0.0948,0.519,0.955,0.613,0.0227,0.0379,0.801;aaa;
0.802;0.218,0.0374,0.661,0.203,0.546,0.916,0.227,0.0598,0.985,0.736;a;
0.745;0.471,0.98,0.827,0.694,0.718,0.37,0.71,0.0586,0.734,0.972;aaaaaaaaaa;
0.865;0.0774,0.452,0.186,0.281,0.968,0.419,0.595,0.174,0.661,0.212;aaaaaaaaa;
0.424;0.923,0.132,0.214,0.0148,0.132,0.712,0.374,0.18,0.666,0.374;aaaaaaaaaa;
0.0165;0.456,0.0841,0.0333,0.781,0.61,0.961,0.728,0.561,0.591,0.797;aaa;
0.77;0.0858,0.87,0.54,0.306,0.657,0.666,0.254,0.222,0.609,0.531;aaaaaaaaa;
0.513;0.177,0.298,0.207,0.282,0.198,0.256,0.663,0.763,0.68,0.928;aaaaa;
0.0892;0.814,0.954,0.962,0.499,0.97,0.658,0.483,0.657,0.231,0.518;aaaaaaa;
0.636;0.0522,0.906,0.783,0.875,0.929,0.529,0.303,0.0325,0.257,0.658;aaaaaa;
0.957;0.0345,0.376,0.359,0.329,0.0624,0.304,0.542,0.0684,0.857,0.707;aaaaaaaaaa;
0.367;0.00292,0.0389,0.503,0.237,0.0875,0.929,0.0792,0.949,0.966,0.0777;aaaa;
0.324;0.0532,0.515,0.651,0.374,0.07,0.667,0.583,0.501,0.565,0.536;aaaaaa;
0.164;0.342,0.0429,0.902,0.275,0.704,0.909,0.638,0.857,0.0318,0.0212;aaaaa;
0.14;0.303,0.596,0.385,0.879,0.739,0.00718,0.341,0.956,0.529,0.744;aaaaa;
0.453;0.0469,0.64,0.615,0.146,0.905,0.386,0.661,0.944,0.33,0.724;a;
0.935;0.985,0.605,0.735,0.672,0.747,0.195,0.294,0.607,0.805,0.598;aaaaaaaaa;
0.746;0.427,0.597,0.356,0.346,0.00597,0.999,0.625,0.0964,0.947,0.916;a;
0.963;0.785,0.727,0.366,0.38,0.00315,0.375,0.433,0.64,0.149,0.124;aaaaaaa;
0.85;0.732,0.996,0.777,0.826,0.82,0.601,0.799,0.511,0.576,0.165;aaaaaa;
0.842;0.307,0.444,0.132,0.914,0.979,0.498,0.858,0.574,0.173,0.0804;aaa;
0.448;0.382,0.622,0.653,0.839,0.651,0.891,0.0674,0.101,0.608,0.237;aaaaa;
0.709;0.0271,0.136,0.631,0.126,0.952,0.488,0.751,0.504,0.0363,0.664;aa;
0.000675;0.491,0.793,0.717,0.362,0.535,0.878,0.638,0.691,0.34,0.33;aaaa;
0.369;0.29,0.156,0.734,0.91,0.536,0.0502,0.493,0.815,0.175,0.0284;aaaaaaa;
0.336;0.541,0.445,0.727,0.254,0.0203,0.427,0.415,0.67,0.999,0.584;a;
0.692;0.0378,0.351,0.66,0.208,0.585,0.873,0.549,0.879,0.318,0.757;a;
0.729;0.992,0.615,0.288,0.265,0.0104,0.418,0.0585,0.997,0.509,0.0411;a;
0.96;0.0652,0.113,0.675,0.29,0.938,0.85,0.792,0.329,0.912,0.374;aaaaa;
0.447;0.0305,0.924,0.905,0.446,0.373,0.487,0.152,0.717,0.617,0.246;aaaaa;
0.63;0.492,0.317,0.0208,0.341,0.578,0.895,0.542,0.762,0.745,0.887;aaaaaaaaa;
0.404;0.635,0.215,0.114,0.709,0.564,0.734,0.307,0.675,0.845,0.922;aaaa;
0.42;0.152,0.841,0.245,0.539,0.752,0.602,0.381,0.326,0.811,0.638;aaaaaa;
0.927;0.979,0.632,0.992,0.737,0.528,0.124,0.425,0.776,0.302,0.503;aaa;
0.6;0.251,0.788,0.336,0.0435,0.674,0.675,0.209,0.244,0.0133,0.71;aaaaaaaaa;
0.716;0.481,0.686,0.389,0.245,0.113,0.973,0.92,0.741,0.45,0.641;aaaaaaa;
0.358;0.059,0.464,0.258,0.447,0.644,0.185,0.269,0.393,0.707,0.787;aaaaaaaaaa;
0.909;0.491,0.125,0.742,0.262,0.485,0.684,0.301,0.962,0.993,0.13;aaa;
0.589;0.153,0.208,0.857,0.135,0.674,0.328,0.694,0.651,0.015,0.0984;aaaaa;
0.181;0.93,0.62,0.685,0.586,0.842,0.528,0.817,0.189,0.0242,0.959;aaaaaaaaaa;
0.902;0.41,0.355,0.791,0.856,0.356,0.556,0.776,0.168,0.166,0.452;aaaaaaa;
0.018;0.231,0.494,0.773,0.0241,0.167,0.191,0.232,0.601,0.495,0.793;aaaaaaa;
0.227;0.497,0.349,0.447,0.378,0.947,0.911,0.208,0.223,0.0121,0.442;aaaaaaaaa;
0.935;0.209,0.0766,0.917,0.409,0.851,0.25,0.156,0.299,0.308,0.861;aa;
0.578;0.895,0.292,0.638,0.928,0.676,0.626,0.205,0.591,0.344,0.417;aaaaaaaa;
0.843;0.127,0.975,0.769,0.362,0.685,0.492,0.299,0.829,0.495,0.0629;aaaa;
0.349;0.205,0.959,0.656,0.799,0.553,0.869,0.0701,0.782,0.314,0.936;aaaaaaaaa;
0.212;0.938,0.747,0.132,0.146,0.864,0.0219,0.676,0.262,0.61,0.0585;aaaaa;
0.487;0.944,0.97,0.983,0.83,0.88,0.954,0.359,0.0922,0.769,0.166;aaaaaa;
0.578;0.895,0.292,0.638,0.928,0.676,0.626,0.205,0.591,0.344,0.417;aaa;
0.843;0.127,0.975,0.769,0.362,0.685,0.492,0.299,0.829,0.495,0.0629;a;
0.349;0.205,0.959,0.656,0.799,0.553,0.869,0.0701,0.782,0.314,0.936;aa;
0.212;0.938,0.747,0.132,0.146,0.864,0.0219,0.676,0.262,0.61,0.0585;aaaa;
0.487;0.944,0.97,0.983,0.83,0.88,0.954,0.359,0.0922,0.769,0.166;aaaaaaaa;
0.578;0.895,0.292,0.638,0.928,0.676,0.626,0.205,0.591,0.344,0.417;aaa;
0.843;0.127,0.975,0.769,0.362,0.685,0.492,0.299,0.829,0.495,0.0629;aaaaaaaaaa;
0.349;0.205,0.959,0.656,0.799,0.553,0.869,0.0701,0.782,0.314,0.936;aaaa;
0.212;0.938,0.747,0.132,0.146,0.864,0.0219,0.676,0.262,0.61,0.0585;aaaaaaaa;
0.487;0.944,0.97,0.983,0.83,0.88,0.954,0.359,0.0922,0.769,0.166;aaaaaa;
0.578;0.895,0.292,0.638,0.928,0.676,0.626,0.205,0.591,0.344,0.417;aaaaaaaaa;
0.843;0.127,0.975,0.769,0.362,0.685,0.492,0.299,0.829,0.495,0.0629;aaa;
0.349;0.205,0.959,0.656,0.799,0.553,0.869,0.0701,0.782,0.314,0.936;aaaaaaaaa;
0.212;0.938,0.747,0.132,0.146,0.864,0.0219,0.676,0.262,0.61,0.0585;aaaaa;
0.487;0.944,0.97,0.983,0.83,0.88,0.954,0.359,0.0922,0.769,0.166;aaaaaaaaaa;
0.578;0.895,0.292,0.638,0.928,0.676,0.626,0.205,0.591,0.344,0.417;aaaa;
0.843;0.127,0.975,0.769,0.362,0.685,0.492,0.299,0.829,0.495,0.0629;aaaaa;
0.349;0.205,0.959,0.656,0.799,0.553,0.869,0.0701,0.782,0.314,0.936;aaa;
0.212;0.938,0.747,0.132,0.146,0.864,0.0219,0.676,0.262,0.61,0.0585;aa;
0.487;0.944,0.97,0.983,0.83,0.88,0.954,0.359,0.0922,0.769,0.166;aaaaaa;
