0	0
1	1
2	0,2
3	3
4	4
5	5
6	6
7	7
8	8
9	5,9
10	1
11	1
12	9
13	7
14	1
15	2
16	1
17	4,6
18	5
19	2
20	3
21	4
22	1
23	1
24	0
25	0
26	1
27	0,3
28	5
29	9
30	1
31	4
32	4,6
33	2
34	0
35	0
36	8
37	1
38	3
39	1,2,6
40	0,5
41	1
42	5
43	5,9
44	6
45	7
46	3
47	0
48	4
49	7
50	5
51	1,7
52	5
53	0
54	2
55	4,5
56	1,7
57	2
58	0,2,3,6
59	7
60	3,7
61	0
62	8
63	0
64	1
65	1
66	0,2,7
67	1,3
68	0
69	0,9
70	1,7
71	0
72	0
73	1,5
74	5
75	0
76	3
77	1
78	1
79	3,6,9
80	0
81	1,6
82	4,7,9
83	3
84	6
85	0,1
86	4
87	2
88	0,1,3,4,7,8
89	6
90	0
91	6,8
92	0
93	0
94	2
95	0
96	1,8
97	5
98	1,4,5
99	7
100	0,1,4,8
101	2,3,7
102	0,1,9
103	0,2,3,5,7
104	1
105	0,3
106	2
107	4
108	0
109	0,5
110	0,8
111	2,3
112	0,8
113	0,6,8
114	2
115	1,5
116	2,7
117	3
118	1,8
119	0
120	4
121	4,8
122	0
123	1,3
124	1,6,8
125	4,5
126	0,5
127	1
128	1
129	1,5
130	1,2
131	1,4
132	6
133	5,7
134	1
135	2
136	1
137	0,1,4
138	5,6
139	1
140	0
141	7,8
142	6
143	1,6,8
144	0
145	0
146	0,5
147	0,1,2
148	1
149	4
150	5
151	3
152	4,6
153	1,3,8
154	0,2,6,8
155	2
156	2,4
157	0
158	3,4,6
159	5,8
160	0
161	0
162	7
163	4
164	8
165	1,2,3,7
166	3,5,6
167	5,8
168	0
169	0
170	3
171	4
172	3
173	4
174	3,7
175	1
176	5
177	2,6
178	6
179	6
180	0
181	1,5
182	0,1
183	1
184	0
185	2
186	0
187	1,3
188	2
189	3,4
190	1
191	4
192	0
193	1
194	0
195	5
196	2
197	1
198	1
199	0
200	4
201	5
202	1
203	4
204	1
205	1,5
206	3,6,9
207	2
208	4
209	0
210	2
211	4
212	0
213	2
214	2
215	4
216	1,2,4,8
217	1
218	1,2,3
219	1,4,8
220	4,8
221	1
222	0
223	0
224	1
225	9
226	2
227	3,6
228	2,6
229	0,6
230	1,2,5,6
231	2
232	1,3,7
233	0
234	0,6,8
235	4,8
236	4
237	5
238	2,6
239	1
240	8
241	2
242	1
243	1,2,7,8
244	0
245	3
246	2,5
247	1
248	0,1
249	2
250	0,7,8
251	2,4
252	2
253	0
254	0
255	1
256	0,4
257	0,7
258	0
259	1,2
260	8
261	0
262	0,1,4
263	1
264	3
265	1
266	1
267	0
268	4
269	1
270	0,9
271	4
272	1
273	3
274	0
275	0
276	0
277	0
278	4
279	2
280	1
281	3
282	3
283	4
284	0
285	7
286	2
287	4
288	1
289	4
290	1
291	4
292	2
293	0
294	3
295	0,1
296	6
297	0,4
298	2
299	8
300	3
301	1
302	1
303	1
304	1
305	0,3
306	0
307	4
308	0
309	1
310	2,6,9
311	7
312	4
313	1,2
314	6
315	1
316	1
317	0
318	1,3,4
319	0
320	0
321	0
322	4
323	5
324	6,8
325	1
326	0,6
327	1
328	1,4
329	0,1,4
330	1
331	5
332	4
333	6,7
334	3
335	3
336	0
337	0
338	0
339	2
340	4
341	1,3
342	2,3,7
343	6
344	0,8
345	4
346	2
347	1,8
348	2
349	4
350	1
351	2
352	3
353	1
354	4
355	2,7
356	1,4
357	0
358	1
359	0
360	4
361	1
362	1
363	0,8
364	1
365	0
366	0
367	1
368	0
369	2
370	2,8
371	0
372	5,9
373	3
374	1,3
375	2
376	5
377	6
378	0
379	5
380	0
381	3
382	3
383	0
384	2,4
385	4,5
386	2,7
387	1
388	4,9
389	4
390	1
391	0
392	4
393	0,7
394	3
395	3,9
396	0,9
397	3,5
398	1,3
399	0
400	0
401	3
402	1
403	4
404	0
405	0,9
406	0,4
407	0
408	2,7
409	1
410	2
411	0
412	3
413	5,9
414	0
415	0
416	1
417	3
418	4
419	4
420	9
421	6
422	1,2,9
423	0
424	6
425	1
426	1
427	5
428	1
429	2
430	0
431	7
432	3
433	3
434	9
435	1,3
436	0,1,3
437	1
438	4
439	0
440	1
441	4,6
442	1,3,7
443	2
444	0
445	0
446	3
447	0
448	0
449	0
450	3
451	3
452	0
453	0
454	5
455	1
456	0
457	5
458	1
459	2
460	1
461	0
462	3
463	7
464	6
465	4,7,8
466	7
467	1
468	0
469	3
470	1
471	0
472	3
473	2
474	2
475	4
476	0
477	6
478	1,5
479	2,9
480	4
481	2
482	1
483	4
484	5
485	0,3
486	0
487	0
488	0
489	2
490	4
491	0,3
492	3
493	3
494	0
495	2
496	5
497	9
498	2
499	3
500	0
501	1
502	2
503	0
504	0
505	1
506	3
507	2
508	2
509	2,3,5
510	1,2,5
511	3
512	0
513	0,1,9
514	4
515	5
516	1
517	6
518	0
519	6
520	7
521	2
522	1
523	0
524	0
525	1
526	0
527	1
528	0
529	4
530	0
531	1
532	5
533	1
534	0,1
535	2
536	1
537	4
538	6,8
539	2
540	0
541	1,9
542	2
543	1
544	1
545	0
546	6
547	0
548	0
549	0
550	1
551	0
552	0
553	3
554	1
555	2
556	5,8
557	1
558	3
559	5
560	1
561	0
562	1
563	3
564	0
565	4
566	1
567	1
568	6
569	2
570	2
571	0
572	6
573	4
574	5
575	2
576	4
577	1
578	3
579	4
580	2
581	2
582	3
583	6
584	1
585	2
586	4
587	2
588	4
589	1
590	1,3
591	2
592	6
593	5
594	2
595	0
596	5
597	2
598	0,2
599	0
600	2
601	0
602	0
603	0
604	3,7
605	2,5,9
606	0
607	2
608	0
609	0
610	3
611	0
612	2
613	2
614	0
615	4,6
616	0,7
617	0
618	3
619	6
620	1
621	0
622	0
623	4
624	0,5,9
625	0,6,7
626	0
627	1
628	3
629	0
630	0
631	9
632	0
633	1
634	3
635	2
636	3
637	1
638	2
639	4
640	7
641	6
642	1
643	1
644	1
645	4
646	7
647	2
648	1
649	1
650	1,2
651	5
652	2
653	0
654	6,9
655	1
656	3
657	6
658	1
659	2,7
660	0
661	0,6
662	0
663	0
664	0
665	2,9
666	0
667	5
668	0
669	1
670	1,7
671	6,8
672	7
673	7
674	1
675	1
676	4,7
677	3
678	7
679	6
680	3
681	7
682	7
683	1
684	5
685	0
686	0
687	0
688	6,8
689	0
690	4,6
691	2
692	0
693	5
694	5
695	1
696	0
697	2
698	1
699	5
700	0
701	2
702	1
703	1
704	1
705	2
706	0
707	2
708	3
709	4
710	2
711	8
712	0
713	3
714	5
715	5
716	2
717	3,4,9
718	1
719	0
720	2
721	1
722	0,4
723	1,5,6
724	1
725	0
726	1
727	4,7
728	2
729	2,9
730	2
731	0
732	6,9
733	2,6
734	0
735	0
736	2
737	0
738	1
739	1
740	7
741	6,8
742	1,7
743	0
744	0
745	1
746	0
747	1
748	3
749	2,7
750	0
751	0
752	1
753	3
754	1
755	2
756	4
757	2
758	1,8
759	4
760	0
761	0
762	1
763	2
764	0
765	8
766	8
767	2
768	1,7
769	3,4
770	9
771	3
772	4,5
773	1
774	2
775	1,6
776	0
777	2
778	0
779	2
780	1,3
781	0
782	1
783	3
784	7
785	2
786	0,3,6
787	1,3
788	1
789	7
790	3
791	3
792	0
793	4
794	3
795	0
796	3,9
797	3
798	6
799	0
800	3
801	0
802	6
803	6
804	8,9
805	0
806	3
807	1,2,7,8,9
808	1
809	2
810	0
811	1
812	6
813	6
814	3
815	1
816	3
817	8
818	2,4
819	0
820	1,4
821	0
822	2
823	1
824	2
825	1
826	6
827	3
828	1
829	4
830	2
831	0
832	1
833	4
834	4
835	1
836	0
837	8
838	6
839	2,7
840	0
841	1
842	0
843	1,8
844	3
845	4
846	1
847	2
848	4
849	0
850	2
851	0
852	0
853	3
854	1
855	2
856	0
857	3
858	0
859	0
860	1
861	0
862	9
863	1
864	1
865	0
866	4
867	1
868	0
869	0,6
870	7
871	2
872	4
873	0
874	1
875	0
876	2
877	3
878	1
879	6
880	0
881	0
882	4
883	0
884	2
885	0
886	3,9
887	1
888	0
889	0
890	1
891	2
892	4
893	2
894	3
895	3
896	1
897	0
898	1
899	3
900	9
901	0
902	2
903	0
904	1
905	3
906	1
907	2
908	2
909	0
910	2
911	4
912	5
913	2
914	0
915	3
916	6
917	0
918	0
919	1
920	3
921	6
922	0
923	7
924	1
925	0
926	3
927	5
928	2
929	2
930	0
931	0
932	9
933	8
934	3
935	0,8
936	0
937	0
938	2
939	6
940	2
941	3
942	2
943	1
944	2
945	2
946	0
947	0
948	0
949	6
950	4
951	0
952	1
953	2
954	0
955	1
956	4
957	3
958	0
959	3
960	1
961	0,3
962	2
963	0
964	2
965	2
966	0
967	1
968	1
969	5
970	0
971	0
972	2,4
973	0,4
974	0
975	5
976	1
977	1
978	1
979	1
980	0
981	2
982	6
983	0,7
984	2
985	0
986	2
987	0
988	2
989	1
990	6
991	1
992	2
993	0
994	0
995	4,9
996	0
997	1
998	0
999	2
1000	0
1001	1
1002	6
1003	0
1004	0
1005	0,4,5
1006	0
1007	4
1008	0
1009	0
1010	7
1011	6
1012	1
1013	3
1014	3
1015	3
1016	0
1017	0
1018	7
1019	2
1020	3,4
1021	2
1022	0
1023	0
1024	1
1025	3
1026	1
1027	8
1028	4
1029	0
1030	0
1031	5
1032	6
1033	0
1034	2,6
1035	0
1036	1
1037	0
1038	2
1039	3
1040	0
1041	0
1042	0
1043	1
1044	2
1045	0
1046	4
1047	0,3
1048	2
1049	1
1050	7
1051	3
1052	1
1053	5
1054	3
1055	0
1056	5
1057	1
1058	0,7
1059	2
1060	3
1061	3,7
1062	0
1063	2
1064	2
1065	3
1066	7
1067	3
1068	0
1069	3
1070	3,4
1071	0
1072	1
1073	5
1074	3
1075	0
1076	0
1077	0
1078	3
1079	7
1080	5
1081	5
1082	2
1083	3
1084	7
1085	1
1086	2
1087	6
1088	5
1089	1
1090	4
1091	6
1092	2
1093	0
1094	0
1095	2
1096	0
1097	7
1098	1
1099	1,2
1100	0
1101	4
1102	2,3
1103	1
1104	4,5
1105	1
1106	1
1107	7
1108	0
1109	0
1110	1
1111	1,2
1112	5,9
1113	9
1114	2
1115	2
1116	1
1117	0
1118	0
1119	5
1120	1
1121	1,3
1122	1
1123	3
1124	0
1125	0,8
1126	1
1127	1
1128	5,8
1129	6
1130	2
1131	6
1132	2
1133	1
1134	1
1135	4
1136	0
1137	5
1138	0
1139	4
1140	0
1141	0
1142	4
1143	3
1144	1
1145	0
1146	6
1147	1
1148	5
1149	5,8
1150	3
1151	1
1152	5
1153	1
1154	1
1155	0
1156	3
1157	0
1158	0
1159	2
1160	0
1161	0
1162	4
1163	0
1164	4
1165	2,4,9
1166	2
1167	0
1168	2
1169	0
1170	4
1171	5
1172	2
1173	1
1174	2
1175	4
1176	7
1177	2
1178	2
1179	6,9
1180	1
1181	5
1182	0
1183	1
1184	8
1185	1
1186	0
1187	0
1188	1
1189	2
1190	1
1191	2
1192	1
1193	2
1194	2
1195	0
1196	1
1197	2
1198	1
1199	0
1200	7
1201	1
1202	0
1203	0
1204	1
1205	5
1206	2
1207	0,1
1208	7
1209	1
1210	0
1211	3
1212	0
1213	2
1214	1
1215	6
1216	0
1217	0
1218	1
1219	1
1220	0
1221	2
1222	3
1223	8
1224	5
1225	4
1226	1
1227	3
1228	2
1229	5
1230	2
1231	2
1232	2
1233	5
1234	2
1235	2
1236	0
1237	2
1238	2
1239	4
1240	1
1241	1
1242	4
1243	3
1244	0
1245	0
1246	3
1247	2
1248	0
1249	4
1250	0
1251	0
1252	1
1253	1,6
1254	3
1255	0
1256	1
1257	4
1258	3
1259	1,6
1260	4
1261	4
1262	8
1263	7
1264	1
1265	5
1266	3
1267	2
1268	7
1269	4
1270	3
1271	1
1272	3
1273	2,3
1274	9
1275	1
1276	0
1277	9
1278	1
1279	2
1280	3,8
1281	1
1282	0
1283	0
1284	2
1285	0
1286	1
1287	8
1288	0
1289	5
1290	3
1291	0
1292	1
1293	0
1294	1
1295	2,3
1296	0
1297	0
1298	1
1299	0
1300	1
1301	1
1302	0
1303	0
1304	1
1305	8,9
1306	5
1307	0,8
1308	1
1309	3
1310	1
1311	1
1312	5
1313	3
1314	3
1315	7
1316	0
1317	4
1318	4,5
1319	2
1320	0
1321	3
1322	2
1323	2
1324	0
1325	1
1326	0,7
1327	0
1328	0
1329	4
1330	1
1331	0
1332	5
1333	2
1334	1
1335	6
1336	2
1337	0
1338	9
1339	1
1340	2,5
1341	4
1342	0
1343	0
1344	3
1345	2,4,8
1346	8
1347	0
1348	4
1349	2
1350	0
1351	3
1352	1
1353	0
1354	0,1
1355	6,8
1356	0
1357	0
1358	1
1359	0,1
1360	2
1361	2
1362	4
1363	0
1364	5
1365	1
1366	5
1367	2
1368	1,8
1369	8
1370	3
1371	1
1372	0
1373	0
1374	0
1375	3
1376	2
1377	0
1378	4
1379	5
1380	1
1381	1
1382	4,9
1383	1
1384	1
1385	4
1386	3
1387	4,6,9
1388	1
1389	4
1390	1
1391	4
1392	0
1393	6
1394	0
1395	0
1396	2
1397	3
1398	1
1399	0
1400	2
1401	4
1402	3
1403	7
1404	1
1405	0
1406	0
1407	1
1408	3
1409	6
1410	5
1411	5
1412	6
1413	2
1414	6
1415	8
1416	1
1417	6
1418	7
1419	8
1420	2
1421	2
1422	3
1423	0
1424	6
1425	2
1426	2,8
1427	4
1428	1
1429	2
1430	0
1431	1
1432	3
1433	1
1434	1
1435	2
1436	2
1437	3
1438	1
1439	2
1440	1
1441	0
1442	2
1443	0
1444	1
1445	3
1446	2
1447	0
1448	1
1449	7
1450	0
1451	0,2,7
1452	0
1453	0
1454	0
1455	6
1456	1
1457	0
1458	1
1459	9
1460	6
1461	0
1462	1
1463	0
1464	1
1465	1
1466	3
1467	0
1468	2
1469	1
1470	4
1471	1
1472	4
1473	1
1474	9
1475	0
1476	1
1477	5
1478	6
1479	1
1480	4
1481	4
1482	8
1483	0
1484	1
1485	2
1486	0
1487	0
1488	1
1489	3
1490	0,5
1491	0
1492	0
1493	0,1,5
1494	0
1495	9
1496	5
1497	9
1498	1
1499	7
1500	2
1501	1
1502	8
1503	0
1504	3
1505	1
1506	1
1507	0
1508	1
1509	1
1510	0
1511	5
1512	0
1513	0
1514	1
1515	2
1516	0
1517	1
1518	0
1519	4
1520	3
1521	1
1522	2
1523	0
1524	6
1525	1
1526	5
1527	0
1528	2
1529	0
1530	0
1531	5
1532	5
1533	1
1534	4
1535	1
1536	6
1537	8
1538	0
1539	2
1540	4
1541	2
1542	6
1543	5
1544	1
1545	2
1546	0
1547	3
1548	1
1549	0
1550	0
1551	0
1552	2,4,6
1553	0
1554	0
1555	1
1556	4
1557	2
1558	1
1559	8
1560	0
1561	0
1562	4
1563	2
1564	1
1565	1
1566	2
1567	2
1568	4
1569	6
1570	0
1571	6
1572	0
1573	6
1574	4
1575	0
1576	0
1577	2
1578	3
1579	0
1580	2
1581	3
1582	0
1583	0
1584	4
1585	0
1586	2
1587	0
1588	0
1589	1
1590	1
1591	2
1592	3
1593	0
1594	2
1595	1
1596	2
1597	0
1598	5
1599	3,4
1600	2
1601	4
1602	5
1603	5
1604	3
1605	3
1606	1
1607	4
1608	1
1609	5
1610	5
1611	1
1612	1
1613	0
1614	0
1615	0
1616	0
1617	0
1618	1
1619	0
1620	1
1621	5
1622	1
1623	0
1624	0
1625	0
1626	3
1627	2
1628	2
1629	1,8
1630	1
1631	0
1632	0
1633	2
1634	2,8
1635	1
1636	2
1637	1
1638	3
1639	5
1640	7
1641	0
1642	2
1643	0
1644	0,7
1645	2
1646	0
1647	8,9
1648	5,7
1649	0
1650	5
1651	8
1652	3
1653	3
1654	1
1655	1
1656	2
1657	2
1658	0
1659	0
1660	2,9
1661	5,7
1662	5
1663	7
1664	7
1665	4
1666	1
1667	0
1668	3,5
1669	5
1670	1
1671	4
1672	0
1673	8
1674	2
1675	1
1676	0
1677	0
1678	8
1679	2
1680	0
1681	1
1682	2
1683	2
1684	0
1685	2
1686	3
1687	9
1688	4
1689	8
1690	0
1691	1
1692	2
1693	2
1694	3
1695	2
1696	1
1697	1
1698	0
1699	4
1700	1
1701	2
1702	0
1703	3
1704	0
1705	7
1706	8
1707	0
1708	3
1709	5
1710	8
1711	0
1712	7
1713	2
1714	0
1715	2
1716	5
1717	1
1718	4
1719	0
1720	0,7
1721	2
1722	1
1723	0
1724	3
1725	0
1726	2
1727	5
1728	0
1729	3
1730	0
1731	1
1732	4
1733	3,8
1734	0
1735	8
1736	0
1737	1
1738	0
1739	2
1740	1
1741	0
1742	2
1743	7
1744	5
1745	3,4
1746	0
1747	4
1748	0
1749	5
1750	3,6
1751	1
1752	9
1753	4
1754	1
1755	0
1756	0
1757	0
1758	1
1759	3
1760	0
1761	4
1762	1
1763	1,6
1764	0
1765	1
1766	0
1767	1
1768	1
1769	3,5,6
1770	1
1771	4
1772	1,5
1773	0
1774	1,3
1775	3
1776	6
1777	3,9
1778	0
1779	3
1780	0
1781	4
1782	0
1783	1
1784	0
1785	1
1786	1
1787	2
1788	0
1789	1
1790	1
1791	1
1792	4
1793	4
1794	2
1795	1
1796	5
1797	0
1798	0
1799	1
1800	1
1801	0
1802	0
1803	0
1804	1
1805	0
1806	4
1807	6
1808	0
1809	4
1810	0
1811	5
1812	1
1813	0
1814	0
1815	0
1816	2
1817	0
1818	3
1819	3
1820	2
1821	1
1822	1
1823	0
1824	0
1825	0
1826	6
1827	1
1828	4
1829	0
1830	1
1831	0
1832	1
1833	0
1834	1
1835	1
1836	7
1837	1
1838	0
1839	5
1840	1
1841	5
1842	0
1843	2
1844	3
1845	1
1846	0
1847	2
1848	2
1849	3
1850	3
1851	2
1852	4
1853	2
1854	0
1855	0
1856	0
1857	0
1858	2
1859	0
1860	0
1861	1
1862	0
1863	0
1864	2
1865	4
1866	1
1867	2
1868	0,8
1869	1
1870	4
1871	1
1872	3
1873	1
1874	7
1875	0,7
1876	0
1877	2
1878	2
1879	2
1880	7
1881	8
1882	0
1883	0
1884	0
1885	3
1886	7
1887	3
1888	0,4
1889	0
1890	2
1891	1,6
1892	5
1893	0
1894	0
1895	2
1896	0
1897	0
1898	0
1899	0
1900	2
1901	0
1902	1
1903	4
1904	0
1905	0
1906	1
1907	3
1908	0
1909	0
1910	0
1911	8
1912	0
1913	3
1914	0
1915	4
1916	1
1917	6
1918	9
1919	5
1920	0
1921	1
1922	1
1923	3
1924	4
1925	3
1926	1
1927	0
1928	7,9
1929	6
1930	6
1931	2
1932	5
1933	1
1934	1
1935	0
1936	5
1937	1
1938	1
1939	3
1940	7
1941	2,5,7
1942	1
1943	2
1944	0
1945	3
1946	1
1947	4
1948	2
1949	4
1950	2
1951	1
1952	2
1953	0
1954	2
1955	0
1956	2
1957	0
1958	2
1959	1
1960	3
1961	4,7
1962	2
1963	2
1964	2
1965	5
1966	8
1967	4
1968	3
1969	2
1970	2
1971	0
1972	2
1973	8,9
1974	5
1975	0
1976	1
1977	0
1978	1
1979	1
1980	5
1981	0
1982	2
1983	5
1984	1
1985	1
1986	0
1987	7
1988	0
1989	2
1990	0
1991	0
1992	2
1993	1
1994	0
1995	3
1996	0
1997	3
1998	4
1999	3
2000	4
2001	0
2002	3
2003	0
2004	2
2005	2
2006	2
2007	5
2008	2
2009	0
2010	3,6
2011	1
2012	4
2013	2
2014	1
2015	0
2016	2
2017	3
2018	3
2019	3
2020	1
2021	1
2022	1
2023	2
2024	3
2025	4
2026	9
2027	1
2028	4
2029	0
2030	1
2031	0
2032	3
2033	1
2034	1
2035	0
2036	2
2037	0
2038	3
2039	3
2040	3
2041	4
2042	8
2043	5
2044	5
2045	1
2046	1
2047	0
2048	0
2049	9
2050	0
2051	5
2052	1
2053	1
2054	0
2055	3
2056	1
2057	5
2058	0
2059	1
2060	0
2061	2
2062	1,6
2063	0
2064	4
2065	2,7
2066	0
2067	7
2068	7
2069	0
2070	5,6
2071	0
2072	0
2073	2
2074	4
2075	3
2076	6
2077	3
2078	0
2079	0
2080	1
2081	2
2082	2
2083	0,3
2084	0,4
2085	0,3
2086	1
2087	3
2088	2
2089	3
2090	5
2091	5
2092	0
2093	0
2094	2
2095	7
2096	3
2097	0
2098	3
2099	0
2100	0
2101	4
2102	8
2103	0
2104	2
2105	2
2106	1
2107	6
2108	1
2109	1
2110	3
2111	0
2112	1
2113	4
2114	1
2115	0
2116	5
2117	3
2118	1
2119	3
2120	2
2121	4
2122	2
2123	1
2124	4
2125	0
2126	1
2127	1
2128	0
2129	2
2130	8
2131	0
2132	4
2133	0
2134	0
2135	0
2136	2,5
2137	0
2138	9
2139	0
2140	1
2141	2,4
2142	3
2143	0
2144	1
2145	6
2146	1
2147	1
2148	3
2149	0
2150	3
2151	7
2152	0
2153	0
2154	5
2155	1
2156	0
2157	5
2158	1
2159	6
2160	0
2161	2
2162	0
2163	1
2164	2
2165	1
2166	3
2167	1
2168	3
2169	2
2170	1
2171	5
2172	5
2173	4
2174	1
2175	2
2176	5
2177	8
2178	0,9
2179	1
2180	5
2181	0
2182	3
2183	3
2184	1
2185	0
2186	1
2187	0
2188	3
2189	1
2190	3
2191	6
2192	0
2193	0
2194	2
2195	0
2196	0
2197	1
2198	0
2199	3
2200	1
2201	0
2202	0
2203	1
2204	0
2205	5
2206	3
2207	3
2208	5
2209	0
2210	7
2211	0
2212	0
2213	0
2214	0
2215	0
2216	4
2217	4
2218	9
2219	4
2220	1
2221	2
2222	0
2223	8
2224	1
2225	1
2226	0
2227	1
2228	5
2229	3
2230	0
2231	1
2232	3
2233	4
2234	3
2235	3
2236	4
2237	1
2238	0
2239	2
2240	1
2241	5
2242	4,7
2243	5
2244	2
2245	0
2246	0
2247	1
2248	0
2249	5
2250	0
2251	4
2252	5
2253	0
2254	1
2255	4
2256	9
2257	0
2258	2
2259	0
2260	0
2261	1
2262	0
2263	0
2264	2
2265	0
2266	1
2267	4
2268	5
2269	2
2270	5
2271	5
2272	0
2273	7
2274	0
2275	6
2276	1
2277	2
2278	7
2279	1
2280	3
2281	3
2282	0
2283	3
2284	1
2285	0
2286	0
2287	1
2288	1
2289	3
2290	0
2291	7
2292	4
2293	1
2294	0
2295	2
2296	0
2297	0
2298	0
2299	0
2300	2
2301	0
2302	1
2303	0
2304	4
2305	1
2306	7,9
2307	3
2308	7
2309	0
2310	2
2311	0
2312	0
2313	1
2314	0
2315	2
2316	0
2317	0
2318	0
2319	1
2320	2
2321	1
2322	6,8
2323	5
2324	3
2325	1
2326	7
2327	0
2328	5
2329	1
2330	1
2331	4
2332	2
2333	0
2334	1
2335	6
2336	0
2337	1
2338	0
2339	4
2340	5
2341	0
2342	2
2343	2
2344	1
2345	2
2346	4,6
2347	0
2348	0
2349	0
2350	1
2351	2
2352	0
2353	0
2354	1
2355	5
2356	0
2357	5
2358	2
2359	8
2360	2
2361	0
2362	1
2363	0
2364	3
2365	3
2366	1
2367	6
2368	3
2369	1
2370	2
2371	3
2372	2
2373	0
2374	2
2375	2
2376	5,8
2377	3
2378	2
2379	0
2380	2
2381	0
2382	0
2383	4
2384	3
2385	5
2386	3
2387	4,7
2388	1
2389	0
2390	0
2391	7,8
2392	1
2393	1
2394	0
2395	0
2396	2
2397	3
2398	1
2399	0
2400	3
2401	0
2402	3
2403	3
2404	1
2405	4
2406	2
2407	1
2408	3
2409	3,7
2410	0
2411	1
2412	1
2413	2
2414	2
2415	4
2416	6
2417	5
2418	0
2419	8
2420	1
2421	1
2422	0
2423	2
2424	2
2425	8
2426	0
2427	0
2428	0,4
2429	3
2430	3
2431	0
2432	0
2433	0
2434	4
2435	2
2436	2
2437	3
2438	1
2439	0
2440	2
2441	3
2442	3,8
2443	4
2444	0
2445	7
2446	1
2447	2
2448	0
2449	0
2450	0
2451	1
2452	3
2453	3
2454	0
2455	2
2456	0
2457	2
2458	1
2459	1
2460	7
2461	0
2462	7
2463	5
2464	2
2465	0
2466	0
2467	1
2468	2
2469	4
2470	1
2471	6
2472	1
2473	1
2474	2
2475	5
2476	3
2477	3
2478	0
2479	0
2480	1
2481	0
2482	1
2483	1
2484	1
2485	1
2486	2
2487	0
2488	2
2489	0
2490	5
2491	0
2492	1
2493	1
2494	0
2495	4
2496	9
2497	2
2498	0
2499	2
2500	0
2501	1
2502	4
2503	3
2504	1
2505	2
2506	2
2507	1
2508	1
2509	1
2510	6
2511	1
2512	1
2513	0
2514	1
2515	0
2516	3
2517	4,7
2518	7
2519	0
2520	1
2521	6
2522	4
2523	6
2524	0
2525	1
2526	1
2527	1
2528	0
2529	0
2530	2
2531	1
2532	2
2533	3
2534	3
2535	1
2536	1
2537	3
2538	7
2539	5
2540	0
2541	0
2542	2
2543	1
2544	1
2545	1
2546	4
2547	6
2548	3
2549	0
2550	0
2551	4
2552	5
2553	1
2554	0,7
2555	3
2556	0
2557	0
2558	0
2559	0
2560	5
2561	0
2562	2
2563	3
2564	2
2565	2
2566	6
2567	0
2568	8
2569	0
2570	0
2571	6
2572	1
2573	1
2574	7
2575	1
2576	0
2577	0
2578	6
2579	5
2580	4
2581	0
2582	2
2583	3
2584	7
2585	1
2586	7,9
2587	5
2588	1
2589	0
2590	0
2591	0
2592	6
2593	0
2594	1
2595	2,5
2596	0
2597	0
2598	1
2599	3
2600	1
2601	1
2602	1,3
2603	8
2604	0
2605	0
2606	1
2607	4
2608	4
2609	0
2610	2
2611	4
2612	1
2613	0
2614	0
2615	2
2616	1
2617	1
2618	2
2619	1
2620	5,7
2621	0
2622	0
2623	4
2624	1
2625	4,5
2626	2
2627	1,6
2628	6
2629	0
2630	7
2631	6
2632	5
2633	0
2634	0
2635	1
2636	0
2637	9
2638	2
2639	0
2640	4,9
2641	1
2642	2
2643	8
2644	4
2645	0
2646	0
2647	0
2648	1
2649	0
2650	1
2651	6
2652	6
2653	0
2654	0
2655	7
2656	0
2657	1
2658	3
2659	1
2660	3
2661	2
2662	3
2663	5
2664	2
2665	0
2666	5
2667	7
2668	6
2669	2
2670	6
2671	1
2672	1
2673	1
2674	6
2675	2
2676	1
2677	3
2678	2
2679	0
2680	4
2681	1
2682	1
2683	3
2684	5
2685	9
2686	4
2687	0
2688	4
2689	5
2690	1
2691	5
2692	2
2693	9
2694	3
2695	1
2696	2
2697	6
2698	4
2699	1
2700	1
2701	4
2702	1
2703	7
2704	3
2705	1
2706	1
2707	0
2708	0
2709	2
2710	3
2711	4
2712	0
2713	2
2714	1
2715	2
2716	2
2717	5
2718	1
2719	6
2720	0
2721	1
2722	6
2723	3
2724	4
2725	3
2726	0
2727	0
2728	2
2729	5
2730	0
2731	2
2732	5
2733	0
2734	4
2735	1
2736	7
2737	4
2738	0
2739	4
2740	7
2741	5
2742	2
2743	5
2744	4
2745	3
2746	0
2747	0
2748	1
2749	1
2750	3
2751	6
2752	3
2753	3
2754	7
2755	0
2756	1,5
2757	1
2758	0
2759	1
2760	0
2761	1
2762	6
2763	0
2764	8
2765	2
2766	3
2767	6
2768	9
2769	0
2770	2
2771	2
2772	1
2773	0
2774	0
2775	4
2776	0
2777	5
2778	4
2779	5
2780	0
2781	1,4
2782	2
2783	1
2784	1
2785	5
2786	1
2787	1,9
2788	1,5
2789	4
2790	0
2791	0
2792	2
2793	0
2794	0
2795	0
2796	5
2797	1
2798	0
2799	2
2800	3
2801	1
2802	2
2803	7
2804	2
2805	2
2806	0
2807	3
2808	0
2809	2
2810	0
2811	8
2812	4
2813	5
2814	2
2815	6,8,9
2816	2
2817	4
2818	5
2819	1
2820	5
2821	0
2822	5
2823	0,4
2824	0
2825	0
2826	1
2827	0
2828	7
2829	2,3
2830	5
2831	2
2832	0
2833	1
2834	1
2835	1
2836	7
2837	3
2838	7
2839	6
2840	0
2841	4
2842	0
2843	4
2844	4
2845	1
2846	1
2847	5
2848	1
2849	4
2850	6
2851	0
2852	1
2853	0
2854	1
2855	7
2856	3
2857	1
2858	3
2859	0
2860	0
2861	1
2862	1
2863	1
2864	5
2865	1
2866	5
2867	9
2868	1
2869	1
2870	1
2871	4
2872	4
2873	1
2874	0
2875	2
2876	2
2877	4
2878	6
2879	0
2880	8
2881	5
2882	1
2883	4
2884	0
2885	1
2886	2
2887	0
2888	1
2889	4
2890	1
2891	1,6
2892	1
2893	9
2894	1
2895	1
2896	2
2897	3,4
2898	2
2899	1
2900	0
2901	0
2902	0
2903	1
2904	0
2905	5
2906	3
2907	0
2908	3,8
2909	3,9
2910	3
2911	0
2912	2
2913	4
2914	3
2915	0
2916	2
2917	0
2918	0
2919	2
2920	1
2921	2
2922	6
2923	0
2924	1
2925	5
2926	0
2927	4,5
2928	4
2929	3
2930	4
2931	7
2932	2
2933	6
2934	3
2935	5
2936	2
2937	0
2938	2
2939	1
2940	0
2941	7
2942	2
2943	1
2944	0
2945	5
2946	0
2947	0
2948	7
2949	4
2950	0
2951	4
2952	0
2953	1
2954	2
2955	4
2956	1,6
2957	2
2958	2
2959	0
2960	8
2961	5,7
2962	0
2963	2
2964	1
2965	1
2966	4
2967	1
2968	1
2969	2
2970	1
2971	0
2972	3
2973	2
2974	0
2975	2
2976	0
2977	1
2978	1
2979	2
2980	0
2981	0
2982	3
2983	4
2984	0
2985	2
2986	1
2987	0
2988	2
2989	0
2990	8
2991	0
2992	3
2993	1
2994	2
2995	2
2996	1
2997	7
2998	0
2999	3
3000	3
3001	0
3002	0
3003	3
3004	5
3005	0
3006	4
3007	3
3008	5
3009	0
3010	0
3011	3
3012	2
3013	3
3014	2
3015	1
3016	4
3017	2
3018	0
3019	0
3020	3
3021	0
3022	0
3023	0
3024	1
3025	4
3026	2
3027	1
3028	1
3029	2
3030	1
3031	0
3032	1
3033	1
3034	1
3035	0
3036	0
3037	1
3038	1
3039	7
3040	2
3041	1
3042	1,5
3043	0
3044	1
3045	3
3046	5
3047	4
3048	0
3049	5
3050	3
3051	5
3052	3
3053	1
3054	6
3055	1
3056	4
3057	0
3058	3
3059	5
3060	5
3061	0,6
3062	1
3063	0
3064	0
3065	0
3066	2
3067	3
3068	0
3069	1
3070	2,6
3071	2
3072	0
3073	0
3074	0
3075	1
3076	1
3077	0
3078	0
3079	4
3080	1
3081	2
3082	3
3083	1
3084	1
3085	2
3086	1
3087	2
3088	2
3089	1
3090	3
3091	5
3092	3
3093	0
3094	0
3095	0,6
3096	0
3097	1
3098	0
3099	3
3100	1
3101	1
3102	1
3103	0
3104	3,9
3105	1
3106	0,9
3107	0
3108	4
3109	0
3110	0
3111	1
3112	0,6
3113	0
3114	0
3115	3
3116	4
3117	0
3118	2
3119	7
3120	5
3121	0
3122	0
3123	1
3124	0
3125	1,2
3126	1
3127	1,9
3128	0
3129	0
3130	0
3131	0
3132	1
3133	6
3134	4
3135	0
3136	4,7
3137	0
3138	0
3139	2
3140	2
3141	2
3142	1
3143	0
3144	0
3145	0
3146	0
3147	3
3148	0
3149	2
3150	0
3151	1
3152	0
3153	2
3154	0
3155	4
3156	1
3157	4
3158	1
3159	9
3160	4
3161	1
3162	1
3163	0
3164	0
3165	3
3166	3
3167	2
3168	4
3169	0
3170	1
3171	3
3172	1
3173	2
3174	0
3175	8
3176	3
3177	1
3178	0
3179	1
3180	2
3181	1
3182	3
3183	0
3184	5
3185	5
3186	0
3187	2
3188	3
3189	0
3190	1
3191	2
3192	3
3193	0
3194	1
3195	3
3196	0
3197	1
3198	5
3199	0
3200	1
3201	3
3202	2
3203	0
3204	1
3205	4
3206	2
3207	0
3208	8
3209	2
3210	5
3211	2
3212	7
3213	1
3214	0
3215	1
3216	1
3217	2
3218	1
3219	5
3220	0
3221	6
3222	5,8
3223	7
3224	0
3225	7
3226	3
3227	2
3228	0
3229	5
3230	3
3231	4
3232	3
3233	2
3234	1
3235	4
3236	1,7
3237	4
3238	4
3239	0
3240	1
3241	1
3242	4
3243	1
3244	0
3245	1
3246	2
3247	5
3248	0
3249	1
3250	5,7
3251	0
3252	5
3253	7
3254	3
3255	1
3256	0
3257	1
3258	0
3259	6,8,9
3260	8
3261	0
3262	2
3263	1
3264	3
3265	1
3266	3
3267	2
3268	1
3269	0
3270	0
3271	2
3272	7
3273	3
3274	3
3275	3
3276	0
3277	5
3278	8
3279	0
3280	2
3281	3
3282	5
3283	0,1
3284	9
3285	7
3286	6
3287	1
3288	7
3289	1
3290	0
3291	0
3292	1
3293	0
3294	3
3295	1
3296	1
3297	1
3298	2
3299	6
3300	0,3
3301	5
3302	3
3303	4
3304	0
3305	8
3306	3
3307	6
3308	0
3309	1
3310	1
3311	1
3312	1
3313	1
3314	5
3315	1
3316	1
3317	1
3318	0
3319	5
3320	0
3321	2
3322	3
3323	0
3324	0
3325	0
3326	0
3327	1
3328	7
3329	0
3330	2
3331	1
3332	1,5
3333	4
3334	0
3335	0
3336	5
3337	0
3338	1
3339	2
3340	2
3341	4
3342	2
3343	3
3344	0
3345	2
3346	2
3347	3
3348	0
3349	4
3350	0
3351	0
3352	3
3353	2
3354	2
3355	1
3356	1
3357	3
3358	4
3359	0
3360	7
3361	8
3362	3
3363	3
3364	2
3365	0
3366	4
3367	3
3368	2
3369	2
3370	5
3371	4
3372	3
3373	0
3374	3
3375	1
3376	1
3377	0
3378	2
3379	5
3380	0
3381	3
3382	7
3383	5
3384	0
3385	2
3386	1
3387	4,7
3388	2
3389	2
3390	3
3391	0
3392	0
3393	1
3394	5
3395	1
3396	3
3397	4
3398	0
3399	1
3400	1
3401	1
3402	2
3403	4
3404	4
3405	0
3406	0
3407	0
3408	0
3409	2
3410	0
3411	1
3412	0
3413	1
3414	3
3415	4
3416	5
3417	5
3418	7
3419	3
3420	0
3421	3
3422	3
3423	0
3424	1
3425	9
3426	3
3427	3
3428	3
3429	7
3430	3
3431	1
3432	1
3433	3
3434	2
3435	0
3436	0
3437	6
3438	0
3439	1
3440	0
3441	4
3442	0
3443	1
3444	1
3445	5
3446	1
3447	1
3448	7
3449	1
3450	2
3451	4
3452	0
3453	2
3454	2
3455	1
3456	0
3457	5
3458	1
3459	6
3460	0
3461	0
3462	0
3463	3
3464	0
3465	0
3466	4
3467	5,9
3468	0
3469	5
3470	0
3471	0
3472	8
3473	6
3474	5
3475	2
3476	8
3477	2
3478	2
3479	0
3480	1
3481	2
3482	0
3483	0
3484	3
3485	4
3486	0
3487	5
3488	0
3489	6
3490	3
3491	1
3492	0,4
3493	1
3494	0
3495	1
3496	2
3497	1
3498	1
3499	0
3500	1
3501	1
3502	1
3503	0
3504	7
3505	0
3506	0
3507	0
3508	1
3509	1
3510	2
3511	5
3512	2
3513	0
3514	2
3515	1
3516	0
3517	5
3518	0
3519	0,6
3520	0
3521	1,5
3522	1
3523	1
3524	0
3525	5
3526	3
3527	3
3528	1
3529	9
3530	2
3531	1
3532	1
3533	0
3534	5
3535	0
3536	2
3537	4
3538	0
3539	6
3540	1
3541	0
3542	0
3543	8,9
3544	2
3545	1
3546	2
3547	1
3548	2
3549	5
3550	2
3551	1
3552	6
3553	1
3554	0
3555	1
3556	0
3557	6
3558	4
3559	6
3560	0
3561	3
3562	2
3563	8
3564	1
3565	2
3566	1
3567	2
3568	1
3569	0
3570	5
3571	5
3572	6
3573	0
3574	3
3575	3
3576	0
3577	4
3578	4
3579	3
3580	1
3581	1
3582	0
3583	0
3584	2
3585	1
3586	4
3587	3
3588	7,9
3589	0
3590	5
3591	3
3592	6
3593	5
3594	7
3595	4
3596	1
3597	1
3598	3
3599	0
3600	2
3601	2
3602	3
3603	3
3604	0
3605	2
3606	4
3607	2
3608	2
3609	5
3610	2
3611	0
3612	4
3613	0
3614	0
3615	1
3616	0
3617	7
3618	0
3619	2
3620	0
3621	1
3622	2
3623	0
3624	0
3625	4
3626	2
3627	3
3628	0
3629	1
3630	6
3631	5
3632	6
3633	0
3634	1
3635	0
3636	4
3637	0
3638	8
3639	4
3640	3
3641	0
3642	0
3643	4,7
3644	5
3645	0
3646	0
3647	0
3648	2
3649	4
3650	0
3651	3
3652	8
3653	0
3654	2
3655	0
3656	5
3657	1
3658	4,6
3659	6,8
3660	3
3661	0
3662	5
3663	1
3664	4
3665	0
3666	0
3667	1
3668	0
3669	3
3670	4
3671	2
3672	0
3673	3
3674	3
3675	0
3676	1
3677	3
3678	1
3679	1
3680	3
3681	0
3682	5
3683	0
3684	2
3685	5
3686	1
3687	6
3688	1
3689	1
3690	0
3691	4
3692	0
3693	0
3694	1
3695	3
3696	3
3697	4
3698	4
3699	0
3700	4
3701	3
3702	2
3703	3
3704	2
3705	1
3706	1
3707	0
3708	1
3709	0
3710	0
3711	0
3712	1
3713	1
3714	1
3715	1
3716	1
3717	1
3718	2
3719	0
3720	0
3721	5
3722	3
3723	4
3724	9
3725	0
3726	1
3727	1
3728	5
3729	0
3730	0
3731	1
3732	8
3733	0
3734	1
3735	4
3736	1
3737	4
3738	0
3739	1
3740	3
3741	3
3742	3
3743	2
3744	4
3745	2
3746	7
3747	1
3748	1
3749	0
3750	0
3751	1
3752	3
3753	0
3754	4
3755	1
3756	1
3757	2
3758	2
3759	1
3760	0
3761	5
3762	1
3763	1
3764	1
3765	2,8
3766	0
3767	1
3768	4
3769	0
3770	1
3771	6
3772	7
3773	3
3774	0
3775	2
3776	4
3777	0,2
3778	0
3779	1
3780	0
3781	6
3782	5
3783	0
3784	5
3785	7
3786	6
3787	0
3788	0
3789	0
3790	0
3791	6
3792	5
3793	0
3794	1
3795	2
3796	1
3797	0
3798	1
3799	6
3800	2
3801	0
3802	0
3803	2
3804	2
3805	3
3806	4
3807	0
3808	6
3809	6
3810	5
3811	3
3812	3,5
3813	1
3814	1
3815	9
3816	0
3817	5
3818	0
3819	2
3820	0
3821	1
3822	3
3823	0
3824	1
3825	6
3826	2
3827	0
3828	0
3829	2
3830	0
3831	0
3832	3
3833	2
3834	0
3835	5
3836	2
3837	3
3838	4
3839	3
3840	1
3841	7
3842	3,7
3843	2
3844	2
3845	0
3846	0
3847	0
3848	2
3849	2
3850	0
3851	1
3852	2,3
3853	2
3854	0
3855	0
3856	1
3857	2
3858	0
3859	0
3860	0
3861	5
3862	1
3863	5
3864	0
3865	0
3866	0
3867	4
3868	0
3869	1
3870	2
3871	4
3872	1
3873	4
3874	1
3875	2
3876	3
3877	0
3878	0
3879	1
3880	3
3881	8
3882	1
3883	0
3884	6
3885	3
3886	0
3887	5
3888	0
3889	0
3890	1
3891	0
3892	4
3893	1
3894	3
3895	3
3896	0
3897	0
3898	1
3899	2
3900	1
3901	4
3902	4
3903	0
3904	0
3905	2
3906	0
3907	0
3908	3
3909	2
3910	0
3911	8
3912	9
3913	1
3914	2
3915	1
3916	3
3917	3
3918	4
3919	1
3920	2
3921	1
3922	0
3923	1
3924	0
3925	0
3926	9
3927	0
3928	3
3929	0
3930	2
3931	4
3932	0
3933	1
3934	2
3935	0
3936	5
3937	1
3938	0
3939	0
3940	0
3941	1
3942	1
3943	4,5
3944	2
3945	5
3946	5
3947	2
3948	1
3949	0
3950	0
3951	0
3952	1
3953	0
3954	0
3955	6
3956	1
3957	5
3958	4
3959	4
3960	1
3961	2
3962	1
3963	0
3964	4
3965	0
3966	0
3967	3
3968	0
3969	3
3970	2
3971	1
3972	1
3973	5
3974	1
3975	0
3976	1
3977	3
3978	2
3979	0
3980	6
3981	3
3982	6
3983	0
3984	4
3985	7
3986	2
3987	0
3988	7
3989	0
3990	0
3991	7
3992	5
3993	1
3994	3
3995	0
3996	0
3997	5
3998	2
3999	0
4000	1
4001	2
4002	0
4003	1
4004	1
4005	2
4006	0
4007	8
4008	0
4009	5
4010	1
4011	4
4012	2
4013	0
4014	1
4015	5
4016	0
4017	5
4018	7
4019	1
4020	1
4021	1
4022	0
4023	0
4024	1
4025	4
4026	0
4027	0
4028	1
4029	2
4030	5
4031	6
4032	4
4033	0
4034	0
4035	2
4036	2
4037	6
4038	7
4039	6
4040	2
4041	2
4042	0
4043	0
4044	7
4045	4
4046	0
4047	3
4048	0
4049	0
4050	5
4051	4
4052	3
4053	0
4054	5
4055	0
4056	2
4057	0
4058	3
4059	2
4060	0
4061	0
4062	5
4063	2
4064	1
4065	1
4066	1
4067	2
4068	1
4069	3
4070	2
4071	2
4072	2
4073	0
4074	0
4075	0
4076	4
4077	1
4078	0
4079	2
4080	2
4081	0
4082	2
4083	2
4084	3
4085	3
4086	2
4087	2
4088	0
4089	1
4090	3
4091	1
4092	8
4093	5
4094	0
4095	0
4096	4
4097	0
4098	0
4099	0
4100	1
4101	1
4102	7
4103	1
4104	3
4105	0
4106	3
4107	4
4108	6
4109	0
4110	0
4111	1
4112	3
4113	2
4114	0
4115	1
4116	1
4117	7
4118	2
4119	8
4120	0
4121	5
4122	2
4123	4
4124	1
4125	1
4126	2
4127	1
4128	3
4129	5
4130	3
4131	1
4132	3
4133	2
4134	1
4135	1
4136	0
4137	2
4138	3
4139	3
4140	1
4141	0
4142	3
4143	2,7
4144	4
4145	5
4146	1
4147	3,4
4148	6
4149	1
4150	0
4151	1,7
4152	5
4153	6
4154	0
4155	0
4156	0
4157	2
4158	1
4159	1
4160	1
4161	4
4162	4
4163	2
4164	0
4165	1
4166	0
4167	2
4168	5
4169	4
4170	2
4171	1,5
4172	0
4173	0
4174	8
4175	4
4176	0
4177	0
4178	1,2
4179	9
4180	4
4181	6
4182	0
4183	1
4184	1
4185	6
4186	5
4187	0
4188	3
4189	0,7
4190	5
4191	1
4192	1
4193	3
4194	1
4195	1
4196	1
4197	3
4198	2
4199	0
4200	3
4201	5,6
4202	3
4203	5
4204	3
4205	2
4206	0
4207	1
4208	0
4209	4
4210	1
4211	6
4212	0
4213	0
4214	2
4215	0
4216	5
4217	0
4218	6
4219	4
4220	1
4221	1
4222	1
4223	1
4224	0
4225	1
4226	6
4227	0
4228	8
4229	3
4230	2
4231	2
4232	2
4233	1
4234	0
4235	9
4236	0
4237	0
4238	1
4239	1
4240	3
4241	2
4242	1
4243	5
4244	5
4245	0
4246	3
4247	4
4248	4
4249	3
4250	1
4251	1
4252	3
4253	0
4254	2
4255	2
4256	2
4257	1
4258	2
4259	4
4260	1
4261	1
4262	5
4263	0
4264	1
4265	1
4266	3
4267	0
4268	0
4269	6
4270	0
4271	7
4272	1
4273	4
4274	0
4275	0
4276	2
4277	6
4278	0
4279	1
4280	2
4281	9
4282	0
4283	0
4284	5
4285	6
4286	0
4287	2
4288	2
4289	1
4290	2
4291	2
4292	2
4293	5
4294	1
4295	1
4296	7
4297	2
4298	0
4299	6
4300	6
4301	7
4302	1
4303	1
4304	2
4305	4
4306	1
4307	4
4308	1
4309	9
4310	1
4311	3
4312	3
4313	4
4314	3
4315	0
4316	3
4317	5
4318	5
4319	2
4320	5
4321	0
4322	1
4323	0
4324	4
4325	0
4326	0
4327	1
4328	2
4329	1
4330	5
4331	1
4332	3
4333	2
4334	0,7
4335	1
4336	0
4337	0
4338	5
4339	6
4340	6
4341	7
4342	3
4343	2
4344	1
4345	9
4346	0
4347	1
4348	2
4349	1
4350	0
4351	1
4352	0
4353	0
4354	0
4355	1
4356	0
4357	2
4358	0
4359	1
4360	1
4361	0
4362	6
4363	5
4364	1
4365	0
4366	2
4367	4,7
4368	0
4369	4
4370	0
4371	2
4372	0
4373	2
4374	0
4375	2
4376	0
4377	4
4378	1
4379	4
4380	0
4381	2
4382	2
4383	0
4384	1
4385	3
4386	2
4387	4
4388	6
4389	6
4390	2
4391	1
4392	2
4393	2
4394	5
4395	2
4396	0
4397	1
4398	9
4399	3
4400	1
4401	1
4402	0
4403	3
4404	0
4405	6
4406	0
4407	3
4408	0
4409	9
4410	0
4411	6
4412	1
4413	1
4414	1
4415	9
4416	1
4417	2
4418	3
4419	7
4420	8
4421	1
4422	0
4423	2
4424	1
4425	0
4426	0
4427	2
4428	2
4429	4
4430	3
4431	0
4432	0
4433	2
4434	1
4435	2
4436	1
4437	0
4438	8
4439	3
4440	1
4441	2
4442	2
4443	1
4444	0
4445	0
4446	3
4447	2
4448	2
4449	7
4450	3
4451	2
4452	3
4453	4
4454	0
4455	6
4456	1
4457	0
4458	6
4459	0
4460	2
4461	0
4462	8
4463	1
4464	6
4465	5
4466	6
4467	0
4468	3
4469	3
4470	1
4471	1
4472	0
4473	2
4474	1
4475	5
4476	3
4477	3
4478	3
4479	0
4480	1
4481	5
4482	2
4483	0
4484	6
4485	0
4486	7
4487	2
4488	0
4489	3
4490	2
4491	5
4492	0
4493	0
4494	1
4495	2
4496	1
4497	0
4498	2
4499	0
4500	1
4501	6,7
4502	1
4503	8
4504	5
4505	4
4506	0
4507	2
4508	0
4509	4
4510	0
4511	0
4512	6
4513	0
4514	1
4515	7
4516	1
4517	0
4518	3
4519	0
4520	1
4521	1
4522	4
4523	0
4524	3
4525	1
4526	2
4527	1
4528	0
4529	9
4530	2
4531	1
4532	3
4533	2
4534	0
4535	1,4
4536	3
4537	1
4538	1
4539	2
4540	0
4541	1
4542	6
4543	3
4544	2
4545	0
4546	3
4547	4
4548	5
4549	8
4550	1
4551	1
4552	0
4553	2
4554	2
4555	5
4556	5
4557	5
4558	0
4559	3
4560	1
4561	1
4562	0
4563	1,2,3,5,6,9
4564	2
4565	0
4566	2
4567	0
4568	2
4569	0
4570	2
4571	0
4572	2
4573	4
4574	5
4575	3
4576	1
4577	2
4578	2
4579	5
4580	7,8
4581	8
4582	0
4583	3
4584	2
4585	3
4586	0
4587	1
4588	1
4589	5
4590	2
4591	8
4592	4
4593	3
4594	4
4595	0
4596	4
4597	0
4598	1
4599	2
4600	1
4601	6
4602	0
4603	8
4604	2
4605	2
4606	5
4607	1
4608	0
4609	0
4610	1
4611	2
4612	4,5
4613	2
4614	4
4615	2
4616	1
4617	4,9
4618	3
4619	0
4620	6,8
4621	2
4622	1
4623	0
4624	1
4625	2
4626	0
4627	2
4628	3
4629	4
4630	2
4631	3
4632	0
4633	2
4634	3
4635	3
4636	4
4637	0
4638	0
4639	2
4640	2
4641	0
4642	1
4643	4
4644	0
4645	0
4646	0
4647	5
4648	0,4,7
4649	4
4650	1
4651	0,4,5,8,9
4652	3
4653	0
4654	0
4655	1
4656	0
4657	0
4658	4
4659	3
4660	2
4661	0
4662	1
4663	0
4664	3
4665	0
4666	0
4667	3
4668	0
4669	3
4670	0
4671	1
4672	0
4673	1
4674	0
4675	0,1,3,4
4676	5
4677	5
4678	2
4679	1
4680	3
4681	3
4682	0
4683	1
4684	2
4685	1
4686	3
4687	0,1,2,3,5,6,7,8,9
4688	0
4689	2
4690	0
4691	1
4692	2
4693	0
4694	3
4695	2
4696	1
4697	3
4698	0,1,2,3,4,5,6,7,8,9
4699	1,3
