ATT0(float,1);ATT1(float,10);ATT2(string,10);
0.901;0.043,0.175,0.892,0.178,0.689,0.535,0.364,0.0514,0.227,0.787;aaaaaaaaaa;
0.482;0.496,0.796,0.351,0.24,0.664,0.21,0.246,0.948,0.762,0.641;aaaa;
0.806;0.741,0.133,0.154,0.366,0.964,0.675,0.1,0.759,0.231,0.773;aaaaaaaaaa;
0.109;0.802,0.0982,0.381,0.108,0.498,0.488,0.996,0.512,0.0702,0.219;aaaaaaaaaa;
0.9;0.154,0.043,0.993,0.971,0.475,0.241,0.808,0.705,0.17,0.512;aaaaaaa;
0.0806;0.344,0.664,0.359,0.0299,0.729,0.932,0.925,0.522,0.861,0.822;aa;
0.583;0.0111,0.124,0.794,0.134,0.916,0.0164,0.266,0.934,0.0699,0.487;aa;
0.0149;0.38,0.856,0.294,0.675,0.00588,0.47,0.689,0.304,0.0176,0.552;aaaaaa;
0.236;0.897,0.976,0.894,0.913,0.197,0.234,0.834,0.588,0.241,0.92;aaaaa;
0.928;0.811,0.393,0.687,0.468,0.886,0.663,0.208,0.13,0.0582,0.0873;aa;
0.217;0.278,0.267,0.151,0.297,0.0632,0.822,0.497,0.746,0.232,0.971;aaa;
0.541;0.504,0.722,0.86,0.254,0.0122,0.524,0.175,0.73,0.624,0.261;a;
0.928;0.0688,0.293,0.373,0.168,0.275,0.784,0.0619,0.627,0.312,0.733;aaaaaaaaaa;
0.0715;0.223,0.583,0.737,0.0381,0.365,0.982,0.72,0.296,0.847,0.379;aaaaaa;
0.933;0.0312,0.566,0.903,0.137,0.782,0.892,0.311,0.604,0.804,0.704;aaa;
0.329;0.426,0.468,0.389,0.152,0.142,0.916,0.238,0.926,0.502,0.397;aaaaaaa;
0.377;0.627,0.773,0.167,0.136,0.731,0.844,0.165,0.0643,0.267,0.232;aaaaa;
0.675;0.479,0.258,0.193,0.637,0.488,0.0578,0.227,0.714,0.705,0.325;aaaa;
0.53;0.904,0.0605,0.769,0.259,0.232,0.952,0.105,0.849,0.0338,0.882;aaaaa;
0.0535;0.151,0.42,0.188,0.667,0.446,0.826,0.0272,0.295,0.4,0.519;aaaaa;
0.078;0.333,0.969,0.6,0.424,0.809,0.938,0.607,0.249,0.61,0.443;aaaaaaaa;
0.725;0.657,0.923,0.833,0.136,0.82,0.389,0.847,0.776,0.411,0.946;aaa;
0.905;0.582,0.147,0.0608,0.441,0.706,0.303,0.354,0.528,0.681,0.0852;aaa;
0.243;0.383,0.786,0.185,0.221,0.483,0.757,0.771,0.822,0.379,0.489;aaaaaaaaa;
0.137;0.141,0.225,0.657,0.355,0.857,0.584,0.909,0.743,0.796,0.804;aaa;
0.463;0.117,0.399,0.684,0.468,0.773,0.799,0.652,0.287,0.989,0.183;aaaaaaaaaa;
0.476;0.399,0.966,0.823,0.0665,0.298,0.251,0.573,0.18,0.63,0.968;aaaaaa;
0.723;0.457,0.399,0.765,0.68,0.371,0.213,0.0639,0.813,0.0713,0.029;aaaaaaaaa;
0.955;0.288,0.312,0.716,0.384,0.702,0.651,0.941,0.362,0.417,0.732;aaaa;
0.179;0.281,0.545,0.183,0.351,0.75,0.128,0.131,0.728,0.118,0.402;aaaaaaaaaa;
0.745;0.152,0.393,0.0491,0.42,0.348,0.195,0.747,0.707,0.393,0.966;aa;
0.176;0.0908,0.265,0.586,0.509,0.37,0.193,0.799,0.00895,0.617,0.277;aaaa;
0.487;0.00895,0.859,0.448,0.362,0.757,0.959,0.354,0.793,0.48,0.943;aaaaaaaa;
0.406;0.394,0.341,0.237,0.986,0.0672,0.188,0.241,0.663,0.22,0.464;aaaaaaaaa;
0.237;0.265,0.573,0.261,0.475,0.106,0.328,0.758,0.497,0.665,0.962;aaaaaaa;
0.434;0.894,0.267,0.785,0.45,0.939,0.681,0.181,0.935,0.27,0.463;aa;
0.126;0.581,0.717,0.203,0.991,0.688,0.315,0.846,0.929,0.951,0.856;aaaaaaaa;
0.0986;0.566,0.436,0.578,0.37,0.885,0.806,0.756,0.252,0.576,0.895;aaaaaaaaaa;
0.0297;0.262,0.42,0.202,0.978,0.423,0.908,0.0608,0.172,0.751,0.339;aa;
0.546;0.36,0.992,0.438,0.745,0.982,0.808,0.0666,0.797,0.762,0.0128;aaaa;
0.243;0.918,0.843,0.314,0.138,0.174,0.651,0.549,0.589,0.214,0.348;aa;
0.677;0.721,0.533,0.0101,0.0547,0.108,0.26,0.959,0.97,0.494,0.351;aaaaaaa;
0.724;0.184,0.385,0.295,0.144,0.48,0.353,0.122,0.887,0.328,0.265;aaaaaaaaa;
0.88;0.237,0.268,0.921,0.0568,0.336,0.268,0.321,0.193,0.455,0.948;a;
0.121;0.952,0.728,0.449,0.475,0.654,0.614,0.578,0.033,0.229,0.144;aaaaaaaa;
0.715;0.296,0.589,0.785,0.818,0.956,0.0944,0.902,0.649,0.189,0.212;aaaaaaaa;
0.468;0.826,0.724,0.249,0.93,0.132,0.853,0.6,0.291,0.858,0.853;aaa;
0.978;0.576,0.873,0.817,0.728,0.797,0.00639,0.873,0.399,0.757,0.628;a;
0.849;0.458,0.798,0.947,0.053,0.227,0.217,0.336,0.144,0.242,0.115;aa;
0.93;0.325,0.239,0.772,0.0535,0.76,0.22,0.864,0.382,0.502,0.772;aaaaaaaa;
0.396;0.937,0.25,0.713,0.89,0.754,0.907,0.542,0.14,0.171,0.238;aaaaaa;
0.36;0.753,0.287,0.801,0.433,0.951,0.198,0.401,0.893,0.387,0.0292;aaaaaaaaa;
0.0821;0.604,0.128,0.853,0.111,0.502,0.792,0.817,0.35,0.585,0.896;aaa;
0.661;0.704,0.031,0.277,0.256,0.603,0.256,0.105,0.953,0.66,0.535;aaaaaaaaaa;
0.2;0.907,0.837,0.866,0.973,0.13,0.196,0.307,0.644,0.796,0.629;aaa;
0.0319;0.155,0.673,0.838,0.435,0.529,0.738,0.915,0.322,0.663,0.953;aaaaaaaaa;
0.0695;0.776,0.807,0.623,0.458,0.0608,0.147,0.00825,0.264,0.869,0.545;a;
0.978;0.648,0.776,0.474,0.475,0.744,0.82,0.405,0.784,0.94,0.961;aaaaaaaa;
0.81;0.292,0.648,0.129,0.886,0.0808,0.617,0.815,0.288,0.197,0.431;aaaaaaa;
0.861;0.765,0.316,0.8,0.0276,0.727,0.293,0.459,0.939,0.444,0.0333;aaa;
0.279;0.399,0.805,0.93,0.432,0.186,0.282,0.632,0.872,0.252,0.755;aaa;
0.824;0.591,0.85,0.792,0.0745,0.481,0.679,0.325,0.858,0.927,0.325;aaaa;
0.476;0.861,0.103,0.416,0.259,0.0418,0.869,0.789,0.0246,0.536,0.97;aa;
0.644;0.0672,0.615,0.0869,0.412,0.168,0.185,0.992,0.955,0.00875,0.783;aaaaaaaa;
0.876;0.263,0.697,0.0118,0.618,0.314,0.962,0.385,0.943,0.173,0.105;a;
0.602;0.947,0.0399,0.837,0.284,0.95,0.732,0.171,0.923,0.954,0.883;aa;
0.507;0.182,0.506,0.57,0.303,0.42,0.164,0.0999,0.191,0.212,0.269;aa;
0.972;0.791,0.239,0.683,0.374,0.549,0.437,0.844,0.434,0.00527,0.717;a;
0.544;0.505,0.535,0.202,0.137,0.421,0.895,0.548,0.394,0.646,0.799;a;
0.986;0.934,0.175,0.914,0.196,0.0143,0.57,0.181,0.514,0.892,0.96;aa;
0.443;0.869,0.0801,0.36,0.966,0.679,0.104,0.149,0.0583,0.716,0.833;a;
0.0634;0.0389,0.57,0.0924,0.993,0.0977,0.922,0.161,0.641,0.255,0.399;aaa;
0.601;0.945,0.154,0.318,0.479,0.856,0.463,0.0625,0.37,0.281,0.491;aaaaaaaaaa;
0.991;0.308,0.356,0.0135,0.428,0.88,0.24,0.854,0.816,0.347,0.918;aaa;
0.386;0.811,0.41,0.313,0.419,0.046,0.0383,0.341,0.123,0.786,0.762;aa;
0.478;0.31,0.867,0.523,0.814,0.773,0.00426,0.434,0.201,0.511,0.501;aaaaaaaa;
0.576;0.849,0.414,0.359,0.878,0.423,0.253,0.205,0.714,0.973,0.184;aaaaa;
0.742;0.674,0.131,0.794,0.571,0.787,0.912,0.741,0.137,0.54,0.669;aaaaaa;
0.604;0.489,0.198,0.802,0.601,0.795,0.996,0.902,0.289,0.677,0.125;aa;
0.342;0.711,0.738,0.0797,0.099,0.0173,0.404,0.685,0.242,0.465,0.683;aaaaaaaaaa;
0.78;0.113,0.344,0.862,0.767,0.482,0.376,0.725,0.683,0.232,0.869;aaaaaaaaaa;
0.812;0.313,0.18,0.932,0.923,0.54,0.51,0.275,0.708,0.8,0.982;aaaaaaa;
0.542;0.127,0.501,0.611,0.557,0.917,0.799,0.121,0.981,0.688,0.315;aaaaaaa;
0.548;0.558,0.971,0.735,0.351,0.774,0.31,0.717,0.962,0.14,0.301;a;
0.315;0.607,0.952,0.0202,0.311,0.581,0.0168,0.185,0.687,0.0223,0.923;aaa;
0.189;0.145,0.318,0.23,0.556,0.823,0.793,0.983,0.185,0.172,0.361;aaaaaaaaa;
0.371;0.663,0.221,0.105,0.26,0.0479,0.887,0.172,0.527,0.14,0.586;aaaaaaa;
0.347;0.334,0.217,0.167,0.631,0.0379,0.988,0.324,0.97,0.546,0.611;aaaaaaa;
0.932;0.848,0.698,0.294,0.311,0.532,0.236,0.386,0.43,0.569,0.0741;aaaaaaaa;
0.747;0.502,0.0845,0.902,0.808,0.719,0.976,0.355,0.722,0.377,0.191;aaaa;
0.45;0.664,0.372,0.727,0.195,0.651,0.995,0.789,0.154,0.292,0.789;aaaa;
0.565;0.209,0.984,0.405,0.461,0.798,0.605,0.639,0.0972,0.528,0.686;aaaaaaaaaa;
0.986;0.506,0.195,0.703,0.925,0.715,0.0389,0.147,0.861,0.701,0.751;aaaaaaaaa;
0.493;0.902,0.876,0.737,0.642,0.896,0.171,0.89,0.914,0.837,0.484;aaaaaaa;
0.93;0.767,0.761,0.276,0.344,0.606,0.558,0.586,0.638,0.197,0.491;a;
0.835;0.087,0.445,0.713,0.375,0.789,0.071,0.54,0.134,0.793,0.0671;aaaaaaaaaa;
0.87;0.66,0.282,0.579,0.906,0.781,0.65,0.841,0.654,0.239,0.243;aaaaaaaa;
0.148;0.875,0.945,0.0836,0.37,0.564,0.731,0.865,0.797,0.0234,0.937;aa;
0.22;0.0408,0.157,0.335,0.47,0.853,0.991,0.0964,0.104,0.258,0.481;aaaaaa;
0.0673;0.927,0.0323,0.456,0.678,0.973,0.921,0.864,0.467,0.0151,0.0821;aa;
0.751;0.296,0.8,0.763,0.416,0.288,0.329,0.354,0.407,0.179,0.803;aaa;
0.0768;0.426,0.435,0.356,0.844,0.731,0.401,0.623,0.0422,0.361,0.927;aaaaaa;
0.343;0.997,0.916,0.00963,0.949,0.869,0.416,0.559,0.685,0.116,0.256;aaaaaaaa;
0.961;0.0483,0.732,0.721,0.19,0.912,0.883,0.657,0.805,0.0932,0.584;aaa;
0.848;0.386,0.313,0.856,0.972,0.4,0.855,0.316,0.028,0.771,0.61;aaaaaa;
0.599;0.404,0.957,0.0707,0.151,0.212,0.998,0.917,0.862,0.145,0.199;aaaa;
0.201;0.424,0.809,0.315,0.255,0.728,0.191,0.492,0.378,0.16,0.969;aaaaaaaaa;
0.881;0.827,0.812,0.0848,0.053,0.644,0.562,0.696,0.193,0.92,0.0215;aaaa;
0.989;0.872,0.638,0.791,0.0307,0.69,0.0408,0.0437,0.726,0.979,0.632;aaaaaaaaaa;
0.198;0.0355,0.0384,0.806,0.0664,0.566,0.433,0.485,0.0595,0.0979,0.851;aaaaaaa;
0.581;0.551,0.611,0.327,0.67,0.849,0.266,0.87,0.0444,0.426,0.541;aaaaaaa;
0.131;0.62,0.0334,0.183,0.522,0.98,0.378,0.323,0.614,0.349,0.187;aaaaaa;
0.968;0.691,0.679,0.0763,0.225,0.243,0.495,0.286,0.0246,0.891,0.263;aaaa;
0.737;0.318,0.162,0.374,0.863,0.0524,0.674,0.188,0.816,0.593,0.535;aaaa;
0.41;0.107,0.465,0.0654,0.822,0.435,0.546,0.381,0.521,0.997,0.662;aaaaaaaaa;
0.377;0.112,0.868,0.746,0.495,0.506,0.472,0.408,0.449,0.309,0.172;aaaaaaa;
0.245;0.11,0.41,0.914,0.36,0.125,0.0285,0.466,0.804,0.909,0.263;aaaa;
0.856;0.475,0.318,0.139,0.882,0.532,0.0111,0.878,0.994,0.413,0.759;aaaa;
0.441;0.243,0.929,0.951,0.0187,0.775,0.411,0.189,0.111,0.817,0.16;aaaaa;
0.34;0.903,0.718,0.0178,0.907,0.0654,0.903,0.704,0.389,0.951,0.514;aa;
0.733;0.377,0.151,0.892,0.0218,0.893,0.701,0.151,0.369,0.531,0.298;aaaaaaaaaa;
0.0116;0.0181,0.121,0.35,0.644,0.546,0.868,0.538,0.0231,0.386,0.149;aaaaaaaaa;
0.804;0.98,0.901,0.765,0.93,0.794,0.901,0.0578,0.545,0.467,0.00948;aaaa;
0.956;0.0194,0.126,0.165,0.116,0.33,0.311,0.448,0.888,0.669,0.194;a;
0.6;0.0837,0.803,0.65,0.59,0.88,0.383,0.602,0.703,0.233,0.0598;aaaaaaa;
0.0731;0.332,0.527,0.578,0.942,0.729,0.0524,0.84,0.368,0.149,0.0705;a;
0.88;0.75,0.359,0.429,0.804,0.603,0.929,0.182,0.26,0.234,0.905;aaaaaaaaa;
0.487;0.285,0.554,0.984,0.305,0.169,0.884,0.0959,0.102,0.31,0.413;a;
0.918;0.518,0.538,1,0.575,0.548,0.637,0.38,0.234,0.276,0.921;aa;
0.296;0.649,0.664,0.885,0.928,0.47,0.856,0.331,0.342,0.852,0.287;a;
0.443;0.713,0.955,0.0882,0.962,0.609,0.0591,0.594,0.745,0.625,0.327;aaaaaa;
0.218;0.97,0.434,0.413,0.214,0.755,0.919,0.726,0.841,0.382,0.409;aaaaaaaaaa;
0.534;0.0659,0.578,0.594,0.945,0.0418,0.787,0.41,0.711,0.983,0.475;aaaaaaaa;
0.128;0.945,0.734,0.141,0.444,0.0158,0.711,0.747,0.454,0.665,0.381;aa;
0.368;0.385,0.0843,0.77,0.234,0.562,0.241,0.523,0.823,0.724,0.433;a;
0.406;0.44,0.0258,0.474,0.702,0.157,0.601,0.432,0.339,0.899,0.279;aaaaaaaa;
0.0557;0.82,0.504,0.886,0.5,0.139,0.699,0.729,0.988,0.442,0.529;aa;
0.89;0.476,0.935,0.0378,0.938,0.263,0.793,0.329,0.68,0.398,0.641;aaaaaaa;
0.442;0.228,0.691,0.547,0.824,0.565,0.0246,0.945,0.65,0.287,0.0381;aa;
0.397;0.131,0.721,0.524,0.783,0.369,0.28,0.549,0.433,0.896,0.224;aaaaaaaa;
0.332;0.266,0.365,0.561,0.631,0.611,0.255,0.174,0.342,0.496,0.0771;aa;
0.626;0.773,0.0933,0.31,0.256,0.765,0.539,0.131,0.824,0.00715,0.135;aaaaaaa;
0.0547;0.148,0.357,0.51,0.543,0.657,0.6,0.773,0.461,0.0321,0.677;aaaaa;
0.74;0.415,0.334,0.521,0.333,0.138,0.638,0.489,0.324,0.0105,0.769;aaaaaaaaa;
0.756;0.304,0.712,0.465,0.0519,0.0407,0.815,0.385,0.877,0.346,0.464;aaaaaaaa;
0.973;0.761,0.285,0.781,0.588,0.806,0.231,0.954,0.926,0.949,0.977;aaa;
0.813;0.398,0.479,0.679,0.612,0.821,0.316,0.741,0.533,0.605,0.724;aaaaaa;
0.569;0.00385,0.415,0.694,0.958,0.0411,0.759,0.444,0.0787,0.389,0.312;aaaaaaaaaa;
0.68;0.342,0.52,0.929,0.716,0.851,0.137,0.284,0.152,0.541,0.12;aaaaaaa;
0.653;0.626,0.581,0.0923,0.314,0.886,0.14,0.754,0.57,0.704,0.0164;aaaaaaaaa;
0.689;0.836,0.138,0.82,0.541,0.663,0.267,0.616,0.194,0.248,0.0374;a;
0.13;0.244,0.519,0.00974,0.825,0.935,0.0374,0.596,0.318,0.79,0.227;aaaaa;
0.543;0.778,0.256,0.0155,0.204,0.656,0.377,0.604,0.666,0.647,0.0492;a;
0.291;0.161,0.761,0.688,0.091,0.287,0.104,0.736,0.442,0.0267,0.813;aaaa;
0.376;0.513,0.144,0.549,0.445,0.407,0.996,0.151,0.972,0.199,0.202;a;
0.77;0.316,0.814,0.218,0.227,0.257,0.794,0.871,0.439,0.0632,0.281;aaaaaaaaaa;
0.8;0.946,0.0137,0.678,0.348,0.869,0.376,0.979,0.0874,0.748,0.384;aaaaaaaaa;
0.351;0.7,0.595,0.624,0.769,0.979,0.267,0.822,0.902,0.127,0.115;a;
0.641;0.751,0.0618,0.773,0.369,0.139,0.604,0.496,0.883,0.776,0.00291;aaaaaaaa;
0.131;0.593,0.689,0.176,0.749,0.201,0.167,0.0233,0.907,0.733,0.282;a;
0.149;0.438,0.397,0.0075,0.596,0.0678,0.69,0.781,0.0536,0.211,0.571;aaa;
0.42;0.203,0.0944,0.347,0.33,0.54,0.718,0.381,0.796,0.00235,0.194;aa;
0.479;0.234,0.33,0.656,0.539,0.463,0.497,0.367,0.219,0.316,0.244;aaaaaaaaa;
0.528;0.49,0.107,0.61,0.589,0.854,0.648,0.368,0.372,0.566,0.619;aaaaa;
0.695;0.166,0.00168,0.87,0.295,0.92,0.877,0.752,0.108,0.24,0.0651;aaaaaa;
0.755;0.109,0.25,0.302,0.74,0.898,0.794,0.272,0.806,0.742,0.795;aaaa;
0.416;0.344,0.318,0.126,0.519,0.131,0.645,0.757,0.489,0.218,0.561;aaaa;
0.53;0.257,0.952,0.403,0.706,0.551,0.0129,0.747,0.466,0.963,0.249;aaaaaaaa;
0.0157;0.959,0.96,0.925,0.86,0.899,0.0996,0.902,0.481,0.783,0.178;aaaaa;
0.0254;0.23,0.589,0.825,0.693,0.811,0.367,0.976,0.968,0.184,0.0313;aaa;
0.87;0.206,0.512,0.555,0.763,0.602,0.666,0.648,0.679,0.867,0.621;aaaaaaaaa;
0.619;0.271,0.0401,0.549,0.4,0.874,0.191,0.943,0.975,0.0961,0.785;a;
0.729;0.926,0.61,0.632,0.603,0.653,0.92,0.0937,0.317,0.135,0.276;aaaaaaaa;
0.398;0.247,0.228,0.599,0.917,0.317,0.903,0.875,0.208,0.2,0.863;aaaaaaaa;
0.209;0.396,0.55,0.623,0.758,0.0716,0.79,0.569,0.482,0.235,0.811;aaa;
0.432;0.63,0.449,0.812,0.675,0.632,0.619,0.326,0.0414,0.0973,0.691;aaaaaa;
0.783;0.25,0.491,0.174,0.394,0.484,0.303,0.955,0.944,0.13,0.0411;aaaa;
0.49;0.233,0.233,0.248,0.579,0.424,0.636,0.866,0.71,0.232,0.596;aaaaaa;
0.327;0.99,0.705,0.762,0.667,0.613,0.315,0.459,0.349,0.839,0.492;aaaaaa;
0.757;0.91,0.912,0.725,0.334,0.574,0.287,0.866,0.874,0.239,0.753;aaaaa;
0.191;0.773,0.923,0.379,0.967,0.49,0.195,0.796,0.754,0.503,0.833;aa;
0.806;0.502,0.597,0.58,0.288,0.481,0.649,0.034,0.632,0.996,0.691;aaaa;
0.884;0.442,0.985,0.531,0.971,0.702,0.0409,0.0489,0.627,0.856,0.971;aaa;
0.347;0.124,0.138,0.816,0.503,0.116,0.599,0.497,0.179,0.471,0.706;aaaa;
0.3;0.325,0.655,0.0033,0.284,0.555,0.0811,0.111,0.958,0.91,0.0584;aaaaaaaaaa;
0.681;0.426,0.51,0.0401,0.389,0.889,0.718,0.795,0.579,0.937,0.319;aa;
0.313;0.994,0.966,0.371,0.955,0.647,0.518,0.786,0.974,0.834,0.0145;aa;
0.0335;0.161,0.176,0.943,0.0371,0.753,0.0615,0.879,0.0209,0.0346,0.964;aaaaaa;
0.89;0.405,0.749,0.996,0.389,0.0262,0.971,0.239,0.882,0.646,0.702;aaaaaaa;
0.535;0.446,0.433,0.0689,0.591,0.23,0.948,0.956,0.24,0.618,0.604;aaaa;
0.709;0.0617,0.82,0.775,0.271,0.954,0.634,0.108,0.00845,0.493,0.00935;aaaaaaaaa;
0.23;0.0263,0.114,0.339,0.616,0.57,0.436,0.41,0.793,0.779,0.521;aaaaaaaaa;
0.468;0.22,0.848,0.244,0.11,0.0519,0.849,0.724,0.914,0.676,0.211;a;
0.994;0.877,0.682,0.0715,0.806,0.683,0.773,0.118,0.718,0.687,0.316;aaaaaaaaa;
0.202;0.978,0.83,0.0784,0.603,0.995,0.442,0.0994,0.371,0.0618,0.322;aaaaaaaa;
0.143;0.39,0.305,0.00841,0.895,0.135,0.921,0.415,0.542,0.176,0.4;aaaaaaaaa;
0.944;0.437,0.967,0.99,0.576,0.213,0.631,0.935,0.553,0.314,0.335;aaaaaaaaaa;
0.549;0.896,0.038,0.646,0.958,0.864,0.374,0.328,0.987,0.318,0.965;aaaaa;
0.854;0.239,0.0831,0.716,0.14,0.611,0.581,0.114,0.367,0.445,0.13;aaaaaa;
0.253;0.795,0.443,0.0752,0.452,0.695,0.997,0.657,0.346,0.69,0.722;aa;
0.638;0.242,0.938,0.346,0.858,0.489,0.788,0.47,0.805,0.887,0.741;aaaaaaaaaa;
0.079;0.569,0.999,0.912,0.896,0.188,0.244,0.165,0.526,0.0327,0.217;aaaaaaa;
0.63;0.12,0.572,0.231,0.92,0.177,0.869,0.457,0.511,0.846,0.83;aa;
0.955;0.443,0.000684,0.441,0.495,0.259,0.706,0.11,0.0944,0.00195,0.519;aaaaaaa;
0.612;0.516,0.555,0.272,0.333,0.166,0.705,0.565,0.646,0.676,0.989;aaaaa;
0.429;0.0426,0.972,0.941,0.313,0.48,0.508,0.757,0.767,0.383,0.628;aaaaaaaaa;
0.364;0.52,0.983,0.801,0.271,0.796,0.605,0.103,0.327,0.817,0.571;aaaaaaa;
0.512;0.128,0.852,0.677,0.402,0.944,0.598,0.723,0.801,0.00474,0.668;aaa;
0.097;0.189,0.553,0.866,0.167,0.945,0.389,0.358,0.737,0.413,0.533;aaaaaaaaa;
0.861;0.367,0.822,0.764,0.329,0.148,0.425,0.571,0.561,0.469,0.465;aa;
0.151;0.748,0.41,0.167,0.0698,0.267,0.615,0.214,0.528,0.835,0.00722;aaaa;
0.613;0.338,0.154,0.198,0.0917,0.723,0.843,0.125,0.308,0.313,0.178;aaa;
0.326;0.773,0.596,0.455,0.536,0.126,0.354,0.19,0.45,0.649,0.734;a;
0.138;0.892,0.57,0.526,0.833,0.222,0.206,0.493,0.806,0.898,0.566;aaaa;
0.0491;0.117,0.904,0.969,0.463,0.402,0.807,0.433,0.268,0.779,0.859;aaaaaa;
0.714;0.648,0.00418,0.0547,0.127,0.91,0.668,0.864,0.0448,0.477,0.928;a;
0.396;0.528,0.852,0.242,0.802,0.453,0.918,0.972,0.535,0.764,0.603;aaaaaa;
0.364;0.468,0.922,0.269,0.0841,0.43,0.534,0.0743,0.783,0.243,0.591;aaaaaaaaa;
0.922;0.361,0.638,0.962,0.197,0.987,0.143,0.226,0.231,0.143,0.00368;aaaa;
0.542;0.886,0.767,0.745,0.998,0.407,0.794,0.891,0.841,0.108,0.494;aaaaaaaaa;
0.636;0.584,0.369,0.172,0.149,0.977,0.188,0.301,0.696,0.539,0.324;aaaaaa;
0.622;0.798,0.0333,0.201,0.798,0.282,0.0878,0.104,0.555,0.919,0.198;aaaaaaaaaa;
0.957;0.912,0.35,0.186,0.733,0.385,0.678,0.712,0.697,0.658,0.0721;aaaaa;
0.586;0.422,0.535,0.801,0.852,0.304,0.599,0.408,0.482,0.928,0.803;aa;
0.213;0.867,0.645,0.253,0.748,0.517,0.901,0.526,0.646,0.785,0.975;a;
0.223;0.73,0.213,0.117,0.18,0.389,0.704,0.776,0.293,0.802,0.464;aaaaaaa;
0.0452;0.683,0.774,0.221,0.634,0.649,0.389,0.607,0.754,0.146,0.379;aa;
0.187;0.394,0.0813,0.0466,0.399,0.0364,0.113,0.841,0.524,0.714,0.214;aaaa;
0.513;0.121,0.262,0.916,0.993,0.25,0.636,0.79,0.519,0.814,0.844;aaaaaaaaa;
0.697;0.757,0.541,0.452,0.293,0.114,0.591,0.566,0.541,0.371,0.539;aaaaaaaaa;
0.224;0.439,0.259,0.987,0.305,0.817,0.156,0.896,0.642,0.713,0.421;a;
0.916;0.599,0.725,0.89,0.399,0.529,0.851,0.401,0.42,0.707,0.0982;aaaaaa;
0.129;0.0973,0.0539,0.148,0.176,0.285,0.425,0.334,0.882,0.0284,0.447;aaa;
0.784;0.338,0.243,0.113,0.932,0.162,0.777,0.237,0.895,0.959,0.0908;aaaaaaaa;
0.599;0.265,0.698,0.481,0.77,0.0333,0.558,0.905,0.197,0.442,0.72;aa;
0.963;0.678,0.868,0.0585,0.34,0.514,0.453,0.495,0.0423,0.905,0.539;aaaa;
0.843;0.405,0.794,0.298,0.102,0.971,0.823,0.783,0.253,0.414,0.637;aaaa;
0.405;0.437,0.999,0.0214,0.304,0.0788,0.667,0.373,0.981,0.335,0.344;aaaaaaaaaa;
0.408;0.259,0.572,0.47,0.1,0.167,0.0132,0.506,0.0433,0.533,0.373;aaaaa;
0.0446;0.781,0.767,0.759,0.714,0.335,0.588,0.764,0.132,0.259,0.314;aaaaaaaaa;
0.652;0.359,0.462,0.737,0.605,0.43,0.19,0.687,0.0876,0.857,0.0929;aaaaaaaaa;
0.0416;0.955,0.429,0.0747,0.969,0.746,0.122,0.225,0.435,0.106,0.129;aaaa;
0.0627;0.481,0.905,0.156,0.791,0.699,0.287,0.248,0.546,0.667,0.533;aaa;
0.238;0.842,0.999,0.748,0.429,0.418,0.837,0.277,0.886,0.876,0.963;a;
0.637;0.00222,0.543,0.0956,0.486,0.92,0.697,0.176,0.627,0.677,0.993;aaa;
0.523;0.455,0.624,0.381,0.976,0.803,0.124,0.26,0.819,0.0427,0.293;aaaaaaa;
0.977;0.309,0.653,0.0291,0.455,0.851,0.927,0.303,0.395,0.224,0.98;aaaaaaaaa;
0.215;0.402,0.694,0.663,0.737,0.442,0.214,0.278,0.362,0.127,0.21;aaaa;
0.238;0.438,0.275,0.888,0.00786,0.654,0.621,0.815,0.172,0.139,0.147;aaaaaaaa;
0.13;0.917,0.298,0.604,0.429,0.607,0.0126,0.696,0.156,0.0818,0.201;a;
0.439;0.58,0.128,0.874,0.979,0.956,0.894,0.0251,0.141,0.736,0.155;aaaaaaaaaa;
0.622;0.622,0.541,0.739,0.429,0.501,0.761,0.695,0.669,0.692,0.137;aaaa;
0.201;0.606,0.29,0.829,0.464,0.218,0.627,0.945,0.298,0.924,0.756;aaaaaaaaa;
0.467;0.87,0.204,0.345,0.0298,0.114,0.514,0.368,0.914,0.805,0.847;aaaaaaaaa;
0.53;0.203,0.163,0.89,0.552,0.805,0.721,0.926,0.0796,0.412,0.102;aaaaaaaa;
0.76;0.339,0.292,0.177,0.882,0.459,0.427,0.439,0.764,0.194,0.654;aaaaaaaaa;
0.315;0.0464,0.337,0.291,0.737,0.46,0.704,0.506,0.558,0.826,0.254;aaaaaaa;
0.726;0.942,0.938,0.495,0.54,0.463,0.48,0.571,0.317,0.457,0.423;aaa;
0.62;0.58,0.946,0.76,0.145,0.29,0.81,0.0856,0.276,0.369,0.84;aa;
0.367;0.907,0.246,0.152,0.571,0.124,0.672,0.0429,0.56,0.0821,0.0779;a;
0.00346;0.875,0.0662,0.26,0.52,0.329,0.232,0.699,0.834,0.963,0.656;aaa;
0.627;0.362,0.899,0.327,0.291,0.602,0.44,0.474,0.635,0.832,0.0919;aaaaaaa;
0.0681;0.742,0.301,0.939,0.757,0.839,0.775,0.0519,0.0556,0.651,0.0282;aaaaaa;
0.393;0.887,0.695,0.67,0.448,0.237,0.785,0.849,0.514,0.969,0.351;aaaaaaaa;
0.893;0.272,0.377,0.929,0.761,0.355,0.441,0.226,0.83,0.643,0.712;aaaa;
0.888;0.433,0.669,0.837,0.567,0.736,0.403,0.148,0.0579,0.06,0.531;aaaaaaaaa;
0.271;0.447,0.982,0.0676,0.098,0.998,0.469,0.225,0.225,0.532,0.136;aaaaaaaaa;
0.335;0.294,0.204,0.955,0.899,0.32,0.345,0.411,0.164,0.107,0.498;aaaaaa;
0.116;0.757,0.291,0.712,0.885,0.14,0.816,0.392,0.291,0.401,0.0791;aaaaaaaa;
0.745;0.136,0.365,0.169,0.38,0.949,0.619,0.63,0.831,0.796,0.338;aaaaaaaaa;
0.79;0.178,0.295,0.47,0.524,0.893,0.632,0.598,0.494,0.74,0.995;aaaaaaa;
0.329;0.0352,0.898,0.217,0.524,0.439,0.883,0.0216,0.764,0.237,0.765;aaaaaa;
0.0178;0.738,0.0325,0.46,0.504,0.419,0.393,0.0259,0.784,0.638,0.531;aaaaaaaaaa;
0.891;0.167,0.878,0.72,0.735,0.832,0.826,0.237,0.252,0.405,0.779;aa;
0.109;0.216,0.1,0.017,0.771,0.092,0.0318,0.3,0.215,0.837,0.608;aaaaaaaaaa;
0.805;0.861,0.188,0.965,0.443,0.113,0.325,0.515,0.578,0.679,0.99;aaaaaaa;
0.753;0.158,0.425,0.0327,0.834,0.0487,0.00849,0.377,0.365,0.427,0.42;aaaaaaaaa;
0.778;0.819,0.56,0.663,0.488,0.0241,0.727,0.0183,0.243,0.626,0.0295;aa;
0.79;0.342,0.254,0.186,0.489,0.529,0.93,0.603,0.699,0.549,0.179;aaaaaaaaa;
0.684;0.519,0.155,0.743,0.447,0.0802,0.579,0.0915,0.821,0.93,0.477;aaaaaaaa;
0.826;0.448,0.364,0.488,0.00497,0.396,0.74,0.564,0.125,0.639,0.794;aaaaaaaaaa;
0.41;0.0185,0.117,0.164,0.0325,0.326,0.0359,0.527,0.856,0.814,0.807;aaaaaa;
0.245;0.202,0.179,0.0535,0.0419,0.78,0.424,0.34,0.176,0.104,0.327;aaaaaa;
0.545;0.193,0.449,0.118,0.0495,0.482,0.408,0.29,0.547,0.697,0.611;aaaaaaaaa;
0.17;0.89,0.671,0.966,0.818,0.68,0.274,0.884,0.0388,0.357,0.282;a;
0.745;0.418,0.331,0.658,0.111,0.318,0.936,0.943,0.316,0.903,0.914;aaaaaaaaaa;
0.523;0.199,0.529,0.446,0.0929,0.661,0.654,0.751,0.586,0.52,0.0986;aaaaaaaaaa;
0.21;0.95,0.47,0.362,0.323,0.15,0.886,0.589,0.227,0.456,0.535;aaaaaaaa;
0.91;0.643,0.0232,0.478,0.188,0.852,0.651,0.778,0.558,0.204,0.117;aa;
0.784;0.447,0.259,0.281,0.541,0.38,0.615,0.804,0.635,0.695,0.701;aaaaaaaaaa;
0.36;0.906,0.548,0.764,0.753,0.747,0.056,0.78,0.0838,0.127,0.115;aaaaaaa;
0.942;0.442,0.953,0.0876,0.0979,0.776,0.758,0.149,0.866,0.861,0.59;aaaaaaaaaa;
0.276;0.258,0.121,0.356,0.143,0.739,0.843,0.769,0.376,0.861,0.251;aa;
0.13;0.949,0.458,0.378,0.757,0.996,0.792,0.717,0.782,0.746,0.452;aa;
0.32;0.383,0.991,0.914,0.403,0.734,0.432,0.266,0.391,0.422,0.695;aa;
0.709;0.538,0.752,0.551,0.133,0.0938,0.943,0.419,0.814,0.576,0.872;aaaa;
0.311;0.388,0.397,0.835,0.204,0.365,0.741,0.937,0.0779,0.76,0.919;aaaaaaaa;
0.122;0.351,0.758,0.0346,0.805,0.545,0.817,0.612,0.826,0.608,0.468;aaaaaaaa;
0.515;0.236,0.437,0.528,0.976,0.401,0.776,0.774,0.304,0.26,0.876;aa;
0.738;0.175,0.131,0.365,0.468,0.101,0.625,0.787,0.525,0.419,0.92;aaaaaaa;
0.984;0.643,0.362,0.612,0.529,0.8,0.292,0.529,0.757,0.112,0.347;aaaaaaaa;
0.63;0.516,0.166,0.794,0.36,0.648,0.0261,0.836,0.872,0.589,0.894;aaa;
0.954;0.144,0.491,0.775,0.61,0.184,0.277,0.198,0.342,0.842,0.215;a;
0.523;0.117,0.297,0.208,0.613,0.419,0.234,0.882,0.48,0.371,0.614;aaaaaaa;
0.969;0.288,0.183,0.181,0.497,0.564,0.609,0.77,0.875,0.93,0.721;aaaaa;
0.662;0.223,0.698,0.723,0.661,0.231,0.483,0.424,0.0819,0.435,0.425;aaaaaaaa;
0.317;0.645,0.00811,0.904,0.546,0.215,0.0516,0.408,0.609,0.368,0.16;aaaa;
0.958;0.538,0.103,0.805,0.16,0.0852,0.164,0.87,0.0201,0.658,0.94;aaaaaaaaa;
0.804;0.0183,0.384,0.518,0.936,0.196,0.497,0.752,0.259,0.685,0.469;aaaaaaaa;
0.306;0.444,0.118,0.13,0.944,0.359,0.0194,0.569,0.578,0.21,0.441;aaaaaa;
0.289;0.664,0.976,0.497,0.334,0.429,0.0266,0.341,0.119,0.229,0.498;aaaaaaaa;
0.579;0.352,0.517,0.573,0.204,0.466,0.986,0.647,0.853,0.0674,0.759;aaaaaaaaa;
0.879;0.553,0.0936,0.496,0.411,0.324,0.44,0.348,0.0919,0.659,0.484;aaaa;
0.899;0.566,0.532,0.988,0.889,0.253,0.373,0.362,0.162,0.796,0.195;aaaaaaaaaa;
0.305;0.0877,0.366,0.455,0.944,0.376,0.223,0.79,0.849,0.29,0.136;aaa;
0.22;0.932,0.566,0.619,0.533,0.736,0.2,0.244,0.0732,0.303,0.858;aaaaaaaaa;
0.253;0.204,0.593,0.0755,0.694,0.097,0.27,0.552,0.877,0.448,0.481;a;
0.0337;0.0447,0.706,0.173,0.135,0.475,0.889,0.461,0.233,0.971,0.889;aaaaaaa;
0.184;0.116,0.129,0.766,0.175,0.75,0.629,0.112,0.805,0.523,0.817;a;
0.195;0.42,0.0977,0.162,0.62,0.12,0.462,0.368,0.923,0.553,0.121;aaaaa;
0.966;0.0564,0.815,0.709,0.465,0.82,0.393,0.514,0.308,0.192,0.906;aaa;
0.423;0.657,0.859,0.945,0.113,0.699,0.0955,0.444,0.262,0.294,0.559;aaaaaaa;
0.39;0.487,0.462,0.995,0.0575,0.181,0.962,0.432,0.301,0.954,0.806;aaa;
0.27;0.697,0.29,0.719,0.964,0.591,0.0295,0.0409,0.16,0.361,0.47;aaaaaa;
0.0996;0.366,0.619,0.0908,0.847,0.00937,0.393,0.478,0.686,0.947,0.668;aaaaaa;
0.143;0.843,0.676,0.939,0.148,0.932,0.674,0.0101,0.807,0.885,0.898;aaa;
0.134;0.344,0.718,0.817,0.0722,0.588,0.797,0.472,0.389,0.598,0.566;aaaa;
0.667;0.61,0.392,0.489,0.698,0.56,0.883,0.832,0.868,0.478,0.304;aaaaaaaaaa;
0.925;0.366,0.86,0.259,0.0648,0.841,0.872,0.283,0.0636,0.527,0.868;aa;
0.0795;0.119,0.387,0.482,0.0893,0.994,0.311,0.334,0.747,0.0433,0.634;aaaaaaa;
0.262;0.11,0.552,0.329,0.38,0.416,0.594,0.412,0.0999,0.779,0.173;aaaaaaa;
0.83;0.354,0.362,0.982,0.831,0.27,0.404,0.635,0.262,0.535,0.167;aaaaaaaa;
0.0139;0.176,0.796,0.453,0.77,0.945,0.991,0.122,0.0475,0.752,0.0332;aaaaaaaaa;
0.966;0.938,0.583,0.956,0.738,0.0137,0.715,0.87,0.142,0.571,0.56;aaaaaaaa;
0.0844;0.764,0.875,0.24,0.386,0.0429,0.983,0.048,0.467,0.463,0.483;aaaaaaaaa;
0.888;0.161,0.234,0.869,0.269,0.206,0.838,0.559,0.0601,0.0849,0.951;aaaaaaaaaa;
0.335;0.458,0.469,0.507,0.386,0.972,0.00443,0.487,0.76,0.478,0.668;aaaaaaa;
0.265;0.123,0.211,0.866,0.43,0.467,0.607,0.198,0.818,0.604,0.34;aaaaaaaaaa;
0.572;0.341,0.143,0.674,0.0671,0.901,0.181,0.0292,0.39,0.974,0.0944;aa;
0.0357;0.679,0.396,0.312,0.63,0.598,0.748,0.147,0.0191,0.723,0.476;aaaaaaaa;
0.646;0.0636,0.701,0.402,0.289,0.0809,0.61,0.752,0.232,0.0234,0.44;aaaa;
0.0891;0.356,0.569,0.336,0.0977,0.734,0.00758,0.457,0.681,0.551,0.233;aa;
0.692;0.772,0.0489,0.406,0.699,0.809,0.603,0.34,0.432,0.967,0.0384;a;
0.501;0.192,0.856,0.0946,0.875,0.251,0.378,0.224,0.358,0.937,0.835;a;
0.209;0.848,0.642,0.857,0.799,0.307,0.365,0.987,0.916,0.747,0.886;aaaaaaa;
0.673;0.627,0.228,0.171,0.481,0.105,0.0276,0.238,0.19,0.377,0.491;aaaaaaaa;
0.183;0.417,0.492,0.843,0.599,0.683,0.642,0.23,0.958,0.371,0.543;aaaa;
0.453;0.809,0.997,0.707,0.415,0.809,0.425,0.419,0.875,0.849,0.7;aaaaaa;
0.507;0.0181,0.242,0.996,0.736,0.252,0.229,0.00437,0.485,0.587,0.679;aaaaa;
0.501;0.389,0.703,0.397,0.496,0.938,0.0243,0.136,0.92,0.966,0.131;aaaaaaa;
0.437;0.0706,0.643,0.0775,0.389,0.9,0.117,0.569,0.0426,0.721,0.536;aaaaa;
0.437;0.0435,0.336,0.135,0.85,0.15,0.472,0.396,0.0517,0.601,0.259;aaaaaaaaa;
0.658;0.641,0.0463,0.964,0.125,0.194,0.388,0.266,0.546,0.357,0.397;aaaaaaaaa;
0.617;0.239,0.745,0.102,0.389,0.33,0.82,0.0577,0.534,0.974,0.607;a;
0.825;0.441,0.497,0.693,0.0246,0.688,0.86,0.131,0.792,0.929,0.778;aaaaaaaaaa;
0.367;0.882,0.347,0.0991,0.614,0.683,0.787,0.424,0.332,0.241,0.283;aaaaaaaa;
0.366;0.212,0.15,0.606,0.193,0.76,0.016,0.0659,0.268,0.471,0.625;aa;
0.133;0.927,0.71,0.471,0.384,0.48,0.538,0.926,0.88,0.0083,0.000544;aaaaa;
0.898;0.98,0.00632,0.104,0.216,0.713,0.461,0.126,0.12,0.767,0.306;aa;
0.475;0.458,0.0384,0.358,0.58,0.812,0.351,0.0137,0.247,0.48,0.631;aaaaaaa;
0.153;0.0821,0.719,0.835,0.168,0.843,0.918,0.723,0.0549,0.0114,0.783;aaaa;
0.854;0.309,0.548,0.0264,0.296,0.607,0.142,0.658,0.346,0.193,0.772;aaaa;
0.648;0.407,0.893,0.291,0.0753,0.238,0.368,0.445,0.631,0.334,0.716;aaaaaaaa;
0.488;0.69,0.379,0.698,0.712,0.0736,0.815,0.577,0.935,0.601,0.183;a;
0.226;0.277,0.562,0.585,0.339,0.527,0.549,0.249,0.845,0.718,0.245;aaaaaaa;
0.269;0.796,0.491,0.223,0.0677,0.491,0.678,0.624,0.933,0.0713,0.742;aaaa;
0.31;0.969,0.9,0.295,0.336,0.12,0.58,0.662,0.803,0.956,0.948;a;
0.368;0.441,0.454,0.0347,0.424,0.089,0.601,0.231,0.493,0.0723,0.411;aaaaa;
0.632;0.983,0.864,0.918,0.805,0.111,0.822,0.0611,0.938,0.737,0.688;aaaaaaaaa;
0.719;0.974,0.0663,0.162,0.889,0.0643,0.655,0.234,0.0647,0.606,0.669;aaaaaaaaaa;
0.136;0.757,0.266,0.469,0.201,0.389,0.201,0.584,0.148,0.829,0.564;aaaaaaaaa;
0.394;0.96,0.883,0.851,0.327,0.52,0.63,0.64,0.956,0.334,0.869;aaaaaaaaaa;
0.532;0.612,0.925,0.684,0.925,0.254,0.767,0.283,0.098,0.826,0.754;aaaaaa;
0.666;0.7,0.133,0.768,0.409,0.728,0.877,0.0596,0.484,0.674,0.931;aa;
0.614;0.0764,0.571,0.222,0.386,0.392,0.776,0.104,0.912,0.603,0.16;aaaaaa;
0.445;0.785,0.349,0.121,0.401,0.496,0.334,0.977,0.127,0.776,0.502;aaaaaa;
0.0486;0.349,0.0255,0.102,0.816,0.325,0.935,0.629,0.977,0.249,0.744;aaa;
0.393;0.621,0.927,0.916,0.25,0.511,0.745,0.609,0.536,0.621,0.431;aaaaaaa;
0.662;0.421,0.286,0.893,0.976,0.35,0.276,0.557,0.653,0.163,0.239;a;
0.104;0.441,0.51,0.155,0.84,0.00702,0.37,0.93,0.65,0.0455,0.23;aaaa;
0.357;0.618,0.866,0.766,0.902,0.548,0.675,0.544,0.506,0.312,0.883;aaaaa;
0.957;0.879,0.128,0.143,0.994,0.445,0.156,0.299,0.257,0.504,0.714;aaaaaa;
0.808;0.126,0.547,0.673,0.567,0.963,0.387,0.242,0.337,0.214,0.589;aaaaaa;
0.792;0.4,0.174,0.291,0.341,0.0444,0.67,0.297,0.677,0.198,0.531;aa;
0.885;0.353,0.754,0.602,0.55,0.817,0.0533,0.741,0.17,0.986,0.659;aaaaaaaaa;
0.661;0.855,0.515,0.504,0.172,0.427,0.328,0.945,0.0724,0.779,0.545;aaaaaaaaaa;
0.639;0.362,0.517,0.447,0.586,0.687,0.805,0.203,0.91,0.145,0.592;aaaaaa;
0.309;0.781,0.472,0.305,0.194,0.988,0.807,0.662,0.436,0.0543,0.695;a;
0.37;0.641,0.225,0.745,0.646,0.759,0.215,0.236,0.0285,0.828,0.253;aaaaa;
0.639;0.61,0.0633,0.356,0.987,0.244,0.629,0.15,0.287,0.924,0.645;aaaaaa;
0.518;0.639,0.513,0.35,0.0585,0.0622,0.714,0.921,0.661,0.462,0.412;aaaaaaa;
0.325;0.263,0.871,0.1,0.633,0.368,0.489,0.327,0.917,0.335,0.528;aaa;
0.488;0.791,0.864,0.654,0.445,0.702,0.0979,0.847,0.486,0.418,0.84;aaaaaaaaa;
0.794;0.817,0.8,0.398,0.472,0.27,0.993,0.913,0.0716,0.371,0.498;aaaaaaaaa;
0.00536;0.999,0.381,0.38,0.58,0.187,0.51,0.302,0.703,0.281,0.837;aaa;
0.417;0.926,0.162,0.98,0.995,0.193,0.244,0.561,0.796,0.797,0.693;aaaa;
0.649;0.163,0.919,0.573,0.0585,0.578,0.845,0.391,0.116,0.704,0.502;aaaaa;
0.942;0.474,0.419,0.915,0.615,0.0474,0.285,0.659,0.878,0.814,0.892;a;
0.328;0.088,0.459,0.709,0.321,0.728,0.395,0.647,0.839,0.525,0.761;aaaaaaa;
0.664;0.565,0.0356,0.304,0.471,0.455,0.186,0.0184,0.0658,0.39,0.536;aaaaaaaa;
0.614;0.806,0.583,0.273,0.584,0.566,0.94,0.107,0.404,0.236,0.00197;aaaaaaaa;
0.962;0.917,0.441,0.219,0.776,1,0.777,0.139,0.951,0.433,0.174;aaaa;
0.854;0.24,0.899,0.782,0.605,0.322,0.748,0.476,0.65,0.732,0.00751;aaaaaaa;
0.514;0.538,0.293,0.659,0.817,0.982,0.926,0.47,0.189,0.16,0.563;aaaaaaa;
0.0363;0.0266,0.451,0.438,0.689,0.63,0.486,0.902,0.493,0.487,0.616;aaaaaaa;
0.907;0.0209,0.986,0.761,0.342,0.249,0.363,0.843,0.316,0.9,0.582;a;
0.147;0.417,0.354,0.746,0.119,0.741,0.342,0.707,0.828,0.312,0.0886;aaa;
0.774;0.941,0.352,0.313,0.869,0.631,0.0314,0.48,0.25,0.276,0.512;aaaaaaa;
0.159;0.612,0.404,0.63,0.815,0.0403,0.44,0.108,0.41,0.714,0.695;aaaaaa;
0.493;0.236,0.466,0.754,0.286,0.707,0.417,0.4,0.122,0.906,0.106;aaaaaaaaa;
0.0311;0.277,0.464,0.504,0.703,0.0706,0.683,0.44,0.132,0.228,0.716;aaaaaaaa;
0.265;0.466,0.303,0.618,0.119,0.934,0.0487,0.576,0.135,0.697,0.17;aaaaa;
0.326;0.969,0.0468,0.477,0.00792,0.577,0.121,0.233,0.629,0.0485,0.994;aaaaaaaaaa;
0.166;0.524,0.776,0.68,0.601,0.427,0.515,0.711,0.273,0.0605,0.354;aaaa;
0.0248;0.711,0.894,0.618,0.791,0.868,0.385,0.543,0.784,0.59,0.916;aaaaaaa;
0.879;0.345,0.204,0.0594,0.46,0.144,0.548,0.671,0.0673,0.994,0.768;aaaaaa;
0.879;0.479,0.81,0.361,0.16,0.245,0.808,0.108,0.874,0.507,0.243;aaaaaaa;
0.361;0.592,0.0747,0.764,0.811,0.118,0.176,0.22,0.615,0.346,0.114;a;
0.763;0.731,0.18,0.595,0.00905,0.825,0.462,0.01,0.527,0.0781,0.648;aaaaaa;
0.941;0.471,0.83,0.259,0.365,0.302,0.298,0.404,0.956,0.842,0.0345;a;
0.113;0.636,0.128,0.64,0.405,0.779,0.335,0.885,0.308,0.308,0.183;aaaaa;
0.814;0.769,0.189,0.592,0.41,0.547,0.936,0.523,0.701,0.227,0.624;aaaaaaaaaa;
0.874;0.572,0.458,0.0365,0.031,0.27,0.507,0.137,0.353,0.613,0.834;aaaaaaa;
0.824;0.993,0.205,0.616,0.433,0.988,0.505,0.299,0.835,0.0973,0.237;aaaaaaaaaa;
0.613;0.0635,0.797,0.0499,0.697,0.106,0.877,0.165,0.917,0.0267,0.386;aaaaaaaa;
0.547;0.997,0.296,0.403,0.531,0.681,0.844,0.835,0.916,0.225,0.97;aaaa;
0.237;0.809,0.513,0.433,0.368,0.137,0.631,0.987,0.769,0.474,0.292;aaaaa;
0.375;0.212,0.399,0.542,0.195,0.0805,0.723,0.932,0.368,0.871,0.271;aaaaaaaaa;
0.0584;0.0549,0.725,0.138,0.0614,0.511,0.205,0.943,0.561,0.769,0.95;aaa;
0.428;0.518,0.348,0.68,0.989,0.515,0.0541,0.681,0.114,0.986,0.101;aaaaaaaaaa;
0.166;0.426,0.552,0.642,0.426,0.742,0.783,0.501,0.728,0.718,0.25;aaaa;
0.981;0.967,0.0266,0.754,0.908,0.463,0.157,0.15,0.507,0.62,0.887;aaaaaa;
0.81;0.55,0.577,0.881,0.939,0.529,0.849,0.952,0.871,0.948,0.651;aaaaa;
0.385;0.994,0.129,0.424,0.135,0.496,0.832,0.345,0.82,0.364,0.687;aaaa;
0.0403;0.548,0.242,0.695,0.306,0.278,0.137,0.37,0.324,0.974,0.726;aaaaaaaaa;
0.677;0.438,0.393,0.138,0.424,0.275,0.209,0.0679,0.0662,0.466,0.508;aaaa;
0.711;0.444,0.189,0.456,0.676,0.276,0.219,0.943,0.137,0.752,0.205;a;
0.451;0.452,0.499,0.0392,0.86,0.283,0.115,0.421,0.381,0.178,0.905;aaaaaaa;
0.106;0.918,0.804,0.0915,0.0795,0.396,0.571,0.607,0.446,0.107,0.411;aaaaaaaa;
0.0447;0.468,0.218,0.858,0.29,0.61,0.0935,0.78,0.364,0.516,0.484;aa;
0.916;0.437,0.117,0.761,0.885,0.592,0.253,0.248,0.254,0.189,0.946;a;
0.445;0.566,0.0283,0.738,0.00457,0.878,0.44,0.853,0.585,0.0974,0.122;aaaaa;
0.792;0.81,0.868,0.0506,0.852,0.944,0.917,0.984,0.519,0.18,0.659;aaaaa;
0.776;0.25,0.912,0.663,0.871,0.531,0.411,0.685,0.226,0.819,0.01;aaaaaaaaaa;
0.0168;0.475,0.648,0.49,0.181,0.902,0.86,0.271,0.0653,0.442,0.919;aaaaaaa;
0.7;0.973,0.424,0.296,0.237,0.404,0.143,0.596,0.722,0.845,0.0754;aaaaaaaaa;
0.783;0.756,0.909,0.938,0.493,0.522,0.0473,0.826,0.0999,0.737,0.0117;a;
0.797;0.578,0.164,0.978,0.564,0.0471,0.593,0.771,0.222,0.408,0.329;aaaa;
0.833;0.815,0.442,0.31,0.676,0.285,0.637,0.101,0.629,0.192,0.41;aaaaaaaaa;
0.717;0.342,0.783,0.823,0.967,0.0509,0.253,0.73,0.241,0.373,0.934;aaaaaa;
0.925;0.41,0.437,0.767,0.341,0.466,0.255,0.905,0.534,0.144,0.83;aaa;
0.927;0.582,0.618,0.541,0.736,0.614,0.492,0.99,0.0325,0.448,0.515;aaaaaaaaa;
0.403;0.237,0.165,0.515,0.774,0.331,0.838,0.907,0.446,0.178,0.803;aaaa;
0.63;0.379,0.432,0.106,0.739,0.968,0.623,0.0181,0.753,0.935,0.913;aaaaaaa;
0.55;0.965,0.45,0.141,0.564,0.33,0.744,0.805,0.745,0.107,0.581;aaaa;
0.638;0.948,0.659,0.466,0.613,0.297,0.563,0.526,0.346,0.97,0.279;aaaaaaaa;
0.923;0.539,0.141,0.00595,0.807,0.593,0.55,0.891,0.496,0.758,0.383;aaa;
0.755;0.268,0.131,0.57,0.188,0.18,0.537,0.722,0.0527,0.0346,0.527;aa;
0.197;0.974,0.00125,0.329,0.554,0.566,0.418,0.496,0.178,0.786,0.249;aaaa;
0.27;0.513,0.744,0.989,0.0363,0.8,0.686,0.256,0.163,0.21,0.305;aa;
0.672;0.105,0.244,0.611,0.147,0.403,0.74,0.724,0.177,0.384,0.824;aaaaaaaaa;
0.521;0.381,0.445,0.631,0.79,0.567,0.219,0.221,0.42,0.17,0.789;aaaaa;
0.779;0.842,0.416,0.325,0.408,0.107,0.112,0.709,0.303,0.219,0.258;a;
0.0846;0.394,0.873,0.955,0.0205,0.492,0.453,0.252,0.768,0.829,0.0247;aaaaaaaa;
0.397;0.0418,0.947,0.878,0.547,0.0301,0.548,0.633,0.321,0.363,0.255;aaaaaaaa;
0.0644;0.301,0.818,0.082,0.669,0.382,0.751,0.0451,0.385,0.577,0.473;aa;
0.117;0.143,0.69,0.123,0.0857,0.651,0.194,0.728,0.0444,0.577,0.766;aaaaaaaaaa;
0.764;0.678,0.913,0.445,0.456,0.807,0.944,0.892,0.683,0.432,0.848;aaaaaaaaa;
0.459;0.562,0.43,0.889,0.506,0.741,0.444,0.865,0.0167,0.139,0.561;aaa;
0.153;0.467,0.65,0.512,0.557,0.529,0.498,0.0717,0.441,0.961,0.412;a;
0.072;0.297,0.442,0.65,0.725,0.631,0.196,0.535,0.217,0.982,0.0625;aaaaaaaaaa;
0.465;0.277,0.81,0.988,0.0982,0.776,0.523,0.873,0.75,0.841,0.845;aaaaaaaaa;
0.112;0.346,0.277,0.73,0.922,0.933,0.142,0.424,0.00854,0.205,0.675;aaaaaaa;
0.341;0.0369,0.735,0.486,0.683,0.694,0.0893,0.552,0.758,0.647,0.543;aaaaa;
0.569;0.0316,0.0657,0.611,0.591,0.284,0.798,0.357,0.778,0.663,0.266;aaaa;
0.565;0.465,0.839,0.2,0.0542,0.788,0.163,0.405,0.627,0.147,0.757;aaaa;
0.245;0.969,0.44,0.0212,0.711,0.11,0.926,0.949,0.385,0.978,0.91;aaa;
0.83;0.903,0.148,0.725,0.884,0.301,0.575,0.298,0.344,0.64,0.228;aaa;
0.826;0.42,0.799,0.0756,0.127,0.791,0.858,0.166,0.445,0.871,0.667;aaaaaaa;
0.682;0.608,0.99,0.475,0.941,0.836,0.731,0.804,0.842,0.656,0.707;aaaa;
0.907;0.377,0.0092,0.112,0.653,0.589,0.129,0.17,0.94,0.678,0.447;aaaaaaaaaa;
0.392;0.617,0.758,0.962,0.163,0.143,0.461,0.0328,0.461,0.42,0.406;aa;
0.951;0.793,0.342,0.228,0.473,0.671,0.154,0.642,0.474,0.265,0.165;aaaaa;
0.233;0.782,0.348,0.324,0.214,0.957,0.697,0.542,0.0979,0.547,0.00254;aaaa;
0.701;0.234,0.229,0.166,0.163,0.429,0.758,0.624,0.11,0.651,0.762;aaaaaaa;
0.666;0.823,0.789,0.039,0.0622,0.732,0.915,0.316,0.619,0.425,0.151;aaaaaaaaa;
0.797;0.69,0.808,0.713,0.166,0.447,0.174,1,0.43,0.39,0.476;aaaaaaaaa;
0.56;0.0421,0.691,0.085,0.911,0.207,0.581,0.526,0.274,0.118,0.674;aaaaa;
0.332;0.735,0.0341,0.517,0.0787,0.866,0.528,0.659,0.524,0.383,0.191;aaaaaaa;
0.953;0.976,0.169,0.156,0.426,0.536,0.583,0.174,0.28,0.56,0.774;aaa;
0.538;0.826,0.879,0.154,0.0603,0.779,0.801,0.604,0.475,0.363,0.31;aaaaaaa;
0.944;0.393,0.328,0.499,0.494,0.174,0.597,0.6,0.33,0.589,0.38;aaaaaaaaa;
0.791;0.644,0.274,0.0956,0.794,0.442,0.926,0.632,0.406,0.971,0.726;aaaa;
0.336;0.0463,0.837,0.357,0.285,0.366,0.063,0.578,0.433,0.995,0.0329;aaaaa;
0.000297;0.258,0.203,0.777,0.424,0.407,0.991,0.667,0.985,0.676,0.0847;aaaaa;
0.301;0.717,0.572,0.267,0.126,0.67,0.374,0.00457,0.598,0.745,0.315;aaaaaaaaa;
0.162;0.878,0.31,0.771,0.231,0.305,0.846,0.0176,0.697,0.985,0.933;aaaaaaaaa;
0.0868;0.357,0.397,0.932,0.45,0.175,0.92,0.287,0.518,0.241,0.063;aa;
0.433;0.851,0.644,0.113,0.803,0.222,0.782,0.432,0.762,0.297,0.294;aaa;
0.766;0.578,0.62,0.529,0.754,0.0686,0.639,0.777,0.686,0.954,0.669;aaaaa;
0.287;0.808,0.183,0.813,0.295,0.418,0.351,0.303,0.629,0.887,0.329;aaaaaaaaaa;
0.0146;0.333,0.00293,0.606,0.493,0.334,0.396,0.0137,0.141,0.564,0.256;aaaa;
0.678;0.281,0.667,0.129,0.314,0.88,0.00795,0.276,0.604,0.262,0.964;aaaaaaaaaa;
0.87;0.02,0.313,0.931,0.469,0.998,0.456,0.509,0.974,0.792,0.991;a;
0.245;0.997,0.882,0.285,0.0671,0.102,0.372,0.111,0.591,0.584,0.221;aaa;
0.0412;0.412,0.491,0.741,0.292,0.625,0.63,0.344,0.795,0.239,0.108;aaaaa;
0.639;0.589,0.148,0.000439,0.223,0.82,0.933,0.95,0.059,0.172,0.58;aaaaaaa;
0.7;0.441,0.477,0.546,0.241,0.716,0.432,0.553,0.366,0.708,0.383;aaaaaaa;
0.585;0.765,0.92,0.893,0.46,0.0536,0.478,0.394,0.777,0.214,0.0464;aa;
0.407;0.626,0.292,0.372,0.959,0.957,0.623,0.653,0.562,0.866,0.893;aaaaaaaaa;
0.195;0.987,0.342,0.92,0.261,0.936,0.312,0.563,0.933,0.444,0.0143;aaaaaaa;
0.469;0.769,0.756,0.916,0.198,0.217,0.538,0.728,0.00279,0.475,0.295;aaaa;
0.979;0.266,0.982,0.78,0.666,0.46,0.626,0.453,0.606,0.212,0.141;aaaaaaaaaa;
0.524;0.212,0.346,0.763,0.593,0.00628,0.99,0.616,0.887,0.969,0.231;aaaaaaa;
0.646;0.805,0.474,0.179,0.801,0.418,0.778,0.911,0.489,0.697,0.874;aaaaa;
0.687;0.396,0.831,0.46,0.838,0.301,0.73,0.36,0.38,0.824,0.483;aaaaa;
0.549;0.329,0.95,0.3,0.243,0.19,0.0235,0.599,0.285,0.481,0.142;aaaaaaa;
0.389;0.447,0.661,0.409,0.734,0.161,0.414,0.223,0.0183,0.573,0.783;aaaaaa;
0.302;0.831,0.772,0.365,0.0122,0.811,0.0454,0.311,0.44,0.31,0.887;aaaaa;
0.414;0.143,0.867,0.876,0.622,0.0837,0.287,0.917,0.0122,0.555,0.38;aa;
0.519;0.787,0.342,0.83,0.0193,0.467,0.575,0.448,0.378,0.915,0.032;aaaaaaaa;
0.784;0.781,0.194,0.644,0.318,0.308,0.776,0.806,0.338,0.0262,0.881;aaa;
0.743;0.805,0.336,0.0596,0.293,0.605,0.545,0.914,0.569,0.83,0.36;aaaaaa;
0.37;0.748,0.54,0.706,0.99,0.333,0.485,0.907,0.311,0.941,0.279;aaaa;
0.063;0.162,0.0436,0.324,0.899,0.979,0.272,0.367,0.173,0.971,0.879;aa;
0.109;0.584,0.752,0.373,0.486,0.192,0.526,0.543,0.412,0.987,0.832;aaaa;
0.0514;0.31,0.585,0.432,0.418,0.617,0.141,0.309,0.454,0.015,0.959;aa;
0.616;0.697,0.678,0.0885,0.278,0.259,0.0892,0.0176,0.603,0.438,0.998;aaaaaaaaaa;
0.62;0.467,0.823,0.815,0.946,0.944,0.984,0.721,0.211,0.988,0.521;aaaa;
0.908;0.129,0.758,0.584,0.723,0.764,0.945,0.615,0.633,0.776,0.428;aaaaa;
0.871;0.255,0.427,0.593,0.629,0.762,0.892,0.468,0.529,0.394,0.0288;aaaaaaaaaa;
0.587;0.688,0.185,0.857,0.903,0.742,0.289,0.43,0.0267,0.824,0.159;aaaaaaaa;
0.356;0.237,0.195,0.547,0.0821,0.797,0.294,0.312,0.907,0.926,0.726;aaaa;
0.538;0.596,0.895,0.327,0.0676,0.185,0.628,0.965,0.797,0.924,0.505;aaaaaaa;
0.881;0.813,0.777,0.473,0.755,0.563,0.0498,0.567,0.619,0.136,0.753;aaaaaaaaaa;
0.116;0.639,0.415,0.369,0.278,0.437,0.247,0.443,0.2,0.0156,0.124;aaaaaaa;
0.583;0.1,0.766,0.894,0.994,0.294,0.476,0.926,0.474,0.15,0.0443;aaaaaaa;
0.588;0.817,0.119,0.957,0.463,0.543,0.465,0.851,0.364,0.176,0.361;aaaaaaaa;
0.94;0.789,0.939,0.421,0.796,0.958,0.335,0.789,0.985,0.421,0.689;a;
0.00762;0.295,0.256,0.618,0.28,0.00734,0.686,0.845,0.357,0.035,0.648;aaaaaaaaa;
0.618;0.932,0.482,0.0337,0.273,0.858,0.744,0.925,0.793,0.91,0.234;aa;
0.966;0.179,0.998,0.00379,0.228,0.506,0.592,0.218,0.656,0.841,0.288;aaa;
0.229;0.56,0.191,0.373,0.856,0.026,0.684,0.0765,0.834,0.0181,0.394;aaaa;
0.128;0.707,0.568,0.419,0.806,0.709,0.736,0.522,0.147,0.11,0.284;aaaaaaa;
0.218;0.768,0.314,0.854,0.5,0.626,0.371,0.547,0.172,0.641,0.865;aa;
0.653;0.362,0.186,0.378,0.353,0.642,0.686,0.674,0.932,0.802,0.219;aaaaa;
0.102;0.761,0.69,0.0877,0.0296,0.785,0.596,0.102,0.764,0.428,0.84;aa;
0.122;0.601,0.858,0.636,0.539,0.438,0.0967,0.192,0.965,0.295,0.302;aaaaaaaa;
0.287;0.823,0.644,0.386,0.271,0.668,0.832,0.841,0.488,0.0274,0.477;aaaaaaa;
0.316;0.185,0.3,0.0165,0.698,0.0148,0.339,0.661,0.156,0.447,0.532;aaaaaa;
0.415;0.715,0.21,0.64,0.0677,0.451,0.688,0.252,0.381,0.799,0.186;aaaaaaa;
0.426;0.0986,0.355,0.704,0.0526,0.835,0.498,0.408,0.624,0.836,0.568;aaaa;
0.189;0.03,0.461,0.621,0.126,0.392,0.613,0.502,0.597,0.0575,0.551;aa;
0.867;0.576,0.575,0.789,0.0827,0.114,0.732,0.114,0.509,0.749,0.623;aaa;
0.0527;0.889,0.0753,0.579,0.0255,0.545,0.382,0.113,0.834,0.148,0.324;aa;
0.55;0.817,0.084,0.648,0.723,0.0419,0.202,0.26,0.16,0.541,0.853;aaaaaaaa;
0.0047;0.864,0.803,0.545,0.282,0.452,0.807,0.655,0.633,0.0778,0.873;aaaaaaaa;
0.509;0.269,0.461,0.126,0.454,0.502,0.11,0.143,0.204,0.703,0.349;aaaaaaaa;
0.557;0.00254,0.508,0.957,0.106,0.636,0.724,0.947,0.964,0.101,0.992;aaaaaaaaaa;
0.0531;0.021,0.258,0.408,0.0931,0.732,0.818,0.536,0.483,0.99,0.847;aaaaaaaaa;
0.365;0.685,0.981,0.704,0.358,0.466,0.391,0.436,0.768,0.399,0.76;aaaaaaaaa;
0.0315;0.874,0.802,0.358,0.0344,0.465,0.981,0.33,0.265,0.46,0.818;aaaaaaa;
0.736;0.189,0.895,0.917,0.912,0.974,0.538,0.788,0.649,0.219,0.555;aaaaa;
0.314;0.907,0.866,0.214,0.438,0.102,0.131,0.212,0.781,0.0174,0.458;aaaaaaaa;
0.00281;0.744,0.0614,0.0451,0.365,0.768,0.585,0.674,0.291,0.385,0.483;aaa;
0.37;0.909,0.308,0.378,0.474,0.935,0.171,0.219,0.629,0.742,0.195;a;
0.731;0.899,0.0371,0.492,0.379,0.597,0.133,0.881,0.902,0.817,0.0137;aaaaaaaaaa;
0.527;0.211,0.877,0.682,0.778,0.121,0.514,0.81,0.64,0.999,0.47;aaa;
0.97;0.864,0.423,0.331,0.639,0.707,0.455,0.251,0.106,0.88,0.371;aaaaaaaa;
0.62;0.101,0.589,0.7,0.219,0.415,0.129,0.573,0.111,0.54,0.553;aaaaaa;
0.315;0.957,0.293,0.0382,0.122,0.52,0.826,0.284,0.652,0.475,0.447;aa;
0.303;0.411,0.484,0.389,0.865,0.18,0.768,0.145,0.453,0.643,0.602;aaaaaaaaa;
0.271;0.774,0.669,0.923,0.269,0.7,0.96,0.0142,0.952,0.44,0.0435;aaaaaaaaaa;
0.293;0.549,0.811,0.605,0.0695,0.568,0.325,0.128,0.419,0.515,0.395;aa;
0.963;0.755,0.366,0.712,0.714,0.908,0.68,0.966,0.103,0.772,0.529;aaaaaa;
0.308;0.724,0.329,0.848,0.557,0.913,0.316,0.894,0.413,0.349,0.32;aaaa;
0.0192;0.0683,0.201,0.227,0.929,0.498,0.597,0.681,0.427,0.548,0.577;aaaaaaaaaa;
0.752;0.72,0.103,0.386,0.688,0.966,0.244,0.479,0.471,0.102,0.969;aaaaaaaaa;
0.213;0.433,0.512,0.858,0.239,0.456,0.702,0.393,0.0596,0.592,0.945;aaaaaa;
0.398;0.0147,0.321,0.425,0.0126,0.811,0.777,0.765,0.393,0.753,0.258;aaaaaaaa;
0.577;0.651,0.985,0.25,0.0455,0.038,0.75,0.418,0.232,0.512,0.28;aaaaaaa;
0.231;0.558,0.104,0.341,0.187,0.188,0.422,0.9,0.889,0.428,0.24;aaaaaaaa;
0.93;0.114,0.886,0.251,0.957,0.889,0.536,0.397,0.352,0.216,0.0154;aaaa;
0.558;0.231,0.0158,0.621,0.695,0.94,0.797,0.334,0.0155,0.125,0.109;a;
0.396;0.254,0.888,0.144,0.704,0.902,0.552,0.782,0.887,0.552,0.547;aaaa;
0.493;0.0845,0.154,0.742,0.777,0.468,0.784,0.648,0.647,0.21,0.325;aaaaaaaaa;
0.681;0.7,0.762,0.0416,0.469,0.956,0.394,0.297,0.524,0.212,0.208;a;
0.339;0.21,0.397,0.282,0.48,0.937,0.418,0.484,0.123,0.293,0.3;aaaa;
0.408;0.946,0.873,0.427,0.234,0.665,0.228,0.461,0.227,0.221,0.0849;aa;
0.471;0.907,0.657,0.686,0.594,0.967,0.204,0.588,0.381,0.545,0.472;aaaaaaa;
0.588;0.0414,0.442,0.938,0.0488,0.526,0.0155,0.353,0.425,0.345,0.434;aaaaa;
0.698;0.237,0.454,0.539,0.695,0.817,0.371,0.68,0.108,0.721,0.216;aa;
0.124;0.243,0.521,0.81,0.712,0.929,0.361,0.539,0.88,0.455,0.417;aaaaaa;
0.723;0.141,0.66,0.876,0.172,0.619,0.038,0.0992,0.0672,0.819,0.395;aaaaa;
0.646;0.234,0.585,0.0712,0.861,0.0587,0.264,0.36,0.41,0.47,0.829;aaaaa;
0.901;0.792,0.299,0.557,0.318,0.591,0.824,0.667,0.983,0.255,0.971;aaaaaaaaa;
0.638;0.094,0.305,0.011,0.193,0.399,0.694,0.0895,0.212,0.00973,0.527;aaaaaaaa;
0.433;0.932,0.00918,0.4,0.987,0.0646,0.68,0.27,0.199,0.605,0.429;aaaaaaa;
0.751;0.953,0.959,0.834,0.0389,0.522,0.302,0.586,0.223,0.57,0.917;aaaaaaaaaa;
0.839;0.108,0.286,0.145,0.915,0.761,0.123,0.724,0.609,0.0805,0.304;aa;
0.359;0.884,0.932,0.902,0.188,0.333,0.315,0.949,0.325,0.284,0.457;aaaaaaaaa;
0.618;0.0493,0.992,0.587,0.997,0.502,0.643,0.97,0.651,0.622,0.389;aa;
0.722;0.769,0.46,0.219,0.0917,0.675,0.0762,0.0556,0.444,0.287,0.383;aaa;
0.139;0.789,0.31,0.862,0.416,0.834,0.628,0.739,0.75,0.395,0.838;aaaaa;
0.374;0.423,0.608,0.942,0.917,0.701,0.536,0.489,0.128,0.201,0.723;aaaaaaaaa;
0.503;0.591,0.548,0.257,0.258,0.478,0.816,0.457,0.856,0.172,0.502;aaaaa;
0.231;0.974,0.52,0.0158,0.555,0.445,0.273,0.531,0.336,0.499,0.247;aaaaa;
0.904;0.91,0.409,0.548,0.128,0.849,0.103,0.602,0.461,0.0332,0.815;aaaaaa;
0.415;0.0992,0.544,0.99,0.461,0.709,0.366,0.749,0.223,0.118,0.906;aaaaaa;
0.528;0.133,0.807,0.384,0.386,0.564,0.114,0.0256,0.888,0.56,0.429;a;
0.496;0.769,0.00942,0.0102,0.39,0.57,0.943,0.484,0.939,0.759,0.139;aa;
0.79;0.415,0.13,0.763,0.18,0.672,0.476,0.582,0.579,0.452,0.0657;a;
0.979;0.395,0.732,0.511,0.919,0.206,0.768,0.414,0.0881,0.433,0.0229;aaaaaaaaa;
0.0249;0.786,0.885,0.992,0.711,0.205,0.318,0.47,0.679,0.599,0.818;aaa;
0.658;0.643,0.916,0.11,0.669,0.0777,0.88,0.695,0.415,0.812,0.368;aaa;
0.2;0.714,0.764,0.923,0.666,0.24,0.434,0.517,0.788,0.295,0.198;aaaaaaaa;
0.521;0.344,0.946,0.341,0.918,0.686,0.405,0.279,0.171,0.0141,0.111;aaaaaaa;
0.526;0.873,0.582,0.236,0.0308,0.905,0.0233,0.719,0.472,0.429,0.619;aaaaaa;
0.145;0.0577,0.67,0.931,0.154,0.653,0.349,0.865,0.353,0.715,0.565;aaaaaaaaaa;
0.922;0.544,0.725,0.108,0.949,0.753,0.227,0.193,0.396,0.277,0.755;aaaa;
0.753;0.11,0.957,0.528,0.472,0.815,0.213,0.0114,0.702,0.441,0.163;aaaaaaaaa;
0.903;0.935,0.581,0.573,0.752,0.507,0.838,0.635,0.695,0.467,0.443;aaaaa;
0.888;0.427,0.998,0.466,0.457,0.319,0.228,0.586,0.537,0.0106,0.524;aaaaaa;
0.556;0.625,0.0861,0.668,0.603,0.149,0.641,0.262,0.569,0.356,0.461;aaaaaaaaa;
0.973;0.987,0.583,0.176,0.656,0.0278,0.497,0.355,0.336,0.592,0.974;aaaaaa;
0.55;0.357,0.189,0.375,0.894,0.207,0.965,0.0184,0.884,0.267,0.34;aaaaaaaaa;
0.401;0.631,0.357,0.662,0.702,0.067,0.368,0.274,0.498,0.276,0.547;aaaaaaaaa;
0.623;0.454,0.202,0.0739,0.691,0.901,0.55,0.292,0.427,0.0805,0.68;aaaaaaaaaa;
0.447;0.224,0.917,0.218,0.554,0.871,0.832,0.527,0.974,0.721,0.17;aaaaa;
0.508;0.227,0.555,0.65,0.533,0.853,0.497,0.455,0.221,0.448,0.742;aaaaa;
0.127;0.269,0.921,0.876,0.786,0.0384,0.637,0.585,0.784,0.975,0.466;aaaaaaaaa;
0.694;0.765,0.292,0.0158,0.421,0.629,0.25,0.216,0.201,0.636,0.78;aaaa;
0.804;0.757,0.465,0.945,0.00765,0.701,0.601,0.752,0.623,0.94,0.41;aaaaaaaaa;
0.519;0.177,0.669,0.154,0.497,0.95,0.602,0.0891,0.177,0.384,0.628;aaaaaaa;
0.601;0.162,0.564,0.258,0.118,0.355,0.938,0.13,0.811,0.414,0.359;aaaaaaa;
0.416;0.934,0.565,0.15,0.165,0.913,0.836,0.0253,0.584,0.511,0.855;aaaaaaaa;
0.993;0.067,0.271,0.741,0.495,0.805,0.41,0.257,0.702,0.046,0.705;a;
0.985;0.51,0.00642,0.503,0.8,0.812,0.12,0.958,0.718,0.557,0.264;a;
0.403;0.636,0.142,0.912,0.638,0.308,0.647,0.892,0.843,0.363,0.263;aaaaa;
0.881;0.488,0.903,0.0738,0.849,0.775,0.623,0.977,0.315,0.688,0.931;aaaaaaaa;
0.455;0.874,0.873,0.671,0.0745,0.898,0.757,0.63,0.0188,0.235,0.0351;aaaa;
0.874;0.416,0.875,0.97,0.165,0.81,0.207,0.0807,0.197,0.0338,0.985;aaaa;
0.763;0.0698,0.0634,0.886,0.886,0.118,0.831,0.821,0.703,0.0801,0.785;aaaaaa;
0.557;0.96,0.321,0.786,0.729,0.516,0.348,0.998,0.0175,0.293,0.645;aaaaaaaa;
0.965;0.812,0.513,0.0782,0.602,0.295,0.347,0.977,0.783,0.0415,0.984;aaaa;
0.231;0.0095,0.223,0.284,0.201,0.304,0.667,0.968,0.254,0.27,0.217;aa;
0.916;0.8,0.265,0.368,0.735,0.534,0.195,0.838,0.526,0.102,0.585;aaa;
0.18;0.878,0.704,0.442,0.578,0.000613,0.256,0.123,0.634,0.992,0.292;aaaaaaaa;
0.508;0.749,0.737,0.508,0.521,0.351,0.381,0.27,0.611,0.515,0.525;aaaaaaaaa;
0.334;0.0641,0.413,0.646,0.408,0.115,0.557,0.634,0.213,0.248,0.0395;aaaaaaaa;
0.95;0.0348,0.621,0.203,0.955,0.744,0.246,0.694,0.62,0.813,0.219;aaaa;
0.84;0.327,0.428,0.144,0.121,0.0977,0.876,0.871,0.778,0.264,0.897;aaaaaaaa;
0.295;0.626,0.225,0.631,0.648,0.748,0.198,0.269,0.277,0.714,0.602;aaaa;
0.974;0.485,0.126,0.57,0.272,0.301,0.649,0.231,0.379,0.875,0.378;aa;
0.772;0.646,0.296,0.459,0.705,0.0921,0.201,0.195,0.468,0.525,0.649;aaaaaaaaa;
0.973;0.821,0.769,0.282,0.284,0.0516,0.0176,0.627,0.975,0.371,0.26;aaaaa;
0.804;0.956,0.693,0.448,0.0209,0.711,0.828,0.518,0.88,0.695,0.293;aaaaaaaaa;
0.433;0.264,0.293,0.0557,0.842,0.837,0.953,0.713,0.443,0.147,0.581;aaaaa;
0.988;0.0105,0.48,0.309,0.456,0.923,0.754,0.93,0.574,0.964,0.117;aaaaaaaaa;
0.651;0.684,0.995,0.826,0.231,0.774,0.434,0.266,0.963,0.578,0.0895;aaaaaaa;
0.477;0.893,0.911,0.837,0.789,0.311,0.0674,0.504,0.333,0.397,0.147;aaaaaaa;
0.387;0.556,0.584,0.722,0.353,0.13,0.59,0.971,0.552,0.699,0.253;aaaaaaaaa;
0.985;0.657,0.474,0.593,0.433,0.951,0.428,0.614,0.951,0.26,0.851;aaaaaa;
0.445;0.374,0.324,0.402,0.168,0.27,0.109,0.257,0.38,0.303,0.497;aaa;
0.452;0.673,0.37,0.515,0.0324,0.642,0.0868,0.254,0.762,0.0561,0.805;aaaaaaaaa;
0.176;0.879,0.868,0.477,0.00415,0.935,0.892,0.919,0.854,0.727,0.716;aaaa;
0.298;0.227,0.431,0.845,0.361,0.774,0.555,0.349,0.631,0.576,0.0141;aaaaaa;
0.406;0.964,0.952,0.979,0.134,0.468,0.692,0.195,0.994,0.295,0.0836;aaa;
0.523;0.376,0.216,0.288,0.255,0.443,0.599,0.478,0.0305,0.178,0.655;aaaaaa;
0.639;0.557,0.477,0.296,0.809,0.52,0.268,0.668,0.71,0.589,0.00378;a;
0.854;0.782,0.0379,0.435,0.293,0.829,0.0663,0.808,0.276,0.522,0.65;aaaaaa;
0.632;0.731,0.999,0.2,0.551,0.25,0.604,0.137,0.161,0.852,0.162;aaaa;
0.546;0.995,0.283,0.562,0.0284,0.871,0.095,0.919,0.22,0.764,0.22;aaaaa;
0.704;0.475,0.58,0.364,0.42,0.0398,0.679,0.419,0.52,0.409,0.643;aaaaaaaaa;
0.676;0.364,0.582,0.308,0.0915,0.896,0.713,0.738,0.244,0.412,0.757;aaaaaaa;
0.445;0.278,0.675,0.374,0.552,0.439,0.331,0.573,0.191,0.068,0.775;a;
0.0282;0.15,0.839,0.0412,0.934,0.143,0.032,0.382,0.507,0.376,0.121;a;
0.58;0.142,0.607,0.456,0.9,0.395,0.482,0.929,0.393,0.063,0.28;aaa;
0.0703;0.265,0.653,0.866,0.238,0.505,0.347,0.471,0.184,0.21,0.689;aaaa;
0.678;0.0195,0.967,0.337,0.0523,0.194,0.679,0.77,0.606,0.272,0.735;aaaaaaaa;
0.88;0.904,0.97,0.171,0.664,0.933,0.687,0.68,0.294,0.987,0.994;aaaaaaaaa;
0.276;0.806,0.644,0.626,0.612,0.966,0.486,0.12,0.851,0.955,0.756;aaaaaaa;
0.525;0.356,0.927,0.234,0.609,0.0342,0.152,0.977,0.856,0.668,0.433;aaaaaaaaa;
0.296;0.11,0.693,0.686,0.998,0.164,0.172,0.997,0.529,0.325,0.805;aaaaaaaaa;
0.145;0.889,0.958,0.501,0.318,0.277,0.771,0.65,0.0454,0.0919,0.808;aaaaaaaa;
0.412;0.384,0.925,0.364,0.617,0.823,0.999,0.561,0.76,0.237,0.699;aaaaa;
0.776;0.859,0.75,0.882,0.338,0.334,0.549,0.605,0.626,0.0167,0.274;aaa;
0.941;0.562,0.482,0.128,0.546,0.391,0.173,0.0609,0.716,0.573,0.792;aaaaaa;
0.131;0.181,0.465,0.77,0.666,0.719,0.876,0.0888,0.776,0.526,0.229;aaaa;
0.974;0.507,0.375,0.339,0.688,0.174,0.177,0.832,0.444,0.564,0.873;aaaaaaa;
0.0295;0.898,0.403,0.421,0.00616,0.483,0.566,0.184,0.403,0.599,0.343;aaaaaaaaa;
0.39;0.0432,0.38,0.961,0.946,0.469,0.0266,0.00513,0.785,0.861,0.242;aaaaa;
0.854;0.0137,0.821,0.799,0.421,0.33,0.287,0.971,0.0286,0.109,0.863;aaaaa;
0.856;0.0183,0.257,0.853,0.799,0.517,0.511,0.637,0.125,0.105,0.492;aaaaaa;
0.795;0.355,0.32,0.106,0.233,0.162,0.983,0.387,0.0662,0.556,0.367;aaa;
0.431;0.0514,0.665,0.0331,0.621,0.922,0.0806,0.18,0.875,0.738,0.336;aaaaa;
0.933;0.203,0.74,0.166,0.648,0.453,0.297,0.558,0.881,0.957,0.807;aaaa;
0.442;0.139,0.784,0.468,0.542,0.294,0.435,0.968,0.975,0.0361,0.888;aaaaaaaaaa;
0.0115;0.338,0.312,0.841,0.248,0.999,0.562,0.696,0.134,0.768,0.44;aaaaaaaaa;
0.845;0.831,0.0971,0.102,0.105,0.813,0.137,0.791,0.403,0.937,0.88;aaaaaaaaaa;
0.75;0.936,0.755,0.47,0.503,0.542,0.122,0.311,0.844,0.0395,0.628;aa;
0.657;0.241,0.201,0.0801,0.867,0.45,0.125,0.55,0.658,0.599,0.116;aaaaa;
0.397;0.454,0.814,0.0476,0.27,0.394,0.616,0.429,0.912,0.232,0.96;aa;
0.981;0.541,0.836,0.513,0.91,0.273,0.484,0.0667,0.407,0.817,0.0666;a;
0.747;0.0514,0.775,0.963,0.591,0.633,0.916,0.256,0.649,0.463,0.0898;aaaaaaaaaa;
0.981;0.797,0.243,0.192,0.804,0.844,0.224,0.65,0.792,0.527,0.348;aaa;
0.382;0.0907,0.756,0.5,0.432,0.535,0.847,0.411,0.171,0.581,0.638;aaaaaaaa;
0.418;0.462,0.513,0.353,0.746,0.868,0.431,0.846,0.228,0.48,0.99;aaaaaaa;
0.374;0.022,0.912,0.918,0.9,0.779,0.584,0.0878,0.736,0.383,0.0466;aaaaaaaa;
0.782;0.175,0.411,0.928,0.735,0.394,0.836,0.627,0.73,0.339,0.661;aaaaaaaaaa;
0.937;0.847,0.0399,0.288,0.404,0.421,0.15,0.683,0.193,0.964,0.697;aaaaa;
0.577;0.554,0.0658,0.795,0.339,0.0331,0.34,0.836,0.814,0.848,0.136;aaaa;
0.888;0.847,0.0369,0.618,0.695,0.495,0.681,0.957,0.263,0.377,0.879;aaaaaaaaaa;
0.377;0.435,0.823,0.969,0.0427,0.331,0.134,0.173,0.771,0.459,0.857;aaaaaa;
0.461;0.905,0.851,0.898,0.537,0.103,0.989,0.265,0.214,0.195,0.424;aaaa;
0.722;0.995,0.279,0.326,0.304,0.334,0.823,0.648,0.444,0.421,0.788;aaaa;
0.995;0.693,0.0603,0.745,0.643,0.797,0.527,0.503,0.123,0.677,0.416;aaaaaaaa;
0.735;0.388,0.0703,0.264,0.445,0.438,0.227,0.884,0.984,0.437,0.977;aaaaaa;
0.0275;0.737,0.255,0.784,0.721,0.00745,0.43,0.621,0.771,0.293,0.381;aaaaaaaa;
0.734;0.758,0.608,0.578,0.0554,0.484,0.132,0.927,0.0432,0.207,0.852;aaaa;
0.206;0.374,0.0572,0.519,0.847,0.673,0.906,0.462,0.42,0.462,0.327;aaaaaa;
0.599;0.422,0.939,0.631,0.0528,0.569,0.503,0.869,0.175,0.431,0.507;aaaa;
0.488;0.943,0.448,0.438,0.331,0.191,0.0129,0.388,0.668,0.214,0.488;aaaaa;
0.516;0.584,0.902,0.855,0.408,0.917,0.187,0.996,0.398,0.237,0.362;aaaa;
0.747;0.0568,0.345,0.0313,0.602,0.243,0.599,0.133,0.769,0.536,0.14;aaa;
0.761;0.309,0.957,0.86,0.992,0.676,0.469,0.747,0.592,0.518,0.0202;aaaaaaaa;
0.172;0.67,0.296,0.0254,0.53,0.587,0.885,0.565,0.613,0.16,0.813;aa;
0.201;0.495,0.87,0.24,0.785,0.872,0.641,0.161,0.869,0.482,0.557;aaa;
0.106;0.102,0.894,0.372,0.309,0.655,0.849,0.985,0.703,0.468,0.952;aaaaaaaaaa;
0.451;0.281,0.847,0.201,0.0353,0.868,0.959,0.482,0.666,0.932,0.389;aaaaaaa;
0.26;0.0921,0.627,0.877,0.775,0.712,0.118,0.794,0.433,0.0967,0.441;aaaa;
0.795;0.913,0.611,0.528,0.589,0.0601,0.745,0.795,0.687,0.0513,0.397;aaaaaaa;
0.702;0.838,0.776,0.959,0.203,0.711,0.36,0.987,0.926,0.427,0.0985;aaaaa;
0.557;0.313,0.134,0.545,0.637,0.182,0.183,0.271,0.247,0.2,0.512;aaaaa;
0.152;0.429,0.506,0.799,0.888,0.0368,0.293,0.0203,0.522,0.644,0.847;aaaaaaaaaa;
0.927;0.00883,0.573,0.247,0.2,0.00945,0.97,0.443,0.958,0.607,0.519;aa;
0.19;0.972,0.68,0.761,0.313,0.213,0.5,0.0135,0.131,0.673,0.416;aa;
0.708;0.912,0.919,0.035,0.943,0.298,0.337,0.819,0.431,0.863,0.0942;aaa;
0.371;0.582,0.518,0.392,0.487,0.607,0.0688,0.748,0.423,0.811,0.314;aaaaaaa;
0.7;0.878,0.158,0.811,0.252,0.471,0.764,0.456,0.315,0.379,0.907;aaa;
0.824;0.926,0.184,0.352,0.815,0.518,0.884,0.575,0.81,0.212,0.197;aaaaaaaaa;
0.529;0.868,0.767,0.241,0.716,0.616,0.495,0.209,0.953,0.418,0.545;aaaaaaaaa;
0.814;0.646,0.927,0.323,0.207,0.973,0.972,0.933,0.589,0.35,0.79;aaaaaaaa;
0.9;0.0468,0.15,0.404,0.776,0.37,0.988,0.66,0.321,0.738,0.0993;aaaaaaaaaa;
0.557;0.982,0.232,0.936,0.305,0.43,0.122,0.0896,0.199,0.668,0.29;aaaaaaa;
0.845;0.813,0.289,0.0908,0.216,0.0804,0.698,0.818,0.829,0.53,0.722;aaaaaaaaaa;
0.86;0.741,0.198,0.179,0.616,0.412,0.459,0.526,0.316,0.126,0.22;aaaaa;
0.831;0.949,0.654,0.334,0.81,0.0579,0.718,0.594,0.178,0.245,0.248;aaaaa;
0.578;0.616,0.00115,0.731,0.67,0.877,0.0214,0.88,0.123,0.074,0.779;a;
0.258;0.104,0.702,0.807,0.247,0.0422,0.714,0.801,0.537,0.817,0.85;aaa;
0.543;0.858,0.155,0.264,0.404,0.458,0.014,0.349,0.589,0.296,0.43;aaaaaaaa;
0.0467;0.535,0.258,0.326,0.981,0.434,0.638,0.932,0.873,0.759,0.426;aaaaaaaa;
0.873;0.0341,0.0372,0.533,0.892,0.808,0.243,0.26,0.508,0.403,0.313;aa;
0.535;0.593,0.771,0.815,0.783,0.43,0.717,0.567,0.515,0.464,0.836;aaaaaaaaaa;
0.551;0.252,0.0201,0.0669,0.803,0.277,0.865,0.101,0.55,0.429,0.521;aaaaaaaaaa;
0.841;0.667,0.397,0.919,0.923,0.863,0.646,0.625,0.788,0.00775,0.00885;aaaaaa;
0.577;0.609,0.729,0.291,0.336,0.901,0.45,0.87,0.315,0.4,0.398;aaaaaaaa;
0.328;0.954,0.02,0.998,0.316,0.329,0.0872,0.202,0.802,0.395,0.42;aa;
0.0373;0.365,0.796,0.846,0.0561,0.998,0.561,0.391,0.399,0.099,0.159;aaaa;
0.0911;0.268,0.663,0.413,0.469,0.515,0.719,0.163,0.582,0.00301,0.5;aaaa;
0.188;0.939,0.217,0.487,0.839,0.44,0.335,0.914,0.27,0.853,0.424;aaaaaaaaaa;
0.332;0.255,0.686,0.0202,0.845,0.303,0.937,0.174,0.683,0.619,0.0115;aaaaaaaaaa;
0.371;0.372,0.478,0.42,0.313,0.497,0.33,0.643,0.0411,0.93,0.116;aaaa;
0.777;0.852,0.815,0.0898,0.729,0.297,0.991,0.753,0.934,0.461,0.618;aaaa;
0.576;0.387,0.0421,0.783,0.309,0.86,0.678,0.052,0.486,0.198,0.566;aaaa;
0.465;0.195,0.0691,0.976,0.163,0.118,0.583,0.337,0.552,0.352,0.228;aaaaaa;
0.351;0.603,0.377,0.0815,0.951,0.734,0.625,0.0298,0.962,0.919,0.905;aaa;
0.27;0.218,0.027,0.331,0.85,0.189,0.88,0.0831,0.346,0.803,0.259;a;
0.507;0.998,0.931,0.904,0.215,0.948,0.551,0.654,0.955,0.581,0.472;aa;
0.603;0.161,0.351,0.571,0.561,0.231,0.746,0.367,0.127,0.944,0.365;aaa;
0.629;0.733,0.392,0.571,0.825,0.618,0.00867,0.16,0.736,0.505,0.459;aaaa;
0.312;0.36,0.149,0.654,0.709,0.953,0.184,0.56,0.177,0.895,0.125;aaaaaaaaaa;
0.0239;0.302,0.813,0.312,0.817,0.314,0.0967,0.573,0.663,0.426,0.176;aaaaaaaaa;
0.304;0.26,0.668,0.456,0.279,0.202,0.348,0.328,0.598,0.851,0.578;aaa;
0.797;0.0401,0.431,0.295,0.415,0.488,0.315,0.607,0.212,0.971,0.922;aaaaaa;
0.213;0.458,0.611,0.682,0.73,0.644,0.0278,0.635,0.426,0.276,0.277;aaaaaaa;
0.854;0.705,0.165,0.643,0.707,0.633,0.22,0.171,0.268,0.34,0.648;aa;
0.764;0.652,0.938,0.795,0.402,0.222,0.92,0.837,0.926,0.812,0.122;aaaaaa;
0.778;0.505,0.232,0.959,0.00763,0.963,0.268,0.77,0.855,0.994,0.481;aaaa;
0.117;0.447,0.425,0.964,0.134,0.552,0.474,0.122,0.369,0.112,0.92;aaaa;
0.889;0.146,0.885,0.349,0.71,0.963,0.228,0.567,0.704,0.464,0.222;aaaaaaaaaa;
0.286;0.434,0.124,0.9,0.991,0.497,0.254,0.636,0.816,0.662,0.506;aaaaaaaa;
0.81;0.425,0.867,0.981,0.655,0.566,0.122,0.183,0.843,0.367,0.932;aaaa;
0.69;0.754,0.773,0.414,0.61,0.413,0.628,0.601,0.701,0.612,0.0665;aaaaaaa;
0.421;0.839,0.516,0.449,0.588,0.522,0.702,0.912,0.884,0.452,0.57;aaaaaaaaa;
0.601;0.0663,0.2,0.801,0.932,0.686,0.821,0.00206,0.946,0.974,0.913;aaaaaaaaaa;
0.993;0.0068,0.534,0.906,0.843,0.262,0.516,0.842,0.368,0.589,0.844;aaaaa;
0.0022;0.605,0.628,0.536,0.812,0.0772,0.0613,0.757,0.173,0.346,0.226;aaaa;
0.67;0.118,0.0328,0.186,0.742,0.756,0.176,0.714,0.403,0.252,0.999;aaaaaaa;
0.0646;0.99,0.279,0.614,0.908,0.25,0.806,0.439,0.225,0.599,0.653;aaaaaaaaa;
0.341;0.53,0.979,0.906,0.501,0.786,0.603,0.0428,0.43,0.925,0.149;aaa;
0.417;0.641,0.423,0.0339,0.778,0.767,0.072,0.499,0.282,0.566,0.153;aaaaaa;
0.387;0.843,0.707,0.504,0.493,0.159,0.0719,0.402,0.218,0.443,0.561;a;
0.467;0.126,0.314,0.466,0.902,0.027,0.851,0.962,0.0251,0.939,0.751;aaaaaaaaaa;
0.218;0.447,0.347,0.829,0.627,0.94,0.584,0.0263,0.412,0.537,0.595;aaaa;
0.575;0.797,0.763,0.613,0.818,0.986,0.317,0.262,0.381,0.589,0.843;a;
0.596;0.361,0.94,0.135,0.379,0.91,0.0863,0.0798,0.36,0.58,0.68;aaaaaaaa;
0.948;0.0169,0.964,0.351,0.311,0.412,0.0478,0.233,0.125,0.602,0.934;aaaa;
0.234;0.509,0.721,0.223,0.247,0.977,0.467,0.186,0.485,0.697,0.673;aaa;
0.943;0.0744,0.268,0.511,0.789,0.802,0.511,0.201,0.155,0.403,0.344;aaaaaaaaa;
0.705;0.619,0.519,0.475,0.656,0.887,0.909,0.882,0.171,0.467,0.603;aa;
0.862;0.00999,0.507,0.791,0.723,0.486,0.36,0.3,0.367,0.216,0.268;aaaaaaaa;
0.783;0.0662,0.557,0.969,0.0527,0.916,0.786,0.626,0.71,0.293,0.283;aaaaaaaaaa;
0.137;0.701,0.126,0.0719,0.437,0.624,0.529,0.429,0.93,0.126,0.016;aaaaaaaaaa;
0.637;0.988,0.995,0.639,0.468,0.706,0.117,0.342,0.205,0.358,0.201;aaa;
0.389;0.434,0.039,0.967,0.84,0.626,0.0602,0.324,0.672,0.218,0.0121;a;
0.712;0.579,0.586,0.999,0.821,0.591,0.377,0.163,0.624,0.643,0.63;aaa;
0.952;0.535,0.833,0.729,0.382,0.125,0.291,0.187,0.177,0.764,0.692;aaaaaaa;
0.99;0.769,0.604,0.143,0.772,0.119,0.836,0.307,0.922,0.461,0.764;aaaaaaaa;
0.0087;0.608,0.229,0.386,0.187,0.536,0.479,0.986,0.467,0.454,0.0685;aa;
0.412;0.292,0.569,0.287,0.804,0.19,0.262,0.971,0.656,0.473,0.238;aaaaa;
0.281;0.194,0.874,0.538,0.324,0.272,0.548,0.687,0.735,0.999,0.0401;aaaaaaa;
0.1;0.954,0.402,0.574,0.61,0.344,0.595,0.379,0.259,0.657,0.246;aaaaaaaa;
0.815;0.928,0.412,0.578,0.612,0.814,0.353,0.471,0.501,0.183,0.248;aaaa;
0.206;0.927,0.713,0.254,0.545,0.79,0.508,0.649,0.121,0.91,0.522;aaaaaa;
0.733;0.0205,0.306,0.836,0.0392,0.918,0.0658,0.921,0.863,0.655,0.571;a;
0.581;0.573,0.633,0.543,0.873,0.141,0.904,0.577,0.641,0.816,0.488;aaaaaaaaa;
0.943;0.0501,0.698,0.915,0.454,0.347,0.0671,0.8,0.765,0.611,0.281;aaaaa;
0.51;0.624,0.234,0.643,0.826,0.405,0.675,0.00645,0.284,0.0442,0.289;aaa;
0.869;0.595,0.742,0.406,0.936,0.394,0.307,0.917,0.729,0.285,0.364;aaa;
0.364;0.433,0.341,0.944,0.576,0.592,0.552,0.707,0.405,0.49,0.402;aaaaaa;
0.13;0.293,0.526,0.323,0.402,0.619,0.025,0.915,0.674,0.99,0.284;aaaa;
0.458;0.674,0.927,0.261,0.897,0.215,0.781,0.382,0.0515,0.587,0.993;a;
0.244;0.409,0.21,0.999,0.328,0.491,0.47,0.474,0.984,0.996,0.737;aaaaaaaaa;
0.873;0.315,0.788,0.627,0.426,0.84,0.657,0.00895,0.159,0.174,0.356;aaaaaaaaaa;
0.912;0.253,0.673,0.532,0.256,0.858,0.865,0.487,0.0429,0.133,0.681;aaa;
0.445;0.881,0.334,0.803,0.342,0.998,0.637,0.711,0.265,0.606,0.243;a;
0.301;0.918,0.459,0.274,0.944,0.233,0.909,0.609,0.617,0.969,0.427;aaaa;
0.706;0.641,0.0177,0.514,0.502,0.727,0.114,0.106,0.0528,0.858,0.435;aaaaaaa;
0.208;0.241,0.0451,0.56,0.194,0.84,0.114,0.718,0.825,0.397,0.997;aaaaaaaaaa;
0.801;0.669,0.295,0.609,0.981,0.896,0.296,0.616,0.142,0.216,0.154;aaaaaaaa;
0.303;0.694,0.862,0.744,0.956,0.222,0.333,0.796,0.213,0.366,0.241;aaaa;
0.62;0.608,0.00483,0.135,0.196,0.346,0.676,0.658,0.999,0.835,0.0745;aaaaaaaa;
0.948;0.257,0.695,0.657,0.512,0.106,0.437,0.941,0.258,0.819,0.63;aaaaaaaa;
0.881;0.555,0.705,0.188,0.397,0.0674,0.358,0.808,0.411,0.842,0.391;aaa;
0.632;0.188,0.183,0.272,0.921,0.676,0.919,0.71,0.514,0.694,0.204;aaa;
0.898;0.318,0.0198,0.961,0.3,0.154,0.545,0.541,0.771,0.167,0.826;aaaaa;
0.292;0.000309,0.309,0.897,0.535,0.0603,0.854,0.701,0.978,0.592,0.635;aaaa;
0.0726;0.351,0.302,0.952,0.367,0.899,0.222,0.0838,0.589,0.184,0.348;aa;
0.502;0.437,0.817,0.205,0.32,0.519,0.204,0.0161,0.457,0.525,0.248;aaaaa;
0.716;0.388,0.291,0.284,0.97,0.397,0.429,0.845,0.462,0.338,0.139;a;
0.325;0.0797,0.989,0.377,0.198,0.104,0.379,0.226,0.763,0.456,0.923;aa;
0.174;0.159,0.587,0.353,0.164,0.346,0.386,0.57,0.305,0.33,0.513;aaaaa;
0.68;0.416,0.847,0.106,0.906,0.131,0.287,0.93,0.22,0.641,0.772;aaaaaaaaaa;
0.794;0.885,0.247,0.81,0.138,0.441,0.839,0.0958,0.985,0.314,0.551;aa;
0.686;0.512,0.191,0.203,0.416,0.802,0.468,0.459,0.218,0.602,0.268;aaaaaaaaaa;
0.845;0.0767,0.779,0.0823,0.09,0.617,0.102,0.639,0.102,0.831,0.155;aaaaa;
0.0323;0.411,0.515,0.392,0.125,0.673,0.999,0.822,0.804,0.512,0.506;aaaaaaa;
0.836;0.342,0.79,0.645,0.12,0.461,0.706,0.492,0.212,0.632,0.479;a;
0.838;0.575,0.29,0.821,0.111,0.977,0.944,0.649,0.682,0.1,0.42;aaaaaaaaaa;
0.617;0.712,0.644,0.853,0.223,0.388,0.952,0.478,0.397,0.567,0.593;aaaa;
0.327;0.621,0.67,0.114,0.0977,0.784,0.666,0.074,0.906,0.698,0.01;aaa;
0.979;0.195,0.536,0.767,0.237,0.745,0.712,0.186,0.632,0.44,0.0945;aaaa;
0.131;0.0275,0.47,0.598,0.175,0.525,0.325,0.181,0.141,0.557,0.966;aaaa;
0.748;0.387,0.477,0.139,0.369,0.601,0.724,0.586,0.732,0.665,0.514;aaaaaaaa;
0.916;0.552,0.989,0.119,0.315,0.998,0.0302,0.719,0.736,0.358,0.0332;aaa;
0.0434;0.77,0.536,0.328,0.62,0.39,0.674,0.983,0.279,0.945,0.669;a;
0.908;0.588,0.41,0.0962,0.648,0.845,0.399,0.625,0.74,0.385,0.612;aaaaaaaaa;
0.696;0.94,0.117,0.884,0.271,0.978,0.955,0.235,0.963,0.955,0.3;aaaaaaaa;
0.197;0.044,0.956,0.36,0.304,0.182,0.739,0.985,0.814,0.269,0.642;aaaaaaa;
0.758;0.919,0.591,0.901,0.416,0.859,0.4,0.778,0.322,0.0658,0.731;aaaaaaaaaa;
0.965;0.289,0.262,0.395,0.791,0.58,0.295,0.232,0.475,0.439,0.843;aaaa;
0.607;0.906,0.638,0.935,0.996,0.0703,0.369,0.815,0.424,0.838,0.846;aaaaaaaaaa;
0.473;0.504,0.5,0.665,0.892,0.981,0.376,0.324,0.0751,0.518,0.615;aaaaaaaaa;
0.117;0.57,0.802,0.472,0.971,0.526,0.0537,0.926,0.475,0.348,0.399;aaaaaaaa;
0.517;0.0148,0.739,0.374,0.278,0.304,0.61,0.213,0.836,0.498,0.419;aaaaaaaa;
0.368;0.984,0.822,0.828,0.292,0.47,0.756,0.349,0.705,0.868,0.823;aaaaaaa;
0.937;0.815,0.645,0.782,0.418,0.0879,0.0295,0.852,0.144,0.326,0.578;a;
0.905;0.1,0.0937,0.792,0.226,0.418,0.708,0.00333,0.277,0.967,0.577;aaaaa;
0.786;0.842,0.471,0.746,0.319,0.433,0.813,0.809,0.472,0.641,0.442;aaaaaaaaaa;
0.941;0.908,0.531,0.0741,0.238,0.195,0.68,0.737,0.613,0.138,0.4;aa;
0.649;0.651,0.54,0.989,0.253,0.946,0.619,0.014,0.918,0.0235,0.207;a;
0.676;0.9,0.307,0.9,0.551,0.438,0.1,0.84,0.731,0.728,0.0923;a;
0.138;0.782,0.868,0.0515,0.42,2.86e-06,0.17,0.0266,0.5,0.923,0.472;aaaaaaaa;
0.141;0.131,0.164,0.297,0.0208,0.385,0.924,0.445,0.616,0.884,0.663;aaa;
0.14;0.801,0.55,0.0954,0.35,0.11,0.955,0.43,0.545,0.381,0.296;aaaaaaaa;
0.53;0.644,0.57,0.0803,0.991,0.177,0.402,0.0509,0.763,0.479,0.0261;aaaa;
0.881;0.865,0.866,0.157,0.388,0.0826,0.773,0.754,0.234,0.138,0.95;aaaaaaaa;
0.459;0.84,0.835,0.22,0.159,0.854,0.749,0.738,0.761,0.916,0.309;aaa;
0.435;0.635,0.883,0.433,0.704,0.292,0.0212,0.784,0.0231,0.748,0.411;aaaaaaaaaa;
0.874;0.396,0.472,0.418,0.945,0.541,0.789,0.795,0.147,0.921,0.475;aaaaaa;
0.285;0.307,0.63,0.102,0.705,0.15,0.00235,0.852,0.371,0.516,0.321;aaaaaaaaa;
0.652;0.394,0.838,0.563,0.167,0.458,0.521,0.596,0.873,0.0395,0.0744;aa;
0.37;0.689,0.883,0.725,0.479,0.708,0.0786,0.33,0.303,0.592,0.67;aaaa;
0.501;0.148,0.956,0.367,0.786,0.0606,0.86,0.849,0.102,0.259,0.829;aaaa;
0.514;0.122,0.824,0.996,0.708,0.213,0.084,0.593,0.915,0.73,0.763;aaaaaa;
0.717;0.521,0.425,0.518,0.393,0.0345,0.377,0.187,0.883,0.13,0.914;aaa;
0.387;0.0419,0.835,0.562,0.636,0.263,0.628,0.811,0.291,0.0371,0.612;aa;
0.751;0.185,0.546,0.87,0.961,0.809,0.22,0.989,0.13,0.888,0.635;aaaaaaa;
0.883;0.0462,0.00594,0.076,0.229,0.952,0.777,0.822,0.257,0.22,0.471;aaa;
0.854;0.937,0.86,0.0685,0.693,0.339,0.915,0.0257,0.0958,0.0471,0.864;aaaaa;
0.319;0.95,0.585,0.914,0.666,0.781,0.626,0.84,0.454,0.355,0.829;aa;
0.627;0.197,0.166,0.367,0.307,0.604,0.233,0.181,0.733,0.37,0.709;aaaaaaaaa;
0.51;0.247,0.00199,0.0497,0.415,0.736,0.347,0.19,0.745,0.961,0.365;aaaaaaaaa;
0.277;0.577,0.803,0.828,0.0383,0.421,0.978,0.85,0.0356,0.434,0.613;aaaaaaaaa;
0.793;0.641,0.0953,0.447,0.572,0.299,0.387,0.0433,0.78,0.805,0.902;aa;
0.0173;0.967,0.529,0.965,0.833,0.857,0.0172,0.779,0.981,0.447,0.415;aaaaaa;
0.359;0.0393,0.356,0.762,0.883,0.626,0.696,0.931,0.214,0.19,0.844;aa;
0.403;0.913,0.00591,0.943,0.432,0.917,0.596,0.321,0.152,0.19,0.706;aaaaaaaa;
0.702;0.524,0.815,0.6,0.68,0.124,0.438,0.211,0.333,0.457,0.316;aaaaaaaaaa;
0.834;0.124,0.659,0.613,0.444,0.0652,0.773,0.266,0.0431,0.0742,0.9;aa;
0.321;0.708,0.368,0.276,0.808,0.505,0.668,0.184,0.963,0.0328,0.443;aaaaaaaaa;
0.464;0.689,0.366,0.378,0.12,0.194,0.954,0.47,0.596,0.404,0.983;aaa;
0.586;0.974,0.803,0.521,0.962,0.037,0.593,0.0571,0.813,0.708,0.186;aaaaaaaaaa;
0.00955;0.843,0.768,0.175,0.855,0.796,0.466,0.677,0.822,0.401,0.959;aaaaaa;
0.65;0.64,0.4,0.221,0.638,0.785,0.0144,0.487,0.671,0.328,0.0437;aaaaaaaaaa;
0.143;0.844,0.513,0.978,0.947,0.828,0.232,0.46,0.642,0.429,0.408;a;
0.138;0.773,0.82,0.858,0.0872,0.588,0.539,0.621,0.909,0.831,0.814;aaa;
0.289;0.0701,0.122,0.179,0.343,0.0578,0.258,0.422,0.223,0.784,0.671;aaaaaaaaaa;
0.506;0.867,0.731,0.783,0.774,0.619,0.51,0.741,0.964,0.551,0.75;aaaaaaa;
0.26;0.0613,0.64,0.424,0.473,0.0975,0.307,0.198,0.0289,0.276,0.747;aaaaa;
0.682;0.901,0.789,0.0904,0.81,0.00515,0.0958,0.314,0.171,0.108,0.728;aaaaaa;
0.871;0.0123,0.48,0.101,0.288,0.839,0.918,0.46,0.292,0.0389,0.919;aaaaaa;
0.68;0.0812,0.634,0.0313,0.858,0.227,0.755,0.587,0.408,0.478,0.749;aaaaaaaa;
0.221;0.281,0.169,0.595,0.799,0.7,0.333,0.216,0.581,0.028,0.767;aaaaaa;
0.994;0.388,0.276,0.307,0.563,0.271,0.731,0.113,0.256,0.578,0.434;aaaa;
0.163;0.991,0.649,0.224,0.791,0.452,0.445,0.575,0.0674,0.994,0.105;aaaaaaa;
0.392;0.704,0.956,0.0199,0.665,0.795,0.499,0.0885,0.849,0.292,0.722;aaaaaaa;
0.259;0.168,0.404,0.102,0.0517,0.643,0.668,0.29,0.539,0.204,0.68;aaaa;
0.48;0.84,0.0101,0.234,0.303,0.00157,0.707,0.946,0.426,0.432,0.488;aaaaa;
0.666;0.104,0.34,0.674,0.472,0.332,0.398,0.83,0.628,0.344,0.908;aaaaaaaaa;
0.546;0.179,0.0612,0.721,1,0.537,0.843,0.942,0.138,0.453,0.341;aaaaaaa;
0.0506;0.651,0.327,0.834,0.628,0.272,0.914,0.2,0.586,0.2,0.395;aa;
0.859;0.612,0.512,0.797,0.763,0.958,0.828,0.0179,0.91,0.815,0.327;aa;
0.384;0.491,0.401,0.865,0.647,0.152,0.143,0.486,0.823,0.263,0.904;aa;
0.723;0.296,0.613,0.597,0.898,0.636,0.779,0.34,0.535,0.198,0.619;aa;
0.0279;0.414,0.162,0.767,0.979,0.93,0.0983,0.337,0.0487,0.513,0.603;aaaaaaaaaa;
0.69;0.665,0.702,0.684,0.107,0.839,0.926,0.22,0.854,0.649,0.635;aaaaaaaa;
0.521;0.305,0.66,0.441,0.94,0.917,0.0454,0.651,0.0621,0.586,0.196;aaaaaa;
0.0503;0.644,0.385,0.47,0.026,0.946,0.174,0.553,0.475,0.99,0.957;aaa;
0.908;0.815,0.667,0.954,0.849,0.214,0.785,0.824,0.898,0.549,0.6;aaaaa;
0.409;0.909,0.937,0.414,0.00752,0.375,0.197,0.155,0.0524,0.637,0.496;aaaaaaa;
0.879;0.708,0.836,0.152,0.592,0.0241,0.0202,0.513,0.296,0.54,0.615;aaa;
0.92;0.459,0.622,0.329,0.371,0.899,0.671,0.958,0.651,0.568,0.0221;aaaaaaaaaa;
0.92;0.208,0.457,0.864,0.565,0.169,0.428,0.521,0.537,0.847,0.149;aaaaaaaaaa;
0.411;0.491,0.706,0.0694,0.328,0.767,0.615,0.591,0.237,0.502,0.579;aa;
0.923;0.662,0.793,0.576,0.133,0.387,0.715,0.872,0.498,0.392,0.292;aaaaaaa;
0.435;0.623,0.268,0.0219,0.58,0.654,0.63,0.371,0.135,0.884,0.064;aaaaaaa;
0.422;0.43,0.73,0.015,0.66,0.975,0.437,0.961,0.0185,0.709,0.0751;aaaaaaaaaa;
0.843;0.416,0.595,0.633,0.238,0.294,0.0109,0.183,0.242,0.5,0.487;aaaa;
0.762;0.933,0.0769,0.435,0.398,0.693,0.16,0.721,0.655,0.986,0.808;a;
0.326;0.488,0.243,0.145,0.852,0.503,0.695,0.364,0.132,0.782,0.602;aa;
0.2;0.48,0.582,0.208,0.684,0.797,0.351,0.945,0.801,0.116,0.829;aa;
0.452;0.909,0.486,0.847,0.646,0.75,0.39,0.302,0.31,0.225,0.827;aaaaaa;
0.589;0.648,0.712,0.295,0.62,0.00428,0.969,0.957,0.602,0.692,0.561;aa;
0.115;0.382,0.877,0.804,0.968,0.941,0.0792,0.333,0.233,0.33,0.508;aaaaa;
0.184;0.989,0.116,0.117,0.559,0.466,0.566,0.044,0.268,0.606,0.853;aaaaaa;
0.711;0.125,0.00571,0.713,0.282,0.928,0.234,0.000107,0.506,0.411,0.51;aaaaaaaa;
0.181;0.727,0.8,0.0568,0.406,0.46,0.535,0.83,0.208,0.424,0.608;aaaaaa;
0.317;0.456,0.642,0.358,0.675,0.896,0.236,0.512,0.903,0.87,0.921;aaaaaaaa;
0.396;0.132,0.415,0.268,0.478,0.215,0.813,0.159,0.121,0.0312,0.95;aaaaaaaa;
0.593;0.138,0.148,0.377,0.401,0.179,0.65,0.697,0.045,0.737,0.0143;aaaaa;
0.247;0.512,0.902,0.852,0.808,0.523,0.0364,0.276,0.243,0.416,0.143;aaa;
0.0712;0.542,0.383,0.644,0.16,0.996,0.385,0.0244,0.966,0.57,0.498;aaaaaaaaa;
0.946;0.536,0.146,0.0406,0.853,0.425,0.0157,0.573,0.911,0.784,0.816;a;
0.813;0.864,0.578,0.829,0.738,0.967,0.572,0.848,0.488,0.753,0.0838;aaaaaaaaa;
0.328;0.0722,0.895,0.157,0.345,0.112,0.235,0.654,0.888,0.86,0.235;a;
0.379;0.773,0.742,0.262,0.723,0.988,0.459,0.0231,0.828,0.31,0.0616;aaaaaaa;
0.157;0.34,0.737,0.41,0.349,0.188,0.886,0.705,0.627,0.021,0.566;aaaa;
0.606;0.154,0.594,0.431,0.108,0.438,0.206,0.0417,0.43,0.592,0.386;aaaaaa;
0.824;0.182,0.713,0.876,0.221,0.283,0.251,0.935,0.78,0.775,0.729;aaa;
0.407;0.395,0.852,0.59,0.556,0.847,0.283,0.422,0.468,0.0432,0.868;aaaaaaaaaa;
0.884;0.276,0.28,0.351,0.795,0.301,0.989,0.00967,0.562,0.682,0.0335;aaaaaaa;
0.774;0.178,0.243,0.459,0.0183,0.321,0.36,0.828,0.992,0.649,0.221;aa;
0.603;0.86,0.923,0.591,0.428,0.0985,0.653,0.49,0.401,0.329,0.598;aaaaaaaaaa;
0.914;0.913,0.781,0.73,0.494,0.212,0.268,0.628,0.997,0.526,0.453;aaaaaaaaaa;
0.0359;0.559,0.899,0.756,0.574,0.5,0.898,0.708,0.286,0.787,0.953;aaaaaa;
0.427;0.276,0.593,0.173,0.87,0.304,0.578,0.806,0.446,0.607,0.705;a;
0.508;0.982,0.385,0.287,0.336,0.236,0.527,0.777,0.854,0.88,0.301;aaaaaaa;
0.337;0.495,0.984,0.843,0.8,0.673,0.0612,0.206,0.277,0.403,0.361;aaaaaa;
0.573;0.0204,0.728,0.692,0.881,0.836,0.87,0.82,0.232,0.75,0.147;aaaaaaaa;
0.751;0.406,0.174,0.114,0.0247,0.412,0.859,0.526,0.962,0.832,0.514;aaaaaa;
0.751;0.211,0.954,0.718,0.712,0.868,0.302,0.894,0.37,0.2,0.825;aaaaaa;
0.647;0.886,0.672,0.368,0.454,0.107,0.462,0.484,0.798,0.718,0.332;aaa;
0.496;0.0149,0.949,0.276,0.846,0.373,0.691,0.878,0.14,0.457,0.437;a;
0.936;0.241,0.919,0.782,0.713,0.632,0.38,0.608,0.977,0.593,0.683;aaaaaaaaa;
0.604;0.796,0.764,0.299,0.0308,0.912,0.968,0.978,0.886,0.729,0.0679;aaaaaa;
0.889;0.0379,0.22,0.327,0.0808,0.482,0.491,0.403,0.343,0.932,0.336;a;
0.239;0.549,0.598,0.564,0.8,0.953,0.229,0.929,0.46,0.00771,0.371;aaaaaa;
0.641;0.712,0.112,0.759,0.866,0.17,0.236,0.408,0.421,0.0383,0.413;aaaaa;
0.587;0.491,0.127,0.0599,0.0631,0.683,0.592,0.901,0.988,0.894,0.812;a;
0.886;0.831,0.474,0.269,0.461,0.958,0.0796,0.233,0.459,0.855,0.87;aaaaaa;
0.438;0.753,0.135,0.00776,0.622,0.264,0.0665,0.42,0.954,0.629,0.104;aaaaaa;
0.291;0.898,0.3,0.615,0.964,0.0496,0.552,0.218,0.0738,0.623,0.338;a;
0.453;0.545,0.966,0.261,0.212,0.794,0.454,0.264,0.144,0.527,0.31;aaa;
0.141;0.292,0.871,0.164,0.531,0.225,0.94,0.415,0.953,0.44,0.443;aaaaa;
0.656;0.338,0.428,0.213,0.761,0.814,0.0893,0.215,0.646,0.316,0.55;aa;
0.375;0.251,0.208,0.326,0.352,0.358,0.743,0.328,0.364,0.754,0.272;aaaaaaa;
0.112;0.899,0.749,0.748,0.424,0.79,0.782,0.131,0.608,0.688,0.405;aaaaaaaa;
0.473;0.699,0.62,0.13,0.0243,0.382,0.12,0.486,0.526,0.91,0.0151;a;
0.733;0.314,0.624,0.838,0.0276,0.943,0.204,0.83,0.873,0.278,0.846;aaaaaaaa;
0.272;0.666,0.68,0.279,0.812,0.86,0.655,0.656,0.764,0.331,0.979;aaaaa;
0.809;0.532,0.407,0.0435,0.00421,0.38,0.866,0.607,0.169,0.617,0.198;aaaaaaaaaa;
0.354;0.961,0.378,0.29,0.572,0.971,0.52,0.761,0.555,0.0718,0.47;aa;
0.298;0.925,0.344,0.785,0.187,0.671,0.972,0.515,0.763,0.893,0.896;aa;
0.628;0.0828,0.599,0.637,0.935,0.984,0.728,0.929,0.703,0.167,0.325;aaaa;
0.827;0.421,0.0718,0.351,0.291,0.441,0.661,0.427,0.554,0.724,0.171;aaaaaaaaa;
0.442;0.969,0.376,0.947,0.292,0.747,0.426,0.682,0.445,0.273,0.29;a;
0.886;0.35,0.777,0.688,0.616,0.983,0.172,0.334,0.351,0.407,0.149;aaaaa;
0.899;0.951,0.819,0.0105,0.101,0.695,0.264,0.356,0.819,0.339,0.964;aaaaaaa;
0.388;0.372,0.171,0.414,0.422,0.704,0.591,0.714,0.117,0.476,0.472;aaaaaaaaaa;
0.112;0.734,0.883,0.307,0.985,0.857,0.442,0.637,0.338,0.192,0.0635;aaaaaaaa;
0.141;0.197,0.438,0.0892,0.351,0.345,0.421,0.661,0.621,0.817,0.662;aa;
0.762;0.241,0.333,0.22,0.145,0.786,0.848,0.606,0.458,0.164,0.658;aaaaaaaaaa;
0.291;0.632,0.719,0.392,0.952,0.524,0.0315,0.868,0.676,0.786,0.305;aaaaaaaaaa;
0.388;0.372,0.171,0.414,0.422,0.704,0.591,0.714,0.117,0.476,0.472;aaaaa;
0.112;0.734,0.883,0.307,0.985,0.857,0.442,0.637,0.338,0.192,0.0635;aaaaaaa;
0.141;0.197,0.438,0.0892,0.351,0.345,0.421,0.661,0.621,0.817,0.662;aaaaaaaaaa;
0.762;0.241,0.333,0.22,0.145,0.786,0.848,0.606,0.458,0.164,0.658;aaaa;
0.291;0.632,0.719,0.392,0.952,0.524,0.0315,0.868,0.676,0.786,0.305;aaa;
0.388;0.372,0.171,0.414,0.422,0.704,0.591,0.714,0.117,0.476,0.472;aaaaaaa;
0.112;0.734,0.883,0.307,0.985,0.857,0.442,0.637,0.338,0.192,0.0635;aaaaaaaaa;
0.141;0.197,0.438,0.0892,0.351,0.345,0.421,0.661,0.621,0.817,0.662;a;
0.762;0.241,0.333,0.22,0.145,0.786,0.848,0.606,0.458,0.164,0.658;aaaa;
0.291;0.632,0.719,0.392,0.952,0.524,0.0315,0.868,0.676,0.786,0.305;aaa;
0.388;0.372,0.171,0.414,0.422,0.704,0.591,0.714,0.117,0.476,0.472;aa;
0.112;0.734,0.883,0.307,0.985,0.857,0.442,0.637,0.338,0.192,0.0635;aaa;
0.141;0.197,0.438,0.0892,0.351,0.345,0.421,0.661,0.621,0.817,0.662;aaa;
0.762;0.241,0.333,0.22,0.145,0.786,0.848,0.606,0.458,0.164,0.658;aaaaa;
0.291;0.632,0.719,0.392,0.952,0.524,0.0315,0.868,0.676,0.786,0.305;aa;
0.388;0.372,0.171,0.414,0.422,0.704,0.591,0.714,0.117,0.476,0.472;aaaaaa;
0.112;0.734,0.883,0.307,0.985,0.857,0.442,0.637,0.338,0.192,0.0635;aaa;
0.141;0.197,0.438,0.0892,0.351,0.345,0.421,0.661,0.621,0.817,0.662;aaaaaaaa;
0.762;0.241,0.333,0.22,0.145,0.786,0.848,0.606,0.458,0.164,0.658;aaaaaaa;
0.291;0.632,0.719,0.392,0.952,0.524,0.0315,0.868,0.676,0.786,0.305;aaaa;
0.388;0.372,0.171,0.414,0.422,0.704,0.591,0.714,0.117,0.476,0.472;aaaaaaaa;
0.112;0.734,0.883,0.307,0.985,0.857,0.442,0.637,0.338,0.192,0.0635;aa;
0.141;0.197,0.438,0.0892,0.351,0.345,0.421,0.661,0.621,0.817,0.662;aaa;
0.762;0.241,0.333,0.22,0.145,0.786,0.848,0.606,0.458,0.164,0.658;aaaaaaaaa;
0.291;0.632,0.719,0.392,0.952,0.524,0.0315,0.868,0.676,0.786,0.305;aaaaaa;
0.388;0.372,0.171,0.414,0.422,0.704,0.591,0.714,0.117,0.476,0.472;a;
0.112;0.734,0.883,0.307,0.985,0.857,0.442,0.637,0.338,0.192,0.0635;aaaaaa;
0.141;0.197,0.438,0.0892,0.351,0.345,0.421,0.661,0.621,0.817,0.662;aaaaaaa;
0.762;0.241,0.333,0.22,0.145,0.786,0.848,0.606,0.458,0.164,0.658;aaaaaaa;
0.291;0.632,0.719,0.392,0.952,0.524,0.0315,0.868,0.676,0.786,0.305;aaa;
0.388;0.372,0.171,0.414,0.422,0.704,0.591,0.714,0.117,0.476,0.472;aaaaaaaaaa;
0.112;0.734,0.883,0.307,0.985,0.857,0.442,0.637,0.338,0.192,0.0635;aaaaaaaaaa;
0.141;0.197,0.438,0.0892,0.351,0.345,0.421,0.661,0.621,0.817,0.662;aaaaaaaaaa;
0.762;0.241,0.333,0.22,0.145,0.786,0.848,0.606,0.458,0.164,0.658;aaaaaaa;
0.291;0.632,0.719,0.392,0.952,0.524,0.0315,0.868,0.676,0.786,0.305;aaaaaaaa;
0.388;0.372,0.171,0.414,0.422,0.704,0.591,0.714,0.117,0.476,0.472;aaaaa;
0.112;0.734,0.883,0.307,0.985,0.857,0.442,0.637,0.338,0.192,0.0635;aaaaaaaa;
0.141;0.197,0.438,0.0892,0.351,0.345,0.421,0.661,0.621,0.817,0.662;aaaaaaaaa;
0.762;0.241,0.333,0.22,0.145,0.786,0.848,0.606,0.458,0.164,0.658;a;
0.291;0.632,0.719,0.392,0.952,0.524,0.0315,0.868,0.676,0.786,0.305;aaaaaa;
0.388;0.372,0.171,0.414,0.422,0.704,0.591,0.714,0.117,0.476,0.472;aaaaa;
0.112;0.734,0.883,0.307,0.985,0.857,0.442,0.637,0.338,0.192,0.0635;aa;
0.141;0.197,0.438,0.0892,0.351,0.345,0.421,0.661,0.621,0.817,0.662;aaaaaaaaaa;
0.762;0.241,0.333,0.22,0.145,0.786,0.848,0.606,0.458,0.164,0.658;aaaaaa;
0.291;0.632,0.719,0.392,0.952,0.524,0.0315,0.868,0.676,0.786,0.305;aaaaaaaaaa;
0.388;0.372,0.171,0.414,0.422,0.704,0.591,0.714,0.117,0.476,0.472;aaaaaaaaaa;
0.112;0.734,0.883,0.307,0.985,0.857,0.442,0.637,0.338,0.192,0.0635;aaa;
0.141;0.197,0.438,0.0892,0.351,0.345,0.421,0.661,0.621,0.817,0.662;a;
0.762;0.241,0.333,0.22,0.145,0.786,0.848,0.606,0.458,0.164,0.658;aaaaaa;
0.291;0.632,0.719,0.392,0.952,0.524,0.0315,0.868,0.676,0.786,0.305;aaaaaa;
0.388;0.372,0.171,0.414,0.422,0.704,0.591,0.714,0.117,0.476,0.472;aaaaa;
0.112;0.734,0.883,0.307,0.985,0.857,0.442,0.637,0.338,0.192,0.0635;aaaaaaaaaa;
0.141;0.197,0.438,0.0892,0.351,0.345,0.421,0.661,0.621,0.817,0.662;aaaaaa;
0.762;0.241,0.333,0.22,0.145,0.786,0.848,0.606,0.458,0.164,0.658;aaaaaaaa;
0.291;0.632,0.719,0.392,0.952,0.524,0.0315,0.868,0.676,0.786,0.305;a;
0.388;0.372,0.171,0.414,0.422,0.704,0.591,0.714,0.117,0.476,0.472;aaaaaaa;
0.112;0.734,0.883,0.307,0.985,0.857,0.442,0.637,0.338,0.192,0.0635;aaaa;
0.141;0.197,0.438,0.0892,0.351,0.345,0.421,0.661,0.621,0.817,0.662;aaaa;
0.762;0.241,0.333,0.22,0.145,0.786,0.848,0.606,0.458,0.164,0.658;aaaaaaaa;
0.291;0.632,0.719,0.392,0.952,0.524,0.0315,0.868,0.676,0.786,0.305;aa;
0.388;0.372,0.171,0.414,0.422,0.704,0.591,0.714,0.117,0.476,0.472;aaaaaa;
0.112;0.734,0.883,0.307,0.985,0.857,0.442,0.637,0.338,0.192,0.0635;aaaaaaaaa;
0.141;0.197,0.438,0.0892,0.351,0.345,0.421,0.661,0.621,0.817,0.662;aaaa;
0.762;0.241,0.333,0.22,0.145,0.786,0.848,0.606,0.458,0.164,0.658;aaaa;
0.291;0.632,0.719,0.392,0.952,0.524,0.0315,0.868,0.676,0.786,0.305;aaaaaa;
0.388;0.372,0.171,0.414,0.422,0.704,0.591,0.714,0.117,0.476,0.472;aaaaa;
0.112;0.734,0.883,0.307,0.985,0.857,0.442,0.637,0.338,0.192,0.0635;aaa;
0.141;0.197,0.438,0.0892,0.351,0.345,0.421,0.661,0.621,0.817,0.662;aaaaaaaaaa;
0.762;0.241,0.333,0.22,0.145,0.786,0.848,0.606,0.458,0.164,0.658;aaaaa;
0.291;0.632,0.719,0.392,0.952,0.524,0.0315,0.868,0.676,0.786,0.305;aaaa;
0.388;0.372,0.171,0.414,0.422,0.704,0.591,0.714,0.117,0.476,0.472;aaaaaaa;
0.112;0.734,0.883,0.307,0.985,0.857,0.442,0.637,0.338,0.192,0.0635;aaaaaaaaa;
0.141;0.197,0.438,0.0892,0.351,0.345,0.421,0.661,0.621,0.817,0.662;aaaaaaa;
0.762;0.241,0.333,0.22,0.145,0.786,0.848,0.606,0.458,0.164,0.658;aaaa;
0.291;0.632,0.719,0.392,0.952,0.524,0.0315,0.868,0.676,0.786,0.305;a;
0.388;0.372,0.171,0.414,0.422,0.704,0.591,0.714,0.117,0.476,0.472;aa;
0.112;0.734,0.883,0.307,0.985,0.857,0.442,0.637,0.338,0.192,0.0635;aaa;
0.141;0.197,0.438,0.0892,0.351,0.345,0.421,0.661,0.621,0.817,0.662;aaaa;
0.762;0.241,0.333,0.22,0.145,0.786,0.848,0.606,0.458,0.164,0.658;aa;
0.291;0.632,0.719,0.392,0.952,0.524,0.0315,0.868,0.676,0.786,0.305;aaaaaaa;
0.388;0.372,0.171,0.414,0.422,0.704,0.591,0.714,0.117,0.476,0.472;aaaaa;
0.112;0.734,0.883,0.307,0.985,0.857,0.442,0.637,0.338,0.192,0.0635;aaaaaaaa;
0.141;0.197,0.438,0.0892,0.351,0.345,0.421,0.661,0.621,0.817,0.662;aaa;
0.762;0.241,0.333,0.22,0.145,0.786,0.848,0.606,0.458,0.164,0.658;a;
0.291;0.632,0.719,0.392,0.952,0.524,0.0315,0.868,0.676,0.786,0.305;aaaaaaaaa;
0.388;0.372,0.171,0.414,0.422,0.704,0.591,0.714,0.117,0.476,0.472;aaaa;
0.112;0.734,0.883,0.307,0.985,0.857,0.442,0.637,0.338,0.192,0.0635;a;
0.141;0.197,0.438,0.0892,0.351,0.345,0.421,0.661,0.621,0.817,0.662;aaaaaaaa;
0.762;0.241,0.333,0.22,0.145,0.786,0.848,0.606,0.458,0.164,0.658;aaa;
0.291;0.632,0.719,0.392,0.952,0.524,0.0315,0.868,0.676,0.786,0.305;aaaaaaaaa;
0.388;0.372,0.171,0.414,0.422,0.704,0.591,0.714,0.117,0.476,0.472;aaaa;
0.112;0.734,0.883,0.307,0.985,0.857,0.442,0.637,0.338,0.192,0.0635;a;
0.141;0.197,0.438,0.0892,0.351,0.345,0.421,0.661,0.621,0.817,0.662;aaaaaaaa;
0.762;0.241,0.333,0.22,0.145,0.786,0.848,0.606,0.458,0.164,0.658;aaaa;
0.291;0.632,0.719,0.392,0.952,0.524,0.0315,0.868,0.676,0.786,0.305;aaaaa;
0.388;0.372,0.171,0.414,0.422,0.704,0.591,0.714,0.117,0.476,0.472;aaaaaaaa;
0.112;0.734,0.883,0.307,0.985,0.857,0.442,0.637,0.338,0.192,0.0635;aaaaa;
0.141;0.197,0.438,0.0892,0.351,0.345,0.421,0.661,0.621,0.817,0.662;aaaaaaaaaa;
0.762;0.241,0.333,0.22,0.145,0.786,0.848,0.606,0.458,0.164,0.658;aaaaa;
0.291;0.632,0.719,0.392,0.952,0.524,0.0315,0.868,0.676,0.786,0.305;aaaaaaaaaa;
