ATT0(float,1);ATT1(float,10);ATT2(string,10);
0.473;0.996,0.933,0.788,0.591,0.566,0.0265,0.928,0.845,0.347,0.923;aaaaaaaaaa;
0.126;0.838,0.991,0.529,0.559,0.599,0.425,0.316,0.72,0.46,0.153;aaaaaaaaaa;
0.194;0.482,0.471,0.748,0.0548,0.624,0.102,0.11,0.757,0.872,0.506;aaaaa;
0.22;0.276,0.953,0.314,0.951,0.201,0.362,0.54,0.847,0.523,0.424;aaaa;
0.539;0.946,0.0298,0.515,0.966,0.7,0.913,0.463,0.999,0.253,0.0616;aaaaa;
0.0844;0.765,0.247,0.0604,0.903,0.832,0.745,0.551,0.259,0.586,0.337;a;
0.969;0.124,0.673,0.619,0.659,0.553,0.326,0.762,0.782,0.759,0.779;aaaaaaaaaa;
0.626;0.371,0.778,0.978,0.712,0.743,0.996,0.863,0.738,0.901,0.815;aaa;
0.393;0.291,0.177,0.154,0.367,0.992,0.836,0.763,0.416,0.089,0.995;aaaaa;
0.201;0.492,0.394,0.568,0.0564,0.803,0.122,0.684,0.94,0.938,0.328;aaaaaaaaa;
0.627;0.0831,0.42,0.783,0.541,0.514,0.712,0.61,0.147,0.697,0.44;aaaaaaaaa;
0.759;0.465,0.189,0.0652,0.238,0.638,0.446,0.363,0.159,0.138,0.733;aaaaaaa;
0.144;0.742,0.778,0.31,0.387,0.464,0.904,0.524,0.651,0.16,0.08;aaaaaaaaa;
0.0817;0.847,0.0115,0.27,0.728,0.112,0.995,0.141,0.752,0.547,0.273;aaaaaa;
0.174;0.0954,0.782,0.696,0.576,0.923,0.533,0.911,0.982,0.635,0.534;aaa;
0.182;0.706,0.284,0.564,0.0537,0.0118,0.0364,0.263,0.459,0.372,0.0683;aa;
0.173;0.242,0.455,0.562,0.389,0.86,0.127,0.784,0.953,0.211,0.601;a;
0.022;0.462,0.0897,0.874,0.0944,0.377,0.907,0.0349,0.615,0.193,0.943;a;
0.811;0.343,0.767,0.709,0.243,0.0762,0.64,0.787,0.471,0.573,0.237;aaa;
0.707;0.517,0.225,0.867,0.883,0.358,0.648,0.0542,0.347,0.26,0.232;aaaaaaaaaa;
0.884;0.779,0.299,0.103,0.239,0.626,0.0866,0.00164,0.816,0.49,0.895;aaaaaaaa;
0.323;0.177,0.114,0.803,0.118,0.4,0.584,0.718,0.0594,0.533,0.723;aaaaa;
0.92;0.315,0.788,0.0875,0.652,0.38,0.405,0.626,0.513,0.695,0.676;aaaaaaa;
0.0827;0.0285,0.0201,0.369,0.726,0.274,0.0445,0.505,0.231,0.897,0.82;a;
0.717;0.319,0.581,0.601,0.0386,0.85,0.186,0.353,0.158,0.314,0.596;aaaaa;
0.822;0.243,0.416,0.854,0.748,0.107,0.66,0.574,0.477,0.181,0.106;aaaaaaaaaa;
0.258;0.156,0.873,0.237,0.142,0.969,0.00116,0.772,0.283,0.972,0.554;aaaaaaaa;
0.303;0.284,0.493,0.448,0.169,0.525,0.997,0.273,0.301,0.184,0.603;aa;
0.287;0.976,0.507,0.888,0.483,0.798,0.765,0.899,0.863,0.961,0.465;aaaaa;
0.00951;0.0165,0.953,0.666,0.0555,0.695,0.508,0.197,0.694,0.979,0.828;a;
0.928;0.151,0.161,0.339,0.717,0.395,0.827,0.29,0.757,0.715,0.645;aaaaaaaaa;
0.877;0.894,0.101,0.632,0.0471,0.814,0.648,0.474,0.14,0.123,0.711;aaaaa;
0.913;0.754,0.601,0.812,0.11,0.126,0.472,0.656,0.659,0.833,0.391;aaa;
0.585;0.898,0.234,0.166,0.565,0.736,0.149,0.173,0.305,0.997,0.873;aaaa;
0.511;0.923,0.0391,0.675,0.223,0.863,0.000747,0.07,0.967,0.851,0.814;aaaaaaaaaa;
0.659;0.864,0.66,0.942,0.664,0.41,0.83,0.529,0.517,0.464,0.992;aaaaa;
0.191;0.755,0.24,0.624,0.253,0.0136,0.304,0.213,0.783,0.686,0.887;aaaa;
0.247;0.111,0.78,0.416,0.264,0.194,0.6,0.753,0.498,0.243,0.702;aa;
0.318;0.179,0.165,0.907,0.982,0.384,0.293,0.454,0.421,0.964,0.22;aaaaaa;
0.346;0.0254,0.872,0.504,0.49,0.0531,0.808,0.0939,0.71,0.0381,0.779;aaaaaaa;
0.0176;0.155,0.854,0.36,0.152,0.164,0.435,0.148,0.73,0.582,0.772;aaaaaaa;
0.759;0.551,0.651,0.91,0.457,0.573,0.924,0.201,0.0919,0.267,0.996;aaaa;
0.461;0.272,0.615,0.387,0.348,0.78,0.0678,0.401,0.236,0.162,0.236;aaaaaaa;
0.949;0.278,0.565,0.883,0.511,0.36,0.0559,0.258,0.597,0.81,0.613;aaaaaaaaa;
0.347;0.38,0.247,0.556,0.238,0.792,0.615,0.808,0.59,0.486,0.904;aaaaa;
0.818;0.0263,0.0687,0.981,0.557,0.408,0.806,0.604,0.169,0.587,0.291;a;
0.15;0.419,0.639,0.793,0.211,0.973,0.838,0.153,0.293,0.943,0.547;aaaaaaaa;
0.218;0.959,0.538,0.223,0.0601,0.437,0.815,0.145,0.74,0.173,0.0677;a;
0.218;0.963,0.532,0.695,0.284,0.571,0.226,0.712,0.0182,0.0115,0.381;aaaaa;
0.382;0.0438,0.971,0.604,0.84,0.308,0.794,0.219,0.0743,0.887,0.31;aa;
0.984;0.252,0.04,0.834,0.0492,0.108,0.457,0.432,0.634,0.419,0.585;aaaaaaaaa;
0.785;0.799,0.588,0.979,0.161,0.755,0.377,0.355,0.824,0.801,0.479;aaaa;
0.44;0.397,0.473,0.686,0.918,0.9,0.345,0.238,0.175,0.758,0.676;aaaaaaa;
0.353;0.802,0.476,0.879,0.768,0.999,0.637,0.709,0.622,0.225,0.611;aaaaaaaa;
0.726;0.0738,0.169,0.261,0.705,0.00678,0.698,0.214,0.444,0.941,0.998;aaaaa;
0.245;0.197,0.245,0.736,0.119,0.917,0.697,0.745,0.925,0.778,0.837;aaaaaa;
0.584;0.868,0.948,0.629,0.661,0.734,0.224,0.0672,0.0437,0.175,0.122;aaaaaa;
0.98;0.973,0.959,0.527,0.724,0.354,0.931,0.851,0.734,0.214,0.142;aaaaaaa;
0.0921;0.299,0.0615,0.133,0.118,0.592,0.321,0.0267,0.351,0.32,0.974;aaaaaaa;
0.541;0.899,0.219,0.329,0.494,0.573,0.913,0.315,0.486,0.255,0.543;aaa;
0.882;0.408,0.758,0.0267,0.277,0.438,0.321,0.566,0.968,0.217,0.0249;aaaaaaaaa;
0.837;0.499,0.634,0.215,0.772,0.5,0.567,0.395,0.876,0.535,0.612;aaaaaa;
0.475;0.119,0.499,0.113,0.0778,0.0356,0.474,0.701,0.953,0.732,0.682;aaaaaaaaa;
0.578;0.113,0.339,0.46,0.276,0.431,0.713,0.976,0.613,0.459,0.38;aa;
0.961;0.614,0.294,0.242,0.443,0.679,0.038,0.674,0.211,0.752,0.562;aaaaaa;
0.761;0.555,0.956,0.723,0.739,0.465,0.121,0.0548,0.616,0.763,0.558;aaaaaaaaaa;
0.451;0.0429,0.481,0.107,0.163,0.316,0.501,0.0414,0.623,0.0521,0.814;aaaaaaaa;
0.423;0.877,0.09,0.294,0.408,0.238,0.728,0.124,0.201,0.669,0.961;aaaaa;
0.118;0.158,0.724,0.811,0.598,0.816,0.996,0.38,0.294,0.825,0.722;aaaaaaaa;
0.712;0.449,0.0624,0.529,0.881,0.082,0.274,0.985,0.204,0.633,0.532;aaaaaa;
0.949;0.665,0.13,0.348,0.889,0.531,0.2,0.389,0.826,0.425,0.734;aa;
0.818;0.62,0.304,0.683,0.0383,0.659,0.998,0.733,0.301,0.76,0.655;aaaaa;
0.715;0.468,0.664,0.514,0.595,0.219,0.691,0.0841,0.267,0.38,0.000586;aaaa;
0.91;0.902,0.286,0.208,0.458,0.151,0.241,0.326,0.559,0.665,0.0944;aaaaaaaaaa;
0.0807;0.195,0.079,0.526,0.18,0.351,0.18,0.794,0.406,0.193,0.241;aaaa;
0.683;0.109,0.367,0.888,0.55,0.733,0.577,0.657,0.654,0.0336,0.264;aaaaaaaaa;
0.233;0.19,0.154,0.95,0.482,0.152,0.687,0.381,0.53,0.777,0.617;aaaaaaaa;
0.713;0.528,0.802,0.00278,0.777,0.162,0.533,0.449,0.813,0.567,0.74;aa;
0.939;0.651,0.812,0.993,0.438,0.523,0.627,0.284,0.694,0.664,0.97;aaaaa;
0.219;0.317,0.0411,0.917,0.68,0.986,0.0113,0.546,0.946,0.851,0.474;aaa;
0.966;0.61,0.0419,0.515,0.235,0.862,0.846,0.405,0.795,0.395,0.936;aaaaaaa;
0.43;0.472,0.755,0.154,0.319,0.0654,0.299,0.14,0.807,0.822,0.901;a;
0.722;0.18,0.208,0.402,0.712,0.239,0.958,0.792,0.972,0.18,0.207;aaaaa;
0.428;0.63,0.541,0.115,0.107,0.105,0.865,0.217,0.788,0.189,0.525;a;
0.172;0.429,0.0714,0.191,0.885,0.477,0.743,0.96,0.689,0.82,0.181;aaaaaaaaaa;
0.987;0.411,0.425,0.379,0.474,0.826,0.872,0.0148,0.647,0.889,0.92;aaaaaaaaaa;
0.933;0.494,0.234,0.821,0.925,0.826,0.35,0.797,0.981,0.917,0.229;aa;
0.624;0.594,0.9,0.593,0.22,0.368,0.887,0.0657,0.716,0.108,1;a;
0.727;0.42,0.0674,0.362,0.362,0.631,0.248,0.201,0.536,0.0187,0.94;aaaaaaaaaa;
0.653;0.806,0.887,0.895,0.802,0.632,0.0615,0.83,0.885,0.466,0.638;a;
0.567;0.901,0.405,0.646,0.206,0.312,0.15,0.0958,0.834,0.411,0.344;aaaaaa;
0.16;0.573,0.895,0.66,0.649,0.996,0.0953,0.464,0.737,0.153,0.507;a;
0.329;0.649,0.224,0.591,0.548,0.903,0.505,0.133,0.736,0.774,0.321;aa;
0.386;0.029,0.237,0.275,1,0.797,0.329,0.102,0.935,0.244,0.78;aaaaaaa;
0.617;0.369,0.45,0.123,0.444,0.0807,0.0222,0.252,0.096,0.599,0.918;aaaa;
0.217;0.0904,0.568,0.563,0.222,0.0817,0.268,0.628,0.751,0.432,0.339;aaaaaa;
0.745;0.111,0.0953,0.448,0.779,0.65,0.161,0.0908,0.812,0.127,0.325;aa;
0.994;0.37,0.164,0.775,0.7,0.541,0.312,0.979,0.859,0.334,0.0825;aaa;
0.0688;0.449,0.593,0.647,0.677,0.685,0.067,0.884,0.571,0.9,0.984;aaaa;
0.569;0.0639,0.838,0.471,0.104,0.593,0.243,0.113,0.498,0.826,0.395;aaaaaaaaa;
0.107;0.73,0.415,0.112,0.944,0.884,0.377,0.455,0.471,0.0969,0.831;aaaa;
0.0366;0.694,0.442,0.368,0.446,0.47,0.899,0.108,0.53,0.258,0.795;aaaaaa;
0.274;0.779,0.927,0.144,0.839,0.758,0.328,0.0771,0.788,0.628,0.743;aaaaaaaa;
0.09;0.742,0.518,0.102,0.715,0.395,0.388,0.185,0.0896,0.79,0.175;aa;
0.913;0.301,0.689,0.609,0.533,0.162,0.269,0.377,0.283,0.266,0.936;aaaaaaaaa;
0.304;0.814,0.347,0.286,0.294,0.843,0.695,0.53,0.794,0.942,0.697;aaaaaaaaa;
0.572;0.366,0.00547,0.848,0.835,0.0454,0.41,0.0607,0.692,0.826,0.0297;a;
0.514;0.3,0.0047,0.0955,0.912,0.248,0.403,0.536,0.341,0.781,0.583;a;
0.665;0.25,0.321,0.989,0.465,0.145,0.223,0.821,0.892,0.312,0.248;aaaaa;
0.123;0.227,0.692,0.924,0.052,0.861,0.561,0.784,0.436,0.673,0.46;aaaaaaaaa;
0.181;0.213,0.672,0.936,0.553,0.452,0.778,0.284,0.103,0.895,0.807;a;
0.322;0.858,0.201,0.992,0.263,0.572,0.398,0.965,0.819,0.37,0.437;aaaaaa;
0.0604;0.85,0.74,0.548,0.404,0.146,0.715,0.694,0.152,0.657,0.362;aaaaa;
0.549;0.998,0.689,0.604,0.464,0.594,0.0183,0.594,0.638,0.228,0.29;a;
0.831;0.0988,0.996,0.846,0.0617,0.281,0.741,0.835,0.439,0.308,0.626;aaaaa;
0.28;0.0883,0.104,0.046,0.0646,0.224,0.893,0.983,0.625,0.209,0.278;aaaaaa;
0.796;0.739,0.819,0.603,0.214,0.401,0.892,0.609,0.5,0.269,0.365;aaa;
0.329;0.0572,0.363,0.982,0.271,0.0209,0.484,0.321,0.675,0.867,0.458;aaaa;
0.467;0.549,0.84,0.674,0.0261,0.264,0.894,0.758,0.716,0.0184,0.0857;aaaa;
0.395;0.0487,0.879,0.684,0.387,0.168,0.0932,0.217,0.407,0.334,0.945;a;
0.259;0.814,0.263,0.995,0.449,0.314,0.667,0.259,0.673,0.355,0.0551;aaaaaaaaaa;
0.993;0.924,0.0681,0.0182,0.264,0.721,0.684,0.161,0.922,0.0217,0.762;a;
0.732;0.0572,0.689,0.281,0.718,0.266,0.645,0.956,0.0501,0.603,0.24;aaaaaaa;
0.776;0.575,0.183,0.865,0.391,0.385,0.14,0.129,0.634,0.0561,0.527;aaaaa;
0.0192;0.825,0.479,0.964,0.52,0.695,0.0817,0.496,0.654,0.66,0.86;aa;
0.66;0.0924,0.982,0.664,0.622,0.888,0.505,0.219,0.44,0.457,0.679;a;
0.854;0.935,0.311,0.519,0.345,0.895,0.701,0.786,0.185,0.54,0.888;aaaaaa;
0.315;0.237,0.778,0.797,0.0149,0.877,0.268,0.918,0.673,0.438,0.354;aaaaaaaaaa;
0.775;0.594,0.722,0.0748,0.159,0.624,0.161,0.868,0.92,0.225,0.511;aaaaaaaaaa;
0.994;0.246,0.317,0.871,0.824,0.374,0.4,0.47,0.166,0.142,0.142;aaaaaaaaaa;
0.658;0.302,0.95,0.77,0.436,0.164,0.954,0.297,0.257,0.93,0.829;a;
0.0752;0.708,0.872,0.5,0.583,0.707,0.814,0.709,0.418,0.341,0.995;aa;
0.794;0.262,0.546,0.703,0.811,0.856,0.992,0.26,0.855,0.00245,0.888;aaaaaaaaaa;
0.297;0.635,0.963,0.227,0.565,0.645,0.219,0.35,0.0234,0.202,0.747;aaaaaaaa;
0.181;0.664,0.449,0.548,0.456,0.0953,0.00126,0.813,0.985,0.955,0.0523;aaaaa;
0.472;0.883,0.12,0.74,0.501,0.434,0.338,0.529,0.333,0.427,0.351;aa;
0.858;0.199,0.843,0.754,0.459,0.872,0.72,0.575,0.171,0.929,0.431;aa;
0.049;0.781,0.626,0.847,0.174,0.748,0.288,0.401,0.146,0.229,0.218;aaaaaaa;
0.889;0.49,0.134,0.751,0.929,0.49,0.769,0.345,0.316,0.454,0.726;aaaaa;
0.835;0.964,0.637,0.173,0.64,0.671,0.901,0.491,0.396,0.167,0.74;a;
0.419;0.605,0.708,0.0401,0.173,0.791,0.337,0.236,0.954,0.627,0.809;aaaaa;
0.334;0.676,0.803,0.516,0.14,0.985,0.756,0.837,1,0.023,0.333;a;
0.181;0.84,0.728,0.494,0.12,0.821,0.572,0.73,0.964,0.616,0.553;aaa;
0.108;0.989,0.909,0.87,0.724,0.684,0.82,0.421,0.414,0.242,0.438;a;
0.942;0.36,0.637,0.974,0.179,0.944,0.709,0.34,0.703,0.0277,0.529;aaaaaaaa;
0.302;0.17,0.0137,0.317,0.992,0.387,0.24,0.471,0.681,0.0698,0.349;aaaaaaaaa;
0.335;0.422,0.557,0.767,0.613,0.675,0.398,0.132,0.491,0.0434,0.7;a;
0.91;0.501,0.538,0.0372,0.735,0.996,0.566,0.28,0.627,0.95,0.292;aaaaaaaa;
0.913;0.337,0.583,0.861,0.46,0.514,0.601,0.0442,0.268,0.22,0.0362;aaaaa;
0.295;0.583,0.482,0.0788,0.646,0.76,0.401,0.988,0.482,0.207,0.277;aaaaaaaaaa;
0.682;0.916,0.162,0.361,0.93,0.575,0.748,0.76,0.85,0.0969,0.719;aaaa;
0.818;0.124,0.987,0.206,0.104,0.484,0.152,0.473,0.796,0.287,0.755;aaaaaaaaaa;
0.449;0.304,0.896,0.889,0.00671,0.0444,0.864,0.442,0.598,0.0109,0.202;aaaaaa;
0.987;0.614,0.354,0.919,0.41,0.575,0.073,0.222,0.859,0.66,0.173;aaaaaa;
0.718;0.0126,0.892,0.996,0.207,0.469,0.562,0.447,0.562,0.252,0.959;a;
0.312;0.913,0.276,0.826,0.483,0.928,0.868,0.966,0.459,0.297,0.149;aaaaaaa;
0.621;0.951,0.615,0.504,0.766,0.762,0.912,0.308,0.172,0.685,0.328;aaaa;
0.421;0.708,0.299,0.425,0.685,0.414,0.581,0.574,0.216,0.822,0.523;aaaaaaaaa;
0.0605;0.512,0.502,0.6,0.384,0.94,0.411,0.877,0.914,0.435,0.195;a;
0.583;0.0318,0.438,0.185,0.159,0.928,0.948,0.533,0.654,0.76,0.926;aaaaaaa;
0.98;0.526,0.491,0.914,0.843,0.74,0.515,0.73,0.282,0.694,0.584;aaaaaaaaaa;
0.0671;0.992,0.274,0.408,0.688,0.162,0.991,0.54,0.368,0.739,0.258;aaaaaa;
0.5;0.247,0.254,0.0854,0.782,0.407,0.833,0.626,0.169,0.761,0.251;aaaaaaaa;
0.42;0.432,0.216,0.37,0.0769,0.967,0.678,0.188,0.353,0.12,0.559;a;
0.687;0.0242,0.102,0.766,0.17,0.117,0.013,0.842,0.514,0.128,0.301;a;
0.335;0.595,0.781,0.739,0.581,0.526,0.147,0.259,0.356,0.764,0.132;aaaaaaaa;
0.0948;0.499,0.925,0.909,0.915,0.352,0.0321,0.233,0.623,0.165,0.788;a;
0.411;0.0352,0.603,0.781,0.758,0.906,0.635,0.669,0.231,0.956,0.479;aaaaaaaaa;
0.895;0.0177,0.542,0.353,0.519,0.652,0.148,0.722,0.00878,0.837,0.29;aaa;
0.632;0.869,0.562,0.465,0.871,0.336,0.435,0.206,0.458,0.406,0.581;a;
0.531;0.732,0.134,0.507,0.214,0.725,0.135,0.388,0.0477,0.938,0.672;aa;
0.829;0.545,0.287,0.45,0.635,0.673,0.356,0.731,0.982,0.553,0.455;aaaaa;
0.27;0.51,0.689,0.169,0.631,0.443,0.341,0.652,0.405,0.251,0.0961;aaaaaaaaaa;
0.804;0.468,0.346,0.903,0.357,0.269,0.75,0.0863,0.537,0.702,0.549;aaaa;
0.371;0.803,0.797,0.586,0.943,0.205,0.468,0.0286,0.602,0.0582,0.977;aaaa;
0.196;0.439,0.472,0.972,0.82,0.671,0.391,0.0473,0.278,0.449,0.883;aaa;
0.608;0.108,0.524,0.804,0.97,0.905,0.808,0.326,0.867,0.194,0.737;a;
0.992;0.345,0.214,0.271,0.486,0.654,0.468,0.867,0.746,0.443,0.531;aaaa;
0.675;0.713,0.318,0.132,0.655,0.405,0.139,0.0785,0.413,0.546,0.776;aaaaaaaaaa;
0.0804;0.792,0.754,0.978,0.71,0.101,0.241,0.559,0.194,0.044,0.463;aa;
0.956;0.858,0.327,0.654,0.356,0.315,0.00434,0.655,0.71,0.461,0.175;aaa;
0.165;0.0556,0.741,0.493,0.407,0.586,0.258,0.349,0.611,0.378,0.161;aaaaaaaaa;
0.159;0.989,0.581,0.0797,0.737,0.693,0.172,0.375,0.449,0.215,0.389;aaaaa;
0.656;0.522,0.165,0.912,0.265,0.417,0.452,0.78,0.963,0.661,0.598;aaaaaa;
0.351;0.727,0.102,0.566,0.508,0.29,0.8,0.251,0.486,0.562,0.286;aaaaa;
0.99;0.934,0.103,0.146,0.326,0.752,0.897,0.807,0.53,0.573,0.714;aaaaaaaaa;
0.672;0.833,0.0421,0.708,0.297,0.19,0.617,0.824,0.854,0.878,0.169;aa;
0.913;0.616,0.518,0.131,0.265,0.765,0.621,0.134,0.798,0.605,0.0351;aa;
0.227;0.919,0.439,0.403,0.185,0.621,0.697,0.217,0.0346,0.532,0.221;aaaaaaa;
0.46;0.992,0.5,0.79,0.289,0.241,0.215,0.476,0.598,0.591,0.394;a;
0.275;0.688,0.931,0.0713,0.167,0.885,0.202,0.911,0.567,0.0685,0.14;aaaaaa;
0.906;0.842,0.764,0.372,0.85,0.602,0.167,0.762,0.689,0.393,0.953;aaaaaaaa;
0.132;0.585,0.216,0.505,0.318,0.347,0.112,0.486,0.426,0.999,0.606;aaaaaaa;
0.884;0.694,0.517,0.639,0.855,0.793,0.67,0.255,0.207,0.103,0.402;aaa;
0.763;0.467,0.849,0.0242,0.222,0.381,0.683,0.677,0.712,0.894,0.582;aaaaaaaaa;
0.952;0.758,0.969,0.675,0.597,0.903,0.854,0.785,0.51,0.676,0.854;aaaaaaaa;
0.17;0.0153,0.101,0.08,0.128,0.407,0.649,0.309,0.155,0.0157,0.621;aa;
0.53;0.129,0.999,0.535,0.775,0.912,0.886,0.652,0.842,0.434,0.21;aaaaaaa;
0.653;0.325,0.835,0.808,0.962,0.661,0.14,0.723,0.795,0.388,0.219;aa;
0.746;0.595,0.322,0.292,0.561,0.142,0.77,0.301,0.337,0.359,0.466;aaaaaaaaaa;
0.31;0.0715,0.84,0.305,0.724,0.273,0.499,0.0471,0.461,0.445,0.984;aaaaaa;
0.94;0.189,0.432,0.0487,0.802,0.107,0.394,0.581,0.0686,0.924,0.456;aaaa;
0.475;0.3,0.266,0.652,0.702,0.497,0.938,0.271,0.843,0.483,0.937;aaa;
0.719;0.435,0.417,0.345,0.949,0.57,0.435,0.351,0.164,0.785,0.307;aaaaaaaa;
0.344;0.691,0.0443,0.0268,0.166,0.71,0.869,0.557,0.246,0.0872,0.13;aaa;
0.621;0.765,0.325,0.509,0.896,0.84,0.299,0.0821,0.323,0.36,0.426;aaaaaaa;
0.526;0.617,0.696,0.193,0.894,0.442,0.919,0.61,0.544,0.147,0.914;aaaaaa;
0.51;0.75,0.528,0.308,0.409,0.318,0.803,0.517,0.222,0.905,0.0818;a;
0.321;0.177,0.306,0.771,0.934,0.102,0.227,0.0188,0.689,0.277,0.927;aa;
0.61;0.285,0.62,0.671,0.846,0.521,0.994,0.55,0.555,0.398,0.119;aaaaaaaa;
0.087;0.674,0.524,0.737,0.33,0.384,0.293,0.987,0.896,0.822,0.191;aaaaaaaaaa;
0.98;0.714,0.846,0.621,0.24,0.224,0.395,0.9,0.647,0.0753,0.742;aaaaa;
0.907;0.862,0.536,0.138,0.543,0.423,0.626,0.86,0.758,0.688,0.216;aa;
0.846;0.642,0.813,0.666,0.934,0.277,0.487,0.217,0.328,0.026,0.27;aaaaaaaa;
0.769;0.409,0.989,0.587,0.233,0.711,0.776,0.808,0.753,0.978,0.0835;aaaaaa;
0.225;0.566,0.914,0.714,0.68,0.247,0.681,0.592,0.0508,0.519,0.524;aaaaaaaaa;
0.365;0.578,0.157,0.616,0.522,0.425,0.197,0.483,0.863,0.769,0.76;aaaaaaaaa;
0.754;0.0521,0.856,0.946,0.68,0.472,0.433,0.857,0.476,0.997,0.231;aaa;
0.0828;0.632,0.745,0.939,0.32,0.86,0.246,0.83,0.439,0.561,0.423;a;
0.314;0.251,0.649,0.67,0.97,0.225,0.484,0.00121,0.627,0.365,0.696;aaaaaaaaa;
0.668;0.55,0.467,0.382,0.592,0.0929,0.0799,0.314,0.772,0.526,0.78;aaaaaaaaa;
0.28;0.987,0.263,0.889,0.496,0.621,0.666,0.794,0.883,0.762,0.798;aaaaaaaa;
0.159;0.216,0.86,0.0434,0.178,0.745,0.964,0.694,0.903,0.0219,0.322;aaaaaa;
0.324;0.212,0.436,0.332,0.515,0.395,0.891,0.441,0.937,0.709,0.358;aaaa;
0.933;0.0922,0.206,0.776,0.0554,0.4,0.939,0.22,0.00334,0.241,0.726;a;
0.656;0.37,0.592,0.93,0.543,0.109,0.375,0.839,0.00748,0.868,0.217;aaaaaa;
0.169;0.372,0.195,0.397,0.425,0.627,0.464,0.751,0.731,0.373,0.909;aaaaaaa;
0.133;0.802,0.258,0.954,0.237,0.346,0.0831,0.198,0.51,0.487,0.636;aaaaa;
0.707;0.626,0.134,0.439,0.0795,0.984,0.978,0.455,0.493,0.311,0.994;aaaa;
0.169;0.127,0.504,0.825,0.168,0.399,0.83,0.237,0.327,0.0376,0.297;aaaaaaaa;
0.327;0.216,0.835,0.994,0.686,0.166,0.452,0.369,0.327,0.00655,0.0276;a;
0.37;0.695,0.791,0.499,0.834,0.0502,0.208,0.549,0.51,0.0811,0.802;aaaaaaaa;
0.0836;0.611,0.756,0.0658,0.743,0.544,0.64,0.0363,0.567,0.137,0.141;aaaa;
0.284;0.847,0.326,0.235,0.553,0.698,0.682,0.264,0.325,0.0354,0.591;aaaaaaaaa;
0.705;0.0383,0.635,0.793,0.429,0.434,0.595,0.658,0.326,0.0612,0.637;aa;
0.387;0.64,0.816,0.656,0.586,0.808,0.0315,0.979,0.376,0.495,0.788;aaaaaa;
0.619;0.742,0.0952,0.269,0.961,0.852,0.735,0.249,0.416,0.519,0.0783;aaa;
0.647;0.662,0.486,0.758,0.105,0.459,0.362,0.138,0.756,0.683,0.388;aaaaaaaaa;
0.626;0.343,0.11,0.00471,0.921,0.827,0.158,0.402,0.417,0.198,0.968;aaa;
0.252;0.432,0.581,0.365,0.946,0.109,0.153,0.932,0.035,0.47,0.172;aaaaaaaa;
0.52;0.108,0.484,0.989,0.511,0.519,0.242,0.0466,0.827,0.546,0.524;aaaaaaaaaa;
0.764;0.806,0.971,0.233,0.217,0.949,0.343,0.753,0.608,0.839,0.451;aaaa;
0.216;0.82,0.77,0.278,0.272,0.121,0.929,0.0894,0.544,0.985,0.798;aaaaaaaaaa;
0.129;0.463,0.225,0.312,0.641,0.883,0.279,0.722,0.165,0.252,0.787;aaa;
0.276;0.638,0.954,0.654,0.53,0.472,0.825,0.106,0.356,0.657,0.227;aa;
0.0431;0.625,0.286,0.222,0.553,0.11,0.827,0.224,0.326,0.751,0.376;aaaaaa;
0.317;0.39,0.944,0.39,0.484,0.618,0.848,0.595,0.231,0.395,0.363;aaaaaaaaa;
0.653;0.35,0.318,0.066,0.934,0.57,0.799,0.657,0.887,0.183,0.716;aaaaaaa;
0.973;0.852,0.603,0.732,0.862,0.369,0.967,0.554,0.796,0.953,0.148;aaaaaaaaaa;
0.249;0.241,0.247,0.766,0.883,0.323,0.0732,0.831,0.735,0.723,0.653;aaaa;
0.0283;0.532,0.131,0.2,0.752,0.248,0.0215,0.617,0.194,0.172,0.932;aaaaaaaaa;
0.403;0.888,0.0412,0.229,0.366,0.729,0.249,0.866,0.00343,0.929,0.584;aaa;
0.274;0.386,0.384,0.732,0.907,0.544,0.927,0.917,0.368,0.412,0.46;aaaaaaaaa;
0.396;0.951,0.0585,0.0531,0.248,0.359,0.522,0.668,0.775,0.417,0.744;aa;
0.98;0.689,0.348,0.993,0.738,0.659,0.618,0.0462,0.173,0.674,0.619;aaaaaaaaa;
0.211;0.0999,0.0692,0.697,0.165,0.529,0.964,0.423,0.702,0.706,0.396;a;
0.409;0.434,0.248,0.812,0.0857,0.502,0.803,0.041,0.616,0.607,0.433;aaaaaaa;
0.988;0.247,0.381,0.641,0.24,0.312,0.297,0.528,0.775,0.274,0.0564;a;
0.89;0.163,0.933,0.669,0.907,0.486,0.554,0.157,0.911,0.255,0.657;aa;
0.738;0.154,0.371,0.608,0.379,0.0258,0.17,0.258,0.000231,0.0326,0.725;aa;
0.184;0.00937,0.914,0.762,0.968,0.927,0.923,0.147,0.8,0.134,0.137;aaaaaa;
0.467;0.607,0.155,0.529,0.873,0.269,0.797,0.816,0.255,0.255,0.559;aaaaa;
0.947;0.358,0.988,0.0433,0.778,0.0407,0.816,0.913,0.13,0.692,0.983;a;
0.305;0.173,0.577,0.938,0.305,0.208,0.502,0.638,0.984,0.288,0.117;aa;
0.867;0.453,0.455,0.451,0.841,0.381,0.927,0.755,0.968,0.637,0.991;aaaaaa;
0.144;0.111,0.625,0.673,0.434,0.211,0.82,0.611,0.238,0.562,0.331;aaa;
0.54;0.642,0.933,0.96,0.421,0.692,0.485,0.683,0.633,0.835,0.791;a;
0.556;0.732,0.944,0.108,0.0773,0.04,0.838,0.455,0.538,0.716,0.407;a;
0.696;0.139,0.00582,0.305,0.586,0.766,0.146,0.878,0.834,0.0943,0.116;aaaaaa;
0.608;0.45,0.328,0.0565,0.213,0.835,0.197,0.97,0.994,0.0183,0.519;a;
0.644;0.321,0.218,0.76,0.89,0.892,0.158,0.487,0.208,0.798,0.325;aaaaaaaaaa;
0.727;0.404,0.245,0.419,0.295,0.6,0.579,0.724,0.938,0.349,0.297;aaaaaaaa;
0.743;0.0369,0.536,0.134,0.49,0.636,0.0682,0.862,0.802,0.938,0.675;aaaaaaaa;
0.635;0.939,0.0924,0.628,0.391,0.298,0.153,0.34,0.276,0.173,0.782;aa;
0.00536;0.155,0.0635,0.298,0.109,0.589,0.418,0.818,0.522,0.962,0.39;aaaaa;
0.044;0.322,0.179,0.631,0.489,0.511,0.0498,0.763,0.734,0.111,0.206;aaaaaa;
0.96;0.946,0.488,0.645,0.904,0.551,0.969,0.511,0.48,0.493,0.167;aaaaaaa;
0.907;0.394,0.74,0.347,0.215,0.989,0.92,0.492,0.678,0.333,0.621;aaaaaaaaaa;
0.996;0.451,0.295,0.311,0.0746,0.491,0.162,0.552,0.484,0.228,0.115;aaaa;
0.422;0.146,0.52,0.407,0.559,0.257,0.0763,0.406,0.0102,0.461,0.0864;aaaaa;
0.264;0.523,0.249,0.659,0.559,0.622,0.24,0.815,0.278,0.125,0.709;a;
0.156;0.193,0.694,0.764,0.435,0.609,0.626,0.244,0.317,0.375,0.406;aaaaaaaaa;
0.699;0.64,0.385,0.504,0.13,0.983,0.471,0.898,0.301,0.521,0.479;aaaaaaaaaa;
0.692;0.583,0.213,0.758,0.517,0.143,0.333,0.499,0.0685,0.997,0.184;aa;
0.799;0.287,0.867,0.601,0.55,0.423,0.12,0.363,0.47,0.682,0.62;aaaaaaaaaa;
0.439;0.108,0.667,0.267,0.13,0.87,0.517,0.337,0.782,0.392,0.582;aaaa;
0.965;0.179,0.00669,0.957,0.192,0.575,0.641,0.653,0.235,0.76,0.139;aa;
0.634;0.0396,0.389,0.893,0.401,0.357,0.388,0.989,0.0049,0.519,0.847;aaaaaa;
0.827;0.931,0.134,0.512,0.853,0.737,0.46,0.0934,0.0351,0.412,0.202;aa;
0.802;0.475,0.468,0.183,0.446,0.062,0.879,0.0911,0.585,0.342,0.236;aaa;
0.218;0.161,0.356,0.509,0.522,0.571,0.888,0.944,0.105,0.578,0.898;aaaaaaaaa;
0.766;0.25,0.295,0.4,0.181,0.647,0.274,0.255,0.892,0.479,0.344;aaaaaa;
0.383;0.565,0.0713,0.76,0.000793,0.197,0.46,0.348,0.898,0.987,0.715;aaaaaa;
0.243;0.667,0.321,0.21,0.545,0.341,0.793,0.162,0.173,0.706,0.899;aaaaaaaaa;
0.896;0.668,0.824,0.843,0.118,0.646,0.65,0.536,0.79,0.497,0.264;aaaaaaa;
0.343;0.546,0.434,0.0953,0.491,0.0357,0.113,0.512,0.0829,0.986,0.132;aaaaaa;
0.362;0.486,0.429,0.615,0.38,0.301,0.454,0.0691,0.303,0.285,0.0442;aaaaaaaa;
0.857;0.77,0.137,0.755,0.979,0.091,0.708,0.00643,0.00414,0.239,0.868;aaaaaaaaa;
0.458;0.28,0.801,0.753,0.987,0.599,0.522,0.456,0.339,0.728,0.484;aaaaaaaaaa;
0.858;0.938,0.27,0.896,0.824,0.274,0.458,0.503,0.566,0.776,0.615;aaaaaaa;
0.236;0.773,0.171,0.509,0.0537,0.338,0.158,0.0288,0.966,0.442,0.622;aaaaa;
0.432;0.524,0.496,0.00675,0.201,0.124,0.378,0.395,0.465,0.19,0.887;a;
0.55;0.554,0.0402,0.0487,0.943,0.069,0.854,0.976,0.187,0.95,0.745;aaaaaa;
0.202;0.297,0.695,0.473,0.239,0.969,0.58,0.15,0.931,0.609,0.74;aa;
0.62;0.855,0.748,0.197,0.314,0.245,0.396,0.251,0.895,0.3,0.543;aaaa;
0.443;0.505,0.223,0.369,0.207,0.068,0.239,0.889,0.723,0.197,0.388;aaaaaaaaa;
0.614;0.605,0.497,0.00669,0.394,0.205,0.912,0.268,0.353,0.0551,0.673;aa;
0.895;0.211,0.196,0.97,0.541,0.292,0.369,0.51,0.206,0.901,0.851;aaa;
0.701;0.73,0.139,0.813,0.131,0.157,0.549,0.886,0.822,0.172,0.474;aaaaaaa;
0.986;0.822,0.876,0.907,0.724,0.908,0.668,0.213,0.699,0.856,0.000326;a;
0.208;0.797,0.771,0.788,0.669,0.542,0.144,0.158,0.703,0.6,0.843;aaaaa;
0.988;0.232,0.000938,0.0892,0.113,0.376,0.12,0.857,0.875,0.089,0.283;aaaaaaa;
0.0908;0.312,0.534,0.917,0.808,0.434,0.232,0.318,0.542,0.194,0.808;aaaaaaaaaa;
0.735;0.911,0.448,0.548,0.768,0.188,0.274,0.589,0.152,0.798,0.378;aaaaaa;
0.146;0.884,0.248,0.466,0.482,0.7,0.163,0.551,0.422,0.309,0.5;aaaaaaaaaa;
0.134;0.246,0.839,0.5,0.556,0.979,0.653,0.743,0.0786,0.426,0.136;aa;
0.483;0.773,0.0973,0.744,0.677,0.226,0.851,0.588,0.483,0.011,0.549;aaaaaaaaa;
0.701;0.84,0.915,0.472,0.933,0.288,0.581,0.332,0.603,0.00887,0.441;aa;
0.411;0.165,0.334,0.899,0.408,0.94,0.437,0.378,0.386,0.0697,0.897;aaa;
0.536;0.598,0.693,0.681,0.681,0.623,0.856,0.811,0.232,0.256,0.451;aaaaaaaaaa;
0.123;0.0591,0.479,0.106,0.627,0.322,0.3,0.35,0.156,0.877,0.182;aaaaaaa;
0.215;0.635,0.839,0.962,0.414,0.839,0.471,0.0409,0.284,0.835,0.722;a;
0.538;0.894,0.579,0.799,0.952,0.987,0.576,0.896,0.793,0.342,0.946;aaaaaaaaaa;
0.535;0.375,0.469,0.867,0.725,0.499,0.385,0.423,0.921,0.687,0.00323;aaaaaaaa;
0.685;0.805,0.235,0.942,0.126,0.957,0.514,0.161,0.235,0.798,0.906;aaaaaaaaaa;
0.221;0.226,0.746,0.927,0.105,0.558,0.106,0.679,0.198,0.26,0.476;aaaaaaaaaa;
0.847;0.966,0.0144,0.829,0.12,0.959,0.493,0.586,0.361,0.943,0.366;aaaaa;
1;0.288,0.151,0.758,0.0204,0.486,0.512,0.424,0.47,0.198,0.801;aaaaaaaaaa;
0.911;0.507,0.218,0.399,0.816,0.807,0.671,0.665,0.0528,0.727,0.302;aaaaaaaaaa;
0.292;0.68,0.243,0.664,0.328,0.0405,0.748,0.553,0.00635,0.594,0.747;a;
0.38;0.944,0.0289,0.838,0.5,0.268,0.494,0.94,0.631,0.556,0.00728;aaaaa;
0.889;0.549,0.901,0.561,0.653,0.9,0.737,0.753,0.238,0.928,0.598;aa;
0.554;0.618,0.423,0.283,0.191,0.92,0.357,0.385,0.0967,0.898,0.546;aaaaaaaaa;
0.328;0.121,0.939,0.817,0.904,0.734,0.711,0.597,0.173,0.324,0.845;aa;
0.409;0.242,0.856,0.579,0.491,0.0798,0.91,0.421,0.696,0.311,0.771;aaaaaa;
0.905;0.0289,0.0258,0.663,0.231,0.926,0.406,0.366,0.647,0.0579,0.42;aa;
0.765;0.518,0.87,0.148,0.549,0.58,0.291,0.642,0.858,0.957,0.312;aaaaa;
0.533;0.313,0.0714,0.407,0.356,0.303,0.882,0.771,0.0378,0.602,0.242;aaaaa;
0.32;0.9,0.161,0.513,0.0525,0.426,0.984,0.567,0.691,0.259,0.511;a;
0.184;0.639,0.413,0.692,0.687,0.852,0.896,0.606,0.832,0.68,0.931;aaaaaaaaaa;
0.835;0.216,0.745,0.998,0.556,0.156,0.428,0.301,0.0828,0.586,0.342;aaaaaa;
0.907;0.881,0.914,0.882,0.798,0.255,0.993,0.403,0.627,0.678,0.698;aaa;
0.918;0.478,0.996,0.551,0.711,0.791,0.6,0.268,0.51,0.842,0.166;aa;
0.619;0.0478,0.127,0.167,0.791,0.386,0.0979,0.123,0.723,0.652,0.857;aaa;
0.928;0.191,0.781,0.0381,0.484,0.323,0.052,0.491,0.727,0.06,0.604;aaaaaaa;
0.0298;0.741,0.894,0.417,0.47,0.44,0.763,0.314,0.448,0.561,0.445;a;
0.504;0.699,0.674,0.0295,0.522,0.816,0.883,0.483,0.15,0.557,0.133;aaaaa;
0.34;0.419,0.912,0.39,0.588,0.886,0.228,0.731,0.99,0.546,0.457;aa;
0.636;0.747,0.282,0.334,0.892,0.0519,0.0488,0.48,0.88,0.858,0.847;aaaaa;
0.988;0.623,0.368,0.278,0.567,0.53,0.28,0.285,0.257,0.00777,0.401;aaaaaaa;
0.745;0.959,0.833,0.356,0.65,0.46,0.267,0.737,0.571,0.584,0.715;aaaa;
0.105;0.669,0.464,0.602,0.489,0.663,0.167,0.531,0.792,0.18,0.829;aaaaaaaa;
0.373;0.623,0.785,0.301,0.369,0.129,0.195,0.99,0.326,0.707,0.874;aaa;
0.433;0.807,0.157,0.287,0.842,0.983,0.449,0.669,0.491,0.898,0.729;aaaa;
0.534;0.787,0.302,0.0556,0.0514,0.884,0.0132,0.717,0.104,0.577,0.777;a;
0.596;0.0389,0.913,0.488,0.598,0.846,0.998,0.556,0.197,0.741,0.553;aaaaaaaaaa;
0.0728;0.0191,0.0934,0.179,0.627,0.0649,0.085,0.36,0.743,0.949,0.916;aaaaaa;
0.24;0.365,0.2,0.143,0.0605,0.838,0.639,0.39,0.569,0.409,0.808;aaaaaaaaaa;
0.164;0.768,0.0612,0.645,0.0347,0.258,0.0739,0.832,0.756,0.516,0.664;aaaaaaaaaa;
0.17;0.963,0.0709,0.924,0.651,0.626,0.799,0.325,0.585,0.975,0.323;aaaaaaaaaa;
0.808;0.686,0.101,0.868,0.202,0.451,0.804,0.496,0.798,0.564,0.148;aaaaaa;
0.613;0.444,0.674,0.778,0.0173,0.664,0.822,0.715,0.353,0.623,0.0494;aaaaaaaaa;
0.197;0.938,0.979,0.509,0.383,0.514,0.809,0.298,0.754,0.767,0.608;aaaa;
0.47;0.501,0.244,0.229,0.247,0.212,0.813,0.741,0.619,0.499,0.489;aaaaaaaaaa;
0.284;0.0668,0.183,0.543,0.206,0.734,0.162,0.516,0.421,0.892,0.114;aaaaaaaaa;
0.335;0.713,0.0219,0.256,0.882,0.723,0.571,0.901,0.187,0.0592,0.866;aaaaaaaa;
0.886;0.892,0.962,0.739,0.564,0.761,0.129,0.357,0.4,0.363,0.362;aaaaaaaa;
0.389;0.134,0.158,0.536,0.413,0.294,0.49,0.732,0.453,0.241,0.881;aaaaa;
0.794;0.0057,0.0746,0.0303,0.426,0.326,0.591,0.629,0.291,0.988,0.6;aaaaa;
0.394;0.135,0.563,0.897,0.0639,0.462,0.929,0.461,0.912,0.184,0.117;aaa;
0.492;0.735,0.927,0.597,0.0935,0.436,0.652,0.323,0.495,0.386,0.549;aa;
0.969;0.788,0.446,0.409,0.187,0.494,0.785,0.305,0.524,0.257,0.758;aaaaaaaaa;
0.449;0.539,0.0129,0.624,0.46,0.48,0.733,0.914,0.0974,0.983,0.475;aaaaa;
0.656;0.922,0.598,0.457,0.942,0.908,0.224,0.347,0.0973,0.664,0.233;a;
0.0774;0.456,0.0946,0.987,0.559,0.237,0.501,0.319,0.0217,0.405,0.466;aaaaaaaaaa;
0.658;0.0212,0.753,0.561,0.632,0.266,0.625,0.0793,0.781,0.271,0.347;aaaaaaaa;
0.861;0.51,0.794,0.295,0.722,0.156,0.177,0.671,0.89,0.883,0.142;aaaaaa;
0.0869;0.357,0.838,0.0297,0.552,0.971,0.271,0.937,0.715,0.148,0.104;aaaaaaa;
0.0416;0.143,0.127,0.732,0.676,0.0578,0.728,0.273,0.575,0.653,0.846;aaaaaaaaa;
0.0122;0.742,0.82,0.365,0.203,0.0321,0.0809,0.411,0.476,0.873,0.574;aaaaaaaaa;
0.288;0.467,0.984,0.863,0.477,0.903,0.121,0.846,0.761,0.757,0.198;aaaaaaa;
0.0105;0.536,0.465,0.719,0.622,0.341,0.6,0.796,0.551,0.206,0.966;aaaaaa;
0.0746;0.631,0.0478,0.752,0.733,0.169,0.488,0.0759,0.336,0.0689,0.129;aaaaaaa;
0.653;0.763,0.799,0.581,0.479,0.679,0.135,0.635,0.856,0.489,0.451;aaa;
0.772;0.328,0.849,0.439,0.355,0.762,0.0274,0.575,0.0997,0.402,0.165;aaaaaaaa;
0.162;0.968,0.616,0.585,0.211,0.297,0.749,0.89,0.971,0.117,0.175;aaaaaaaa;
0.269;0.726,0.238,0.886,0.844,0.503,0.859,0.947,0.781,0.628,0.128;aa;
0.7;0.293,0.267,0.577,0.88,0.0282,0.248,0.846,0.267,0.719,0.0213;aaaaaaaaa;
0.0205;0.572,0.242,0.536,0.351,0.799,0.192,0.316,0.462,0.0199,0.384;aaaaaaa;
0.198;0.676,0.308,0.309,0.469,0.574,0.404,0.453,0.0466,0.995,0.696;aaaaaaa;
0.604;0.857,0.683,0.471,0.585,0.281,0.798,0.88,0.354,0.784,0.0233;a;
0.0417;0.873,0.792,0.227,0.991,0.799,0.74,0.28,0.179,0.678,0.798;aaaaa;
0.455;0.978,0.923,0.598,0.549,0.277,0.251,0.86,0.667,0.865,0.773;aaaaaaaaa;
0.192;0.53,0.865,0.304,0.257,0.00288,0.088,0.852,0.275,0.647,0.404;aaaaaa;
0.183;0.329,0.306,0.897,0.299,0.647,0.357,0.0624,0.495,0.965,0.459;aaaaaaa;
0.601;0.0335,0.292,0.313,0.0727,0.925,0.0501,0.915,0.548,0.134,0.989;aaaaa;
0.193;0.849,0.78,0.642,0.299,0.961,0.104,0.593,0.615,0.475,0.619;aaaaaaa;
0.276;0.013,0.241,0.458,0.911,0.675,0.71,0.604,0.494,0.854,0.607;aaaaaaa;
0.312;0.259,0.603,0.766,0.522,0.853,0.548,0.119,0.792,0.345,0.334;a;
0.946;0.495,0.881,0.147,0.77,0.00168,0.0024,0.785,0.0355,0.366,0.42;aaaaaaaaa;
0.265;0.788,0.618,0.961,0.149,0.501,0.976,0.778,0.467,0.957,0.352;aaaaaaaaaa;
0.222;0.661,0.0683,0.599,0.834,0.554,0.733,0.538,0.662,0.822,0.979;aaaaa;
0.273;0.0641,0.801,0.886,0.769,0.81,0.171,0.652,0.145,0.22,0.991;aaaaaaaaaa;
0.417;0.484,0.928,0.326,0.675,0.132,0.18,0.961,0.93,0.954,0.26;aaaaaa;
0.616;0.599,0.0683,0.968,0.842,0.864,0.828,0.424,0.185,0.505,0.0653;aaaaa;
0.0949;0.235,0.296,0.0819,0.869,0.7,0.254,0.431,0.0732,0.819,0.305;aaaaaaa;
0.415;0.799,0.0986,0.463,0.611,0.0984,0.472,0.407,0.182,0.61,0.789;aaaaa;
0.0594;0.11,0.0231,0.592,0.428,0.687,0.633,0.651,0.195,0.0115,0.516;aaaaaaaaaa;
0.773;0.0431,0.672,0.783,0.301,0.646,0.39,0.732,0.661,0.64,0.933;a;
0.862;0.88,0.351,0.92,0.371,0.844,0.564,0.601,0.608,0.914,0.104;aaaaaaa;
0.759;0.788,0.579,0.691,0.994,0.0173,0.813,0.604,0.459,0.725,0.499;aaaaaaaaa;
0.0108;0.629,0.362,0.245,0.0214,0.211,0.132,1,0.76,0.84,0.313;aaaaa;
0.555;0.692,0.993,0.747,0.314,0.793,0.166,0.742,0.618,0.526,0.118;aaaaaaaa;
0.405;0.779,0.501,0.353,0.0848,0.523,0.488,0.49,0.0786,0.222,0.278;a;
0.606;0.0833,0.0133,0.801,0.529,0.434,0.544,0.425,0.831,0.254,0.465;aaaaaaa;
0.642;0.229,0.822,0.085,0.709,0.19,0.866,0.689,0.354,0.138,0.842;aa;
0.792;0.146,0.635,0.935,0.719,0.83,0.356,0.482,0.267,0.596,0.499;aaaaaaaa;
0.366;0.00839,0.723,0.537,0.0751,0.281,0.61,0.16,0.519,0.99,0.758;aa;
0.487;0.0577,0.123,0.959,0.822,0.617,0.339,0.142,0.844,0.272,0.68;aaaaa;
0.759;0.761,0.404,0.3,0.107,0.762,0.13,0.641,0.459,0.26,0.819;aaaaa;
0.805;0.653,0.722,0.926,0.723,0.457,0.817,0.766,0.211,0.521,0.884;aaaaa;
0.0637;0.16,0.638,0.91,0.971,0.0389,0.407,0.0682,0.942,0.148,0.0293;aaa;
0.79;0.21,0.651,0.434,0.722,0.807,0.842,0.954,0.859,0.367,0.65;aaaaaaaa;
0.213;0.592,0.0847,0.139,0.149,0.534,0.422,0.419,0.0311,0.986,0.218;a;
0.00891;0.441,0.238,0.756,0.895,0.66,0.832,0.997,0.863,0.301,0.791;aaaaaaaa;
0.247;0.93,0.852,0.118,0.0692,0.742,0.482,0.429,0.683,0.478,0.945;a;
0.326;0.328,0.842,0.898,0.0708,0.4,0.0483,0.644,0.499,0.0948,0.421;aaaaaaaaa;
0.547;0.997,0.301,0.288,0.752,0.641,0.333,0.368,0.236,0.171,0.217;a;
0.0454;0.219,0.486,0.783,0.114,0.414,0.964,0.737,0.243,0.996,0.0374;aaaaaaa;
0.968;0.132,0.987,0.853,0.316,0.691,0.776,0.374,0.96,0.398,0.482;aaaaaaaaaa;
0.959;0.882,0.356,0.886,0.0286,0.958,0.139,0.498,0.816,0.595,0.0214;aaa;
0.113;0.446,0.209,0.846,0.187,0.168,0.55,0.303,0.228,0.401,0.918;a;
0.32;0.725,0.832,0.877,0.736,0.0508,0.769,0.905,0.138,0.168,0.344;aaaaaaaaa;
0.178;0.969,0.741,0.646,0.267,0.311,0.379,0.865,0.242,0.912,0.513;aaaaaaa;
0.481;0.352,0.567,0.462,0.992,0.684,0.43,0.0241,0.266,0.467,0.544;aaaaaaaaaa;
0.576;0.428,0.461,0.458,0.0617,0.744,0.773,0.195,0.533,0.916,0.243;aaaaaaaaa;
0.435;0.133,0.72,0.888,0.037,0.853,0.305,0.261,0.877,0.523,0.92;aaaaaa;
0.775;0.526,0.0576,0.15,0.135,0.901,0.696,0.482,0.964,0.903,0.969;aaa;
0.73;0.418,0.252,0.787,0.778,0.923,0.855,0.44,0.08,0.448,0.565;aa;
0.697;0.987,0.215,0.000996,0.065,0.365,0.0494,0.519,0.0921,0.642,0.512;a;
0.573;0.872,0.163,0.242,0.312,0.785,0.845,0.0181,0.0414,0.799,0.16;aaaa;
0.982;0.604,0.751,0.52,0.654,0.145,0.183,0.618,0.296,0.0632,0.491;aaaaaaa;
0.324;0.206,0.022,0.885,0.982,0.12,0.567,0.495,0.179,0.658,0.399;a;
0.871;0.726,0.565,0.901,0.492,0.26,0.371,0.422,0.731,0.952,0.55;aaaaaaaaa;
0.62;0.93,0.117,0.0839,0.798,0.584,0.257,0.83,0.793,0.546,0.384;aaaaaaaa;
0.711;0.17,0.557,0.205,0.037,1.11e-05,0.577,0.514,0.381,0.15,0.921;aaa;
0.234;0.46,0.488,0.0368,0.868,0.614,0.436,0.317,0.439,0.26,0.262;aaaa;
0.327;0.586,0.112,0.445,0.822,0.947,0.54,0.193,0.545,0.172,0.304;aa;
0.142;0.343,0.383,0.891,0.088,0.118,0.716,0.726,0.703,0.113,0.264;aa;
0.523;0.0354,0.993,0.327,0.203,0.228,0.764,0.207,0.535,0.843,0.453;aaaaaaaaa;
0.257;0.298,0.936,0.188,0.00874,0.625,0.651,0.463,0.0692,0.873,0.722;aaaaa;
0.227;0.62,0.933,0.139,0.712,0.346,0.0579,0.989,0.697,0.614,0.289;a;
0.286;0.16,0.166,0.522,0.708,0.802,0.393,0.936,0.671,0.3,0.997;aaaaaaaa;
0.664;0.463,0.624,0.711,0.415,0.276,0.769,0.857,0.262,0.004,0.619;aaaaaaaaaa;
0.714;0.205,0.41,0.347,0.117,0.587,0.57,0.572,0.503,0.976,0.141;aaaaaaa;
0.000866;0.215,0.583,0.152,0.562,0.922,0.665,0.113,0.85,0.208,0.571;a;
0.867;0.352,0.437,0.126,0.1,0.606,0.0333,0.455,0.452,0.696,0.946;aaaaaaa;
0.0404;0.674,0.946,0.00462,0.727,0.13,0.309,0.224,0.285,0.155,0.486;aaaaa;
0.304;0.946,0.00242,0.263,0.715,0.923,0.655,0.778,0.0632,0.0699,0.977;aa;
0.487;0.948,0.497,0.0532,0.637,0.903,0.803,0.225,0.783,0.307,0.0469;a;
0.828;0.968,0.641,0.918,0.114,0.698,0.302,0.754,0.59,0.816,0.0164;aaa;
0.145;0.741,0.432,0.16,0.924,0.2,0.576,0.148,0.246,0.768,0.0489;a;
0.313;0.476,0.0667,0.247,0.647,0.302,0.66,0.722,0.504,0.893,0.385;aaaaa;
0.284;0.911,0.283,0.88,0.355,0.904,0.0664,0.561,0.591,0.264,0.94;aaaa;
0.503;0.772,0.273,0.289,0.852,0.736,0.236,0.446,0.392,0.83,0.323;aaaaaa;
0.145;0.183,0.433,0.631,0.0783,0.238,0.475,0.718,0.825,0.684,0.625;aaaaaaaaaa;
0.216;0.885,0.0394,0.0994,0.399,0.614,0.101,0.177,0.716,0.141,0.446;aaaa;
0.657;0.735,0.472,0.447,0.288,0.887,0.433,0.194,0.46,0.912,0.723;aaaaa;
0.172;0.0576,0.855,0.121,0.0191,0.202,0.0287,0.0415,0.764,0.303,0.242;aaaaa;
0.0171;0.565,0.37,0.425,0.665,0.412,0.356,0.523,0.322,0.907,0.738;aaaaaaaa;
0.84;0.523,0.705,0.114,0.614,0.602,0.7,0.599,0.823,0.816,0.921;a;
0.604;0.153,0.372,0.0726,0.536,0.612,0.656,0.46,0.382,0.29,0.0636;aaaaaaaa;
0.491;0.944,0.994,0.795,0.555,0.865,0.352,0.709,0.00612,0.764,0.712;aaaaaaa;
0.0552;0.13,0.52,0.815,0.153,0.162,0.836,0.973,0.359,0.338,0.695;aaaaaaaa;
0.58;0.0426,0.393,0.247,0.476,0.932,0.51,0.908,0.688,0.418,0.139;aaaaaaaa;
0.885;0.828,0.569,0.118,0.204,0.67,0.121,0.0588,0.811,0.821,0.631;aaa;
0.231;0.784,0.754,0.647,0.75,0.271,0.189,0.344,0.243,0.426,0.723;aaaaaa;
0.341;0.133,0.927,0.375,0.227,0.937,0.892,0.579,0.202,0.173,0.264;aaaaaaa;
0.681;0.749,0.826,0.566,0.104,0.191,0.171,0.893,0.429,0.984,0.761;aaaaaaaa;
0.851;0.706,0.86,0.296,0.956,0.451,0.935,0.00502,0.34,0.518,0.475;aaaaa;
0.429;0.0148,0.768,0.301,0.545,0.885,0.773,0.758,0.0683,0.257,0.14;aa;
0.814;0.521,0.582,0.205,0.648,0.997,0.88,0.255,0.775,0.997,0.424;aa;
0.0123;0.729,0.885,0.743,0.209,0.651,0.838,0.911,0.876,0.135,0.606;aaaaaaaaaa;
0.647;0.234,0.456,0.0433,0.529,0.242,0.764,0.073,0.322,0.598,0.639;aaaaaaaaaa;
0.946;0.965,0.887,0.523,0.227,0.476,0.305,0.293,0.321,0.364,0.199;aaaaaaaaa;
0.328;0.917,0.283,0.813,0.259,0.869,0.508,0.177,0.392,0.871,0.219;aaaaaaaaaa;
0.574;0.712,0.271,0.508,0.271,0.547,0.0991,0.582,0.342,0.275,0.453;aaaaaaaaa;
0.79;0.85,0.9,0.397,0.91,0.075,0.0183,0.101,0.385,0.373,0.574;aaaaaa;
0.071;0.0742,0.888,0.551,0.677,0.929,0.855,0.313,0.552,0.7,0.414;aaaaaaaaaa;
0.112;0.32,0.765,0.996,0.999,0.391,0.0476,0.905,0.299,0.688,0.679;aaaaaa;
0.541;0.134,0.993,0.802,0.613,0.00528,0.734,0.528,0.185,0.278,0.725;aaaaaa;
0.223;0.349,0.206,0.215,0.912,0.466,0.177,0.0398,0.584,0.834,0.615;aaaa;
0.0708;0.334,0.531,0.891,0.177,0.651,0.834,0.537,0.532,0.00917,0.619;aaaaaaa;
0.952;0.142,0.0699,0.379,0.0344,0.705,0.717,0.107,0.846,0.488,0.235;aaaaa;
0.628;0.746,0.104,0.59,0.733,0.46,0.118,0.173,0.722,0.392,0.362;aaa;
0.186;0.79,0.395,0.0289,0.656,0.0421,0.821,0.28,0.91,0.327,0.927;aaa;
0.547;0.456,0.273,0.218,0.217,0.457,0.136,0.806,0.301,0.717,0.225;aaaa;
0.653;0.387,0.193,0.731,0.213,0.381,0.075,0.0955,0.486,0.402,0.211;aaaaaa;
0.13;0.74,0.162,0.512,0.372,0.816,0.0438,0.789,0.801,0.0848,0.221;aa;
0.974;0.915,0.815,0.616,0.561,0.0414,0.309,0.334,0.558,0.144,0.179;aaaaa;
0.832;0.983,0.604,0.368,0.0338,0.764,0.43,0.68,0.456,0.772,0.772;aaaaaaaa;
0.688;0.694,0.804,0.53,0.544,0.471,0.295,0.413,0.284,0.529,0.278;aaaaa;
0.0058;0.731,0.423,0.898,0.281,0.878,0.416,0.486,0.74,0.289,0.366;aa;
0.8;0.799,0.173,0.224,0.727,0.902,0.59,0.00402,0.715,0.332,0.0961;aaaaaaa;
0.46;0.645,0.691,0.398,0.0184,0.965,0.31,0.521,0.524,0.256,0.72;aaaaaaaaa;
0.625;0.0954,0.51,0.878,0.202,0.0237,0.166,0.657,0.208,0.882,0.964;aaaaaaaaa;
0.808;0.448,0.124,0.928,0.537,0.267,0.791,0.746,0.949,0.0514,0.5;a;
0.576;0.472,0.364,0.41,0.0804,0.757,0.409,0.588,0.824,0.858,0.662;aaaa;
0.778;0.737,0.882,0.408,0.773,0.32,0.201,0.386,0.736,0.241,0.836;aaaaaa;
0.283;0.688,0.789,0.52,0.919,0.678,0.644,0.462,0.508,0.125,0.855;aaaaaaa;
0.353;0.88,0.376,0.137,0.494,0.548,0.917,0.408,0.342,0.426,0.206;a;
0.384;0.748,0.587,0.88,0.333,0.417,0.861,0.89,0.72,0.358,0.0226;aaa;
0.934;0.697,0.733,0.338,0.55,0.122,0.449,0.711,0.768,0.578,0.815;a;
0.231;0.847,0.919,0.0611,0.203,0.0989,0.323,0.843,0.215,0.457,0.367;aaaaaa;
0.18;0.814,0.259,0.989,0.703,0.91,0.0397,0.683,0.955,0.768,0.696;aaaaa;
0.244;0.858,0.748,0.00246,0.76,0.883,0.564,0.857,0.275,0.393,0.887;aaaaaaaa;
0.193;0.0286,0.377,0.798,0.133,0.0178,0.821,0.746,0.761,0.383,0.358;aaa;
0.166;0.622,0.186,0.381,0.574,0.796,0.646,0.211,0.839,0.955,0.985;aaaaaaaaaa;
0.526;0.615,0.845,0.59,0.838,0.907,0.166,0.297,0.326,0.417,0.431;aaaa;
0.198;0.678,0.107,0.628,0.748,0.0604,0.498,0.995,0.875,0.412,0.0434;aaaaaaaa;
0.0335;0.367,0.661,0.407,0.0458,0.242,0.0261,0.0331,0.634,0.837,0.0254;aaaaaaaaa;
0.997;0.261,0.758,0.139,0.882,0.502,0.801,0.929,0.577,0.364,0.0163;aaaaaaaaaa;
0.254;0.274,0.712,0.287,0.229,0.96,0.161,0.966,0.091,0.439,0.549;aaaaaaaaa;
0.737;0.777,0.982,0.23,0.484,0.0808,0.886,0.628,0.729,0.00319,0.222;aaa;
0.456;0.175,0.0147,0.851,0.885,0.559,0.157,0.803,0.129,0.844,0.475;aaaaaa;
0.845;0.0797,0.0999,0.635,0.774,0.323,0.46,0.245,0.322,0.364,0.459;aaa;
0.345;0.777,0.415,0.201,0.0854,0.188,0.556,0.418,0.175,0.917,0.0448;aaaaa;
0.924;0.699,0.14,0.563,0.513,0.236,0.194,0.509,0.552,0.581,0.31;aaaaaaaaaa;
0.767;0.449,0.784,0.718,0.806,0.663,0.706,0.286,0.198,0.193,0.399;aaaaaaaaa;
0.561;0.3,0.243,0.607,0.289,0.787,0.938,0.519,0.792,0.929,0.422;aaaaaaa;
0.48;0.949,0.937,0.961,0.188,0.89,0.448,0.648,0.56,0.133,0.037;aa;
0.254;0.967,0.302,0.405,0.858,0.721,0.575,0.95,0.0153,0.891,0.413;aaa;
0.697;0.0525,0.178,0.672,0.0321,0.874,0.232,0.321,0.754,0.0078,0.263;aaaaa;
0.81;0.75,0.0215,0.328,0.805,0.0482,0.12,0.265,0.00542,0.0784,0.826;aaaaaaa;
0.301;0.0251,0.62,0.118,0.38,0.202,0.137,0.776,0.347,0.73,0.179;aaaaa;
0.645;0.0121,0.777,0.0192,0.342,0.7,0.713,0.879,0.835,0.348,0.51;a;
0.101;0.693,0.483,0.956,0.211,0.5,0.0902,0.7,0.387,0.187,0.234;aaaa;
0.71;0.165,0.606,0.548,0.193,0.78,0.53,0.516,0.823,0.269,0.726;aaaaaaaaa;
0.0434;0.856,0.495,0.658,0.403,0.314,0.203,0.966,0.781,0.878,0.171;aaaa;
0.298;0.22,0.184,0.994,0.9,0.064,0.227,0.937,0.229,0.639,0.713;aaaa;
0.228;0.15,0.136,0.455,0.564,0.414,0.00157,0.404,0.711,0.0974,0.125;aaaaaaaa;
0.371;0.412,0.327,0.223,0.259,0.833,0.13,0.0316,0.342,0.62,0.571;a;
0.446;0.784,0.297,0.644,0.697,0.792,0.324,0.121,0.159,0.433,0.145;aaaaaaa;
0.713;0.334,0.00652,0.373,0.51,0.453,0.944,0.765,0.411,0.143,0.322;aaaaaaa;
0.4;0.943,0.881,0.642,0.212,0.593,0.783,0.672,0.353,0.949,0.238;aa;
0.84;0.458,0.683,0.22,0.969,0.902,0.0673,0.661,0.566,0.61,0.583;a;
0.0854;0.753,0.98,0.342,0.898,0.00631,0.996,0.145,0.228,0.462,0.744;aa;
0.498;0.829,0.655,0.739,0.491,0.734,0.653,0.726,0.313,0.49,0.943;aaaaaaaaa;
0.999;0.821,0.531,0.734,0.143,0.887,0.914,0.594,0.646,0.305,0.603;aaaaaaaaa;
0.307;0.595,0.0723,0.103,0.292,0.638,0.0741,0.545,0.642,0.0576,0.106;aaaaaaaaaa;
0.951;0.429,0.731,0.565,0.592,0.521,0.539,0.898,0.956,0.373,0.339;a;
0.519;0.278,0.913,0.929,0.849,0.647,0.676,0.952,0.796,0.774,0.823;aaaaa;
0.619;0.918,0.115,0.276,0.401,0.311,0.163,0.697,0.227,0.463,0.501;aaaaaaaaa;
0.239;0.914,0.871,0.473,0.718,0.385,0.0244,0.59,0.181,0.873,0.841;a;
0.144;0.92,0.624,0.0165,0.499,0.463,0.717,0.188,0.789,0.568,0.0457;a;
0.0758;0.165,0.296,0.627,0.85,0.42,0.399,0.83,0.392,0.52,0.378;aaaaaaa;
0.124;0.227,0.929,0.844,0.4,0.0125,0.469,0.566,0.0976,0.334,0.25;aaaaaaaaa;
0.0626;0.88,0.93,0.607,0.245,0.0826,0.653,0.312,0.716,0.448,0.952;aaaaaaaa;
0.673;0.0908,0.559,0.58,0.638,0.19,0.1,0.464,0.549,0.763,0.223;aa;
0.63;0.581,0.243,0.56,0.466,0.413,0.0539,0.964,0.83,0.109,0.28;aaaaa;
0.147;0.0277,0.524,0.792,0.723,0.363,0.621,0.318,0.284,0.829,0.908;aaaaaa;
0.668;0.458,0.0861,0.0415,0.478,0.216,0.694,0.0619,0.551,0.891,0.344;aaaaaaaaa;
0.426;0.848,0.498,0.641,0.202,0.847,0.956,0.747,0.117,0.693,0.969;aaaa;
0.554;0.362,0.332,0.185,0.555,0.705,0.345,0.487,0.867,0.108,0.916;aaaaaaaaaa;
0.639;0.543,0.0564,0.876,0.604,0.604,0.0525,0.916,0.758,0.573,0.874;aa;
0.0682;0.919,0.728,0.555,0.722,0.0834,0.64,0.631,0.708,0.317,0.989;aaaaaaa;
0.43;0.183,0.416,0.348,0.773,0.11,0.646,0.151,0.772,0.337,0.259;aaaaaaaaaa;
0.534;0.399,0.194,0.399,0.861,0.299,0.844,0.883,0.393,0.224,0.735;a;
0.277;0.805,0.945,0.702,0.0581,0.877,0.288,0.537,0.353,0.0345,0.223;aaaaa;
0.183;0.042,0.396,0.697,0.341,0.852,0.732,0.249,0.341,0.0037,0.406;aaaaa;
0.954;0.11,0.44,0.471,0.572,0.666,0.0464,0.52,0.303,0.248,0.197;aaaaaaaa;
0.0546;0.306,0.986,0.435,0.172,0.23,0.138,0.0999,0.0632,0.79,0.143;aaaaaaaaa;
0.943;0.69,0.463,0.522,0.438,0.337,0.385,0.369,0.0849,0.82,0.637;aaa;
0.597;0.205,0.522,0.565,0.958,0.154,0.101,0.0819,0.961,0.64,0.481;aaaaaaaa;
0.968;0.804,0.96,0.306,0.0811,0.0925,0.732,0.704,0.432,0.801,0.442;aaaaaaa;
0.519;0.847,0.57,0.673,0.607,0.764,0.645,0.936,0.412,0.442,0.218;aaaaaaaa;
0.59;0.907,0.799,0.792,0.895,0.816,0.672,0.126,0.67,0.602,0.997;aaaaaaa;
0.666;0.578,0.647,0.688,0.149,0.424,0.609,0.885,0.434,0.72,0.496;aaaaaaaaa;
0.651;0.855,0.978,0.431,0.453,0.611,0.769,0.184,0.159,0.34,0.842;aaa;
0.862;0.636,0.0579,0.127,0.294,0.217,0.94,0.998,0.0308,0.749,0.392;aaaa;
0.0736;0.802,0.35,0.576,0.474,0.613,0.349,0.0474,0.602,0.183,0.42;aaaa;
0.921;0.647,0.0808,0.392,0.576,0.281,0.531,0.685,0.225,0.587,0.0675;a;
0.458;0.899,0.197,0.597,0.846,0.7,0.71,0.108,0.104,0.448,0.573;aaaaa;
0.564;0.28,0.186,0.314,0.724,0.547,0.124,0.437,0.865,0.74,0.257;aaaa;
0.403;0.00904,0.0935,0.45,0.755,0.864,0.107,0.734,0.932,0.571,0.719;aaaaa;
0.891;0.357,0.0129,0.659,0.651,0.608,0.682,0.757,0.97,0.516,0.389;aaaaaa;
0.401;0.612,0.545,0.339,0.301,0.277,0.833,0.0734,0.162,0.392,0.2;aaaaaaaa;
0.683;0.779,0.919,0.588,0.224,0.0669,0.764,0.0098,0.756,0.299,0.247;aaaa;
0.999;0.525,0.398,0.755,0.228,0.161,0.106,0.962,0.0231,0.65,0.235;aaaaaaaa;
0.916;0.717,0.452,0.491,0.677,0.839,0.352,0.86,0.962,0.0784,0.871;aaaaaaaa;
0.0979;0.585,0.552,0.986,0.173,0.215,0.853,0.0829,0.561,0.501,0.303;aaaaaa;
0.152;0.962,0.786,0.242,0.996,0.955,0.516,0.361,0.856,0.905,0.955;aaaaaaa;
0.646;0.579,0.112,0.682,0.57,0.728,0.12,0.309,0.434,0.0767,0.202;aaaaa;
0.655;0.0305,0.0443,0.851,0.499,0.976,0.419,0.435,0.573,0.815,0.431;aaaa;
0.0825;0.078,0.312,0.605,0.0534,0.394,0.201,0.993,0.409,0.675,0.266;a;
0.452;0.679,0.216,0.707,0.648,0.307,0.779,0.984,0.88,0.991,0.692;aaa;
0.0404;0.702,0.939,0.854,0.543,0.354,0.148,0.102,0.624,0.69,0.0672;aa;
0.699;0.216,0.823,0.968,0.148,0.647,0.553,0.274,0.415,0.752,0.00937;aaaaaa;
0.321;0.804,0.131,0.735,0.115,0.571,0.675,0.931,0.389,0.168,0.0171;aaaaa;
0.171;0.855,0.939,0.623,0.353,0.938,0.485,0.542,0.695,0.711,0.894;aaaaaaaaa;
0.316;0.727,0.119,0.342,0.762,0.912,0.451,0.368,0.453,0.242,0.677;aaaa;
0.0752;0.828,0.824,0.748,0.952,0.842,0.00172,0.0551,0.953,0.382,0.835;aaaaa;
0.558;0.287,0.138,0.515,0.862,0.705,0.79,0.156,0.49,0.61,0.27;aa;
0.501;0.601,0.531,0.952,0.735,0.395,0.724,0.253,0.8,0.822,0.28;aaaa;
0.408;0.514,0.326,0.709,0.219,0.368,0.884,0.968,0.107,0.817,0.393;aaaaaaaaaa;
0.0574;0.864,0.34,0.959,0.411,0.0204,0.625,0.979,0.708,0.829,0.388;aaaaaaa;
0.919;0.287,0.149,0.0898,0.993,0.613,0.414,0.113,0.729,0.991,0.709;aaaaaa;
0.432;0.763,0.293,0.54,0.757,0.876,0.426,0.268,0.515,0.00346,0.138;aaaaaaaaa;
0.522;0.178,0.0467,0.145,0.485,0.577,0.56,0.196,0.532,0.301,0.321;aa;
0.0405;0.268,0.0146,0.000913,0.185,0.0818,0.938,0.11,0.103,0.647,0.0373;aaaa;
0.326;0.596,0.97,0.557,0.662,0.0953,0.347,0.478,0.146,0.345,0.573;aaaa;
0.26;0.493,0.835,0.54,0.293,0.994,0.869,0.942,0.899,0.872,0.556;aaaaa;
0.819;0.885,0.0725,0.245,0.00946,0.169,0.324,0.118,0.168,0.446,0.437;aaaa;
0.947;0.953,0.236,0.568,0.482,0.922,0.634,0.19,0.555,0.667,0.354;aaaaaaaaaa;
0.821;0.813,0.2,0.504,0.909,0.881,0.0719,0.121,0.479,0.1,0.705;aaaaa;
0.713;0.697,0.554,0.519,0.649,0.993,0.344,0.602,0.548,0.571,0.377;aaaaaaaa;
0.256;0.454,0.581,0.926,0.158,0.713,0.366,0.146,0.493,0.439,0.391;aaaaaaa;
0.172;0.459,0.919,0.936,0.643,0.193,0.452,0.306,0.498,0.625,0.66;aaaaaa;
0.84;0.205,0.339,0.536,0.809,0.692,0.921,0.1,0.0486,0.711,0.434;aaa;
0.57;0.138,0.0804,0.437,0.32,0.814,0.263,0.359,0.531,0.428,0.631;aaaaaaaa;
0.137;0.95,0.301,0.873,0.197,0.693,0.57,0.905,0.914,0.995,0.729;aaaaa;
0.881;0.0777,0.408,0.136,0.234,0.559,0.261,0.883,0.808,0.172,0.995;aaaaaaaaaa;
0.653;0.296,0.0602,0.689,0.43,0.818,0.92,0.0752,0.678,0.951,0.91;aaaaaaaa;
0.217;0.348,0.764,0.527,0.337,0.0389,0.0294,0.144,0.74,0.0264,0.729;a;
0.703;0.0901,0.399,0.362,0.0233,0.747,0.362,0.679,0.343,0.145,0.874;aa;
0.112;0.375,0.506,0.727,0.899,0.986,0.202,0.826,0.411,0.533,0.283;aaaaaa;
0.86;0.545,0.48,0.106,0.515,0.451,0.2,0.905,0.355,0.944,0.611;aaaaaaaa;
0.653;0.897,0.944,0.149,0.27,0.43,0.952,0.116,0.838,0.727,0.202;aa;
0.785;0.274,0.879,0.602,0.457,0.693,0.194,0.126,0.402,0.915,0.393;aaa;
0.144;0.638,0.568,0.0645,0.751,0.949,0.916,0.408,0.586,0.271,0.939;aaaaaaa;
0.957;0.786,0.23,0.96,0.54,0.859,0.716,0.583,0.208,0.113,0.0802;aaaaaa;
0.191;0.852,0.964,0.013,0.964,0.854,0.766,0.772,0.0125,0.697,0.252;aaaaaaa;
0.498;0.98,0.37,0.0364,0.534,0.0139,0.548,0.724,0.255,0.174,0.538;aaaaa;
0.746;0.42,0.728,0.953,0.335,0.489,0.583,0.614,0.746,0.154,0.686;aaaaaaaaaa;
0.596;0.163,0.628,0.395,0.206,0.672,0.763,0.883,0.986,0.679,0.442;aaaa;
0.356;0.375,0.511,0.282,0.19,0.455,0.767,0.843,0.753,0.581,0.0412;aaaa;
0.569;0.622,0.203,0.158,0.0309,0.178,0.812,0.0825,0.256,0.353,0.904;aaaa;
0.666;0.652,0.0638,0.528,0.167,0.234,0.578,0.767,0.951,0.00882,0.0874;aaaaaaaaa;
0.941;0.949,0.0625,0.135,0.446,0.671,0.572,0.544,0.492,0.287,0.267;aa;
0.77;0.962,0.802,0.394,0.685,0.497,0.0597,0.446,0.145,0.943,0.107;aaaaaaaaaa;
0.793;0.781,0.431,0.51,0.168,0.0576,0.878,0.206,0.642,0.406,0.645;aaaaaaaaa;
0.625;0.133,0.495,0.487,0.964,0.898,0.835,0.429,0.602,0.0763,0.897;aaaaaaa;
0.947;0.529,0.195,0.732,0.348,0.125,0.522,0.611,0.486,0.268,0.417;aaaaa;
0.988;0.602,0.534,0.16,0.897,0.77,0.0559,0.495,0.494,0.391,0.972;a;
0.393;0.065,0.517,0.0748,0.598,0.161,0.36,0.534,0.265,0.532,0.56;aaaa;
0.116;0.38,0.277,0.442,0.306,0.286,0.43,0.95,0.701,0.185,0.123;aaaaa;
0.217;0.355,0.95,0.038,0.876,0.841,0.222,0.37,0.312,0.369,0.904;aa;
0.142;0.859,0.757,0.553,0.694,0.515,0.763,0.602,0.981,0.489,0.311;aaa;
0.651;0.246,0.414,0.0558,0.762,0.619,0.838,0.837,0.757,0.355,0.00362;aaaa;
0.433;0.492,0.623,0.111,0.719,0.907,0.724,0.443,0.239,0.0273,0.878;aaa;
0.896;0.189,0.145,0.67,0.0273,0.701,0.361,0.633,0.459,0.482,0.772;a;
0.915;0.934,0.744,0.0869,0.328,0.758,0.237,0.363,0.882,0.985,0.519;aaaaaaaaaa;
0.407;0.181,0.671,0.863,0.59,0.497,0.156,0.739,0.908,0.897,0.609;aaaaaaaaa;
0.49;0.242,0.958,0.288,0.496,0.743,0.378,0.901,0.721,0.298,0.34;aaa;
0.548;0.399,0.81,0.289,0.423,0.896,0.207,0.925,0.834,0.945,0.919;aaaa;
0.466;0.709,0.106,0.0028,0.0584,0.827,0.838,0.672,0.426,0.183,0.455;aaaaaa;
0.0351;0.904,0.872,0.787,0.656,0.0849,0.994,0.827,0.345,0.325,0.436;aaaaaaa;
0.188;0.0837,0.196,0.883,0.724,0.135,0.957,0.827,0.451,0.923,0.00462;aaaaa;
0.676;0.973,0.149,0.164,0.45,0.404,0.477,0.597,0.223,0.32,0.804;aaaaaa;
0.783;0.464,0.492,0.95,0.553,0.939,0.968,0.696,0.0991,0.225,0.162;aaaaaa;
0.793;0.505,0.145,0.34,0.189,0.162,0.659,0.836,0.465,0.398,0.552;aaa;
0.63;0.788,0.218,0.799,0.644,0.537,0.446,0.121,0.314,0.865,0.216;aaaaaa;
0.772;0.404,0.124,0.7,0.937,0.317,0.914,0.788,0.849,0.652,0.317;aaaaaaa;
0.702;0.0456,0.383,0.436,0.801,0.727,0.659,0.798,0.837,0.481,0.0385;aaa;
0.278;0.224,0.578,0.894,0.583,0.512,0.134,0.127,0.167,0.03,0.687;aaaaaa;
0.197;0.794,0.938,0.462,0.789,0.455,0.885,0.307,0.816,0.0654,0.714;aaaaa;
0.579;0.788,0.111,0.532,0.421,0.227,0.461,0.114,0.383,0.473,0.483;aa;
0.116;0.565,0.52,0.696,0.569,0.38,0.456,0.529,0.238,0.0975,0.386;aaaaa;
0.144;0.219,0.631,0.603,0.569,0.55,0.366,0.658,0.685,0.0702,0.506;aa;
0.768;0.682,0.488,0.283,0.787,0.559,0.456,0.841,0.347,0.284,0.916;aaaaaaaaa;
0.585;0.583,0.403,0.869,0.459,0.104,0.125,0.319,0.541,0.648,0.993;a;
0.366;0.882,0.347,0.0709,0.224,0.327,0.524,0.087,0.202,0.789,0.678;aaaaaaaaaa;
0.734;0.211,0.27,0.298,0.712,0.937,0.592,0.963,0.7,0.977,0.748;aaaaaaaaaa;
0.454;0.587,0.585,0.627,0.402,0.778,0.644,0.507,0.857,0.0333,0.652;a;
0.591;0.565,0.0095,0.462,0.338,0.874,0.547,0.761,0.182,0.649,0.0233;aaaa;
0.528;0.981,0.492,0.672,0.292,0.418,0.883,0.878,0.118,0.609,0.218;aaaaa;
0.172;0.0596,0.235,0.812,0.00475,0.0612,0.816,0.225,0.133,0.36,0.915;aa;
0.43;0.353,0.388,0.597,0.117,0.0748,0.971,0.753,0.723,0.917,0.487;aaaa;
0.336;0.175,0.757,0.138,0.494,0.19,0.91,0.525,0.933,0.147,0.346;aaaaaa;
0.82;0.48,0.265,0.188,0.598,0.995,0.52,0.706,0.266,0.523,0.448;aaaaa;
0.48;0.629,0.356,0.284,0.115,0.479,0.208,0.669,0.431,0.385,0.491;aaaaaa;
0.395;0.514,0.539,0.338,0.47,0.394,0.452,0.16,0.177,0.742,0.489;aa;
0.0896;0.0718,0.199,0.362,0.454,0.95,0.407,0.589,0.273,0.134,0.663;aaa;
0.0187;0.749,0.479,0.162,0.914,0.527,0.127,0.868,0.464,0.449,0.277;aaaaaaa;
0.993;0.691,0.179,0.201,0.134,0.956,0.615,0.0793,0.722,0.907,0.402;aaaaaaa;
0.317;0.291,0.916,0.681,0.162,0.0715,0.833,0.892,0.85,0.889,0.367;aaaaaaaaaa;
0.0353;0.0387,0.327,0.84,0.591,0.564,0.981,0.253,0.708,0.527,0.196;aaaaa;
0.184;0.873,0.198,0.624,0.602,0.538,0.894,0.202,0.97,0.844,0.467;aa;
0.892;0.35,0.317,0.358,0.541,0.205,0.69,0.929,0.442,0.271,0.243;aaaaaaa;
0.395;0.0695,0.883,0.418,0.432,0.878,0.819,0.857,0.619,0.431,0.339;aaaaa;
0.728;0.228,0.306,0.657,0.953,0.995,0.603,0.0422,0.87,0.525,0.868;a;
0.483;0.863,0.493,0.00386,0.194,0.915,0.253,0.729,0.262,0.657,0.737;aa;
0.513;0.907,0.44,0.0638,0.792,0.392,0.985,0.0253,0.106,0.774,0.601;aaaaaa;
0.105;0.729,0.979,0.458,0.252,0.62,0.184,0.481,0.477,0.0598,0.889;a;
0.814;0.275,0.419,0.852,0.698,0.203,0.0114,0.935,0.00106,0.531,0.818;aaaaaaaaaa;
0.241;0.669,0.0711,0.163,0.506,0.916,0.4,0.57,0.875,0.238,0.281;aaa;
0.774;0.214,0.503,0.379,0.237,0.881,0.794,0.94,0.196,0.535,0.164;aaaaaaaaa;
0.624;0.456,0.0775,0.502,0.329,0.499,0.813,0.174,0.0714,0.185,0.159;aaa;
0.488;0.518,0.559,0.789,0.737,0.785,0.767,0.275,0.811,0.563,0.211;aaaaaaa;
0.794;0.12,0.197,0.827,0.849,0.212,0.985,0.959,0.849,0.0627,0.775;aaaaaaaaa;
0.254;0.509,0.875,0.389,0.388,0.423,0.256,0.763,0.0325,0.287,0.709;aaaaaaaaaa;
0.0869;0.0247,0.481,0.701,0.47,0.732,0.778,0.361,0.54,0.773,0.0447;aaaaaaaa;
0.637;0.213,0.762,0.699,0.379,0.926,0.482,0.348,0.206,0.483,0.591;aaaaaaaa;
0.416;0.647,0.272,0.426,0.0433,0.633,0.907,0.773,0.712,0.669,0.839;aaaaaaaaa;
0.931;0.0323,0.839,0.171,0.659,0.516,0.557,0.14,0.974,0.429,0.209;a;
0.244;0.706,0.231,1,0.00389,0.392,0.0646,0.0959,0.0177,0.517,0.868;aaaa;
0.428;0.981,0.971,0.958,0.0274,0.97,0.0997,0.889,0.207,0.904,0.14;aaaa;
0.0844;0.271,0.699,0.836,0.805,0.507,0.744,0.355,0.586,0.525,0.0533;aaaaaaaaaa;
0.836;0.996,0.662,0.761,0.0957,0.674,0.0843,0.497,0.116,0.522,0.857;aaaaaaaa;
0.0687;0.258,0.448,0.165,0.227,0.545,0.311,0.629,0.554,0.908,0.939;aaaaaa;
0.00629;0.454,0.344,0.141,0.797,0.595,0.4,0.83,0.462,0.892,0.967;aaaaaaa;
0.85;0.792,0.00321,0.344,0.364,0.889,0.788,0.816,0.0513,0.612,0.152;aaa;
0.981;0.994,0.529,0.741,0.106,0.0112,0.301,0.0355,0.84,0.293,0.82;aaaaaaaaa;
0.098;0.96,0.467,0.56,0.645,0.299,0.434,0.972,0.412,0.363,0.204;aaaaaa;
0.543;0.879,0.595,0.673,0.162,0.46,0.473,0.594,0.395,0.538,0.354;a;
0.591;0.673,0.792,0.0678,0.55,0.966,0.101,0.309,0.603,0.356,0.062;a;
0.521;0.13,0.143,0.112,0.82,0.237,0.796,0.959,0.891,0.306,0.212;aa;
0.716;0.363,0.296,0.137,0.572,0.939,0.578,0.105,0.0924,0.111,0.807;aaaaaaaa;
0.0172;0.44,0.441,0.943,0.941,0.148,0.728,0.313,0.3,0.653,0.443;aaa;
0.363;0.12,0.406,0.946,0.406,0.274,0.23,0.259,0.15,0.566,0.328;aaaa;
0.849;0.972,0.664,0.181,0.784,0.521,0.507,0.214,0.737,0.435,0.109;aa;
0.755;0.318,0.917,0.979,0.222,0.502,0.0648,0.092,0.78,0.435,0.782;aaaaaaaaa;
0.835;0.706,0.653,0.926,0.993,0.814,0.315,0.919,0.927,0.56,0.45;aa;
0.088;0.981,0.0828,0.291,0.0279,0.455,0.222,0.486,0.452,0.785,0.0274;aaaaaaaa;
0.665;0.578,0.43,0.0179,0.809,0.667,0.438,0.236,0.835,0.482,0.895;aaaaaaa;
0.39;0.718,0.261,0.0641,0.388,0.256,0.395,0.599,0.016,0.503,0.922;aaaaaaaa;
0.295;0.769,0.118,0.777,0.648,0.874,0.31,0.239,0.0718,0.722,0.149;aaaaaaa;
0.464;0.212,0.513,0.25,0.721,0.109,0.192,0.535,0.366,0.986,0.556;aaaaa;
0.745;0.331,0.901,0.962,0.969,0.291,0.325,0.425,0.378,0.0407,0.506;aaaaaaaaaa;
0.633;0.553,0.325,0.304,0.437,0.953,0.204,0.586,0.775,0.148,0.987;aaaa;
0.0378;0.415,0.335,0.206,0.254,0.248,0.985,0.832,0.224,0.919,0.287;aaaaaaa;
0.958;0.351,0.345,0.852,0.478,0.569,0.496,0.000507,0.885,0.282,0.605;aaaaaa;
0.616;0.588,0.0632,0.787,0.212,0.395,0.681,0.402,0.73,0.849,0.0151;aaaaaaa;
0.869;0.487,0.859,0.28,0.48,0.785,0.0363,0.261,0.408,0.157,0.807;a;
0.722;0.36,0.564,0.542,0.673,0.861,0.359,0.348,0.438,0.607,0.644;aaaaa;
0.757;0.807,0.159,0.398,0.0217,0.0637,0.381,0.696,0.528,0.122,0.259;aaaa;
0.51;0.537,0.144,0.155,0.238,0.081,0.535,0.497,0.836,0.347,0.0776;aa;
0.938;0.0668,0.67,0.661,0.411,0.727,0.0766,0.368,0.704,0.19,0.118;aa;
0.33;0.0364,0.147,0.575,0.8,0.636,0.192,0.558,0.835,0.222,0.541;aa;
0.301;0.335,0.17,0.969,0.713,0.0902,0.43,0.88,0.48,0.456,0.343;aaaa;
0.238;0.152,0.525,0.359,0.135,0.693,0.303,0.721,0.291,0.98,0.954;aaaaaaa;
0.0663;0.606,0.376,0.371,0.442,0.68,0.172,0.66,0.946,0.999,0.948;aaaaaaa;
0.161;0.0787,0.941,0.00885,0.679,0.741,0.573,0.245,0.0588,0.703,0.77;aaaaaa;
0.709;0.0333,0.333,0.588,0.398,0.195,0.767,0.0311,0.594,0.78,0.437;a;
0.021;0.235,0.249,0.848,0.29,0.484,0.718,0.0548,0.411,0.607,0.809;aaaaaaa;
0.725;0.148,0.775,0.298,0.136,0.268,0.349,0.822,0.808,0.222,0.233;aaaaaaaa;
0.3;0.839,0.113,0.508,0.526,0.993,0.156,0.517,0.836,0.948,0.695;a;
0.843;0.788,0.297,0.947,0.814,0.934,0.246,0.973,0.696,0.59,0.039;aaaa;
0.311;0.439,0.136,0.592,0.349,0.094,0.693,0.341,0.563,0.759,0.0971;a;
0.165;0.655,0.81,0.427,0.815,0.297,0.885,0.924,0.661,0.365,0.382;a;
0.976;0.737,0.729,0.868,0.166,0.961,0.259,0.689,0.66,0.236,0.419;aaaaaaaaaa;
0.289;0.621,0.433,0.134,0.584,0.676,0.0768,0.415,0.381,0.94,0.405;aaaaaaa;
0.756;0.8,0.527,0.648,0.731,0.61,0.716,0.614,0.732,0.394,0.743;aaaaaaaaaa;
0.796;0.602,0.993,0.761,0.899,0.757,0.913,0.943,0.237,0.895,0.875;aaaaaaaa;
0.993;0.778,0.338,0.145,0.113,0.768,0.225,0.404,0.866,0.455,0.425;aaaaaaa;
0.176;0.145,0.0755,0.579,0.337,0.683,0.0348,0.9,0.564,0.479,0.909;aaaaaaaaa;
0.235;0.764,0.884,0.737,0.381,0.779,0.434,0.443,0.23,0.851,0.00121;aaa;
0.823;0.945,0.0395,0.285,0.543,0.235,0.544,0.237,0.704,0.245,0.091;aaaaa;
0.598;0.294,0.382,0.0157,0.358,0.284,0.857,0.376,0.219,0.389,0.757;aaaaaaaaa;
0.191;0.713,0.779,0.961,0.641,0.108,0.282,0.792,0.107,0.196,0.184;aaa;
0.306;0.0893,0.119,0.977,0.636,0.932,0.59,0.714,0.406,0.0342,0.254;aaaaaaaa;
0.314;0.0359,0.786,0.881,0.847,0.869,0.132,0.363,0.00344,0.444,0.291;aa;
0.185;0.165,0.756,0.502,0.714,0.114,0.358,0.38,0.709,0.306,0.0287;aaaaaaaa;
0.767;0.897,0.00659,0.209,0.188,0.0503,0.964,0.282,0.455,0.702,0.176;a;
0.362;0.588,0.436,0.176,0.723,0.0605,0.914,0.194,0.74,0.377,0.0945;aaaaaaaa;
0.83;0.392,0.926,0.534,0.947,0.823,0.742,0.59,0.848,0.537,0.538;aaaaaaaaa;
0.0762;0.13,0.766,0.029,0.735,0.422,0.28,0.788,0.502,0.332,0.0928;aaaaaa;
0.306;0.107,0.402,0.0903,0.634,0.82,0.4,0.584,0.703,0.857,0.927;aaaaaa;
0.51;0.0513,0.417,0.177,0.114,0.576,0.899,0.558,0.29,0.0711,0.74;aaaa;
0.416;0.462,0.417,0.264,0.76,0.812,0.872,0.739,0.202,0.0919,0.787;aaaaaaaaa;
0.522;0.929,0.857,0.307,0.723,0.434,0.241,0.336,0.787,0.891,0.328;a;
0.542;0.951,0.00297,0.589,0.483,0.192,0.502,0.638,0.709,0.259,0.386;aaaa;
0.3;0.38,0.989,0.597,0.495,0.597,0.342,0.454,0.618,0.731,0.214;aa;
0.0667;0.0758,0.153,0.851,0.15,0.164,0.818,0.246,0.426,0.333,0.992;aaaaaa;
0.789;0.0493,0.477,0.74,0.0403,0.821,0.866,0.194,0.492,0.981,0.0406;a;
0.877;0.858,0.647,0.461,0.217,0.7,0.616,0.969,0.398,0.229,0.398;aaaaaaaaa;
0.629;0.563,0.606,0.352,0.307,0.77,0.836,0.065,0.556,0.33,0.602;aaaaaaaaa;
0.0882;0.923,0.369,0.562,0.524,0.152,0.901,0.467,0.0819,0.0465,0.888;aaaaaaa;
0.431;0.307,0.843,0.345,0.866,0.423,0.0199,0.401,0.41,0.861,0.542;aaaaaaaa;
0.716;0.837,0.44,0.123,0.62,0.892,0.0107,0.12,0.436,0.718,0.11;aaaaaaa;
0.101;0.239,0.989,0.422,0.541,0.169,0.361,0.979,0.117,0.0748,0.28;aaaa;
0.382;0.0385,0.304,0.709,0.118,0.908,0.00294,0.223,0.966,0.282,0.792;a;
0.733;0.779,0.342,0.341,0.972,0.986,0.532,0.197,0.555,0.00323,0.214;aaaaaaa;
0.0241;0.817,0.123,0.414,0.597,0.186,0.19,0.869,0.847,0.353,0.99;aaaaaaaaaa;
0.102;0.239,0.77,0.333,0.356,0.492,0.946,0.857,0.336,0.69,0.908;aa;
0.165;0.559,0.966,0.42,0.796,0.171,0.0431,0.858,0.139,0.817,0.00185;a;
1;0.907,0.445,0.992,0.403,0.278,0.37,0.692,0.0629,0.945,0.723;aaaaaaaa;
0.472;0.582,0.21,0.0797,0.477,0.325,0.176,0.176,0.049,0.71,0.33;aaaaaa;
0.369;0.988,0.476,0.102,0.987,0.00239,0.635,0.121,0.327,0.4,0.678;aaaaaaa;
0.554;0.508,0.351,0.0561,0.462,0.628,0.375,0.56,0.76,0.343,0.0964;a;
0.791;0.464,0.266,0.158,0.571,0.651,0.0283,0.599,0.783,0.606,0.338;aaaaaaaaa;
0.947;0.622,0.436,0.138,0.81,0.294,0.557,0.473,0.231,0.103,0.309;aaaaaaa;
0.0594;0.615,0.0889,0.225,0.409,0.308,0.761,0.311,0.94,0.137,0.194;aa;
0.995;0.122,0.195,0.494,0.164,0.588,0.48,0.602,0.993,0.156,0.999;aaaaaaa;
0.466;0.909,0.571,0.258,0.578,0.0939,0.392,0.628,0.212,0.249,0.848;aaaaaa;
0.964;0.447,0.4,0.286,0.0377,0.61,0.459,0.393,0.429,0.966,0.0319;aaaaaaaaa;
0.312;0.325,0.0245,0.51,0.693,0.645,0.646,0.248,0.938,0.755,0.17;aaaaaaaaaa;
0.663;0.0337,0.563,0.154,0.563,0.565,0.828,0.288,0.0712,0.983,0.314;aaaaaa;
0.767;0.75,0.166,0.0089,0.106,0.636,0.93,0.667,0.611,0.107,0.0389;aa;
0.967;0.892,0.851,0.972,0.00169,0.881,0.0215,0.901,0.253,0.207,0.0429;aaaaaaaa;
0.659;0.22,0.279,0.637,0.911,0.153,0.723,0.99,0.0817,0.462,0.908;aaaaaaaaaa;
0.734;0.794,0.605,0.437,0.513,0.995,0.948,0.807,0.32,0.937,0.79;a;
0.0297;0.983,0.842,0.475,0.0602,0.559,0.0766,0.237,0.79,0.233,0.547;aaaaaaaaaa;
0.547;0.146,0.714,0.237,0.949,0.797,0.5,0.348,0.124,0.209,0.238;aa;
0.0319;0.256,0.132,0.426,0.887,0.609,0.229,0.582,0.248,0.855,0.211;aaaaaaaa;
0.584;0.731,0.158,0.4,0.0379,0.495,0.191,0.442,0.186,0.976,0.0267;a;
0.258;0.638,0.657,0.277,0.317,0.64,0.769,0.27,0.0668,0.239,0.324;aaaaaaaa;
0.152;0.349,0.752,0.0328,0.295,0.311,0.177,0.116,0.462,0.473,0.611;aa;
0.0187;0.0234,0.38,0.166,0.125,0.603,0.977,0.255,0.595,0.997,0.389;aaaa;
0.711;0.712,0.548,0.616,0.246,0.81,0.152,0.341,0.226,0.372,0.0168;aaaaaa;
0.855;0.802,0.103,0.654,0.691,0.993,0.57,0.977,0.68,0.512,0.819;aaaaa;
0.243;0.0569,0.0955,0.353,0.31,0.42,0.507,0.943,0.268,0.133,0.609;aaaaaaaaa;
0.0479;0.355,0.208,0.386,0.912,0.398,0.526,0.852,0.788,0.348,0.723;aaaaaaa;
0.364;0.684,0.851,0.754,0.026,0.113,0.169,0.436,0.309,0.755,0.126;aaaa;
0.995;0.341,0.627,0.866,0.465,0.802,0.353,0.465,0.994,0.606,0.26;aaa;
0.18;0.503,0.698,0.535,0.609,0.882,0.896,0.936,0.985,0.829,0.0897;aaa;
0.898;0.939,0.518,0.0242,0.65,0.249,0.0662,0.921,0.274,0.869,0.787;aaaaa;
0.418;0.859,0.487,0.366,0.916,0.448,0.977,0.479,0.518,0.239,0.969;aaaaaaaaaa;
0.847;0.96,0.483,0.305,0.844,0.678,0.768,0.429,0.61,0.32,0.476;aaaaaaaa;
0.786;0.278,0.999,0.245,0.438,0.512,0.382,0.12,0.465,0.305,0.427;aaaaaa;
0.896;0.18,0.262,0.005,0.43,0.396,0.502,0.192,0.853,0.802,0.651;aa;
0.231;0.408,0.866,0.398,0.15,0.461,0.547,0.571,0.825,0.944,0.22;aaaaaaaaa;
0.432;0.156,0.292,0.334,0.207,0.859,0.166,0.254,0.035,0.652,0.76;aaaa;
0.0474;0.353,0.0489,0.317,0.424,0.116,0.24,0.85,0.865,0.807,0.202;aaaaa;
0.0789;0.801,0.317,0.969,0.703,0.426,0.0153,0.436,0.515,0.435,0.0393;aaaaaaa;
0.212;0.869,0.771,0.138,0.447,0.798,0.389,0.462,0.985,0.81,0.0415;aaaaaaaa;
0.96;0.0705,0.536,0.141,0.763,0.132,0.57,0.311,0.695,0.00321,0.753;aa;
0.997;0.676,0.84,0.467,0.982,0.912,0.506,0.841,0.949,0.756,0.24;aaaaa;
0.532;0.00792,0.319,0.889,0.708,0.344,0.1,0.205,0.103,0.155,0.143;aaa;
0.823;0.9,0.757,0.172,0.653,0.89,0.474,0.46,0.0116,0.0586,0.632;aaaa;
0.897;0.356,0.872,0.742,0.719,0.0438,0.248,0.636,0.716,0.487,0.626;aaaaaaaaa;
0.35;0.191,0.528,0.26,0.00617,0.795,0.167,0.151,0.318,0.0821,0.231;aaaa;
0.658;0.336,0.516,0.748,0.906,0.785,0.128,0.356,0.747,0.738,0.466;aaaaaaaa;
0.475;0.58,0.689,0.25,0.312,0.646,0.0278,0.143,0.591,0.672,0.845;aa;
0.354;0.222,0.182,0.647,0.211,0.0312,0.0479,0.637,0.549,0.032,0.825;a;
0.828;0.21,0.347,0.792,0.613,0.164,0.481,0.411,0.474,0.748,0.875;aaaaa;
0.855;0.276,0.165,0.215,0.377,0.944,0.626,0.207,0.476,0.786,0.92;aaaaaaa;
0.745;0.84,0.475,0.0383,0.444,0.615,0.793,0.205,0.033,0.5,0.511;aaaa;
0.263;0.184,0.88,0.576,0.316,0.172,0.513,0.74,0.00783,0.164,0.986;aa;
0.492;0.0111,0.957,0.734,0.567,0.923,0.592,0.22,0.791,0.884,0.412;aaaa;
0.417;0.155,0.177,0.684,0.368,0.0672,0.809,0.921,0.97,0.071,0.874;aaaaaaa;
0.384;0.802,0.0861,0.612,0.835,0.127,0.43,0.353,0.581,0.899,0.0252;aaaaa;
0.972;0.364,0.649,0.333,0.115,0.991,0.413,0.995,0.312,0.73,0.474;aaaaaaa;
0.718;0.124,0.503,0.585,0.58,0.0883,0.231,0.256,0.258,0.816,0.252;aaaaaaa;
0.635;0.348,0.25,0.962,0.118,0.688,0.48,0.645,0.13,0.888,0.86;aaa;
0.0445;0.584,0.651,0.936,0.571,0.864,0.434,0.263,0.848,0.421,0.89;a;
0.569;0.436,0.56,0.221,0.372,0.463,0.392,0.0731,0.863,0.648,0.367;aaaaa;
0.0571;0.129,0.818,0.84,0.643,0.314,0.771,0.637,0.118,0.186,0.605;aaa;
0.588;0.482,0.394,0.27,0.875,0.842,0.709,0.651,0.15,0.566,0.905;aaaaaaa;
0.973;0.274,0.459,0.808,0.605,0.224,0.817,0.223,0.317,0.164,0.194;aaaaaa;
0.476;0.664,0.228,0.213,0.36,0.499,0.0652,0.39,0.881,0.562,0.162;aaa;
0.751;0.584,0.235,0.2,0.44,0.889,0.582,0.992,0.909,0.154,0.687;aa;
0.916;0.358,0.305,0.542,0.817,0.787,0.484,0.707,0.906,0.403,0.0261;aaaaaaaaaa;
0.639;0.552,0.501,0.796,0.293,0.793,0.653,0.899,0.418,0.0701,0.942;aaaaaaaa;
0.637;0.958,0.591,0.952,0.0141,0.378,0.568,0.964,0.613,0.685,0.574;aaaa;
0.248;0.823,0.519,0.478,0.969,0.142,0.0431,0.939,0.446,0.722,0.651;aaaaaaaaaa;
0.941;0.505,0.729,0.759,0.912,0.0733,0.217,0.559,0.861,0.301,0.442;aaaaa;
0.729;0.416,0.273,0.58,0.878,0.842,0.868,0.853,0.389,0.832,0.59;aaaaaa;
0.209;0.781,0.242,0.346,0.872,0.896,0.593,0.862,0.694,0.0677,0.398;a;
0.0667;0.245,0.737,0.428,0.752,0.638,0.391,0.53,0.104,0.536,0.27;aaaaaaaaaa;
0.925;0.345,0.932,0.425,0.817,0.35,0.359,0.917,0.98,0.0837,0.634;aaaaa;
0.0286;0.335,0.286,0.224,0.101,0.723,0.966,0.481,0.777,0.895,0.777;aaaaaaaaa;
0.815;0.764,0.887,0.105,0.465,0.641,0.0546,0.181,0.0193,0.13,0.933;aaaaaaaaaa;
0.112;0.54,0.691,0.496,0.19,0.365,0.0368,0.415,0.783,0.781,0.905;aa;
0.027;0.866,0.28,0.368,0.225,0.208,0.507,0.437,0.556,0.337,0.279;aaaaaaaaaa;
0.59;0.191,0.174,0.167,0.447,0.448,0.613,0.0778,0.445,0.628,0.112;aaa;
0.62;0.315,0.588,0.213,0.411,0.0215,0.373,0.463,0.352,0.203,0.396;aaaaa;
0.687;0.37,0.231,0.922,0.159,0.626,0.712,0.00501,0.447,0.791,0.244;aaaaaaa;
0.504;0.16,0.267,0.962,0.451,0.193,0.911,0.557,0.386,0.74,0.852;aaaaaa;
0.73;0.544,0.127,0.367,0.911,0.018,0.709,0.204,0.141,0.5,0.994;a;
0.137;0.914,0.377,0.366,0.508,0.584,0.431,0.309,0.211,0.531,0.475;aaaaaaaaa;
0.909;0.207,0.584,0.811,0.0642,0.771,0.122,0.419,0.31,0.481,0.0851;aaaaaa;
0.0973;0.421,0.372,0.0238,0.131,0.24,0.362,0.294,0.226,0.607,0.539;aaaaaa;
0.438;0.657,0.616,0.235,0.954,0.627,0.874,0.978,0.725,0.91,0.348;aaaaaaaaa;
0.529;0.74,0.205,0.753,0.521,0.52,0.991,0.789,0.00566,0.0447,0.217;aa;
0.618;0.0251,0.667,0.86,0.785,0.943,0.61,0.422,0.105,0.157,0.43;a;
0.541;0.283,0.72,0.273,0.989,0.0562,0.147,0.491,0.821,0.462,0.119;aaaaaa;
0.115;0.897,0.178,0.575,0.681,0.663,0.52,0.703,0.325,0.202,0.233;aaa;
0.923;0.831,0.883,0.849,0.118,0.209,0.969,0.523,0.149,0.21,0.312;a;
0.333;0.389,0.522,0.526,0.577,0.238,0.929,0.03,0.791,0.508,0.361;aa;
0.238;0.272,0.431,0.855,0.123,0.805,0.28,0.564,0.779,0.222,0.00194;aaaaaaaa;
0.219;0.564,0.999,0.938,0.88,0.805,0.988,0.22,0.853,0.104,0.526;aaaa;
0.513;0.866,0.132,0.241,0.678,0.631,0.493,0.827,0.976,0.0198,0.992;aaaaaa;
0.256;0.554,0.613,0.488,0.52,0.923,0.0962,0.604,0.0141,0.0296,0.625;aaaaaaa;
0.313;0.977,0.0547,0.0812,0.19,0.845,0.374,0.985,0.00302,0.319,0.408;aaaaaaa;
0.318;0.325,0.57,0.376,0.744,0.664,0.59,0.101,0.658,0.148,0.0687;a;
0.0705;0.867,0.795,0.0753,0.801,0.149,0.659,0.345,0.318,0.45,0.439;aaa;
0.699;0.0448,0.139,0.636,0.653,0.934,0.973,0.536,0.793,0.55,0.403;aaaaaaa;
0.783;0.205,0.82,0.914,0.000182,0.823,0.829,0.465,0.912,0.959,0.139;aaaaaaa;
1;0.159,0.259,0.482,0.706,0.199,0.00941,0.541,0.968,0.441,0.455;aaaaaaaaaa;
0.866;0.724,0.0454,0.0603,0.275,0.824,0.288,0.248,0.0708,0.146,0.843;aaaaaaa;
0.603;0.0444,0.45,0.425,0.74,0.53,0.0501,0.00883,0.39,0.367,0.694;aaa;
0.779;0.202,0.107,0.668,0.765,0.345,0.463,0.487,0.249,0.727,0.118;a;
0.886;0.318,0.856,0.328,0.0457,0.509,0.608,0.953,0.0337,0.5,0.963;aaa;
0.813;0.517,0.754,0.638,0.364,0.909,0.0127,0.397,0.875,0.936,0.478;aaaaa;
0.895;0.962,0.262,0.766,0.118,0.584,0.956,0.24,0.145,0.783,0.486;aaaaaaaaaa;
0.688;0.43,0.115,0.933,0.137,0.392,0.749,0.775,0.555,0.0804,0.418;aaaaaa;
0.215;0.293,0.979,0.81,0.259,0.847,0.144,0.305,0.684,0.901,0.888;aaaaaaaa;
0.479;0.196,0.126,0.139,0.185,0.429,0.303,0.02,0.3,0.558,0.226;aa;
0.0892;0.407,0.226,0.0403,0.531,0.906,0.545,0.551,0.827,0.682,0.875;aaa;
0.0624;0.372,0.665,0.0572,0.239,0.398,0.713,0.464,0.863,0.0145,0.29;aaaaa;
0.338;0.998,0.83,0.315,0.752,0.97,0.0047,0.134,0.981,0.739,0.885;aaa;
0.75;0.4,0.0314,0.403,0.567,0.0536,0.184,0.938,0.857,0.486,0.531;aa;
0.683;0.922,0.521,0.104,0.307,0.984,0.572,0.93,0.705,0.423,0.978;aaa;
0.512;0.94,0.752,0.22,0.991,0.847,0.106,0.604,0.0708,0.545,0.225;aaaaaaa;
0.396;0.703,0.329,0.774,0.558,0.701,0.689,0.695,0.457,0.704,0.685;aa;
0.579;0.133,0.611,0.614,0.981,0.715,0.836,0.868,0.0357,0.91,0.357;aaaaaaaa;
0.0671;0.684,0.704,0.18,0.596,0.833,0.834,0.898,0.335,0.37,0.0685;aaaaaaa;
0.696;0.413,0.51,0.213,0.638,0.972,0.208,0.545,0.474,0.798,0.959;aaaaa;
0.494;0.303,0.987,0.191,0.599,0.729,0.275,0.756,0.454,0.935,0.397;aaa;
0.967;0.529,0.827,0.661,0.199,0.13,0.718,0.238,0.0723,0.922,0.138;aaaaaaaaa;
0.208;0.789,0.165,0.193,0.647,0.754,0.855,0.882,0.111,0.963,0.854;aaaa;
0.625;0.924,0.0632,0.81,0.997,0.482,0.589,0.716,0.602,0.342,0.174;aaaaaaa;
0.129;0.925,0.134,0.667,0.677,0.337,0.781,0.457,0.303,0.332,0.799;aaaaaaaaaa;
0.328;0.87,0.92,0.267,0.321,0.504,0.326,0.238,0.848,0.507,0.933;aaaaa;
0.65;0.429,0.447,0.979,0.55,0.642,0.213,0.855,0.765,0.0984,0.88;aaaaaaaa;
0.539;0.221,0.215,0.247,0.586,0.114,0.412,0.911,0.0404,0.132,0.292;aaaaaaaaaa;
0.749;0.571,0.392,0.829,0.028,0.356,0.661,0.643,0.353,0.133,0.0289;aaaaaaaaa;
0.84;0.98,0.419,0.0389,0.221,0.553,0.225,0.745,0.531,0.589,0.879;aaaaaaaaa;
0.733;0.979,0.168,0.629,0.00744,0.979,0.728,0.506,0.208,0.636,0.131;aaa;
0.634;0.79,0.568,0.0951,0.433,0.319,0.554,0.996,0.437,0.346,0.627;aaaaaaaaa;
0.81;0.924,0.559,0.849,0.875,0.571,0.665,0.188,0.11,0.455,0.717;aaaaaaa;
0.652;0.0309,0.37,0.498,0.736,0.357,0.204,0.443,0.316,0.363,0.605;aaaaaaa;
0.624;0.974,0.186,0.576,0.0577,0.013,0.801,0.532,0.849,0.583,0.466;aaaaaa;
0.0487;0.429,0.98,0.656,0.956,0.886,0.0621,0.918,0.933,0.929,0.588;aaaaaaaa;
0.937;0.968,0.782,0.774,0.933,0.607,0.426,0.287,0.405,0.48,0.749;aaaaaaaaaa;
0.681;0.594,0.475,0.515,0.0247,0.631,0.586,0.657,0.732,0.331,0.928;aaaaaaaa;
0.377;0.563,0.268,0.135,0.991,0.309,0.03,0.226,0.824,0.837,0.489;aaaaaaaaa;
0.655;0.76,0.176,0.938,0.48,0.0204,0.706,0.719,0.074,0.647,0.15;aaaa;
0.358;0.452,0.0348,0.363,0.509,0.656,0.972,0.364,0.375,0.565,0.628;aaaaa;
0.64;0.849,0.478,0.617,0.509,0.861,0.979,0.181,0.601,0.195,0.107;a;
0.78;0.312,0.609,0.824,0.928,0.571,0.515,0.125,0.295,0.277,0.706;a;
0.782;0.948,0.783,0.733,0.167,0.87,0.926,0.142,0.0364,0.951,0.595;aaaaaaa;
0.299;0.706,0.295,0.646,0.572,0.0655,0.862,0.0308,0.938,0.918,0.112;a;
0.608;0.994,0.246,0.332,0.926,0.172,0.167,0.934,0.554,0.116,0.245;aaaaaaaa;
0.394;0.242,0.836,0.382,0.457,0.914,0.614,0.996,0.864,0.755,0.463;aaa;
0.407;0.411,0.253,0.872,0.231,0.239,0.66,0.574,0.735,0.132,0.695;aaaaaaaaa;
0.483;0.097,0.566,0.135,0.874,0.319,0.225,0.418,0.669,0.691,0.989;aaaaaa;
0.667;0.877,0.0429,0.0803,0.638,0.584,0.0983,0.962,0.595,0.189,0.357;aaaaa;
0.265;0.174,0.672,0.0198,0.191,0.271,0.0961,0.886,0.393,0.635,0.929;aaaaaa;
0.117;0.207,0.811,0.854,0.311,0.544,0.254,0.484,0.178,0.169,0.2;aaaa;
0.0419;0.97,0.149,0.399,0.343,0.858,0.0761,0.388,0.259,0.555,0.195;aaaaaaaa;
0.851;0.802,0.244,0.461,0.534,0.00919,0.355,0.573,0.925,0.96,0.272;a;
0.578;0.329,0.172,0.222,0.453,0.45,0.218,0.0274,0.263,0.209,0.556;aaaa;
0.21;0.242,0.385,0.641,0.787,0.852,0.615,0.183,0.407,0.851,0.0359;aaaa;
0.172;0.172,0.585,0.415,0.735,0.799,0.363,0.14,0.101,0.31,0.199;aaaaaaa;
0.625;0.961,0.761,0.264,0.125,0.0725,0.912,0.75,0.834,0.343,0.0619;aaaaaaaa;
0.637;0.319,0.313,0.475,0.37,0.14,0.764,0.788,0.941,0.37,0.0347;a;
0.513;0.585,0.566,0.215,0.467,0.0475,0.459,0.936,0.616,0.228,0.239;aaaaa;
0.66;0.965,0.89,0.21,0.338,0.912,0.826,0.338,0.884,0.365,0.272;aaaaaa;
0.731;0.174,0.588,0.638,0.647,0.687,0.388,0.292,0.393,0.825,0.171;a;
0.981;0.473,0.000248,0.718,0.452,0.501,0.367,0.311,0.847,0.249,0.541;aaaaa;
0.867;0.472,0.893,0.441,0.143,0.0373,0.63,0.459,0.791,0.323,0.856;aaaa;
0.842;0.493,0.511,0.791,0.557,0.853,0.808,0.134,0.28,0.531,0.409;aaaaaaa;
0.702;0.588,0.0603,0.985,0.314,0.194,0.257,0.57,0.104,0.226,0.575;aaaaaaaaaa;
0.527;0.472,0.975,0.0523,0.0635,0.98,0.669,0.095,0.96,0.742,0.193;aaaaaaaaaa;
0.973;0.664,0.585,0.371,0.899,0.936,0.772,0.958,0.0241,0.135,0.366;aaaaaaa;
0.247;0.93,0.789,0.644,0.24,0.836,0.63,0.803,0.312,0.58,0.147;aaaaaaaaa;
0.661;0.0407,0.979,0.936,0.549,0.89,0.437,0.913,0.683,0.937,0.494;aaaa;
0.724;0.106,0.617,0.376,0.622,0.895,0.298,0.477,0.213,0.851,0.348;aaaaa;
0.995;0.32,0.354,0.577,0.454,0.41,0.755,0.0678,0.157,0.967,0.409;aaaa;
0.31;0.757,0.419,0.129,0.735,0.357,0.34,0.611,0.551,0.103,0.204;aaaaaaaa;
0.413;0.464,0.712,0.392,0.233,0.145,0.394,0.144,0.527,0.529,0.973;aaaaaaaa;
0.954;0.63,0.486,0.397,0.417,0.332,0.291,0.37,0.838,0.721,0.548;aaa;
0.234;0.376,0.641,0.31,0.189,0.923,0.179,0.99,0.354,0.88,0.0268;aaa;
0.0694;0.825,0.0107,0.873,0.149,0.632,0.773,0.547,0.875,0.0238,0.264;aaaa;
0.457;0.217,0.666,0.92,0.376,0.586,0.802,0.219,0.69,0.239,0.629;aaaaa;
0.28;0.0813,0.193,0.0199,0.848,0.922,0.949,0.27,0.865,0.0446,0.228;aaaaaaa;
0.981;0.174,0.892,0.166,0.43,0.0938,0.1,0.781,0.15,0.175,0.774;aaaa;
0.842;0.331,0.154,0.808,0.94,0.16,0.474,0.41,0.852,0.438,0.416;aaaaaa;
0.249;0.717,0.991,0.858,0.593,0.892,0.00272,0.31,0.794,0.419,0.766;aaaaaaa;
0.129;0.0723,0.749,0.223,0.91,0.43,0.492,0.575,0.668,0.978,0.676;aaaa;
0.578;0.217,0.173,0.296,0.344,0.304,0.605,0.112,0.48,0.31,0.296;aaaaaaaaa;
0.156;0.718,0.986,0.396,0.655,0.182,0.861,0.766,0.751,0.656,0.466;aa;
0.868;0.549,0.403,0.388,0.664,0.871,0.803,0.231,0.482,0.0168,0.223;aaaaaaa;
0.334;0.43,0.324,0.403,0.845,0.368,0.321,0.57,0.301,0.66,0.67;a;
0.141;0.998,0.888,0.0816,0.0248,0.0639,0.512,0.397,0.247,0.126,0.372;aaaaa;
0.228;0.811,0.127,0.184,0.675,0.95,0.389,0.427,0.0889,0.812,0.0239;aa;
0.861;0.223,0.203,0.271,0.756,0.908,0.984,0.845,0.0661,0.581,0.41;aaaaaaaa;
0.792;0.911,0.789,0.287,0.749,0.797,0.657,0.0548,0.428,0.818,0.962;aaaaaaaaa;
0.156;0.606,0.53,0.398,0.58,0.0567,0.161,0.902,0.879,0.952,0.57;aaaaa;
0.774;0.0297,0.223,0.39,0.315,0.874,0.526,0.728,0.534,0.822,0.0422;aaaaa;
0.905;0.686,0.647,0.446,0.5,0.353,0.165,0.445,0.0507,0.306,0.725;aaa;
0.00287;0.725,0.19,0.0543,0.421,0.716,0.571,0.294,0.751,0.0914,0.38;aaaa;
0.282;0.0369,0.33,0.21,0.746,0.32,0.0275,0.331,0.399,0.439,0.449;aaaaa;
0.301;0.878,0.91,0.352,0.954,0.603,0.674,0.101,0.839,0.435,0.567;aaaaa;
0.675;0.824,0.103,0.952,0.849,0.859,0.451,0.837,0.857,0.65,0.107;aaaaaaaa;
0.867;0.325,0.146,0.511,0.0627,0.105,0.947,0.248,0.683,0.706,0.801;aaaaaaaa;
0.555;0.403,0.672,0.626,0.807,0.883,0.189,0.843,0.992,0.284,0.119;aaaaaa;
0.214;0.335,0.213,0.611,0.518,0.546,0.592,0.408,0.434,0.344,0.267;aaaaaaaa;
0.365;0.443,0.156,0.885,0.138,0.592,0.289,0.975,0.644,0.731,0.276;aaaaaaaaaa;
0.706;0.807,0.886,0.931,0.301,0.589,0.353,0.212,0.325,0.711,0.698;aaa;
0.842;0.208,0.296,0.941,0.481,0.42,0.744,0.871,0.947,0.236,0.786;aaaaaa;
0.624;0.799,0.482,0.569,0.343,0.543,0.54,0.271,0.72,0.314,0.499;aaaaaaa;
0.414;0.631,0.508,0.37,0.335,0.428,0.744,0.626,0.203,0.0659,0.93;aaaaaaaaa;
0.564;0.251,0.945,0.564,0.553,0.289,0.629,0.74,0.417,0.693,0.316;aaaaaa;
0.841;0.273,0.672,0.471,0.371,0.852,0.943,0.132,0.0952,0.989,0.199;a;
0.805;0.937,0.85,0.316,0.106,0.95,0.627,0.212,0.587,0.494,0.852;aaaaaaa;
0.57;0.567,0.181,0.996,0.224,0.284,0.268,0.112,0.696,0.998,0.172;aaa;
0.852;0.536,0.632,0.279,0.407,0.545,0.484,0.667,0.929,0.487,0.963;aaaaaaa;
0.322;0.451,0.522,0.707,0.175,0.332,0.0942,0.273,0.629,0.424,0.373;aaaaaa;
0.688;0.808,0.659,0.631,0.417,0.977,0.632,0.0601,0.21,0.283,0.383;a;
0.0259;0.612,0.42,0.175,0.531,0.145,0.743,0.00702,0.782,0.477,0.0543;aa;
0.288;0.224,0.278,0.21,0.351,0.371,0.649,0.943,0.442,0.0144,0.787;aaaaaaaaa;
0.145;0.683,0.0397,0.316,0.615,0.322,0.418,0.154,0.653,0.683,0.142;aaa;
0.322;0.451,0.522,0.707,0.175,0.332,0.0942,0.273,0.629,0.424,0.373;a;
0.688;0.808,0.659,0.631,0.417,0.977,0.632,0.0601,0.21,0.283,0.383;a;
0.0259;0.612,0.42,0.175,0.531,0.145,0.743,0.00702,0.782,0.477,0.0543;aaa;
0.288;0.224,0.278,0.21,0.351,0.371,0.649,0.943,0.442,0.0144,0.787;aaaa;
0.145;0.683,0.0397,0.316,0.615,0.322,0.418,0.154,0.653,0.683,0.142;aaaaaaaaa;
0.322;0.451,0.522,0.707,0.175,0.332,0.0942,0.273,0.629,0.424,0.373;aaa;
0.688;0.808,0.659,0.631,0.417,0.977,0.632,0.0601,0.21,0.283,0.383;aaaaaaaa;
0.0259;0.612,0.42,0.175,0.531,0.145,0.743,0.00702,0.782,0.477,0.0543;aaaaa;
0.288;0.224,0.278,0.21,0.351,0.371,0.649,0.943,0.442,0.0144,0.787;aaaaaaaa;
0.145;0.683,0.0397,0.316,0.615,0.322,0.418,0.154,0.653,0.683,0.142;aaaaaaaaa;
0.322;0.451,0.522,0.707,0.175,0.332,0.0942,0.273,0.629,0.424,0.373;a;
0.688;0.808,0.659,0.631,0.417,0.977,0.632,0.0601,0.21,0.283,0.383;aaaaaaaaaa;
0.0259;0.612,0.42,0.175,0.531,0.145,0.743,0.00702,0.782,0.477,0.0543;aaaaaaaa;
0.288;0.224,0.278,0.21,0.351,0.371,0.649,0.943,0.442,0.0144,0.787;aaaaaaaa;
0.145;0.683,0.0397,0.316,0.615,0.322,0.418,0.154,0.653,0.683,0.142;aaaaaaaaa;
0.322;0.451,0.522,0.707,0.175,0.332,0.0942,0.273,0.629,0.424,0.373;aaaaaaaaa;
0.688;0.808,0.659,0.631,0.417,0.977,0.632,0.0601,0.21,0.283,0.383;aaaaaaaa;
0.0259;0.612,0.42,0.175,0.531,0.145,0.743,0.00702,0.782,0.477,0.0543;aaaaaaaaa;
0.288;0.224,0.278,0.21,0.351,0.371,0.649,0.943,0.442,0.0144,0.787;aaaaaaa;
0.145;0.683,0.0397,0.316,0.615,0.322,0.418,0.154,0.653,0.683,0.142;a;
0.322;0.451,0.522,0.707,0.175,0.332,0.0942,0.273,0.629,0.424,0.373;aaaa;
0.688;0.808,0.659,0.631,0.417,0.977,0.632,0.0601,0.21,0.283,0.383;aaa;
0.0259;0.612,0.42,0.175,0.531,0.145,0.743,0.00702,0.782,0.477,0.0543;aaaaaaa;
0.288;0.224,0.278,0.21,0.351,0.371,0.649,0.943,0.442,0.0144,0.787;aaaa;
0.145;0.683,0.0397,0.316,0.615,0.322,0.418,0.154,0.653,0.683,0.142;aaa;
0.322;0.451,0.522,0.707,0.175,0.332,0.0942,0.273,0.629,0.424,0.373;aaaaaaaaa;
0.688;0.808,0.659,0.631,0.417,0.977,0.632,0.0601,0.21,0.283,0.383;aaaa;
0.0259;0.612,0.42,0.175,0.531,0.145,0.743,0.00702,0.782,0.477,0.0543;aaaaa;
0.288;0.224,0.278,0.21,0.351,0.371,0.649,0.943,0.442,0.0144,0.787;aaaaaaaaaa;
0.145;0.683,0.0397,0.316,0.615,0.322,0.418,0.154,0.653,0.683,0.142;aaaaaaa;
0.322;0.451,0.522,0.707,0.175,0.332,0.0942,0.273,0.629,0.424,0.373;aaaaaaaa;
0.688;0.808,0.659,0.631,0.417,0.977,0.632,0.0601,0.21,0.283,0.383;aaaaaaaaa;
0.0259;0.612,0.42,0.175,0.531,0.145,0.743,0.00702,0.782,0.477,0.0543;aaaaaaaa;
0.288;0.224,0.278,0.21,0.351,0.371,0.649,0.943,0.442,0.0144,0.787;aaaaaaaaaa;
0.145;0.683,0.0397,0.316,0.615,0.322,0.418,0.154,0.653,0.683,0.142;aaaa;
0.322;0.451,0.522,0.707,0.175,0.332,0.0942,0.273,0.629,0.424,0.373;aaaaaaaaa;
0.688;0.808,0.659,0.631,0.417,0.977,0.632,0.0601,0.21,0.283,0.383;aaaaaaaaaa;
0.0259;0.612,0.42,0.175,0.531,0.145,0.743,0.00702,0.782,0.477,0.0543;aa;
0.288;0.224,0.278,0.21,0.351,0.371,0.649,0.943,0.442,0.0144,0.787;aa;
0.145;0.683,0.0397,0.316,0.615,0.322,0.418,0.154,0.653,0.683,0.142;aaaaaaaaaa;
0.322;0.451,0.522,0.707,0.175,0.332,0.0942,0.273,0.629,0.424,0.373;aaaaaaaaa;
0.688;0.808,0.659,0.631,0.417,0.977,0.632,0.0601,0.21,0.283,0.383;a;
0.0259;0.612,0.42,0.175,0.531,0.145,0.743,0.00702,0.782,0.477,0.0543;aaaaaaaa;
0.288;0.224,0.278,0.21,0.351,0.371,0.649,0.943,0.442,0.0144,0.787;aaaaaaaa;
0.145;0.683,0.0397,0.316,0.615,0.322,0.418,0.154,0.653,0.683,0.142;aaaaaa;
0.322;0.451,0.522,0.707,0.175,0.332,0.0942,0.273,0.629,0.424,0.373;aaaaaa;
0.688;0.808,0.659,0.631,0.417,0.977,0.632,0.0601,0.21,0.283,0.383;aa;
0.0259;0.612,0.42,0.175,0.531,0.145,0.743,0.00702,0.782,0.477,0.0543;aaaaaaaa;
0.288;0.224,0.278,0.21,0.351,0.371,0.649,0.943,0.442,0.0144,0.787;a;
0.145;0.683,0.0397,0.316,0.615,0.322,0.418,0.154,0.653,0.683,0.142;aaaaaaaaaa;
0.322;0.451,0.522,0.707,0.175,0.332,0.0942,0.273,0.629,0.424,0.373;aaaaa;
0.688;0.808,0.659,0.631,0.417,0.977,0.632,0.0601,0.21,0.283,0.383;aaaaa;
0.0259;0.612,0.42,0.175,0.531,0.145,0.743,0.00702,0.782,0.477,0.0543;aaaaaaa;
0.288;0.224,0.278,0.21,0.351,0.371,0.649,0.943,0.442,0.0144,0.787;aaaaaaa;
0.145;0.683,0.0397,0.316,0.615,0.322,0.418,0.154,0.653,0.683,0.142;aaaaaaaaa;
0.322;0.451,0.522,0.707,0.175,0.332,0.0942,0.273,0.629,0.424,0.373;aaaaaa;
0.688;0.808,0.659,0.631,0.417,0.977,0.632,0.0601,0.21,0.283,0.383;aaaaaaaaaa;
0.0259;0.612,0.42,0.175,0.531,0.145,0.743,0.00702,0.782,0.477,0.0543;aaaaa;
0.288;0.224,0.278,0.21,0.351,0.371,0.649,0.943,0.442,0.0144,0.787;aaaaaaa;
0.145;0.683,0.0397,0.316,0.615,0.322,0.418,0.154,0.653,0.683,0.142;aaa;
0.322;0.451,0.522,0.707,0.175,0.332,0.0942,0.273,0.629,0.424,0.373;aaaa;
0.688;0.808,0.659,0.631,0.417,0.977,0.632,0.0601,0.21,0.283,0.383;aaa;
0.0259;0.612,0.42,0.175,0.531,0.145,0.743,0.00702,0.782,0.477,0.0543;aaaaaa;
0.288;0.224,0.278,0.21,0.351,0.371,0.649,0.943,0.442,0.0144,0.787;aaaaa;
0.145;0.683,0.0397,0.316,0.615,0.322,0.418,0.154,0.653,0.683,0.142;aaaaaaaaaa;
0.322;0.451,0.522,0.707,0.175,0.332,0.0942,0.273,0.629,0.424,0.373;aaaaaaa;
0.688;0.808,0.659,0.631,0.417,0.977,0.632,0.0601,0.21,0.283,0.383;aaaaaaaaa;
0.0259;0.612,0.42,0.175,0.531,0.145,0.743,0.00702,0.782,0.477,0.0543;aaa;
0.288;0.224,0.278,0.21,0.351,0.371,0.649,0.943,0.442,0.0144,0.787;aaaa;
0.145;0.683,0.0397,0.316,0.615,0.322,0.418,0.154,0.653,0.683,0.142;aaaaaa;
0.322;0.451,0.522,0.707,0.175,0.332,0.0942,0.273,0.629,0.424,0.373;aaaaaaaa;
0.688;0.808,0.659,0.631,0.417,0.977,0.632,0.0601,0.21,0.283,0.383;aaa;
0.0259;0.612,0.42,0.175,0.531,0.145,0.743,0.00702,0.782,0.477,0.0543;aaaaaaaa;
0.288;0.224,0.278,0.21,0.351,0.371,0.649,0.943,0.442,0.0144,0.787;aaaaaaa;
0.145;0.683,0.0397,0.316,0.615,0.322,0.418,0.154,0.653,0.683,0.142;a;
0.322;0.451,0.522,0.707,0.175,0.332,0.0942,0.273,0.629,0.424,0.373;aaaaaaaaaa;
0.688;0.808,0.659,0.631,0.417,0.977,0.632,0.0601,0.21,0.283,0.383;aaaaa;
0.0259;0.612,0.42,0.175,0.531,0.145,0.743,0.00702,0.782,0.477,0.0543;aaaaaaaa;
0.288;0.224,0.278,0.21,0.351,0.371,0.649,0.943,0.442,0.0144,0.787;aaaaaaaaaa;
0.145;0.683,0.0397,0.316,0.615,0.322,0.418,0.154,0.653,0.683,0.142;aaaa;
0.322;0.451,0.522,0.707,0.175,0.332,0.0942,0.273,0.629,0.424,0.373;aaaaaa;
0.688;0.808,0.659,0.631,0.417,0.977,0.632,0.0601,0.21,0.283,0.383;aaa;
0.0259;0.612,0.42,0.175,0.531,0.145,0.743,0.00702,0.782,0.477,0.0543;aa;
0.288;0.224,0.278,0.21,0.351,0.371,0.649,0.943,0.442,0.0144,0.787;aa;
0.145;0.683,0.0397,0.316,0.615,0.322,0.418,0.154,0.653,0.683,0.142;aaaaa;
0.322;0.451,0.522,0.707,0.175,0.332,0.0942,0.273,0.629,0.424,0.373;aaa;
0.688;0.808,0.659,0.631,0.417,0.977,0.632,0.0601,0.21,0.283,0.383;aaaa;
0.0259;0.612,0.42,0.175,0.531,0.145,0.743,0.00702,0.782,0.477,0.0543;aaaaaaaaa;
0.288;0.224,0.278,0.21,0.351,0.371,0.649,0.943,0.442,0.0144,0.787;aaaaaaaaaa;
0.145;0.683,0.0397,0.316,0.615,0.322,0.418,0.154,0.653,0.683,0.142;aaaaa;
0.322;0.451,0.522,0.707,0.175,0.332,0.0942,0.273,0.629,0.424,0.373;aaaaa;
0.688;0.808,0.659,0.631,0.417,0.977,0.632,0.0601,0.21,0.283,0.383;a;
0.0259;0.612,0.42,0.175,0.531,0.145,0.743,0.00702,0.782,0.477,0.0543;aaa;
0.288;0.224,0.278,0.21,0.351,0.371,0.649,0.943,0.442,0.0144,0.787;a;
0.145;0.683,0.0397,0.316,0.615,0.322,0.418,0.154,0.653,0.683,0.142;aaaaaaaaa;
0.322;0.451,0.522,0.707,0.175,0.332,0.0942,0.273,0.629,0.424,0.373;aaa;
0.688;0.808,0.659,0.631,0.417,0.977,0.632,0.0601,0.21,0.283,0.383;aaaaaaaaa;
0.0259;0.612,0.42,0.175,0.531,0.145,0.743,0.00702,0.782,0.477,0.0543;aaaaaaaaa;
0.288;0.224,0.278,0.21,0.351,0.371,0.649,0.943,0.442,0.0144,0.787;aaaaaaaaaa;
0.145;0.683,0.0397,0.316,0.615,0.322,0.418,0.154,0.653,0.683,0.142;aaaaaa;
0.322;0.451,0.522,0.707,0.175,0.332,0.0942,0.273,0.629,0.424,0.373;aaa;
0.688;0.808,0.659,0.631,0.417,0.977,0.632,0.0601,0.21,0.283,0.383;aa;
0.0259;0.612,0.42,0.175,0.531,0.145,0.743,0.00702,0.782,0.477,0.0543;aa;
0.288;0.224,0.278,0.21,0.351,0.371,0.649,0.943,0.442,0.0144,0.787;aaaaaaa;
0.145;0.683,0.0397,0.316,0.615,0.322,0.418,0.154,0.653,0.683,0.142;aaaaaaaaaa;
0.322;0.451,0.522,0.707,0.175,0.332,0.0942,0.273,0.629,0.424,0.373;aa;
0.688;0.808,0.659,0.631,0.417,0.977,0.632,0.0601,0.21,0.283,0.383;a;
0.0259;0.612,0.42,0.175,0.531,0.145,0.743,0.00702,0.782,0.477,0.0543;aaaa;
0.288;0.224,0.278,0.21,0.351,0.371,0.649,0.943,0.442,0.0144,0.787;aaaaaaaaaa;
0.145;0.683,0.0397,0.316,0.615,0.322,0.418,0.154,0.653,0.683,0.142;aa;
0.322;0.451,0.522,0.707,0.175,0.332,0.0942,0.273,0.629,0.424,0.373;aaaaaaa;
0.688;0.808,0.659,0.631,0.417,0.977,0.632,0.0601,0.21,0.283,0.383;aaaaa;
0.0259;0.612,0.42,0.175,0.531,0.145,0.743,0.00702,0.782,0.477,0.0543;aa;
0.288;0.224,0.278,0.21,0.351,0.371,0.649,0.943,0.442,0.0144,0.787;aaaaaaaaaa;
0.145;0.683,0.0397,0.316,0.615,0.322,0.418,0.154,0.653,0.683,0.142;aaaaaaa;
0.322;0.451,0.522,0.707,0.175,0.332,0.0942,0.273,0.629,0.424,0.373;aaaaaaaaa;
0.688;0.808,0.659,0.631,0.417,0.977,0.632,0.0601,0.21,0.283,0.383;a;
0.0259;0.612,0.42,0.175,0.531,0.145,0.743,0.00702,0.782,0.477,0.0543;aaa;
0.288;0.224,0.278,0.21,0.351,0.371,0.649,0.943,0.442,0.0144,0.787;aaa;
0.145;0.683,0.0397,0.316,0.615,0.322,0.418,0.154,0.653,0.683,0.142;aaaaaa;
0.322;0.451,0.522,0.707,0.175,0.332,0.0942,0.273,0.629,0.424,0.373;aaaaa;
0.688;0.808,0.659,0.631,0.417,0.977,0.632,0.0601,0.21,0.283,0.383;aaaaaa;
0.0259;0.612,0.42,0.175,0.531,0.145,0.743,0.00702,0.782,0.477,0.0543;aaaaa;
0.288;0.224,0.278,0.21,0.351,0.371,0.649,0.943,0.442,0.0144,0.787;aaaaaaaa;
0.145;0.683,0.0397,0.316,0.615,0.322,0.418,0.154,0.653,0.683,0.142;aaaaa;
0.322;0.451,0.522,0.707,0.175,0.332,0.0942,0.273,0.629,0.424,0.373;aaaaaa;
0.688;0.808,0.659,0.631,0.417,0.977,0.632,0.0601,0.21,0.283,0.383;aaa;
0.0259;0.612,0.42,0.175,0.531,0.145,0.743,0.00702,0.782,0.477,0.0543;aaa;
0.288;0.224,0.278,0.21,0.351,0.371,0.649,0.943,0.442,0.0144,0.787;aaaaaa;
0.145;0.683,0.0397,0.316,0.615,0.322,0.418,0.154,0.653,0.683,0.142;aaaaaaaaaa;
0.322;0.451,0.522,0.707,0.175,0.332,0.0942,0.273,0.629,0.424,0.373;aaaaaaaaaa;
0.688;0.808,0.659,0.631,0.417,0.977,0.632,0.0601,0.21,0.283,0.383;aaaaaaaaa;
0.0259;0.612,0.42,0.175,0.531,0.145,0.743,0.00702,0.782,0.477,0.0543;aaaaaaaaaa;
0.288;0.224,0.278,0.21,0.351,0.371,0.649,0.943,0.442,0.0144,0.787;aaaaaaaaaa;
0.145;0.683,0.0397,0.316,0.615,0.322,0.418,0.154,0.653,0.683,0.142;aaaa;
0.322;0.451,0.522,0.707,0.175,0.332,0.0942,0.273,0.629,0.424,0.373;aaaa;
0.688;0.808,0.659,0.631,0.417,0.977,0.632,0.0601,0.21,0.283,0.383;aaaaaaaa;
0.0259;0.612,0.42,0.175,0.531,0.145,0.743,0.00702,0.782,0.477,0.0543;a;
0.288;0.224,0.278,0.21,0.351,0.371,0.649,0.943,0.442,0.0144,0.787;aaa;
0.145;0.683,0.0397,0.316,0.615,0.322,0.418,0.154,0.653,0.683,0.142;a;
0.322;0.451,0.522,0.707,0.175,0.332,0.0942,0.273,0.629,0.424,0.373;aaaaaaaaaa;
0.688;0.808,0.659,0.631,0.417,0.977,0.632,0.0601,0.21,0.283,0.383;aaaaaaaaaa;
0.0259;0.612,0.42,0.175,0.531,0.145,0.743,0.00702,0.782,0.477,0.0543;aaaaaaaaaa;
0.288;0.224,0.278,0.21,0.351,0.371,0.649,0.943,0.442,0.0144,0.787;a;
0.145;0.683,0.0397,0.316,0.615,0.322,0.418,0.154,0.653,0.683,0.142;aaaaa;
0.322;0.451,0.522,0.707,0.175,0.332,0.0942,0.273,0.629,0.424,0.373;a;
0.688;0.808,0.659,0.631,0.417,0.977,0.632,0.0601,0.21,0.283,0.383;a;
0.0259;0.612,0.42,0.175,0.531,0.145,0.743,0.00702,0.782,0.477,0.0543;aaaaaaaaaa;
0.288;0.224,0.278,0.21,0.351,0.371,0.649,0.943,0.442,0.0144,0.787;aaaaaaaa;
0.145;0.683,0.0397,0.316,0.615,0.322,0.418,0.154,0.653,0.683,0.142;a;
0.322;0.451,0.522,0.707,0.175,0.332,0.0942,0.273,0.629,0.424,0.373;aaaaaaaa;
0.688;0.808,0.659,0.631,0.417,0.977,0.632,0.0601,0.21,0.283,0.383;aaaaaaaaa;
0.0259;0.612,0.42,0.175,0.531,0.145,0.743,0.00702,0.782,0.477,0.0543;aaaaaa;
0.288;0.224,0.278,0.21,0.351,0.371,0.649,0.943,0.442,0.0144,0.787;aaaaaaaa;
0.145;0.683,0.0397,0.316,0.615,0.322,0.418,0.154,0.653,0.683,0.142;aaaaaa;
0.322;0.451,0.522,0.707,0.175,0.332,0.0942,0.273,0.629,0.424,0.373;aa;
0.688;0.808,0.659,0.631,0.417,0.977,0.632,0.0601,0.21,0.283,0.383;a;
0.0259;0.612,0.42,0.175,0.531,0.145,0.743,0.00702,0.782,0.477,0.0543;a;
0.288;0.224,0.278,0.21,0.351,0.371,0.649,0.943,0.442,0.0144,0.787;a;
0.145;0.683,0.0397,0.316,0.615,0.322,0.418,0.154,0.653,0.683,0.142;aaaaaaaaaa;
0.322;0.451,0.522,0.707,0.175,0.332,0.0942,0.273,0.629,0.424,0.373;aaaaa;
0.688;0.808,0.659,0.631,0.417,0.977,0.632,0.0601,0.21,0.283,0.383;aaaaa;
0.0259;0.612,0.42,0.175,0.531,0.145,0.743,0.00702,0.782,0.477,0.0543;aaaaaaaa;
0.288;0.224,0.278,0.21,0.351,0.371,0.649,0.943,0.442,0.0144,0.787;aa;
0.145;0.683,0.0397,0.316,0.615,0.322,0.418,0.154,0.653,0.683,0.142;aaaa;
0.322;0.451,0.522,0.707,0.175,0.332,0.0942,0.273,0.629,0.424,0.373;aaaaa;
0.688;0.808,0.659,0.631,0.417,0.977,0.632,0.0601,0.21,0.283,0.383;aaaaa;
0.0259;0.612,0.42,0.175,0.531,0.145,0.743,0.00702,0.782,0.477,0.0543;aaaaaaaaaa;
0.288;0.224,0.278,0.21,0.351,0.371,0.649,0.943,0.442,0.0144,0.787;a;
0.145;0.683,0.0397,0.316,0.615,0.322,0.418,0.154,0.653,0.683,0.142;a;
0.322;0.451,0.522,0.707,0.175,0.332,0.0942,0.273,0.629,0.424,0.373;aaaaa;
0.688;0.808,0.659,0.631,0.417,0.977,0.632,0.0601,0.21,0.283,0.383;aaaaaa;
0.0259;0.612,0.42,0.175,0.531,0.145,0.743,0.00702,0.782,0.477,0.0543;aaaa;
0.288;0.224,0.278,0.21,0.351,0.371,0.649,0.943,0.442,0.0144,0.787;a;
0.145;0.683,0.0397,0.316,0.615,0.322,0.418,0.154,0.653,0.683,0.142;aaaaa;
0.322;0.451,0.522,0.707,0.175,0.332,0.0942,0.273,0.629,0.424,0.373;aaaaaaa;
0.688;0.808,0.659,0.631,0.417,0.977,0.632,0.0601,0.21,0.283,0.383;aaaaaaa;
0.0259;0.612,0.42,0.175,0.531,0.145,0.743,0.00702,0.782,0.477,0.0543;aaaaa;
0.288;0.224,0.278,0.21,0.351,0.371,0.649,0.943,0.442,0.0144,0.787;aaaaaaaa;
0.145;0.683,0.0397,0.316,0.615,0.322,0.418,0.154,0.653,0.683,0.142;aaaaa;
0.322;0.451,0.522,0.707,0.175,0.332,0.0942,0.273,0.629,0.424,0.373;aaaaaaaa;
0.688;0.808,0.659,0.631,0.417,0.977,0.632,0.0601,0.21,0.283,0.383;aaaa;
0.0259;0.612,0.42,0.175,0.531,0.145,0.743,0.00702,0.782,0.477,0.0543;aaaaaaa;
0.288;0.224,0.278,0.21,0.351,0.371,0.649,0.943,0.442,0.0144,0.787;aaaaa;
0.145;0.683,0.0397,0.316,0.615,0.322,0.418,0.154,0.653,0.683,0.142;aaaaa;
0.322;0.451,0.522,0.707,0.175,0.332,0.0942,0.273,0.629,0.424,0.373;a;
0.688;0.808,0.659,0.631,0.417,0.977,0.632,0.0601,0.21,0.283,0.383;a;
0.0259;0.612,0.42,0.175,0.531,0.145,0.743,0.00702,0.782,0.477,0.0543;aaaaaaaaa;
0.288;0.224,0.278,0.21,0.351,0.371,0.649,0.943,0.442,0.0144,0.787;aaaaaaaaaa;
0.145;0.683,0.0397,0.316,0.615,0.322,0.418,0.154,0.653,0.683,0.142;aaaaaaaaaa;
0.322;0.451,0.522,0.707,0.175,0.332,0.0942,0.273,0.629,0.424,0.373;aaaa;
0.688;0.808,0.659,0.631,0.417,0.977,0.632,0.0601,0.21,0.283,0.383;aaaaaaa;
0.0259;0.612,0.42,0.175,0.531,0.145,0.743,0.00702,0.782,0.477,0.0543;a;
0.288;0.224,0.278,0.21,0.351,0.371,0.649,0.943,0.442,0.0144,0.787;aaaaaa;
0.145;0.683,0.0397,0.316,0.615,0.322,0.418,0.154,0.653,0.683,0.142;aaaaa;
0.322;0.451,0.522,0.707,0.175,0.332,0.0942,0.273,0.629,0.424,0.373;aaaaaaaa;
0.688;0.808,0.659,0.631,0.417,0.977,0.632,0.0601,0.21,0.283,0.383;aaaaaa;
0.0259;0.612,0.42,0.175,0.531,0.145,0.743,0.00702,0.782,0.477,0.0543;aaaaa;
0.288;0.224,0.278,0.21,0.351,0.371,0.649,0.943,0.442,0.0144,0.787;aaaaaaaaaa;
0.145;0.683,0.0397,0.316,0.615,0.322,0.418,0.154,0.653,0.683,0.142;aaaa;
0.322;0.451,0.522,0.707,0.175,0.332,0.0942,0.273,0.629,0.424,0.373;aaaaaaaaa;
0.688;0.808,0.659,0.631,0.417,0.977,0.632,0.0601,0.21,0.283,0.383;aaaaaa;
0.0259;0.612,0.42,0.175,0.531,0.145,0.743,0.00702,0.782,0.477,0.0543;aaaaa;
0.288;0.224,0.278,0.21,0.351,0.371,0.649,0.943,0.442,0.0144,0.787;aaaaaa;
0.145;0.683,0.0397,0.316,0.615,0.322,0.418,0.154,0.653,0.683,0.142;aaaaa;
0.322;0.451,0.522,0.707,0.175,0.332,0.0942,0.273,0.629,0.424,0.373;aa;
0.688;0.808,0.659,0.631,0.417,0.977,0.632,0.0601,0.21,0.283,0.383;aa;
0.0259;0.612,0.42,0.175,0.531,0.145,0.743,0.00702,0.782,0.477,0.0543;aa;
0.288;0.224,0.278,0.21,0.351,0.371,0.649,0.943,0.442,0.0144,0.787;aaaaaa;
0.145;0.683,0.0397,0.316,0.615,0.322,0.418,0.154,0.653,0.683,0.142;aaaaaaaaa;
0.322;0.451,0.522,0.707,0.175,0.332,0.0942,0.273,0.629,0.424,0.373;a;
0.688;0.808,0.659,0.631,0.417,0.977,0.632,0.0601,0.21,0.283,0.383;aaaaaaa;
0.0259;0.612,0.42,0.175,0.531,0.145,0.743,0.00702,0.782,0.477,0.0543;aaa;
0.288;0.224,0.278,0.21,0.351,0.371,0.649,0.943,0.442,0.0144,0.787;aaaaaaaa;
0.145;0.683,0.0397,0.316,0.615,0.322,0.418,0.154,0.653,0.683,0.142;a;
0.322;0.451,0.522,0.707,0.175,0.332,0.0942,0.273,0.629,0.424,0.373;aaa;
0.688;0.808,0.659,0.631,0.417,0.977,0.632,0.0601,0.21,0.283,0.383;aaaaaa;
0.0259;0.612,0.42,0.175,0.531,0.145,0.743,0.00702,0.782,0.477,0.0543;a;
0.288;0.224,0.278,0.21,0.351,0.371,0.649,0.943,0.442,0.0144,0.787;aaaaaaaaa;
0.145;0.683,0.0397,0.316,0.615,0.322,0.418,0.154,0.653,0.683,0.142;aaaaaaaaa;
0.322;0.451,0.522,0.707,0.175,0.332,0.0942,0.273,0.629,0.424,0.373;a;
0.688;0.808,0.659,0.631,0.417,0.977,0.632,0.0601,0.21,0.283,0.383;aaaa;
0.0259;0.612,0.42,0.175,0.531,0.145,0.743,0.00702,0.782,0.477,0.0543;aa;
0.288;0.224,0.278,0.21,0.351,0.371,0.649,0.943,0.442,0.0144,0.787;aaaaaaaaa;
0.145;0.683,0.0397,0.316,0.615,0.322,0.418,0.154,0.653,0.683,0.142;aaa;
0.322;0.451,0.522,0.707,0.175,0.332,0.0942,0.273,0.629,0.424,0.373;aaaaaaaaaa;
0.688;0.808,0.659,0.631,0.417,0.977,0.632,0.0601,0.21,0.283,0.383;a;
0.0259;0.612,0.42,0.175,0.531,0.145,0.743,0.00702,0.782,0.477,0.0543;aaaaaaaa;
0.288;0.224,0.278,0.21,0.351,0.371,0.649,0.943,0.442,0.0144,0.787;aaaaaaaaa;
0.145;0.683,0.0397,0.316,0.615,0.322,0.418,0.154,0.653,0.683,0.142;aaaaa;
0.322;0.451,0.522,0.707,0.175,0.332,0.0942,0.273,0.629,0.424,0.373;aa;
0.688;0.808,0.659,0.631,0.417,0.977,0.632,0.0601,0.21,0.283,0.383;aaa;
0.0259;0.612,0.42,0.175,0.531,0.145,0.743,0.00702,0.782,0.477,0.0543;aa;
0.288;0.224,0.278,0.21,0.351,0.371,0.649,0.943,0.442,0.0144,0.787;aaaaa;
0.145;0.683,0.0397,0.316,0.615,0.322,0.418,0.154,0.653,0.683,0.142;aa;
0.322;0.451,0.522,0.707,0.175,0.332,0.0942,0.273,0.629,0.424,0.373;aaaa;
0.688;0.808,0.659,0.631,0.417,0.977,0.632,0.0601,0.21,0.283,0.383;aaaaaaaaaa;
0.0259;0.612,0.42,0.175,0.531,0.145,0.743,0.00702,0.782,0.477,0.0543;aaaaaaaa;
0.288;0.224,0.278,0.21,0.351,0.371,0.649,0.943,0.442,0.0144,0.787;aa;
0.145;0.683,0.0397,0.316,0.615,0.322,0.418,0.154,0.653,0.683,0.142;aa;
0.322;0.451,0.522,0.707,0.175,0.332,0.0942,0.273,0.629,0.424,0.373;aaaaaa;
0.688;0.808,0.659,0.631,0.417,0.977,0.632,0.0601,0.21,0.283,0.383;aaaaa;
0.0259;0.612,0.42,0.175,0.531,0.145,0.743,0.00702,0.782,0.477,0.0543;aaaaaaa;
0.288;0.224,0.278,0.21,0.351,0.371,0.649,0.943,0.442,0.0144,0.787;aaaaaaaaa;
0.145;0.683,0.0397,0.316,0.615,0.322,0.418,0.154,0.653,0.683,0.142;aaaa;
