ATT0(float,1);ATT1(float,10);ATT2(string,10);
0.137;0.793,0.722,0.56,0.667,0.667,0.84,0.785,0.302,0.0721,0.343;a;
0.913;0.371,0.52,0.747,0.72,0.429,0.167,0.788,0.646,0.652,0.0482;aaaaaaaaaa;
0.187;0.722,0.618,0.0304,0.107,0.617,0.999,0.487,0.221,0.155,0.769;aaaa;
0.858;0.18,0.796,0.53,0.604,0.831,0.913,0.576,0.805,0.844,0.872;aaaaaaaaaa;
0.215;0.144,0.781,0.483,0.625,0.0655,0.407,0.844,0.742,0.293,0.951;aaa;
0.58;0.484,0.581,0.652,0.124,0.0197,0.108,0.448,0.809,0.222,0.752;aaaaaaa;
0.689;0.98,0.157,0.748,0.529,0.306,0.118,0.773,0.533,0.379,0.785;a;
0.591;0.6,0.856,0.143,0.509,0.55,0.476,0.792,0.445,0.178,0.872;aaa;
0.683;0.404,0.16,0.752,0.955,0.726,0.244,0.515,0.401,0.461,0.0924;aaaa;
0.589;0.553,0.519,0.497,0.544,0.683,0.946,0.313,0.751,0.838,0.469;aaa;
0.14;0.893,0.976,0.51,0.17,0.961,0.509,0.481,0.263,0.157,0.508;aaaa;
0.554;0.397,0.285,0.905,0.497,0.168,0.882,0.431,0.423,0.965,0.806;aaaa;
0.944;0.351,0.00995,0.635,0.101,0.267,0.743,0.441,0.645,0.983,0.0849;aaa;
0.0183;0.0246,0.0473,0.779,0.0929,0.445,0.724,0.798,0.886,0.78,0.503;aaaaaaaa;
0.94;0.553,0.714,0.215,0.541,0.829,0.816,0.919,0.495,0.0301,0.386;aaa;
0.274;0.822,0.116,0.553,0.0448,0.144,0.399,0.382,0.687,0.855,0.806;aaaaaaaaaa;
0.958;0.827,0.237,0.0994,0.542,0.973,0.82,0.187,0.247,0.907,0.0484;aaaaaaaaaa;
0.687;0.747,0.939,0.539,0.625,0.313,0.205,0.996,0.686,0.383,0.926;aaaaaaaa;
0.497;0.471,0.7,0.565,0.766,0.478,0.811,0.923,0.589,0.669,0.472;aaaaaaaaaa;
0.264;0.233,0.968,0.558,0.243,0.041,0.501,0.332,0.292,0.615,0.78;aaaa;
0.653;0.686,0.0276,0.235,0.34,0.137,0.785,0.907,0.655,0.583,0.62;aaaaaaaa;
0.314;0.768,0.324,0.0572,0.233,0.704,0.182,0.139,0.603,0.307,0.483;aaaaaa;
0.602;0.265,0.707,0.496,0.45,0.0391,0.447,0.491,0.0653,0.53,0.222;aaaaaa;
0.831;0.452,0.386,0.806,0.796,0.95,0.633,0.98,0.0775,0.905,0.756;aaaaaaaaa;
0.314;0.518,0.0449,0.884,0.126,0.979,0.0168,0.755,0.376,0.697,0.998;aaaaaaaaa;
0.829;0.331,0.804,0.761,0.292,0.452,0.244,0.969,0.0283,0.617,0.907;aaaa;
0.214;0.466,0.722,0.477,0.127,0.295,0.197,0.28,0.221,0.856,0.144;aaaaaaaa;
0.951;0.105,0.326,0.116,0.598,0.0235,0.95,0.519,0.277,0.224,0.717;aaaaaaaaaa;
0.518;0.585,0.0194,0.109,0.91,0.773,0.853,0.166,0.492,0.447,0.784;aaa;
0.276;0.921,0.921,0.251,0.193,0.996,0.253,0.975,0.466,0.732,0.587;aaaaaaaa;
0.207;0.547,0.12,0.694,0.975,0.385,0.208,0.432,0.63,0.423,0.0922;aaa;
0.094;0.101,0.33,0.828,0.495,0.508,0.842,0.0893,0.048,0.0631,0.125;aaaaaaaa;
0.0536;0.144,0.887,0.794,0.00959,0.546,0.605,0.392,0.0481,0.451,0.935;a;
0.226;0.176,0.992,0.36,0.249,0.0763,0.198,0.585,0.0621,0.783,0.785;aaaaaaaa;
0.842;0.0923,0.774,0.988,0.354,0.775,0.548,0.498,0.529,0.762,0.13;aaaaaaa;
0.76;0.181,0.872,0.0456,0.244,0.844,0.0249,0.823,0.319,0.493,0.0622;a;
0.931;0.446,0.886,0.188,0.785,0.983,0.696,0.886,0.428,0.974,0.0499;aaaaaaaa;
0.973;0.601,0.0723,0.633,0.926,0.187,0.382,0.542,0.114,0.215,0.277;aa;
0.776;0.905,0.0108,0.204,0.599,0.68,0.891,0.654,0.985,0.588,0.194;aaa;
0.346;0.969,0.496,0.665,0.496,0.415,0.0864,0.673,0.0248,0.501,0.991;a;
0.193;0.32,0.702,0.505,0.299,0.319,0.642,0.0742,0.294,0.404,0.514;aaaa;
0.256;0.358,0.406,0.823,0.112,0.241,0.629,0.585,0.709,0.8,0.895;aaaaaa;
0.682;0.389,0.822,0.0913,0.00133,0.637,0.0895,0.797,0.515,0.954,0.398;aaaaaaaa;
0.422;0.837,0.157,0.19,0.298,0.751,0.0253,0.139,0.721,0.614,0.686;aa;
0.781;0.878,0.0202,0.0471,0.875,0.0314,0.275,0.632,0.492,0.738,0.525;aaaaaa;
0.0203;0.429,0.197,0.484,0.659,0.0251,0.62,0.103,0.331,0.272,0.543;aaaaa;
0.0114;0.534,0.157,0.981,0.193,0.19,0.543,0.277,0.894,0.577,0.996;aaaaa;
0.389;0.896,0.765,0.678,0.0369,0.637,0.496,0.493,0.376,0.111,0.421;aaa;
0.0764;0.881,0.269,0.0936,0.759,0.324,0.748,0.631,0.438,0.46,0.0834;a;
0.133;0.821,0.822,0.686,0.467,0.696,0.656,0.974,0.279,0.923,0.302;aaaaaaa;
0.777;0.0366,0.0874,0.888,0.251,0.392,0.198,0.809,0.569,0.724,0.187;aaaa;
0.93;0.57,0.754,0.563,0.157,0.824,0.957,0.234,0.625,0.948,0.747;aaa;
0.563;0.676,0.781,0.197,0.574,0.71,0.331,0.655,0.355,0.566,0.764;aaaaaa;
0.208;0.922,0.452,0.791,0.035,0.687,0.812,0.415,0.516,0.739,0.524;aaaaaaaaa;
0.159;0.429,0.819,0.31,0.979,0.528,0.166,0.191,0.00142,0.316,0.0832;aaaaaaaa;
0.688;0.245,0.288,0.594,0.51,0.285,0.424,0.123,0.0495,0.843,0.705;aaaaaaaa;
0.246;0.629,0.122,0.477,0.981,0.345,0.907,0.339,0.28,0.77,0.67;aa;
0.951;0.895,0.755,0.576,0.729,0.549,0.239,0.0652,0.244,0.57,0.0974;aaaa;
0.479;0.222,0.107,0.0656,0.909,0.838,0.167,0.402,0.39,0.884,0.392;aaaaa;
0.201;0.698,0.464,0.678,0.129,0.322,0.307,0.136,0.972,0.826,0.29;aaaaaa;
0.602;0.239,0.857,0.953,0.902,0.0846,0.136,0.699,0.601,0.144,0.801;aaaa;
0.523;0.113,0.795,0.35,0.974,0.226,0.576,0.0513,0.884,0.43,0.824;aaaaaaa;
0.962;0.967,0.0105,0.463,0.402,0.338,0.68,0.908,0.141,0.928,0.765;aaaaaa;
0.451;0.371,0.0355,0.637,0.645,0.953,0.982,0.0171,0.166,0.915,0.135;a;
0.526;0.102,0.198,0.278,0.989,0.0778,0.559,0.866,0.311,0.862,0.28;aaaaa;
0.574;0.53,0.874,0.379,0.294,0.862,0.928,0.251,0.931,0.948,0.332;aaaaaaa;
0.148;0.297,0.0744,0.605,0.678,0.66,0.0912,0.182,0.0707,0.865,0.73;aaaaaaaaaa;
0.862;0.0762,0.915,0.943,0.268,0.724,0.844,0.494,0.501,0.327,0.563;aaaaaa;
0.232;0.499,0.207,0.442,0.954,0.179,0.0657,0.00165,0.031,0.49,0.225;aaaaa;
0.141;0.802,0.805,0.973,0.922,0.353,0.988,0.934,0.262,0.673,0.951;aaaa;
0.956;0.248,0.438,0.441,0.921,0.449,0.31,0.0835,0.058,0.317,0.698;aaa;
0.813;0.657,0.606,0.634,0.877,0.75,0.452,0.913,0.715,0.0446,0.094;aaaaaaa;
0.618;0.765,0.565,0.773,0.453,0.313,0.898,0.67,0.317,0.788,0.768;aaaaa;
0.937;0.897,0.75,0.941,0.216,0.16,0.362,0.51,0.997,0.961,0.264;aaaaa;
0.0636;0.533,0.652,0.503,0.338,0.852,0.566,0.337,0.104,0.516,0.169;aaaaaaaaa;
0.841;0.0437,0.966,0.684,0.269,0.828,0.683,0.0566,0.653,0.171,0.484;aaaaaaa;
0.719;0.811,0.288,0.198,0.589,0.0776,0.0401,0.413,0.182,0.464,0.499;aaaa;
0.112;0.929,0.125,0.21,0.476,0.732,0.88,0.0546,0.176,0.209,0.647;aaaaaaa;
0.837;0.212,0.0959,0.0723,0.589,0.91,0.528,0.104,0.495,0.537,0.42;aaaaaa;
0.36;0.538,0.617,0.528,0.764,0.017,0.963,0.479,0.684,0.542,0.252;aaaaaaaa;
0.988;0.72,0.574,0.209,0.658,0.522,0.964,0.659,0.764,0.143,0.776;a;
0.883;0.915,0.972,0.484,0.0139,0.596,0.509,0.798,0.761,0.616,0.455;aaaa;
0.116;0.857,0.974,0.538,0.074,0.0378,0.00694,0.415,0.798,0.538,0.0785;aaaaaaa;
0.555;0.0994,0.436,0.812,0.59,0.239,0.406,0.239,0.351,0.796,0.985;aaaaaaaa;
0.646;0.999,0.502,0.49,0.227,0.0178,0.0911,0.0311,0.415,0.475,0.702;aaa;
0.144;0.944,0.0555,0.386,0.0397,0.818,0.503,0.795,0.145,0.662,0.875;aaaaaa;
0.1;0.431,0.866,0.709,0.908,0.745,0.722,0.652,0.0119,0.858,0.964;aaaaaa;
0.683;0.441,0.025,0.806,0.92,0.136,0.384,0.368,0.511,0.829,0.894;aaaaaaaa;
0.793;0.15,0.833,0.605,0.629,0.817,0.487,0.597,0.022,0.86,0.106;aa;
0.778;0.0978,0.424,0.0721,0.647,0.348,0.485,0.516,0.0545,0.742,0.585;aaa;
0.538;0.244,0.669,0.963,0.153,0.295,0.208,0.0505,0.413,0.514,0.859;aaaa;
0.606;0.032,0.114,0.407,0.104,0.148,0.454,0.222,0.865,0.0209,0.382;aaaaaaa;
0.0982;0.833,0.0712,0.745,0.319,0.224,0.999,0.609,0.873,0.87,0.903;aaaaaaaaaa;
0.414;0.323,0.533,0.911,0.808,0.22,0.164,0.0605,0.192,0.496,0.312;aaaaaaaa;
0.256;0.083,0.274,0.217,0.508,0.882,0.167,0.173,0.858,0.815,0.591;a;
0.854;0.52,0.5,0.442,0.244,0.598,0.478,0.231,0.908,0.131,0.418;aaaaaaa;
0.208;0.845,0.74,0.0431,0.484,0.823,0.878,0.547,0.045,0.304,0.0305;aaaa;
0.869;0.269,0.431,0.773,0.297,0.662,0.148,0.567,0.339,0.345,0.751;aaaaaaa;
0.186;0.923,0.285,0.062,0.324,0.0405,0.082,0.744,0.612,0.945,0.89;aaaaaaa;
0.703;0.823,0.00431,0.158,0.882,0.372,0.171,0.242,0.786,0.686,0.502;aa;
0.732;0.711,0.303,0.93,0.981,0.5,0.853,0.549,0.785,0.282,0.803;aaaaaaaaaa;
0.665;0.723,0.341,0.608,0.976,0.967,0.125,0.0943,0.997,0.111,0.638;aaaaaaa;
0.886;0.409,0.145,0.672,0.666,0.992,0.767,0.671,0.41,0.854,0.886;aaaaaaa;
0.447;0.909,0.722,0.699,0.224,0.5,0.963,0.337,0.767,0.585,0.791;aaa;
0.0968;0.191,0.574,0.326,0.387,0.733,0.287,0.797,0.227,0.865,0.553;aa;
0.754;0.584,0.472,0.228,0.0326,0.791,0.613,0.296,0.364,0.977,0.742;aaaaaaa;
0.443;0.225,0.839,0.0886,0.548,0.146,0.352,0.0674,0.385,0.413,0.202;aaaaaaaaa;
0.836;0.33,0.901,0.573,0.441,0.927,0.583,0.995,0.331,0.222,0.822;aaaa;
0.437;0.531,0.768,0.469,0.977,0.308,0.894,0.295,0.324,0.41,0.914;aaaaaaaa;
0.202;0.00835,0.201,0.0582,0.876,0.179,0.187,0.94,0.0791,0.229,0.829;aaa;
0.0706;0.604,0.823,0.486,0.994,0.461,0.246,0.0177,0.66,0.662,0.367;a;
0.437;0.265,0.922,0.352,0.864,0.116,0.371,0.292,0.997,0.9,0.826;a;
0.379;0.265,0.945,0.645,0.566,0.843,0.637,0.243,0.415,0.467,0.433;a;
0.494;0.834,0.961,0.732,0.481,0.625,0.193,0.135,0.231,0.998,0.122;a;
0.804;0.0384,0.269,0.971,0.654,0.0947,0.815,0.126,0.79,0.279,0.312;a;
0.704;0.756,0.746,0.42,0.142,0.928,0.107,0.618,0.0267,0.23,0.417;aaaa;
0.884;0.856,0.0504,0.899,0.69,0.388,0.984,0.871,0.273,0.238,0.422;aaaaaa;
0.183;0.0443,0.706,0.813,0.424,0.837,0.876,0.681,0.0194,0.915,0.81;a;
0.183;0.907,0.471,0.0179,0.845,0.506,0.886,0.774,0.666,0.461,0.439;aaaaaa;
0.102;0.203,0.319,0.998,0.328,0.679,0.888,0.912,0.378,0.89,0.904;aaaaaaaa;
0.926;0.462,0.0252,0.691,0.538,0.557,0.778,0.729,0.709,0.549,0.0524;aaaaaaaaaa;
0.473;0.12,0.58,0.875,0.594,0.422,0.255,0.54,0.811,0.967,0.942;aaa;
0.784;0.234,0.615,0.0261,0.681,0.577,0.976,0.185,0.519,0.434,0.495;aaaaaaaaaa;
0.573;0.678,0.928,0.583,0.684,0.369,0.216,0.461,0.329,0.535,0.487;aa;
0.413;0.859,0.574,0.465,0.298,0.499,0.167,0.451,0.887,0.191,0.782;a;
0.408;0.585,0.888,0.232,0.543,0.242,0.59,0.19,0.276,0.95,0.283;aa;
0.402;0.133,0.382,0.92,0.582,0.683,0.585,0.0371,0.398,0.942,0.904;aaaaaaaaaa;
0.215;0.664,0.0729,0.608,0.374,0.687,0.122,0.616,0.977,0.0758,0.659;aaaaaaa;
0.332;0.776,0.182,0.943,0.756,0.0312,0.0328,0.895,0.194,0.324,0.769;aaaa;
0.0623;0.0241,0.837,0.613,0.47,0.143,0.398,0.713,0.857,0.591,0.692;aa;
0.542;0.751,0.341,0.0665,0.148,0.701,0.718,0.134,0.0101,0.242,0.449;a;
0.853;0.626,0.172,0.143,0.632,0.902,0.423,0.733,0.128,0.755,0.474;a;
0.37;0.425,0.446,0.326,0.00108,0.497,0.711,0.244,0.401,0.663,0.406;aaaaa;
0.384;0.592,0.655,0.463,0.424,0.0474,0.0809,0.0154,0.598,0.347,0.00262;a;
0.735;0.698,0.104,0.228,0.241,0.953,0.289,0.152,0.968,0.0732,0.784;aaaaaaaa;
0.131;0.512,0.723,0.527,0.217,0.141,0.977,0.114,0.119,0.246,0.753;aaaa;
0.179;0.725,0.519,0.946,0.0721,0.942,0.81,0.0873,0.242,0.383,0.977;aaaaaaaa;
0.63;0.0975,0.498,0.317,0.401,0.297,0.87,0.529,0.303,0.743,0.419;aa;
0.893;0.402,0.736,0.23,0.883,0.454,0.0934,0.635,0.918,0.81,0.984;aaaaaaaa;
0.249;0.777,0.724,0.78,0.357,0.433,0.443,0.543,0.0742,0.632,0.789;aaaaaaa;
0.945;0.661,0.344,0.535,0.393,0.461,0.0184,0.619,0.496,0.825,0.813;aaaaaaaa;
0.567;0.705,0.439,0.325,0.293,0.62,0.00824,0.604,0.464,0.791,0.591;aaaaaaaa;
0.842;0.797,0.328,0.109,0.0994,0.423,0.292,0.389,0.745,0.911,0.886;aaaaaaaa;
0.728;0.253,0.636,0.325,0.826,0.0669,0.794,0.804,0.867,0.92,0.769;aaaaaaa;
0.13;0.113,0.412,0.0276,0.394,0.486,0.187,0.971,0.468,0.522,0.41;aa;
0.318;0.46,0.564,0.24,0.0434,0.826,0.548,0.114,0.784,0.576,0.595;aaaaaaaaa;
0.207;0.426,0.611,0.501,0.191,0.804,0.815,0.394,0.287,0.635,0.764;aaaaa;
0.442;0.272,0.588,0.0122,0.505,0.229,0.76,0.911,0.779,0.604,0.411;aaaaaaaaa;
0.333;0.676,0.593,0.489,0.0858,0.435,0.528,0.532,0.272,0.544,0.184;aaaaaaa;
0.257;0.35,0.576,0.651,0.201,0.722,0.948,0.842,0.791,0.0258,0.923;aaaaaaaaa;
0.737;0.023,0.631,0.56,0.438,0.338,0.181,0.864,0.658,0.442,0.806;aaaaaaaaaa;
0.325;0.519,0.0863,0.825,0.63,0.711,0.0188,0.55,0.905,0.999,0.693;aaa;
0.422;0.52,0.249,0.397,0.486,0.486,0.485,0.289,0.376,0.655,0.178;aaaaaaa;
0.0719;0.923,0.702,0.418,0.658,0.388,0.601,0.828,0.343,0.838,0.568;a;
0.476;0.743,0.329,0.647,0.715,0.535,0.445,0.226,0.167,0.901,0.0572;aaaaaaaaa;
0.807;0.866,0.725,0.339,0.958,0.307,0.506,0.869,0.496,0.489,0.608;aaaaaa;
0.37;0.644,0.226,0.235,0.386,0.368,0.572,0.943,0.501,0.0584,0.321;aa;
0.325;0.278,0.94,0.215,0.207,0.0597,0.288,0.0177,0.0543,0.88,0.675;aaaa;
0.484;0.717,0.87,0.0798,0.015,0.835,0.0127,0.113,0.59,0.227,0.969;a;
0.623;0.578,0.313,0.38,0.695,0.884,0.597,0.306,0.582,0.148,0.208;aaaaaa;
0.771;0.426,0.677,0.775,0.329,0.912,0.343,0.916,0.543,0.221,0.613;aaaa;
0.61;0.531,0.929,0.932,0.683,0.875,0.361,0.854,0.871,0.305,0.998;aaaaaaaaa;
0.487;0.148,0.344,0.938,0.0404,0.332,0.428,0.665,0.268,0.808,0.541;aaaaaaaa;
0.217;0.819,0.247,0.669,0.909,0.107,0.886,0.655,0.595,0.164,0.407;aaaaaaaaa;
0.542;0.837,0.16,0.747,0.912,0.801,0.708,0.947,0.596,0.147,0.809;aaaaaa;
0.145;0.898,0.636,0.729,0.383,0.492,0.197,0.304,0.948,0.709,0.339;aaa;
0.844;0.388,0.497,0.0233,0.37,0.828,0.459,0.534,0.197,0.472,0.0135;a;
0.59;0.506,0.508,0.577,0.25,0.791,0.294,0.955,0.41,0.908,0.607;a;
0.125;0.0516,0.947,0.325,0.22,0.595,0.256,0.565,0.382,0.0691,0.144;aaaaaa;
0.504;0.244,0.886,0.671,0.922,0.297,0.555,0.0944,0.83,0.66,0.898;a;
0.168;0.0546,0.279,0.353,0.0894,0.102,0.832,0.538,0.843,0.986,0.113;aaa;
1;0.286,0.0209,0.154,0.158,0.81,0.221,0.621,0.818,0.631,0.615;aaaaaaaaa;
0.381;0.478,0.883,0.904,0.573,0.525,0.65,0.69,0.332,0.00836,0.723;a;
0.106;0.365,0.259,0.389,0.559,0.313,0.0666,0.517,0.394,0.997,0.864;aaaaa;
0.711;0.197,0.453,0.448,0.75,0.271,0.481,0.691,0.226,0.821,0.129;aaaaaaaaaa;
0.771;0.637,0.512,0.0282,0.111,0.868,0.732,0.241,0.601,0.25,0.807;a;
0.336;0.918,0.197,0.235,0.0101,0.704,0.117,0.643,0.864,0.0635,0.862;aaaaaaa;
0.133;0.937,0.93,0.182,0.0149,0.112,0.857,0.102,0.958,0.239,0.529;aaaa;
0.183;0.0295,0.943,0.533,0.284,0.767,0.12,0.804,0.526,0.728,0.22;aaaaaaaaa;
0.493;0.403,0.872,0.844,0.811,0.362,0.538,0.174,0.168,0.129,0.348;a;
0.67;0.108,0.912,0.0978,0.896,0.172,0.113,0.201,0.466,0.0759,0.0665;aaa;
0.681;0.738,0.656,0.444,0.699,0.221,0.597,0.0589,0.174,0.824,0.378;aaaa;
0.749;0.115,0.705,0.498,0.391,0.292,0.403,0.238,0.412,0.0727,0.452;aaaaaaaaa;
0.254;0.566,0.414,0.0913,0.161,0.0699,0.0596,0.0138,0.146,0.527,0.695;aa;
0.24;0.459,0.266,0.282,0.9,0.097,0.873,0.262,0.16,0.567,0.00874;aaaaaaaaa;
0.318;0.115,0.997,0.838,0.929,0.752,0.99,0.557,0.35,0.0155,0.944;aaaaaaa;
0.017;0.552,0.507,0.362,0.899,0.781,0.61,0.557,0.667,0.855,0.719;aaaaaa;
0.106;0.417,0.315,0.838,0.976,0.793,0.184,0.209,0.288,0.246,0.236;aaa;
0.578;0.91,0.126,0.218,0.746,0.0721,0.78,0.677,0.0975,0.289,0.83;aaaaaaaaa;
0.278;0.662,0.635,0.178,0.199,0.595,0.689,0.912,0.758,0.495,0.77;aaaaaaaaa;
0.434;0.673,0.0673,0.697,0.643,0.57,0.241,0.199,0.579,0.849,0.0348;aaaaaaaaa;
0.783;0.125,0.236,0.177,0.898,0.504,0.753,0.664,0.175,0.197,0.537;aaaa;
0.00185;0.685,0.83,0.678,0.659,0.297,0.679,0.156,0.616,0.549,0.0537;aaa;
0.964;0.527,0.472,0.914,0.735,0.292,0.495,0.856,0.697,0.63,0.959;aaaa;
0.427;0.76,0.766,0.284,0.477,0.645,0.12,0.166,0.0628,0.61,0.193;a;
0.784;0.519,0.545,0.489,0.172,0.892,0.139,0.0991,0.285,0.555,0.995;aaaaa;
0.00855;0.284,0.0247,0.594,0.0295,0.225,0.0411,0.695,0.439,0.734,0.893;aaaaa;
0.421;0.155,0.224,0.674,0.819,0.000682,0.239,0.344,0.925,0.108,0.499;a;
0.601;0.825,0.507,0.978,0.84,0.275,0.727,0.715,0.652,0.345,0.135;aaaaaaaaa;
0.865;0.341,0.338,0.633,0.371,0.981,0.996,0.0165,0.619,0.458,0.232;aaaaaaaa;
0.918;0.618,0.202,0.0573,0.206,0.916,0.802,0.543,0.453,0.382,0.152;aaaaaaaaaa;
0.808;0.989,0.96,0.787,0.846,0.978,0.0591,0.134,0.527,0.602,0.894;aaaaaaaaaa;
0.298;0.411,0.558,0.134,0.0261,0.642,0.355,0.781,0.0707,0.0112,0.825;aa;
0.678;0.249,0.215,0.507,0.279,0.0331,0.886,0.224,0.676,0.933,0.413;aaaaaaa;
0.7;0.875,0.181,0.797,0.301,0.785,0.955,0.614,0.544,0.559,0.588;aaaaa;
0.631;0.357,0.7,0.606,0.801,0.551,0.977,0.786,0.995,0.292,0.721;aaaaaaaa;
0.345;0.455,0.62,0.885,0.943,0.575,0.415,0.526,0.92,0.656,0.675;aaaa;
0.114;0.475,0.0255,0.272,0.0752,0.015,0.379,0.906,0.577,0.0901,0.881;aaa;
0.000376;0.755,0.875,0.377,0.626,0.325,0.305,0.262,0.734,0.791,0.661;a;
0.915;0.778,0.0208,0.948,0.395,0.767,0.918,0.373,0.966,0.496,0.923;a;
0.868;0.029,0.884,0.726,0.866,0.702,0.573,0.365,0.156,0.788,0.881;aaaaaaa;
0.99;0.374,0.829,0.344,0.297,0.816,0.229,0.344,0.81,0.346,0.61;aaaa;
0.361;0.597,0.0124,0.25,0.298,0.535,0.534,0.893,0.637,0.698,0.892;aaaaaa;
0.929;0.157,0.817,0.00363,0.714,0.941,0.536,0.253,0.744,0.352,0.059;aaaaaaaa;
0.0548;0.88,0.172,0.0125,0.614,0.316,0.436,0.471,0.571,0.0294,0.469;aaaaaaaaa;
0.249;0.085,0.933,0.869,0.523,0.496,0.9,0.635,0.947,0.524,0.304;aaaaaaaaaa;
0.197;0.178,0.918,0.337,0.00471,0.964,0.521,0.17,0.0103,0.631,0.0504;aaa;
0.103;0.997,0.105,0.026,0.67,0.197,0.189,0.762,0.625,0.35,0.592;aaaaaaa;
0.168;0.0433,0.912,0.76,0.232,0.299,0.335,4.34e-05,0.546,0.603,0.355;aaaa;
0.161;0.0899,0.752,0.271,0.959,0.697,0.228,0.595,0.00475,0.0974,0.641;aaaa;
0.775;0.411,0.0479,0.49,0.29,0.114,0.487,0.677,0.135,0.564,0.833;aaaaaa;
0.31;0.735,0.711,0.184,0.66,0.864,0.111,0.902,0.37,0.314,0.869;aaaaa;
0.047;0.453,0.319,0.823,0.909,0.15,0.703,0.561,0.938,0.0406,0.956;aaaaaaaaa;
0.362;0.341,0.309,0.198,0.479,0.751,0.725,0.918,0.762,0.04,0.475;aaaaa;
0.0334;0.304,0.0783,0.745,0.448,0.673,0.893,0.0349,0.652,0.347,0.969;aaaaaaa;
0.453;0.246,0.798,0.228,0.467,0.937,0.567,0.805,0.518,0.494,0.661;aaaaaaa;
0.71;0.00167,0.701,0.174,0.772,0.671,0.702,0.639,0.475,0.422,0.836;aaaaaaa;
0.671;0.16,0.0832,0.507,0.148,0.942,0.715,0.819,0.221,0.342,0.623;aaaaaa;
0.262;0.99,0.442,0.0769,0.889,0.988,0.0909,0.58,0.335,0.484,0.37;aa;
0.398;0.722,0.619,0.18,0.646,0.0681,0.497,0.156,0.307,0.275,0.256;aaa;
0.951;0.0739,0.58,0.899,0.489,0.269,0.651,0.263,0.702,0.223,0.486;aa;
0.698;0.672,0.0316,0.366,0.0427,0.329,0.682,0.555,0.19,0.838,0.239;aaa;
0.809;0.57,0.181,0.869,0.0857,0.33,0.143,0.522,0.224,0.256,0.401;aaaa;
0.943;0.71,0.471,0.271,0.337,0.83,0.609,0.108,0.424,0.118,0.0869;aaaaaaa;
0.942;0.206,0.756,0.919,0.909,0.28,0.468,0.893,0.291,0.572,0.0979;aaaa;
0.0667;0.0374,0.374,0.967,0.169,0.721,0.799,0.31,0.826,0.772,0.971;aa;
0.739;0.689,0.755,0.191,0.518,0.351,0.726,0.422,0.286,0.418,0.267;aaaaaa;
0.52;0.183,0.441,0.692,0.0807,0.772,0.531,0.767,0.961,0.43,0.0997;aaaaaaaaa;
0.855;0.399,0.927,0.186,0.569,0.975,0.783,0.0411,0.956,0.908,0.431;a;
0.826;0.19,0.0421,0.628,0.755,0.0711,0.359,0.757,0.229,0.534,0.842;aaaaa;
0.344;0.48,0.172,0.78,0.36,0.481,0.301,0.468,0.758,0.401,0.0196;aaa;
0.888;0.569,0.548,0.332,0.011,0.793,0.41,0.0402,0.439,0.259,0.37;a;
0.972;0.421,0.768,0.197,0.404,0.739,0.856,0.91,0.476,0.474,0.0595;aaa;
0.698;0.881,0.314,0.833,0.657,0.256,0.344,0.459,0.601,0.0976,0.66;aaa;
0.943;0.0494,0.595,0.745,0.766,0.683,0.885,0.869,0.524,0.55,0.226;aaaaa;
0.494;0.74,0.732,0.162,0.846,0.919,0.138,0.784,0.0904,0.0639,0.21;aaaa;
0.88;0.052,0.601,0.122,0.349,0.319,0.45,0.156,0.667,0.945,0.731;aaaaaa;
0.965;0.881,0.576,0.4,0.329,0.753,0.497,0.584,0.776,0.978,0.0176;aaaa;
0.859;0.624,0.979,0.14,0.396,0.268,0.393,0.46,0.977,0.211,0.399;aaaaaaaa;
0.76;0.881,0.115,0.399,0.321,0.555,0.138,0.607,0.364,0.0501,0.74;aaaa;
0.915;0.237,0.946,0.221,0.411,0.593,0.506,0.661,0.595,0.797,0.508;aaa;
0.883;0.938,0.255,0.185,0.54,0.838,0.615,0.549,0.226,0.793,0.939;aaaaaaaa;
0.944;0.866,0.483,0.728,0.911,0.781,0.692,0.57,0.504,0.808,0.621;aaaaaaa;
0.687;0.241,0.94,0.527,0.852,0.0508,0.645,0.563,0.588,0.954,0.697;aa;
0.662;0.737,0.604,0.16,0.666,0.61,0.117,0.206,0.584,0.945,0.666;aaaaaaa;
0.74;0.635,0.0294,0.0849,0.195,0.46,0.182,0.191,0.321,0.981,0.257;aaaaaa;
0.872;0.075,0.339,0.879,0.0616,0.192,0.809,0.982,0.738,0.758,0.351;aaaaaa;
0.411;0.231,0.814,0.357,0.26,0.56,0.0872,0.103,0.938,0.572,0.748;aaaaaaa;
0.306;0.165,0.703,0.281,0.825,0.0115,0.982,0.872,0.973,0.598,0.702;aa;
0.548;0.207,0.704,0.718,0.441,0.364,0.901,0.86,0.986,0.0389,0.954;a;
0.839;0.436,0.0321,0.0366,0.398,0.705,0.56,0.147,0.781,0.0977,0.137;aaaaaaa;
0.353;0.944,0.448,0.902,0.135,0.582,0.522,0.858,0.5,0.0592,0.349;a;
0.747;0.912,1,0.75,0.969,0.443,0.506,0.781,0.92,0.498,0.892;aaaaaaaa;
0.875;0.757,0.138,0.545,0.335,0.657,0.555,0.12,0.46,0.726,0.934;aaa;
0.445;0.304,0.679,0.291,0.341,0.263,0.483,0.454,0.759,0.382,0.709;aaaaa;
0.485;0.619,0.153,0.291,0.786,0.106,0.428,0.214,0.237,0.288,0.0438;aaaaa;
0.64;0.558,0.329,0.632,0.348,0.709,0.997,0.402,0.805,0.379,0.0976;a;
0.824;0.379,0.898,0.801,0.971,0.413,0.15,0.762,0.449,0.568,0.48;aaa;
0.654;0.304,0.924,0.466,0.543,0.653,0.622,0.209,0.479,0.654,0.667;a;
0.261;0.478,0.579,0.299,0.566,0.238,0.761,0.342,0.523,0.788,0.186;aaaaaaaaa;
0.542;0.171,0.402,0.294,0.555,0.729,0.43,0.997,0.539,0.774,0.61;aaaaaaaaaa;
0.345;0.26,0.0293,0.689,0.94,0.663,0.91,0.666,0.077,0.171,0.748;aaa;
0.847;0.757,0.707,0.718,0.243,0.417,0.652,0.633,0.224,0.183,0.162;aaaaa;
0.377;0.0246,0.387,0.76,0.526,0.768,0.291,0.432,0.17,0.0551,0.723;aa;
0.214;0.656,0.0504,0.234,0.575,0.509,0.539,0.322,0.929,0.258,0.395;aaaaa;
0.33;0.165,0.701,0.574,0.195,0.932,0.315,0.212,0.956,0.435,0.831;aa;
0.769;0.524,0.182,0.551,0.936,0.603,0.79,0.685,0.469,0.863,0.0526;a;
0.355;0.543,0.311,0.26,0.348,0.983,0.334,0.421,0.102,0.643,0.546;aaaaaaaaaa;
0.807;0.441,0.997,0.731,0.277,0.965,0.467,0.772,0.194,0.666,0.395;aa;
0.419;0.71,0.668,0.303,0.24,0.937,0.266,0.193,0.231,0.104,0.0666;a;
0.35;0.194,0.0229,0.626,0.663,0.305,0.992,0.537,0.929,0.00779,0.7;aaaa;
0.527;0.0282,0.561,0.152,0.798,0.308,0.387,0.136,0.224,0.305,0.555;aaaaaaaaaa;
0.431;0.496,0.612,0.277,0.0745,0.92,0.812,0.128,0.00464,0.189,0.272;a;
0.0184;0.0234,0.141,0.52,0.47,0.131,0.116,0.541,0.966,0.621,0.876;aaaaaaaaaa;
0.515;0.426,0.134,0.275,0.169,0.47,4.25e-05,0.849,0.627,0.885,0.461;aaaaaaaa;
0.122;0.858,0.466,0.201,0.104,0.784,0.988,0.629,0.939,0.472,0.816;aaaaaaaaa;
0.703;0.944,0.559,0.747,0.556,0.988,0.734,0.326,0.136,0.684,0.567;aaaaaaaaaa;
0.963;0.956,0.0929,0.318,0.949,0.831,0.468,0.908,0.854,0.406,0.621;aaaaaa;
0.932;0.854,0.566,0.189,0.382,0.00916,0.876,0.501,0.851,0.233,0.77;aaaaaaaa;
0.153;0.422,0.299,0.935,0.194,0.179,0.833,0.157,0.2,0.424,0.294;aaaa;
0.253;0.199,0.619,0.707,0.376,0.459,0.861,0.22,0.274,0.592,0.946;aaaaaaa;
0.335;0.0118,0.614,0.456,0.151,0.852,0.953,0.524,0.121,0.646,0.228;aaaaaaa;
0.709;0.377,0.886,0.052,0.951,0.0516,0.109,0.948,0.33,0.463,0.171;aaaaa;
0.148;0.818,0.107,0.226,0.308,0.6,0.934,0.725,0.919,0.179,0.787;a;
0.346;0.811,0.836,0.547,0.514,0.909,0.16,0.807,0.956,0.197,0.262;aaaaaa;
0.182;0.954,0.78,0.806,0.387,0.0776,0.963,0.382,0.406,0.91,0.0752;aaaaaaa;
0.986;0.995,0.927,0.509,0.921,0.709,0.562,0.317,0.911,0.901,0.233;a;
0.361;0.853,0.335,0.373,0.254,0.896,0.397,0.258,0.823,0.858,0.389;aaa;
0.0158;0.652,0.738,0.12,0.508,0.369,0.535,0.58,0.758,0.745,0.0876;aaaaaa;
0.922;0.225,0.0818,0.102,0.452,0.689,0.777,0.175,0.417,0.923,0.677;aaa;
0.576;0.806,0.61,0.749,0.0778,0.987,0.677,0.612,0.822,0.208,0.529;aaa;
0.659;0.495,0.339,0.553,0.848,0.594,0.81,0.884,0.78,0.094,0.263;aaaaaaaaa;
0.885;0.00277,0.0394,0.294,0.128,0.602,0.25,0.248,0.805,0.00734,0.661;aaaaaaaa;
0.00316;0.417,0.0728,0.622,0.247,0.369,0.756,0.245,0.561,0.141,0.607;aaaaaaaaa;
0.658;0.091,0.746,0.613,0.859,0.0341,0.884,0.978,0.656,0.467,0.765;aaaaaaaaaa;
0.0984;0.512,0.698,0.74,0.415,0.212,0.0126,0.471,0.709,0.825,0.635;aaaa;
0.401;0.447,0.527,0.838,0.217,0.852,0.804,0.299,0.828,0.497,0.962;aaaaaaaa;
0.887;0.58,0.963,0.921,0.405,0.739,0.722,0.937,0.855,0.711,0.313;aaaaa;
0.547;0.0267,0.284,0.474,0.448,0.393,0.433,0.933,0.361,0.72,0.96;aaaaaa;
0.721;0.471,0.708,0.966,0.498,0.445,0.737,0.998,0.642,0.755,0.87;a;
0.605;0.299,0.662,0.557,0.471,0.86,0.404,0.488,0.948,0.495,0.876;aaaaaaaaaa;
0.321;0.576,0.641,0.819,0.939,0.548,0.0126,0.661,0.673,0.0269,0.307;aaaaaaa;
0.789;0.352,0.992,0.304,0.323,0.335,0.164,0.587,0.788,0.84,0.371;aaaaaaaa;
0.385;0.0759,0.986,0.462,0.0563,0.656,0.833,0.637,0.287,0.978,0.174;aaaaa;
0.779;0.787,0.777,0.588,0.193,0.339,0.316,0.429,0.489,0.0903,0.636;aa;
0.52;0.675,0.675,0.468,0.976,0.261,0.785,0.203,0.872,0.45,0.134;aaaaaaa;
0.58;0.2,0.259,0.003,0.79,0.428,0.396,0.101,0.252,0.551,0.0989;aaaaaaaaaa;
0.307;0.944,0.738,0.547,0.0353,0.0575,0.175,0.917,0.529,0.829,0.206;aaaaaaa;
0.118;0.962,0.525,0.284,0.0916,0.322,0.649,0.972,0.0368,0.795,0.489;aaaaaa;
0.434;0.444,0.764,0.411,0.165,0.891,0.97,0.836,0.713,0.738,0.409;aaaa;
0.795;0.274,0.857,0.131,0.0719,0.144,0.252,0.733,0.915,0.107,0.501;aaaaaaaa;
0.151;0.773,0.732,0.32,0.385,0.791,0.771,0.537,0.0876,0.234,0.604;aaa;
0.0802;0.718,0.719,0.625,0.346,0.657,0.276,0.902,0.129,0.665,0.22;aaaa;
0.786;0.0396,0.885,0.979,0.852,0.874,0.291,0.411,0.996,0.103,0.146;aaaaaaa;
0.936;0.16,0.328,0.979,0.282,0.582,0.801,0.54,0.0181,0.385,0.779;aa;
0.093;0.739,0.174,0.0902,0.67,0.437,0.48,0.664,0.838,0.0818,0.00848;aaaaaaaaaa;
0.802;0.138,0.382,0.238,0.046,0.382,0.333,1,0.277,0.701,0.178;aaaaaaaa;
0.779;0.852,0.779,0.275,0.072,0.478,0.371,0.78,0.0363,0.635,0.782;aaa;
0.705;0.494,0.859,0.29,0.193,0.463,0.166,0.72,0.859,0.742,0.283;aaaaaaaa;
0.454;0.484,0.507,0.0692,0.275,0.322,0.0191,0.298,0.558,0.112,0.251;aaaaaa;
0.448;0.548,0.438,0.013,0.463,0.252,0.19,0.666,0.815,0.929,0.698;aaaaaaaaa;
0.0331;0.516,0.777,0.527,0.129,0.0397,0.603,0.967,0.49,0.116,0.86;aaaaaaaa;
0.811;0.649,0.348,0.986,0.342,0.0206,0.445,0.507,0.428,0.918,0.875;aaa;
0.563;0.123,0.2,0.828,0.724,0.00907,0.038,0.891,0.943,0.821,0.3;a;
0.769;0.166,0.488,0.265,0.398,0.71,0.229,0.259,0.772,0.838,0.375;aaaaa;
0.455;0.232,0.075,0.435,0.533,0.498,0.561,0.66,0.658,0.697,0.35;aaaaaa;
0.321;0.337,0.566,0.389,0.587,0.255,0.21,0.829,0.739,0.826,0.869;aaaaaaaa;
0.0406;0.325,0.632,0.906,0.991,0.899,0.997,0.195,0.262,0.951,0.281;aaaaaaaaaa;
0.391;0.079,0.339,0.448,0.652,0.592,0.113,0.0806,0.052,0.934,0.667;aa;
0.833;0.376,0.211,0.433,0.44,0.919,0.313,0.624,0.344,0.0303,0.933;aaaaaaaa;
0.23;0.209,0.699,0.811,0.563,0.288,0.104,0.137,0.247,0.871,0.777;aa;
0.0658;0.377,0.905,0.186,0.907,0.0372,0.842,0.108,0.21,0.903,0.165;aaa;
0.735;0.731,0.84,0.0843,0.342,0.607,0.913,0.582,0.0408,0.4,0.721;aa;
0.807;0.224,0.451,0.465,0.467,0.765,0.148,0.632,0.916,0.014,0.367;aaaaaaaa;
0.483;0.806,0.361,0.598,0.375,0.778,0.259,0.669,0.362,0.622,0.521;aaaaaa;
0.685;0.945,0.338,0.836,0.308,0.88,0.13,0.309,0.0909,0.665,0.297;aa;
0.981;0.882,0.349,0.608,0.0625,0.843,0.48,0.00508,0.598,0.511,0.605;aaaaaaaaaa;
0.537;0.111,0.833,0.529,0.986,0.785,0.158,0.0365,0.378,0.278,0.488;aa;
0.78;0.418,0.804,0.0385,0.0924,0.484,0.821,0.964,0.496,0.452,0.727;aaaaaaa;
0.948;0.265,0.954,0.314,0.63,0.815,0.783,0.302,0.439,0.464,0.999;aaa;
0.212;0.178,0.122,0.355,0.0625,0.915,0.225,0.558,0.645,0.647,0.475;aaaaaaaaaa;
0.806;0.971,0.12,0.188,0.329,0.597,0.406,0.396,0.384,0.458,0.936;aaa;
0.0222;0.99,0.766,0.96,0.827,0.591,0.422,0.324,0.154,0.794,0.601;aaaaaaaa;
0.373;0.145,0.913,0.973,0.28,0.287,0.876,0.613,0.997,0.805,0.834;aaaaaa;
0.676;0.72,0.674,0.0838,0.701,0.346,0.0997,0.758,0.829,0.0228,0.495;aaaaa;
0.972;0.86,0.249,0.24,0.495,0.986,0.318,0.893,0.314,0.431,0.692;aaaaaaaaa;
0.387;0.16,0.0288,0.216,0.425,0.126,0.286,0.452,0.621,0.189,0.604;aaaaaaa;
0.372;0.13,0.584,0.302,0.254,1,0.852,0.24,0.269,0.209,0.0453;aaaaaaaa;
0.0278;0.719,0.25,0.00804,0.333,0.159,0.236,0.695,0.896,0.0402,0.368;aaaaaaaaa;
0.557;0.0467,0.918,0.633,0.0356,0.605,0.954,0.232,0.01,0.563,0.0128;aa;
0.83;0.819,0.911,0.833,0.443,0.23,0.586,0.362,0.908,0.942,0.244;aaaaaaaaa;
0.214;0.0403,0.792,0.908,0.0897,0.078,0.485,0.733,0.253,0.474,0.602;aaaaaaaa;
0.758;0.892,0.0518,0.264,0.39,0.223,0.267,0.191,0.533,0.623,0.433;aaaa;
0.856;0.652,0.265,0.593,0.554,0.62,0.26,0.807,0.0926,0.211,0.729;a;
0.195;0.813,0.595,0.417,0.0279,0.584,0.725,0.151,0.581,0.269,0.277;aaaaa;
0.934;0.8,0.583,0.341,0.481,0.944,0.834,0.721,0.763,0.445,0.622;aaaaaaa;
0.311;0.782,0.386,0.0915,0.679,0.389,0.927,0.762,0.952,0.272,0.926;aaa;
0.369;0.856,0.165,0.0453,0.948,0.0857,0.255,0.187,0.169,0.112,0.621;aaaaaaaaa;
0.307;0.266,0.0625,0.754,0.529,0.287,0.248,0.02,0.722,0.627,0.382;aaaaaaa;
0.67;0.806,0.592,0.174,0.282,0.34,0.412,0.728,0.98,0.465,0.283;aaaaaaaa;
0.681;0.4,0.555,0.316,0.756,0.916,0.326,0.00647,0.774,0.825,0.522;aaaaaaaaaa;
0.0722;0.932,0.385,0.252,0.0848,0.16,0.558,0.844,0.947,0.263,0.473;aaaa;
0.171;0.897,0.222,0.507,0.814,0.643,0.803,0.958,0.906,0.322,0.265;aaaaaa;
0.783;0.979,0.0538,0.473,0.235,0.931,0.152,0.0684,0.888,0.733,0.841;aaaaaaaaa;
0.748;0.926,0.465,0.545,0.934,0.275,0.264,0.681,0.726,0.345,0.48;aaaaaaaa;
0.225;0.0123,0.789,0.773,0.874,0.273,0.588,0.458,0.35,0.434,0.782;aaaa;
0.593;0.992,0.44,0.663,0.497,0.407,0.407,0.817,0.0501,0.471,0.1;aaaaaaaaaa;
0.146;0.883,0.835,0.579,0.151,0.693,0.694,0.268,0.29,0.816,0.131;aaaaaa;
0.575;0.381,0.588,0.659,0.123,0.625,0.676,0.157,0.972,0.913,0.323;aaaaaaa;
0.486;0.494,0.157,0.817,0.09,0.148,0.931,0.919,0.775,0.575,0.27;aaa;
0.586;0.348,0.0945,0.936,0.4,0.549,0.373,0.144,0.359,0.301,0.501;aaaaaa;
0.787;0.888,0.428,0.579,0.744,0.304,0.566,0.896,0.758,0.109,0.713;aaaaa;
0.0311;0.819,0.719,0.444,0.99,0.329,0.434,0.754,0.807,0.773,0.19;aaa;
0.179;0.277,0.576,0.554,0.346,0.354,0.111,0.953,0.712,0.0671,0.72;aaaaa;
0.883;0.353,0.903,0.202,0.97,0.718,0.886,0.668,0.0689,0.569,0.761;aaaaa;
0.806;0.433,0.0275,0.358,0.586,0.117,0.00461,0.593,0.734,0.254,0.254;aaaa;
0.445;0.144,0.0694,0.624,0.0336,0.776,0.372,0.984,0.922,0.687,0.685;aaaaa;
0.468;0.213,0.814,0.843,0.648,0.557,0.356,0.25,0.0899,0.384,0.848;aaaaaaaa;
0.921;0.135,0.836,0.733,0.543,0.35,0.75,0.207,0.635,0.0079,0.669;aa;
0.273;0.163,0.842,0.36,0.289,0.465,0.336,0.597,0.343,0.108,0.831;aaaaaaaaaa;
0.357;0.709,0.611,0.503,0.486,0.197,0.56,0.537,0.686,0.0524,0.783;aaaaaa;
0.955;0.434,0.286,0.787,0.617,0.0709,0.279,0.0965,0.976,0.753,0.493;aaaa;
0.673;0.94,0.245,0.509,0.663,0.795,0.787,0.746,0.947,0.389,0.372;aaaaaaa;
0.484;0.11,0.418,0.634,0.974,0.51,0.631,0.3,0.505,0.00533,0.11;a;
0.653;0.977,0.799,0.982,0.997,0.721,0.742,0.555,0.224,0.361,0.562;aaaaaa;
0.471;0.318,0.631,0.229,0.31,0.922,0.134,0.102,0.604,0.426,0.174;aaaaaaaaa;
0.536;0.024,0.806,0.215,0.735,0.634,0.177,0.274,0.113,0.0462,0.0486;aaaaaaaa;
0.475;0.705,0.125,0.962,0.518,0.626,0.671,0.74,0.846,0.96,0.568;aaaaaaaaa;
0.0608;0.307,0.18,0.341,0.262,0.0635,0.84,0.899,0.227,0.368,0.85;aaaaa;
0.754;0.482,0.275,0.169,0.569,0.476,0.658,0.923,0.651,0.0667,0.674;aaaaaaaaa;
0.704;0.0598,0.594,0.12,0.477,0.107,0.373,0.0506,0.0147,0.243,0.0408;a;
0.46;0.726,0.363,0.0627,0.845,0.05,0.0672,0.398,0.568,0.0408,0.333;aaaa;
0.388;0.429,0.175,0.0873,0.0834,0.643,0.734,0.62,0.132,0.105,0.618;aaaaaaaaa;
0.864;0.806,0.35,0.573,0.839,0.483,0.303,0.738,0.318,0.836,0.171;aaaaaaa;
0.866;0.48,0.738,0.291,0.664,0.403,0.81,0.712,0.227,0.696,0.523;a;
0.523;0.682,0.412,0.898,0.701,0.733,0.419,0.754,0.888,0.12,0.98;aaaaa;
0.654;0.659,0.866,0.425,0.775,0.759,0.611,0.135,0.67,0.982,0.168;aaaaaaaaa;
0.0682;0.761,0.466,0.232,0.574,0.858,0.937,0.483,0.415,0.539,0.595;aaaaaaaaa;
0.309;0.13,0.639,0.139,0.608,0.00318,0.0395,0.811,0.306,0.164,0.535;aaaaaaaaaa;
0.894;0.787,0.272,0.294,0.0919,0.624,0.959,0.778,0.12,0.875,0.402;aaaaaaaa;
0.109;0.205,0.405,0.812,0.641,0.824,0.41,0.619,0.74,0.683,0.437;aa;
0.777;0.617,0.159,0.247,0.724,0.0435,0.294,0.276,0.554,0.833,0.411;aaaa;
0.194;0.222,0.7,0.544,0.572,0.639,0.488,0.559,0.317,0.718,0.324;aaaaa;
0.802;0.42,0.349,0.416,0.939,0.574,0.643,0.46,0.862,0.78,0.72;aaaaaaaaa;
0.148;0.75,0.566,0.266,0.952,0.736,0.526,0.062,0.747,0.265,0.439;aaaaaaaaaa;
0.152;0.96,0.908,0.619,0.792,0.0513,0.392,0.428,0.31,0.526,0.298;aaaaaaaa;
0.862;0.678,0.66,0.619,0.531,0.85,0.0789,0.814,0.442,0.778,0.457;aaa;
0.912;0.647,0.647,0.582,0.256,0.0336,0.14,0.414,0.829,0.912,0.0447;aaaaaaaaaa;
0.512;0.476,0.27,0.924,0.809,0.491,0.543,0.821,0.0808,0.0257,0.307;aaaaaaaaaa;
0.3;0.705,0.744,0.768,0.0674,0.988,0.381,0.181,0.39,0.363,0.389;aaaaa;
0.801;0.467,0.0909,0.157,0.434,0.785,0.447,0.778,0.039,0.096,0.0642;aaaaaaaa;
0.206;0.333,0.402,0.58,0.831,0.516,0.88,0.636,0.648,0.793,0.992;aaaaaa;
0.606;0.588,0.595,0.377,0.78,0.599,0.0123,0.322,0.409,0.656,0.278;aaaaaaaaaa;
0.387;0.521,0.707,0.295,0.748,0.918,0.273,0.0606,0.537,0.351,0.21;aa;
0.0626;0.633,0.0826,0.43,0.0567,0.495,0.125,0.109,0.0128,0.71,0.996;a;
0.04;0.0483,0.447,0.408,0.141,0.28,0.953,0.398,0.385,0.109,0.786;aaaaa;
0.453;0.397,0.659,0.678,0.157,0.564,0.435,0.147,0.777,0.0802,0.803;aaaaaaa;
0.478;0.461,0.884,0.814,0.248,0.203,0.656,0.695,0.578,0.669,0.218;aaaaaaaaaa;
0.37;0.362,0.717,0.94,0.275,0.964,0.488,0.914,0.81,0.981,0.637;aaaaa;
0.0927;0.633,0.951,0.52,0.335,0.152,0.658,0.0192,0.551,0.28,0.104;aaaaa;
0.0744;0.771,0.42,0.894,0.545,0.434,0.501,0.693,0.815,0.0333,0.48;aaaaaaaa;
0.258;0.183,0.891,0.0106,0.332,0.497,0.1,0.403,0.577,0.949,0.678;aaaa;
0.491;0.205,0.807,0.813,0.247,0.626,0.392,0.226,0.336,0.287,0.865;aaaaa;
0.174;0.844,0.137,0.496,0.82,0.364,0.138,0.749,0.562,0.175,0.479;aaaaaaa;
0.145;0.724,0.344,0.287,0.952,0.348,0.662,0.788,0.173,0.62,0.081;aaaa;
0.603;0.228,0.17,0.704,0.932,0.636,0.415,0.367,0.124,0.673,0.304;aaaaa;
0.0901;0.0406,0.369,0.0667,0.332,0.814,0.619,0.565,0.333,0.0186,0.448;aaaaaaaaa;
0.931;0.301,0.06,0.21,0.372,0.426,0.699,0.798,0.332,0.489,0.431;aa;
0.929;0.774,0.674,0.824,0.128,0.8,0.0144,0.0494,0.728,0.437,0.224;aaaaaa;
0.546;0.534,0.0563,0.535,0.0204,0.643,0.454,0.283,0.176,0.965,0.131;aaa;
0.48;0.824,0.648,0.87,0.409,0.246,0.851,0.398,0.737,0.33,0.44;aaa;
0.453;0.91,0.0245,0.124,0.339,0.684,0.715,0.919,0.639,0.939,0.606;a;
0.687;0.939,0.135,0.675,0.359,0.47,0.327,0.856,0.686,0.303,0.895;aa;
0.774;0.939,0.291,0.648,0.0208,0.711,0.143,0.142,0.0217,0.862,0.71;aaaaaa;
0.5;0.871,0.0688,0.867,0.806,0.0954,0.723,0.333,0.668,0.984,0.488;aaaa;
0.0435;0.829,0.736,0.706,0.0701,0.649,0.274,0.716,0.808,0.108,0.29;aaaaaa;
0.784;0.323,0.78,0.523,0.896,0.383,0.987,0.86,0.629,0.344,0.121;aaaaaa;
0.556;0.804,0.984,0.495,0.182,0.555,0.448,0.582,0.00595,0.671,0.453;aaaaaaaaa;
0.00923;0.921,0.377,0.498,0.07,0.694,0.484,0.814,0.454,0.208,0.169;aaaa;
0.403;0.284,0.7,0.0962,0.423,0.47,0.361,0.241,0.844,0.322,0.421;a;
0.85;0.893,0.824,0.555,0.584,0.372,0.692,0.0587,0.829,0.554,0.503;aaa;
0.996;0.513,0.54,0.114,0.791,0.113,0.0944,0.362,0.279,0.881,0.78;aaaaaaaaa;
0.0877;0.907,0.109,0.51,0.824,0.409,0.441,0.272,0.254,0.873,0.104;aaaaaaaaa;
0.0196;0.684,0.0844,0.755,0.464,0.104,0.252,0.842,0.789,0.0661,0.171;aaa;
0.986;0.829,0.489,0.231,0.486,0.755,0.00897,0.0932,0.0508,0.977,0.889;aaaaaaa;
0.43;0.112,0.758,0.314,0.598,0.404,0.753,0.0438,0.291,0.834,0.851;a;
0.629;0.262,0.624,0.652,0.361,0.503,0.954,0.189,0.493,0.929,0.202;aaaa;
0.254;0.548,0.0402,0.237,0.588,0.0681,0.679,0.141,0.983,0.0405,0.834;aaaaaaaa;
0.563;0.623,0.489,0.428,0.458,0.457,0.151,0.858,0.586,0.855,0.757;aaaaaaa;
0.833;0.206,0.445,0.0131,0.255,0.0386,0.452,0.125,0.981,0.124,0.109;aaaa;
0.551;0.43,0.342,0.6,0.177,0.565,0.586,0.11,0.696,0.205,0.365;aaa;
0.472;0.296,0.759,0.796,0.193,0.225,0.196,0.999,0.394,0.935,0.832;aaa;
0.704;0.78,0.00474,0.643,0.668,0.804,0.247,0.106,0.831,0.781,0.989;aaaaaaaaaa;
0.58;0.867,0.747,0.551,0.436,0.883,0.378,0.977,0.287,0.867,0.591;aaaaaa;
0.675;0.845,0.00146,0.223,0.937,0.962,0.879,0.457,0.373,0.921,0.808;aaaaaaaa;
0.834;0.655,0.3,0.179,0.145,0.979,0.775,0.169,0.84,0.732,0.935;aaaaaaaaaa;
0.768;0.4,0.893,0.933,0.682,0.501,0.107,0.219,0.0706,0.273,0.334;aaaaaaa;
0.977;0.228,0.77,0.808,0.674,0.842,0.734,0.399,0.0445,0.954,0.604;aaaaaaaa;
0.341;0.641,0.758,0.323,0.795,0.152,0.0388,0.0938,0.0237,0.51,0.182;aaa;
0.568;0.465,0.405,0.86,0.531,0.955,0.828,0.794,0.344,0.699,0.516;aaaa;
0.825;0.093,0.565,0.936,0.392,0.926,0.709,0.326,0.631,0.887,0.377;aaaaa;
0.278;0.189,0.927,0.000541,0.187,0.485,0.437,0.428,0.128,0.0466,0.351;aaaaaaa;
0.684;0.279,0.813,0.676,0.119,0.249,0.598,0.298,0.75,0.22,0.139;aaaaaaaaa;
0.322;0.126,0.507,0.151,0.98,0.0701,0.749,0.18,0.627,0.204,0.788;aaaaa;
0.941;0.526,0.0782,0.555,0.706,0.259,0.07,0.395,0.865,0.745,0.515;aaaaaaaaaa;
0.153;0.427,0.668,0.593,0.0827,0.0721,0.593,0.223,0.209,0.12,0.491;aaaaaa;
0.71;0.388,0.258,0.762,0.627,0.18,0.653,0.834,0.784,0.319,0.659;aaaaaaa;
0.0237;0.0117,0.331,0.876,0.842,0.552,0.767,0.519,0.595,0.637,0.866;aaaaaaaa;
0.0486;0.827,0.454,0.94,0.712,0.825,0.909,0.932,0.931,0.698,0.713;a;
0.57;0.586,0.291,0.527,0.59,0.816,0.221,0.994,0.166,0.114,0.776;aaaaaaaa;
0.554;0.608,0.455,0.822,0.698,0.21,0.214,0.288,0.168,0.499,0.254;aaaa;
0.116;0.622,0.675,0.601,0.324,0.775,0.137,0.702,0.913,0.816,0.0155;a;
0.706;0.0977,0.0359,0.0466,0.378,0.71,0.26,0.614,0.491,0.515,0.99;aaaaaaaaa;
0.584;0.799,0.111,0.0822,0.394,0.295,0.212,0.0612,0.184,0.346,0.889;aaaaaaaaa;
0.503;0.257,0.936,0.762,0.508,0.963,0.69,0.713,0.603,0.705,0.438;aaa;
0.244;0.191,0.871,0.0248,0.565,0.791,0.878,0.966,0.924,0.97,0.866;aaaaaaaaaa;
0.783;0.393,0.959,0.251,0.707,0.392,0.182,0.142,0.526,0.822,0.00584;aaaa;
0.279;0.678,0.0041,0.317,0.631,0.799,0.95,0.622,0.484,0.441,0.17;a;
0.0278;0.688,0.937,0.565,0.971,0.61,0.271,0.97,0.438,0.006,0.847;aaaaaaaa;
0.263;0.197,0.796,0.245,0.919,0.904,0.0861,0.223,0.912,0.992,0.181;aaa;
0.201;0.109,0.298,0.0365,0.969,0.59,0.845,0.559,0.554,0.244,0.691;a;
0.86;0.203,0.505,0.708,0.159,0.962,0.836,0.983,0.3,0.89,0.00371;aaaaa;
0.972;0.726,0.343,0.0681,0.00478,0.411,0.671,0.407,0.724,0.67,0.692;aaaaaaa;
0.103;0.85,0.0299,0.904,0.0136,0.294,0.532,0.527,0.99,0.182,0.292;aaaaaaaa;
0.609;0.868,0.428,0.433,0.94,0.277,0.315,0.357,0.305,0.374,0.668;aaaa;
0.24;0.321,0.502,0.251,0.345,0.944,0.538,0.698,0.0529,0.8,0.505;aaaaaaa;
0.244;0.577,0.599,0.886,0.604,0.545,0.0934,0.0743,0.236,0.0361,0.343;a;
0.478;0.602,0.961,0.00182,0.666,0.57,0.671,0.871,0.65,0.946,0.0922;aaaa;
0.323;0.588,0.437,0.573,0.704,0.876,0.218,0.244,0.155,0.535,0.394;aaaaaa;
0.341;0.571,0.63,0.156,0.608,0.416,0.467,0.0271,0.545,0.255,0.91;aaaaa;
0.69;0.409,0.378,0.509,0.241,0.564,0.173,0.237,0.615,0.56,0.393;aaaa;
0.719;0.125,0.623,0.774,0.63,0.395,0.872,0.607,0.396,0.124,0.302;aaa;
0.264;0.445,0.138,0.191,0.981,0.663,0.544,0.0735,0.448,0.371,0.751;aaaaaaa;
0.255;0.111,0.232,0.0548,0.822,0.61,0.458,0.418,0.395,0.0697,0.974;aaaaaaaaa;
0.682;0.837,0.817,0.394,0.456,0.609,0.212,0.0343,0.444,0.0473,0.0152;aaaaaaa;
0.217;0.848,0.391,0.143,0.798,0.0884,0.273,0.0727,0.173,0.599,0.707;aaaaa;
0.259;0.316,0.815,0.59,0.346,0.73,0.0778,0.444,0.772,0.525,0.158;aaaaa;
0.242;0.356,0.334,0.22,0.573,0.432,0.303,0.0326,0.422,0.0726,0.454;aaaaa;
0.129;0.552,0.24,0.935,0.521,0.807,0.0892,0.69,0.0937,0.549,0.838;aaa;
0.307;0.219,0.638,0.169,0.91,0.161,0.463,0.0187,0.995,0.177,0.976;aaaaaaa;
0.443;0.999,0.0784,0.149,0.951,0.513,0.924,0.433,0.576,0.157,0.966;a;
0.141;0.13,0.281,0.474,0.635,0.584,0.392,0.96,0.0466,0.802,0.541;aaaaaaaaaa;
0.979;0.411,0.666,0.495,0.782,0.29,0.297,0.23,0.0332,0.686,0.289;aaaaaa;
0.169;0.997,0.88,0.299,0.479,0.217,0.348,0.222,0.882,0.247,0.409;aaaaa;
0.82;0.37,0.314,0.341,0.261,0.283,0.101,0.665,0.782,0.855,0.612;aaaaa;
0.671;0.766,0.891,0.585,0.843,0.596,0.0683,0.438,0.807,0.502,0.769;aaaa;
0.11;0.31,0.34,0.817,0.416,0.39,0.986,0.78,0.617,0.488,0.672;aaaaa;
0.922;0.0236,0.482,0.592,0.591,0.727,0.869,0.266,0.587,0.947,0.422;aaaa;
0.484;0.709,0.117,0.113,0.265,0.0573,0.978,0.403,0.413,0.000804,0.472;aaaaaa;
0.376;0.392,0.393,0.156,0.00874,0.602,0.0905,0.201,0.0912,0.0939,0.581;aaaa;
0.43;0.859,0.271,0.742,0.986,0.0258,0.429,0.276,0.193,0.591,0.0722;aa;
0.104;0.957,0.507,0.599,0.315,0.367,0.186,0.933,0.676,0.77,0.218;aaaaaaaa;
0.634;0.65,0.874,0.168,0.784,0.794,0.843,0.28,0.891,0.823,0.941;aaaaaaaaa;
0.0105;0.205,0.407,0.783,0.0203,0.994,0.958,0.366,0.178,0.328,0.799;aaaaaaa;
0.366;0.313,0.991,0.441,0.183,0.703,0.462,0.578,0.838,0.378,0.039;aaaaaa;
0.241;0.73,0.561,0.39,0.893,0.934,0.698,0.837,0.0387,0.249,0.339;aaaa;
0.793;0.983,0.79,0.685,0.373,0.259,0.628,0.909,0.171,0.0803,0.796;aa;
0.66;0.286,0.227,0.365,0.712,0.486,0.603,0.13,0.104,0.681,0.347;aaaaaaa;
0.459;0.844,0.533,0.903,0.882,0.262,0.175,0.658,0.0674,0.0805,0.83;aaaaaaaaaa;
0.991;0.158,0.818,0.944,0.81,0.809,0.439,0.013,0.189,0.295,0.901;aaaaaaa;
0.426;0.655,0.72,0.682,0.000745,0.537,0.536,0.374,0.768,0.523,0.0834;aaaaaaaa;
0.896;0.0948,0.796,0.857,0.719,1,0.714,0.125,0.28,0.121,0.91;aaaaaaaa;
0.992;0.048,0.529,0.0294,0.125,0.581,0.0463,0.738,0.772,0.906,0.669;aaaaaaaaaa;
0.912;0.263,0.39,0.974,0.0185,0.68,0.507,0.0661,0.95,0.127,0.668;aaaaaaaa;
0.988;0.0917,0.687,0.533,0.893,0.148,0.17,0.662,0.727,0.809,0.099;aaaaaaaaaa;
0.352;0.5,0.555,0.7,0.282,0.139,0.556,0.19,0.16,0.163,0.892;aaaaaaaa;
0.643;0.688,1,0.00174,0.835,0.576,0.206,0.804,0.147,0.488,0.28;aaaaa;
0.271;0.567,0.698,0.277,0.642,0.115,0.953,0.662,0.63,0.52,0.304;aaaaaaaaa;
0.634;0.256,0.598,0.0787,0.292,0.366,0.636,0.0772,0.588,0.384,0.263;aa;
0.684;0.58,0.0956,0.862,0.0242,0.477,0.554,0.714,0.631,0.913,0.563;aaaaa;
0.151;0.606,0.105,0.434,0.102,0.131,0.964,0.639,0.24,0.21,0.88;a;
0.583;0.897,0.177,0.454,0.126,0.748,0.338,0.843,0.635,0.76,0.359;a;
0.176;0.589,0.848,0.376,0.204,0.817,0.653,0.479,0.407,0.0704,0.511;aaaaaaaaa;
0.445;0.056,0.363,0.826,0.202,0.0932,0.0284,0.209,0.976,0.836,0.842;aaaaa;
3.06e-05;0.248,0.504,0.493,0.086,0.774,0.225,0.0916,0.53,0.0558,0.264;a;
0.961;0.028,0.527,0.792,0.445,0.842,0.578,0.6,0.448,0.993,0.121;a;
0.555;0.393,0.242,0.179,0.292,0.058,0.184,0.393,0.148,0.144,0.696;aaaaaa;
0.191;0.249,0.0709,0.206,0.741,0.641,0.449,0.893,0.0588,0.122,0.101;aaaaaaaaaa;
0.618;0.0398,0.452,0.347,0.67,0.143,0.751,0.802,0.726,0.875,0.064;a;
0.53;0.496,0.169,0.773,0.527,0.0446,0.505,0.739,0.442,0.106,0.0169;aaaaaaaa;
0.822;0.388,0.225,0.689,0.0814,0.19,0.392,0.683,0.525,0.0341,0.358;aa;
0.105;0.41,0.698,0.416,0.403,0.507,0.374,0.54,0.571,0.101,0.512;aaaaaaa;
0.784;0.229,0.366,0.424,0.757,0.609,0.6,0.914,0.668,0.771,0.869;aaaaaaaa;
0.611;0.157,0.34,0.248,0.182,0.521,0.338,0.736,0.823,0.526,0.74;aaaaaaaa;
0.755;0.433,0.683,0.0798,0.21,0.327,0.847,0.0635,0.00696,0.889,0.786;aaaa;
0.21;0.928,0.264,0.00621,0.474,0.513,0.864,0.793,0.35,0.177,0.22;aaaaaaaa;
0.435;0.279,0.0783,0.885,0.35,0.693,0.65,0.408,0.627,0.71,0.461;aaaa;
0.557;0.0761,0.663,0.768,0.872,0.688,0.862,0.718,0.912,0.617,0.241;a;
0.528;0.738,0.477,0.49,0.238,0.83,0.922,0.764,0.916,0.338,0.961;a;
0.747;0.276,0.415,0.965,0.215,0.892,0.343,0.227,0.585,0.974,0.391;aaaaaaaaa;
0.391;0.00697,0.777,0.705,0.761,0.0926,0.905,0.268,0.928,0.833,0.462;a;
0.656;0.834,0.737,0.25,0.552,0.102,0.205,0.969,0.0996,0.563,0.522;aaaa;
0.713;0.198,0.171,0.192,0.573,0.573,0.978,0.0235,0.947,0.733,0.748;a;
0.991;0.397,0.721,0.339,0.973,0.438,0.511,0.111,0.265,0.49,0.346;aaaa;
0.613;0.318,0.814,0.399,0.22,0.372,0.772,0.231,0.456,0.888,0.751;aaaaa;
0.227;0.692,0.39,0.0628,0.466,0.928,0.874,0.341,0.434,0.948,0.675;aaaaaaaaaa;
0.983;0.846,0.135,0.924,0.619,0.621,0.895,0.896,0.394,0.09,0.249;aaaaa;
0.0933;0.956,0.268,0.88,0.967,0.729,0.00611,0.819,0.151,0.928,0.865;aaaa;
0.576;0.354,0.829,0.637,0.599,0.848,0.849,0.174,0.0426,0.837,0.26;aaaaaaaaa;
0.857;0.724,0.349,0.49,0.562,0.621,0.585,0.268,0.854,0.725,0.778;aaaaaaaaaa;
0.317;0.0717,0.082,0.192,0.828,0.56,0.724,0.65,0.465,0.602,0.321;aa;
0.119;0.85,0.0896,0.655,0.371,0.871,0.868,0.614,0.195,0.947,0.62;aa;
0.693;0.681,0.0884,0.371,0.294,0.757,0.725,0.55,0.809,0.97,0.558;aaaaaaaaaa;
0.666;0.298,0.636,0.928,0.879,0.946,0.659,0.107,0.113,0.978,0.017;aaaaaaaaaa;
0.0379;0.575,0.377,0.325,0.198,0.135,0.726,0.628,0.843,0.0105,0.166;a;
0.995;0.309,0.806,0.878,0.342,0.606,0.488,0.401,0.928,0.754,0.942;aa;
0.772;0.434,0.81,0.437,0.00432,0.988,0.981,0.776,0.57,0.781,0.0718;aa;
0.194;0.621,0.104,0.779,0.507,0.0164,0.969,0.639,0.421,0.823,0.703;aaaaa;
0.339;0.518,0.644,0.323,0.893,0.814,0.704,0.227,0.441,0.367,0.68;aaaaaaaaaa;
0.376;0.962,0.00447,0.445,0.884,0.819,0.928,0.072,0.909,0.899,0.833;aaaaaaaaaa;
0.0356;0.749,0.148,0.608,0.785,0.141,0.582,0.269,0.244,0.453,0.472;aaaa;
0.179;0.577,0.527,0.757,0.791,0.225,0.666,0.292,0.589,0.302,0.893;aaaa;
0.174;0.857,0.529,0.712,0.711,0.457,0.384,0.816,0.764,0.414,0.974;aaaaaaa;
0.109;1,0.432,0.488,0.248,0.16,0.0425,0.413,0.00501,0.177,0.22;a;
0.848;0.903,0.827,0.554,0.695,0.333,0.307,0.511,0.597,0.796,0.159;aaa;
0.145;0.732,0.0538,0.228,0.0916,0.853,0.389,0.667,0.446,0.943,0.405;aaa;
0.668;0.166,0.131,0.428,0.401,0.444,0.754,0.487,0.384,0.964,0.925;aaa;
0.168;0.781,0.0341,0.323,0.577,0.724,0.275,0.0914,0.89,0.54,0.599;aaaaaaaaa;
0.491;0.191,0.996,0.331,0.0833,0.394,0.661,0.665,0.847,0.997,0.99;aa;
0.108;0.47,0.0537,0.578,0.233,0.0288,0.426,0.0921,0.427,0.74,0.0641;aaaaaa;
0.384;0.77,0.329,0.811,0.266,0.4,0.564,0.456,0.355,0.00118,0.948;aaa;
0.534;0.895,0.877,0.68,0.34,0.192,0.63,0.861,0.719,0.762,0.0679;aaaaaaaa;
0.121;0.629,0.426,0.0505,0.838,0.828,0.367,0.672,0.571,0.448,0.626;aaaaaaaaa;
0.435;0.163,0.554,0.745,0.251,0.0167,0.288,0.36,0.718,0.103,0.747;a;
0.358;0.566,0.895,0.912,0.194,0.535,0.576,0.246,0.203,0.129,0.728;aaaaaaaa;
0.715;0.285,0.0247,0.0635,0.0897,0.311,0.371,0.935,0.141,0.144,0.492;aaaaaaaaaa;
0.197;0.0824,0.965,0.606,0.58,0.489,0.141,0.856,0.79,0.701,0.761;aaaaaaaaa;
0.167;0.277,0.817,0.054,0.863,0.0143,0.254,0.582,0.513,0.159,0.753;aaaaa;
0.827;0.268,0.709,0.474,0.78,0.295,0.649,0.941,0.94,0.00101,0.613;aaa;
0.384;0.129,0.114,0.476,0.163,0.225,0.505,0.628,0.619,0.33,0.618;aaa;
0.438;0.856,0.384,0.891,0.0115,0.2,0.126,0.86,0.248,0.621,0.475;a;
0.134;0.599,0.542,0.367,0.565,0.125,0.566,0.551,0.189,0.00532,0.342;aaaaaaa;
0.144;0.925,0.582,0.845,0.185,0.0191,0.965,0.903,0.465,0.43,0.177;aaaa;
0.623;0.269,0.439,0.891,0.526,0.661,0.00294,0.866,0.362,0.606,0.602;aa;
0.668;0.336,0.7,0.141,0.735,0.536,0.467,0.639,0.906,0.144,0.45;aaaa;
0.701;0.953,0.0536,0.685,0.27,0.278,0.474,0.942,0.259,0.925,0.162;aaaa;
0.453;0.959,0.405,0.756,0.981,0.0535,0.913,0.654,0.419,0.145,0.992;aaaaaaa;
0.512;0.118,0.0897,0.769,0.728,0.242,0.913,0.414,0.488,0.831,0.941;aaaa;
0.494;0.549,0.733,0.00964,0.401,0.693,0.944,0.956,0.346,0.385,0.765;aaaaa;
0.711;0.823,0.8,0.797,0.724,0.567,0.862,0.72,0.398,0.166,0.144;aaaaaaa;
0.306;0.238,0.647,0.526,0.499,0.899,0.46,0.646,0.366,0.484,0.294;aaaa;
0.297;0.396,0.856,0.547,0.691,0.0256,0.601,0.151,0.425,0.621,0.582;aaaaa;
0.169;0.604,0.757,0.662,0.703,0.87,0.477,0.602,0.441,0.414,0.0464;aaaaaaaaaa;
0.265;0.353,0.94,0.841,0.278,0.756,0.419,0.656,0.194,0.395,0.853;aaaaaa;
0.382;0.779,0.54,0.912,0.0692,0.559,0.72,0.269,0.0746,0.815,0.647;aa;
0.787;0.0876,0.67,0.882,0.46,0.181,0.21,0.397,0.779,0.661,0.885;aaa;
0.231;0.157,0.997,0.109,0.434,0.0643,0.0492,0.415,0.847,0.681,0.98;aaaaaaaaa;
0.77;0.141,0.54,0.485,0.501,0.332,0.299,0.864,0.617,0.607,0.72;aaaaaa;
0.466;0.615,0.641,0.68,0.167,0.17,0.126,0.453,0.381,0.591,0.603;aaaaaa;
0.866;0.181,0.98,0.803,0.0816,0.798,0.0376,0.659,0.25,0.795,0.0331;aaaaaaaa;
0.794;0.833,0.983,0.486,0.711,0.858,0.812,0.886,0.444,0.309,0.653;aaaaaaaa;
0.312;0.345,0.355,0.491,0.38,0.0234,0.806,0.155,0.392,0.659,0.287;aaaa;
0.499;0.673,0.972,0.723,0.349,0.0665,0.838,0.563,0.55,0.429,0.474;a;
0.327;0.917,0.604,0.794,0.626,0.825,0.704,0.399,0.715,0.548,0.46;aaa;
0.181;0.417,0.917,0.683,0.942,0.821,0.0414,0.916,0.744,0.821,0.0315;aaaaaa;
0.691;0.896,0.83,0.48,0.793,0.279,0.63,0.153,0.515,0.566,0.597;a;
0.871;0.411,0.618,0.399,0.199,0.327,0.894,0.147,0.956,0.954,0.61;aaaaaa;
0.694;0.433,0.348,0.516,0.167,0.663,0.342,0.702,0.701,0.818,0.786;aaaaaa;
0.0248;0.42,0.569,0.829,0.382,0.122,0.751,0.724,0.359,0.299,0.771;aaaaa;
0.447;0.631,0.688,0.557,0.483,0.0395,0.447,0.545,0.88,0.439,0.794;aaaaaaaaaa;
0.916;0.0187,0.53,0.263,0.0759,0.343,0.0112,0.774,0.561,0.726,0.658;aa;
0.841;0.432,0.596,0.604,0.559,0.181,0.394,0.968,0.96,0.77,0.0239;aa;
0.907;0.552,0.0355,0.587,0.32,0.857,0.273,0.439,0.143,0.714,0.517;aaaaaaaaaa;
0.826;0.703,0.075,0.873,0.719,0.392,0.7,0.415,0.425,0.377,0.736;aaaaaaa;
0.776;0.487,0.0442,0.452,0.584,0.782,0.867,0.241,0.116,0.712,0.608;aa;
0.567;0.985,0.237,0.749,0.441,0.997,0.385,0.678,0.143,0.319,0.777;aaaaa;
0.0737;0.227,0.331,0.967,0.018,0.199,0.877,0.0654,0.286,0.76,0.911;aa;
0.0392;0.405,0.81,0.59,0.0301,0.589,0.768,0.238,0.00504,0.177,0.638;aaaaaaaaaa;
0.483;0.24,0.981,0.294,0.165,0.935,0.888,0.0456,0.795,0.0227,0.496;a;
0.398;0.828,0.607,0.242,0.106,0.0992,0.382,0.0374,0.421,0.49,0.972;aaaaaaaaaa;
0.411;0.492,0.443,0.528,0.00289,0.595,0.164,0.267,0.118,0.289,0.633;aaaaaaaaaa;
0.896;0.545,0.57,0.547,0.689,0.0495,0.372,0.231,0.311,0.0385,0.581;aaaaa;
0.501;0.153,0.0649,0.922,0.889,0.886,0.669,0.668,0.218,0.153,0.215;aaaaaaa;
0.934;0.873,0.0244,0.985,0.701,0.54,0.75,0.394,0.381,0.853,0.155;aa;
0.209;0.0125,0.794,0.862,0.872,0.706,0.217,0.365,0.246,0.288,0.369;aaaaa;
0.0813;0.327,0.689,0.477,0.718,0.823,0.219,0.0718,0.219,0.311,0.479;aaaaaaaaaa;
0.79;0.351,0.769,0.25,0.114,0.299,0.915,0.149,0.0354,0.584,0.783;aaa;
0.765;0.708,0.591,0.275,0.586,0.351,0.462,0.434,0.661,0.444,0.287;aaaaaa;
0.323;0.763,0.289,0.0649,0.0718,0.119,0.654,0.252,0.968,0.183,0.337;aa;
0.221;0.748,0.453,0.903,0.0602,0.579,0.517,0.563,0.136,0.431,0.505;aaaaa;
0.537;0.516,0.628,0.597,0.608,0.28,0.608,0.973,0.0748,0.249,0.608;aaaaaa;
0.13;0.386,0.815,0.306,0.895,0.423,0.746,0.472,0.757,0.239,0.0891;aaaa;
0.922;0.808,0.572,0.456,0.806,0.544,0.708,0.452,0.723,0.0886,0.493;aaaa;
0.661;0.571,0.0826,0.107,0.88,0.839,0.955,0.997,0.495,0.368,0.494;aaaaaaaa;
0.137;0.376,0.11,0.539,0.183,0.959,0.662,0.127,0.373,0.905,0.184;aa;
0.546;0.839,0.261,0.659,0.0701,0.684,0.322,0.72,0.336,0.33,0.846;a;
0.761;0.479,0.257,0.467,0.291,0.181,0.337,0.54,0.139,0.894,0.864;aaaaaaaaaa;
0.505;0.829,0.331,0.373,0.056,0.833,0.0974,0.218,0.826,0.423,0.592;aa;
0.0729;0.407,0.137,0.917,0.86,0.875,0.965,0.836,0.00105,0.147,0.713;aa;
0.315;0.551,0.113,0.372,0.948,0.727,0.797,0.637,0.372,0.111,0.862;aa;
0.553;0.0713,0.765,0.89,0.633,0.444,0.339,0.258,0.696,0.579,0.816;aaaa;
0.79;0.931,0.0715,0.192,0.388,0.25,0.774,0.9,0.264,0.63,0.3;a;
0.668;0.856,0.333,0.124,0.234,0.303,0.218,0.262,0.239,0.42,0.153;aaaaaaa;
0.733;0.859,0.38,0.287,0.82,0.291,0.999,0.718,0.56,0.149,0.478;aaaaaaaaaa;
0.281;0.701,0.539,0.662,0.272,0.77,0.785,0.000579,0.705,0.94,0.0449;aaaaaaaaaa;
0.991;0.608,0.279,0.698,0.537,0.126,0.463,0.448,0.0631,0.176,0.407;aa;
0.408;0.727,0.32,0.144,0.278,0.593,0.611,0.893,0.961,0.0823,0.824;aaa;
0.356;0.965,0.528,0.572,0.633,0.764,0.712,0.383,0.786,0.334,0.594;aaaaaa;
0.61;0.243,0.886,0.0989,0.394,0.629,0.583,0.594,0.543,0.496,0.489;aaaaaaaa;
0.68;0.303,0.482,0.0113,1,0.0968,0.502,0.56,0.0409,0.493,0.2;aa;
0.159;0.611,0.771,0.635,0.691,0.583,0.0877,0.543,0.114,0.209,0.894;aaaaaa;
0.441;0.609,0.732,0.424,0.873,0.00317,0.209,0.29,0.815,0.812,0.956;a;
0.772;0.603,0.915,0.00941,0.973,0.592,0.146,0.339,0.402,0.767,0.281;aaaaaaa;
0.102;0.25,0.275,0.436,0.994,0.0358,0.749,0.0761,0.878,0.769,0.0126;aaaaaaaa;
0.676;0.35,0.146,0.16,0.0865,0.763,0.498,0.141,0.199,0.825,0.515;aaaa;
0.182;0.237,0.0974,0.749,0.241,0.808,0.637,0.978,0.676,0.0687,0.0224;aaaaa;
0.523;0.373,0.742,0.733,0.599,0.0849,0.835,0.704,0.993,0.751,0.279;aaa;
0.551;0.495,0.192,0.276,0.888,0.104,0.861,0.064,0.335,0.397,0.634;aaaaaaaa;
0.563;0.999,0.416,0.286,0.156,0.545,0.109,0.278,0.537,0.879,0.934;aaaaaaaa;
0.572;0.936,0.357,0.4,0.349,0.595,0.876,0.758,0.237,0.9,0.108;aaaaaaaaaa;
0.281;0.142,0.765,0.902,0.729,0.23,0.691,0.327,0.883,0.955,0.281;aaaaaaaaa;
0.856;0.1,0.711,0.863,0.488,0.418,0.691,0.153,0.184,0.655,0.676;aaaaaaa;
0.602;0.644,0.885,0.493,0.197,0.0687,0.312,0.642,0.968,0.556,0.0785;aaaaaaaa;
0.656;0.463,0.614,0.608,0.133,0.604,0.454,0.837,0.179,0.554,0.674;aaaaaaaa;
0.287;0.0701,0.963,0.693,0.887,0.0579,0.767,0.0966,0.893,0.941,0.341;aa;
0.19;0.689,0.763,0.0781,0.389,0.145,0.743,0.931,0.918,0.227,0.589;aaa;
0.925;0.931,0.365,0.513,0.652,0.548,0.615,0.622,0.203,1,0.68;aa;
0.558;0.956,0.0408,0.125,0.0849,0.59,0.546,0.664,0.112,0.722,0.597;aa;
0.774;0.246,0.686,0.968,0.0359,0.283,0.673,0.584,0.592,0.279,0.0627;aaaaaaaaa;
0.941;0.25,0.812,0.831,0.489,0.692,0.118,0.867,0.186,0.48,0.227;aaaaaaaa;
0.439;0.428,0.726,0.0349,0.243,0.0471,0.432,0.155,0.0126,0.0906,0.322;aaaa;
0.326;0.875,0.957,0.86,0.125,0.693,0.297,0.0809,0.263,0.584,0.102;aaaa;
0.49;0.2,0.152,0.469,0.889,0.196,0.887,0.523,0.334,0.818,0.0643;aaaa;
0.266;0.18,0.235,0.03,0.59,0.352,0.0342,0.0352,0.999,0.491,0.561;aaaa;
0.953;0.475,0.6,0.252,0.642,0.821,0.65,0.413,0.00598,0.608,0.0212;a;
0.471;0.79,0.384,0.276,0.968,0.0685,0.627,0.645,0.936,0.948,0.196;aaa;
0.662;0.236,0.92,0.932,0.231,0.0557,0.166,0.923,0.545,0.863,0.939;a;
0.51;0.836,0.826,0.288,0.386,0.188,0.823,0.363,0.537,0.928,0.656;aaaaaa;
0.076;0.187,0.0361,0.371,0.971,0.335,0.123,0.882,0.491,0.967,0.0234;aaaaaaa;
0.974;0.11,0.0855,0.0815,0.719,0.302,0.345,0.187,0.967,0.0658,0.105;aaaaaaa;
0.156;0.376,0.219,0.158,0.279,0.945,0.0597,0.225,0.861,0.0592,0.0756;aaaaaaaa;
0.796;0.228,0.0339,0.0359,0.782,0.651,0.699,0.674,0.933,0.981,0.364;aaaaa;
0.475;0.121,0.825,0.627,0.0475,0.0593,0.876,0.323,0.953,0.443,0.161;a;
0.803;0.283,0.306,0.487,0.495,0.992,0.617,0.221,0.867,0.0975,0.604;a;
0.299;0.488,0.522,0.709,0.614,0.342,0.219,0.158,0.351,0.0456,0.826;aaa;
0.152;0.797,0.234,0.387,0.686,0.462,0.0926,0.151,0.183,0.358,0.877;aaaaaaaaaa;
0.425;0.0196,0.336,0.202,0.844,0.727,0.0636,0.794,0.13,0.015,0.705;aaaaaaaa;
0.00789;0.772,0.297,0.706,0.391,0.195,0.829,0.505,0.797,0.724,0.679;aaa;
0.0835;0.881,0.986,0.768,0.125,0.39,0.27,0.177,0.417,0.721,0.38;a;
0.0718;0.132,0.954,0.947,0.705,0.764,0.886,0.871,0.0841,0.163,0.731;aaaaaaaaaa;
0.388;0.485,0.253,0.476,0.287,0.451,0.678,0.22,0.793,0.49,0.587;aaaaa;
0.956;0.674,0.992,0.796,0.244,0.607,0.112,0.0612,0.978,0.221,0.376;aaa;
0.675;0.273,0.508,0.462,0.537,0.252,0.345,0.0665,0.656,0.0632,0.522;aaaaaaaaa;
0.67;0.35,0.45,0.198,0.14,0.317,0.00939,0.732,0.0191,0.0443,0.0625;aaa;
0.0602;0.617,0.877,0.0827,0.792,0.387,0.375,0.468,0.316,0.719,0.412;aaaaaaa;
0.166;0.202,0.869,0.996,0.814,0.357,0.203,0.109,0.676,0.48,0.302;aaaaaaa;
0.989;0.309,0.913,0.00207,0.364,0.33,0.836,0.0305,0.5,0.916,0.649;a;
0.575;0.948,0.819,0.512,0.0352,0.775,0.808,0.844,0.253,0.141,0.299;aaa;
0.633;0.637,0.12,0.521,0.503,0.844,0.72,0.299,0.693,0.299,0.943;aaaaaaa;
0.884;0.199,0.87,0.983,0.166,0.487,0.594,0.681,0.856,0.917,0.464;aaaa;
0.546;0.0662,0.897,0.032,0.528,0.935,0.952,0.653,0.739,0.402,0.399;aaaaaa;
0.909;0.921,0.459,0.965,0.984,0.809,0.172,0.654,0.0118,0.279,0.0933;aaaaaaaa;
0.144;0.701,0.926,0.409,0.0115,0.394,0.024,0.307,0.182,0.592,0.487;aaaaa;
0.708;0.695,0.385,0.586,0.274,0.273,0.462,0.467,0.802,0.199,0.386;aaaaaaaa;
0.853;0.415,0.897,0.0107,0.879,0.681,0.367,0.651,0.719,0.299,0.196;aaaaaaaaa;
0.245;0.858,0.477,0.308,0.00612,0.463,0.0536,0.824,0.711,0.272,0.462;aaaaa;
0.0343;0.857,0.403,0.213,0.294,0.999,0.72,0.788,0.819,0.547,0.272;aaaaaaaaa;
0.705;0.507,0.473,0.869,0.716,0.319,0.475,0.947,0.289,0.146,0.853;aaaaaa;
0.727;0.514,0.396,0.697,0.0399,0.238,0.885,0.643,0.569,0.875,0.376;aaa;
0.415;0.746,0.989,0.589,0.613,0.39,0.707,0.77,0.0582,0.941,0.492;aaaaaaaaaa;
0.451;0.962,0.121,0.778,0.0088,0.539,0.727,0.459,0.342,0.819,0.619;a;
0.171;0.868,0.27,0.265,0.515,0.263,0.226,0.784,0.747,0.54,0.589;a;
0.201;0.896,0.819,0.582,0.44,0.346,0.882,0.722,0.427,0.0913,0.994;aaaaaaaaaa;
0.991;0.185,0.821,0.606,0.313,0.32,0.989,0.375,0.933,0.796,0.74;aa;
0.52;0.431,0.888,0.608,0.667,0.141,0.122,0.492,0.577,0.357,0.804;aaaaa;
0.921;0.892,0.998,0.869,0.375,0.273,0.207,0.802,0.406,0.936,0.867;aaaaaaaa;
0.487;0.354,0.37,0.796,0.437,0.526,0.877,0.163,0.246,0.971,0.372;aaaa;
0.808;0.318,0.0438,0.256,0.058,0.519,0.579,0.379,0.126,0.903,0.774;aaaaaaaaaa;
0.0358;0.772,0.652,0.8,0.358,0.6,0.503,0.568,0.014,0.564,0.86;aaaaaaaaaa;
0.472;0.862,0.634,0.432,0.608,0.272,0.0538,0.387,0.906,0.522,0.956;aaaaaaaaa;
0.146;0.215,0.784,0.782,0.412,0.844,0.154,0.572,0.374,0.34,0.00404;a;
0.782;0.863,0.947,0.219,0.53,0.34,0.16,0.768,0.919,0.549,0.518;aaaaaaaaa;
0.885;0.128,0.584,0.319,0.283,0.49,0.509,0.926,0.819,0.402,0.171;aaaa;
0.641;0.14,0.362,0.553,0.51,0.76,0.354,0.669,0.394,0.423,0.945;aaaa;
0.478;0.377,0.0907,0.611,0.926,0.584,0.0873,0.364,0.114,0.391,0.562;aaaaaaaaaa;
0.206;0.432,0.437,0.286,0.0438,0.243,0.657,0.799,0.778,0.182,0.000987;aaaaaaaaaa;
0.283;0.47,0.196,0.623,0.95,0.995,0.872,0.412,0.0853,0.445,0.763;aaaaaaaaaa;
0.571;0.597,0.953,0.588,0.836,0.475,0.182,0.637,0.773,0.0727,0.588;aaaaaaa;
0.245;0.861,0.652,0.895,0.154,0.764,0.911,0.694,0.747,0.646,0.721;aaaaaaa;
0.107;0.739,0.508,0.613,0.903,0.0342,0.592,0.895,0.899,0.691,0.374;aa;
0.0612;0.394,0.868,0.045,0.15,0.425,0.981,0.769,0.199,0.131,0.529;aaaaaaaa;
0.575;0.287,0.43,0.752,0.816,0.104,0.159,0.558,0.3,0.869,0.412;aaaaaa;
0.601;0.49,0.387,0.221,0.583,0.0259,0.962,0.974,0.401,0.545,0.359;aaa;
0.424;0.495,0.574,0.359,0.0112,0.714,0.514,0.681,0.588,0.214,0.694;aaaaaaaa;
0.103;0.865,0.127,0.842,0.7,0.817,0.987,0.861,0.34,0.402,0.516;a;
0.238;0.464,0.12,0.909,0.704,0.379,0.0887,0.839,0.666,0.969,0.505;aaaaaaaaa;
0.194;0.361,0.264,0.63,0.266,0.222,0.787,0.939,0.378,0.0123,0.612;aaa;
0.828;0.848,0.444,0.171,0.649,0.326,0.405,0.105,0.926,0.464,0.48;aaaaaaaaa;
0.935;0.858,0.665,0.703,0.795,0.123,0.48,0.224,0.209,0.614,0.257;a;
0.847;0.89,0.148,0.113,0.0164,0.752,0.683,0.823,0.939,0.0838,0.937;aaaaa;
0.56;0.141,0.5,0.906,0.208,0.294,0.187,0.418,0.184,0.226,0.336;aaaaaaaa;
0.422;0.929,0.295,0.861,0.972,0.878,0.153,0.595,0.0216,0.532,0.768;aa;
0.588;0.037,0.989,0.367,0.808,0.285,0.657,0.297,0.951,0.786,0.269;aa;
0.251;0.733,0.309,0.643,0.492,0.527,0.47,0.627,0.76,0.984,0.834;aaa;
0.601;0.735,0.958,0.349,0.933,0.486,0.367,0.998,0.318,0.113,0.731;aa;
0.682;0.292,0.266,0.57,0.0144,0.131,0.00577,0.621,0.746,0.759,0.406;aaaaaaaaa;
0.335;0.522,0.578,0.853,0.829,0.012,0.967,0.738,0.9,0.684,0.312;a;
0.525;0.739,0.513,0.843,0.498,0.742,0.332,0.673,0.546,0.403,0.737;aaaa;
0.867;0.841,0.545,0.16,0.735,0.214,0.0128,0.689,0.695,0.357,0.612;aaaa;
0.411;0.945,0.152,0.0834,0.205,0.886,0.186,0.617,0.306,0.21,0.698;aaaaaaaaa;
0.849;0.755,0.859,0.259,0.0242,0.575,0.349,0.773,0.485,0.546,0.078;aa;
0.848;0.246,0.0995,0.831,0.151,0.0514,0.971,0.0276,0.221,0.634,0.0177;aaaaa;
0.258;0.979,0.927,0.837,0.692,0.208,0.529,0.306,0.52,0.196,0.476;aaaaaaaaa;
0.798;0.503,0.829,0.149,0.639,0.277,0.0669,0.613,0.255,0.24,0.243;aaaaaaa;
0.103;0.277,0.425,0.929,0.936,0.785,0.781,0.951,0.211,0.783,0.14;aaaaaa;
0.0643;0.515,0.639,0.122,0.305,0.00462,0.322,0.0328,0.741,0.835,0.148;aaaaaaa;
0.127;0.306,0.388,0.722,0.498,0.832,0.623,0.957,0.951,0.403,0.917;aa;
0.613;0.251,0.369,0.38,0.273,0.509,0.799,0.561,0.766,0.969,0.664;a;
0.93;0.135,0.629,0.431,0.000859,0.602,0.627,0.203,0.99,0.631,0.171;aaaaaaaa;
0.204;0.079,0.569,0.0164,0.933,0.811,0.0963,0.342,0.462,0.579,0.164;aaaaa;
0.296;0.221,0.177,0.584,0.171,0.327,0.397,0.134,0.905,0.14,0.482;aa;
0.589;0.269,0.329,0.562,0.32,0.808,0.567,0.162,0.574,0.886,0.0853;aaaaaaaaaa;
0.0865;0.184,0.193,0.556,0.0947,0.53,0.473,0.305,0.59,0.508,0.599;aaaaaaaa;
0.909;0.474,0.43,0.328,0.425,0.971,0.684,0.758,0.976,0.894,0.269;aaaaaaaaaa;
0.56;0.871,0.413,0.711,0.673,0.763,0.72,0.0905,0.321,0.612,0.307;aaaaa;
0.0921;0.881,0.82,0.823,0.562,0.446,0.705,0.836,0.514,0.859,0.997;a;
0.22;0.82,0.956,0.873,0.558,0.0851,0.733,0.47,0.222,0.518,0.879;aa;
0.396;0.304,0.381,0.749,0.116,0.35,0.897,0.452,0.429,0.413,0.364;aaa;
0.705;0.85,0.498,0.587,0.141,0.904,0.679,0.143,0.18,0.815,0.598;aa;
0.873;0.28,0.4,0.172,0.793,0.305,0.965,0.832,0.354,0.637,0.531;aaaaa;
0.956;0.0167,0.454,0.851,0.222,0.909,0.897,0.351,0.125,0.84,0.0818;aaaaaaa;
0.812;0.664,0.389,0.0768,0.669,0.695,0.288,0.755,0.469,0.696,0.996;a;
0.935;0.606,0.834,0.377,0.101,0.0956,0.874,0.599,0.941,0.334,0.205;aaa;
0.335;0.481,0.836,0.992,0.361,0.72,0.996,0.904,0.367,0.834,0.889;aaa;
0.885;0.704,0.941,0.455,0.8,0.274,0.989,0.0952,0.652,0.927,0.537;aaaaaaaaa;
0.854;0.531,0.942,0.221,0.161,0.557,0.593,0.463,0.724,0.59,0.292;aaa;
0.926;0.0078,0.981,0.809,0.303,0.49,0.253,0.414,0.365,0.699,0.0974;a;
0.963;0.181,0.807,0.995,0.45,0.221,0.294,0.507,0.408,0.124,0.715;aaaaa;
0.734;0.57,0.454,0.537,0.619,0.978,0.135,0.84,0.182,0.8,0.191;aaaaaaaa;
0.62;0.686,0.469,0.657,0.997,0.945,0.939,0.435,0.856,0.111,0.35;aaaaaaa;
0.539;0.0966,0.476,0.13,0.316,0.0706,0.0692,0.614,0.307,0.657,0.571;a;
0.888;0.55,0.846,0.389,0.718,0.908,0.846,0.887,0.336,0.299,0.896;aaaaaa;
0.205;0.163,0.207,0.494,0.617,0.713,0.327,0.529,0.118,0.979,0.354;aaaaa;
0.5;0.901,0.801,0.832,0.322,0.0825,0.712,0.86,0.385,0.626,0.549;aa;
0.0427;0.209,0.685,0.292,0.164,0.416,0.469,0.192,0.714,0.259,0.0446;aaaaaaa;
0.859;0.629,0.7,0.907,0.0467,0.676,0.393,0.165,0.757,0.185,0.574;aaaaa;
0.905;0.557,0.127,0.904,0.893,0.872,0.467,0.984,0.366,0.206,0.151;aaaaaaaa;
0.0338;0.692,0.158,0.306,0.931,0.644,0.31,0.602,0.519,0.42,0.63;aaaaa;
0.0536;0.035,0.754,0.252,0.556,0.88,0.659,0.309,0.171,0.929,0.0067;aaaaaaa;
0.229;0.715,0.0142,0.218,0.163,0.165,0.274,0.882,0.0958,0.693,0.551;aaaaaa;
0.802;0.474,0.908,0.233,0.197,0.583,0.595,0.986,0.298,0.646,0.95;aaa;
0.624;0.24,0.323,0.762,0.372,0.502,0.837,0.375,0.829,0.973,0.538;aaaaaa;
0.784;0.643,0.0767,0.954,0.794,0.824,0.787,0.379,0.504,0.286,0.459;aaaaaaaaa;
0.934;0.0944,0.666,0.747,0.283,0.19,0.646,0.0313,0.205,0.78,0.153;aaaaaaa;
0.909;0.867,0.41,0.218,0.14,0.987,0.16,0.517,0.3,0.636,0.616;aaaaaaa;
0.534;0.68,0.942,0.0651,0.262,0.0463,0.0182,0.408,0.587,0.726,0.191;aaaaaaaaa;
0.922;0.163,0.0234,0.314,0.359,0.894,0.373,0.526,0.0342,0.034,0.438;aaaa;
0.409;0.765,0.263,0.348,0.708,0.621,0.669,0.713,0.473,0.622,0.652;aaaaaa;
0.0727;0.943,0.0355,0.727,0.387,0.0528,0.11,0.102,0.876,0.77,0.385;aaaaa;
0.668;0.119,0.441,0.0918,0.86,0.419,0.723,0.948,0.723,0.955,0.405;aaa;
0.631;0.796,0.937,0.843,0.54,0.642,0.28,0.832,0.701,0.225,0.286;aaaa;
0.388;0.484,0.693,0.518,0.469,0.312,0.707,0.89,0.408,0.606,0.18;aaaa;
0.141;0.711,0.22,0.563,0.18,0.624,0.144,0.176,0.576,0.484,0.754;aaaaaaaa;
0.101;0.631,0.93,0.0272,0.00379,0.743,0.701,0.736,0.461,0.64,0.127;aaaaaa;
0.106;0.421,0.4,0.695,0.328,0.853,0.846,0.0378,0.46,0.347,0.0399;aaaaa;
0.378;0.791,0.0703,0.389,0.0383,0.091,0.835,0.307,0.374,0.947,0.0711;aaa;
0.81;0.921,0.591,0.97,0.542,0.685,0.239,0.384,0.898,0.659,0.988;a;
0.539;0.631,0.142,0.691,0.0758,0.988,0.634,0.739,0.26,0.363,0.981;aaaaaa;
0.258;0.0524,0.0845,0.67,0.0485,0.434,0.554,0.82,0.615,0.98,0.929;aa;
0.234;0.488,0.0573,0.614,0.972,0.891,0.27,0.543,0.0855,0.0924,0.278;aaaaaaaaaa;
0.372;0.174,0.163,0.616,0.945,0.267,0.902,0.0806,0.333,0.199,0.365;aaaaaaa;
0.57;0.107,0.138,0.832,0.522,0.882,0.55,0.367,0.175,0.78,0.569;aa;
0.118;0.229,0.447,0.666,0.599,0.778,0.761,0.369,0.527,0.868,0.382;aaaaaaaa;
0.625;0.129,0.899,0.431,0.0575,0.0937,0.668,0.414,0.998,0.501,0.764;aa;
0.961;0.129,0.195,0.322,0.178,0.0448,0.0961,0.676,0.397,0.722,0.127;aaaaa;
0.0427;0.322,0.0904,0.978,0.272,0.559,0.0362,0.129,0.297,0.285,0.936;aaaaaaaaaa;
0.527;0.646,0.591,0.18,0.597,0.382,0.504,0.699,0.0345,0.0952,0.56;aaaaa;
0.965;0.198,0.355,0.849,0.244,0.352,0.11,0.317,0.841,0.683,0.837;aaa;
0.117;0.226,0.00959,0.293,0.126,0.575,0.438,0.0486,0.214,0.553,0.397;aaaaaa;
0.519;0.175,0.0878,0.361,0.388,0.905,0.108,0.969,0.0727,0.0876,0.814;aaaaaaaaa;
0.433;0.444,0.43,0.578,0.132,0.373,0.865,0.257,0.827,0.903,0.625;aaaa;
0.346;0.939,0.705,0.982,0.388,0.679,0.135,0.217,0.146,0.114,0.205;aaaa;
0.181;0.352,0.0518,0.545,0.876,0.2,0.571,0.395,0.0937,0.118,0.472;aaa;
0.753;0.706,0.828,0.864,0.161,0.832,0.463,0.172,0.0735,0.963,0.891;aaaaaa;
0.132;0.597,0.234,0.343,0.226,0.611,0.516,0.742,0.943,0.32,0.466;aaaaaaaa;
0.734;0.57,0.633,0.598,0.879,0.822,0.322,0.44,0.119,0.322,0.828;aaaaaaaaa;
0.686;0.567,0.214,0.368,0.659,0.26,0.173,0.0823,0.853,0.612,0.765;a;
0.352;0.49,0.918,0.555,0.0738,0.782,0.0321,0.327,0.89,0.432,0.42;aaaaaa;
0.783;0.676,0.177,0.137,0.814,0.512,0.735,0.433,0.56,0.654,0.805;aaa;
0.164;0.494,0.202,0.255,0.542,0.371,0.331,0.477,0.618,0.298,0.36;a;
0.887;0.772,0.299,0.527,0.955,0.721,0.433,0.409,0.246,0.131,0.536;aaaaaaaaa;
0.473;0.515,0.858,0.812,0.517,0.971,0.14,0.0157,0.949,0.954,0.257;aaaa;
0.697;0.957,0.426,0.586,0.703,0.0802,0.441,0.828,0.292,0.768,0.464;aaaaaaaaa;
0.193;0.159,0.836,0.307,0.604,0.314,0.563,0.149,0.706,0.323,0.725;aaaaaaaaa;
0.956;0.203,0.27,0.436,0.342,0.609,0.101,0.21,0.523,0.356,0.662;a;
0.987;0.622,0.934,0.000269,0.731,0.313,0.199,0.289,0.521,0.332,0.829;aaaaa;
0.252;0.524,0.798,0.00765,0.182,0.995,0.228,0.91,0.28,0.785,0.286;aaaaaaaaaa;
0.477;0.334,0.493,0.972,0.104,0.203,0.117,0.791,0.546,0.668,0.717;aaa;
0.28;0.549,0.628,0.57,0.09,0.0376,0.825,0.866,0.875,0.365,0.589;aaaaaaa;
0.487;0.0815,0.774,0.734,0.432,0.737,0.237,0.84,0.176,0.805,0.841;aaa;
0.111;0.772,0.879,0.941,0.585,0.138,0.511,0.549,0.459,0.777,0.399;a;
0.41;0.364,0.726,0.602,0.468,0.158,0.628,0.882,0.895,0.887,0.811;aaa;
0.742;0.463,0.826,0.184,0.345,0.689,0.524,0.346,0.334,0.848,0.81;aaaaa;
0.883;0.532,0.551,0.523,0.704,0.528,0.27,0.704,0.695,0.959,0.501;aaaaaaa;
0.932;0.738,0.0129,0.743,0.185,0.472,0.242,0.542,0.847,0.577,0.116;aaaaaaaaa;
0.866;0.495,0.694,0.775,0.96,0.997,0.0762,0.134,0.253,0.116,0.657;aaaaaaaaaa;
0.806;0.692,0.443,0.307,0.418,0.425,0.303,0.746,0.453,0.89,0.76;aaaaaaaa;
0.619;0.599,0.383,0.449,0.884,0.592,0.979,0.744,0.442,0.576,0.0252;aaa;
0.83;0.974,0.851,0.458,0.669,0.665,0.824,0.603,0.0173,0.811,0.141;aa;
0.122;0.117,0.179,0.706,0.219,0.436,0.193,0.831,0.514,0.462,0.641;a;
0.152;0.142,0.581,0.708,0.496,0.873,0.12,0.141,0.231,0.0963,0.426;aaaaaaaa;
0.0715;0.955,0.589,0.748,0.068,0.951,0.0627,0.847,0.0852,0.454,0.244;aaaaaa;
0.394;0.108,0.632,0.941,0.415,0.297,0.871,0.0046,0.0163,0.708,0.00556;aaaa;
0.515;0.91,0.195,0.0484,0.517,0.581,0.65,0.492,0.996,0.77,0.0789;aaaa;
0.359;0.644,0.0389,0.83,0.0349,0.17,0.197,0.432,0.997,0.059,0.692;a;
0.59;0.232,0.579,0.993,0.486,0.211,0.539,0.236,0.609,0.998,0.00906;aa;
0.395;0.489,0.156,0.968,0.261,0.335,0.0303,0.455,0.542,0.405,0.764;aaaaaaaaaa;
0.789;0.219,0.0633,0.428,0.371,0.321,0.504,0.705,0.383,0.991,0.506;aaaaaaaa;
0.876;0.877,0.373,0.916,0.59,0.939,0.961,0.724,0.471,0.45,0.201;aaaa;
0.0665;0.749,0.194,0.285,0.316,0.033,0.733,0.593,0.247,0.638,0.383;aaaaaa;
0.131;0.53,0.622,0.578,0.414,0.102,0.0422,0.0083,0.385,0.92,0.369;aaaaaaaaaa;
0.627;0.22,0.0384,0.0874,0.618,0.325,0.81,0.109,0.468,0.218,0.966;aaaa;
0.646;0.268,0.418,0.0768,0.608,0.636,0.218,0.521,0.7,0.228,0.0338;aaaa;
0.318;0.425,0.81,0.203,0.477,0.829,0.242,0.109,0.0241,0.0187,0.248;aaaaaaaaa;
0.223;0.214,0.254,0.322,0.924,0.262,0.426,0.484,0.403,0.439,0.0351;aaaaaaaaa;
0.15;0.172,0.362,0.453,0.172,0.456,0.976,0.125,0.356,0.533,0.0908;a;
0.836;0.344,0.215,0.185,0.299,0.496,0.0242,0.986,0.45,0.0956,0.801;aaa;
0.035;0.031,0.883,0.84,0.407,0.363,0.0528,0.485,0.261,0.0467,0.539;aaaaaaaaa;
0.177;0.646,0.937,0.796,0.219,0.878,0.646,0.986,0.519,0.302,0.402;aaa;
0.463;0.0797,0.916,0.435,0.379,0.181,0.502,0.411,0.203,0.603,0.403;aaaaaaa;
0.558;0.547,0.762,0.92,0.575,0.919,0.442,0.223,0.942,0.428,0.055;aaaaaa;
0.644;0.84,0.728,0.314,0.574,0.231,0.716,0.594,0.597,0.389,0.179;aaaa;
0.041;0.834,0.402,0.597,0.696,0.295,0.343,0.788,0.574,0.412,0.625;aaaaa;
0.36;0.0852,0.78,0.387,0.471,0.36,0.337,0.135,0.484,0.729,0.34;a;
0.231;0.468,0.754,0.217,0.142,0.721,0.412,0.393,0.735,0.928,0.29;aaaaaaaaaa;
0.102;0.328,0.0199,0.151,0.858,0.789,0.239,0.653,0.104,0.0723,0.907;aaaaaaaaaa;
0.598;0.884,0.519,0.547,0.585,0.971,0.0725,0.798,0.124,0.561,0.59;aaa;
0.538;0.567,0.0679,0.272,0.193,0.0418,0.816,0.0685,0.633,0.635,0.0179;aa;
0.939;0.953,0.53,0.315,0.723,0.845,0.65,0.553,0.457,0.802,0.134;aaaaa;
0.954;0.912,0.289,0.304,0.323,0.922,0.741,0.0401,0.707,0.351,0.322;aaaaaaaa;
0.197;0.568,0.884,0.297,0.904,0.878,0.471,0.644,0.487,0.18,0.375;aaaaaaaaa;
0.533;0.22,0.321,0.0563,0.382,0.853,0.654,0.241,0.907,0.659,0.898;aaa;
0.741;0.124,0.719,0.644,0.615,0.163,0.242,0.904,0.357,0.807,0.779;aaaaaaaaa;
0.517;0.97,0.87,0.607,0.0838,0.632,0.438,0.317,0.652,0.337,0.214;aa;
0.343;0.076,0.718,0.17,0.0238,0.583,0.453,0.829,0.825,0.106,0.142;aaaaaaaaaa;
0.721;0.517,0.764,0.045,0.398,0.29,0.971,0.219,0.626,0.64,0.499;aaaaa;
0.0553;0.95,0.73,0.476,0.0955,0.563,0.917,0.208,0.735,0.571,0.15;aaaaaa;
0.39;0.939,0.484,0.0175,0.743,0.953,0.0241,0.441,0.275,0.591,0.0866;aaaaa;
0.805;0.317,0.0293,0.971,0.143,0.557,0.000528,0.999,0.453,0.325,0.514;aaaaaaaaa;
0.617;0.0925,0.536,0.26,0.723,0.776,0.139,0.874,0.1,0.411,0.584;aaa;
0.138;0.902,0.83,0.374,0.632,0.491,0.618,0.27,0.172,0.738,0.0678;aaaaaaa;
0.1;0.455,0.38,0.632,0.87,0.811,0.0936,0.683,0.377,0.798,0.753;aaaaaaa;
0.561;0.449,0.919,0.207,0.627,0.847,0.283,0.545,0.233,0.951,0.554;aaaaaaaa;
0.195;0.621,0.657,0.487,0.276,0.304,0.72,0.75,0.311,0.0883,0.988;aaaaaaaaaa;
0.98;0.185,0.725,0.9,0.882,0.304,0.732,0.662,0.867,0.485,0.849;aaaaa;
0.129;0.551,0.533,0.404,0.102,0.955,0.144,0.854,0.298,0.00817,0.796;aaaaaa;
0.403;0.592,0.705,0.783,0.247,0.316,0.167,0.586,0.789,0.657,0.543;aaaaaa;
0.306;0.385,0.492,0.394,0.0603,0.983,0.0123,0.961,0.333,0.321,0.536;aaaaaaaaaa;
0.569;0.439,0.438,0.546,0.951,0.489,0.703,0.885,0.387,0.891,0.725;aa;
0.636;0.902,0.268,0.117,0.018,0.545,0.0728,0.838,0.901,0.553,0.0342;aa;
0.172;0.549,0.0321,0.0709,0.74,0.801,0.0758,0.307,0.278,0.297,0.736;aaa;
0.0846;0.215,0.472,0.133,0.542,0.448,0.617,0.66,0.212,0.55,0.649;a;
0.836;0.36,0.753,0.329,0.946,0.222,0.88,0.844,0.0318,0.441,0.356;aaaaaaaaa;
0.848;0.999,0.591,0.452,0.136,0.992,0.331,0.571,0.0719,0.148,0.0153;aaaaaaaa;
0.319;0.947,0.115,0.582,0.561,0.188,0.389,0.902,0.815,0.255,0.553;aaaaaaa;
0.664;0.574,0.0113,0.679,0.538,0.327,0.644,0.101,0.442,0.0629,0.18;aaaaaaa;
0.976;0.0589,0.576,0.0118,0.375,0.162,0.546,0.538,0.189,0.165,0.0599;aa;
0.216;0.144,0.9,0.641,0.545,0.752,0.401,0.353,0.162,0.803,0.0466;aaaaa;
0.928;0.611,0.629,0.897,0.404,0.59,0.924,0.874,0.402,0.522,0.544;aa;
0.864;0.367,0.618,0.927,0.876,0.481,0.0643,0.942,0.701,0.396,0.316;aaaaa;
0.109;0.728,0.824,0.101,0.631,0.151,0.253,0.705,0.219,0.378,0.277;aaaa;
0.98;0.454,0.919,0.0917,0.922,0.197,0.744,0.103,0.959,0.888,0.904;a;
0.298;0.818,0.731,0.627,0.564,0.836,0.409,0.672,0.553,0.273,0.982;aa;
0.0242;0.729,0.681,0.0669,0.61,0.0843,0.923,0.321,0.108,0.925,0.936;aaaaa;
0.767;0.301,0.282,0.577,0.145,0.499,0.802,0.0304,0.723,0.486,0.0769;a;
0.981;0.321,0.502,0.979,0.637,0.704,0.336,0.792,0.57,0.748,0.461;aaaaaaaaa;
0.979;0.091,0.831,0.516,0.201,0.445,0.14,0.103,0.929,0.00811,0.394;aaaaaaaa;
0.895;0.812,0.3,0.0426,0.725,0.846,0.509,0.322,0.679,0.215,0.137;aaa;
0.213;0.0732,0.288,0.761,0.56,0.00192,0.363,0.368,0.775,0.789,0.429;aaaaaa;
0.0911;0.617,0.818,0.278,0.781,0.808,0.233,0.804,0.753,0.513,0.598;aa;
0.517;0.213,0.81,0.788,0.813,0.643,0.819,0.491,0.696,0.177,0.0943;aaaaaaaaa;
0.353;0.159,0.539,0.946,0.0529,0.216,0.714,0.676,0.814,0.554,0.172;aaaaaaaaaa;
0.67;0.123,0.782,0.268,0.0285,0.654,0.695,0.614,0.0921,0.598,0.327;aaaa;
0.864;0.583,0.39,0.487,0.939,0.733,0.842,0.188,0.258,0.593,0.538;aaaa;
0.648;0.259,0.744,0.441,0.779,0.294,0.972,0.86,0.291,0.123,0.535;a;
0.582;0.174,0.446,0.568,0.0653,0.489,0.304,0.732,0.921,0.361,0.246;aaa;
0.563;0.523,0.226,0.0829,0.629,0.174,0.105,0.949,0.393,0.169,0.601;aaaaa;
0.36;0.0932,0.143,0.29,0.82,0.984,0.502,0.897,0.297,0.272,0.666;aaaaaa;
0.989;0.323,0.833,0.209,0.111,0.486,0.407,0.908,0.504,0.979,0.149;aaaaaaa;
0.308;0.23,0.246,0.279,0.186,0.201,0.695,0.311,0.798,0.848,0.345;aaaaaaaaaa;
0.727;0.495,0.484,0.471,0.14,0.938,0.0173,0.629,0.993,0.632,0.379;aaaa;
0.568;0.81,0.464,0.765,0.0274,0.0111,0.724,0.396,0.841,0.285,0.487;aaaaaa;
0.953;0.222,0.777,0.776,0.974,0.613,0.781,0.366,0.824,0.0507,0.368;aaaaa;
0.379;0.72,0.428,0.324,0.514,0.122,0.525,0.182,0.497,0.636,0.0644;aaaaaaa;
0.636;0.0379,0.309,0.175,0.998,0.874,0.958,0.303,0.874,0.732,0.278;aaaaa;
0.196;0.398,0.755,0.958,0.708,0.337,0.313,0.781,0.85,0.939,0.967;aaaaaaa;
0.859;0.176,0.548,0.547,0.994,0.506,0.011,0.0687,0.221,0.791,0.726;aa;
0.105;0.806,0.95,0.889,0.79,0.0591,0.284,0.0155,0.594,0.683,0.0261;aaaaaa;
0.898;0.666,0.206,0.343,0.541,0.189,0.938,0.896,0.0737,0.0626,0.28;aaa;
0.49;0.566,0.385,0.073,0.916,0.755,0.36,0.2,0.792,0.513,0.428;aaaaaaaaaa;
0.668;0.623,0.0463,0.251,0.229,0.378,0.736,0.866,0.314,0.405,0.0225;aaaa;
0.0823;0.0682,0.137,0.3,0.683,0.762,0.947,0.227,0.85,0.929,0.31;aaaaaaa;
0.493;0.729,0.597,0.731,0.0378,0.737,0.495,0.406,0.108,0.494,0.406;aaaaa;
0.488;0.0985,0.636,0.905,0.00498,0.387,0.87,0.636,0.262,0.56,0.984;aaaaaa;
0.862;0.607,0.365,0.446,0.814,0.818,0.151,0.057,0.696,0.785,0.404;aa;
0.34;0.52,0.274,0.353,0.712,0.751,0.576,0.193,0.843,0.488,0.614;aaaaaaaa;
0.145;0.968,0.779,0.0495,0.593,0.176,0.464,0.42,0.704,0.761,0.0469;aaaaaaaa;
0.107;0.777,0.712,0.0494,0.451,0.119,0.512,0.901,0.0354,0.0946,0.909;aaaaaaaa;
0.0701;0.0438,0.155,0.278,0.401,0.194,0.704,0.99,0.555,0.389,0.968;aaaaaa;
0.321;0.47,0.444,0.348,0.472,0.963,0.148,0.155,0.6,0.973,0.369;aaaaaaaaa;
0.685;0.164,0.448,0.0565,0.759,0.903,0.209,0.327,0.216,0.812,0.827;aaaaaaaaa;
0.493;0.249,0.994,0.0644,0.538,0.797,0.051,0.749,0.0324,0.812,0.0342;aaa;
0.182;0.667,0.957,0.596,0.806,0.248,0.419,0.372,0.361,0.376,0.96;aaa;
0.852;0.0216,0.252,0.972,0.161,0.0115,0.945,0.849,0.395,0.207,0.0579;aaaaaaa;
0.803;0.921,0.639,0.845,0.69,0.652,0.681,0.182,0.762,0.958,0.17;aa;
0.752;0.94,0.844,0.109,0.458,0.246,0.812,0.95,0.332,0.0371,0.991;aa;
0.067;0.0909,0.332,0.484,0.142,0.399,0.459,0.562,0.857,0.0882,0.952;aaaaaaa;
0.409;0.198,0.21,0.237,0.978,0.954,0.932,0.506,0.646,0.638,0.758;aaaa;
0.831;0.316,0.766,0.0546,0.185,0.0169,0.734,0.282,0.809,0.825,0.275;aaaaaaaaaa;
0.325;0.0879,0.379,0.768,0.0727,0.175,0.372,0.595,0.753,0.0459,0.877;aaaaaaa;
0.752;0.824,0.88,0.089,0.246,0.368,0.596,0.232,0.536,0.115,0.479;a;
0.193;0.937,0.904,0.878,0.169,0.888,0.764,0.413,0.914,0.149,0.927;a;
0.302;0.772,0.592,0.476,0.51,0.444,0.393,0.748,0.778,0.648,0.724;aaaaaaaaa;
0.732;0.752,0.441,0.367,0.445,0.19,0.26,0.298,0.125,0.963,0.453;a;
0.0647;0.81,0.00865,0.665,0.129,0.724,0.513,0.434,0.558,0.794,0.784;a;
0.474;0.693,0.357,0.444,0.528,0.561,0.905,0.822,0.401,0.405,0.294;aaaaaa;
0.317;0.209,0.156,0.946,0.226,0.0386,0.234,0.703,0.642,0.706,0.913;aaaa;
0.656;0.687,0.952,0.895,0.0794,0.556,0.306,0.465,0.376,0.556,0.78;aaa;
0.814;0.75,0.552,0.393,0.298,0.302,0.444,0.614,0.346,0.976,0.452;aaaaa;
0.844;0.191,0.222,0.621,0.6,0.319,0.514,0.074,0.436,0.443,0.194;aa;
0.0884;0.51,0.0823,0.399,0.755,0.477,0.996,0.564,0.338,0.5,0.865;aaaaaaaa;
0.648;0.548,0.737,0.627,0.0181,0.656,0.339,0.754,0.699,0.418,0.149;aaaaaaaaa;
0.918;0.989,0.585,0.971,0.67,0.607,0.884,0.205,0.103,0.405,0.394;a;
0.0722;0.337,0.0163,0.525,0.907,0.0848,0.747,0.333,0.488,0.488,0.774;aa;
0.115;0.115,0.0478,0.895,0.221,0.453,0.391,0.635,0.866,0.12,0.909;aaa;
0.291;0.0825,0.521,0.516,0.0258,0.931,0.989,0.138,0.613,0.928,0.84;aaaaa;
0.0584;0.398,0.21,0.133,0.22,0.556,0.617,0.553,0.856,0.718,0.835;aaaaaaaa;
0.409;0.247,0.246,0.757,0.397,0.687,0.705,0.563,0.271,0.924,0.058;aaaaaaaaa;
0.501;0.589,0.306,0.0662,0.0559,0.747,0.559,0.438,0.766,0.094,0.235;aaaaa;
0.571;0.513,0.344,0.133,0.161,0.275,0.65,0.87,0.822,0.42,0.714;aaa;
0.539;0.622,0.319,0.92,0.644,0.586,0.607,0.408,0.427,0.667,0.986;aaaaa;
0.972;0.711,0.257,0.355,0.379,0.0841,0.125,0.328,0.513,0.556,0.871;aaaaa;
0.464;0.152,0.364,0.635,0.944,0.953,0.172,0.919,0.729,0.282,0.158;aaaaaaaaa;
0.0536;0.158,0.484,0.1,0.81,0.69,0.568,0.233,0.558,0.29,0.126;aa;
0.873;0.919,0.863,0.218,0.244,0.332,0.71,0.678,0.201,0.0346,0.406;aaaaaaaaaa;
0.539;0.622,0.319,0.92,0.644,0.586,0.607,0.408,0.427,0.667,0.986;aaaaaaaaaa;
0.972;0.711,0.257,0.355,0.379,0.0841,0.125,0.328,0.513,0.556,0.871;aaaa;
0.464;0.152,0.364,0.635,0.944,0.953,0.172,0.919,0.729,0.282,0.158;aaaaaaaaa;
0.0536;0.158,0.484,0.1,0.81,0.69,0.568,0.233,0.558,0.29,0.126;aaaaaaaaa;
0.873;0.919,0.863,0.218,0.244,0.332,0.71,0.678,0.201,0.0346,0.406;aaaaaaaaa;
0.539;0.622,0.319,0.92,0.644,0.586,0.607,0.408,0.427,0.667,0.986;aa;
0.972;0.711,0.257,0.355,0.379,0.0841,0.125,0.328,0.513,0.556,0.871;aaaa;
0.464;0.152,0.364,0.635,0.944,0.953,0.172,0.919,0.729,0.282,0.158;a;
0.0536;0.158,0.484,0.1,0.81,0.69,0.568,0.233,0.558,0.29,0.126;aaaaaaaa;
0.873;0.919,0.863,0.218,0.244,0.332,0.71,0.678,0.201,0.0346,0.406;aaaaaa;
0.539;0.622,0.319,0.92,0.644,0.586,0.607,0.408,0.427,0.667,0.986;aaaaa;
0.972;0.711,0.257,0.355,0.379,0.0841,0.125,0.328,0.513,0.556,0.871;aaa;
0.464;0.152,0.364,0.635,0.944,0.953,0.172,0.919,0.729,0.282,0.158;aa;
0.0536;0.158,0.484,0.1,0.81,0.69,0.568,0.233,0.558,0.29,0.126;aaaaaaa;
0.873;0.919,0.863,0.218,0.244,0.332,0.71,0.678,0.201,0.0346,0.406;aaaaaaaaaa;
0.539;0.622,0.319,0.92,0.644,0.586,0.607,0.408,0.427,0.667,0.986;aaaaaaaa;
0.972;0.711,0.257,0.355,0.379,0.0841,0.125,0.328,0.513,0.556,0.871;aaaaaa;
0.464;0.152,0.364,0.635,0.944,0.953,0.172,0.919,0.729,0.282,0.158;aaaa;
0.0536;0.158,0.484,0.1,0.81,0.69,0.568,0.233,0.558,0.29,0.126;aaaaaaaa;
0.873;0.919,0.863,0.218,0.244,0.332,0.71,0.678,0.201,0.0346,0.406;aaaaaaaa;
0.539;0.622,0.319,0.92,0.644,0.586,0.607,0.408,0.427,0.667,0.986;aaaaaa;
0.972;0.711,0.257,0.355,0.379,0.0841,0.125,0.328,0.513,0.556,0.871;aaaaaaaaa;
0.464;0.152,0.364,0.635,0.944,0.953,0.172,0.919,0.729,0.282,0.158;aaaaaaaa;
0.0536;0.158,0.484,0.1,0.81,0.69,0.568,0.233,0.558,0.29,0.126;aaaaaa;
0.873;0.919,0.863,0.218,0.244,0.332,0.71,0.678,0.201,0.0346,0.406;aaaaaa;
0.539;0.622,0.319,0.92,0.644,0.586,0.607,0.408,0.427,0.667,0.986;aaaaaaaaa;
0.972;0.711,0.257,0.355,0.379,0.0841,0.125,0.328,0.513,0.556,0.871;aa;
0.464;0.152,0.364,0.635,0.944,0.953,0.172,0.919,0.729,0.282,0.158;a;
0.0536;0.158,0.484,0.1,0.81,0.69,0.568,0.233,0.558,0.29,0.126;a;
0.873;0.919,0.863,0.218,0.244,0.332,0.71,0.678,0.201,0.0346,0.406;aaa;
0.539;0.622,0.319,0.92,0.644,0.586,0.607,0.408,0.427,0.667,0.986;aaaaaa;
0.972;0.711,0.257,0.355,0.379,0.0841,0.125,0.328,0.513,0.556,0.871;aaaaaaaaaa;
0.464;0.152,0.364,0.635,0.944,0.953,0.172,0.919,0.729,0.282,0.158;aaaa;
0.0536;0.158,0.484,0.1,0.81,0.69,0.568,0.233,0.558,0.29,0.126;aaaaaaa;
0.873;0.919,0.863,0.218,0.244,0.332,0.71,0.678,0.201,0.0346,0.406;aaaaaa;
0.539;0.622,0.319,0.92,0.644,0.586,0.607,0.408,0.427,0.667,0.986;aaaaaa;
0.972;0.711,0.257,0.355,0.379,0.0841,0.125,0.328,0.513,0.556,0.871;aaaaaaa;
0.464;0.152,0.364,0.635,0.944,0.953,0.172,0.919,0.729,0.282,0.158;aaaaaaaa;
0.0536;0.158,0.484,0.1,0.81,0.69,0.568,0.233,0.558,0.29,0.126;aaaaaa;
0.873;0.919,0.863,0.218,0.244,0.332,0.71,0.678,0.201,0.0346,0.406;aaaaaaaaa;
0.539;0.622,0.319,0.92,0.644,0.586,0.607,0.408,0.427,0.667,0.986;aaaa;
0.972;0.711,0.257,0.355,0.379,0.0841,0.125,0.328,0.513,0.556,0.871;aaaa;
0.464;0.152,0.364,0.635,0.944,0.953,0.172,0.919,0.729,0.282,0.158;aaaaaa;
0.0536;0.158,0.484,0.1,0.81,0.69,0.568,0.233,0.558,0.29,0.126;aaaaaaaaaa;
0.873;0.919,0.863,0.218,0.244,0.332,0.71,0.678,0.201,0.0346,0.406;aaaaaaaaaa;
0.539;0.622,0.319,0.92,0.644,0.586,0.607,0.408,0.427,0.667,0.986;a;
0.972;0.711,0.257,0.355,0.379,0.0841,0.125,0.328,0.513,0.556,0.871;a;
0.464;0.152,0.364,0.635,0.944,0.953,0.172,0.919,0.729,0.282,0.158;a;
0.0536;0.158,0.484,0.1,0.81,0.69,0.568,0.233,0.558,0.29,0.126;aaaaaa;
0.873;0.919,0.863,0.218,0.244,0.332,0.71,0.678,0.201,0.0346,0.406;aaaaaaa;
0.539;0.622,0.319,0.92,0.644,0.586,0.607,0.408,0.427,0.667,0.986;aaa;
0.972;0.711,0.257,0.355,0.379,0.0841,0.125,0.328,0.513,0.556,0.871;aaaaaaaaaa;
0.464;0.152,0.364,0.635,0.944,0.953,0.172,0.919,0.729,0.282,0.158;aaa;
0.0536;0.158,0.484,0.1,0.81,0.69,0.568,0.233,0.558,0.29,0.126;aaa;
0.873;0.919,0.863,0.218,0.244,0.332,0.71,0.678,0.201,0.0346,0.406;aaaa;
0.539;0.622,0.319,0.92,0.644,0.586,0.607,0.408,0.427,0.667,0.986;aaaaaa;
0.972;0.711,0.257,0.355,0.379,0.0841,0.125,0.328,0.513,0.556,0.871;aa;
0.464;0.152,0.364,0.635,0.944,0.953,0.172,0.919,0.729,0.282,0.158;aa;
0.0536;0.158,0.484,0.1,0.81,0.69,0.568,0.233,0.558,0.29,0.126;aaaaaaa;
0.873;0.919,0.863,0.218,0.244,0.332,0.71,0.678,0.201,0.0346,0.406;aaa;
0.539;0.622,0.319,0.92,0.644,0.586,0.607,0.408,0.427,0.667,0.986;aaaaaa;
0.972;0.711,0.257,0.355,0.379,0.0841,0.125,0.328,0.513,0.556,0.871;aaaaaaaaa;
0.464;0.152,0.364,0.635,0.944,0.953,0.172,0.919,0.729,0.282,0.158;aaaa;
0.0536;0.158,0.484,0.1,0.81,0.69,0.568,0.233,0.558,0.29,0.126;aaaaaaaa;
0.873;0.919,0.863,0.218,0.244,0.332,0.71,0.678,0.201,0.0346,0.406;a;
0.539;0.622,0.319,0.92,0.644,0.586,0.607,0.408,0.427,0.667,0.986;aaaaaa;
0.972;0.711,0.257,0.355,0.379,0.0841,0.125,0.328,0.513,0.556,0.871;aaaaaaaaaa;
0.464;0.152,0.364,0.635,0.944,0.953,0.172,0.919,0.729,0.282,0.158;aaa;
0.0536;0.158,0.484,0.1,0.81,0.69,0.568,0.233,0.558,0.29,0.126;aaaaaa;
0.873;0.919,0.863,0.218,0.244,0.332,0.71,0.678,0.201,0.0346,0.406;aaaaaaaa;
0.539;0.622,0.319,0.92,0.644,0.586,0.607,0.408,0.427,0.667,0.986;aaaaaaaa;
0.972;0.711,0.257,0.355,0.379,0.0841,0.125,0.328,0.513,0.556,0.871;aaa;
0.464;0.152,0.364,0.635,0.944,0.953,0.172,0.919,0.729,0.282,0.158;aaaaaaaaa;
0.0536;0.158,0.484,0.1,0.81,0.69,0.568,0.233,0.558,0.29,0.126;aaaa;
0.873;0.919,0.863,0.218,0.244,0.332,0.71,0.678,0.201,0.0346,0.406;aaaaaaaaa;
0.539;0.622,0.319,0.92,0.644,0.586,0.607,0.408,0.427,0.667,0.986;aaaa;
0.972;0.711,0.257,0.355,0.379,0.0841,0.125,0.328,0.513,0.556,0.871;aaaaa;
0.464;0.152,0.364,0.635,0.944,0.953,0.172,0.919,0.729,0.282,0.158;aa;
0.0536;0.158,0.484,0.1,0.81,0.69,0.568,0.233,0.558,0.29,0.126;aaaa;
0.873;0.919,0.863,0.218,0.244,0.332,0.71,0.678,0.201,0.0346,0.406;aaaa;
0.539;0.622,0.319,0.92,0.644,0.586,0.607,0.408,0.427,0.667,0.986;aaaaa;
0.972;0.711,0.257,0.355,0.379,0.0841,0.125,0.328,0.513,0.556,0.871;aaaaaaaaa;
0.464;0.152,0.364,0.635,0.944,0.953,0.172,0.919,0.729,0.282,0.158;aaaaaaaaaa;
0.0536;0.158,0.484,0.1,0.81,0.69,0.568,0.233,0.558,0.29,0.126;aaaa;
0.873;0.919,0.863,0.218,0.244,0.332,0.71,0.678,0.201,0.0346,0.406;aaaaaaaaa;
0.539;0.622,0.319,0.92,0.644,0.586,0.607,0.408,0.427,0.667,0.986;aaaaaaa;
0.972;0.711,0.257,0.355,0.379,0.0841,0.125,0.328,0.513,0.556,0.871;aaaa;
0.464;0.152,0.364,0.635,0.944,0.953,0.172,0.919,0.729,0.282,0.158;aaaaaaaa;
0.0536;0.158,0.484,0.1,0.81,0.69,0.568,0.233,0.558,0.29,0.126;aaa;
0.873;0.919,0.863,0.218,0.244,0.332,0.71,0.678,0.201,0.0346,0.406;aaaaaaaaa;
0.539;0.622,0.319,0.92,0.644,0.586,0.607,0.408,0.427,0.667,0.986;aaaa;
0.972;0.711,0.257,0.355,0.379,0.0841,0.125,0.328,0.513,0.556,0.871;aaaaaa;
0.464;0.152,0.364,0.635,0.944,0.953,0.172,0.919,0.729,0.282,0.158;aaaaa;
0.0536;0.158,0.484,0.1,0.81,0.69,0.568,0.233,0.558,0.29,0.126;aaaaa;
0.873;0.919,0.863,0.218,0.244,0.332,0.71,0.678,0.201,0.0346,0.406;aaaaa;
0.539;0.622,0.319,0.92,0.644,0.586,0.607,0.408,0.427,0.667,0.986;aaaaa;
0.972;0.711,0.257,0.355,0.379,0.0841,0.125,0.328,0.513,0.556,0.871;aaaa;
0.464;0.152,0.364,0.635,0.944,0.953,0.172,0.919,0.729,0.282,0.158;aaaaa;
0.0536;0.158,0.484,0.1,0.81,0.69,0.568,0.233,0.558,0.29,0.126;aaaaaaa;
0.873;0.919,0.863,0.218,0.244,0.332,0.71,0.678,0.201,0.0346,0.406;aaaa;
0.539;0.622,0.319,0.92,0.644,0.586,0.607,0.408,0.427,0.667,0.986;aaaaaaaaa;
0.972;0.711,0.257,0.355,0.379,0.0841,0.125,0.328,0.513,0.556,0.871;aaaaaaaa;
0.464;0.152,0.364,0.635,0.944,0.953,0.172,0.919,0.729,0.282,0.158;aaaaaaaaaa;
0.0536;0.158,0.484,0.1,0.81,0.69,0.568,0.233,0.558,0.29,0.126;aaaaaaaa;
0.873;0.919,0.863,0.218,0.244,0.332,0.71,0.678,0.201,0.0346,0.406;aaaa;
0.539;0.622,0.319,0.92,0.644,0.586,0.607,0.408,0.427,0.667,0.986;aaaaaaaaa;
0.972;0.711,0.257,0.355,0.379,0.0841,0.125,0.328,0.513,0.556,0.871;a;
0.464;0.152,0.364,0.635,0.944,0.953,0.172,0.919,0.729,0.282,0.158;aaaaaaaaa;
0.0536;0.158,0.484,0.1,0.81,0.69,0.568,0.233,0.558,0.29,0.126;aaaa;
0.873;0.919,0.863,0.218,0.244,0.332,0.71,0.678,0.201,0.0346,0.406;a;
0.539;0.622,0.319,0.92,0.644,0.586,0.607,0.408,0.427,0.667,0.986;aa;
0.972;0.711,0.257,0.355,0.379,0.0841,0.125,0.328,0.513,0.556,0.871;a;
0.464;0.152,0.364,0.635,0.944,0.953,0.172,0.919,0.729,0.282,0.158;aaaaaaaaaa;
0.0536;0.158,0.484,0.1,0.81,0.69,0.568,0.233,0.558,0.29,0.126;aaaaaaaaaa;
0.873;0.919,0.863,0.218,0.244,0.332,0.71,0.678,0.201,0.0346,0.406;aaaaa;
0.539;0.622,0.319,0.92,0.644,0.586,0.607,0.408,0.427,0.667,0.986;a;
0.972;0.711,0.257,0.355,0.379,0.0841,0.125,0.328,0.513,0.556,0.871;aaa;
0.464;0.152,0.364,0.635,0.944,0.953,0.172,0.919,0.729,0.282,0.158;aaaa;
0.0536;0.158,0.484,0.1,0.81,0.69,0.568,0.233,0.558,0.29,0.126;aaaaa;
0.873;0.919,0.863,0.218,0.244,0.332,0.71,0.678,0.201,0.0346,0.406;aaaaaaa;
