0	0
1	1,36
2	2
3	3,4
4	4,45
5	5,6,9
6	6,12,15,25,49
7	6,7
8	8
9	9,37
10	10,19
11	11,41
12	3,12
13	13
14	14
15	15
16	16
17	17,37
18	18
19	19,45
20	20
21	21
22	22
23	21,23
24	24
25	25
26	26
27	27
28	14,16,28
29	29
30	30
31	31
32	32
33	33
34	12,34
35	35
36	36
37	37
38	38
39	39
40	40
41	41
42	12,42
43	43
44	44
45	23,33,45
46	15,46
47	47
48	48
49	49
50	31
51	4,43
52	19
53	27
54	5
55	19
56	13
57	26
58	17
59	26
60	6
61	16,48
62	32
63	1
64	14
65	25
66	9
67	21
68	16,40
69	36
70	20
71	1
72	0,2
73	18
74	5,46
75	5
76	1
77	0
78	7,41
79	1
80	4
81	16
82	2
83	15
84	18
85	0
86	0
87	2,15,17,35,45
88	18
89	0,4
90	8
91	16
92	5
93	31
94	0
95	21
96	1
97	13
98	25
99	7,14,39
100	14
101	10
102	22
103	7
104	22
105	11
106	11,19
107	20
108	1
109	0
110	30,31
111	9
112	9
113	15
114	2,46
115	0
116	2
117	2
118	0
119	44
120	11
121	2
122	7,20
123	39
124	12,39
125	2
126	10
127	9
128	11
129	32
130	18
131	12
132	23
133	5,39
134	39
135	8,27
136	2
137	6
138	4
139	40
140	12
141	3
142	2
143	11
144	14
145	0
146	18
147	19
148	2
149	2
150	48
151	11
152	39
153	11
154	3,21
155	8
156	3
157	16
158	9,28
159	4
160	2
161	43,48
162	4
163	7
164	21
165	4
166	14,48
167	13
168	7
169	26
170	16
171	16
172	1
173	4
174	1
175	14
176	4
177	0
178	4
179	1
180	6
181	40
182	4
183	28
184	4
185	16
186	2
187	2
188	0
189	15
190	29
191	41
192	6
193	15
194	8
195	43
196	1
197	15,23
198	8
199	11
200	36
201	37
202	19
203	11
204	10,33
205	0
206	39
207	13
208	8
209	20,23
210	7
211	1
212	7
213	9
214	7
215	10
216	15
217	19
218	15
219	3
220	7
221	4
222	8
223	7
224	6
225	1
226	10
227	16
228	37
229	27
230	12
231	0
232	25
233	19
234	0
235	17,43
236	6
237	11
238	18
239	0
240	22
241	8
242	15
243	12
244	5
245	6
246	22
247	17
248	5
249	4
250	5
251	3
252	31
253	3
254	20
255	7
256	9
257	0
258	9
259	5
260	5
261	15
262	30
263	4
264	19
265	38
266	5
267	4
268	23,28
269	5
270	4
271	13
272	13
273	1
274	16
275	12,45
276	4
277	11
278	46
279	5
280	5
281	13
282	31
283	19
284	22
285	15
286	35
287	22
288	32
289	13
290	22
291	26
292	39
293	3
294	29
295	1
296	41
297	8
298	10
299	19,24
300	17
301	1
302	23
303	2
304	22,33
305	0
306	7
307	19
308	1
309	5
310	3,37
311	24,31
312	1
313	10
314	2
315	26
316	11
317	2
318	31
319	7
320	41
321	16
322	23
323	3
324	23
325	14
326	0
327	19
328	1
329	4
330	26
331	9
332	4
333	19
334	9
335	46
336	15
337	0
338	3,46
339	15
340	7
341	1
342	0
343	14
344	18
345	18
346	23
347	29
348	11
349	6
350	1
351	2
352	2
353	13,23
354	12
355	3
356	39
357	5
358	0
359	18
360	18,34
361	11
362	16
363	0
364	19
365	1
366	18
367	13
368	3
369	2
370	4
371	4
372	1
373	19
374	1
375	22
376	0
377	27
378	10
379	20
380	26
381	3
382	19
383	9
384	17
385	17
386	12
387	0
388	4
389	14
390	4,8
391	2
392	1
393	12
394	15
395	29
396	1
397	6
398	0
399	19
400	18
401	9
402	8
403	13
404	2
405	23
406	19
407	4
408	7
409	3
410	14
411	12,25
412	28
413	2
414	21
415	13
416	13
417	1
418	20
419	6
420	11
421	5
422	1
423	49
424	6
425	7,32
426	13
427	0
428	0
429	4
430	10
431	13
432	1
433	10
434	14
435	10
436	39,41
437	17
438	6
439	30
440	45
441	1
442	0
443	8
444	0
445	41
446	7
447	7
448	7,11
449	8
450	3
451	9
452	0
453	11
454	3
455	9
456	24
457	1
458	32
459	5
460	10
461	3
462	17
463	4
464	4
465	4
466	32
467	2,22
468	0
469	16
470	1
471	10
472	6
473	3
474	0
475	15
476	45
477	22
478	2
479	18
480	17,43
481	2
482	12
483	7
484	5
485	28
486	14
487	49
488	13
489	7
490	34
491	23
492	5
493	21
494	3
495	12
496	33
497	16
498	25
499	23
500	27
501	0
502	2
503	0
504	0
505	4
506	24
507	3
508	15
509	17
510	5
511	29
512	7
513	5
514	8
515	0
516	2
517	3
518	9
519	26
520	6
521	22
522	25,37
523	1
524	14
525	16
526	14
527	20
528	7
529	9
530	7
531	29
532	22
533	21
534	25
535	0
536	15
537	1
538	14
539	18,31,33
540	8
541	0
542	1
543	7
544	13
545	27
546	2
547	9
548	9
549	1
550	8
551	16
552	27,36
553	27
554	1
555	6
556	4
557	1
558	19
559	13
560	5
561	13
562	0
563	4
564	1
565	10
566	26
567	0
568	3
569	4
570	29
571	1
572	12
573	12
574	34
575	13
576	10
577	4
578	29
579	26
580	23
581	1,9
582	6
583	23
584	2
585	2
586	27
587	6
588	2
589	5
590	0
591	12
592	19
593	25,42
594	30
595	23
596	38
597	10
598	31
599	11
600	30
601	1
602	14
603	6
604	10
605	11
606	17,19,34
607	24
608	6
609	3
610	10
611	20
612	5
613	11
614	16
615	0
616	15
617	9
618	45
619	6
620	18
621	2
622	17
623	6
624	1
625	3
626	39
627	1
628	5
629	22
630	43
631	28
632	39
633	9
634	23
635	2
636	1
637	0
638	1
639	13
640	42
641	5
642	36
643	33
644	22
645	2
646	4
647	17
648	14
649	27
650	3
651	32,43,47
652	1
653	14
654	37
655	26
656	4
657	41
658	9
659	1
660	22
661	5
662	22
663	17
664	25
665	3
666	20
667	11
668	0
669	45
670	19
671	4
672	10
673	14
674	8
675	13
676	33
677	7
678	30
679	16
680	25
681	8
682	19
683	10
684	31
685	5
686	35
687	6
688	40
689	2
690	40
691	32
692	46
693	7
694	12
695	2
696	24
697	1
698	3
699	3
700	41
701	42
702	8
703	11
704	5
705	14
706	27
707	29,47
708	5
709	24
710	0
711	28
712	16
713	16
714	1
715	4
716	0
717	14
718	3
719	12
720	0
721	4
722	5
723	10
724	1
725	11
726	16,44
727	7
728	16
729	17
730	6
731	40
732	15
733	13
734	40
735	18
736	14
737	10
738	2
739	10
740	38
741	11
742	32,33
743	4
744	24
745	6
746	2
747	26
748	11
749	1
750	6
751	17
752	32
753	0
754	38
755	4
756	5
757	8
758	19
759	5
760	9,27
761	6
762	36
763	34
764	1
765	16
766	3
767	16,39
768	0
769	3
770	10
771	3
772	9
773	46
774	0,49
775	11
776	16
777	21
778	23
779	2
780	12
781	1
782	8
783	7
784	4
785	7
786	6
787	30
788	9,38
789	0
790	10
791	16
792	19
793	47
794	4
795	21
796	16
797	40
798	24
799	2
800	34
801	31
802	15
803	19
804	6
805	8
806	2
807	0
808	3
809	28
810	0
811	26,35
812	23
813	19
814	2
815	45
816	15
817	6
818	0
819	21
820	18
821	9
822	7
823	2
824	1
825	3
826	2,46
827	25
828	3
829	25
830	5
831	25
832	0
833	8
834	7
835	12
836	13
837	29
838	25
839	16
840	18
841	27
842	8
843	18
844	4
845	6
846	2
847	22
848	1
849	2
850	19
851	19
852	10
853	2
854	2
855	8
856	19
857	1
858	0
859	28
860	0
861	16
862	33
863	3
864	25
865	18,23
866	4
867	2
868	6
869	32
870	1
871	4,26,34
872	15
873	8
874	9
875	5
876	10
877	6
878	4
879	22
880	3
881	6
882	21,48
883	25
884	4
885	1
886	1
887	3
888	0
889	36
890	42
891	32
892	28
893	42
894	1
895	6
896	17
897	38
898	11
899	11
900	16
901	13,44
902	9
903	5
904	0
905	9
906	0
907	1
908	2
909	28
910	8
911	3
912	4
913	17
914	18
915	17
916	37
917	17
918	6
919	15
920	7
921	18
922	5
923	4
924	14
925	0
926	2
927	4
928	21,44
929	9
930	24
931	14
932	6
933	0
934	4
935	6
936	12
937	5
938	5
939	0
940	4
941	2
942	14
943	12
944	11
945	20
946	1
947	13
948	14
949	7
950	11
951	23
952	41
953	4
954	8
955	23
956	6
957	10
958	4
959	1
960	17
961	21
962	12
963	8
964	12
965	5
966	2
967	12
968	1
969	24
970	38
971	28
972	19
973	9
974	20
975	0
976	11
977	2
978	14,43
979	12
980	4
981	2
982	15
983	28
984	16
985	18
986	17,36,40,42
987	8
988	3
989	4
990	3
991	16
992	0
993	0
994	13,46
995	11
996	18,41
997	10,40
998	35
999	7
1000	0
1001	0
1002	0
1003	0
1004	0
1005	2
1006	2
1007	2
1008	2
1009	2
1010	6
1011	6
1012	6
1013	6
1014	6
1015	14
1016	14
1017	14
1018	14
1019	14
1020	30
1021	30
1022	30
1023	30
1024	30
1025	49
1026	49
1027	49
1028	49
1029	49
1030	48
1031	48
1032	48
1033	48
1034	48
1035	47
1036	47
1037	47
1038	47
1039	47
1040	46
1041	46
1042	46
1043	46
1044	46
1045	45
1046	45
1047	45
1048	45
1049	45
1050	44
1051	44
1052	44
1053	44
1054	44
1055	43
1056	43
1057	43
1058	43
1059	43
1060	42
1061	42
1062	42
1063	42
1064	42
1065	41
1066	41
1067	41
1068	41
1069	41
1070	40
1071	40
1072	40
1073	40
1074	40
1075	39
1076	39
1077	39
1078	39
1079	39
1080	38
1081	38
1082	38
1083	38
1084	38
1085	37
1086	37
1087	37
1088	37
1089	37
1090	36
1091	36
1092	36
1093	36
1094	36
1095	35
1096	35
1097	35
1098	35
1099	35
1100	34
1101	34
1102	34
1103	34
1104	34
1105	33
1106	33
1107	33
1108	33
1109	33
1110	32
1111	32
1112	32
1113	32
1114	32
1115	29
1116	29
1117	29
1118	29
1119	29
1120	31
1121	31
1122	31
1123	31
1124	31
