0	0
1	1
2	2
3	3,6,8
4	4
5	5
6	6
7	7
8	8
9	0,2,9
10	1
11	4
12	0
13	5
14	0,5
15	5,6
16	6
17	0
18	5
19	1
20	1
21	9
22	1
23	0,2,3
24	1
25	1
26	2
27	4
28	0
29	0
30	0,7
31	0,6
32	1
33	0,2
34	5
35	0
36	0
37	0
38	1
39	0
40	1
41	0
42	0
43	0
44	6
45	3,5
46	2
47	0
48	5
49	1
50	0
51	2
52	1
53	1
54	0
55	6
56	1
57	5
58	0
59	3
60	2
61	1
62	2
63	0
64	0
65	0
66	0
67	1
68	2
69	1
70	9
71	3
72	8
73	1
74	2
75	0
76	2
77	7
78	4,7
79	0,9
80	2
81	2
82	3
83	0
84	0
85	5
86	2
87	0
88	9
89	0
90	0
91	1
92	1,5
93	2
94	1
95	4,8
96	3,9
97	0,6
98	2,4,7,8
99	1,4,7
100	0,4,7
101	4,6
102	1,3,5
103	3
104	3,4
105	1
106	0
107	1
108	0
109	2
110	0,7
111	2
112	7
113	3
114	4
115	0
116	3
117	0,3,9
118	8
119	2
120	1
121	0,3,5
122	0
123	0
124	0,2,8
125	1,8
126	0
127	6
128	0
129	4
130	7
131	1
132	0
133	1,2
134	1
135	5
136	0,3,5
137	3,5
138	0,1
139	1,5,6
140	5,7
141	0
142	3,9
143	2,3
144	1,3,8,9
145	0,9
146	3,6
147	3
148	0
149	2,3
150	0,9
151	0,2,5
152	6,8
153	0
154	0
155	0,8
156	0
157	0,1,4
158	3
159	0,4
160	8
161	0,4
162	0
163	6
164	1,7,8
165	7
166	1
167	4,5
168	1,6
169	2,4,9
170	2
171	0
172	0,4,6
173	3
174	0
175	0,4
176	5
177	0,1,9
178	2,6,7
179	4
180	1
181	5
182	5
183	0,4
184	0
185	0,3
186	2
187	0,8
188	2,7,9
189	4,8
190	0,1,9
191	5
192	2
193	0,2
194	2,4
195	0
196	0
197	4
198	2
199	4,9
200	4,7
201	2
202	0,2,3,4,6,7
203	2
204	0
205	0
206	0
207	3
208	5
209	2
210	3
211	1
212	0,3
213	6
214	1
215	1
216	1,3
217	2,6,7
218	5
219	8
220	0
221	9
222	0
223	0
224	1
225	0,7
226	0
227	2
228	3
229	5
230	5,6
231	3,7
232	4
233	1
234	0,9
235	6
236	5,7
237	0
238	5
239	6
240	7
241	0,3
242	2,9
243	2
244	0,7
245	0
246	1
247	3
248	3,7
249	1
250	2
251	3
252	2
253	1,2,8
254	3
255	2,8
256	5
257	1,2,3,6
258	0
259	2,5,9
260	0
261	1
262	0
263	3
264	4
265	1
266	0,1,3
267	1,2,4,6,7
268	3
269	0,4
270	1
271	6
272	0
273	0,2
274	5
275	0
276	0
277	4
278	2,6
279	0,7
280	7,8
281	0,1,9
282	0
283	0
284	2
285	2,6
286	0,2
287	2
288	0
289	3
290	2
291	1
292	2
293	0
294	1
295	1
296	0
297	5
298	5
299	0,1
300	0
301	0
302	2
303	0
304	0
305	2,4
306	0
307	0,1
308	2
309	4
310	3
311	0,2
312	0
313	1
314	3
315	0
316	0,8
317	0
318	1
319	2
320	8
321	3,4
322	3
323	3
324	5
325	0
326	0
327	0
328	0
329	0,1,3
330	4
331	8
332	1,3,4
333	3
334	1,3
335	3
336	1,4,8
337	3
338	4
339	0
340	0
341	0
342	0
343	1
344	0
345	0
346	0
347	4
348	0
349	8
350	1,9
351	1
352	5
353	0,3
354	0
355	5
356	0
357	2,5,6
358	3
359	1
360	1,2
361	0
362	0
363	0
364	6
365	0
366	1
367	0
368	0
369	1
370	3
371	5
372	0
373	4
374	2
375	7
376	1
377	3
378	0
379	2
380	1
381	1
382	1
383	0,5
384	3
385	0
386	0,8
387	0,2
388	4,6,7
389	5,7
390	5
391	0
392	5
393	3
394	3
395	1,8
396	0,5,6
397	0
398	0
399	1
400	0
401	1,3,6,9
402	2
403	7
404	2,3,4,6,8
405	2
406	7
407	0
408	0
409	2,5
410	0
411	5
412	2
413	0
414	1
415	1,4
416	0
417	4,5
418	2
419	2,5
420	0
421	0
422	6
423	1,4
424	1,3,6
425	2
426	5
427	3
428	1
429	1
430	6
431	1,3
432	5
433	0,1,3
434	4,5,9
435	0
436	3
437	5
438	0
439	4
440	3
441	0
442	5
443	0
444	5
445	4
446	0,4
447	3
448	0
449	1
450	1
451	2,6
452	0
453	2
454	1
455	2,5
456	6
457	2
458	1,5
459	0
460	0
461	0
462	2,5
463	2
464	0,1,6
465	1
466	3,5,8
467	2
468	0
469	5
470	1,3
471	0
472	4,7
473	6
474	0
475	1
476	3
477	0
478	1,3,6
479	1,7
480	1,8,9
481	3
482	1
483	0
484	2
485	3,5,6
486	0
487	8
488	0
489	1,8
490	7
491	0
492	2
493	0
494	0
495	0
496	1
497	6
498	1
499	0,4
500	3,4,9
501	9
502	2
503	2,6
504	2,4
505	3
506	2,6
507	0
508	2
509	5
510	0
511	3
512	0
513	1,3
514	0
515	0
516	2
517	0
518	2
519	2
520	1,2,4,7
521	2,4
522	1,2
523	4
524	1
525	1
526	3
527	3
528	6
529	2
530	0
531	0
532	2
533	4
534	3
535	4,8
536	3
537	3
538	4
539	5
540	0,4
541	2
542	0,4
543	0
544	5
545	2
546	2
547	0,2
548	0
549	0,1
550	1
551	1
552	0,1
553	2,6
554	1,9
555	1
556	5
557	0
558	0,4
559	0,1
560	7
561	4
562	2
563	1
564	6
565	0
566	1
567	0
568	2
569	1,5
570	2
571	2,4
572	2
573	1
574	1,9
575	0
576	1
577	2
578	7
579	1
580	3
581	2
582	1
583	3
584	1
585	0
586	0
587	1
588	9
589	0
590	2,3
591	3
592	1
593	2
594	0
595	3
596	1
597	0
598	3
599	7
600	2
601	0
602	0
603	1
604	0
605	4
606	0
607	4
608	0
609	1
610	0,2
611	0
612	0
613	3
614	7,9
615	0
616	0
617	8
618	1
619	3
620	2
621	0
622	1
623	2,7
624	2
625	0
626	0
627	5
628	3
629	2
630	1
631	0
632	1,7
633	0
634	2
635	2,6
636	0
637	1
638	2
639	0
640	0
641	9
642	1
643	0
644	8
645	0
646	4
647	7
648	0
649	0
650	3
651	4
652	1,3,6,9
653	4,6
654	1
655	4,5
656	0,1
657	0
658	0
659	0
660	2,8
661	0,4
662	0
663	0
664	0
665	0
666	1
667	1
668	3,8
669	1
670	2
671	0
672	4
673	0
674	7
675	3
676	5
677	1
678	2
679	0
680	0,4
681	2
682	7
683	0
684	0
685	2
686	0,4
687	3
688	2
689	0
690	5
691	1
692	4
693	2
694	7
695	0
696	0,2
697	0
698	0
699	0
700	2,5,6
701	4
702	0
703	3
704	0
705	7
706	4,6
707	2
708	3
709	0
710	0,4,9
711	4
712	4
713	0
714	0,4
715	0,1,9
716	2
717	1,3
718	5,8
719	0
720	6
721	5
722	3,5
723	0
724	4
725	0
726	3
727	5
728	3
729	6
730	2
731	2
732	2,4
733	2
734	0
735	1
736	2
737	0
738	5,7
739	0,3
740	0
741	3,7
742	2
743	3
744	2
745	1,6
746	0
747	2
748	4,8
749	0,6,7
750	1,2
751	0
752	0
753	0
754	1
755	0,2
756	1
757	2
758	0
759	0,2
760	0
761	2
762	2
763	1,9
764	3,4
765	5
766	2,4
767	0
768	0
769	1
770	1
771	2
772	1
773	0
774	2
775	1
776	3
777	1,5
778	8
779	0
780	1
781	9
782	1
783	5
784	0
785	7
786	0
787	0
788	3,4
789	2,9
790	0
791	2
792	1,8
793	0
794	0
795	0
796	3
797	2
798	5
799	0
800	0
801	0
802	0
803	6,8
804	2
805	2,7
806	0
807	0
808	1
809	0
810	0
811	4
812	7
813	5
814	0
815	0
816	0,1
817	0
818	0
819	1
820	3
821	1
822	1
823	3,8
824	9
825	1
826	0
827	0
828	2,7
829	8
830	1
831	1
832	4,9
833	0
834	3
835	0
836	3
837	1
838	1
839	0
840	7,8,9
841	0
842	2
843	0
844	9
845	6
846	0
847	1
848	0
849	0,9
850	1,8
851	0
852	0
853	0
854	3
855	3
856	2
857	3
858	0
859	1,9
860	0
861	0
862	1
863	1,8
864	1
865	2,9
866	1,4,7
867	6,7
868	1
869	0
870	3
871	1,8
872	0
873	1
874	5
875	2
876	0
877	0
878	6
879	0
880	1
881	0
882	0
883	2
884	3
885	5
886	1
887	8
888	0
889	1
890	1
891	2
892	0
893	2
894	2
895	6
896	1
897	0
898	4
899	3
900	5
901	3
902	1
903	2
904	3
905	1
906	0,2,5
907	3
908	0,8
909	1
910	2
911	0
912	4,7
913	4
914	0
915	0
916	6
917	1,5
918	1
919	9
920	3
921	0
922	3
923	1
924	2
925	1
926	1
927	0
928	9
929	0,3,7
930	0
931	3
932	8
933	2
934	8
935	1,5
936	4,7
937	1
938	0
939	2,4
940	6
941	3
942	2
943	6
944	0
945	0,2
946	1
947	2
948	1
949	2
950	6,8
951	2
952	1
953	5
954	5,8
955	2
956	0
957	1
958	0,2
959	0
960	2
961	0,6
962	1,5
963	1
964	1
965	1
966	1,5
967	5
968	0,3
969	1
970	0
971	0
972	0
973	3
974	4
975	9
976	8
977	0
978	1
979	2
980	6
981	4,7
982	0
983	3
984	0,1
985	2
986	4
987	0
988	3
989	5,7
990	0
991	3
992	0
993	0
994	3
995	0
996	1
997	1
998	2
999	4
1000	1
1001	3
1002	6
1003	0
1004	1
1005	0
1006	1
1007	5
1008	0
1009	1
1010	0,9
1011	1
1012	0
1013	1
1014	1
1015	3,5,9
1016	2
1017	2
1018	3
1019	0
1020	0
1021	5
1022	1
1023	1
1024	9
1025	2
1026	4
1027	0
1028	4
1029	0
1030	4
1031	2,6
1032	1
1033	4
1034	2
1035	3
1036	0
1037	3
1038	1
1039	3,4,8
1040	0
1041	0
1042	3
1043	5
1044	2
1045	6
1046	2
1047	1
1048	0
1049	0
1050	0
1051	2,5
1052	1
1053	2
1054	8
1055	0
1056	2,5
1057	1
1058	0,7
1059	2
1060	3
1061	0
1062	1,4
1063	1,8
1064	0
1065	5
1066	1
1067	4
1068	0,3
1069	0
1070	1
1071	1
1072	0
1073	2
1074	1
1075	3
1076	3
1077	1,8
1078	2
1079	1
1080	2
1081	8
1082	3
1083	2
1084	1
1085	3
1086	2
1087	0
1088	2
1089	0
1090	5
1091	0
1092	1
1093	2
1094	0
1095	5
1096	1
1097	2
1098	2
1099	3
1100	4
1101	2
1102	0
1103	4
1104	0
1105	1
1106	1
1107	1
1108	1
1109	0
1110	8
1111	4,6
1112	4
1113	1
1114	8
1115	0
1116	1
1117	2
1118	1
1119	3
1120	5
1121	1
1122	2
1123	2
1124	1,4
1125	0
1126	1
1127	4
1128	1
1129	6
1130	3
1131	1
1132	0
1133	0
1134	0
1135	4
1136	0
1137	0
1138	0
1139	3
1140	5
1141	2
1142	1
1143	0
1144	0
1145	0
1146	1
1147	0
1148	0
1149	0
1150	2
1151	2
1152	1,3
1153	6
1154	0
1155	1
1156	1
1157	2
1158	3
1159	2
1160	5
1161	4
1162	1
1163	0
1164	2
1165	1
1166	3
1167	1
1168	2
1169	1
1170	5
1171	2
1172	0,4
1173	3
1174	3
1175	8
1176	2
1177	1,2
1178	2
1179	3
1180	1,7
1181	5
1182	2
1183	1
1184	0
1185	1
1186	5
1187	4
1188	7
1189	4
1190	2
1191	1
1192	0
1193	1
1194	0
1195	1
1196	1
1197	0
1198	5
1199	3
1200	1
1201	1
1202	5
1203	6
1204	2
1205	0
1206	0
1207	0
1208	0
1209	0
1210	0,1,6,7
1211	9
1212	4
1213	1
1214	0
1215	0
1216	0
1217	3,8
1218	0
1219	0
1220	9
1221	0
1222	3
1223	3
1224	5
1225	3
1226	2
1227	0
1228	0
1229	2
1230	5
1231	4
1232	3
1233	0
1234	2
1235	0
1236	5,6
1237	1
1238	4
1239	1
1240	2
1241	0,1
1242	0
1243	4
1244	0
1245	4,9
1246	0
1247	2
1248	1
1249	0
1250	2
1251	0
1252	0
1253	5
1254	3
1255	3
1256	1
1257	0,2
1258	7
1259	0
1260	0
1261	1
1262	1
1263	5
1264	0
1265	0
1266	2
1267	2
1268	3,6,7
1269	2
1270	4
1271	6
1272	2,4
1273	3
1274	1,3
1275	4
1276	0,1
1277	0
1278	2
1279	1
1280	2
1281	4,7
1282	0
1283	2
1284	0
1285	7
1286	1
1287	0,7
1288	4
1289	0
1290	1
1291	2
1292	3
1293	1
1294	4
1295	0
1296	2
1297	8
1298	2
1299	1
1300	3
1301	1
1302	0,6
1303	0
1304	3
1305	0
1306	8
1307	3
1308	2
1309	0,2
1310	0
1311	2
1312	4
1313	3
1314	6
1315	0
1316	0,5
1317	1
1318	5
1319	2
1320	2
1321	1
1322	0
1323	0
1324	5
1325	1
1326	9
1327	4
1328	0
1329	0
1330	2
1331	6
1332	0
1333	0
1334	0,7
1335	2
1336	2
1337	2
1338	2
1339	0
1340	0
1341	0
1342	3
1343	2
1344	4
1345	6
1346	0
1347	0
1348	1
1349	1
1350	6
1351	2
1352	2
1353	0
1354	1
1355	2,8
1356	0
1357	1
1358	3
1359	2
1360	5
1361	1,5
1362	1
1363	4
1364	1
1365	0
1366	2
1367	0
1368	0
1369	2
1370	0
1371	0
1372	0
1373	6
1374	1
1375	0
1376	3
1377	9
1378	0
1379	1
1380	3
1381	0
1382	6
1383	0
1384	0
1385	4
1386	2,7
1387	0
1388	1
1389	0,6
1390	0
1391	0
1392	0
1393	2
1394	2
1395	0,3
1396	2,3
1397	2
1398	5
1399	1
1400	0
1401	0
1402	3
1403	1
1404	8
1405	0,2
1406	0
1407	3
1408	2
1409	1
1410	1
1411	1
1412	0
1413	0
1414	0,3
1415	9
1416	5
1417	1,2,3
1418	1
1419	0
1420	5
1421	0
1422	0
1423	0
1424	0
1425	5
1426	0
1427	1
1428	3
1429	0
1430	7
1431	1
1432	5
1433	6
1434	0
1435	8
1436	3
1437	4
1438	0
1439	2
1440	0
1441	3,6
1442	2
1443	1
1444	0
1445	2
1446	3
1447	2
1448	0
1449	3
1450	5
1451	0
1452	1
1453	2
1454	1
1455	1
1456	1
1457	5
1458	2
1459	6
1460	2
1461	1
1462	0
1463	3
1464	0
1465	6
1466	2,4
1467	3
1468	0
1469	1
1470	2
1471	2
1472	0,8
1473	1
1474	5
1475	1
1476	2
1477	0
1478	0
1479	0
1480	5,7
1481	3
1482	2
1483	4
1484	1
1485	0
1486	1
1487	1
1488	2
1489	1
1490	6
1491	0
1492	2
1493	3
1494	0
1495	1
1496	1
1497	3
1498	4
1499	2
1500	3
1501	1
1502	2
1503	1
1504	4
1505	6
1506	0
1507	2
1508	3
1509	0,2
1510	2
1511	7
1512	1
1513	4
1514	1,3
1515	4
1516	3
1517	0
1518	1
1519	0
1520	1
1521	0
1522	0
1523	4
1524	0
1525	4
1526	2,9
1527	1
1528	6
1529	0
1530	6
1531	0
1532	0
1533	2,5
1534	0
1535	4
1536	1
1537	0
1538	1
1539	0
1540	0
1541	0
1542	1
1543	2
1544	0
1545	1
1546	0,3
1547	3
1548	2
1549	0
1550	0
1551	6
1552	0
1553	3
1554	0
1555	5
1556	3
1557	1
1558	1,7
1559	0
1560	0
1561	1
1562	0
1563	1
1564	2
1565	0
1566	5
1567	1
1568	1
1569	6
1570	0
1571	2
1572	0
1573	6
1574	1,6,8
1575	4
1576	5
1577	1
1578	0
1579	1
1580	3
1581	4
1582	0
1583	1
1584	3
1585	3
1586	1
1587	4
1588	1
1589	8
1590	5,6,9
1591	2
1592	6
1593	1,2
1594	3
1595	1
1596	0
1597	0
1598	0
1599	4
1600	3
1601	2
1602	0
1603	0
1604	0
1605	3
1606	4
1607	0
1608	0
1609	0
1610	1
1611	2
1612	1
1613	1
1614	0
1615	2
1616	0
1617	1,4
1618	1
1619	4
1620	4
1621	1
1622	2
1623	2
1624	0
1625	6
1626	2
1627	2
1628	1
1629	3
1630	2
1631	1
1632	2
1633	1
1634	0
1635	0
1636	2
1637	0
1638	3
1639	2,3
1640	3
1641	1
1642	2
1643	1
1644	0
1645	0
1646	0
1647	0
1648	1
1649	1
1650	0
1651	4
1652	0
1653	3
1654	3
1655	4
1656	4,6
1657	0
1658	0
1659	4
1660	3,4
1661	1
1662	6
1663	3,7
1664	3
1665	0,8
1666	0
1667	2
1668	2
1669	4
1670	1
1671	2
1672	0
1673	0
1674	3
1675	6
1676	3
1677	2,4
1678	5
1679	3
1680	0
1681	4,5
1682	0
1683	2
1684	2
1685	2
1686	2
1687	1
1688	2
1689	0
1690	0
1691	1
1692	1
1693	1,7
1694	2
1695	0
1696	1
1697	3
1698	3
1699	6,7
1700	0
1701	2
1702	8
1703	0
1704	1
1705	0
1706	2
1707	8
1708	3
1709	5
1710	1
1711	2,8
1712	3
1713	7
1714	1,2
1715	1,8
1716	0
1717	0
1718	0
1719	1
1720	7
1721	0
1722	4
1723	9
1724	7,8
1725	4
1726	4
1727	0
1728	7
1729	3
1730	3
1731	1
1732	4
1733	0
1734	3
1735	4
1736	3
1737	0
1738	1,8
1739	6
1740	0
1741	6
1742	4
1743	5
1744	3
1745	3
1746	7
1747	0
1748	1
1749	2
1750	4
1751	2
1752	1
1753	2,5
1754	3
1755	0
1756	1
1757	6
1758	1
1759	4
1760	7
1761	7
1762	2
1763	7
1764	1
1765	2
1766	1
1767	3
1768	6
1769	0
1770	2
1771	3
1772	0
1773	0
1774	4
1775	1
1776	0
1777	6
1778	1
1779	3
1780	0
1781	3
1782	0
1783	0
1784	0
1785	5
1786	2
1787	3
1788	2
1789	0
1790	0
1791	1
1792	0
1793	5,7
1794	0
1795	0
1796	1
1797	3
1798	0
1799	1
1800	3
1801	7
1802	1
1803	1
1804	2
1805	5
1806	4
1807	4,9
1808	0
1809	0
1810	0
1811	0,4,5
1812	1,4
1813	4
1814	2
1815	3
1816	6
1817	1
1818	3
1819	4
1820	6
1821	3
1822	5
1823	6
1824	0
1825	2
1826	5,6,9
1827	3
1828	7
1829	0
1830	1,5
1831	0
1832	6
1833	0
1834	0
1835	6
1836	0
1837	5
1838	0
1839	0
1840	2
1841	1
1842	5
1843	1
1844	2
1845	8
1846	1
1847	0,2
1848	1,3
1849	5
1850	1
1851	1
1852	0
1853	1
1854	0
1855	2
1856	1
1857	0
1858	1
1859	2
1860	2
1861	0
1862	0
1863	0
1864	3
1865	0,7
1866	5
1867	8
1868	4
1869	2
1870	2
1871	1
1872	0
1873	0
1874	3
1875	5,8
1876	0
1877	2
1878	0
1879	4
1880	2
1881	2
1882	1
1883	6,9
1884	0
1885	0
1886	4
1887	1
1888	5
1889	1
1890	1
1891	1
1892	1
1893	6,8
1894	0
1895	0
1896	7
1897	0
1898	2
1899	0
1900	7
1901	2
1902	0
1903	3
1904	1
1905	3
1906	0
1907	4,9
1908	1
1909	0
1910	2
1911	1
1912	7
1913	1,3
1914	5,9
1915	0
1916	0
1917	0
1918	2
1919	5
1920	0
1921	0
1922	1
1923	3
1924	2
1925	3
1926	0
1927	5
1928	0
1929	3
1930	0
1931	5
1932	2
1933	3
1934	0
1935	4
1936	0
1937	7
1938	2
1939	0
1940	2
1941	3
1942	2,3
1943	0
1944	1
1945	0
1946	4
1947	0
1948	2
1949	3
1950	0
1951	0
1952	7
1953	4
1954	0
1955	1
1956	6
1957	1
1958	0
1959	9
1960	2
1961	0
1962	0
1963	1,6
1964	0
1965	0
1966	5
1967	0
1968	1
1969	0
1970	0
1971	0
1972	1
1973	2
1974	3
1975	0
1976	3
1977	0
1978	0
1979	4
1980	2
1981	2
1982	4
1983	0
1984	3
1985	5
1986	0
1987	4
1988	3
1989	2
1990	5
1991	2
1992	0
1993	1
1994	1
1995	1
1996	0
1997	4,5
1998	4
1999	0,4,5
2000	3
2001	3
2002	1
2003	2
2004	0
2005	0
2006	3
2007	1
2008	0
2009	1
2010	2
2011	2
2012	5
2013	0,9
2014	4
2015	2
2016	1
2017	1
2018	1
2019	0
2020	3
2021	5
2022	6
2023	2
2024	0
2025	4
2026	3
2027	0
2028	5
2029	0
2030	2
2031	1
2032	2
2033	1
2034	6,8,9
2035	3
2036	1
2037	0
2038	3
2039	0
2040	2
2041	2
2042	0
2043	0
2044	0
2045	6
2046	2
2047	3
2048	7
2049	1
2050	9
2051	0
2052	2
2053	1
2054	2
2055	0
2056	5
2057	4
2058	1
2059	2
2060	1
2061	2,9
2062	1
2063	2
2064	1
2065	0
2066	2
2067	6
2068	0
2069	7
2070	0
2071	3,9
2072	2
2073	1,8
2074	4
2075	2
2076	1
2077	2
2078	3
2079	1,4
2080	0,3
2081	2
2082	0
2083	2
2084	1
2085	0
2086	0
2087	0
2088	0
2089	2
2090	0
2091	1
2092	0
2093	1
2094	5
2095	4
2096	0
2097	6
2098	2
2099	0
2100	1
2101	1
2102	0
2103	2
2104	2
2105	3,6
2106	5
2107	3
2108	0
2109	0
2110	1
2111	5
2112	0
2113	3
2114	0
2115	6
2116	2
2117	3
2118	0
2119	0
2120	0
2121	3
2122	5
2123	3
2124	6
2125	2
2126	0,5
2127	0
2128	1
2129	0
2130	0
2131	0
2132	1
2133	4
2134	1
2135	0
2136	1
2137	3
2138	0
2139	0
2140	2
2141	7
2142	8
2143	2
2144	0
2145	0
2146	4
2147	2
2148	1
2149	3
2150	5
2151	1
2152	1
2153	3
2154	2
2155	0
2156	4
2157	0,9
2158	5
2159	4,5,7
2160	1,5
2161	8
2162	6
2163	0
2164	0
2165	1
2166	0
2167	0
2168	1
2169	3
2170	1
2171	1
2172	2
2173	0
2174	3,4
2175	4
2176	2
2177	0
2178	3
2179	9
2180	1
2181	0
2182	4
2183	2
2184	4
2185	1
2186	0,4,9
2187	0
2188	3
2189	2
2190	2
2191	0
2192	0
2193	1
2194	2
2195	1,4
2196	0
2197	8
2198	7
2199	5
2200	4
2201	1,2
2202	0
2203	0
2204	0
2205	1
2206	4
2207	1
2208	5
2209	0
2210	1
2211	3
2212	0
2213	4
2214	3,7
2215	1
2216	9
2217	0
2218	2
2219	3
2220	1
2221	1
2222	4
2223	1
2224	3
2225	3
2226	0
2227	1
2228	0
2229	2,3
2230	1
2231	0
2232	4
2233	2
2234	9
2235	1
2236	3
2237	0
2238	4
2239	0
2240	1
2241	2
2242	1
2243	0
2244	7
2245	6
2246	4
2247	3
2248	1,2
2249	1
2250	0
2251	4,7
2252	2
2253	0
2254	1
2255	4
2256	0
2257	1
2258	1
2259	1
2260	7
2261	0
2262	3
2263	5
2264	2,4
2265	1
2266	2
2267	1
2268	4
2269	0
2270	0
2271	1,4
2272	2
2273	4
2274	0
2275	1
2276	2
2277	3
2278	5
2279	3
2280	4
2281	6
2282	9
2283	3
2284	0
2285	0
2286	4
2287	0
2288	2
2289	0
2290	2
2291	7
2292	0
2293	0
2294	1
2295	3
2296	0
2297	7
2298	2
2299	5
2300	0
2301	0
2302	6
2303	0
2304	3
2305	1,4
2306	3
2307	1
2308	0
2309	3,7
2310	2
2311	4
2312	3
2313	2,5
2314	5
2315	3
2316	1
2317	0
2318	2
2319	0
2320	0
2321	1
2322	1
2323	2
2324	1
2325	0
2326	0
2327	4
2328	0
2329	2
2330	0
2331	2
2332	2
2333	0
2334	1
2335	0
2336	0
2337	0
2338	2
2339	1
2340	5
2341	1
2342	1
2343	6
2344	5
2345	4
2346	3
2347	3
2348	2
2349	1
2350	4
2351	1
2352	1
2353	2
2354	6
2355	0
2356	1
2357	0
2358	5
2359	1
2360	1
2361	4
2362	0
2363	2
2364	1
2365	1
2366	0
2367	1
2368	0
2369	2
2370	0
2371	7
2372	0
2373	2
2374	3
2375	3
2376	0
2377	2
2378	6
2379	0
2380	1
2381	2
2382	2
2383	0
2384	0
2385	8,9
2386	8
2387	1
2388	0
2389	2
2390	2
2391	0
2392	4
2393	6
2394	0
2395	0
2396	1
2397	1
2398	2
2399	4
2400	4
2401	0
2402	1
2403	6
2404	3
2405	2
2406	0
2407	2
2408	4
2409	0
2410	4
2411	3
2412	6,9
2413	7
2414	3
2415	4
2416	0
2417	2
2418	0,5
2419	0
2420	3
2421	0
2422	3
2423	3
2424	0
2425	1
2426	3
2427	0
2428	0
2429	0
2430	0
2431	5
2432	2
2433	4,5
2434	1
2435	6
2436	1
2437	1
2438	6
2439	0
2440	1
2441	1
2442	1
2443	0
2444	0
2445	5
2446	6
2447	4,6
2448	3
2449	3
2450	0
2451	2
2452	5
2453	3
2454	0
2455	2,3,6
2456	1
2457	0
2458	3
2459	3
2460	8
2461	4
2462	0
2463	3
2464	0
2465	1
2466	2
2467	0
2468	0
2469	1
2470	0
2471	9
2472	8
2473	6
2474	6
2475	2,9
2476	3
2477	2
2478	0
2479	5
2480	0
2481	0,1
2482	1
2483	1
2484	1
2485	0
2486	0
2487	3
2488	3
2489	0
2490	0
2491	2
2492	0
2493	3
2494	6
2495	2
2496	0
2497	0
2498	2
2499	3
2500	6
2501	1
2502	3
2503	1
2504	0
2505	4,8
2506	1
2507	5
2508	5
2509	2
2510	6,7
2511	0
2512	6
2513	2
2514	3
2515	1
2516	4
2517	5
2518	0
2519	4
2520	2
2521	0
2522	0
2523	5
2524	2
2525	1
2526	1
2527	2
2528	3
2529	3
2530	6
2531	2
2532	6
2533	0
2534	5
2535	0
2536	1
2537	2
2538	2
2539	5
2540	3
2541	4
2542	5
2543	1
2544	0
2545	2
2546	0
2547	0
2548	4,8
2549	0,6
2550	2
2551	0
2552	5
2553	4,7
2554	2
2555	7
2556	1
2557	1
2558	3
2559	5
2560	2
2561	4
2562	3
2563	0
2564	0
2565	0
2566	0
2567	0
2568	6
2569	5
2570	5
2571	3
2572	1
2573	4
2574	0
2575	0
2576	0
2577	0
2578	2
2579	2
2580	1
2581	3
2582	0
2583	0
2584	4
2585	0,9
2586	0
2587	0
2588	2
2589	8
2590	2
2591	8
2592	5,9
2593	7
2594	2
2595	8
2596	4
2597	8
2598	1
2599	1
2600	1
2601	6
2602	0
2603	2
2604	4
2605	0
2606	2
2607	3
2608	1
2609	7
2610	1
2611	3
2612	0
2613	2
2614	3
2615	2
2616	3
2617	0
2618	3
2619	1
2620	0
2621	0
2622	3,9
2623	0
2624	1
2625	2
2626	4
2627	4
2628	7
2629	3
2630	0
2631	0
2632	0
2633	5
2634	0
2635	2
2636	5
2637	0
2638	0
2639	0
2640	4
2641	0
2642	2
2643	8
2644	2
2645	0
2646	7
2647	2
2648	0
2649	0
2650	3
2651	1
2652	2
2653	1
2654	6
2655	2
2656	1
2657	1,2
2658	2
2659	0
2660	6
2661	7
2662	4
2663	3
2664	2
2665	1
2666	5
2667	1
2668	1
2669	7
2670	1
2671	7
2672	0
2673	0
2674	0
2675	0
2676	6
2677	0
2678	3
2679	2
2680	1
2681	3
2682	7
2683	0
2684	0
2685	2
2686	0
2687	2,9
2688	0
2689	1
2690	1
2691	8
2692	3
2693	2
2694	2
2695	2
2696	5
2697	2
2698	1
2699	0
2700	5
2701	0
2702	2
2703	0
2704	2
2705	1
2706	0
2707	5
2708	1
2709	0
2710	1
2711	0
2712	8
2713	1,3
2714	1,7
2715	1,5
2716	0
2717	3
2718	1
2719	4
2720	0
2721	1
2722	5
2723	2
2724	2
2725	0
2726	0,7
2727	0
2728	0
2729	0,3
2730	0
2731	0
2732	5
2733	0
2734	0
2735	6
2736	3
2737	2
2738	1
2739	0
2740	1
2741	8
2742	2
2743	4
2744	0
2745	5
2746	0
2747	1
2748	1
2749	4
2750	4
2751	0
2752	0
2753	0
2754	2
2755	1
2756	0
2757	1
2758	6
2759	0
2760	2
2761	0
2762	4
2763	1
2764	0
2765	1
2766	1
2767	1
2768	5
2769	3
2770	4
2771	1
2772	0,7
2773	0
2774	9
2775	5
2776	2
2777	2
2778	0
2779	0
2780	2
2781	2
2782	0
2783	6
2784	4
2785	1
2786	2
2787	0,4
2788	3
2789	2
2790	3
2791	0
2792	9
2793	0
2794	8
2795	3
2796	5
2797	4
2798	6
2799	0
2800	2
2801	1
2802	5
2803	6
2804	5
2805	4,7
2806	1
2807	3
2808	4
2809	8
2810	1
2811	3
2812	3
2813	5
2814	1
2815	7,8
2816	1
2817	3
2818	7
2819	5
2820	7
2821	1
2822	0
2823	1
2824	4
2825	2
2826	3,6
2827	2
2828	1
2829	0
2830	1
2831	0
2832	2
2833	1
2834	5
2835	1
2836	2
2837	0
2838	0
2839	2
2840	0
2841	0,4
2842	1
2843	0
2844	1
2845	4
2846	0
2847	5,7
2848	4
2849	2
2850	2
2851	0
2852	0
2853	0
2854	3
2855	4
2856	5
2857	0
2858	6
2859	0
2860	2
2861	0
2862	0
2863	1,6,8
2864	0
2865	1
2866	5
2867	3
2868	0
2869	0
2870	3,6,9
2871	0
2872	4
2873	2
2874	3
2875	1
2876	7
2877	5
2878	2
2879	4
2880	2
2881	1
2882	0
2883	1
2884	1
2885	0
2886	0
2887	2
2888	1
2889	3
2890	0
2891	0
2892	8
2893	0
2894	0
2895	0
2896	6
2897	1
2898	4
2899	2
2900	2
2901	2
2902	0
2903	4
2904	8
2905	2,3
2906	3,9
2907	4,9
2908	2
2909	2
2910	0
2911	3
2912	0
2913	2
2914	1
2915	5
2916	1
2917	0
2918	3
2919	1
2920	0
2921	1
2922	0
2923	0
2924	1
2925	3
2926	2,9
2927	7
2928	2
2929	1
2930	6
2931	7
2932	1
2933	6
2934	3
2935	3
2936	5
2937	1
2938	3
2939	4
2940	0
2941	2,5
2942	0
2943	0
2944	3
2945	0
2946	1
2947	0
2948	1
2949	3
2950	0
2951	0
2952	9
2953	4
2954	1
2955	1
2956	2
2957	6,7,9
2958	7
2959	1
2960	0
2961	4
2962	2
2963	2
2964	3
2965	6,8
2966	4
2967	2
2968	2
2969	6
2970	0
2971	2
2972	3
2973	2
2974	3
2975	3
2976	7
2977	5
2978	1
2979	1
2980	0
2981	2
2982	3
2983	3
2984	0
2985	5
2986	0
2987	5
2988	1
2989	0
2990	0
2991	7
2992	5
2993	3
2994	0
2995	2
2996	1
2997	1
2998	2
2999	2
3000	0
3001	0
3002	2
3003	0,7
3004	1
3005	0,4
3006	0
3007	1
3008	3
3009	2
3010	0
3011	0
3012	3
3013	0
3014	1
3015	0
3016	0
3017	4
3018	4
3019	5
3020	1
3021	1
3022	3
3023	6
3024	0
3025	1
3026	1
3027	0
3028	1
3029	0
3030	4
3031	0
3032	1
3033	5,6
3034	0
3035	0
3036	1
3037	4
3038	0
3039	4
3040	3
3041	6
3042	4
3043	0
3044	1
3045	0
3046	1
3047	2
3048	2
3049	7
3050	0
3051	0
3052	1,5
3053	4
3054	0
3055	0
3056	0
3057	5
3058	9
3059	7
3060	0
3061	2
3062	5
3063	1
3064	0
3065	1
3066	4
3067	0
3068	4
3069	0
3070	4
3071	4
3072	7
3073	2
3074	6
3075	1
3076	3,6
3077	5
3078	5,6
3079	3
3080	4
3081	3
3082	0
3083	0
3084	1
3085	0
3086	3
3087	2
3088	7
3089	1
3090	0
3091	0
3092	7,9
3093	9
3094	0
3095	0
3096	1
3097	2
3098	4
3099	2
3100	8,9
3101	2
3102	0
3103	1
3104	3
3105	0
3106	0
3107	1
3108	0
3109	4
3110	0
3111	5
3112	4
3113	0
3114	0
3115	7
3116	0
3117	2
3118	1
3119	1
3120	1
3121	6
3122	1
3123	5
3124	1
3125	5
3126	1
3127	2
3128	1
3129	0
3130	3
3131	4
3132	5
3133	3
3134	2
3135	2
3136	2
3137	0,4
3138	3
3139	0
3140	2
3141	0
3142	3
3143	5
3144	1
3145	1
3146	4
3147	4
3148	0
3149	1
3150	3
3151	1
3152	0
3153	0
3154	0
3155	4
3156	2
3157	0
3158	2
3159	3
3160	2
3161	0
3162	1
3163	0
3164	4
3165	2
3166	0
3167	6
3168	1
3169	1
3170	1
3171	0
3172	3
3173	2
3174	9
3175	0
3176	0
3177	1
3178	5
3179	3
3180	2,7
3181	0
3182	1
3183	0
3184	5
3185	4
3186	2
3187	7
3188	0
3189	0
3190	3
3191	2
3192	3
3193	1
3194	0
3195	9
3196	0
3197	0
3198	1
3199	0
3200	1
3201	0
3202	1
3203	4
3204	1,3
3205	2
3206	3
3207	0
3208	0
3209	1
3210	2
3211	0
3212	1
3213	0
3214	1,8
3215	4
3216	0
3217	4
3218	0
3219	0
3220	0
3221	1
3222	0
3223	2
3224	0
3225	1
3226	2
3227	1
3228	0
3229	7
3230	4
3231	0
3232	4
3233	9
3234	0
3235	4
3236	0
3237	0
3238	0
3239	7
3240	1
3241	3
3242	4
3243	0
3244	3
3245	1
3246	0
3247	0
3248	4,9
3249	5
3250	2
3251	2
3252	2
3253	3
3254	2
3255	1
3256	5,7,9
3257	2
3258	0
3259	5
3260	0
3261	5
3262	1
3263	0
3264	8,9
3265	3
3266	2
3267	1
3268	0
3269	1
3270	6
3271	4
3272	1
3273	0
3274	5
3275	0
3276	1
3277	5
3278	0
3279	0
3280	9
3281	0
3282	0
3283	0
3284	7
3285	1
3286	4,9
3287	0
3288	3
3289	1
3290	2
3291	6
3292	6
3293	5
3294	4
3295	6
3296	3
3297	2
3298	4
3299	3,6
3300	1
3301	0
3302	1
3303	1
3304	0
3305	0
3306	1
3307	0
3308	1
3309	1
3310	1
3311	2
3312	0
3313	0
3314	4
3315	0
3316	5
3317	0
3318	0
3319	1
3320	5
3321	8
3322	5
3323	0
3324	3
3325	4
3326	0
3327	8
3328	7
3329	4
3330	0
3331	0
3332	4
3333	1
3334	1
3335	3
3336	1
3337	7
3338	3
3339	4
3340	2
3341	1
3342	0,8
3343	3
3344	5
3345	0
3346	0
3347	2
3348	0
3349	1
3350	2
3351	4
3352	0
3353	0
3354	0
3355	3
3356	0
3357	4
3358	2
3359	0
3360	1
3361	1
3362	2
3363	0
3364	4
3365	3
3366	2
3367	0
3368	0
3369	0
3370	1
3371	7
3372	6
3373	7
3374	0
3375	2
3376	0
3377	4
3378	2
3379	2
3380	2
3381	1
3382	3
3383	2
3384	0
3385	0
3386	0
3387	2
3388	1
3389	1
3390	3
3391	4
3392	0
3393	0
3394	0
3395	1
3396	1,5
3397	0
3398	3
3399	2
3400	5,8
3401	2
3402	1
3403	4
3404	0
3405	0
3406	0
3407	6
3408	3
3409	0
3410	0
3411	3
3412	6
3413	2
3414	2
3415	1
3416	0
3417	0
3418	6
3419	2
3420	2
3421	5
3422	4
3423	3
3424	1
3425	3
3426	3
3427	2,5
3428	0
3429	6
3430	0
3431	4
3432	2
3433	2
3434	3
3435	7
3436	1
3437	4
3438	0
3439	2
3440	3
3441	5
3442	3
3443	7
3444	4
3445	0
3446	2
3447	9
3448	8
3449	2
3450	2
3451	1
3452	0
3453	3
3454	1
3455	0
3456	0
3457	1
3458	1
3459	2
3460	0
3461	1
3462	2
3463	1
3464	5
3465	1
3466	6
3467	0
3468	1
3469	2
3470	4
3471	0
3472	0,6
3473	0
3474	1
3475	5
3476	5
3477	0
3478	0
3479	5
3480	0
3481	6
3482	2
3483	0
3484	2
3485	2
3486	0
3487	0
3488	4
3489	0
3490	0
3491	1
3492	0
3493	2
3494	0
3495	3
3496	1
3497	1
3498	7
3499	0
3500	0
3501	2
3502	7
3503	2
3504	2
3505	1
3506	2
3507	3
3508	0
3509	0
3510	4
3511	1
3512	2
3513	3
3514	1
3515	1
3516	1
3517	2
3518	1
3519	1
3520	6
3521	4
3522	5
3523	1
3524	2
3525	4
3526	4
3527	5
3528	3
3529	9
3530	0
3531	0
3532	0
3533	0
3534	0
3535	2
3536	1
3537	1
3538	0
3539	1
3540	1
3541	1,7
3542	0
3543	4
3544	0
3545	7
3546	2
3547	5
3548	6
3549	3
3550	7
3551	3
3552	3,5
3553	3
3554	2
3555	3
3556	0
3557	0
3558	4
3559	2
3560	9
3561	2
3562	0
3563	2
3564	4
3565	6
3566	0
3567	1
3568	2
3569	3
3570	0
3571	0
3572	4
3573	2
3574	2,4
3575	1
3576	0
3577	3
3578	1
3579	3,5
3580	4
3581	9
3582	0
3583	8
3584	1
3585	3
3586	2
3587	1
3588	9
3589	0
3590	1
3591	0
3592	3
3593	3
3594	0
3595	0
3596	2
3597	4,8
3598	1
3599	0
3600	1
3601	0
3602	3
3603	2
3604	2
3605	1
3606	1
3607	5
3608	2
3609	9
3610	1
3611	3
3612	1
3613	2
3614	0
3615	1,7
3616	0
3617	0
3618	4
3619	1
3620	5,9
3621	3,7
3622	5
3623	2
3624	1
3625	0
3626	6
3627	5
3628	3
3629	2
3630	1
3631	0
3632	1
3633	2
3634	1
3635	0
3636	0
3637	2
3638	5
3639	3
3640	1
3641	5
3642	3
3643	2
3644	3
3645	2
3646	5
3647	3
3648	1
3649	1
3650	0
3651	5
3652	0
3653	0
3654	0
3655	8
3656	0
3657	0
3658	4
3659	0
3660	1
3661	6
3662	0
3663	3
3664	7
3665	1
3666	0,4
3667	1
3668	0
3669	3,8
3670	0
3671	8
3672	0
3673	3
3674	4
3675	1
3676	1
3677	0
3678	2
3679	1
3680	3
3681	0
3682	2
3683	0
3684	0
3685	2
3686	0
3687	1
3688	3
3689	2
3690	5
3691	3
3692	1
3693	5
3694	3
3695	2
3696	0
3697	2
3698	2
3699	3
3700	1
3701	2
3702	3
3703	0
3704	1
3705	0
3706	1
3707	0
3708	0
3709	2
3710	4
3711	2
3712	1
3713	0
3714	9
3715	3
3716	0
3717	3
3718	5
3719	6
3720	2
3721	2
3722	1
3723	3
3724	1
3725	0
3726	6
3727	5
3728	1,4,6,8
3729	3,7
3730	0
3731	2
3732	4
3733	0
3734	1
3735	2
3736	2
3737	2
3738	0
3739	0
3740	0
3741	3
3742	1
3743	0
3744	3
3745	8
3746	2
3747	2
3748	1
3749	0
3750	8
3751	2
3752	2
3753	1
3754	1
3755	0
3756	0
3757	0
3758	2
3759	0
3760	0
3761	1
3762	1
3763	3
3764	5
3765	0
3766	0
3767	0
3768	1
3769	5
3770	3
3771	1
3772	4,5
3773	5
3774	4
3775	0
3776	2
3777	2
3778	2
3779	1
3780	0
3781	0
3782	0
3783	5
3784	0
3785	3
3786	1
3787	5,8
3788	3
3789	3
3790	2
3791	4
3792	4
3793	0
3794	1
3795	2
3796	2
3797	8
3798	9
3799	2
3800	3
3801	3
3802	2
3803	0
3804	4,8
3805	0
3806	1
3807	2
3808	6
3809	0
3810	1
3811	2
3812	4
3813	1
3814	0
3815	1
3816	2
3817	1
3818	4
3819	1
3820	6
3821	0
3822	5
3823	3
3824	1,6
3825	2
3826	3
3827	0
3828	6
3829	1
3830	0
3831	2
3832	0
3833	1
3834	0
3835	0
3836	0
3837	0
3838	0
3839	3
3840	0
3841	3
3842	9
3843	3
3844	1
3845	0
3846	3
3847	1
3848	0
3849	1
3850	0
3851	2
3852	0
3853	4
3854	7
3855	9
3856	1
3857	6
3858	5
3859	1
3860	5
3861	2
3862	2
3863	3
3864	0
3865	5
3866	1
3867	2
3868	2
3869	1
3870	3
3871	0
3872	3
3873	2
3874	2
3875	0
3876	1
3877	2
3878	7
3879	2
3880	5
3881	3
3882	4
3883	2
3884	0
3885	9
3886	5
3887	0
3888	0
3889	1
3890	0
3891	3,4,9
3892	0
3893	1
3894	4
3895	2,3
3896	2
3897	4
3898	5
3899	6
3900	2
3901	2
3902	2
3903	3
3904	1
3905	9
3906	4
3907	0
3908	0
3909	1
3910	2
3911	0
3912	3
3913	1
3914	1
3915	1
3916	2
3917	1
3918	0
3919	3
3920	3
3921	1
3922	8
3923	5
3924	2
3925	0
3926	2
3927	2
3928	0
3929	1
3930	1
3931	6
3932	1
3933	3
3934	7
3935	4
3936	2
3937	7
3938	6
3939	0
3940	4
3941	3
3942	1
3943	0
3944	2
3945	0
3946	0
3947	2
3948	3
3949	1
3950	1
3951	1
3952	6
3953	8
3954	3
3955	0
3956	2
3957	2
3958	7
3959	5
3960	0
3961	3
3962	4,9
3963	3
3964	1
3965	1
3966	2
3967	3
3968	3
3969	8,9
3970	2
3971	7
3972	3
3973	1
3974	2
3975	1
3976	7
3977	1
3978	1
3979	2
3980	5
3981	4
3982	4
3983	4,6
3984	1
3985	2
3986	4
3987	2
3988	3
3989	1,3
3990	3
3991	0
3992	1
3993	1
3994	6
3995	0,6
3996	0
3997	2
3998	2
3999	2
4000	0
4001	3
4002	4
4003	2
4004	2
4005	1
4006	0
4007	5
4008	0
4009	1
4010	0
4011	1
4012	2
4013	1
4014	3
4015	4
4016	2
4017	4
4018	1
4019	1
4020	3
4021	4
4022	1
4023	5
4024	5
4025	5
4026	0
4027	1
4028	1
4029	4
4030	7
4031	5
4032	1
4033	0
4034	7
4035	0
4036	8
4037	4
4038	6
4039	3
4040	7
4041	3
4042	8
4043	2
4044	8
4045	1
4046	0
4047	0
4048	4
4049	1
4050	0
4051	0
4052	0
4053	2
4054	0
4055	4
4056	0
4057	0
4058	0
4059	1
4060	0
4061	1
4062	2
4063	2
4064	2
4065	0
4066	0
4067	4
4068	2
4069	3
4070	4
4071	0
4072	9
4073	0
4074	2
4075	0
4076	0
4077	3
4078	3
4079	0
4080	0
4081	6
4082	2
4083	7
4084	3
4085	2
4086	0
4087	2
4088	2
4089	0
4090	0
4091	5
4092	3
4093	2
4094	1
4095	7
4096	1
4097	6
4098	0
4099	3
4100	2
4101	1
4102	3
4103	0
4104	3
4105	3
4106	3
4107	7
4108	1,4
4109	7
4110	0
4111	2
4112	2
4113	0
4114	4
4115	2
4116	1
4117	0
4118	0
4119	8
4120	1
4121	6
4122	0
4123	9
4124	5
4125	8
4126	0
4127	0
4128	6
4129	2
4130	3
4131	3
4132	1
4133	7
4134	8
4135	1
4136	2
4137	1
4138	2
4139	0
4140	8
4141	8
4142	6
4143	3
4144	7
4145	2
4146	2
4147	2
4148	5,7
4149	3
4150	0
4151	2
4152	0
4153	6
4154	0
4155	1
4156	3
4157	6
4158	4
4159	0
4160	3
4161	2,8
4162	7
4163	5
4164	5
4165	1
4166	0
4167	3
4168	2
4169	0
4170	2
4171	1
4172	1
4173	2
4174	0
4175	1
4176	0
4177	1
4178	6
4179	3
4180	0
4181	2
4182	3
4183	1
4184	1
4185	1
4186	0
4187	1
4188	4
4189	7
4190	3
4191	2
4192	2
4193	6
4194	0
4195	1
4196	4,6
4197	4
4198	5
4199	0
4200	3,8
4201	4
4202	7
4203	0
4204	0
4205	2
4206	3
4207	1
4208	2
4209	1
4210	1
4211	7
4212	0
4213	2,4,7
4214	2,7
4215	5
4216	7
4217	4
4218	7
4219	6
4220	0
4221	3
4222	0
4223	1
4224	5
4225	5
4226	2
4227	0
4228	1
4229	0
4230	0
4231	1
4232	1
4233	1
4234	2
4235	2
4236	2
4237	0
4238	1
4239	8
4240	0
4241	3,6
4242	7
4243	0
4244	3
4245	2
4246	0
4247	2
4248	0
4249	0
4250	6
4251	0
4252	0
4253	0
4254	1
4255	3
4256	0
4257	3
4258	2
4259	2
4260	3
4261	0
4262	8
4263	1
4264	0
4265	2
4266	2
4267	0
4268	0
4269	6
4270	2
4271	4
4272	0
4273	3
4274	7
4275	1
4276	0,9
4277	2
4278	7
4279	0
4280	6
4281	6
4282	4
4283	3
4284	0
4285	2
4286	2,8
4287	2
4288	0
4289	5
4290	3
4291	7
4292	1
4293	0
4294	0
4295	0
4296	2
4297	4
4298	4
4299	6
4300	0
4301	1
4302	0
4303	5
4304	2
4305	0
4306	2
4307	2,3
4308	5,8
4309	1
4310	2,4
4311	0
4312	6
4313	0
4314	1
4315	0
4316	2
4317	5
4318	1
4319	0
4320	0
4321	1
4322	4
4323	1
4324	7,9
4325	2
4326	1
4327	1
4328	0
4329	1
4330	1
4331	1
4332	0
4333	3
4334	7
4335	0
4336	4
4337	2
4338	2
4339	4
4340	8
4341	2
4342	4
4343	1
4344	7
4345	3
4346	0
4347	2
4348	0
4349	2
4350	2
4351	3
4352	1
4353	2
4354	3
4355	5
4356	2
4357	3
4358	2
4359	2
4360	1
4361	0
4362	4
4363	4
4364	2
4365	0
4366	7
4367	1
4368	6
4369	0
4370	0
4371	1
4372	2
4373	5
4374	3
4375	6
4376	0
4377	2
4378	0
4379	0
4380	1
4381	0
4382	2
4383	0
4384	8
4385	0
4386	1
4387	1
4388	1
4389	1
4390	1
4391	1
4392	0
4393	2
4394	0
4395	2
4396	1
4397	3
4398	2
4399	3
4400	5
4401	1
4402	1
4403	0
4404	0
4405	2
4406	0
4407	2
4408	4
4409	0
4410	4
4411	5
4412	0,4
4413	0
4414	0
4415	4
4416	4
4417	7
4418	4
4419	0
4420	1
4421	2
4422	4
4423	4
4424	0
4425	2
4426	0
4427	2
4428	1
4429	4
4430	1
4431	0
4432	6
4433	1
4434	2
4435	1
4436	0
4437	1
4438	2
4439	3
4440	5
4441	0
4442	0
4443	0
4444	4
4445	3
4446	0
4447	4
4448	4,7
4449	2
4450	1
4451	5
4452	2,7
4453	0
4454	1
4455	0
4456	0
4457	2
4458	3
4459	6
4460	0
4461	0
4462	0
4463	0
4464	3
4465	0
4466	4
4467	2
4468	3
4469	0
4470	0
4471	0
4472	0
4473	7
4474	5
4475	0
4476	3
4477	0
4478	6
4479	1
4480	0
4481	1
4482	7
4483	3
4484	1
4485	0
4486	1,4
4487	0
4488	0
4489	0
4490	0
4491	5
4492	3
4493	7
4494	5
4495	5
4496	1
4497	2
4498	0
4499	0
4500	6
4501	2
4502	1,8
4503	2
4504	1
4505	0
4506	5
4507	1
4508	5
4509	0
4510	7
4511	5
4512	0
4513	3
4514	0
4515	0
4516	7
4517	1
4518	2
4519	1
4520	1
4521	2
4522	0
4523	5
4524	1
4525	0
4526	2
4527	6
4528	1
4529	6
4530	5
4531	1
4532	1
4533	6
4534	0
4535	3
4536	5
4537	0
4538	0
4539	0
4540	0
4541	0
4542	5
4543	1
4544	5
4545	9
4546	2
4547	5
4548	0
4549	1
4550	1
4551	0
4552	6
4553	0
4554	0
4555	2
4556	3
4557	3
4558	2
4559	0
4560	2
4561	1
4562	3
4563	0
4564	2
4565	0
4566	1
4567	2
4568	2
4569	1
4570	3
4571	1
4572	0
4573	3
4574	2
4575	0
4576	1
4577	1
4578	0
4579	5
4580	1
4581	6
4582	2
4583	2
4584	1
4585	0
4586	3
4587	1
4588	2
4589	4
4590	2
4591	4
4592	6
4593	3
4594	1
4595	1
4596	1
4597	4
4598	3
4599	1
4600	3
4601	1
4602	1
4603	2
4604	3
4605	1
4606	6
4607	0
4608	8
4609	1
4610	1
4611	3
4612	1
4613	8
4614	3
4615	3
4616	5
4617	0
4618	2
4619	1
4620	2
4621	3
4622	1
4623	0
4624	0
4625	1
4626	3
4627	6
4628	3
4629	1
4630	9
4631	0
4632	0
4633	2
4634	1
4635	1
4636	1
4637	1
4638	8
4639	2
4640	4
4641	0
4642	3
4643	2
4644	0
4645	1
4646	3
4647	3
4648	3
4649	0
4650	0
4651	6
4652	1
4653	4
4654	2
4655	0
4656	0
4657	7
4658	0
4659	1
4660	1
4661	0
4662	3
4663	3
4664	3
4665	2
4666	9
4667	3
4668	1
4669	7
4670	0
4671	6,7
4672	0
4673	2
4674	1
4675	3
4676	3
4677	1
4678	1
4679	0
4680	5
4681	1
4682	1
4683	1
4684	1
4685	0
4686	1
4687	0
4688	0
4689	7
4690	1
4691	2
4692	0
4693	7
4694	0
4695	8
4696	5
4697	0
4698	4
4699	0
4700	0
4701	4
4702	1
4703	4
4704	3
4705	0
4706	7
4707	1
4708	4
4709	0
4710	0
4711	3
4712	1
4713	0
4714	2
4715	0
4716	0
4717	2,9
4718	1
4719	4
4720	3
4721	0
4722	1
4723	1
4724	2
4725	1
4726	4
4727	3
4728	0
4729	5
4730	1
4731	1
4732	3
4733	0
4734	0
4735	7
4736	1
4737	0
4738	5
4739	0
4740	0
4741	0
4742	0
4743	2
4744	3
4745	0
4746	0
4747	2
4748	3
4749	2
4750	0
4751	1
4752	1
4753	0
4754	0
4755	3
4756	1
4757	0
4758	1
4759	7
4760	3
4761	0
4762	6
4763	0
4764	2
4765	4
4766	0
4767	4
4768	0
4769	3
4770	5
4771	6
4772	0
4773	1
4774	1,9
4775	0
4776	2
4777	2
4778	6
4779	1
4780	4
4781	0
4782	0
4783	2
4784	0
4785	4
4786	4
4787	1
4788	4
4789	2
4790	2
4791	2
4792	1
4793	0
4794	0
4795	2
4796	0
4797	0
4798	1
4799	3
4800	6
4801	0
4802	1
4803	0
4804	3
4805	2
4806	0
4807	0
4808	0
4809	0
4810	7
4811	5
4812	4
4813	0
4814	4
4815	4,9
4816	3
4817	0
4818	4
4819	0
4820	2
4821	1
4822	5
4823	3
4824	1
4825	6
4826	0
4827	1
4828	0
4829	4,6
4830	1
4831	8
4832	4
4833	0
4834	0
4835	0
4836	1
4837	0
4838	3
4839	7
4840	0
4841	6
4842	5
4843	1
4844	2
4845	0
4846	3
4847	1
4848	3
4849	1
4850	1
4851	0
4852	7
4853	2
4854	1
4855	1
4856	1
4857	2
4858	0
4859	4
4860	0
4861	8
4862	3
4863	0
4864	2
4865	0
4866	2
4867	0
4868	0
4869	1
4870	8
4871	5
4872	1
4873	4
4874	0
4875	0
4876	8,9
4877	3
4878	2
4879	0
4880	5
4881	4
4882	1
4883	3
4884	2
4885	5
4886	2
4887	0
4888	1
4889	2
4890	1
4891	0
4892	0
4893	7
4894	0
4895	0
4896	5
4897	0
4898	3
4899	2
4900	2
4901	9
4902	0
4903	6
4904	7
4905	4
4906	2
4907	0
4908	5
4909	4
4910	2
4911	2
4912	1
4913	4
4914	6
4915	1
4916	2
4917	0
4918	2
4919	5
4920	1,7,8
4921	0,1
4922	0
4923	0
4924	1
4925	0
4926	2
4927	2
4928	1
4929	3
4930	7
4931	0
4932	0
4933	1
4934	0
4935	0
4936	2,4
4937	1,8
4938	0
4939	1
4940	4
4941	2
4942	3
4943	7
4944	4
4945	1
4946	2
4947	2
4948	3
4949	1
4950	1
4951	4
4952	0
4953	3
4954	2,6
4955	2
4956	4
4957	1
4958	5,9
4959	0
4960	1
4961	1
4962	0
4963	1,3
4964	3
4965	0
4966	3
4967	1
4968	3
4969	1
4970	1
4971	3
4972	9
4973	1
4974	5
4975	0
4976	3
4977	8
4978	4
4979	1
4980	3
4981	7
4982	0
4983	4
4984	0
4985	0
4986	0
4987	0
4988	3
4989	0
4990	2
4991	2
4992	1
4993	0
4994	0
4995	5
4996	0
4997	1
4998	1
4999	1
5000	2
5001	4
5002	0
5003	3
5004	1
5005	1
5006	3,4
5007	3
5008	8
5009	4
5010	0
5011	1
5012	4
5013	1
5014	5
5015	0
5016	0
5017	2
5018	2
5019	2
5020	1
5021	1
5022	1
5023	2
5024	1
5025	2
5026	2
5027	7
5028	1
5029	0
5030	5
5031	4
5032	1
5033	0
5034	0
5035	5
5036	0
5037	2
5038	4
5039	0
5040	0
5041	0
5042	0
5043	4
5044	3
5045	8
5046	0
5047	2
5048	1
5049	2
5050	0
5051	1
5052	3
5053	5
5054	2
5055	5
5056	3
5057	0
5058	6
5059	1
5060	1
5061	0
5062	1
5063	0
5064	4
5065	8
5066	1
5067	0
5068	2
5069	2
5070	9
5071	0
5072	1
5073	0
5074	6
5075	0
5076	0
5077	6
5078	1
5079	0
5080	0
5081	2,5
5082	0
5083	0
5084	3
5085	1
5086	3
5087	0
5088	0
5089	1
5090	4
5091	3
5092	2
5093	5
5094	0
5095	0
5096	0,9
5097	0
5098	1
5099	0
5100	0
5101	3
5102	3
5103	0
5104	4
5105	5
5106	1
5107	1
5108	1
5109	0
5110	0
5111	3
5112	2
5113	2
5114	2
5115	8
5116	1
5117	3
5118	5
5119	1
5120	1
5121	5
5122	3
5123	0
5124	0
5125	3
5126	3
5127	5
5128	4
5129	2
5130	1
5131	0
5132	2
5133	0
5134	3
5135	1
5136	4
5137	5
5138	0
5139	0
5140	6
5141	0
5142	0
5143	2
5144	6
5145	5
5146	1
5147	3
5148	1
5149	0,2
5150	0
5151	0
5152	2
5153	1
5154	2
5155	3
5156	4
5157	0
5158	1
5159	0
5160	0
5161	1
5162	2
5163	5
5164	0
5165	3
5166	1
5167	2
5168	0
5169	1
5170	0
5171	0
5172	2
5173	3
5174	1
5175	4
5176	1
5177	2
5178	4
5179	0
5180	6
5181	4
5182	5
5183	1,6
5184	3
5185	3
5186	2
5187	3
5188	1
5189	0
5190	2
5191	1
5192	5
5193	1
5194	0
5195	0
5196	6
5197	1
5198	3
5199	1
5200	3
5201	8
5202	0
5203	0
5204	0
5205	0
5206	2
5207	0
5208	0
5209	2
5210	2
5211	0
5212	0
5213	2
5214	5
5215	2
5216	0
5217	2
5218	3
5219	1
5220	0
5221	3
5222	4,5
5223	1
5224	1
5225	0
5226	1
5227	1
5228	0
5229	1
5230	0
5231	4
5232	1
5233	5
5234	0
5235	2
5236	3
5237	1
5238	2
5239	3
5240	0
5241	4
5242	2
5243	0
5244	0
5245	2
5246	0
5247	3
5248	2
5249	2
5250	2
5251	2
5252	3,7
5253	1
5254	1
5255	0
5256	0
5257	2
5258	0
5259	1
5260	0
5261	0
5262	0
5263	2,5
5264	2
5265	3,6
5266	0
5267	2
5268	1
5269	0
5270	0
5271	0
5272	4
5273	2
5274	9
5275	9
5276	3
5277	0
5278	0
5279	0
5280	0
5281	0
5282	2
5283	1
5284	2,8
5285	1
5286	3
5287	1
5288	5
5289	0
5290	1
5291	4
5292	2
5293	0
5294	2
5295	0
5296	2
5297	0
5298	1
5299	3
5300	2
5301	0
5302	2
5303	2
5304	7
5305	1
5306	0
5307	7
5308	1
5309	6
5310	4
5311	0
5312	1
5313	5
5314	3
5315	0
5316	9
5317	3
5318	1
5319	1
5320	0
5321	4
5322	2
5323	0
5324	1
5325	1
5326	1
5327	0
5328	1
5329	1
5330	0
5331	4
5332	9
5333	4
5334	3
5335	4
5336	6
5337	0
5338	6,9
5339	2
5340	5
5341	6
5342	0
5343	1
5344	2
5345	6
5346	1
5347	2
5348	3
5349	6
5350	0
5351	0
5352	1
5353	0
5354	0
5355	0
5356	6
5357	0
5358	5
5359	0
5360	5
5361	4
5362	0
5363	4
5364	2
5365	1
5366	4
5367	0
5368	5
5369	1
5370	1
5371	2
5372	2
5373	1
5374	0,9
5375	4
5376	2
5377	3
5378	2
5379	2
5380	3
5381	2
5382	0
5383	0
5384	1
5385	0
5386	4
5387	1
5388	3
5389	0
5390	3
5391	3
5392	0
5393	4
5394	2
5395	0
5396	1
5397	1
5398	1
5399	1
5400	1
5401	1
5402	1
5403	1
5404	1
5405	7
5406	2
5407	5
5408	0
5409	0
5410	9
5411	4
5412	4
5413	3
5414	1
5415	1
5416	1
5417	0
5418	4
5419	1
5420	0
5421	1
5422	1
5423	2
5424	0
5425	1
5426	3
5427	3
5428	1
5429	1
5430	4
5431	1
5432	0
5433	2
5434	3
5435	1
5436	1
5437	4
5438	1
5439	1
5440	2
5441	0
5442	0
5443	6
5444	2
5445	4
5446	0
5447	0
5448	1
5449	0
5450	0
5451	2,8
5452	5
5453	5
5454	2
5455	1
5456	1
5457	1
5458	2
5459	2,7
5460	0
5461	0
5462	8
5463	3
5464	3
5465	1
5466	1
5467	4
5468	1
5469	0
5470	1
5471	5
5472	8
5473	3
5474	1
5475	4
5476	4
5477	8
5478	1
5479	3
5480	5
5481	5
5482	3
5483	0
5484	2
5485	0
5486	2
5487	9
5488	6
5489	0
5490	0
5491	0
5492	4
5493	2
5494	6
5495	1
5496	3
5497	0
5498	0
5499	5
5500	5
5501	1
5502	0
5503	4
5504	1
5505	0
5506	1
5507	0
5508	0
5509	2
5510	1
5511	3
5512	0
5513	4
5514	3
5515	0
5516	4
5517	1
5518	6
5519	2
5520	8
5521	6
5522	2
5523	2
5524	0
5525	4
5526	3
5527	3
5528	2
5529	0
5530	3
5531	2
5532	3
5533	4
5534	4
5535	1
5536	1
5537	3
5538	5
5539	2
5540	6
5541	0
5542	1
5543	0
5544	1
5545	0
5546	0
5547	0
5548	0
5549	1
5550	1
5551	1
5552	0
5553	0
5554	0
5555	3
5556	2
5557	7
5558	1
5559	0
5560	7
5561	7
5562	2
5563	3
5564	0
5565	1
5566	0
5567	6
5568	1
5569	0
5570	9
5571	3
5572	5
5573	0
5574	5
5575	0
5576	8
5577	2
5578	2
5579	1
5580	0
5581	0
5582	5
5583	7
5584	0
5585	1
5586	3,6
5587	6
5588	0
5589	3
5590	1
5591	9
5592	0,6
5593	2
5594	2
5595	6
5596	1
5597	3
5598	0
5599	0
5600	1
5601	1
5602	3
5603	4
5604	1,8
5605	7
5606	2
5607	1
5608	0
5609	0
5610	1
5611	1
5612	0
5613	0
5614	2
5615	0
5616	2
5617	3
5618	5
5619	4
5620	0
5621	0
5622	3
5623	0
5624	3
5625	3
5626	7
5627	3
5628	0
5629	1
5630	6
5631	2
5632	0
5633	1
5634	4
5635	3
5636	0
5637	7
5638	0
5639	0
5640	3
5641	0
5642	0
5643	0
5644	0
5645	5
5646	5
5647	3
5648	2
5649	1,7
5650	0
5651	1
5652	2
5653	0
5654	4
5655	0
5656	1
5657	3
5658	6
5659	3
5660	2
5661	4
5662	1
5663	0
5664	2
5665	1
5666	1
5667	0
5668	3
5669	1
5670	4
5671	1
5672	5
5673	0
5674	1
5675	1
5676	1
5677	2
5678	1
5679	1
5680	1
5681	1
5682	0
5683	0
5684	3
5685	1
5686	2
5687	0
5688	2
5689	0
5690	2
5691	4
5692	4
5693	5
5694	0
5695	9
5696	0
5697	2
5698	0
5699	1
5700	2
5701	2
5702	8
5703	3
5704	0
5705	3
5706	9
5707	5
5708	2
5709	0
5710	8
5711	7
5712	2
5713	1
5714	0
5715	3
5716	1
5717	4
5718	1
5719	1
5720	4
5721	0
5722	4
5723	1
5724	0
5725	0
5726	0
5727	1
5728	8
5729	6
5730	8
5731	0
5732	5
5733	6
5734	0
5735	0
5736	0
5737	6
5738	0
5739	4
5740	2
5741	1
5742	0
5743	0
5744	3
5745	1
5746	8
5747	0
5748	1
5749	0
5750	0
5751	5
5752	5
5753	0
5754	5
5755	1
5756	3
5757	1
5758	5
5759	5
5760	1
5761	0
5762	0
5763	1
5764	1
5765	0
5766	0
5767	5
5768	3,8
5769	5
5770	0
5771	2
5772	0
5773	1
5774	1
5775	0
5776	0
5777	1
5778	5
5779	0
5780	0
5781	2
5782	4
5783	2,8
5784	3
5785	5
5786	3,5
5787	3
5788	1
5789	2
5790	2
5791	0
5792	1
5793	3
5794	0
5795	2
5796	4
5797	7
5798	1
5799	0
5800	3
5801	5
5802	1
5803	4
5804	2
5805	1
5806	4
5807	2
5808	2
5809	7
5810	3
5811	0
5812	0
5813	2
5814	2
5815	0
5816	1
5817	1
5818	7
5819	1
5820	2
5821	3
5822	3
5823	3
5824	1
5825	3
5826	1
5827	1
5828	1
5829	0
5830	6
5831	0
5832	4
5833	2
5834	1
5835	1
5836	1
5837	5
5838	0
5839	0
5840	0
5841	0
5842	0
5843	0
5844	0
5845	3
5846	0
5847	1
5848	2
5849	4
5850	1
5851	1
5852	0
5853	9
5854	2
5855	0
5856	2
5857	0
5858	3
5859	3
5860	2
5861	1
5862	1
5863	1
5864	2,9
5865	0
5866	0
5867	4
5868	1
5869	5
5870	1
5871	0
5872	1
5873	1
5874	8
5875	5
5876	0
5877	8
5878	4
5879	3
5880	1
5881	2
5882	3,9
5883	3
5884	2
5885	3
5886	0
5887	4
5888	0
5889	3
5890	8
5891	5
5892	0
5893	7
5894	4,8
5895	2
5896	2
5897	0
5898	4
5899	1
5900	1
5901	1
5902	2
5903	2
5904	0
5905	0
5906	1
5907	3
5908	3
5909	3
5910	1
5911	2
5912	7
5913	1
5914	5
5915	3
5916	1
5917	6
5918	7
5919	0
5920	1
5921	2
5922	1
5923	0
5924	5
5925	0
5926	5
5927	6
5928	2
5929	7
5930	0
5931	0
5932	3
5933	2
5934	2
5935	0
5936	3
5937	1
5938	5
5939	1
5940	0
5941	0
5942	0
5943	4
5944	3,9
5945	1
5946	3
5947	0
5948	0
5949	2
5950	2
5951	2
5952	4
5953	4
5954	0
5955	7
5956	3
5957	1
5958	3
5959	4
5960	1
5961	1
5962	4,8
5963	1
5964	2
5965	5
5966	5
5967	3
5968	5
5969	0
5970	4
5971	2
5972	0
5973	7
5974	0
5975	6
5976	5
5977	0
5978	2
5979	4
5980	8
5981	0
5982	0
5983	1
5984	8
5985	0
5986	3
5987	0
5988	1
5989	0
5990	7
5991	0
5992	3
5993	4
5994	6
5995	1
5996	3
5997	1
5998	0
5999	1
6000	1
6001	0
6002	8
6003	0
6004	3
6005	0
6006	5
6007	1
6008	0
6009	0
6010	0
6011	0
6012	1
6013	7
6014	1
6015	0
6016	0
6017	6
6018	1
6019	3
6020	0
6021	0
6022	1
6023	3
6024	1
6025	3
6026	0
6027	1
6028	4
6029	2
6030	3
6031	1
6032	1
6033	1
6034	4
6035	1
6036	0
6037	2
6038	0
6039	4
6040	0
6041	1
6042	0
6043	3
6044	6
6045	5
6046	2
6047	2
6048	0
6049	0
6050	2
6051	2
6052	4
6053	2,7,8
6054	2
6055	1
6056	0
6057	0
6058	3
6059	1
6060	1
6061	4
6062	1
6063	1
6064	3
6065	1
6066	3
6067	1
6068	7
6069	2
6070	4
6071	1
6072	0
6073	1
6074	1
6075	0
6076	2
6077	0
6078	0
6079	2
6080	0
6081	1
6082	0
6083	2,9
6084	0
6085	1
6086	3
6087	5
6088	1
6089	1
6090	1
6091	7
6092	0
6093	0
6094	2
6095	1
6096	8
6097	4
6098	3
6099	4
6100	5
6101	0
6102	0
6103	1
6104	0
6105	0
6106	1
6107	2
6108	0
6109	6
6110	0
6111	0
6112	3
6113	0
6114	2
6115	0
6116	4
6117	6
6118	3
6119	0
6120	2
6121	0
6122	5
6123	0
6124	2
6125	6
6126	0
6127	1
6128	3
6129	1
6130	1
6131	3
6132	0
6133	1
6134	5,9
6135	2
6136	1
6137	0
6138	5
6139	4
6140	1
6141	5
6142	1
6143	0
6144	2
6145	1
6146	1,6,9
6147	4,8
6148	0
6149	4
6150	3
6151	2
6152	4
6153	0
6154	5
6155	2
6156	1
6157	0
6158	3
6159	4
6160	0
6161	1
6162	8
6163	6
6164	0
6165	1
6166	2
6167	4
6168	4
6169	1
6170	1
6171	3
6172	2
6173	4
6174	1
6175	1
6176	3
6177	1
6178	2
6179	0
6180	2
6181	1
6182	0
6183	6
6184	5
6185	4
6186	5
6187	0
6188	1
6189	3
6190	1
6191	1
6192	7
6193	2,3,4,5,6,7,9
6194	2
6195	2
6196	2,3,6,7,8
6197	3,8
6198	0,1,2,3,4,5,6,7,8,9
6199	0,1,2,3,4,5,6,7,8,9
6200	0
6201	0
6202	0
6203	0
6204	0
6205	2
6206	2
6207	2
6208	2
6209	2
6210	6
6211	6
6212	6
6213	6
6214	6
6215	9
6216	9
6217	9
6218	9
6219	9
6220	8
6221	8
6222	8
6223	8
6224	8
