ATT0(float,1);ATT1(float,10);ATT2(string,10);
0.417;0.109,0.633,0.176,0.93,0.652,0.245,0.502,0.273,0.973,0.0375;aaaaaaa;
0.326;0.395,0.337,0.967,0.669,0.222,0.411,0.536,0.602,0.812,0.398;aaaaaaaaaa;
0.337;0.0485,0.114,0.941,0.547,0.0695,0.404,0.0999,0.88,0.484,0.936;aaaa;
0.321;0.551,0.301,0.786,0.195,0.892,0.311,0.291,0.86,0.92,0.166;a;
0.583;0.513,0.621,0.961,0.703,0.624,0.609,0.198,0.627,0.19,0.215;aaaaaaaaa;
0.18;0.575,0.892,0.669,0.682,0.558,0.926,0.454,0.779,0.425,0.0501;aaaaaaa;
0.634;0.106,0.0891,0.331,0.184,0.607,0.075,0.687,0.535,0.0415,0.106;aa;
0.464;0.42,0.703,0.166,0.183,0.192,0.308,0.145,0.161,0.206,0.742;aaaaaa;
0.356;0.846,0.709,0.0594,0.612,0.908,0.771,0.229,0.358,0.649,0.749;a;
0.862;0.223,0.304,0.699,0.491,0.4,0.746,0.765,0.215,0.498,0.794;aaaaaa;
0.0575;0.29,0.261,0.417,0.0659,0.172,0.062,0.54,0.317,0.52,0.861;aaaaaaaaaa;
0.361;0.652,0.0348,0.629,0.814,0.304,0.0837,0.514,0.797,0.121,0.93;aaaaaaaaaa;
0.27;0.392,0.092,0.246,0.687,0.665,0.227,0.751,0.594,0.419,0.226;aaa;
0.227;0.182,0.291,0.496,0.494,0.752,0.876,0.355,0.925,0.258,0.846;aaaaaaa;
0.104;0.686,0.257,0.299,0.288,0.0853,0.0669,0.201,0.214,0.243,0.351;aa;
0.959;0.882,0.349,0.0745,0.836,0.825,0.831,0.501,0.589,0.484,0.095;aa;
0.495;0.0868,0.169,0.738,0.0709,0.179,0.05,0.675,0.606,0.735,0.113;aaaaaa;
0.0133;0.796,0.888,0.996,0.894,0.533,0.93,0.697,0.146,0.0804,0.618;aaa;
0.234;0.702,0.164,0.348,0.844,0.455,0.656,0.506,0.221,0.344,0.219;aaaaaaaaaa;
0.613;0.479,0.214,0.237,0.427,0.211,0.015,0.644,0.145,0.0724,0.296;aaa;
0.94;0.486,0.497,0.648,0.667,0.427,0.103,0.647,0.131,0.299,0.525;aaaaaaa;
0.281;0.588,0.541,0.383,0.681,0.945,0.579,0.585,0.841,0.54,0.158;aaaaa;
0.384;0.872,0.954,0.353,0.0667,0.0659,0.23,0.845,0.209,0.471,0.958;aaaaaaaa;
0.856;0.331,0.773,0.266,0.976,0.876,0.358,0.812,0.678,0.98,0.0425;aaaaaaaaaa;
0.505;0.427,0.686,0.856,0.494,0.0369,0.871,0.0658,0.597,0.127,0.717;aaaaaa;
0.601;0.0548,0.181,0.56,0.422,0.679,0.128,0.156,0.924,0.468,0.232;aaaaaaaa;
0.528;0.676,0.442,0.738,0.91,0.722,0.853,0.182,0.0839,0.678,0.206;aaaaaa;
0.397;0.166,0.16,0.0417,0.853,0.117,0.0584,0.485,0.52,0.0368,0.0937;aaaaaa;
0.0104;0.308,0.363,0.131,0.955,0.768,0.851,0.356,0.103,0.443,0.0426;aaaaa;
0.714;0.436,0.375,0.59,0.406,0.752,0.582,0.416,0.798,0.365,0.453;aaaaa;
0.827;0.278,0.131,0.552,0.786,0.984,0.608,0.967,0.31,0.469,0.0358;aaaaaaa;
0.365;0.763,0.378,0.308,0.254,0.205,0.153,0.262,0.226,0.37,0.294;a;
0.381;0.509,0.382,0.226,0.104,0.604,0.532,0.485,0.796,0.26,0.566;aa;
0.235;0.8,0.43,0.812,0.254,0.671,0.0632,0.814,0.171,0.258,0.961;aaaaaaaa;
0.0361;0.85,0.404,0.749,0.459,0.79,0.888,0.737,0.801,0.0169,0.582;aaa;
0.77;0.471,0.596,0.923,0.462,0.98,0.466,0.331,0.454,0.356,0.219;aaaa;
0.872;0.113,0.688,0.055,0.601,0.428,0.624,0.981,0.405,0.331,0.826;aaaaaa;
0.0369;0.973,0.677,0.708,0.825,0.502,0.635,0.765,0.75,0.0812,0.247;aaa;
0.43;0.962,0.361,0.769,0.593,0.906,0.158,0.394,0.754,0.355,0.918;aaa;
0.295;0.0384,0.92,0.367,0.672,0.618,0.535,0.728,0.268,0.0319,0.846;aaa;
0.929;0.784,0.445,0.361,0.661,0.45,0.547,0.967,0.904,0.402,0.52;aa;
0.411;0.738,0.589,0.113,0.256,0.556,0.438,0.795,0.95,0.879,0.111;aaa;
0.887;0.64,0.491,0.748,0.371,0.966,0.983,0.543,0.599,0.997,0.232;aaaaaa;
0.266;0.811,0.551,0.207,0.719,0.0595,0.757,0.592,0.0948,0.313,0.97;aaaaaaaaa;
0.734;0.0176,0.831,0.115,0.324,0.751,0.909,0.606,0.641,0.771,0.243;aaaaaaaa;
0.745;0.368,0.0341,0.552,0.434,0.998,0.34,0.612,0.143,0.853,0.0376;aaa;
0.481;0.174,0.0841,0.657,0.751,0.676,0.451,0.592,0.778,0.234,0.448;aaaaaaa;
0.831;0.33,0.411,0.73,0.066,0.0931,0.107,0.0698,0.403,0.953,0.191;aaaaaaaaaa;
0.341;0.68,0.17,0.561,0.651,0.738,0.529,0.617,0.265,0.0681,0.0868;aaaaaa;
0.14;0.203,0.628,0.633,0.276,0.675,0.618,0.00136,0.974,0.00124,0.714;aaaaaaa;
0.279;0.886,0.661,0.325,0.787,0.275,0.498,0.109,0.186,0.268,0.104;aaaaaaa;
0.39;0.0612,0.199,0.134,0.943,0.0715,0.846,0.823,0.611,0.41,0.3;aaaaaaa;
0.691;0.479,0.157,0.782,0.202,0.298,0.48,0.178,0.795,0.296,0.322;aaaaaa;
0.0967;0.802,0.648,0.358,0.264,0.984,0.265,0.0716,0.415,0.189,0.583;a;
0.969;0.352,0.594,0.0325,0.366,0.0403,0.41,0.613,0.426,0.761,0.981;aaaaaaaaa;
0.916;0.101,0.611,0.377,0.0514,0.7,0.97,0.292,0.0835,0.83,0.329;a;
0.474;0.157,0.603,0.886,0.213,0.0868,0.895,0.159,0.103,0.475,0.0502;aaa;
0.564;0.603,0.823,0.238,0.29,0.359,0.546,0.209,0.109,0.595,0.591;aaa;
0.72;0.05,0.273,0.554,0.425,0.525,0.278,0.816,0.0975,0.208,0.602;a;
0.253;0.93,0.726,0.245,0.496,0.477,0.103,0.967,0.19,0.311,0.509;aaaaaaaa;
0.337;0.178,0.114,0.86,0.536,0.227,0.464,0.25,0.148,0.489,0.198;aaaaa;
0.473;0.339,0.839,0.547,0.152,0.255,0.273,0.463,0.555,0.112,0.875;aaaaaaa;
0.69;0.326,0.743,0.552,0.12,0.168,0.52,0.714,0.412,0.637,0.681;aaaaa;
0.212;0.991,0.832,0.373,0.365,0.677,0.998,0.947,0.512,0.239,0.965;a;
0.326;0.759,0.59,0.459,0.412,0.0617,0.53,0.0981,0.371,0.0367,0.914;aaa;
0.995;0.147,0.697,0.227,0.789,0.585,0.386,0.568,0.117,0.502,0.936;aaaa;
0.445;0.545,0.615,0.11,0.73,0.974,0.986,0.835,0.533,0.647,0.973;aaaaaaaaaa;
0.635;0.386,0.217,0.522,0.274,0.785,0.888,0.113,0.969,0.116,0.257;a;
0.813;0.478,0.854,0.194,0.976,0.697,0.921,0.453,0.69,0.95,0.931;aaa;
0.525;0.523,0.86,0.84,0.627,0.998,0.582,0.252,0.67,0.941,0.774;aaaaaa;
0.226;0.966,0.915,0.966,0.712,0.867,0.422,0.829,0.791,0.871,0.943;aaaaaaa;
0.347;0.454,0.104,0.642,0.999,0.947,0.997,0.673,0.0644,0.936,0.804;aaaa;
0.199;0.673,0.834,0.00309,0.806,0.484,0.386,0.129,0.29,0.566,0.0638;a;
0.933;0.117,0.724,0.848,0.343,0.217,0.601,0.42,0.161,0.898,0.285;a;
0.603;0.41,0.667,0.224,0.019,0.78,0.478,0.169,0.904,0.366,0.974;aa;
0.53;0.522,0.587,0.835,0.537,0.949,0.53,0.107,0.103,0.203,0.73;aaaaaaaa;
0.885;0.327,0.286,0.48,0.259,0.549,0.588,0.986,0.328,0.967,0.398;aaaaaaaa;
0.0523;0.864,0.904,0.349,0.334,0.241,0.829,0.409,0.343,0.207,0.973;aaaaaaaaa;
0.14;0.779,0.121,0.0808,0.543,0.102,0.557,0.507,0.639,0.475,0.519;aaaaaaaaaa;
0.0351;0.257,0.796,0.816,0.671,0.498,0.233,0.441,0.213,0.813,0.244;aaaaaaaaaa;
0.224;0.614,0.447,0.423,0.789,0.0831,0.845,0.719,0.231,0.0584,0.13;a;
0.996;0.291,0.211,0.233,0.557,0.598,0.11,0.615,0.197,0.707,0.769;aaaaaa;
0.572;0.197,0.0989,0.886,0.768,0.195,0.977,0.104,0.499,0.0846,0.417;aaa;
0.628;0.53,0.926,0.733,0.185,0.158,0.277,0.148,0.147,0.00842,0.0223;a;
0.496;0.745,0.323,0.0646,0.0593,0.337,0.249,0.278,0.484,0.46,0.204;aaaaaa;
0.277;0.264,0.218,0.611,0.696,0.275,0.684,0.485,0.401,0.481,0.0448;aaa;
0.537;0.596,0.273,0.189,0.754,0.718,0.188,0.17,0.436,0.575,0.51;aaaaaaa;
0.334;0.667,0.938,0.591,0.603,0.979,0.0564,0.278,0.53,0.555,0.494;a;
0.66;0.177,0.271,0.0528,0.979,0.511,0.766,0.14,0.354,0.788,0.846;aaaaaaa;
0.0643;0.673,0.973,0.123,0.00247,0.302,0.89,0.0309,0.946,0.351,0.908;aaa;
0.153;0.929,0.255,0.531,0.155,0.835,0.565,0.704,0.137,0.933,0.0387;aaaaa;
0.0824;0.335,0.645,0.102,0.775,0.554,0.0224,0.239,0.871,0.873,0.82;a;
0.902;0.689,0.42,0.0814,0.399,0.136,0.778,0.57,0.52,0.915,0.984;aaa;
0.915;0.623,0.117,0.0541,0.695,0.534,0.375,0.963,0.759,0.399,0.503;aaaaaaaa;
0.264;0.252,0.0517,0.532,0.283,0.63,0.455,0.532,0.229,0.017,0.534;aaaaaaa;
0.737;0.133,0.0765,0.0202,0.728,0.29,0.255,0.363,0.608,0.235,0.389;aaaaaa;
0.809;0.503,0.661,0.87,0.426,0.982,0.537,0.0461,0.612,0.712,0.494;aaaaaaaaa;
0.295;0.133,0.118,0.743,0.17,0.177,0.99,0.281,0.547,0.655,0.846;aaaaaaaa;
0.834;0.593,0.3,0.513,0.0339,0.527,0.74,0.475,0.645,0.804,0.988;aaaaaaaa;
0.0176;0.582,0.203,0.222,0.989,0.0357,0.362,0.886,0.51,0.095,0.809;aaaaaaaaaa;
0.378;0.563,0.614,0.514,0.709,0.686,0.235,0.358,0.211,0.481,0.859;aaa;
0.349;0.566,0.441,0.181,0.294,0.129,0.683,0.333,0.212,0.552,0.413;aaa;
0.542;0.479,0.324,0.629,0.136,0.702,0.267,0.845,0.574,0.0354,0.538;aaaaaaaaaa;
0.528;0.227,0.0208,0.91,0.876,0.223,0.255,0.457,0.297,0.963,0.247;aaaa;
0.802;0.416,0.935,0.0546,0.227,0.654,0.923,0.455,0.982,0.0723,0.296;aa;
0.0532;0.118,0.689,0.4,0.354,0.0736,0.271,0.796,0.62,0.401,0.049;aaaaaa;
0.0802;0.202,0.0506,0.64,0.777,0.246,0.865,0.287,0.663,0.616,0.359;aaaaaaa;
0.731;0.0859,0.155,0.938,0.886,0.584,0.943,0.841,0.495,0.917,0.679;aaaaa;
0.813;0.604,0.652,0.54,0.342,0.412,0.088,0.418,0.955,0.584,0.792;aaaaa;
0.125;0.464,0.675,0.157,0.513,0.15,0.97,0.293,0.755,0.562,0.487;a;
0.548;0.278,0.99,0.0624,0.912,0.91,0.764,0.329,0.75,0.51,0.514;a;
0.214;0.516,0.963,0.582,0.576,0.4,0.373,0.0281,0.893,0.412,0.868;aaaaaaa;
0.79;0.294,0.237,0.987,0.302,0.899,0.824,0.618,0.466,0.828,0.975;aa;
0.916;0.778,0.14,0.823,0.432,0.498,0.137,0.258,0.432,0.876,0.837;aaaaaaaa;
0.538;0.0726,0.279,0.193,0.319,0.246,0.164,0.328,0.802,0.0311,0.0883;aaaaaaa;
0.0806;0.57,0.493,0.611,0.408,0.794,0.666,0.952,0.821,0.916,0.943;a;
0.525;0.71,0.615,0.519,0.614,0.654,0.686,0.748,0.745,0.0486,0.698;aaaaa;
0.889;0.95,0.851,0.0201,0.732,0.767,0.85,0.0872,0.642,0.758,0.194;aaaa;
0.39;0.258,0.0466,0.027,0.816,0.998,0.111,0.681,0.902,0.982,0.905;aaaaaa;
0.211;0.389,0.155,0.319,0.842,0.0456,0.612,0.0822,0.771,0.31,0.242;aaa;
0.576;0.698,0.675,0.203,0.868,0.484,0.985,0.951,0.519,0.99,0.134;aaa;
0.569;0.638,0.778,0.334,0.926,0.0978,0.24,0.455,0.475,0.482,0.951;a;
0.562;0.36,0.469,0.779,0.983,0.154,0.506,0.151,0.931,0.963,0.183;aaaaaaaaaa;
0.613;0.51,0.145,0.734,0.896,0.973,0.319,0.0858,0.54,0.17,0.668;aaaaaaaaaa;
0.375;0.0593,0.748,0.866,0.729,0.106,0.12,0.525,0.87,0.347,0.483;aaaaaaa;
0.458;0.241,0.44,0.528,0.0458,0.982,0.332,0.0576,0.787,0.0196,0.688;aa;
0.996;0.529,0.576,0.453,0.943,0.958,0.916,0.419,0.807,0.568,0.816;aaaaaaa;
0.769;0.8,0.201,0.173,0.0273,0.317,0.938,0.713,0.853,0.162,0.0625;aa;
0.325;0.878,0.158,0.875,0.915,0.654,0.656,0.254,0.0845,0.204,0.0494;aaaaaaaa;
0.495;0.0976,0.0541,0.0132,0.669,0.171,0.255,0.0443,0.443,0.919,0.652;aaaaaaaaa;
0.15;0.779,0.986,0.445,0.505,0.704,0.507,0.0866,0.816,0.484,0.401;aaaaaa;
0.803;0.429,0.887,0.877,0.259,0.89,0.931,0.476,0.501,0.978,0.175;aaaaa;
0.387;0.176,0.55,0.831,0.0882,0.245,0.779,0.132,0.232,0.469,0.4;aaaaaaaaaa;
0.633;0.617,0.91,0.713,0.303,0.557,0.11,0.848,0.247,0.0669,0.918;aaaaaaaaaa;
0.207;0.812,0.399,0.377,0.403,0.712,0.196,0.111,0.626,0.0538,0.505;aaaaaa;
0.486;0.0197,0.625,0.243,0.195,0.946,0.84,0.191,0.652,0.131,0.0305;aaaaaaa;
0.807;0.533,0.503,0.402,0.768,0.379,0.795,0.498,0.699,0.272,0.637;a;
0.563;0.041,0.358,0.551,0.369,0.656,0.637,0.561,0.264,0.0503,0.474;aa;
0.318;0.704,0.753,0.819,0.401,0.749,0.173,0.129,0.913,0.0815,0.847;a;
0.97;0.339,0.239,0.246,0.789,0.762,0.636,0.0652,0.866,0.932,0.853;aa;
0.319;0.994,0.847,0.689,0.177,0.842,0.899,0.229,0.565,0.944,0.822;aaaaaaaaaa;
0.832;0.0774,0.331,0.688,0.835,0.581,0.925,0.981,0.141,0.0704,0.315;aaaaa;
0.544;0.172,0.244,0.682,0.00962,0.872,0.476,0.776,0.931,0.553,0.391;aaaa;
0.0309;0.703,0.0817,0.649,0.92,0.501,0.245,0.537,0.771,0.675,0.738;aaaaaaa;
0.695;0.104,0.788,0.338,0.194,0.363,0.161,0.0103,0.0529,0.496,0.194;aaaa;
0.191;0.59,0.855,0.331,0.269,0.134,0.301,0.201,0.0272,0.892,0.285;aaa;
0.442;0.935,0.239,0.659,0.336,0.505,0.634,0.628,0.698,0.202,0.955;aaaaaaaa;
0.16;0.263,0.369,0.582,0.336,0.31,0.23,0.791,0.48,0.591,0.398;aaaaaa;
0.0895;0.882,0.142,0.108,0.637,0.272,0.949,0.119,0.41,0.953,0.32;aaaaaa;
0.8;0.0438,0.335,0.93,0.962,0.0747,0.104,0.207,0.71,0.365,0.971;aaaaaaaa;
0.746;0.631,0.301,0.666,0.164,0.705,0.629,0.128,0.936,0.702,0.903;aaaa;
0.55;0.272,0.701,0.805,0.0288,0.0976,0.544,0.899,0.199,0.272,0.261;aaaaa;
0.148;0.198,0.11,0.535,0.345,0.568,0.522,0.62,0.628,0.389,0.37;aaaaaa;
0.313;0.47,0.174,0.333,0.371,0.921,0.543,0.662,0.19,0.118,0.112;aaaaaaaaa;
0.369;0.00482,0.448,0.986,0.0426,0.452,0.795,0.906,0.114,0.342,0.46;aaaaaaaaaa;
0.345;0.695,0.87,0.225,0.233,0.913,0.703,0.219,0.657,0.575,0.879;aaaa;
0.51;0.796,0.33,0.376,0.898,0.347,0.706,0.655,0.825,0.829,0.463;aaaaaa;
0.2;0.381,0.862,0.658,0.0886,0.345,0.598,0.0905,0.434,0.239,0.0356;aaaaaaaaa;
0.0105;0.948,0.308,0.253,0.345,0.445,0.459,0.351,0.0471,0.896,0.26;aaaaaaaaa;
0.956;0.781,0.0249,0.951,0.6,0.926,0.933,0.297,0.439,0.856,0.321;aaaaaa;
0.114;0.489,0.541,0.392,0.894,0.608,0.523,0.363,0.336,0.781,0.923;aaaaaaaaaa;
0.125;0.614,0.676,0.343,0.581,0.127,0.823,0.211,0.645,0.989,0.339;aaaa;
0.213;0.904,0.939,0.642,0.0913,0.556,0.239,0.0835,0.403,0.541,0.444;a;
0.668;0.164,0.122,0.659,0.157,0.929,0.427,0.591,0.274,0.943,0.526;aaaaaaa;
0.3;0.202,0.546,0.432,0.472,0.924,0.143,0.525,0.0894,0.938,0.517;aaaaaaaaaa;
0.681;0.155,0.31,0.468,0.0729,0.261,0.826,0.324,0.275,0.71,0.228;aa;
0.939;0.0139,0.533,0.71,0.0373,0.775,0.179,0.584,0.401,0.554,0.901;aaaa;
0.288;0.718,0.0388,0.389,0.0047,0.00182,0.316,0.897,0.729,0.907,0.634;aaaaaaa;
0.975;0.427,0.577,0.538,0.475,0.161,0.372,0.574,0.482,0.614,0.497;aaaaa;
0.671;0.562,0.461,0.535,0.768,0.117,0.984,0.105,0.76,0.491,0.942;aaaa;
0.664;0.538,0.0975,0.775,0.368,0.962,0.945,0.562,0.653,0.804,0.651;aaaaa;
0.45;0.505,0.899,0.14,0.594,0.101,0.453,0.482,0.612,0.674,0.265;aaaaaaaaaa;
0.779;0.529,0.517,0.534,0.253,0.022,0.468,0.559,0.0928,0.635,0.991;aaaaa;
0.679;0.4,0.98,0.821,0.0862,0.442,0.105,0.906,0.986,0.859,0.112;aaaaaa;
0.0299;0.485,0.757,0.703,0.309,0.972,0.538,0.483,0.641,0.271,0.00686;aaaaaa;
0.0229;0.843,0.452,0.789,0.234,0.351,0.0433,0.514,0.511,0.421,0.569;aaaaaaaaa;
0.716;0.569,0.947,0.73,0.76,0.408,0.767,0.641,0.331,0.102,0.114;aaaaa;
0.749;0.996,0.337,0.366,0.481,0.824,0.127,0.119,0.399,0.701,0.785;aaaaa;
0.139;0.804,0.35,0.377,0.434,0.243,0.795,0.689,0.87,0.549,0.119;aaaaaaaa;
0.942;0.315,0.847,0.726,0.537,0.581,0.4,0.614,0.294,0.585,0.317;aaaaaa;
0.58;0.0246,0.0199,0.465,0.235,0.311,0.709,0.374,0.877,0.564,0.38;a;
0.288;0.283,0.525,0.747,0.115,0.611,0.46,0.739,0.106,0.0732,0.313;aaaaa;
0.474;0.558,0.592,0.0266,0.597,0.535,0.79,0.956,0.466,0.148,0.649;a;
0.65;0.935,0.386,0.644,0.853,0.421,0.604,0.279,0.622,0.044,0.811;aaaaa;
0.662;0.91,0.56,0.598,0.919,0.306,0.0119,0.456,0.164,0.889,0.327;aaaaaaaaaa;
0.233;0.574,0.801,0.161,0.981,0.177,0.512,0.917,0.47,0.833,0.973;aaaaaaaa;
0.53;0.231,0.461,0.105,0.194,0.165,0.703,0.855,0.778,0.632,0.321;aaaaaaaaaa;
0.261;0.824,0.441,0.321,0.351,0.885,0.411,0.445,0.673,0.414,0.733;aaaaaaaaa;
0.695;0.316,0.393,0.68,0.876,0.761,0.563,0.98,0.178,0.702,0.634;aaaaaa;
0.488;0.0124,0.982,0.303,0.04,0.68,0.928,0.124,0.596,0.561,0.0656;aaaaaa;
0.29;0.402,0.512,0.0927,0.544,0.973,0.977,0.026,0.353,0.969,0.565;aa;
0.178;0.902,0.704,0.496,0.908,0.811,0.103,0.598,0.734,0.291,0.49;aaa;
0.796;0.0406,0.798,0.157,0.804,0.48,0.617,0.581,0.707,0.347,0.663;aaaaaaaaaa;
0.837;0.0213,0.386,0.205,0.741,0.378,0.984,0.25,0.6,0.307,0.364;aaaaaaaaa;
0.407;0.0245,0.0757,0.535,0.931,0.985,0.116,0.353,0.941,0.983,0.478;a;
0.112;0.129,0.609,0.405,0.208,0.746,0.165,0.352,0.847,0.291,0.697;a;
0.202;0.192,0.00296,0.826,0.965,0.26,0.48,0.457,0.677,0.166,0.17;aaaa;
0.0294;0.675,0.346,0.481,0.637,0.0768,0.731,0.652,0.172,0.371,0.27;aaaaaa;
0.472;0.591,0.797,0.695,0.735,0.0472,0.442,0.429,0.905,0.503,0.285;aaa;
0.173;0.141,0.733,0.0293,0.305,0.0296,0.483,0.683,0.74,0.716,0.684;aaaaaaaaaa;
0.471;0.938,0.306,0.672,0.755,0.951,0.733,0.978,0.37,0.0789,0.726;a;
0.886;0.782,0.406,0.666,0.518,0.858,0.645,0.882,0.742,0.579,0.15;a;
0.0089;0.875,0.345,0.754,0.52,0.394,0.906,0.987,0.309,0.00803,0.439;aaa;
0.984;0.386,0.443,0.757,0.28,0.2,0.495,0.442,0.0995,0.548,0.353;aaaaaaaaa;
0.118;0.705,0.289,0.228,0.486,0.389,0.918,0.0608,0.424,0.35,0.712;aaa;
0.574;0.114,0.264,0.375,0.712,0.117,0.558,0.868,0.65,0.393,0.19;aaaaaaa;
0.442;0.183,0.74,0.682,0.849,0.159,0.468,0.799,0.806,0.361,0.621;aaaaaaaaa;
0.543;0.479,0.561,0.339,0.281,0.332,0.524,0.0392,0.387,0.227,0.488;aaa;
0.627;0.484,0.26,0.0953,0.14,0.764,0.387,0.25,0.808,0.713,0.0522;aaaaaa;
0.962;0.632,0.0459,0.556,0.648,0.353,0.972,0.801,0.28,0.491,0.0132;aaaaaaa;
0.241;0.822,0.896,0.779,0.887,0.185,0.645,0.314,0.786,0.36,0.396;aa;
0.916;0.293,0.0826,0.995,0.927,0.225,0.552,0.929,0.742,0.632,0.208;aaaaa;
0.27;0.784,0.655,0.976,0.329,0.383,0.437,0.991,0.773,0.977,0.722;aaaaa;
0.707;0.285,0.584,0.706,0.913,0.399,0.163,0.571,0.144,0.291,0.0338;aaaaaaaa;
0.678;0.906,0.443,0.104,0.0569,0.639,0.277,0.202,0.833,0.569,0.252;aa;
0.844;0.919,0.0107,0.651,0.462,0.624,0.788,0.755,0.0148,0.679,0.316;aaaaaa;
0.191;0.838,0.532,0.733,0.778,0.4,0.647,0.789,0.88,0.845,0.524;aaaaaaaaaa;
0.164;0.331,0.74,0.395,0.844,0.83,0.492,0.429,0.192,0.945,0.209;aaaa;
0.586;0.348,0.889,0.756,0.0171,0.295,0.301,0.188,0.953,0.807,0.131;aaaaaa;
0.702;0.0704,0.93,0.831,0.334,0.0386,0.0327,0.737,0.716,0.998,0.0325;aaaaaa;
0.256;0.763,0.921,0.786,0.231,0.883,0.0453,0.631,0.0481,0.721,0.377;a;
0.765;0.219,0.242,0.812,0.4,0.652,0.402,0.752,0.142,0.232,0.216;aa;
0.0301;0.623,0.354,0.746,0.791,0.702,0.924,0.08,0.0117,0.042,0.838;a;
0.555;0.216,0.81,0.815,0.259,0.222,0.215,0.176,0.995,0.581,0.991;aaaaaaaaaa;
0.0416;0.517,0.793,0.368,0.601,0.0152,0.0516,0.0264,0.467,0.625,0.404;aaa;
0.363;0.674,0.887,0.145,0.449,0.689,0.224,0.117,0.381,0.333,0.994;aaaa;
0.3;0.261,0.544,0.356,0.487,0.173,0.646,0.229,0.433,0.215,0.113;aaaaaaaa;
0.855;0.756,0.286,0.588,0.877,0.264,0.348,0.0746,0.846,0.566,0.977;aaaa;
0.476;0.565,0.444,0.372,0.132,0.74,0.843,0.894,0.54,0.0346,0.892;aaaaaaaaa;
0.0109;0.736,0.551,0.918,0.597,0.375,0.854,0.0136,0.521,0.407,0.0999;aaaa;
0.514;0.608,0.133,0.167,0.215,0.43,0.249,0.608,0.00627,0.294,0.424;aa;
0.725;0.764,0.537,0.61,0.306,0.642,0.481,0.39,0.963,0.193,0.486;a;
0.251;0.625,0.424,0.226,0.332,0.992,0.768,0.445,0.952,0.898,0.602;aaaaaa;
0.503;0.721,0.00901,0.137,0.573,0.249,0.407,0.064,0.962,0.814,0.504;aaaaaaaa;
0.0301;0.474,0.73,0.483,0.687,0.827,0.486,0.812,0.512,0.496,0.213;a;
0.493;0.125,0.491,0.986,0.0291,0.226,0.122,0.453,0.201,0.826,0.297;aaaaaa;
0.173;0.0936,0.0804,0.902,0.487,0.548,0.305,0.37,0.618,0.682,0.331;aaaaaaaaa;
0.346;0.553,0.0665,0.627,0.794,0.812,0.964,0.244,0.291,0.174,0.49;aaaaa;
0.902;0.248,0.52,0.804,0.886,0.808,0.0509,0.772,0.961,0.853,0.542;aa;
0.868;0.744,0.555,0.243,0.809,0.49,0.171,0.988,0.0322,0.511,0.513;aaaaaaa;
0.581;0.718,0.142,0.721,0.0949,0.262,0.649,0.835,0.688,0.112,0.662;aaaaaa;
0.255;0.232,0.309,0.891,0.767,0.791,0.909,0.251,0.6,0.883,0.686;aaaa;
0.566;0.713,0.227,0.76,0.312,0.978,0.0509,0.169,0.617,0.435,0.292;aaaaaaaaa;
0.713;0.781,0.262,0.465,0.388,0.556,0.417,0.26,0.757,0.163,0.396;aaaaa;
0.47;0.835,0.294,0.802,0.731,0.846,0.203,0.471,0.207,0.514,0.868;aaaaaaaaaa;
0.98;0.196,0.6,0.476,0.932,0.484,0.42,0.925,0.715,0.114,0.479;aaaaaaaaa;
0.955;0.866,0.72,0.517,0.326,0.241,0.44,0.94,0.63,0.237,0.729;aaaaaaa;
0.123;0.127,0.372,0.0282,0.996,0.946,0.757,0.258,0.128,0.611,0.415;aaaaaaa;
0.497;0.989,0.561,0.372,0.747,0.165,0.185,0.0708,0.0148,0.736,0.504;aaaaaaaaaa;
0.947;0.0742,0.47,0.455,0.513,0.845,0.358,0.269,0.208,0.802,0.976;aaaaaa;
0.578;0.294,0.23,0.937,0.269,0.321,0.634,0.623,0.929,0.535,0.463;aa;
0.432;0.202,0.409,0.105,0.53,0.0908,0.94,0.856,0.0167,0.469,0.381;aaaaaaaa;
0.516;0.762,0.587,0.437,0.695,0.241,0.704,0.614,0.477,0.572,0.824;a;
0.0825;0.106,0.665,0.0107,0.834,0.364,0.496,0.46,0.705,0.644,0.26;aaaaa;
0.622;0.243,0.047,0.846,0.567,0.447,0.0591,0.595,0.903,0.9,0.434;aaaaa;
0.918;0.284,0.586,0.959,0.739,0.182,0.473,0.598,0.878,0.673,0.0271;aaaaaa;
0.642;0.267,0.404,0.555,0.22,0.235,0.343,0.358,0.378,0.297,0.733;aaaaaaaa;
0.611;0.434,0.933,0.806,0.194,0.892,0.81,0.574,0.225,0.324,0.913;aaaa;
0.175;0.381,0.455,0.749,0.895,0.214,0.00172,0.463,0.876,0.408,0.99;aaaaa;
0.485;0.898,0.618,0.0492,0.283,0.273,0.893,0.0549,0.047,0.439,0.205;aaaa;
0.557;0.0662,0.47,0.385,0.201,0.445,0.58,0.88,0.532,0.954,0.912;aaaaaaa;
0.171;0.4,0.811,0.229,0.274,0.431,0.962,0.648,0.713,0.949,0.844;aaaaaaa;
0.394;0.856,0.932,0.456,0.197,0.59,0.0751,0.236,0.49,0.544,0.212;a;
0.625;0.18,0.385,0.723,0.353,0.207,0.965,0.822,0.91,0.139,0.932;aaaaaaaa;
0.617;0.556,0.164,0.558,0.789,0.744,0.364,0.726,0.869,0.43,0.297;a;
0.604;0.87,0.52,0.547,0.895,0.0458,0.807,0.0659,0.0733,0.0851,0.461;a;
0.262;0.733,0.984,0.163,0.218,0.757,0.697,0.334,0.727,0.506,0.116;aaaaaaaaa;
0.114;0.6,0.398,0.334,0.825,0.961,0.883,0.75,0.508,0.442,0.843;aaaaaaaaa;
0.987;0.7,0.957,0.455,0.341,0.15,0.806,0.822,0.574,0.161,0.61;a;
0.439;0.631,0.874,0.781,0.243,0.392,0.206,0.545,0.315,0.159,0.81;a;
0.588;0.84,0.119,0.634,0.0804,0.87,0.386,0.103,0.0408,7.63e-05,0.618;aaaaaaaaaa;
0.11;0.191,0.991,0.863,0.179,0.0036,0.848,0.474,0.219,0.39,0.495;aaaaaaaaaa;
0.133;0.484,0.345,0.891,0.718,0.475,0.824,0.431,0.41,0.0503,0.609;aa;
0.0126;0.0169,0.302,0.762,0.0662,0.218,0.353,0.369,0.308,0.143,0.831;a;
0.719;0.492,0.826,0.942,0.0341,0.215,0.541,0.112,0.086,0.77,0.25;aaaa;
0.959;0.712,0.143,0.752,0.116,0.835,0.843,0.0706,0.854,0.178,0.669;aa;
0.751;0.0621,0.435,0.365,0.232,0.0535,0.94,0.934,0.617,0.711,0.351;aaaaa;
0.528;0.335,0.36,0.829,0.892,0.527,0.581,0.0982,0.283,0.477,0.102;aaaaaaaa;
0.0421;0.576,0.364,0.982,0.856,0.331,0.000453,0.488,0.78,0.195,0.0145;aaaaaaaa;
0.4;0.61,0.36,0.567,0.877,0.765,0.0971,0.347,0.114,0.552,0.583;aaaaaa;
0.728;0.0558,0.0561,0.975,0.908,0.0533,0.34,0.946,0.434,0.0788,0.000916;aaaaaaaa;
0.376;0.731,0.594,0.608,0.493,0.216,0.761,0.891,0.707,0.273,0.596;aaaaaaa;
0.596;0.0881,0.199,0.82,0.918,0.0656,0.236,0.161,0.0666,0.68,0.861;aaaaaaaaaa;
0.943;0.36,0.481,0.0802,0.151,0.443,0.903,0.603,0.348,0.407,0.228;aaaaaaa;
0.745;0.0708,0.39,0.789,0.978,0.399,0.914,0.689,0.945,0.579,0.0126;aaaaaaa;
0.202;0.448,0.897,0.683,0.865,0.406,0.777,0.824,0.994,0.456,0.335;aaaaaaaaaa;
0.706;0.809,0.351,0.598,0.786,0.194,0.932,0.105,0.649,0.143,0.291;aaaa;
0.382;0.154,0.0482,0.445,0.423,0.206,0.129,0.896,0.725,0.0214,0.834;aaaaaaaa;
0.633;0.877,0.0244,0.998,0.669,0.814,0.065,0.28,0.625,0.268,0.709;aaaaa;
0.503;0.696,0.575,0.399,0.0852,0.702,0.321,0.565,0.817,0.547,0.22;aaaaaaa;
0.238;0.318,0.0527,0.328,0.0873,0.655,0.683,0.557,0.226,0.915,0.89;a;
0.895;0.165,0.516,0.41,0.616,0.707,0.134,0.231,0.285,0.963,0.842;aaaaaa;
0.389;0.887,0.699,0.559,0.188,0.459,0.738,0.989,0.23,0.0561,0.55;aaaa;
0.152;0.955,0.619,0.13,0.46,0.32,0.694,0.86,0.676,0.174,0.93;a;
0.305;0.321,0.0766,0.905,0.122,0.427,0.206,0.0594,0.0109,0.552,0.115;aa;
0.354;0.258,0.559,0.511,0.873,0.448,0.0938,0.508,0.314,0.289,0.951;aaaa;
0.89;0.38,0.00704,0.908,0.595,0.559,0.445,0.00632,0.87,0.739,0.694;a;
0.473;0.73,0.915,0.461,0.362,0.527,0.429,0.751,0.778,0.352,0.131;aaaaa;
0.191;0.811,0.403,0.539,0.0649,0.016,0.444,0.834,0.797,0.276,0.99;a;
0.716;0.149,0.722,0.469,0.146,0.0113,0.61,0.0819,0.0541,0.319,0.189;aaaaaaaaa;
0.226;0.993,0.121,0.878,0.401,0.964,0.982,0.0626,0.617,0.463,0.591;aa;
0.686;0.533,0.843,0.852,0.55,0.272,0.881,0.314,0.541,0.951,0.936;a;
0.531;0.0714,0.0297,0.882,0.704,0.314,0.893,0.568,0.577,0.0221,0.628;aaaa;
0.577;0.489,0.287,0.89,0.166,0.792,0.123,0.941,0.375,0.933,0.576;aaaaaaaa;
0.335;0.865,0.0341,0.557,0.817,0.0373,0.946,0.322,0.498,0.199,0.817;aaa;
0.648;0.068,0.284,0.159,0.83,0.031,0.833,0.759,0.0964,0.92,0.723;aaaaaa;
0.915;0.218,0.818,0.2,0.118,0.798,0.154,0.0188,0.439,0.0971,0.953;aa;
0.148;0.275,0.305,0.856,0.855,0.944,0.746,0.577,0.052,0.534,0.687;aaaaaaa;
0.932;0.68,0.97,0.8,0.254,0.452,0.879,0.649,0.699,0.875,0.425;aaaaaaaaaa;
0.04;0.969,0.671,0.527,0.0612,0.853,0.996,0.53,0.419,0.873,0.318;aaaa;
0.0922;0.201,0.566,0.0986,0.332,0.809,0.375,0.742,0.787,0.312,0.618;aaaaaaaaa;
0.655;0.0354,0.367,0.543,0.657,0.603,0.594,0.109,0.162,0.754,0.247;aaaaaaaa;
0.605;0.215,0.332,0.238,0.0642,0.347,0.0605,0.675,0.593,0.673,0.275;aa;
0.436;0.648,0.737,0.23,0.148,0.632,0.501,0.419,0.216,0.62,0.772;aaaa;
0.353;0.435,0.00683,0.26,0.653,0.482,0.447,0.354,0.909,0.339,0.602;aaa;
0.427;0.93,0.687,0.675,0.861,0.355,0.555,0.944,0.861,0.187,0.508;aa;
0.564;0.141,0.559,0.401,0.0425,0.667,0.461,0.516,0.66,0.945,0.12;a;
0.932;0.384,0.562,0.563,0.0953,0.414,0.798,0.144,0.0969,0.426,0.633;aaaaaaaaa;
0.99;0.744,0.318,0.231,0.46,0.122,0.396,0.704,0.842,0.212,0.907;a;
0.0796;0.592,0.891,0.81,0.901,0.475,0.567,0.958,0.872,0.536,0.636;aaaaaaaaaa;
0.683;0.175,0.397,0.737,0.924,0.682,0.955,0.777,0.826,0.253,0.555;aaaaaaaaa;
0.625;0.942,0.129,0.746,0.978,0.259,0.0846,0.22,0.49,0.573,0.63;aaaaaaaaaa;
0.924;0.22,0.0556,0.311,0.825,0.545,0.528,0.967,0.702,0.186,0.47;aaaaaaaaaa;
0.89;0.7,0.582,0.808,0.733,0.00206,0.598,0.483,0.048,0.822,0.833;aaa;
0.579;0.272,0.916,0.798,0.855,0.226,0.154,0.194,0.107,0.107,0.697;aaaa;
0.178;0.091,0.632,0.587,0.363,0.00924,0.803,0.769,0.519,0.963,0.36;aaaaaaaa;
0.205;0.129,0.642,0.756,0.852,0.75,0.788,0.782,0.607,0.125,0.805;aaaaaa;
0.434;0.242,0.382,0.548,0.513,0.736,0.417,0.491,0.187,0.718,0.0291;aaaaaaaa;
0.848;0.825,0.515,0.0255,0.818,0.252,0.227,0.78,0.109,0.128,0.821;aa;
0.686;0.973,0.754,0.431,0.942,0.227,0.679,0.825,0.368,0.832,0.421;aaaaa;
0.694;0.951,0.991,0.683,0.936,0.923,0.937,0.0878,0.868,0.283,0.203;aaaaa;
0.494;0.765,0.455,0.509,0.998,0.39,0.782,0.933,0.194,0.827,0.781;aaaaa;
0.976;0.462,0.274,0.518,0.386,0.584,0.0486,0.0259,0.00559,0.168,0.484;aaaaaaaaa;
0.826;0.822,0.275,0.414,0.0598,0.738,0.956,0.519,0.112,0.161,0.522;aa;
0.688;0.185,0.68,0.789,0.338,0.0554,0.675,0.0393,0.507,0.743,0.855;a;
0.448;0.961,0.139,0.31,0.141,0.347,0.26,0.889,0.173,0.215,0.23;aaaa;
0.783;0.112,0.706,0.896,0.00853,0.452,0.582,0.677,0.00596,0.871,0.509;aaaaaaaaaa;
0.716;0.332,0.0198,0.334,0.162,0.472,0.378,0.171,0.419,0.775,0.918;aaaaa;
0.549;0.837,0.856,0.277,0.891,0.661,0.61,0.964,0.0189,0.128,0.688;aaa;
0.959;0.784,0.798,0.878,0.229,0.48,0.351,0.449,0.695,0.789,0.115;aaaaaaaaaa;
0.944;0.168,0.217,0.0424,0.693,0.782,0.701,0.322,0.908,0.0606,0.331;aaa;
0.582;0.709,0.423,0.636,0.0942,0.486,0.376,0.97,0.804,0.386,0.393;aaa;
0.98;0.97,0.8,0.624,0.066,0.987,0.609,0.627,0.631,0.965,0.285;aa;
0.383;0.26,0.968,0.29,0.677,0.199,0.101,0.477,0.0809,0.365,0.622;aaaa;
0.632;0.576,0.695,0.792,0.107,0.962,0.846,0.937,0.89,0.701,0.683;a;
0.0732;0.682,0.0472,0.561,0.678,0.492,0.677,0.749,0.512,0.171,0.532;aaaaaaaaaa;
0.708;0.73,0.259,0.763,0.773,0.709,0.909,0.425,0.699,0.0391,0.679;aaa;
0.0475;0.751,0.0255,0.433,0.748,0.699,0.226,0.855,0.596,0.556,0.0967;aaaaaaa;
0.93;0.384,0.445,0.419,0.42,0.556,0.354,0.331,0.0712,0.0115,0.618;aaaaaaaaa;
0.904;0.218,0.333,0.856,0.733,0.656,0.532,0.936,0.436,0.879,0.379;aaaaaaaaaa;
0.919;0.109,0.0652,0.744,0.46,0.215,0.809,0.678,0.18,0.941,0.805;aaaaaaa;
0.436;0.106,0.874,0.671,0.423,0.0945,0.494,0.896,0.611,0.241,0.0789;aaaaaaaaa;
0.265;0.808,0.973,0.264,0.473,0.494,0.0132,0.103,0.00155,0.21,0.657;a;
0.711;0.392,0.693,0.139,0.729,0.285,0.867,0.889,0.0615,0.737,0.234;aaaaaaaaaa;
0.875;0.0864,0.242,0.368,0.428,0.804,0.737,0.362,0.997,0.531,0.0606;aaaaaaa;
0.0197;0.144,0.839,0.928,0.618,0.256,0.829,0.685,0.0879,0.81,0.839;a;
0.208;0.403,0.596,0.433,0.497,0.839,0.413,0.00501,0.307,0.405,0.705;aa;
0.41;0.295,0.467,0.868,0.49,0.259,0.656,0.933,0.357,0.212,0.305;aa;
0.203;0.379,0.448,0.73,0.343,0.0737,0.257,0.703,0.0794,0.921,0.814;aaaaaa;
0.483;0.213,0.879,0.68,0.211,0.563,0.539,0.0492,0.601,0.588,0.385;aaaa;
0.699;0.17,0.745,0.743,0.156,0.839,0.973,0.92,0.149,0.23,0.96;aaa;
0.757;0.591,0.65,0.402,0.371,0.223,0.923,0.688,0.585,0.214,0.0345;aaa;
0.305;0.0371,0.473,0.359,0.537,0.00292,0.973,0.963,0.853,0.838,0.68;aaaaaa;
0.154;0.755,0.201,0.208,0.62,0.978,0.183,0.0618,0.76,0.587,0.864;aaaa;
0.485;0.947,0.44,0.546,0.079,0.94,0.567,0.135,0.905,0.656,0.521;aaaaaa;
0.918;0.936,0.671,0.918,0.68,0.968,0.853,0.102,0.209,0.0606,0.405;a;
0.303;0.651,0.674,0.192,0.874,0.65,0.742,0.909,0.756,0.547,0.981;aaaaaaaa;
0.437;0.567,0.634,0.408,0.234,0.947,0.104,0.886,0.614,0.506,0.096;aaaaa;
0.041;0.982,0.87,0.791,0.151,0.127,0.36,0.446,0.12,0.398,0.93;aaaa;
0.398;0.424,0.518,0.51,0.0139,0.217,0.853,0.183,0.846,0.391,0.946;aaaaa;
0.497;0.328,0.0231,0.276,0.214,0.994,0.249,0.233,0.644,0.606,0.716;a;
0.0998;0.602,0.965,0.218,0.318,0.914,0.863,0.961,0.412,0.0645,0.444;a;
0.695;0.439,0.0792,0.362,0.892,0.187,0.452,0.566,0.0058,0.7,0.476;aa;
0.933;0.531,0.256,0.643,0.432,0.491,0.279,0.449,0.337,0.632,0.0575;aaaaa;
0.922;0.327,0.316,0.123,0.00463,0.812,0.419,0.465,0.458,0.767,0.984;aaaaaaa;
0.221;0.574,0.199,0.809,0.205,0.559,0.722,0.367,0.187,0.0693,0.733;aaaaaaaaaa;
0.627;0.603,0.68,0.878,0.484,0.718,0.406,0.229,0.693,0.88,0.897;a;
0.322;0.888,0.943,0.577,0.255,0.0447,0.489,0.143,0.21,0.0217,0.298;aaaaaa;
0.12;0.435,0.463,0.473,0.456,0.647,0.254,0.0159,0.659,0.22,0.862;aa;
0.0947;0.581,0.408,0.384,0.185,0.55,0.715,0.378,0.708,0.849,0.152;aaaaaaaaa;
0.198;0.623,0.132,0.522,0.362,0.488,0.0234,0.157,0.908,0.63,0.877;aaaaa;
0.137;0.263,0.0936,0.384,0.0621,0.372,0.392,0.27,0.96,0.0913,0.957;aaaaaaaaa;
0.364;0.307,0.447,0.447,0.953,0.0456,0.624,0.717,0.238,0.458,0.163;a;
0.175;0.485,0.482,0.33,0.43,0.615,0.411,0.36,0.274,0.187,0.264;aaaa;
0.0593;0.641,0.195,0.1,0.365,0.92,0.697,0.577,0.501,0.748,0.00648;aaaaaaaaaa;
0.967;0.588,0.318,0.141,0.536,0.0738,0.42,0.266,0.195,0.964,0.777;aa;
0.0739;0.12,0.806,0.0466,0.092,0.598,0.266,0.895,0.992,0.576,0.897;aaaaaa;
0.21;0.905,0.518,0.856,0.988,0.455,0.244,0.492,0.275,0.192,0.979;aaa;
0.813;0.477,0.478,0.114,0.471,0.363,0.879,0.859,0.366,0.82,0.377;aaaaaaa;
0.121;0.0887,0.571,0.515,0.594,0.373,0.276,0.599,0.253,0.203,0.0961;aaa;
0.987;0.0311,0.858,0.428,0.956,0.406,0.595,0.466,0.234,0.291,0.534;aaaaaaaaa;
0.357;0.253,0.0961,0.463,0.608,0.485,0.298,0.0503,0.766,0.122,0.781;aaaaa;
0.754;0.535,0.405,0.835,0.148,0.446,0.717,0.672,0.929,0.598,0.58;aaa;
0.631;0.216,0.397,0.662,0.154,0.199,0.882,0.519,0.704,0.315,0.494;aaaaaaaaaa;
0.57;0.441,0.404,0.265,0.0959,0.516,0.739,0.286,0.636,0.915,0.272;aaa;
0.858;0.585,0.46,0.366,0.0277,0.326,0.83,0.946,0.855,0.455,0.848;aaaaaa;
0.248;0.423,0.819,0.284,0.523,0.372,0.0134,0.493,0.889,0.464,0.565;aaaa;
0.55;0.772,0.0139,0.988,0.372,0.268,0.699,0.534,0.0439,0.0379,0.778;aa;
0.607;0.678,0.606,0.392,0.63,0.929,0.497,0.485,0.0974,0.657,0.22;a;
0.313;0.386,1,0.15,0.612,0.467,0.533,0.305,0.0151,0.34,0.481;aaa;
0.424;0.0196,0.0693,0.0416,0.819,0.851,0.268,0.321,0.979,0.728,0.311;a;
0.841;0.133,0.833,0.589,0.803,0.105,0.0597,0.869,0.822,0.361,0.515;aa;
0.793;0.574,0.654,0.676,0.361,0.59,0.108,0.569,0.429,0.199,0.677;aaaaaa;
0.0291;0.0638,0.688,0.909,0.55,0.94,0.439,0.306,0.609,0.778,0.892;aaa;
0.317;0.298,0.361,0.429,0.615,0.556,0.227,0.319,0.449,0.378,0.376;aaaaaaaa;
0.342;0.111,0.74,0.0805,0.00365,0.368,0.5,0.368,0.231,0.278,0.686;a;
0.475;0.477,0.304,0.761,0.847,0.359,0.142,0.0425,0.0541,0.34,0.231;aaaaaaa;
0.0715;0.492,0.477,0.571,0.0498,0.888,0.145,0.0986,0.786,0.234,0.682;aaaaaaaa;
0.39;0.515,0.0707,0.204,0.647,0.21,0.0196,0.678,0.3,0.943,0.327;aaaaaaaaa;
0.543;0.354,0.507,0.883,0.0334,0.182,0.91,0.479,0.412,0.464,0.446;aaaa;
0.595;0.551,0.895,0.718,0.932,0.318,0.427,0.21,0.725,0.363,0.76;a;
0.706;0.587,0.342,0.559,0.607,0.025,0.494,0.138,0.719,0.542,0.72;aaaaa;
0.946;0.996,0.72,0.189,0.691,0.688,0.507,0.0187,0.357,0.501,0.406;aaaaa;
0.946;0.325,0.906,0.968,0.307,0.141,0.0336,0.824,0.492,0.0136,0.537;aaaa;
0.826;0.444,0.179,0.362,0.376,0.957,0.458,0.799,0.873,0.816,0.319;aaaaaaa;
0.707;0.0689,0.369,0.0063,0.121,0.741,0.33,0.182,0.856,0.188,0.145;aaaaa;
0.844;0.867,0.315,0.324,0.621,0.595,0.565,0.219,0.831,0.894,0.644;a;
0.771;0.799,0.497,0.391,0.77,0.824,0.919,0.602,0.568,0.803,0.458;aa;
0.814;0.213,0.977,0.112,0.541,0.00254,0.709,0.0212,0.987,0.493,0.271;aaaaaa;
0.68;0.715,0.452,0.136,0.76,0.0448,0.854,0.0424,0.963,0.23,0.863;aaaaaaaa;
0.65;0.425,0.096,0.192,0.508,0.196,0.412,0.375,0.688,0.145,0.5;aaaaaaa;
0.121;0.712,0.14,0.727,0.839,0.672,0.247,0.393,0.0112,0.941,0.83;aaaaaaaaa;
0.209;0.773,0.227,0.85,0.628,0.479,0.372,0.294,0.571,0.85,0.462;aaaaaaaa;
0.642;0.479,0.764,0.598,0.846,0.922,0.324,0.0219,0.317,0.98,0.637;aaaaaaa;
0.377;0.669,0.429,0.0547,0.996,0.24,0.657,0.331,0.994,0.571,0.608;aaaaa;
0.604;0.458,0.48,0.704,0.555,0.537,0.748,0.608,0.212,0.905,0.866;aaaaaa;
0.3;0.135,0.41,0.52,0.936,0.898,0.139,0.423,0.117,0.725,0.752;aaaaaa;
0.434;0.834,0.884,0.196,0.479,0.17,0.0465,0.77,0.26,0.964,0.582;aaaaaaaaa;
0.938;0.345,0.977,0.851,0.744,0.773,0.387,0.985,0.0134,0.894,0.265;aaaaaaaaaa;
0.0992;0.998,0.546,0.75,0.646,0.392,0.513,0.555,0.82,0.695,0.0766;aaaaa;
0.911;0.503,0.675,0.0442,0.769,0.247,0.555,0.317,0.262,0.273,0.651;aa;
0.988;0.946,0.284,0.466,0.165,0.701,0.105,0.551,0.0557,0.348,0.822;aa;
0.258;0.495,0.503,0.266,0.206,0.524,0.155,0.912,0.343,0.271,0.603;aaaaaaaa;
0.657;0.469,0.546,0.386,0.6,0.353,0.646,0.237,0.329,0.681,0.719;aaaaaaaaaa;
0.12;0.849,0.375,0.356,0.822,0.972,0.1,0.614,0.399,0.22,0.733;aaaaaaaaa;
0.228;0.864,0.865,0.863,0.146,0.103,0.901,0.021,0.872,0.0921,0.477;aa;
0.265;0.771,0.76,0.0814,0.415,0.566,0.463,0.754,0.843,0.992,0.286;aaaaaa;
0.0645;0.205,0.552,0.0981,0.835,0.721,0.231,0.316,0.682,0.265,0.642;a;
0.918;0.443,0.841,0.00943,0.435,0.967,0.54,0.661,0.628,0.745,0.556;aaaaaaaa;
0.882;0.484,0.629,0.358,0.497,0.316,0.931,0.357,0.152,0.434,0.803;aaaaa;
0.345;0.947,0.256,0.702,0.959,0.371,0.807,0.203,0.198,0.0492,0.571;aaaaaaa;
0.198;0.77,0.715,0.216,0.815,0.744,0.972,0.448,0.884,0.381,0.731;aaaaaaaaa;
0.384;0.0353,0.297,0.634,0.628,0.939,0.649,0.582,0.66,0.997,0.278;aaaaaaaaaa;
0.335;0.0584,0.218,0.991,0.547,0.323,0.46,0.356,0.798,0.6,0.206;aa;
0.982;0.751,0.381,0.563,0.165,0.0967,0.195,0.804,0.323,0.00283,0.412;aaaaaa;
0.828;0.527,0.422,0.384,0.34,0.113,0.0884,0.185,0.277,0.295,0.174;aaaaa;
0.558;0.246,0.256,0.369,0.157,0.74,0.495,0.987,0.913,0.885,0.84;aaaaaaaa;
0.04;0.134,0.619,0.717,0.374,0.71,0.75,0.996,0.895,0.528,0.141;a;
0.216;0.398,0.253,0.492,0.994,0.0217,0.129,0.709,0.461,0.97,0.902;aaaaaaaaaa;
0.0312;0.232,0.288,0.68,0.747,0.444,0.492,0.6,0.899,0.606,0.229;aaaaaaaaa;
0.332;0.395,0.815,0.17,0.0295,0.274,0.734,0.852,0.796,0.63,0.452;aaaaa;
0.168;0.349,0.396,0.389,0.368,0.336,0.761,0.588,0.563,0.108,0.727;aaaaaa;
0.426;0.425,0.456,0.571,0.106,0.644,0.959,0.1,0.309,0.803,0.229;aaa;
0.985;0.886,0.949,0.228,0.343,0.151,0.301,0.415,0.538,0.567,0.195;aaaaaaaa;
0.321;0.09,0.255,0.379,0.531,0.491,0.135,0.956,0.1,0.881,0.311;aaaaaaaa;
0.751;0.746,0.817,0.356,0.124,0.794,0.962,0.653,0.12,0.308,0.392;aaaaaaa;
0.44;0.837,0.473,0.299,0.642,0.0915,0.122,0.722,0.989,0.933,0.93;aaaaa;
0.348;0.803,0.983,0.512,0.397,0.475,0.371,0.969,0.654,0.446,0.634;aaaaa;
0.847;0.242,0.702,0.858,0.0821,0.201,0.648,0.536,0.0398,0.863,0.648;aaaa;
0.605;0.39,0.0511,0.936,0.965,0.73,0.26,0.811,0.571,0.176,0.548;aaaaaaaaaa;
0.62;0.0819,0.858,0.239,0.0781,0.0816,0.326,0.651,0.0682,0.572,0.924;aaa;
0.628;0.0917,0.219,0.272,0.681,0.605,0.693,0.711,0.775,0.608,0.492;aaaaaaaaaa;
0.872;0.331,0.522,0.754,0.274,0.58,0.953,0.707,0.494,0.912,0.465;aaaa;
0.822;0.354,0.421,0.815,0.625,0.986,0.0119,0.301,0.643,0.0395,0.774;aaaaaaaaaa;
0.918;0.355,0.805,0.541,0.825,0.36,0.326,0.804,0.925,0.0291,0.945;aaaaaaaaa;
0.608;0.342,0.641,0.943,0.839,0.266,0.462,0.863,0.797,0.0874,0.606;a;
0.0508;0.105,0.505,0.602,0.133,0.753,0.0717,0.794,0.186,0.252,0.137;aaaaaaaaaa;
0.0941;0.4,0.291,0.185,0.502,0.974,0.242,0.798,0.0659,0.756,0.916;aaaaaaaa;
0.153;0.815,0.263,0.243,0.728,0.436,0.518,0.698,0.782,0.993,0.387;aaaaaaaa;
0.0803;0.851,0.722,0.833,0.273,0.311,0.0544,0.981,0.942,0.894,0.147;aaaaaaaa;
0.854;0.879,0.444,0.811,0.746,0.534,0.815,0.186,0.35,0.0871,0.411;aaaaaa;
0.187;0.167,0.795,0.321,0.00208,0.049,0.694,0.0794,0.581,0.933,0.756;aaaaaaa;
0.119;0.278,0.956,0.652,0.224,0.272,0.354,0.509,0.108,0.841,0.967;aaaaaa;
0.00548;0.32,0.88,0.107,0.174,0.376,0.141,0.203,0.429,0.783,0.459;aaaaaaaaaa;
0.54;0.556,0.914,0.451,0.393,0.686,0.62,0.369,0.913,0.133,0.556;aaaaaa;
0.148;0.234,0.901,0.489,0.209,0.635,0.665,0.476,0.0955,0.0557,0.141;aaaaaa;
0.144;0.652,0.641,0.308,0.696,0.109,0.951,0.267,0.282,0.423,0.735;aaaaa;
0.0395;0.922,0.259,0.593,0.487,0.629,0.659,0.513,0.9,0.367,0.638;aaaaaaaa;
0.689;0.00218,0.255,0.337,0.65,0.727,0.614,0.341,0.598,0.692,0.406;aaa;
0.519;0.178,0.926,0.306,0.117,0.793,0.114,0.252,0.916,0.775,0.17;aaaaaaaaaa;
0.382;0.765,0.188,0.624,0.105,0.696,0.254,0.548,0.275,0.734,0.88;aaaaaaaa;
0.234;0.278,0.046,0.734,0.496,0.0527,0.377,0.72,0.506,0.276,0.414;aaaaaa;
0.466;0.976,0.965,0.103,0.583,0.844,0.1,0.291,0.662,0.264,0.439;aaaaa;
0.263;0.917,0.299,0.79,0.607,0.925,0.229,0.748,0.911,0.173,0.567;aaaaaaaaa;
0.326;0.391,0.0356,0.295,0.639,0.167,0.501,0.862,0.495,0.391,0.854;aaaaaaa;
0.616;0.952,0.126,0.402,0.0723,0.821,0.661,0.479,0.0811,0.0954,0.376;aaaaaa;
0.837;0.598,0.627,0.000524,0.828,0.377,0.834,0.994,0.174,0.525,0.618;aa;
0.96;0.981,0.143,0.579,0.412,0.181,0.833,0.173,0.335,0.0959,0.113;aaaa;
0.59;0.171,0.55,0.448,0.306,0.112,0.633,0.337,0.713,0.819,0.0433;aaaaa;
0.642;0.767,0.297,0.693,0.438,0.118,0.995,0.0475,0.879,0.937,0.434;aaaa;
0.633;0.8,0.406,0.635,0.566,0.449,0.0926,0.569,0.416,0.8,0.586;aaa;
0.73;0.477,0.591,0.887,0.749,0.909,0.167,0.851,0.134,0.555,0.683;aaaaaaaaa;
0.508;0.8,0.911,0.728,0.26,0.884,0.332,0.978,0.933,0.496,0.699;aaaaaaaa;
0.32;0.139,0.858,0.0402,0.0905,0.559,0.782,0.592,0.0357,0.0917,0.0023;aaaaa;
0.361;0.797,0.473,0.644,0.592,0.269,0.644,0.513,0.000383,0.277,0.312;aaa;
0.337;0.539,0.469,0.776,0.313,0.194,0.263,0.732,0.328,0.755,0.799;aaaa;
0.949;0.308,0.236,0.00989,0.879,0.0861,0.373,0.249,0.829,0.954,0.512;aaaaaaa;
0.639;0.946,0.841,0.0166,0.634,0.631,0.491,0.58,0.425,0.536,0.236;aaaaaaaa;
0.601;0.026,0.101,0.612,0.475,0.165,0.582,0.712,0.771,0.261,0.9;aaa;
0.166;0.965,0.774,0.789,0.168,0.324,0.482,0.815,0.673,0.157,0.673;aaaa;
0.794;0.401,0.804,0.0782,0.948,0.045,0.638,0.197,0.472,0.155,0.755;aaaaaaaaa;
0.299;0.145,0.0298,0.733,0.255,0.779,0.857,0.378,0.184,0.779,0.262;aaaaaaaaa;
0.289;0.465,0.56,0.193,0.602,0.788,0.0488,0.689,0.457,0.254,0.844;a;
0.825;0.97,0.095,0.996,0.327,0.637,0.248,0.362,0.11,0.394,0.656;aaaaa;
0.712;0.133,0.795,0.855,0.966,0.888,0.726,0.737,0.411,0.755,0.47;aaaaaaaaaa;
0.571;0.658,0.964,0.233,0.334,0.514,0.725,0.379,0.515,0.184,0.379;aaaaaaaa;
0.259;0.1,0.0109,0.916,0.696,0.878,0.924,0.0669,0.436,0.958,0.934;aa;
0.246;0.118,0.88,0.287,0.991,0.598,0.925,0.772,0.409,0.766,0.842;aaaaaaa;
0.307;0.728,0.967,0.722,0.0534,0.293,0.954,0.689,0.561,0.154,0.615;aaaaaaaaa;
0.864;0.646,0.0299,0.298,0.406,0.208,0.761,0.139,0.931,0.564,0.209;aaaaaaaaa;
0.0951;0.585,0.261,0.762,0.955,0.48,0.384,0.177,0.872,0.723,0.0773;aaaaaaaa;
0.22;0.535,0.709,0.724,0.218,0.788,0.266,0.302,0.512,0.896,0.991;aa;
0.644;0.159,0.588,0.434,0.738,0.165,0.546,0.442,0.346,0.917,0.837;aaa;
0.767;0.809,0.248,0.218,0.995,0.964,0.17,0.556,0.657,0.922,0.901;aaaaaaaa;
0.632;0.212,0.218,0.953,0.899,0.891,0.998,0.842,0.569,0.723,0.962;aaaaaaaaaa;
0.352;0.6,0.127,0.811,0.736,0.563,0.868,0.916,0.955,0.995,0.0662;aaaaa;
0.325;0.481,0.744,0.0487,0.479,0.856,0.497,0.312,0.973,0.319,0.575;aa;
0.538;0.458,0.649,0.355,0.59,0.0708,0.822,0.0853,0.688,0.477,0.909;aaaaaaa;
0.591;0.949,0.966,0.306,0.727,0.841,0.592,0.449,0.288,0.3,0.67;aaaaaaaa;
0.173;0.728,0.73,0.904,0.752,0.153,0.929,0.703,0.176,0.868,0.806;aaaaaaaaa;
0.417;0.597,0.84,0.872,0.393,0.42,0.382,0.373,0.895,0.311,0.801;aaaaaaaaaa;
0.765;0.489,0.974,0.526,0.348,0.322,0.453,0.701,0.628,0.95,0.39;aaaaaaaaa;
0.435;0.2,0.23,0.765,0.0875,0.741,0.689,0.842,0.611,0.515,0.262;aaaaaa;
0.591;0.198,0.802,0.181,0.605,0.492,0.409,0.658,0.876,0.537,0.0026;aaaaaaa;
0.575;0.386,0.121,0.261,0.132,0.585,0.442,0.925,0.815,0.921,0.154;aaaaaaaa;
0.524;0.0876,0.736,0.332,0.0897,0.961,0.332,0.377,0.155,0.209,0.101;aaaaaaa;
0.738;0.0551,0.0529,0.323,0.837,0.904,0.254,0.0767,0.757,0.696,0.878;aaaaaaaaaa;
0.797;0.375,0.452,0.0375,0.164,0.59,0.0382,0.413,0.0337,0.999,0.183;aa;
0.188;0.701,0.249,0.33,0.196,0.854,0.081,0.343,0.365,0.542,0.153;aaaaaaaa;
0.00134;0.632,0.877,0.956,0.788,0.228,0.18,0.625,0.553,0.656,0.351;aaaaaaaaa;
0.627;0.793,0.645,0.121,0.843,0.306,0.422,0.665,0.352,0.122,0.638;aaaaa;
0.793;0.581,0.0267,0.502,0.961,0.347,0.169,0.895,0.765,0.251,0.151;aa;
0.992;0.211,0.578,0.595,0.613,0.0201,0.918,0.76,0.145,0.461,0.196;aaaaaaaaa;
0.313;0.414,0.887,0.358,0.863,0.0145,0.208,0.367,0.383,0.0838,0.333;aaaaaaaa;
0.683;0.133,0.206,0.227,0.505,0.298,0.106,0.368,0.608,0.503,0.778;aaaaa;
0.606;0.931,0.159,0.121,0.168,0.137,0.828,0.304,0.452,0.692,0.197;a;
0.922;0.702,0.118,0.645,0.863,0.0978,0.692,0.683,0.145,0.635,0.0686;aaa;
0.0552;0.598,0.359,0.826,0.369,0.183,0.37,0.609,0.746,0.749,0.912;aaaaa;
0.834;0.429,0.48,0.318,0.953,0.0324,0.891,0.0518,0.0197,0.379,0.0993;aaaaa;
0.641;0.485,0.67,0.59,0.571,0.00255,0.697,0.443,0.447,0.308,0.693;aaaa;
0.45;0.199,0.462,0.716,0.568,0.214,0.416,0.718,0.371,0.552,0.289;aaaa;
0.316;0.686,0.999,0.369,0.824,0.888,0.757,0.682,0.352,0.497,0.2;aaaaaaaa;
0.944;0.92,0.661,0.959,0.296,0.446,0.977,0.93,0.464,0.553,0.621;aaaaaaaaaa;
0.652;0.0374,0.177,0.362,0.442,0.753,0.201,0.806,0.326,0.502,0.544;aaa;
0.173;0.395,0.173,0.422,0.436,0.154,0.409,0.00845,0.133,0.968,0.362;aaaaaaaaa;
0.438;0.705,0.183,0.322,0.14,0.61,0.911,0.835,0.227,0.865,0.383;aaaaa;
0.00525;0.663,0.893,0.564,0.0571,0.94,0.749,0.488,0.049,0.193,0.0717;aaaaa;
0.161;0.505,0.0225,0.68,0.994,0.659,0.259,0.509,0.709,0.386,0.541;aaaaaaaa;
0.202;0.322,0.00588,0.634,0.411,0.896,0.724,0.346,0.734,0.811,0.992;aaaaaaa;
0.75;0.974,0.855,0.961,0.348,0.555,0.719,0.35,0.0357,0.427,0.41;a;
0.459;0.0534,0.768,0.674,0.352,0.954,0.132,0.394,0.0939,0.279,0.00308;aaaaaaaa;
0.244;0.997,0.696,0.777,0.933,0.774,0.246,0.0555,0.288,0.0325,0.0183;aaaa;
0.0959;0.043,0.689,0.243,0.875,0.398,0.644,0.318,0.959,0.0913,0.161;aaa;
0.243;0.678,0.822,0.496,0.315,0.417,0.921,0.0257,0.811,0.824,0.846;aaa;
0.822;0.118,0.594,0.216,0.887,0.605,0.113,0.398,0.313,0.487,0.517;aaa;
0.551;0.278,0.0858,0.361,0.687,0.725,0.0871,0.351,0.947,0.878,0.344;aaaaa;
0.592;0.124,0.453,0.469,0.312,0.785,0.319,0.643,0.392,0.178,0.221;aaaaaa;
0.471;0.946,0.466,0.747,0.579,0.337,0.37,0.35,0.242,0.829,0.661;aaa;
0.622;0.889,0.31,0.604,0.32,0.975,0.73,0.809,0.176,0.368,0.664;aaaaaaaa;
0.924;0.593,0.832,0.622,0.81,0.59,0.503,0.615,0.386,0.983,0.809;aa;
0.321;0.083,0.513,0.106,0.982,0.148,0.393,0.752,0.731,0.561,0.0855;aaaaaaaaa;
0.672;0.605,0.818,0.218,0.0887,0.694,0.345,0.853,0.562,0.518,0.385;aaaaaa;
0.108;0.76,0.182,0.0883,0.336,0.177,0.696,0.944,0.00105,0.816,0.892;a;
0.859;0.57,0.214,0.313,0.371,0.501,0.384,0.429,0.32,0.954,0.00328;aaaaa;
0.859;0.909,0.472,0.00586,0.67,0.872,0.0504,0.797,0.347,0.892,0.301;aaaaaaaa;
0.705;0.961,0.619,0.294,0.601,0.908,0.865,0.554,0.151,0.787,0.0288;aaaaaa;
0.517;0.015,0.957,0.139,0.891,0.79,0.655,0.636,0.879,0.138,0.974;a;
0.499;0.603,0.623,0.937,0.191,0.0405,0.137,0.487,0.649,0.366,0.692;aaaaa;
0.596;0.8,0.42,0.0163,0.593,0.191,0.805,0.861,0.494,0.766,0.452;aaaa;
0.0753;0.54,0.875,0.404,0.0483,0.334,0.168,0.132,0.337,0.5,0.301;aaaaaaaaaa;
0.794;0.868,0.874,0.882,0.715,0.741,0.758,0.739,0.501,0.906,0.472;aaaaaaaa;
0.322;0.333,0.68,0.559,0.138,0.0607,0.69,0.914,0.537,0.24,0.773;aaa;
0.336;0.0351,0.215,0.406,0.863,0.483,0.391,0.264,0.234,0.57,0.694;aaaaaaa;
0.395;0.353,0.61,0.959,0.472,0.905,0.787,0.278,0.912,0.83,0.664;aa;
0.952;0.16,0.391,0.53,0.422,0.819,0.338,0.431,0.507,0.505,0.129;aaaaaaaaa;
0.974;0.45,0.701,0.613,0.0895,0.133,0.877,0.566,0.0812,0.904,0.93;aaaaaaaa;
0.504;0.0456,0.483,0.168,0.346,0.339,0.667,0.911,0.114,0.263,0.36;aa;
0.929;0.0822,0.551,0.626,0.405,0.313,0.783,0.209,0.123,0.846,0.212;aaaaa;
0.285;0.878,0.15,0.938,0.894,0.22,0.853,0.312,0.764,0.477,0.0859;aaa;
0.0682;0.739,0.571,0.967,0.627,0.432,0.149,0.922,0.261,0.103,0.903;aaa;
0.855;0.897,0.534,0.582,0.0876,0.435,0.791,0.0946,0.0706,0.163,0.493;aaaaaaaaa;
0.171;0.579,0.811,0.29,0.906,0.86,0.0302,0.759,0.981,0.22,0.158;aaaaaaaa;
0.522;0.818,0.937,0.205,0.5,0.126,0.244,0.851,0.593,0.736,0.762;aaa;
0.12;0.48,0.257,0.0101,0.592,0.186,0.00461,0.112,0.996,0.36,0.305;aa;
0.762;0.196,0.477,0.599,0.421,0.245,0.683,0.8,0.285,0.449,0.704;aaaa;
0.885;0.763,0.148,0.763,0.162,0.234,0.322,0.475,0.746,0.711,0.929;a;
0.738;0.529,0.644,0.526,0.157,0.787,0.651,0.414,0.808,0.78,0.464;aaaa;
0.226;0.187,0.0989,0.841,0.763,0.454,0.599,0.354,0.0261,0.0322,0.619;aaaaaa;
0.232;0.62,0.193,0.714,0.262,0.0825,0.75,0.475,0.499,0.41,0.132;a;
0.0505;0.895,0.819,0.284,0.955,0.251,0.835,0.518,0.466,0.516,0.433;a;
0.0745;0.604,0.809,0.607,0.916,0.521,0.529,0.601,0.0576,0.0979,0.432;aaaaaaa;
0.865;0.251,0.44,0.843,0.854,0.763,0.276,0.973,0.508,0.204,0.0225;a;
0.477;0.813,0.171,0.209,0.156,0.0249,0.648,0.0893,0.97,0.877,0.654;aaaaaaaaaa;
0.144;0.831,0.943,0.383,0.79,0.865,0.253,0.794,0.111,0.752,0.363;aaaaa;
0.855;0.266,0.269,0.747,0.65,0.208,0.229,0.6,0.582,0.198,0.158;aa;
0.197;0.633,0.156,0.935,0.543,0.498,0.163,0.432,0.665,0.276,0.863;a;
0.148;0.322,0.467,0.399,0.914,0.925,0.0257,0.907,0.347,0.0203,0.544;aa;
0.349;0.0017,0.486,0.592,0.858,0.801,0.733,0.874,0.954,0.655,0.0402;aaaaa;
0.0901;0.503,0.704,0.75,0.264,0.248,0.499,0.0309,0.712,0.501,0.496;aaaaa;
0.899;0.182,0.406,0.565,0.946,0.469,0.633,0.566,0.366,0.0503,0.408;aaa;
0.791;0.298,0.36,0.668,0.55,0.684,0.933,0.414,0.182,0.704,0.126;aaa;
0.552;0.342,0.428,0.307,0.689,0.0392,0.432,0.759,0.379,0.664,0.339;aaaaaaaaa;
0.531;0.823,0.692,0.502,0.909,0.256,0.698,0.925,0.273,0.691,0.178;aaaaa;
0.938;0.828,0.0785,0.587,0.142,0.0776,0.805,0.308,0.699,0.168,0.314;aa;
0.904;0.665,0.504,0.309,0.384,0.889,0.849,0.36,0.963,0.123,0.0589;aa;
0.347;0.86,0.105,0.676,0.227,0.345,0.0991,0.672,0.882,0.676,0.0362;aaaa;
0.552;0.786,0.316,0.958,0.768,0.387,0.423,0.857,0.383,0.39,0.0506;aaaa;
0.395;0.071,0.814,0.284,0.552,0.0579,0.253,0.868,0.113,0.957,0.272;aaa;
0.995;0.921,0.773,0.598,0.0885,0.571,0.25,0.139,0.38,0.19,0.983;aaaaaaa;
0.316;0.0616,0.2,0.437,0.0941,0.639,0.246,0.754,0.938,0.825,0.321;aaa;
0.612;0.0744,0.779,0.986,0.00576,0.978,0.0923,0.668,0.619,0.407,0.44;a;
0.00684;0.228,0.0611,0.393,0.13,0.457,0.81,0.175,0.352,0.417,0.286;aa;
0.947;0.976,0.821,0.0633,0.473,0.239,0.407,0.064,0.642,0.543,0.823;aaa;
0.318;0.985,0.298,0.2,0.928,0.875,0.0452,0.334,0.381,0.441,0.899;aa;
0.885;0.157,0.894,0.235,0.0372,0.235,0.53,0.78,0.337,0.627,0.283;aaaaaaaaa;
0.411;0.366,0.566,0.204,0.329,0.957,0.581,0.348,0.484,0.573,0.445;aaaaaaaa;
0.563;0.136,0.857,0.511,0.563,0.987,0.821,0.603,0.543,0.0945,0.0611;aaaaa;
0.873;0.927,0.737,0.502,0.836,0.704,0.617,0.367,0.483,0.204,0.00887;a;
0.11;0.472,0.665,0.509,0.836,0.533,0.925,0.942,0.602,0.779,0.775;aaaaa;
0.508;0.19,0.986,0.807,0.812,0.527,0.0601,0.292,0.911,0.112,0.268;aaaaaaaaa;
0.114;0.434,0.712,0.541,0.671,0.0553,0.228,0.709,0.121,0.865,0.235;aa;
0.12;0.798,0.778,0.8,0.0812,0.642,0.711,0.643,0.808,0.632,0.684;aaaaa;
0.922;0.0246,0.0731,0.916,0.332,0.892,0.188,0.997,0.0948,0.374,0.572;aaaaaaa;
0.986;0.0256,0.279,0.484,0.417,0.57,0.132,0.148,0.37,0.437,0.69;aaaaaaa;
0.475;0.0904,0.58,0.864,0.129,0.864,0.961,0.56,0.736,0.734,0.885;aaa;
0.966;0.0315,0.722,0.161,0.982,0.949,0.8,0.594,0.895,0.0739,0.188;aaaaa;
0.68;0.818,0.475,0.692,0.57,0.758,0.31,0.491,0.878,0.308,0.865;aaaaaaaaaa;
0.155;0.389,0.0597,0.848,0.89,0.267,0.0102,0.936,0.0558,0.0651,0.175;aaaaaaaaa;
0.56;0.0521,0.917,0.0619,0.021,0.35,0.588,0.144,0.868,0.442,0.809;aaaaaaaa;
0.843;0.562,0.152,0.765,0.701,0.206,0.443,0.727,0.298,0.49,0.905;a;
0.968;0.404,0.548,0.34,0.873,0.305,0.67,0.353,0.871,0.0201,0.915;aaaaaaa;
0.919;0.965,0.884,0.227,0.0589,0.113,0.701,0.418,0.107,0.622,0.241;aaa;
0.0575;0.887,0.259,0.4,0.698,0.976,0.989,0.349,0.647,0.265,0.623;aaaaaaa;
0.529;0.863,0.991,0.766,0.691,0.206,0.0253,0.503,0.732,0.415,0.325;aa;
0.122;0.456,0.947,0.723,0.822,0.612,0.608,0.207,0.675,0.89,0.658;aaaaaaaaa;
0.841;0.581,0.814,0.826,0.491,0.549,0.0671,0.229,0.01,0.155,0.238;a;
0.176;0.518,0.796,0.309,0.698,0.966,0.235,0.757,0.383,0.379,0.343;aa;
0.595;0.613,0.525,0.755,0.288,0.232,0.477,0.0313,0.234,0.586,0.0272;aaaaaa;
0.699;0.29,0.864,0.291,0.476,0.506,0.375,0.908,0.0505,0.929,0.0867;aaaaa;
0.202;0.39,0.477,0.269,0.0316,0.421,0.916,0.931,0.979,0.381,0.993;aa;
0.995;0.262,0.507,0.415,0.706,0.309,0.605,0.996,0.81,0.114,0.356;aaa;
0.129;0.823,0.551,0.682,0.558,0.769,0.19,0.49,0.0318,0.226,0.928;aaaaaaaaaa;
0.654;0.903,0.54,0.42,0.265,0.899,0.464,0.588,0.979,0.174,0.987;aaaaaa;
0.623;0.963,0.082,0.9,0.587,0.0841,0.901,0.782,0.507,0.504,0.0106;aaaaaaa;
0.773;0.209,0.00603,0.0793,0.732,0.936,0.906,0.27,0.502,0.0765,0.0519;aaaaaaa;
0.587;0.66,0.766,0.698,0.439,0.139,0.642,0.643,0.874,0.127,0.532;aaaaaaaa;
0.69;0.117,0.244,0.315,0.431,0.0842,0.501,0.979,0.933,0.611,0.269;aaaaaaaaa;
0.504;0.143,0.582,0.794,0.28,0.59,0.443,0.106,0.211,0.134,0.26;aaaaaaaa;
0.513;0.798,0.188,0.579,0.386,0.592,0.737,0.554,0.808,0.187,0.417;aa;
0.167;0.695,0.0066,0.262,0.52,0.863,0.692,0.83,0.755,0.734,0.673;aaaa;
0.205;0.965,0.407,0.401,0.154,0.523,0.453,0.487,0.888,0.149,0.803;a;
0.846;0.579,0.931,0.692,0.664,0.263,0.503,0.443,0.0481,0.485,0.677;aa;
0.812;0.193,0.434,0.525,0.591,0.469,0.11,0.193,0.324,0.324,0.823;aaaaaaaaaa;
0.33;0.693,0.0684,0.773,0.752,0.662,0.633,0.88,0.252,0.546,0.959;aaa;
0.355;0.69,0.547,0.855,0.09,0.311,0.969,0.707,0.697,0.617,0.318;aaaaaaaaaa;
0.255;0.781,0.492,0.749,0.878,0.00735,0.513,0.361,0.476,0.761,0.078;aa;
0.0699;0.605,0.884,0.455,0.542,0.882,0.907,0.583,0.845,0.766,0.75;aa;
0.334;0.916,0.325,0.767,0.902,0.897,0.286,0.373,0.301,0.0771,0.239;aaaaaa;
0.312;0.595,0.965,0.982,0.218,0.822,0.124,0.595,0.0697,0.298,0.957;aaaaaaaa;
0.889;0.274,0.184,0.177,0.789,0.264,0.718,0.00136,0.576,0.331,0.102;aaaaaaa;
0.427;0.6,0.464,0.978,0.0279,0.548,0.763,0.0518,0.264,0.569,0.515;aaaaaaa;
0.565;0.956,0.62,0.121,0.285,0.98,0.308,0.257,0.344,0.069,0.562;aa;
0.643;0.247,0.874,0.36,0.618,0.752,0.651,0.557,0.00377,0.515,0.938;aaaaa;
0.152;0.13,0.39,0.851,0.784,0.0233,0.901,0.676,0.685,0.524,0.528;aaaaaaaaaa;
0.374;0.312,0.337,0.98,0.922,0.2,0.447,0.616,0.513,0.238,0.97;aaaaaaaa;
0.711;0.474,0.744,0.522,0.442,0.732,0.777,0.633,0.223,0.719,0.252;aaaaa;
0.477;0.728,0.15,0.0236,0.392,0.41,0.987,0.581,0.992,0.981,0.538;aaa;
0.753;0.441,0.0288,0.112,0.862,0.97,0.22,0.0733,0.47,0.814,0.78;aaaaaaaaa;
0.565;0.905,0.59,0.728,0.964,0.656,0.762,0.401,0.446,0.423,0.414;aaaaaaa;
0.68;0.822,0.292,0.109,0.756,0.916,0.9,0.183,0.972,0.566,0.808;aaaa;
0.576;0.273,0.305,0.285,0.678,0.311,0.863,0.389,0.185,0.691,0.768;a;
0.168;0.69,0.48,0.853,0.051,0.00992,0.229,0.999,0.468,0.0385,0.83;aaaaa;
0.984;0.19,0.507,0.995,0.218,0.435,0.166,0.147,0.548,0.521,0.835;aaaaa;
0.512;0.074,0.479,0.481,0.223,0.499,0.034,0.392,0.558,0.666,0.989;a;
0.921;0.347,0.605,0.463,0.182,0.784,0.956,0.831,0.953,0.598,0.084;aaaaaaa;
0.731;0.795,0.308,0.86,0.291,0.66,0.423,0.122,0.976,0.523,0.502;a;
0.848;0.648,0.204,0.931,0.242,0.96,0.0015,0.383,0.723,0.0753,0.0377;aaaaaa;
0.0934;0.448,0.508,0.477,0.563,0.157,0.309,0.677,0.902,0.694,0.0615;aa;
0.929;0.9,0.869,0.338,0.572,0.256,0.858,0.453,0.142,0.098,0.925;aaaaaaaaa;
0.175;0.0738,0.615,0.287,0.443,0.474,0.567,0.437,0.718,0.171,0.758;aaaaaa;
0.457;0.482,0.77,0.405,0.625,0.945,0.00501,0.114,0.595,0.884,0.53;a;
0.523;0.0613,0.641,0.753,0.881,0.327,0.504,0.999,0.279,0.906,0.333;aa;
0.374;0.141,0.0401,0.0459,0.21,0.0743,0.722,0.682,0.978,0.879,0.158;aaaa;
0.403;0.495,0.876,0.385,0.936,0.584,0.428,0.652,0.435,0.419,0.000344;aaaa;
0.167;0.18,0.737,0.15,0.134,0.623,0.218,0.255,0.942,0.301,0.302;aaaa;
0.6;0.974,0.948,0.225,0.129,0.394,0.717,0.581,0.358,0.342,0.106;aaaa;
0.71;0.0358,0.0322,0.661,0.919,0.449,0.0117,0.724,0.829,0.311,0.228;aaaaaaaaa;
0.506;0.0404,0.235,0.292,0.369,0.28,0.508,0.422,0.101,0.133,0.3;aaaaaaaaaa;
0.645;0.454,0.535,0.0487,0.213,0.256,0.534,0.625,0.954,0.077,0.179;aaaaaaaa;
0.217;0.915,0.464,0.695,0.154,0.209,0.829,0.626,0.108,0.738,0.659;aaaaaaa;
0.664;0.179,0.0379,0.441,0.402,0.325,0.0553,0.678,0.846,0.998,0.211;aa;
0.0604;0.789,0.817,0.934,0.652,0.882,0.737,0.185,0.664,0.0832,0.37;aaa;
0.0193;0.835,0.0462,0.608,0.604,0.337,0.0866,0.902,0.97,0.25,0.338;aaaaaa;
0.818;0.706,0.883,0.813,0.725,0.307,0.582,0.322,0.567,0.706,0.622;aaaaaaaaaa;
0.505;0.015,0.693,0.485,0.251,0.173,0.51,0.432,0.502,0.951,0.655;aaaaaa;
0.209;0.959,0.884,0.277,0.214,0.688,0.121,0.292,0.168,0.696,0.668;aaa;
0.406;0.311,0.901,0.343,0.156,0.538,0.574,0.747,0.0534,0.128,0.73;aaaaaaaa;
0.245;0.266,0.449,0.549,0.0468,0.318,0.118,0.756,0.906,0.836,0.284;aaaa;
0.536;0.432,0.4,0.805,0.987,0.99,0.152,0.924,0.995,0.317,0.608;aaaa;
0.0409;0.673,0.578,0.923,0.555,0.866,0.0409,0.961,0.654,0.532,0.528;aaaaaaaaa;
0.0332;0.975,0.0964,0.993,0.616,0.416,0.636,0.12,0.153,0.0868,0.279;aaaa;
0.294;0.491,0.113,0.705,0.783,0.542,0.132,0.101,0.323,0.369,0.868;aaaa;
0.754;0.467,0.998,0.583,0.0183,0.105,0.47,0.447,0.395,0.0638,0.377;aa;
0.177;0.267,0.712,0.971,0.809,0.0991,0.991,0.154,0.769,0.398,0.175;aaaaaaaa;
0.624;0.655,0.102,0.224,0.883,0.211,0.752,0.318,0.0641,0.0563,0.698;aaaaaaaa;
0.419;0.375,0.999,0.454,0.0839,0.391,0.00811,0.561,0.653,0.872,0.97;aaaaaaa;
0.723;0.545,0.235,0.582,0.324,0.235,0.694,0.54,0.516,0.626,0.316;aaaaa;
0.435;0.0925,0.587,0.139,0.669,0.223,0.411,0.515,0.0981,0.882,0.916;aaaaaaa;
0.7;0.00319,0.142,0.178,0.402,0.718,0.637,0.993,0.22,0.132,0.153;aaaaaaaaa;
0.288;0.882,0.894,0.493,0.365,0.686,0.418,0.0649,0.461,0.0982,0.252;aaaaaaaa;
0.122;0.735,0.0385,0.595,0.16,0.0655,0.874,0.28,0.54,0.928,0.334;a;
0.246;0.871,0.397,0.363,0.333,0.382,0.772,0.538,0.593,0.87,0.218;aaaaaaaa;
0.192;0.409,0.785,0.22,0.166,0.503,0.146,0.337,0.666,0.0227,0.927;aaaaaaaaaa;
0.843;0.884,0.734,0.421,0.708,0.881,0.726,0.176,0.768,0.215,0.773;aaaaaa;
0.888;0.394,0.456,0.555,0.571,0.162,0.502,0.993,0.783,0.218,0.46;aaaaaaaa;
0.343;0.453,0.0437,0.276,0.161,0.781,0.0213,0.297,0.944,0.0584,0.151;aaaaaaaaaa;
0.157;0.682,0.773,0.88,0.34,0.539,0.131,0.599,0.7,0.257,0.258;aaa;
0.199;0.223,0.0596,0.489,0.0214,0.184,0.691,0.545,0.367,0.52,0.646;aaaaaa;
0.588;0.323,0.979,0.909,0.0266,0.372,0.25,0.771,0.498,0.0529,0.448;aaaaa;
0.77;0.392,0.0815,0.997,0.105,0.693,0.976,0.507,0.964,0.0731,0.463;aaaaaaaaaa;
0.743;0.522,0.928,0.672,0.421,0.625,0.423,0.404,0.287,0.256,0.921;aa;
0.911;0.205,0.231,0.382,0.936,0.517,0.232,0.578,0.87,0.453,0.54;aaaaaaa;
0.741;0.496,0.709,0.409,0.313,0.951,0.556,0.474,0.901,0.006,0.448;aaaaa;
0.352;0.0204,0.207,0.973,0.342,0.767,0.652,0.676,0.197,0.979,0.383;a;
0.502;0.222,0.757,0.473,0.456,0.866,0.15,0.484,0.965,0.968,0.0312;aaaaaaaa;
0.0489;0.374,0.522,0.397,0.503,0.756,0.476,0.252,0.708,0.884,0.955;aaaaa;
0.07;0.748,0.925,0.46,0.323,0.789,0.855,0.78,0.765,0.629,0.163;aaaaaaaa;
0.13;0.285,0.289,0.81,0.869,0.656,0.796,0.728,0.544,0.213,0.148;aaaaaa;
0.764;0.678,0.991,0.585,0.601,0.998,0.336,0.276,0.907,0.886,0.726;aaaaaaaaa;
0.971;0.148,0.807,0.337,0.035,0.502,0.869,0.97,0.994,0.405,0.859;aaaaaa;
0.445;0.849,0.863,0.743,0.301,0.484,0.857,0.777,0.497,0.0629,0.925;aaa;
0.864;0.225,0.673,0.961,0.973,0.511,0.917,0.0232,0.507,0.676,0.698;a;
0.129;0.624,0.478,0.202,0.236,0.395,0.638,0.912,0.727,0.705,0.251;aaaaaaaaa;
0.0234;0.132,0.276,0.777,0.368,0.00126,0.814,0.477,0.934,0.813,0.0192;aaaa;
0.297;0.786,0.645,0.0358,0.876,0.0796,0.448,0.515,0.469,0.296,0.0959;aaaaaaaa;
0.0702;0.785,0.149,0.432,0.708,0.693,0.175,0.854,0.491,0.117,0.921;aaaaaa;
0.688;0.757,0.247,0.363,0.643,0.347,0.758,0.554,0.369,0.728,0.911;aaaaaaa;
0.419;0.349,0.132,0.000233,0.757,0.507,0.989,0.475,0.87,0.474,0.897;aaaa;
0.675;0.501,0.519,0.904,0.0567,0.339,0.961,0.217,0.694,0.0694,0.173;aaaaaaa;
0.864;0.347,0.853,0.076,0.96,0.37,0.337,0.832,0.459,0.0088,0.865;aaaaa;
0.389;0.36,0.635,0.66,0.959,0.954,0.459,0.52,0.671,0.93,0.219;aaaa;
0.197;0.258,0.732,0.254,0.67,0.938,0.752,0.749,0.474,0.433,0.429;a;
0.52;0.765,0.65,0.791,0.119,0.29,0.861,0.35,0.212,0.487,0.0295;aaaaaaaaa;
0.939;0.711,0.73,0.145,0.637,0.201,0.563,0.0654,0.89,0.109,0.393;aaaaa;
0.407;0.606,0.395,0.3,0.0795,0.67,0.24,0.699,0.451,0.0524,0.173;aaaaaaaa;
0.0558;0.00524,0.955,0.635,0.997,0.462,0.577,0.911,0.898,0.919,0.341;aaa;
0.853;0.462,0.763,0.519,0.732,0.193,0.888,0.114,0.892,0.463,0.749;aaa;
0.477;0.602,0.911,0.99,0.0209,0.984,0.492,0.142,0.162,0.0403,0.779;aaaaaaaa;
0.983;0.759,0.488,0.323,0.224,0.711,0.126,0.51,0.818,0.668,0.114;aaaaaaaaaa;
0.931;0.223,0.867,0.324,0.312,0.152,0.661,0.195,0.698,0.682,0.822;aaaaaaa;
0.145;0.068,0.0408,0.303,0.0932,0.22,0.665,0.135,0.967,0.785,0.0405;aaa;
0.00488;0.106,0.89,0.142,0.65,0.221,0.794,0.518,0.913,0.256,0.709;aaaaaaaa;
0.709;0.811,0.81,0.945,0.806,0.184,0.395,0.755,0.709,0.206,0.0119;aaaaaaaaa;
0.202;0.41,0.674,0.461,0.512,0.995,0.654,0.955,0.659,0.685,0.971;aaaaaaaaa;
0.349;0.468,0.154,0.0608,0.0346,0.493,0.276,0.252,0.809,0.586,0.365;aaaaaaaaaa;
0.0443;0.221,0.635,0.0429,0.156,0.992,0.229,0.593,0.418,0.411,0.0178;aaaa;
0.162;0.391,0.11,0.775,0.994,0.0836,0.427,0.654,0.699,0.0349,0.397;aaaaa;
0.39;0.0157,0.197,0.241,0.336,0.418,0.565,0.795,0.699,0.421,0.711;aaaaaa;
0.804;0.649,0.136,0.754,0.104,0.131,0.0605,0.585,0.026,0.558,0.986;aa;
0.337;0.528,0.486,0.385,0.677,0.342,0.324,0.871,0.85,0.699,0.438;a;
0.258;0.0852,0.775,0.563,0.588,0.966,0.828,0.81,0.863,0.665,0.612;aaaa;
0.789;0.757,0.848,0.0712,0.522,0.66,0.738,0.662,0.154,0.508,0.448;aaaa;
0.452;0.734,0.815,0.839,0.621,0.842,0.328,0.898,0.387,0.46,0.193;aaaa;
0.88;0.224,0.751,0.0409,0.187,0.979,0.968,0.474,0.623,0.464,0.591;aaaaaaaaa;
0.057;0.355,0.933,0.521,0.684,0.888,0.575,0.402,0.952,0.851,0.042;aaaaaaaa;
0.94;0.976,0.78,0.502,0.144,0.723,0.801,0.491,0.695,0.852,0.845;aaaaaa;
0.917;0.475,0.357,0.0964,0.393,0.664,0.519,0.552,0.36,0.708,0.536;aaaaaa;
0.578;0.634,0.038,0.207,0.754,0.379,0.0315,0.918,0.573,0.201,0.673;aaaaaaaaaa;
0.239;0.729,0.722,0.33,0.388,0.982,0.113,0.375,0.832,0.948,0.269;aaaaaa;
0.911;0.806,0.41,0.475,0.963,0.671,0.938,0.358,0.0924,0.139,0.986;aaaa;
0.233;0.698,0.476,0.376,0.781,0.705,0.538,0.943,0.0928,0.128,0.0629;aaaa;
0.915;0.423,0.148,0.336,0.998,0.81,0.846,0.666,0.646,0.854,0.826;aaaaaaaaaa;
0.339;0.364,0.663,0.97,0.902,0.775,0.993,0.749,0.996,0.776,0.291;aaaaaa;
0.802;0.408,0.617,0.768,0.267,0.146,0.79,0.659,0.443,0.616,0.62;aaaaaa;
0.554;0.434,0.256,0.806,0.964,0.0728,0.323,0.093,0.713,0.32,0.425;aa;
0.84;0.815,0.772,0.498,0.336,0.136,0.339,0.659,0.59,0.0822,0.961;aaaaa;
0.0451;0.626,0.467,0.313,0.216,0.737,0.456,0.0748,0.335,0.613,0.541;aaaaaa;
0.868;0.355,0.784,0.251,0.035,0.933,0.901,0.86,0.636,0.147,0.0894;aaa;
0.203;0.72,0.554,0.482,0.352,0.843,0.266,0.969,0.809,0.383,0.739;aa;
0.82;0.779,0.147,0.903,0.792,0.012,0.155,0.319,0.615,0.693,0.74;aaaaaa;
0.422;0.221,0.36,0.449,0.378,0.202,0.896,0.999,0.0398,0.383,0.0388;aaaa;
0.281;0.0733,0.0961,0.687,0.785,0.16,0.225,0.0844,0.804,0.935,0.337;aaaa;
0.721;0.769,0.229,0.726,0.067,0.397,0.646,0.843,0.284,0.34,0.123;aaaaaaa;
0.784;0.132,0.242,0.127,0.897,0.73,0.622,0.761,0.352,0.176,0.846;aaaaa;
0.872;0.359,0.561,0.79,0.126,0.975,0.642,0.216,0.426,0.896,0.55;aa;
0.553;0.603,0.348,0.286,0.906,0.095,0.409,0.333,0.729,0.589,0.132;aa;
0.188;0.372,0.455,0.409,0.7,0.529,0.698,0.782,0.741,0.429,0.502;aaaaaaa;
0.942;0.226,0.108,0.134,0.675,0.573,0.917,0.161,0.594,0.636,0.551;aaa;
0.644;0.912,0.13,0.576,0.995,0.477,0.263,0.734,0.831,0.351,0.822;aaaaaaaa;
0.583;0.97,0.791,0.871,0.321,0.445,0.567,0.0391,0.127,0.114,0.507;aaaaaaaaaa;
0.286;0.862,0.814,0.58,0.806,0.676,0.301,0.402,0.163,0.0177,0.136;aaaaaa;
0.535;0.913,0.861,0.427,0.475,0.464,0.0299,0.866,0.0569,0.157,0.738;aaa;
0.294;0.0446,0.906,0.752,0.433,0.638,0.0602,0.995,0.724,0.153,0.0784;aaaaaaaaaa;
0.86;0.0411,0.577,0.708,0.0735,0.871,0.46,0.529,0.135,0.976,0.797;aaa;
0.0985;0.301,0.758,0.069,0.0826,0.855,0.843,0.489,0.319,0.852,0.938;aaaaaaa;
0.11;0.998,0.115,0.608,0.893,0.569,0.111,0.85,0.336,0.914,0.671;aa;
0.402;0.921,0.245,0.466,0.615,0.652,0.819,0.533,0.535,0.162,0.516;aaaaaaaa;
0.428;0.163,0.671,0.143,0.727,0.148,0.0172,0.237,0.737,0.229,0.635;aaaaaaaaa;
0.737;0.335,0.844,0.109,0.177,0.0178,0.421,0.696,0.00224,0.756,0.254;aaaaaaa;
0.681;0.0194,0.775,0.294,0.893,0.697,0.538,0.0907,0.15,0.415,0.901;aaaaaa;
0.216;0.385,0.126,0.765,0.747,0.917,0.668,0.42,0.505,0.215,0.88;aaaa;
0.15;0.646,0.803,0.0896,0.621,0.32,0.563,0.787,0.834,0.301,0.809;aaaaaaaaa;
0.556;0.337,0.262,0.689,0.346,0.817,0.623,0.209,0.318,0.464,0.898;aaaaaaaaa;
0.386;0.277,0.406,0.259,0.505,0.205,0.0678,0.537,0.237,0.141,0.808;aaaaaaaa;
0.888;0.526,0.577,0.731,0.057,0.00881,0.314,0.177,0.844,0.829,0.525;a;
0.942;0.0608,0.507,0.103,0.477,0.525,0.473,0.0226,0.526,0.868,0.619;aaaaaaa;
0.737;0.196,0.625,0.661,0.252,0.0415,0.44,0.0147,0.599,0.665,0.576;aaaa;
0.372;0.571,0.456,0.348,0.548,0.865,0.327,0.651,0.374,0.776,0.552;aaa;
0.153;0.91,0.921,0.556,0.741,0.468,0.199,0.713,0.377,0.956,0.646;aaaaa;
0.864;0.128,0.59,0.857,0.694,0.495,0.152,0.788,0.901,0.857,0.777;aaaaaa;
0.152;0.825,0.532,0.275,0.946,0.721,0.759,0.738,0.499,0.7,0.415;aaaaa;
0.298;0.492,0.181,0.537,0.342,0.68,0.844,0.523,0.742,0.581,0.195;aaaaaaa;
0.978;0.486,0.552,0.609,0.338,0.0771,0.388,0.989,0.508,0.863,0.843;aaaaaaaaaa;
0.598;0.116,0.87,0.156,0.389,0.362,0.967,0.315,0.187,0.752,0.389;aaaaaaa;
0.0249;0.337,0.291,0.808,0.97,0.616,0.853,0.49,0.632,0.987,0.858;aaaaaaaa;
0.528;0.175,0.121,0.598,0.661,0.677,0.907,0.983,0.625,0.00849,0.159;aaa;
0.259;0.655,0.0735,0.707,0.0507,0.0993,0.875,0.128,0.179,0.696,0.231;aaa;
0.92;0.741,0.622,0.1,0.624,0.205,0.376,0.896,0.807,0.696,0.118;aaaaaaaa;
0.00324;0.96,0.76,0.916,0.941,0.49,0.286,0.488,0.514,0.931,0.234;aa;
0.969;0.281,0.299,0.216,0.22,0.0632,0.76,0.971,0.424,0.355,0.917;aaa;
0.0529;0.334,0.683,0.625,0.0519,0.0943,0.847,0.289,0.308,0.101,0.889;aaa;
0.499;0.25,0.789,0.79,0.0152,0.641,0.194,0.0186,0.067,0.133,0.504;aaa;
0.179;0.743,0.677,0.207,0.902,0.893,0.485,0.0191,0.454,0.771,0.378;aaa;
0.947;0.414,0.747,0.17,0.667,0.471,0.553,0.915,0.209,0.651,0.448;aaaaaaaa;
0.924;0.139,0.598,0.869,0.886,0.912,0.976,0.842,0.409,0.193,0.412;aaaaaaaaaa;
0.605;0.932,0.412,0.29,0.000304,0.299,0.0368,0.0381,0.582,0.482,0.946;aaaaaaaaa;
0.534;0.75,0.148,0.667,0.435,0.933,0.403,0.733,0.579,0.608,0.825;aaaaaa;
0.348;0.8,0.939,0.999,0.593,0.929,0.923,0.716,0.865,0.928,0.772;aa;
0.74;0.859,0.15,0.32,0.471,0.86,0.883,0.948,0.257,0.2,0.534;aaaaa;
0.2;0.7,0.905,0.74,0.174,0.947,0.69,0.991,0.797,0.686,0.436;a;
0.0665;0.607,0.513,0.78,0.00172,0.00275,0.686,0.0467,0.296,0.802,0.408;aaaaaaa;
0.379;0.0503,0.0891,0.385,0.69,0.954,0.81,0.813,0.584,0.529,0.907;a;
0.933;0.831,0.863,0.289,0.514,0.876,0.619,0.227,0.852,0.817,0.106;aaaaaa;
0.336;0.428,0.849,0.236,0.214,0.0294,0.834,0.366,0.0652,0.79,0.277;aa;
0.348;0.82,0.113,0.538,0.809,0.609,0.354,0.281,0.906,0.421,0.455;aaaaaaaa;
0.211;0.262,0.666,0.707,0.765,0.838,0.336,0.593,0.405,0.0121,0.458;aaaa;
0.755;0.0173,0.243,0.646,0.626,0.226,0.957,0.712,0.496,0.459,0.177;aaa;
0.14;0.779,0.91,0.852,0.987,0.988,0.804,0.377,0.307,0.622,0.229;aaaaa;
0.585;0.42,0.461,0.677,0.75,0.622,0.374,0.927,0.912,0.0594,0.589;aaaa;
0.118;0.385,0.96,0.664,0.494,0.794,0.834,0.396,0.684,0.462,0.869;aaaa;
0.857;0.512,0.53,0.912,0.224,0.171,0.922,0.0393,0.3,0.353,0.529;aa;
0.259;0.108,0.34,0.671,0.62,0.0504,0.359,0.34,0.356,0.894,0.619;aaaaaaaa;
0.141;0.516,0.234,0.7,0.477,0.214,0.0671,0.181,0.565,0.698,0.415;aaaaaaaaaa;
0.176;0.48,0.96,0.644,0.384,0.85,0.6,0.692,0.693,0.416,0.319;aaaaaaaaa;
0.136;0.738,0.498,0.684,0.255,0.43,0.966,0.0814,0.539,0.646,0.614;aaaaaaa;
0.602;0.933,0.955,0.397,0.374,0.486,0.106,0.0525,0.0512,0.719,0.517;aaaaaa;
0.107;0.74,0.686,0.227,0.337,0.395,0.222,0.708,0.991,0.0359,0.435;aaaaa;
0.0989;0.249,0.223,0.963,0.0634,0.231,0.992,0.189,0.796,0.729,0.546;aa;
0.75;0.0289,0.081,0.137,0.918,0.506,0.856,0.811,0.148,0.418,0.106;aaaaaaaaa;
0.0506;0.854,0.773,0.824,0.327,0.778,0.209,0.645,0.168,0.369,0.973;aaaaaaaaa;
0.21;0.988,0.333,0.992,0.545,0.719,0.482,0.779,0.494,0.532,0.732;aaaaaaaaaa;
0.603;0.429,0.254,0.207,0.186,0.999,0.274,0.833,0.522,0.735,0.6;aaa;
0.434;0.429,0.408,0.149,0.137,0.0491,0.404,0.0763,0.238,0.966,0.511;aaaaaaaaaa;
0.0322;0.37,0.261,0.0192,0.265,0.754,0.918,0.194,0.963,0.34,0.978;aaaaaaaaa;
0.667;0.631,0.757,0.32,0.297,0.49,0.0445,0.92,0.812,0.281,0.22;aaaaaaaa;
0.337;0.828,0.512,0.873,0.576,0.267,0.98,0.305,0.634,0.557,0.602;aa;
0.505;0.886,0.0607,0.984,0.742,0.528,0.604,0.48,0.421,0.225,0.603;aaaaaaaaa;
0.64;0.472,0.759,0.186,0.467,0.356,0.424,0.486,0.71,0.796,0.397;aaaa;
0.372;0.808,0.12,0.995,0.275,0.424,0.0264,0.000514,0.519,0.253,0.27;a;
0.815;0.708,0.0135,0.306,0.998,0.0684,0.256,0.724,0.405,0.671,0.677;aaaaaaaa;
0.271;0.338,0.442,0.289,0.53,0.382,0.509,0.909,0.771,0.772,0.67;aaaaa;
0.938;0.499,0.499,0.322,0.821,0.884,0.754,0.55,0.5,0.753,0.183;aaaa;
0.0627;0.716,0.328,0.363,0.952,0.319,0.0111,0.611,0.554,0.7,0.953;aaaaaaaaa;
0.474;0.667,0.234,0.837,0.832,0.145,0.445,0.777,0.404,0.267,0.592;aaaa;
0.0868;0.567,0.631,0.313,0.498,0.816,0.675,0.0747,0.199,0.518,0.848;aaaaaaaaa;
0.957;0.402,0.992,0.209,0.29,0.931,0.777,0.259,0.542,0.382,0.159;aaaaaaaaaa;
0.562;0.766,0.152,0.295,0.728,0.897,0.0878,0.567,0.812,0.998,0.854;aaaaaaaaaa;
0.0676;0.796,0.823,0.735,0.128,0.8,0.787,0.44,0.254,0.438,0.235;aaaaa;
0.95;0.397,0.54,0.636,0.877,0.427,0.518,0.383,0.07,0.36,0.195;aaaaa;
0.158;0.452,0.954,0.642,0.754,0.84,0.326,0.419,0.214,0.564,0.117;aa;
0.871;0.672,0.922,0.729,0.84,0.464,0.202,0.303,0.276,0.384,0.71;aaaaaaa;
0.295;0.243,0.95,0.0938,0.315,0.939,0.606,0.496,0.274,0.658,0.365;aa;
0.425;0.85,0.239,0.932,0.00623,0.582,0.614,0.831,0.0706,0.792,0.458;aaaaa;
0.259;0.164,0.791,0.533,0.365,0.878,0.0815,0.836,0.139,0.802,0.386;aaaaaaaaa;
0.326;0.903,0.421,0.21,0.798,0.817,0.975,0.384,0.297,0.142,0.59;aaaaaaaa;
0.372;0.235,0.422,0.941,0.941,0.277,0.15,0.53,0.863,0.0275,0.97;aaa;
0.282;0.864,0.108,0.645,0.911,0.61,0.178,0.475,0.703,0.357,0.639;aaaaa;
0.53;0.43,0.773,0.682,0.00743,0.946,0.701,0.0975,0.623,0.186,0.648;aaaaa;
0.142;0.173,0.219,0.714,0.833,0.999,0.852,0.295,0.47,0.885,0.239;aaa;
0.0516;0.726,0.912,0.366,0.651,0.883,0.00133,0.899,0.886,0.071,0.923;aa;
0.683;0.926,0.0745,0.619,0.452,0.104,0.51,0.784,0.305,0.989,0.498;aaaaaaaa;
0.897;0.17,0.464,0.777,0.134,0.393,0.388,0.107,0.21,0.113,0.558;aaaaaaaaaa;
0.166;0.161,0.236,0.0127,0.783,0.517,0.0256,0.153,0.938,0.983,0.482;a;
0.148;0.61,0.813,0.398,0.0104,0.753,0.06,0.662,0.688,0.799,0.81;a;
0.334;0.483,0.461,0.0199,0.067,0.793,0.315,0.0825,0.509,0.701,0.33;aa;
0.809;0.15,0.85,0.0885,0.214,0.073,0.635,0.869,0.358,0.349,0.215;aaaaaa;
0.613;0.595,0.309,0.085,0.241,0.903,0.748,0.531,0.805,0.406,0.321;aaaaaaaaa;
0.847;0.645,0.732,0.847,0.608,0.748,0.907,0.645,0.0616,0.731,0.632;aaaaaaaaa;
0.954;0.748,0.257,0.576,0.907,0.466,0.505,0.865,0.493,0.583,0.806;aaaa;
0.149;0.647,0.858,0.228,0.563,0.678,0.668,0.844,0.348,0.626,0.87;aaaaaaaaa;
0.0746;0.507,0.664,0.698,0.685,0.651,0.096,0.606,0.766,0.885,0.441;aaaa;
0.0265;0.984,0.252,0.357,0.398,0.893,0.145,0.322,0.233,0.158,0.231;aaaaaaaa;
0.828;0.0501,0.616,0.305,0.71,0.599,0.126,0.56,0.993,0.919,0.497;aaaaaaaa;
0.23;0.348,0.79,0.705,0.067,0.789,0.278,0.558,0.464,0.36,0.721;aaaaaaa;
0.113;0.659,0.838,0.489,0.987,0.409,0.268,0.672,0.436,0.722,0.401;aaaaaaaaaa;
0.334;0.102,0.345,0.22,0.336,0.994,0.144,0.664,0.911,0.732,0.364;aaaaaaaaa;
0.414;0.369,0.793,0.0778,0.902,0.197,0.963,0.685,0.663,0.532,0.211;aaa;
0.683;0.0865,0.0488,0.463,0.47,0.209,0.326,0.875,0.947,0.786,0.93;aaaaaaa;
0.321;0.911,0.166,0.391,0.0833,0.435,0.102,0.468,0.657,0.663,0.912;aaaaaaaaaa;
0.786;0.404,0.456,0.953,0.277,0.694,0.268,0.522,0.327,0.0212,0.767;aaaaaaaaaa;
0.996;0.889,0.404,0.536,0.768,0.0647,0.157,0.888,0.741,0.871,0.401;aaaaa;
0.7;0.0943,0.477,0.721,0.203,0.998,0.216,0.448,0.0864,0.413,0.293;a;
0.8;0.0829,0.247,0.911,0.902,0.362,0.0147,0.0329,0.695,0.814,0.793;aaaaaaaa;
0.478;0.063,0.567,0.814,0.842,0.264,0.438,0.928,0.196,0.98,0.425;aaaaaa;
0.526;0.403,0.0272,0.959,0.98,0.397,0.875,0.115,0.189,0.888,0.715;aaaaaaa;
0.3;0.252,0.676,0.126,0.171,0.152,0.607,0.917,0.236,0.816,0.24;aaaaaaaaaa;
0.822;0.551,0.459,0.264,0.107,0.0255,0.246,0.751,0.789,0.606,0.351;aaaaaaaaa;
0.0075;0.287,0.0776,0.769,0.0207,0.964,0.146,0.374,0.339,0.011,0.444;aa;
0.709;0.83,0.522,0.321,0.687,0.225,0.495,0.14,0.956,0.585,0.00476;aaaaaa;
0.932;0.613,0.724,0.194,0.886,0.388,0.873,0.81,0.0165,0.998,0.949;aa;
0.23;0.826,0.929,0.796,0.611,0.24,0.663,0.561,0.141,0.109,0.411;aaaaaaaaaa;
0.54;0.851,0.576,0.471,0.0318,0.981,0.548,0.171,0.0992,0.942,0.746;aa;
0.712;0.62,0.631,0.818,0.669,0.419,0.615,0.74,0.106,0.63,0.0745;aaaaaaaaaa;
0.502;0.807,0.901,0.759,0.0239,0.986,0.466,0.844,0.678,0.342,0.345;aaa;
0.885;0.0832,0.0876,0.364,0.476,0.319,0.397,0.0436,0.872,0.817,0.459;aaaaaa;
0.63;0.0967,0.789,0.555,0.348,0.832,0.0284,0.915,0.114,0.715,0.517;aaaaa;
0.234;0.142,0.179,0.5,0.0953,0.382,0.0228,0.602,0.495,0.251,0.361;aa;
0.661;0.208,0.204,0.216,0.324,0.589,0.0539,0.289,0.0808,0.558,0.146;aaaaaa;
0.991;0.799,0.638,0.4,0.622,0.143,0.232,0.369,0.245,0.264,0.772;aa;
0.749;0.937,0.0245,0.728,0.218,0.899,0.301,0.189,0.0983,0.749,0.727;aaaaaaaa;
0.651;0.507,0.0989,0.0762,0.861,0.0705,0.584,0.211,0.334,0.941,0.421;aaaaaaa;
0.975;0.102,0.515,0.679,0.771,0.621,0.34,0.742,0.106,0.541,0.0195;a;
0.0382;0.967,0.102,0.441,0.754,0.207,0.985,0.634,0.253,0.231,0.915;aaa;
0.465;0.043,0.711,0.642,0.459,0.872,0.539,0.0095,0.191,0.854,0.476;aa;
0.262;0.659,0.762,0.595,0.0215,0.202,0.238,0.784,0.574,0.992,0.4;aaaa;
0.725;0.96,0.369,0.464,0.0295,0.782,0.557,0.863,0.351,0.606,0.539;aa;
0.322;0.843,0.339,0.0274,0.282,0.48,0.486,0.39,0.133,0.0499,0.481;aaaaa;
0.542;0.656,0.17,0.325,0.061,0.512,0.491,0.657,0.125,0.634,0.739;aaaaaaaaa;
0.5;0.575,0.0216,0.742,0.581,0.947,0.167,0.0213,0.727,0.193,0.839;aa;
0.757;0.196,0.436,0.166,0.226,0.925,0.168,0.599,0.435,0.54,0.693;aaaaa;
0.723;0.15,0.0792,0.735,0.949,0.489,0.593,0.812,0.399,0.648,0.964;aaaaaaaaa;
0.446;0.298,0.982,0.579,0.479,0.85,0.104,0.967,0.818,0.605,0.968;aaaaaaa;
0.716;0.65,0.454,0.682,0.608,0.459,0.314,0.6,0.00183,0.873,0.613;aaaaaaaa;
0.098;0.305,0.685,0.441,0.291,0.618,0.883,0.192,0.388,0.461,0.308;aa;
0.727;0.817,0.379,0.361,0.744,0.538,0.0972,0.78,0.408,0.0388,0.413;aaaaaaaa;
0.988;0.758,0.387,0.966,0.914,0.766,0.535,0.151,0.11,0.712,0.859;aaaaaaaaaa;
0.55;0.424,0.0727,0.315,0.66,0.0411,0.0925,0.358,0.514,0.463,0.216;aaaaaaaaaa;
0.725;0.51,0.2,0.582,0.561,0.765,0.194,0.85,0.0781,0.553,0.4;aaaaaaa;
0.865;0.0525,0.399,0.87,0.623,0.64,0.178,0.241,0.363,0.937,0.966;aa;
0.974;0.694,0.958,0.00656,0.284,0.175,0.803,0.206,0.653,0.795,0.642;aaaaa;
0.146;0.779,0.759,0.104,0.469,0.995,0.228,0.453,0.556,0.895,0.329;aaaa;
0.0661;0.473,0.259,0.258,0.299,0.283,0.0798,0.894,0.344,0.526,0.347;aa;
0.394;0.403,0.227,0.892,0.844,0.405,0.802,0.754,0.346,0.673,0.348;aaa;
0.114;0.257,0.671,0.194,0.405,0.296,0.43,0.274,0.0241,0.799,0.0828;aa;
0.447;0.69,0.8,0.66,0.762,0.756,0.599,0.496,0.874,0.993,0.938;aaaaaaaaa;
0.802;0.407,0.61,0.0897,0.256,0.47,0.765,0.767,0.291,0.978,0.543;aaaa;
0.328;0.905,0.0364,0.879,0.884,0.0882,0.659,0.562,0.19,0.922,0.824;aaa;
0.182;0.281,0.195,0.644,0.659,0.264,0.902,0.115,0.294,0.549,0.0135;aaaaaaa;
0.352;0.737,0.378,0.456,0.435,0.872,0.169,0.649,0.948,0.807,0.0121;aaaaaaaaaa;
0.113;0.349,0.916,0.315,0.204,0.733,0.653,0.474,0.974,0.854,0.0213;aa;
0.955;0.5,0.912,0.74,0.609,0.865,0.054,0.774,0.344,0.0483,0.341;a;
0.481;0.976,0.436,0.454,0.748,0.96,0.109,0.548,0.914,0.243,0.139;aaaaa;
0.798;0.247,0.146,0.312,0.936,0.219,0.0883,0.268,0.983,0.328,0.958;a;
0.279;0.746,0.833,0.733,0.094,0.687,0.749,0.329,0.335,0.267,0.972;aaaa;
0.0719;0.48,0.0708,0.769,0.403,0.229,0.431,0.68,0.661,0.167,0.209;aaaaaaaaaa;
0.291;0.724,0.872,0.492,0.684,0.458,0.352,0.139,0.225,0.484,0.869;aaaaaaaaaa;
0.632;0.502,0.433,0.328,0.542,0.128,0.474,0.531,0.11,0.43,0.293;aaaaaaaa;
0.278;0.427,0.489,0.294,0.242,0.919,0.809,0.889,0.257,0.847,0.871;aaaaaaaaaa;
0.269;0.391,0.991,0.17,0.163,0.898,0.957,0.964,0.33,0.287,0.494;aaaaaaaaaa;
0.993;0.964,0.0567,0.824,0.8,0.878,0.719,0.688,0.197,0.549,0.916;aa;
0.261;0.834,0.866,0.616,0.818,0.974,0.298,0.877,0.388,0.539,0.79;aaaaaaaa;
0.0582;0.976,0.714,0.719,0.553,0.148,0.36,0.121,0.294,0.318,0.527;aaa;
0.289;0.102,0.788,0.13,0.968,0.154,0.12,0.107,0.439,0.213,0.0837;aaaaaaaaaa;
0.895;0.918,0.696,0.712,0.431,0.713,0.0802,0.325,0.275,0.78,0.9;aaaaaaa;
0.792;0.332,0.291,0.0662,0.000772,0.418,0.621,0.174,0.56,0.416,0.829;aaaaa;
0.275;0.884,0.912,0.0877,0.49,0.602,0.0222,0.28,0.317,0.329,0.554;aaaaaaaaa;
0.173;0.772,0.624,0.759,0.844,0.53,0.109,0.52,0.611,0.517,0.233;aaaaaa;
0.565;0.5,0.0417,0.828,0.712,0.0726,0.797,0.306,0.85,0.658,0.123;aaaa;
0.877;0.368,0.455,0.946,0.0916,0.865,0.379,0.681,0.388,0.213,0.565;aaaaaaaaa;
0.873;0.897,0.764,0.354,0.66,0.853,0.329,0.958,0.921,0.0607,0.594;aaaaaaa;
0.303;0.0626,0.837,0.465,0.117,0.494,0.876,0.43,0.317,0.131,0.737;aaaaa;
0.795;0.235,0.804,0.108,0.625,0.0807,0.565,0.148,0.572,0.673,0.503;aaaaa;
0.36;0.858,0.795,0.000343,0.267,0.637,0.0615,0.556,0.982,0.34,0.885;aaa;
0.519;0.449,0.88,0.778,0.223,0.724,0.163,0.66,0.779,0.132,0.959;aaaaaaaa;
0.822;0.0844,0.365,0.862,0.464,0.819,0.286,0.501,0.328,0.543,0.955;aaaaaaaaa;
0.138;0.788,0.164,0.898,0.767,0.566,0.511,0.231,0.899,0.802,0.688;aaaaaa;
0.878;0.752,0.666,0.242,0.437,0.86,0.87,0.0897,0.0396,0.56,0.719;aaaaaaa;
0.798;0.0391,0.624,0.492,0.266,0.00929,0.509,0.331,0.34,0.623,0.708;aaaaa;
0.471;0.511,0.314,0.0624,0.164,0.272,0.833,0.111,0.388,0.845,0.26;aaaaaaa;
0.364;0.13,0.532,0.846,0.618,0.349,0.644,0.114,0.214,0.00908,0.229;aaaaaaaaa;
0.144;0.582,0.498,0.255,0.445,0.916,0.0956,0.0412,0.268,0.46,0.302;aaa;
0.891;0.258,0.15,0.98,0.504,0.358,0.176,0.58,0.353,0.625,0.106;aaaaaaaaaa;
0.453;0.292,0.133,0.984,0.714,0.433,0.531,0.131,0.366,0.205,0.748;aaa;
0.164;0.143,0.288,0.253,0.397,0.742,0.233,0.755,0.94,0.392,0.655;aa;
0.722;0.73,0.651,0.894,0.284,0.16,0.921,0.787,0.846,0.663,0.264;aa;
0.0187;0.896,0.0421,0.342,0.535,0.0667,0.472,0.465,0.814,0.964,0.0711;aaaaa;
0.504;0.146,0.537,0.833,0.992,0.93,0.449,0.575,0.174,0.85,0.664;aaaaaaa;
0.109;0.387,0.557,0.604,0.753,0.654,0.0687,0.703,0.627,0.785,0.342;aaaaaa;
0.145;0.0762,0.294,0.444,0.396,0.898,0.189,0.398,0.564,0.673,0.943;aaa;
0.718;0.897,0.34,0.0343,0.868,0.806,0.758,0.627,0.492,0.147,0.704;aaaaa;
0.358;0.584,0.596,0.913,0.598,0.716,0.71,0.534,0.823,0.215,0.894;aaaaaaaa;
0.392;0.514,0.143,0.101,0.0311,0.463,0.0836,0.0851,0.795,0.587,0.0993;aaaaaaaaaa;
0.941;0.33,0.12,0.761,0.0596,0.538,0.578,0.355,0.203,0.246,0.382;aaaaaaaaa;
0.801;0.0934,0.745,0.1,0.862,0.748,0.843,0.437,0.22,0.228,0.923;aaaaa;
0.912;0.41,0.135,0.109,0.851,0.803,0.76,0.252,0.64,0.993,0.549;aaaaaaa;
0.343;0.189,0.881,0.744,0.483,0.162,0.681,0.656,0.0759,0.763,0.634;aaaaaaaaaa;
0.476;0.556,0.953,0.118,0.785,0.803,0.396,0.8,0.455,0.852,0.319;aaaaaaaa;
0.0943;0.254,0.56,0.295,0.738,0.529,0.139,0.656,0.0535,0.303,0.0557;aaaaa;
0.607;0.914,0.726,0.0716,0.56,0.752,0.703,0.301,0.467,0.636,0.613;aaaaaaa;
0.925;0.272,0.279,0.881,0.313,0.0545,0.178,0.699,0.00214,0.964,0.54;aaaaaa;
0.178;0.943,0.417,0.137,0.489,0.204,0.734,0.444,0.332,0.801,0.107;aaaaaaaa;
0.856;0.0293,0.722,0.974,0.0707,0.718,0.442,0.536,0.449,0.54,0.00855;aaaaaaa;
0.61;0.953,0.118,0.18,0.637,0.519,0.00914,0.469,0.578,0.955,0.231;aaaaaaaa;
0.446;0.0571,0.148,0.745,0.79,0.817,0.567,0.993,0.121,0.0538,0.154;aaaaaa;
0.023;0.89,0.267,0.571,0.82,0.209,0.548,0.41,0.276,0.833,0.796;aaaaa;
0.178;0.943,0.417,0.137,0.489,0.204,0.734,0.444,0.332,0.801,0.107;aaaaaaaa;
0.856;0.0293,0.722,0.974,0.0707,0.718,0.442,0.536,0.449,0.54,0.00855;a;
0.61;0.953,0.118,0.18,0.637,0.519,0.00914,0.469,0.578,0.955,0.231;aaaaaaaa;
0.446;0.0571,0.148,0.745,0.79,0.817,0.567,0.993,0.121,0.0538,0.154;aaaaaaaa;
0.023;0.89,0.267,0.571,0.82,0.209,0.548,0.41,0.276,0.833,0.796;aaaaaaaaa;
0.178;0.943,0.417,0.137,0.489,0.204,0.734,0.444,0.332,0.801,0.107;aaaaaa;
0.856;0.0293,0.722,0.974,0.0707,0.718,0.442,0.536,0.449,0.54,0.00855;aaaaaaa;
0.61;0.953,0.118,0.18,0.637,0.519,0.00914,0.469,0.578,0.955,0.231;a;
0.446;0.0571,0.148,0.745,0.79,0.817,0.567,0.993,0.121,0.0538,0.154;aaaaaa;
0.023;0.89,0.267,0.571,0.82,0.209,0.548,0.41,0.276,0.833,0.796;a;
0.178;0.943,0.417,0.137,0.489,0.204,0.734,0.444,0.332,0.801,0.107;aaaaaaa;
0.856;0.0293,0.722,0.974,0.0707,0.718,0.442,0.536,0.449,0.54,0.00855;aaaaaaa;
0.61;0.953,0.118,0.18,0.637,0.519,0.00914,0.469,0.578,0.955,0.231;aaaaaaaa;
0.446;0.0571,0.148,0.745,0.79,0.817,0.567,0.993,0.121,0.0538,0.154;aaaaaaaa;
0.023;0.89,0.267,0.571,0.82,0.209,0.548,0.41,0.276,0.833,0.796;aaaaaaaaaa;
0.178;0.943,0.417,0.137,0.489,0.204,0.734,0.444,0.332,0.801,0.107;aa;
0.856;0.0293,0.722,0.974,0.0707,0.718,0.442,0.536,0.449,0.54,0.00855;aaaaaaaaa;
0.61;0.953,0.118,0.18,0.637,0.519,0.00914,0.469,0.578,0.955,0.231;aaaaaaaa;
0.446;0.0571,0.148,0.745,0.79,0.817,0.567,0.993,0.121,0.0538,0.154;aaaaaa;
0.023;0.89,0.267,0.571,0.82,0.209,0.548,0.41,0.276,0.833,0.796;aaaaaaaaa;
0.178;0.943,0.417,0.137,0.489,0.204,0.734,0.444,0.332,0.801,0.107;aaaaaaaaa;
0.856;0.0293,0.722,0.974,0.0707,0.718,0.442,0.536,0.449,0.54,0.00855;aaaaaaa;
0.61;0.953,0.118,0.18,0.637,0.519,0.00914,0.469,0.578,0.955,0.231;aaaaaaa;
0.446;0.0571,0.148,0.745,0.79,0.817,0.567,0.993,0.121,0.0538,0.154;aaaaaaa;
0.023;0.89,0.267,0.571,0.82,0.209,0.548,0.41,0.276,0.833,0.796;aaaaa;
0.178;0.943,0.417,0.137,0.489,0.204,0.734,0.444,0.332,0.801,0.107;aaaaaaaaaa;
0.856;0.0293,0.722,0.974,0.0707,0.718,0.442,0.536,0.449,0.54,0.00855;aa;
0.61;0.953,0.118,0.18,0.637,0.519,0.00914,0.469,0.578,0.955,0.231;aaa;
0.446;0.0571,0.148,0.745,0.79,0.817,0.567,0.993,0.121,0.0538,0.154;aaaaaaaaa;
0.023;0.89,0.267,0.571,0.82,0.209,0.548,0.41,0.276,0.833,0.796;aaaaaaaa;
0.178;0.943,0.417,0.137,0.489,0.204,0.734,0.444,0.332,0.801,0.107;aaaa;
0.856;0.0293,0.722,0.974,0.0707,0.718,0.442,0.536,0.449,0.54,0.00855;aa;
0.61;0.953,0.118,0.18,0.637,0.519,0.00914,0.469,0.578,0.955,0.231;aaaaaaaaa;
0.446;0.0571,0.148,0.745,0.79,0.817,0.567,0.993,0.121,0.0538,0.154;aaaaaaaaa;
0.023;0.89,0.267,0.571,0.82,0.209,0.548,0.41,0.276,0.833,0.796;aaaaa;
0.178;0.943,0.417,0.137,0.489,0.204,0.734,0.444,0.332,0.801,0.107;aaaaaaaaaa;
0.856;0.0293,0.722,0.974,0.0707,0.718,0.442,0.536,0.449,0.54,0.00855;aaaaaaaaaa;
0.61;0.953,0.118,0.18,0.637,0.519,0.00914,0.469,0.578,0.955,0.231;aaaaaaa;
0.446;0.0571,0.148,0.745,0.79,0.817,0.567,0.993,0.121,0.0538,0.154;aaaaaaa;
0.023;0.89,0.267,0.571,0.82,0.209,0.548,0.41,0.276,0.833,0.796;aaaaa;
0.178;0.943,0.417,0.137,0.489,0.204,0.734,0.444,0.332,0.801,0.107;aaaaaaaaaa;
0.856;0.0293,0.722,0.974,0.0707,0.718,0.442,0.536,0.449,0.54,0.00855;aaaaaaaa;
0.61;0.953,0.118,0.18,0.637,0.519,0.00914,0.469,0.578,0.955,0.231;aaaaaaaaa;
0.446;0.0571,0.148,0.745,0.79,0.817,0.567,0.993,0.121,0.0538,0.154;aaaa;
0.023;0.89,0.267,0.571,0.82,0.209,0.548,0.41,0.276,0.833,0.796;aaa;
0.178;0.943,0.417,0.137,0.489,0.204,0.734,0.444,0.332,0.801,0.107;aaaaaaa;
0.856;0.0293,0.722,0.974,0.0707,0.718,0.442,0.536,0.449,0.54,0.00855;aa;
0.61;0.953,0.118,0.18,0.637,0.519,0.00914,0.469,0.578,0.955,0.231;aaaaaaaaaa;
0.446;0.0571,0.148,0.745,0.79,0.817,0.567,0.993,0.121,0.0538,0.154;aa;
0.023;0.89,0.267,0.571,0.82,0.209,0.548,0.41,0.276,0.833,0.796;aaaaaaaaa;
0.178;0.943,0.417,0.137,0.489,0.204,0.734,0.444,0.332,0.801,0.107;aaaaaaaaa;
0.856;0.0293,0.722,0.974,0.0707,0.718,0.442,0.536,0.449,0.54,0.00855;a;
0.61;0.953,0.118,0.18,0.637,0.519,0.00914,0.469,0.578,0.955,0.231;aaaaaa;
0.446;0.0571,0.148,0.745,0.79,0.817,0.567,0.993,0.121,0.0538,0.154;aaa;
0.023;0.89,0.267,0.571,0.82,0.209,0.548,0.41,0.276,0.833,0.796;aa;
0.178;0.943,0.417,0.137,0.489,0.204,0.734,0.444,0.332,0.801,0.107;aaaaaaaaaa;
0.856;0.0293,0.722,0.974,0.0707,0.718,0.442,0.536,0.449,0.54,0.00855;aaaaaa;
0.61;0.953,0.118,0.18,0.637,0.519,0.00914,0.469,0.578,0.955,0.231;aaaaa;
0.446;0.0571,0.148,0.745,0.79,0.817,0.567,0.993,0.121,0.0538,0.154;aaaaaaa;
0.023;0.89,0.267,0.571,0.82,0.209,0.548,0.41,0.276,0.833,0.796;aaaaaaaaaa;
0.178;0.943,0.417,0.137,0.489,0.204,0.734,0.444,0.332,0.801,0.107;aaaaaaa;
0.856;0.0293,0.722,0.974,0.0707,0.718,0.442,0.536,0.449,0.54,0.00855;aaaaaaaaa;
0.61;0.953,0.118,0.18,0.637,0.519,0.00914,0.469,0.578,0.955,0.231;aaaaaaaaaa;
0.446;0.0571,0.148,0.745,0.79,0.817,0.567,0.993,0.121,0.0538,0.154;a;
0.023;0.89,0.267,0.571,0.82,0.209,0.548,0.41,0.276,0.833,0.796;aaaaaaa;
0.178;0.943,0.417,0.137,0.489,0.204,0.734,0.444,0.332,0.801,0.107;aaaaaaaaa;
0.856;0.0293,0.722,0.974,0.0707,0.718,0.442,0.536,0.449,0.54,0.00855;a;
0.61;0.953,0.118,0.18,0.637,0.519,0.00914,0.469,0.578,0.955,0.231;aa;
0.446;0.0571,0.148,0.745,0.79,0.817,0.567,0.993,0.121,0.0538,0.154;aaaaaaa;
0.023;0.89,0.267,0.571,0.82,0.209,0.548,0.41,0.276,0.833,0.796;aaa;
0.178;0.943,0.417,0.137,0.489,0.204,0.734,0.444,0.332,0.801,0.107;aaaaaa;
0.856;0.0293,0.722,0.974,0.0707,0.718,0.442,0.536,0.449,0.54,0.00855;aaa;
0.61;0.953,0.118,0.18,0.637,0.519,0.00914,0.469,0.578,0.955,0.231;aaaaaaaaa;
0.446;0.0571,0.148,0.745,0.79,0.817,0.567,0.993,0.121,0.0538,0.154;aaaa;
0.023;0.89,0.267,0.571,0.82,0.209,0.548,0.41,0.276,0.833,0.796;aaaa;
0.178;0.943,0.417,0.137,0.489,0.204,0.734,0.444,0.332,0.801,0.107;aaaaaaaa;
0.856;0.0293,0.722,0.974,0.0707,0.718,0.442,0.536,0.449,0.54,0.00855;aaa;
0.61;0.953,0.118,0.18,0.637,0.519,0.00914,0.469,0.578,0.955,0.231;aa;
0.446;0.0571,0.148,0.745,0.79,0.817,0.567,0.993,0.121,0.0538,0.154;a;
0.023;0.89,0.267,0.571,0.82,0.209,0.548,0.41,0.276,0.833,0.796;aaa;
0.178;0.943,0.417,0.137,0.489,0.204,0.734,0.444,0.332,0.801,0.107;aaaa;
0.856;0.0293,0.722,0.974,0.0707,0.718,0.442,0.536,0.449,0.54,0.00855;aaaaa;
0.61;0.953,0.118,0.18,0.637,0.519,0.00914,0.469,0.578,0.955,0.231;a;
0.446;0.0571,0.148,0.745,0.79,0.817,0.567,0.993,0.121,0.0538,0.154;aa;
0.023;0.89,0.267,0.571,0.82,0.209,0.548,0.41,0.276,0.833,0.796;aaaaa;
0.178;0.943,0.417,0.137,0.489,0.204,0.734,0.444,0.332,0.801,0.107;aaaaa;
0.856;0.0293,0.722,0.974,0.0707,0.718,0.442,0.536,0.449,0.54,0.00855;aaaaaaaa;
0.61;0.953,0.118,0.18,0.637,0.519,0.00914,0.469,0.578,0.955,0.231;aaaa;
0.446;0.0571,0.148,0.745,0.79,0.817,0.567,0.993,0.121,0.0538,0.154;aaaaaaaaa;
0.023;0.89,0.267,0.571,0.82,0.209,0.548,0.41,0.276,0.833,0.796;aaaa;
0.178;0.943,0.417,0.137,0.489,0.204,0.734,0.444,0.332,0.801,0.107;aaaaaaaaa;
0.856;0.0293,0.722,0.974,0.0707,0.718,0.442,0.536,0.449,0.54,0.00855;aaaaaa;
0.61;0.953,0.118,0.18,0.637,0.519,0.00914,0.469,0.578,0.955,0.231;aaaaaaaa;
0.446;0.0571,0.148,0.745,0.79,0.817,0.567,0.993,0.121,0.0538,0.154;aaaa;
0.023;0.89,0.267,0.571,0.82,0.209,0.548,0.41,0.276,0.833,0.796;aaaaaaaa;
0.178;0.943,0.417,0.137,0.489,0.204,0.734,0.444,0.332,0.801,0.107;aaaaaaaa;
0.856;0.0293,0.722,0.974,0.0707,0.718,0.442,0.536,0.449,0.54,0.00855;aaaaaaaaaa;
0.61;0.953,0.118,0.18,0.637,0.519,0.00914,0.469,0.578,0.955,0.231;aaa;
0.446;0.0571,0.148,0.745,0.79,0.817,0.567,0.993,0.121,0.0538,0.154;aaaaaa;
0.023;0.89,0.267,0.571,0.82,0.209,0.548,0.41,0.276,0.833,0.796;aaaaaaaaa;
0.178;0.943,0.417,0.137,0.489,0.204,0.734,0.444,0.332,0.801,0.107;aaaaaa;
0.856;0.0293,0.722,0.974,0.0707,0.718,0.442,0.536,0.449,0.54,0.00855;aaaaaaaaaa;
0.61;0.953,0.118,0.18,0.637,0.519,0.00914,0.469,0.578,0.955,0.231;aaaa;
0.446;0.0571,0.148,0.745,0.79,0.817,0.567,0.993,0.121,0.0538,0.154;aaaaaa;
0.023;0.89,0.267,0.571,0.82,0.209,0.548,0.41,0.276,0.833,0.796;aaaaa;
0.178;0.943,0.417,0.137,0.489,0.204,0.734,0.444,0.332,0.801,0.107;aaaaaa;
0.856;0.0293,0.722,0.974,0.0707,0.718,0.442,0.536,0.449,0.54,0.00855;aaaaaaaaa;
0.61;0.953,0.118,0.18,0.637,0.519,0.00914,0.469,0.578,0.955,0.231;aaaaaaaaa;
0.446;0.0571,0.148,0.745,0.79,0.817,0.567,0.993,0.121,0.0538,0.154;aaaaaaa;
0.023;0.89,0.267,0.571,0.82,0.209,0.548,0.41,0.276,0.833,0.796;aaaaaaaaa;
0.178;0.943,0.417,0.137,0.489,0.204,0.734,0.444,0.332,0.801,0.107;aaaaaaaaa;
0.856;0.0293,0.722,0.974,0.0707,0.718,0.442,0.536,0.449,0.54,0.00855;aaaaaaaaa;
0.61;0.953,0.118,0.18,0.637,0.519,0.00914,0.469,0.578,0.955,0.231;aaaaaaaaaa;
0.446;0.0571,0.148,0.745,0.79,0.817,0.567,0.993,0.121,0.0538,0.154;aa;
0.023;0.89,0.267,0.571,0.82,0.209,0.548,0.41,0.276,0.833,0.796;aaaaaaa;
0.178;0.943,0.417,0.137,0.489,0.204,0.734,0.444,0.332,0.801,0.107;a;
0.856;0.0293,0.722,0.974,0.0707,0.718,0.442,0.536,0.449,0.54,0.00855;aaaaaa;
0.61;0.953,0.118,0.18,0.637,0.519,0.00914,0.469,0.578,0.955,0.231;aaaa;
0.446;0.0571,0.148,0.745,0.79,0.817,0.567,0.993,0.121,0.0538,0.154;a;
0.023;0.89,0.267,0.571,0.82,0.209,0.548,0.41,0.276,0.833,0.796;a;
