0	0,17
1	1
2	2,45
3	3,18,48
4	4,9
5	4,5,23
6	6,15,25
7	7,23
8	8
9	9,23,44
10	10
11	11
12	12,14
13	13,24
14	14,36
15	15
16	2,16
17	17
18	18
19	9,19
20	20,32
21	21
22	22
23	23
24	24
25	25
26	26
27	27,49
28	28
29	29
30	30
31	31
32	32
33	33
34	34
35	35
36	36
37	37
38	6,38,45
39	39
40	40
41	41
42	42
43	43,46
44	21,30,44
45	45
46	23,46
47	47
48	22,47,48
49	49
50	13
51	1
52	4
53	3
54	30
55	0
56	20
57	12
58	26,33
59	29
60	6
61	37
62	13
63	2
64	2
65	2
66	10,13,20
67	11
68	9
69	22,31
70	24,31
71	8
72	6
73	14
74	3
75	6,23
76	5,8
77	20
78	2
79	1
80	0
81	8
82	17
83	4
84	29
85	1
86	29
87	18
88	9
89	2
90	0
91	6
92	8
93	0
94	3,17,46
95	4,38
96	15
97	29
98	2
99	25
100	18,26
101	1
102	11
103	7
104	8
105	8,26,36
106	0
107	1
108	5
109	17
110	24
111	9
112	9
113	3
114	3
115	16
116	3
117	10
118	22
119	24
120	36
121	18
122	7
123	26
124	6
125	7
126	12
127	4
128	7
129	10
130	4,14
131	4
132	2,15,43
133	3
134	3
135	4
136	18
137	10
138	21,24,45
139	17
140	5
141	34,35
142	4
143	9
144	6
145	1
146	28
147	15
148	11,27
149	1
150	0
151	23
152	1
153	15
154	8
155	13
156	0
157	35,45
158	17
159	10
160	31
161	7
162	0
163	8
164	22
165	2
166	2
167	1
168	12
169	13
170	4
171	20
172	16
173	13
174	15,22
175	8,19
176	15
177	5
178	27
179	3,11,35,45
180	2
181	8
182	7
183	1
184	4
185	26
186	43
187	17
188	10
189	5
190	1
191	18
192	21
193	5
194	0
195	25
196	0
197	14
198	4
199	11
200	4
201	12
202	5
203	13
204	3
205	5
206	14
207	4
208	15
209	36
210	1
211	14
212	16
213	5
214	13
215	1
216	36
217	15
218	1
219	10
220	11
221	11
222	8
223	9
224	7
225	24
226	0
227	10
228	11
229	15
230	8
231	30
232	17
233	1
234	16
235	11
236	7
237	21
238	5,35
239	4
240	0,44
241	2
242	4
243	15
244	20
245	21,39,45
246	17
247	5
248	1
249	1
250	6
251	49
252	1
253	11
254	19
255	14
256	16
257	3
258	32
259	0
260	2
261	2
262	34
263	5
264	12
265	3
266	15
267	15
268	5,27
269	42
270	5
271	9
272	20
273	7,31
274	17
275	9
276	1
277	6
278	11
279	1
280	10,41
281	1
282	34
283	22
284	0
285	8
286	8
287	19,39,42
288	17
289	18
290	0
291	5
292	4
293	35
294	6
295	5
296	5
297	15
298	18
299	2
300	1
301	12
302	3
303	12
304	1
305	1
306	18
307	22
308	8
309	9
310	41
311	14
312	20
313	25
314	29
315	7
316	46
317	5
318	30
319	26,32,49
320	1
321	16,19
322	23
323	31,47
324	14
325	0
326	24
327	3
328	0
329	25
330	7
331	3
332	29
333	34
334	14
335	1
336	15
337	13
338	2
339	6
340	4
341	1
342	8
343	33
344	3
345	3
346	2
347	1
348	4
349	0
350	21
351	10
352	2
353	17
354	3
355	26
356	2
357	25
358	1
359	0
360	37
361	1
362	1
363	1
364	43
365	2
366	2
367	26
368	12
369	21
370	2
371	2
372	3
373	8
374	2
375	29
376	0,47
377	36
378	3
379	15
380	11
381	25
382	1
383	1
384	2
385	16
386	0
387	4
388	10
389	1
390	8,16
391	12
392	24
393	13
394	25
395	15
396	6
397	19
398	3
399	17
400	7
401	1
402	12
403	35
404	0
405	3
406	15
407	2
408	8
409	7
410	3
411	9
412	0
413	0
414	18
415	22
416	4
417	6
418	0
419	1
420	8
421	41
422	1
423	8
424	0
425	32
426	31
427	21
428	8
429	19
430	7
431	0
432	7
433	20
434	3
435	29
436	13
437	0
438	31
439	23,33
440	38,40
441	27
442	3
443	0
444	24
445	7
446	17
447	9
448	24
449	6
450	10
451	13
452	10
453	5
454	19
455	0
456	27
457	6
458	27,46
459	5
460	16,25
461	22
462	2
463	19
464	2
465	4
466	27
467	26
468	2
469	15
470	14
471	9
472	24,33
473	38
474	35,47
475	3
476	26
477	10
478	8
479	31
480	15
481	2
482	32
483	13
484	0
485	11
486	6
487	0
488	26
489	14
490	11
491	7
492	7
493	13
494	10
495	16
496	5
497	0
498	19
499	18
500	9
501	9
502	28
503	7
504	7
505	7
506	2
507	8
508	39
509	1
510	8
511	8
512	11
513	15
514	0
515	19
516	1
517	6
518	7
519	3
520	0
521	13
522	11
523	10
524	17
525	28
526	19
527	6
528	24
529	17
530	6
531	19
532	6
533	7
534	18
535	32
536	3
537	2
538	0
539	3
540	8
541	46
542	6
543	19
544	36
545	9
546	6
547	36
548	9
549	12
550	3
551	24
552	31
553	29
554	7
555	11
556	14
557	17
558	9
559	1
560	15
561	0
562	14
563	17
564	32
565	2
566	16,33
567	36
568	6
569	13
570	8
571	4
572	1
573	1
574	11
575	31,40
576	4
577	2
578	4
579	5
580	10
581	4
582	3
583	0
584	39
585	6
586	11
587	6
588	15
589	18
590	1
591	4
592	13
593	5
594	4
595	16
596	13
597	12
598	3
599	0
600	19
601	20
602	13
603	19
604	9
605	8
606	3
607	19
608	13
609	2
610	12
611	11
612	1
613	1
614	39
615	0
616	37
617	4
618	20
619	11
620	1
621	32
622	27
623	9
624	19
625	35
626	0
627	5
628	23
629	15
630	0
631	26
632	5
633	8
634	21
635	6
636	33
637	0
638	34
639	27
640	1
641	36
642	8
643	30
644	36
645	31
646	19
647	12
648	2
649	29
650	6,47
651	22
652	2
653	2
654	20
655	18
656	16
657	10
658	3
659	32
660	12
661	16
662	9
663	15
664	12
665	27
666	4
667	13
668	0
669	1
670	1
671	28
672	25
673	0
674	16
675	45
676	25
677	0
678	10
679	10
680	13
681	14
682	2
683	4
684	10
685	21
686	30
687	32
688	19
689	5
690	45
691	15
692	44
693	7
694	18,35
695	12
696	2
697	17
698	15
699	14
700	5
701	19
702	7
703	21
704	10
705	7
706	24,35,48
707	16
708	10
709	18
710	18
711	6
712	17
713	18
714	5
715	36
716	24
717	34
718	3
719	0
720	27
721	24
722	4
723	5,33
724	4
725	12
726	4
727	33
728	1
729	10
730	3
731	31
732	1
733	5
734	11
735	2
736	6
737	6
738	11
739	37
740	2,35
741	11
742	10
743	3
744	34
745	17
746	10
747	10
748	21
749	7
750	10
751	1
752	3
753	1
754	15
755	2
756	2
757	24
758	5
759	6
760	18
761	7
762	28
763	6
764	4
765	1
766	13
767	3
768	22
769	19
770	7
771	0
772	42
773	44
774	0
775	0
776	22,35
777	39
778	8
779	23
780	4
781	12
782	35
783	4
784	1
785	1
786	16
787	1,40
788	36
789	3
790	3
791	2
792	3
793	11
794	6
795	0
796	6
797	2
798	8
799	28
800	2
801	17
802	0
803	6
804	4
805	22
806	4
807	3
808	3
809	0
810	10
811	11
812	12
813	2
814	2
815	18
816	7
817	4
818	33
819	14
820	8
821	1
822	21
823	18
824	4
825	18
826	3
827	27
828	34
829	7
830	21
831	30
832	19
833	4
834	4
835	15
836	12
837	10,20
838	19
839	16
840	41
841	14,21
842	2
843	5
844	31
845	11
846	4
847	26
848	23
849	10
850	16
851	18,34,41
852	17
853	5,25
854	1
855	36,41
856	28
857	5
858	13
859	2
860	9
861	38
862	24
863	3
864	2
865	25
866	5
867	11
868	14
869	30
870	11
871	11
872	12
873	9
874	42
875	18
876	11
877	7
878	4
879	13
880	4
881	3
882	1
883	10
884	25,28,47
885	19,44
886	10
887	14
888	1
889	17
890	7
891	24
892	15
893	3
894	3
895	23
896	9
897	13
898	5
899	3
900	14
901	9
902	0
903	39
904	18
905	16
906	26
907	31
908	15
909	5
910	1
911	4
912	15
913	0
914	24
915	4
916	49
917	1
918	34
919	4
920	3
921	30
922	8
923	5
924	23
925	12
926	7
927	0
928	11
929	11
930	2
931	9
932	14
933	18
934	19
935	22
936	10
937	19
938	22
939	18
940	3
941	2
942	3
943	9
944	34
945	5
946	1
947	1
948	2
949	3
950	15
951	6
952	8
953	2
954	24
955	25
956	15
957	11
958	1
959	23
960	6
961	45
962	1
963	18
964	35,39
965	16
966	13
967	19
968	9
969	16
970	19
971	15,46
972	10
973	35
974	6
975	18,42,49
976	0
977	2
978	3
979	1
980	17,20
981	2
982	4
983	7,34
984	9
985	0
986	29
987	17
988	13
989	38
990	9
991	3
992	36
993	1
994	10
995	6
996	6
997	9,18
998	7
999	10
1000	0
1001	0
1002	0
1003	0
1004	0
1005	2
1006	2
1007	2
1008	2
1009	2
1010	6
1011	6
1012	6
1013	6
1014	6
1015	14
1016	14
1017	14
1018	14
1019	14
1020	30
1021	30
1022	30
1023	30
1024	30
1025	49
1026	49
1027	49
1028	49
1029	49
1030	48
1031	48
1032	48
1033	48
1034	48
1035	47
1036	47
1037	47
1038	47
1039	47
1040	46
1041	46
1042	46
1043	46
1044	46
1045	45
1046	45
1047	45
1048	45
1049	45
1050	44
1051	44
1052	44
1053	44
1054	44
1055	43
1056	43
1057	43
1058	43
1059	43
1060	42
1061	42
1062	42
1063	42
1064	42
1065	41
1066	41
1067	41
1068	41
1069	41
1070	40
1071	40
1072	40
1073	40
1074	40
1075	39
1076	39
1077	39
1078	39
1079	39
1080	38
1081	38
1082	38
1083	38
1084	38
1085	37
1086	37
1087	37
1088	37
1089	37
1090	36
1091	36
1092	36
1093	36
1094	36
1095	35
1096	35
1097	35
1098	35
1099	35
1100	34
1101	34
1102	34
1103	34
1104	34
1105	33
1106	33
1107	33
1108	33
1109	33
1110	32
1111	32
1112	32
1113	32
1114	32
1115	29
1116	29
1117	29
1118	29
1119	29
1120	31
1121	31
1122	31
1123	31
1124	31
