0	0
1	1,4
2	2
3	3,9
4	4
5	5
6	6
7	7
8	8
9	9
10	0,4
11	2
12	1
13	0
14	4
15	9
16	0,3,5
17	2
18	0
19	2,4
20	1
21	7
22	2
23	1
24	2
25	3,5,6
26	0,7
27	1
28	2
29	1
30	1
31	3
32	2
33	3
34	1
35	2
36	7
37	1
38	2,3,5,7
39	0,7
40	0,1,4
41	2,3
42	2,4,8
43	0,2,7
44	0
45	1
46	1,4
47	0,1
48	0,8,9
49	1,4
50	0,3
51	2
52	4
53	2
54	2
55	1
56	6
57	2,3
58	2,6
59	8
60	1
61	0,5
62	2,8
63	2,3,4
64	0,1,7
65	2,4,6
66	0
67	0
68	3
69	2
70	0
71	1
72	2
73	1
74	1
75	2
76	4
77	0
78	0,2
79	3
80	3
81	5
82	1
83	2
84	2
85	0
86	3,6,8
87	1,2
88	2
89	1,5
90	7
91	3
92	1
93	2,7
94	6
95	1
96	4,8
97	0
98	4
99	2,8
100	2
101	1,7
102	8
103	1
104	1,3
105	0
106	4,5
107	1
108	0
109	0,2,7
110	1,4,6
111	0
112	5
113	0,2
114	0
115	2
116	0
117	0,1
118	0,6
119	6
120	2,5
121	1,4
122	1
123	0
124	5,6
125	1,6,8
126	1
127	1,5
128	1,4,7
129	1
130	4
131	1,2,3
132	3
133	0
134	1,9
135	4,7,9
136	5
137	9
138	2,6
139	1
140	3,4
141	1
142	5
143	1
144	0
145	0
146	5
147	0
148	2,3
149	1,2,8
150	3,6,9
151	0
152	1
153	0,3,9
154	0
155	0,9
156	1
157	0
158	2
159	4,7
160	2
161	3
162	0,3,4
163	1
164	0,1
165	3,9
166	2,6
167	2
168	6
169	0,5
170	1
171	1
172	2
173	4
174	0
175	2
176	0
177	4
178	6
179	0,2
180	2,7
181	0
182	4
183	2
184	6
185	1
186	1,9
187	0
188	1,9
189	0
190	0
191	3
192	0
193	0,1
194	4
195	3
196	3
197	2,4
198	0
199	3,7
200	0,7
201	0
202	0,4
203	0
204	5
205	0
206	0
207	0
208	4
209	3
210	2
211	4
212	0
213	0
214	2
215	2
216	0,7
217	0
218	0
219	0
220	0
221	0
222	0,2
223	7
224	3,5,7
225	1,9
226	4
227	0
228	1
229	0
230	0
231	4
232	0
233	0
234	0
235	0
236	3
237	0,1,2
238	1
239	0
240	1
241	3
242	1,3
243	1
244	7
245	0
246	2
247	2
248	1
249	4
250	6
251	1
252	3
253	8
254	2,6
255	0,1
256	4
257	1
258	7
259	2
260	7
261	2
262	1
263	4
264	2
265	0
266	0
267	7
268	0
269	0
270	0
271	2
272	1
273	3,5
274	2
275	0
276	5
277	0
278	0,3,4,9
279	1,6
280	1
281	0
282	0
283	2
284	8
285	1
286	3
287	1
288	1
289	5
290	1,7
291	6
292	2,4
293	1
294	2
295	2
296	0,4
297	0
298	3,5
299	3
300	9
301	4
302	2
303	3
304	3
305	0
306	0,8
307	1
308	1
309	1,8
310	0
311	0
312	1
313	0,2,3,9
314	0
315	0,4
316	4
317	0
318	1
319	2
320	1
321	0
322	0
323	2
324	4
325	1
326	5,7
327	1
328	6
329	5
330	3
331	0
332	2
333	9
334	1,2
335	1
336	0
337	0
338	0,8
339	2
340	1
341	7
342	2
343	6
344	0
345	2
346	1,3
347	1,2
348	3
349	0
350	0
351	0
352	8
353	4
354	3
355	5
356	4
357	1
358	3
359	2
360	0
361	3
362	1
363	1
364	7
365	0
366	0
367	1,4
368	0
369	1,4,9
370	0
371	2,5
372	3
373	1
374	0
375	0
376	0
377	0
378	0
379	1
380	0
381	3
382	2
383	5
384	1
385	1
386	3
387	0
388	7
389	1
390	0
391	1
392	1
393	2
394	0
395	1
396	2
397	3
398	4
399	4
400	1,4
401	1
402	6
403	1
404	2
405	5
406	1
407	5,7
408	1
409	2,4,7
410	2
411	3
412	4
413	1
414	1,4
415	0
416	0
417	4
418	0
419	0
420	1
421	5
422	0,7
423	1
424	1
425	0
426	1
427	0
428	2
429	1
430	1
431	5,9
432	0
433	0
434	1
435	0
436	6
437	1
438	1,5
439	1
440	0
441	0
442	0
443	0
444	0
445	1
446	1
447	1,7
448	0
449	1,2
450	2
451	0
452	8
453	2
454	4
455	1
456	1
457	1
458	2,4
459	6
460	3
461	1
462	1
463	7
464	3
465	2
466	0
467	6
468	0
469	3
470	6
471	1
472	0
473	1
474	2
475	3
476	0
477	0
478	3
479	1
480	0,4
481	2
482	6
483	0
484	2
485	6
486	0
487	2
488	6
489	0
490	2
491	0
492	3
493	1
494	0
495	1,3
496	1
497	0
498	2
499	2,9
500	1
501	3,7
502	1
503	1
504	3
505	1,3
506	1
507	0
508	3
509	1
510	5
511	0
512	2
513	1
514	0
515	0
516	0
517	8
518	2,8
519	4
520	0
521	0
522	1
523	3
524	7
525	4
526	0
527	0
528	1
529	1
530	4
531	0
532	1
533	0
534	2
535	6
536	1
537	3
538	4,7,8
539	2
540	1
541	2
542	3
543	4
544	9
545	1,8
546	2
547	1
548	3
549	1,7
550	3
551	0
552	1
553	0
554	0
555	4
556	2
557	0
558	2,3
559	2
560	5
561	5
562	0
563	3
564	0
565	6
566	0
567	0
568	0
569	6
570	2
571	9
572	2
573	1
574	0
575	0
576	0
577	2
578	3
579	3
580	0
581	0
582	1,2
583	0
584	3
585	5
586	2
587	0
588	0
589	1
590	6
591	2
592	0
593	0
594	0
595	0,6
596	3
597	5
598	1
599	0
600	0
601	2
602	0
603	1
604	2
605	0
606	3
607	1
608	2
609	3
610	7
611	0
612	1
613	1,4
614	1
615	6
616	4
617	3
618	2
619	0
620	0
621	3
622	1
623	1,5,7
624	1
625	0
626	0
627	2
628	2
629	0
630	5
631	2
632	4
633	0
634	4
635	3
636	0
637	1
638	0
639	1
640	4
641	1
642	6,7
643	0
644	0,2
645	1
646	5
647	0,8,9
648	0
649	1
650	1,4,5,6,8
651	5
652	0,7,8
653	1
654	1
655	3
656	0
657	4
658	3
659	3
660	1
661	5
662	0
663	0
664	1
665	0
666	0
667	0
668	4
669	0
670	0
671	2
672	2
673	2
674	0
675	4
676	6
677	1,3
678	0
679	1
680	2
681	0
682	0,4
683	0
684	5
685	2
686	1
687	4
688	2
689	1
690	2
691	6
692	1
693	9
694	0
695	1,3
696	4
697	7
698	3
699	0
700	3
701	4
702	6
703	4
704	0
705	0
706	4
707	6
708	1
709	4
710	0
711	4
712	3
713	0
714	0
715	1
716	0
717	0
718	0
719	0
720	1
721	2
722	3
723	1
724	0
725	1
726	3
727	1
728	1
729	1
730	0
731	8
732	0
733	8
734	4
735	0
736	0,6
737	5,7
738	6
739	0
740	0
741	3
742	5
743	1
744	2
745	4
746	1
747	0
748	5
749	2
750	2
751	7
752	1
753	0
754	1
755	0
756	0
757	5,7
758	4,5
759	0
760	7
761	1
762	1
763	5
764	3
765	1
766	0
767	0
768	1
769	2
770	0
771	5
772	3
773	4
774	0
775	0,8
776	3,6
777	2
778	1
779	0
780	3
781	9
782	5
783	5
784	6
785	7
786	2,8,9
787	1
788	4
789	9
790	0
791	2
792	1
793	3
794	4
795	1
796	0
797	1
798	1
799	8
800	7
801	0
802	0
803	5
804	0
805	2,4
806	5
807	0
808	3
809	0
810	1
811	6
812	0
813	0
814	1
815	1
816	2
817	5,7
818	3,7
819	6
820	1
821	9
822	6
823	0,6
824	1
825	1
826	1
827	5,7
828	1
829	1
830	6
831	5
832	2
833	1
834	4,8
835	2
836	0
837	0
838	0
839	2
840	2,9
841	2
842	2
843	1
844	0
845	1
846	2,7
847	1
848	4
849	4
850	0
851	3
852	0
853	3,9
854	1
855	3
856	7
857	4
858	2
859	2
860	1
861	0
862	3
863	1
864	0
865	2
866	0
867	6
868	0
869	1
870	0
871	0
872	1
873	1
874	0,9
875	0
876	2,3
877	6
878	9
879	4
880	0
881	4
882	2
883	0
884	0
885	0
886	0
887	4
888	0
889	0
890	2
891	0
892	0
893	0
894	5
895	0
896	1
897	2
898	2
899	0
900	5
901	0
902	0
903	1
904	2
905	9
906	1
907	5
908	2
909	0
910	4
911	0
912	2
913	2
914	0
915	4
916	6
917	1
918	0
919	3
920	4
921	0
922	1
923	1
924	2
925	1
926	2
927	3
928	0
929	0
930	1
931	8
932	1
933	0
934	0
935	3
936	1
937	0
938	2
939	0
940	0
941	3
942	0
943	2
944	2
945	2
946	3
947	0
948	1
949	2,5
950	2
951	0
952	1
953	4
954	1
955	2
956	3
957	0
958	0
959	0
960	0
961	3
962	5
963	3
964	0
965	8
966	6
967	0
968	1
969	1
970	1
971	3
972	0
973	1
974	0
975	0
976	0
977	1
978	3
979	2
980	3
981	4
982	4
983	2
984	4
985	6
986	3,4
987	0
988	6
989	2
990	5
991	0
992	3
993	0
994	0
995	1
996	6
997	0
998	1
999	1
1000	2
1001	3
1002	1,5
1003	1
1004	0
1005	2
1006	1,7
1007	1
1008	0
1009	1
1010	0
1011	4
1012	1
1013	1
1014	4
1015	0
1016	0
1017	0
1018	0
1019	1
1020	2
1021	1
1022	3,7
1023	0
1024	2,3
1025	3
1026	0
1027	4
1028	7
1029	1
1030	0
1031	3
1032	1
1033	3
1034	0
1035	9
1036	0
1037	1
1038	0,7,9
1039	0
1040	3
1041	1
1042	3
1043	2,6
1044	0
1045	6
1046	6
1047	2
1048	0
1049	0
1050	1
1051	3
1052	2
1053	2
1054	2
1055	5
1056	0
1057	0
1058	1
1059	2
1060	8
1061	0
1062	3
1063	1
1064	1
1065	0
1066	3
1067	0
1068	0
1069	2
1070	5
1071	1,8
1072	0
1073	1
1074	1
1075	1
1076	0
1077	0
1078	0
1079	1
1080	3
1081	2
1082	5
1083	6
1084	0
1085	0
1086	1
1087	5
1088	6
1089	1,4,6
1090	3
1091	8
1092	1
1093	1
1094	2
1095	4
1096	6
1097	2
1098	2
1099	4
1100	1
1101	3
1102	0
1103	3
1104	1
1105	3
1106	1
1107	7
1108	1
1109	0
1110	4
1111	2
1112	5
1113	0
1114	2
1115	1,6
1116	3
1117	1
1118	3
1119	2
1120	3
1121	3
1122	5
1123	1
1124	1
1125	5
1126	6
1127	1
1128	0
1129	8
1130	0
1131	0
1132	4
1133	5
1134	2
1135	4
1136	3
1137	3
1138	0
1139	2
1140	3
1141	1
1142	1
1143	2
1144	1,4
1145	4
1146	9
1147	0
1148	7
1149	0
1150	0
1151	1
1152	2,5
1153	3
1154	1
1155	1
1156	1
1157	0
1158	3
1159	4
1160	3
1161	3
1162	3,6
1163	1
1164	3
1165	1
1166	6
1167	3
1168	0
1169	5,6
1170	2
1171	0
1172	0
1173	2
1174	1
1175	2
1176	0
1177	4
1178	0
1179	3
1180	7
1181	2
1182	0
1183	6
1184	1
1185	4
1186	5
1187	3
1188	1
1189	0
1190	0
1191	1
1192	0
1193	7
1194	4
1195	4,6
1196	6
1197	0
1198	1
1199	7
1200	3
1201	0
1202	3
1203	0
1204	5
1205	0
1206	5
1207	1
1208	4
1209	9
1210	0
1211	1
1212	0
1213	2
1214	2
1215	2
1216	1
1217	0
1218	0
1219	0
1220	0
1221	1
1222	1
1223	3
1224	1
1225	3
1226	1
1227	0
1228	5
1229	2
1230	4
1231	0
1232	7
1233	0
1234	4
1235	1
1236	0
1237	1
1238	7
1239	2
1240	2
1241	2
1242	8
1243	6
1244	2
1245	0
1246	1
1247	1
1248	0
1249	2
1250	0
1251	6
1252	3
1253	0
1254	1
1255	1
1256	1
1257	0
1258	1
1259	1
1260	1,8
1261	0
1262	3
1263	0
1264	1,3,4
1265	0
1266	0
1267	1
1268	0
1269	0
1270	1
1271	5
1272	6
1273	0
1274	0
1275	2
1276	0
1277	0
1278	3
1279	0
1280	2
1281	1
1282	0
1283	4
1284	3
1285	0
1286	0
1287	1
1288	0
1289	0
1290	4
1291	0
1292	1
1293	2
1294	1
1295	3
1296	0
1297	6
1298	2
1299	0
1300	0
1301	2
1302	0
1303	4
1304	1
1305	3
1306	8
1307	4
1308	1
1309	0
1310	2
1311	0
1312	3
1313	2,4
1314	9
1315	1
1316	0
1317	2
1318	0
1319	1
1320	2
1321	1
1322	4
1323	5
1324	1
1325	0
1326	1
1327	9
1328	4
1329	1
1330	7
1331	1
1332	0
1333	0
1334	3
1335	0
1336	2
1337	0
1338	3
1339	2
1340	1
1341	1
1342	0
1343	7
1344	5
1345	0
1346	0
1347	1
1348	0
1349	1
1350	1
1351	1
1352	1
1353	0
1354	6
1355	7
1356	5
1357	1
1358	0
1359	4
1360	1
1361	0
1362	0
1363	0
1364	0
1365	2
1366	1
1367	0
1368	1
1369	1
1370	2,8
1371	0
1372	1
1373	2
1374	3
1375	3
1376	2
1377	9
1378	5
1379	2
1380	0
1381	0
1382	1
1383	0
1384	4
1385	2
1386	1
1387	0
1388	0
1389	0
1390	0
1391	7
1392	0
1393	4
1394	5
1395	0
1396	1
1397	5
1398	2
1399	0
1400	5
1401	2
1402	0
1403	2
1404	0
1405	1
1406	3
1407	0
1408	1
1409	1
1410	6
1411	6
1412	0
1413	0
1414	1
1415	4,8
1416	5
1417	2
1418	3
1419	1
1420	1
1421	1
1422	1
1423	1
1424	3
1425	4
1426	1
1427	1
1428	6
1429	0
1430	4,6
1431	0
1432	0
1433	0
1434	1
1435	0
1436	0
1437	0
1438	0
1439	2
1440	1
1441	2
1442	3
1443	1
1444	0
1445	0
1446	1
1447	6
1448	0
1449	0
1450	3
1451	1
1452	0
1453	0
1454	1
1455	0
1456	3,4
1457	0
1458	4
1459	1
1460	6
1461	5
1462	3,6
1463	4
1464	2
1465	2
1466	4
1467	4
1468	0
1469	3
1470	4
1471	0
1472	0
1473	1
1474	0
1475	0
1476	7
1477	1
1478	0
1479	9
1480	3
1481	0
1482	2
1483	4
1484	4
1485	0
1486	3
1487	6
1488	0
1489	0
1490	6
1491	3
1492	6
1493	2
1494	2
1495	2
1496	1,3
1497	2
1498	4
1499	0
1500	0
1501	4
1502	2
1503	1
1504	1
1505	0
1506	1
1507	2
1508	3
1509	0
1510	3
1511	1
1512	0
1513	6
1514	3
1515	1
1516	1
1517	0
1518	0
1519	5
1520	5
1521	2
1522	6
1523	7
1524	3
1525	3
1526	6
1527	0
1528	7
1529	1
1530	4
1531	0
1532	1
1533	1
1534	3
1535	0
1536	3
1537	2
1538	3
1539	2
1540	3
1541	2
1542	2
1543	0
1544	0
1545	4
1546	4
1547	3
1548	2
1549	7
1550	1
1551	2
1552	3
1553	2
1554	0
1555	1
1556	0
1557	5
1558	0,4
1559	2
1560	0
1561	2
1562	4
1563	2
1564	1
1565	3
1566	4
1567	4
1568	0
1569	0
1570	0
1571	0
1572	1
1573	0
1574	0
1575	3
1576	0
1577	0
1578	2
1579	2
1580	0
1581	7
1582	5
1583	1
1584	6,7
1585	0
1586	0
1587	2
1588	1
1589	2
1590	3
1591	0
1592	1
1593	1
1594	2
1595	1
1596	3
1597	4
1598	6
1599	0
1600	3
1601	0
1602	1
1603	3
1604	3,5
1605	0
1606	6
1607	1
1608	0
1609	1
1610	1
1611	0
1612	1
1613	2
1614	0
1615	1
1616	0
1617	0
1618	2
1619	9
1620	0
1621	9
1622	2
1623	2
1624	0
1625	0
1626	1
1627	5
1628	2
1629	2,9
1630	4
1631	4
1632	6
1633	2
1634	1
1635	0
1636	0
1637	0
1638	0
1639	4
1640	3
1641	1
1642	3
1643	8
1644	0
1645	5
1646	1
1647	1
1648	0
1649	0
1650	1
1651	0
1652	2
1653	0
1654	4
1655	0
1656	0
1657	2
1658	5,7
1659	2
1660	2
1661	1
1662	1
1663	2
1664	2
1665	5
1666	0
1667	0
1668	0
1669	0
1670	0
1671	0
1672	1
1673	3
1674	1
1675	7
1676	3,5
1677	0
1678	3,5,8
1679	0
1680	0
1681	1
1682	0
1683	1
1684	2
1685	2
1686	6
1687	2
1688	0
1689	2
1690	2
1691	3
1692	1
1693	3
1694	1
1695	1
1696	2
1697	4
1698	1
1699	2
1700	3
1701	0
1702	1
1703	2
1704	4
1705	5
1706	0
1707	0
1708	7
1709	1
1710	0
1711	0
1712	2
1713	1
1714	4
1715	3
1716	0
1717	2
1718	1
1719	6
1720	0
1721	2
1722	0
1723	0
1724	0
1725	0
1726	6,8
1727	4
1728	0
1729	4
1730	3
1731	4
1732	1
1733	0
1734	1
1735	1
1736	0
1737	1
1738	1
1739	3
1740	2
1741	2
1742	0
1743	0
1744	0
1745	3
1746	4
1747	2
1748	2
1749	0
1750	1
1751	0
1752	2
1753	1
1754	5
1755	8
1756	2
1757	3
1758	2
1759	0
1760	3
1761	0,9
1762	0
1763	1,4
1764	5
1765	3
1766	2
1767	4
1768	3
1769	0
1770	8
1771	0
1772	0
1773	1
1774	1
1775	6
1776	1
1777	0
1778	1
1779	0
1780	0
1781	3
1782	1
1783	5
1784	1
1785	3
1786	1
1787	0
1788	0
1789	0
1790	1
1791	1
1792	1
1793	1
1794	1
1795	7
1796	3
1797	0
1798	0
1799	6
1800	0
1801	1
1802	2
1803	5
1804	5
1805	8
1806	1
1807	0
1808	2
1809	1
1810	4
1811	2
1812	3
1813	7
1814	0
1815	0
1816	6
1817	1
1818	0
1819	4
1820	0
1821	1
1822	5
1823	3
1824	5
1825	4
1826	0
1827	0
1828	4
1829	5
1830	0
1831	1
1832	5
1833	0
1834	1
1835	3
1836	4
1837	1
1838	1
1839	4
1840	1
1841	4
1842	3
1843	0
1844	1
1845	4
1846	0
1847	0
1848	2
1849	1
1850	1
1851	7
1852	8
1853	1
1854	0
1855	1
1856	3
1857	6
1858	2
1859	8
1860	0
1861	1
1862	2
1863	0
1864	2
1865	1,8
1866	2
1867	2
1868	4
1869	2
1870	4
1871	1,3,8
1872	0
1873	0
1874	4
1875	1,8
1876	4
1877	5
1878	5
1879	2
1880	0
1881	0
1882	1
1883	1
1884	1
1885	0
1886	4
1887	2
1888	0
1889	2
1890	5
1891	0
1892	2
1893	1
1894	3
1895	7
1896	2
1897	2
1898	2
1899	6,9
1900	1,3
1901	8
1902	0
1903	3
1904	1
1905	2
1906	0
1907	0
1908	3
1909	2
1910	2
1911	8,9
1912	0
1913	2
1914	3
1915	2
1916	0
1917	0
1918	3
1919	1
1920	3
1921	7
1922	0
1923	0
1924	0
1925	0
1926	0
1927	2
1928	3
1929	5,9
1930	0
1931	1
1932	3
1933	1
1934	4
1935	0
1936	0
1937	0
1938	1
1939	6
1940	1
1941	7
1942	1
1943	0
1944	0
1945	1
1946	6
1947	1
1948	1
1949	0
1950	2
1951	0
1952	1
1953	1
1954	0
1955	0
1956	4
1957	6
1958	1
1959	0
1960	5
1961	0
1962	4
1963	2
1964	1
1965	6
1966	1
1967	5
1968	6
1969	2
1970	0
1971	4
1972	0
1973	3,9
1974	2
1975	5
1976	9
1977	2
1978	6
1979	0
1980	2
1981	0
1982	0
1983	0
1984	0
1985	1
1986	5
1987	1,5
1988	2
1989	0
1990	1
1991	0
1992	9
1993	3
1994	3
1995	4
1996	2
1997	6
1998	0
1999	0
2000	1
2001	3
2002	3
2003	0
2004	2
2005	0
2006	0
2007	1
2008	5
2009	4
2010	0
2011	2
2012	1
2013	1
2014	2
2015	0
2016	0
2017	0
2018	0
2019	1
2020	2
2021	1
2022	1
2023	0
2024	2
2025	4
2026	0
2027	1
2028	2
2029	0
2030	7
2031	3
2032	5
2033	0
2034	1
2035	3
2036	0
2037	3
2038	0
2039	0
2040	2
2041	0
2042	0
2043	5
2044	4
2045	1
2046	2
2047	2
2048	0
2049	2
2050	3
2051	4
2052	0
2053	1
2054	1
2055	1
2056	1
2057	1
2058	3
2059	3
2060	2
2061	1
2062	6
2063	0
2064	5
2065	5
2066	1
2067	6
2068	1
2069	3
2070	6
2071	3
2072	0
2073	0
2074	3
2075	5
2076	1
2077	2
2078	6
2079	7
2080	6
2081	2
2082	1
2083	3
2084	6
2085	2
2086	9
2087	2
2088	0
2089	4
2090	2
2091	2
2092	2
2093	4
2094	4
2095	6
2096	5
2097	2
2098	2
2099	0
2100	0
2101	1
2102	2
2103	2
2104	2
2105	0
2106	5
2107	1
2108	2
2109	0
2110	3
2111	0
2112	0
2113	0
2114	2,3,7
2115	1
2116	0
2117	6
2118	2
2119	1
2120	0
2121	2
2122	0
2123	1
2124	1
2125	3
2126	0
2127	2
2128	6
2129	0
2130	0
2131	0
2132	4
2133	1
2134	9
2135	7
2136	1
2137	1
2138	0
2139	0
2140	7
2141	5
2142	1
2143	4
2144	0
2145	4,5
2146	1
2147	3
2148	0
2149	3
2150	4
2151	6
2152	7
2153	2
2154	2
2155	1
2156	0
2157	0
2158	2
2159	2
2160	1
2161	0
2162	0
2163	3
2164	0
2165	6
2166	3
2167	0
2168	0
2169	0
2170	2
2171	5
2172	0
2173	3
2174	3
2175	3
2176	7
2177	0
2178	0
2179	2
2180	5
2181	1
2182	0
2183	1
2184	0
2185	1
2186	7
2187	8
2188	5
2189	8
2190	2
2191	5
2192	2
2193	2
2194	3
2195	4
2196	1
2197	2
2198	0
2199	1
2200	0
2201	0
2202	1
2203	6
2204	1
2205	4
2206	5
2207	2
2208	2
2209	3
2210	1
2211	0
2212	5
2213	4
2214	2
2215	0
2216	4
2217	9
2218	1
2219	1
2220	3
2221	2
2222	0
2223	7
2224	2
2225	1
2226	2
2227	1
2228	0
2229	4
2230	0
2231	1
2232	0
2233	0
2234	0
2235	1
2236	6
2237	1
2238	2
2239	7
2240	2
2241	6
2242	1
2243	1
2244	1
2245	0
2246	5
2247	3
2248	0
2249	0
2250	0
2251	7
2252	2
2253	1
2254	2
2255	1
2256	1
2257	0
2258	3
2259	2
2260	2
2261	8
2262	4
2263	1
2264	5
2265	0
2266	0
2267	3
2268	1
2269	3
2270	2
2271	1
2272	0
2273	1
2274	0
2275	2
2276	0
2277	2
2278	0
2279	1
2280	4
2281	0
2282	1
2283	7
2284	0
2285	0
2286	1
2287	2
2288	7
2289	3
2290	1
2291	2
2292	4
2293	3
2294	1
2295	0
2296	0
2297	0
2298	0
2299	5
2300	0
2301	0
2302	4
2303	3
2304	1
2305	1
2306	0
2307	0
2308	4
2309	0
2310	4
2311	6
2312	5
2313	6
2314	2
2315	3
2316	3
2317	1
2318	2
2319	5
2320	3
2321	0
2322	2
2323	7
2324	1
2325	3
2326	2
2327	4
2328	4
2329	0
2330	5
2331	0
2332	4
2333	9
2334	3
2335	1
2336	0
2337	1,6
2338	3
2339	1
2340	0
2341	2
2342	0
2343	6
2344	0
2345	5
2346	0
2347	0
2348	5
2349	4
2350	0
2351	2
2352	0
2353	3
2354	1
2355	0
2356	2
2357	0
2358	1
2359	6
2360	3
2361	0
2362	1
2363	1
2364	8
2365	1
2366	8
2367	0
2368	2
2369	0
2370	1
2371	0
2372	1
2373	0
2374	1
2375	0
2376	2
2377	4
2378	5
2379	1
2380	0
2381	1
2382	0
2383	1
2384	0
2385	4
2386	1
2387	0
2388	1
2389	0
2390	4
2391	2
2392	4
2393	3
2394	0
2395	3,5
2396	1
2397	1
2398	2
2399	1
2400	2
2401	1
2402	0
2403	1
2404	2
2405	0
2406	7
2407	4
2408	1
2409	0
2410	0
2411	0
2412	0
2413	3
2414	0
2415	0
2416	1
2417	6
2418	0
2419	7
2420	0
2421	0
2422	2
2423	2
2424	0
2425	2
2426	5
2427	4
2428	0
2429	3
2430	2
2431	2
2432	1
2433	4
2434	0
2435	0
2436	4
2437	2
2438	2
2439	1
2440	7
2441	2
2442	0
2443	0
2444	1
2445	4
2446	1
2447	0
2448	1
2449	1
2450	3,4
2451	2
2452	5
2453	3
2454	1
2455	0
2456	0
2457	0
2458	4
2459	3
2460	6
2461	2
2462	1
2463	2
2464	1
2465	2
2466	3
2467	0
2468	6
2469	1
2470	2
2471	0
2472	0
2473	0
2474	8
2475	1
2476	3
2477	0
2478	2
2479	1
2480	2
2481	0
2482	7
2483	3
2484	3
2485	9
2486	0,4
2487	2
2488	0
2489	0
2490	5
2491	1
2492	0
2493	5
2494	3
2495	0
2496	0
2497	0
2498	1
2499	3
2500	3
2501	0
2502	5
2503	0
2504	7
2505	1
2506	1
2507	0
2508	6
2509	2
2510	2
2511	1
2512	0
2513	0
2514	0
2515	1
2516	9
2517	2
2518	2
2519	6
2520	0
2521	2
2522	1
2523	2
2524	2
2525	0
2526	1
2527	2
2528	3,6
2529	4
2530	2
2531	1
2532	5
2533	3
2534	0
2535	2
2536	2
2537	1
2538	1
2539	4
2540	5,9
2541	1
2542	0
2543	1
2544	0
2545	0
2546	0
2547	5
2548	0
2549	1
2550	1,3
2551	3
2552	1
2553	4
2554	0
2555	6
2556	9
2557	0
2558	1
2559	2
2560	1
2561	1
2562	2
2563	0
2564	2
2565	2
2566	0
2567	0
2568	1
2569	2
2570	8
2571	2
2572	1
2573	2
2574	0
2575	0
2576	0,6
2577	1
2578	0
2579	2
2580	2
2581	3
2582	2
2583	5
2584	4
2585	3
2586	2
2587	0
2588	3
2589	1
2590	2
2591	4
2592	1
2593	5
2594	4
2595	0
2596	0,7
2597	0
2598	4
2599	3
2600	0
2601	3
2602	4
2603	1
2604	3
2605	1
2606	0
2607	5
2608	1
2609	0
2610	2
2611	3
2612	5
2613	1
2614	3
2615	9
2616	0
2617	5
2618	5
2619	0
2620	5
2621	1
2622	3
2623	3
2624	3
2625	1
2626	1
2627	3
2628	0
2629	2
2630	2,5,6,7,9
2631	0
2632	1
2633	0
2634	3
2635	4
2636	8
2637	0
2638	4,8
2639	1
2640	1
2641	0
2642	0
2643	1
2644	7
2645	1
2646	3
2647	1
2648	2
2649	7
2650	1
2651	1
2652	3
2653	4
2654	0
2655	4,7
2656	0
2657	1,3
2658	0
2659	0
2660	0
2661	0
2662	1
2663	0
2664	5
2665	1
2666	0
2667	4
2668	1
2669	4
2670	1
2671	1
2672	0
2673	8
2674	0
2675	4
2676	4
2677	1
2678	1
2679	2
2680	0
2681	0
2682	0
2683	2
2684	4
2685	2
2686	0
2687	5
2688	0,1,4,5,6,8,9
2689	0
2690	0
2691	0
2692	2
2693	4,5
2694	0
2695	0
2696	1
2697	1
2698	2
2699	0,1,2,3,4,5,6,7,8,9
2700	0
2701	0
2702	0
2703	0
2704	0
2705	2
2706	2
2707	2
2708	2
2709	2
2710	6
2711	6
2712	6
2713	6
2714	6
2715	9
2716	9
2717	9
2718	9
2719	9
2720	8
2721	8
2722	8
2723	8
2724	8
