ATT0(float,1);ATT1(float,10);ATT2(string,10);
0.5;0.253,0.888,0.598,0.931,0.891,0.65,0.311,0.0162,0.341,0.56;aaaaaaaa;
0.482;0.941,0.0325,0.592,0.611,0.392,0.32,0.844,0.669,0.0373,0.884;aaaaaaaaaa;
0.385;0.394,0.243,0.851,0.0453,0.846,0.0173,0.553,0.134,0.0491,0.175;aaaa;
0.974;0.244,0.127,0.865,0.891,0.986,0.144,0.575,0.247,0.505,0.265;aaaa;
0.69;0.203,0.765,0.062,0.00946,0.533,0.128,0.0139,0.84,0.983,0.458;aa;
0.264;0.927,0.243,0.154,0.873,0.347,0.0795,0.903,0.652,0.631,0.889;aa;
0.698;0.45,0.776,0.358,0.221,0.138,0.976,0.594,0.63,0.664,0.948;aaaaa;
0.263;0.714,0.16,0.224,0.0223,0.578,0.337,0.113,0.716,0.426,0.937;aa;
0.978;0.177,0.00533,0.228,0.903,0.463,0.693,0.57,0.0265,0.885,0.88;aaaa;
0.42;0.141,0.589,0.735,0.954,0.777,0.734,0.911,0.933,0.566,0.774;aaaaa;
0.23;0.598,0.785,0.598,0.117,0.299,0.952,0.684,0.34,0.473,0.729;aa;
0.484;0.763,0.0257,0.434,0.248,0.0964,0.049,0.896,0.99,0.786,0.793;aaaaaaa;
0.139;0.832,0.241,0.616,0.71,0.733,0.163,0.418,0.893,0.1,0.604;aaaaaaa;
0.8;0.781,0.87,0.607,0.154,0.204,0.419,0.867,0.401,0.257,0.657;a;
0.269;0.862,0.387,0.296,0.622,0.314,0.99,0.24,0.0154,0.771,0.905;aaaaaaaa;
0.314;0.316,0.618,0.896,0.767,0.081,0.884,0.242,0.367,0.497,0.0246;aaaaaaaaa;
0.992;0.265,0.496,0.552,0.305,0.249,0.646,0.572,0.348,0.198,0.122;a;
0.531;0.935,0.792,0.219,0.0439,0.548,0.33,0.862,0.146,0.113,0.192;aaaaaaaa;
0.396;0.344,0.476,0.901,0.975,0.807,0.311,0.795,0.397,0.353,0.551;aaaaaa;
0.051;0.406,0.647,0.398,0.31,0.885,0.27,0.928,0.264,0.0686,0.839;aa;
0.59;0.224,0.38,0.691,0.982,0.786,0.0433,0.263,0.171,0.648,0.77;aaaaaaaaa;
0.897;0.0833,0.901,0.806,0.647,0.728,0.671,0.525,0.153,0.386,0.294;aaaaaaaa;
0.981;0.857,0.183,0.679,0.819,0.961,0.259,0.418,0.264,0.441,0.649;aaa;
0.755;0.286,0.972,0.525,0.113,0.148,0.259,0.0753,0.097,0.0777,0.765;aaa;
0.625;0.0584,0.511,0.371,0.963,0.746,0.914,0.0833,0.531,0.736,0.633;aaaaaaaaaa;
0.783;0.835,0.0119,0.752,0.0548,0.984,0.815,0.251,0.429,0.711,0.467;a;
0.623;0.173,0.682,0.302,0.672,0.48,0.461,0.861,0.27,0.269,0.306;aaaaaa;
0.534;0.258,0.557,0.794,0.537,0.761,0.744,0.0659,0.593,0.441,0.846;a;
0.808;0.671,0.225,0.0961,0.21,0.139,0.799,0.878,0.597,0.672,0.142;aaa;
0.887;0.806,0.036,0.536,0.384,0.483,0.854,0.262,0.326,0.633,0.865;aaaaaaaa;
0.598;0.187,0.175,0.376,0.386,0.56,0.898,0.0853,0.566,0.121,0.896;aaaa;
0.789;0.291,0.589,0.912,0.799,0.479,0.454,0.178,0.883,0.472,0.209;aaaaaa;
0.221;0.212,0.65,0.903,0.454,0.145,0.707,0.923,0.555,0.105,0.769;aaaaaaaaaa;
0.95;0.648,0.166,0.925,0.945,0.819,0.899,0.00425,0.958,0.719,0.463;aaaaaa;
0.64;0.837,0.0377,0.68,0.132,0.116,0.411,0.226,0.871,0.211,0.364;aaaa;
0.487;0.776,0.022,0.0891,0.179,0.889,0.805,0.196,0.197,0.906,0.827;aaaaaa;
0.598;0.224,0.308,0.474,0.269,0.108,0.352,0.814,0.439,0.211,0.395;aaaaaaaa;
0.102;0.0889,0.899,0.289,0.893,0.27,0.93,0.264,0.929,0.88,0.997;aaaaa;
0.442;0.934,0.0329,0.108,0.303,0.119,0.616,0.0978,0.985,0.635,0.779;aaaaaa;
0.0229;0.359,0.817,0.948,0.715,0.0523,0.502,0.201,0.00791,0.0186,0.92;aaaaaaa;
0.144;0.525,0.0499,0.00499,0.739,0.893,0.365,0.494,0.721,0.426,0.179;aaaaaaaaaa;
0.594;0.0903,0.459,0.378,0.53,0.159,0.282,0.878,0.934,0.45,0.497;aaaa;
0.215;0.682,0.777,0.574,0.756,0.455,0.189,0.31,0.22,0.816,0.108;aaaaa;
0.749;0.131,0.591,0.43,0.378,0.795,0.424,0.493,0.6,0.247,0.803;aaaaaaaaa;
0.117;0.935,0.438,0.0381,0.723,0.931,0.984,0.421,0.725,0.113,0.609;aa;
0.622;0.353,0.803,0.938,0.0291,0.926,0.336,0.947,0.308,0.393,0.236;aaa;
0.472;0.0709,0.839,0.384,0.393,0.361,0.858,0.935,0.0883,0.873,0.964;aaa;
0.686;0.626,0.175,0.919,0.958,0.33,0.679,0.935,0.737,0.867,0.301;aaaaa;
0.365;0.352,0.155,0.474,0.79,0.943,0.237,0.349,0.897,0.33,0.308;aaaaaaaaa;
0.208;0.33,0.385,0.457,0.28,0.0269,0.208,0.607,0.808,0.277,0.411;aaaaa;
0.46;0.848,0.556,0.226,0.152,0.301,0.679,0.0449,0.136,0.541,0.96;aaa;
0.923;0.875,0.593,0.649,0.802,0.472,0.436,0.0795,0.863,0.965,0.584;aa;
0.786;0.263,0.238,0.732,0.569,0.615,0.407,0.705,0.486,0.218,0.436;aaaaaaaa;
0.0511;0.393,0.289,0.294,0.625,0.527,0.381,0.162,0.377,0.439,0.55;aaaa;
0.124;0.176,0.132,0.654,0.853,0.208,0.985,0.944,0.307,0.134,0.654;aaaaaaaaa;
0.753;0.425,0.986,0.979,0.991,0.919,0.992,0.696,0.988,0.699,0.575;aaaaaaaaaa;
0.46;0.682,0.176,0.444,0.867,0.569,0.502,0.0615,0.811,0.96,0.976;aaaaaaaaa;
0.445;0.931,0.709,0.185,0.583,0.367,0.836,0.409,0.448,0.655,0.0859;aaaaaaaaaa;
0.0745;0.591,0.42,0.553,0.063,0.894,0.358,0.73,0.258,0.804,0.457;aaaaaaaa;
0.962;0.351,0.0857,0.193,0.756,0.744,0.915,0.237,0.683,0.472,0.613;a;
0.231;0.827,0.813,0.911,0.511,0.222,0.338,0.731,0.209,0.567,0.788;aa;
0.21;0.205,0.115,0.411,0.834,0.686,0.244,0.825,0.565,0.313,0.191;aaaaaaaaaa;
0.0171;0.183,0.739,0.427,0.261,0.526,0.221,0.00585,0.324,0.643,0.485;aa;
0.305;0.777,0.509,0.0563,0.115,0.734,0.191,0.485,0.424,0.197,0.452;aaaaaa;
0.901;0.498,0.0237,0.591,0.957,0.334,0.521,0.23,0.415,0.292,0.949;aaaaa;
0.779;0.513,0.447,0.321,0.458,0.0291,0.0375,0.0558,0.967,0.522,0.0989;aaaaaa;
0.403;0.495,0.534,0.831,0.843,0.14,0.686,0.868,0.474,0.39,0.428;a;
0.722;0.59,0.42,0.258,0.29,0.79,0.296,0.502,0.455,0.204,0.817;aaaaaaa;
0.922;0.176,0.409,0.668,0.79,0.737,0.983,0.916,0.125,0.146,0.478;a;
0.794;0.381,0.574,0.011,0.624,0.876,0.0671,0.982,0.118,0.396,0.864;aaa;
0.39;0.728,0.131,0.121,0.784,0.827,0.098,0.797,0.614,0.414,0.518;aaaaaaaaa;
0.743;0.841,0.198,0.263,0.396,0.55,0.283,0.477,0.956,0.862,0.324;aaaaaaa;
0.257;0.422,0.867,0.068,0.265,0.603,0.172,0.611,0.178,0.712,0.758;aaa;
0.998;0.277,0.0653,0.681,0.596,0.391,0.735,0.938,0.553,0.451,0.542;aaa;
0.175;0.93,0.628,0.437,0.625,0.765,0.61,0.253,0.879,0.514,0.625;aaaaa;
0.644;0.0129,0.829,0.445,0.762,0.899,0.564,0.0969,0.554,0.405,0.499;aaaaaaaaa;
0.948;0.644,0.758,0.735,0.111,0.301,0.469,0.128,0.17,0.343,0.556;aaaaaaaaaa;
0.428;0.901,0.755,0.299,0.395,0.784,0.0962,0.878,0.474,0.0213,0.824;a;
0.358;0.618,0.192,0.751,0.842,0.682,0.136,0.111,0.811,0.571,0.151;aaaaaa;
0.256;0.205,0.388,0.21,0.168,0.393,0.846,0.524,0.276,0.399,0.388;aaaaaaaaa;
0.553;0.922,0.389,0.552,0.589,0.439,0.591,0.444,0.741,0.721,0.268;aaaaaaa;
0.469;0.0219,0.265,0.751,0.182,0.477,0.742,0.694,0.789,0.153,0.0568;aaaaaa;
0.641;0.361,0.478,0.851,0.556,0.276,0.598,0.507,0.0105,0.737,0.794;aaaaaa;
0.475;0.107,0.322,0.157,0.294,0.994,0.213,0.541,0.643,0.89,0.294;aaaaaa;
0.556;0.256,0.294,0.53,0.533,0.601,0.265,0.0273,0.0526,0.772,0.477;aaaa;
0.409;0.868,0.631,0.25,0.931,0.331,0.874,0.166,0.69,0.957,0.809;aaaaa;
0.389;0.588,0.935,0.517,0.209,0.5,0.143,0.188,0.702,0.705,0.483;aaa;
0.404;0.756,0.883,0.256,0.373,0.864,0.489,0.52,0.232,0.69,0.592;aaaaaaaaaa;
0.247;0.752,0.613,0.115,0.543,0.908,0.4,0.342,0.136,0.508,0.718;aaaaaaa;
0.696;0.989,0.769,0.703,0.542,0.18,0.694,0.708,0.89,0.334,0.419;aaaaaaaaa;
0.95;0.474,0.373,0.444,0.945,0.0286,0.252,0.195,0.795,0.213,0.23;aa;
0.524;0.922,0.0756,0.376,0.0944,0.201,0.841,0.227,0.154,0.951,0.204;aaaaa;
0.48;0.429,0.356,0.906,0.879,0.0255,0.278,0.641,0.685,0.741,0.36;aaaaaa;
0.367;0.757,0.667,0.595,0.229,0.224,0.795,0.553,0.229,0.18,0.144;aaaaaaaaa;
0.104;0.229,0.747,0.516,0.16,0.193,0.161,0.287,0.603,0.676,0.521;aaaaa;
0.67;0.209,0.592,0.112,0.0932,0.681,0.4,0.728,0.207,0.726,0.19;aaaaaaa;
0.829;0.883,0.809,0.474,0.0998,0.473,0.714,0.0497,0.763,0.393,0.727;aaaaaaaaaa;
0.842;0.998,0.281,0.724,0.858,0.326,0.847,0.851,0.188,0.363,0.0173;a;
0.292;0.647,0.993,0.63,0.223,0.296,0.797,0.777,0.358,0.557,0.0531;aaaaaaaa;
0.972;0.214,0.0603,0.49,0.29,0.443,0.531,0.0273,0.145,0.311,0.186;aaaaaaa;
0.289;0.758,0.949,0.529,0.73,0.275,0.581,0.00635,0.82,0.171,0.0928;aaaaaa;
0.239;0.615,0.798,0.313,0.426,0.176,0.225,0.788,0.579,0.78,0.431;aa;
0.158;0.941,0.106,0.804,0.374,0.305,0.938,0.12,0.198,0.173,0.608;aaa;
0.61;0.255,0.618,0.707,0.179,0.178,0.148,0.207,0.479,0.87,0.63;aa;
0.798;0.656,0.332,0.176,0.079,0.628,0.38,0.791,0.352,0.16,0.0476;aaaaaa;
0.385;0.599,0.665,0.184,0.258,0.246,0.277,0.626,0.0892,0.513,0.73;aaa;
0.204;0.35,0.644,0.263,0.905,0.334,0.854,0.307,0.451,0.0389,0.435;aaaaaaaaa;
0.566;0.474,0.424,0.805,0.53,0.996,0.753,0.594,0.526,0.385,0.38;aaaaaaa;
0.242;0.472,0.507,0.359,0.618,0.311,0.345,0.234,0.456,0.839,0.478;aaaaa;
0.175;0.0597,0.0364,0.461,0.882,0.972,0.769,0.488,0.025,0.922,0.918;aaaaaa;
0.868;0.58,0.648,0.971,0.882,0.0246,0.964,0.572,0.913,0.444,0.33;aaaa;
0.586;0.238,0.356,0.81,0.649,0.645,0.541,0.27,0.112,0.843,0.41;aaaaaaa;
0.606;0.143,0.966,0.00361,0.338,0.595,0.179,0.15,0.221,0.935,0.587;aaaaaaa;
0.36;0.916,0.0422,0.24,0.922,0.107,0.257,0.603,0.658,0.27,0.742;aaaaaaaaaa;
0.908;0.0166,0.422,0.0552,0.79,0.662,0.951,0.971,0.895,0.335,0.768;aaaaaaaaa;
0.806;0.444,0.504,0.58,0.249,0.738,0.714,0.179,0.873,0.0693,0.167;aaaaaaaaaa;
0.677;0.379,0.0115,0.974,0.914,0.834,0.189,0.662,0.87,0.983,0.0393;aaaaa;
0.812;0.528,0.644,0.79,0.671,0.675,0.325,0.88,0.751,0.279,0.188;aaaaaa;
0.722;0.191,0.083,0.581,0.0503,0.94,0.199,0.103,0.141,0.746,0.0539;a;
0.381;0.0616,0.0203,0.087,0.898,0.836,0.0858,0.254,0.589,0.839,0.0459;aaaaa;
0.66;0.403,0.952,0.624,0.918,0.366,0.48,0.356,0.138,0.402,0.0524;aaa;
0.876;0.648,0.0815,0.615,0.0401,0.699,0.909,0.933,0.676,0.272,0.0691;aaaaaaa;
0.192;0.582,0.31,0.283,0.17,0.68,0.832,0.709,0.744,0.499,0.638;aaa;
0.499;0.359,0.0643,0.29,0.0232,0.109,0.813,0.546,0.539,0.196,0.128;aaa;
0.386;0.298,0.769,0.993,0.54,0.555,0.796,0.407,0.743,0.511,0.13;aaaaaaaaa;
0.991;0.227,0.376,0.753,0.937,0.587,0.447,0.631,0.566,0.299,0.291;aaaaaaa;
0.608;0.14,0.712,0.724,0.544,0.312,0.0855,0.784,0.693,0.447,0.264;aaa;
0.154;0.918,0.93,0.19,0.177,0.524,0.505,0.943,0.867,0.0374,0.706;aaaaaaaaaa;
0.977;0.548,0.321,0.0972,0.367,0.736,0.768,0.508,0.538,0.0738,0.565;aa;
0.0612;0.963,0.719,0.454,0.123,0.0226,0.739,0.0549,0.229,0.613,0.486;aaa;
0.394;0.304,0.944,0.135,0.41,0.636,0.188,0.794,0.82,0.44,0.889;aaaaaaa;
0.855;0.318,0.59,0.594,0.637,0.597,0.875,0.117,0.376,0.104,0.153;aaaaaaaaaa;
0.179;0.644,0.497,0.608,0.27,0.405,0.174,0.739,0.341,0.733,0.156;aaaaa;
0.277;0.366,0.435,0.827,0.646,0.828,0.313,0.242,0.142,0.185,0.447;aaaaaa;
0.0532;0.642,0.935,0.00714,0.534,0.59,0.653,0.16,0.0173,0.881,0.601;aa;
0.39;0.323,0.253,0.252,0.0584,0.372,0.256,0.878,0.632,0.852,0.216;aaa;
0.465;0.811,0.847,0.256,0.265,0.629,0.537,0.0328,0.715,0.391,0.518;aaaaaaaaa;
0.534;0.432,0.491,0.785,0.201,0.55,0.259,0.701,0.586,0.304,0.447;aa;
0.339;0.107,0.949,0.0289,0.41,0.821,0.421,0.382,0.745,0.89,0.197;aaaaaaaaa;
0.996;0.231,0.244,0.477,0.858,0.514,0.745,0.429,0.797,0.235,0.993;aaaaaa;
0.524;0.227,0.0261,0.856,0.774,0.427,0.656,0.267,0.218,0.867,0.24;aaaaaaaaaa;
0.723;0.319,0.244,0.824,0.15,0.928,0.282,0.561,0.992,0.86,0.519;aaa;
0.642;0.413,0.294,0.027,0.609,0.185,0.686,0.0211,0.0988,0.397,0.573;aaaaa;
0.761;0.489,0.496,0.158,0.754,0.905,0.49,0.746,0.082,0.833,0.342;aaa;
0.491;0.257,0.148,0.105,0.681,0.605,0.084,0.84,0.444,0.315,0.804;a;
0.932;0.143,0.211,0.745,0.484,0.596,0.741,0.0505,0.756,0.878,0.716;aa;
0.0575;0.197,0.00579,0.796,0.934,0.419,0.14,0.883,0.566,0.946,0.686;aaa;
0.293;0.0326,0.496,0.177,0.505,0.177,0.203,0.607,0.344,0.0587,0.651;aaaaaaa;
0.452;0.524,0.95,0.0426,0.849,0.12,0.698,0.752,0.197,0.299,0.385;aaaaaaa;
0.945;0.485,0.427,0.63,0.607,0.874,0.0829,0.924,0.00551,0.718,0.611;aaaaaaaaa;
0.0874;0.74,0.803,0.758,0.391,0.767,0.198,0.188,0.556,0.891,0.354;aaaaaaaa;
0.893;0.419,0.000794,0.402,0.252,0.483,0.626,0.484,0.471,0.423,0.464;aaaaa;
0.274;0.821,0.506,0.753,0.0902,0.481,0.184,0.75,0.423,0.81,0.217;aaaaa;
0.608;0.0381,0.651,0.695,0.577,0.335,0.613,0.552,0.834,0.428,0.901;aaaaaaaaaa;
0.384;0.924,0.125,0.731,0.622,0.147,0.0819,0.674,0.252,0.988,0.639;aaaaaaaaaa;
0.27;0.896,0.362,0.405,0.862,0.306,0.276,0.649,0.123,0.312,0.173;aaaaaaaaaa;
0.926;0.564,0.175,0.399,0.203,0.566,0.639,0.00767,0.137,0.238,0.764;aaaaaaaa;
0.846;0.549,0.759,0.376,0.428,0.2,0.114,0.587,0.201,0.687,0.687;aaaaaa;
0.162;0.885,0.334,0.552,0.882,0.73,0.579,0.066,0.871,0.212,0.496;aaaaaaaaaa;
0.23;0.604,0.666,0.953,0.466,0.135,0.579,0.323,0.671,0.497,0.314;a;
0.659;0.0676,0.82,0.0247,0.551,0.151,0.321,0.239,0.211,0.218,0.571;aa;
0.0555;0.366,0.1,0.935,0.419,0.851,0.143,0.0665,0.968,0.568,0.193;aaaa;
0.173;0.735,0.217,0.378,0.0404,0.406,0.182,0.932,0.0736,0.6,0.841;aaaaaaaaa;
0.636;0.852,0.655,0.0955,0.334,0.159,0.456,0.292,0.663,0.28,0.907;a;
0.681;0.886,0.0667,0.0708,0.0614,0.897,0.944,0.232,0.0747,0.612,0.066;aaaaaaa;
0.745;0.892,0.314,0.984,0.538,0.847,0.721,0.881,0.54,0.186,0.0874;aaaa;
0.782;0.328,0.404,0.351,0.708,0.965,0.43,0.16,0.92,0.848,0.372;a;
0.14;0.431,0.596,0.8,0.933,0.501,0.5,0.771,0.976,0.762,0.0228;a;
0.171;0.697,0.626,0.286,0.312,0.956,0.616,0.031,0.788,0.0549,0.871;aaaaaaaaa;
0.88;0.633,0.279,0.676,0.212,0.183,0.424,0.335,0.0867,0.836,0.749;aaaaa;
0.673;0.192,0.508,0.409,0.969,0.635,0.652,0.132,0.651,0.363,0.798;aa;
0.269;0.681,0.201,0.494,0.455,0.106,0.0893,0.87,0.909,0.702,0.491;aaaaaaaa;
0.409;0.586,0.359,0.733,0.691,0.0302,0.744,0.777,0.0158,0.643,0.131;aaaaaa;
0.904;0.926,0.557,0.174,0.977,0.31,0.156,0.546,0.961,0.169,0.708;aaaaaa;
0.203;0.562,0.564,0.764,0.335,0.657,0.177,0.344,0.761,0.372,0.228;aaaaaaaa;
0.293;0.239,0.385,0.811,0.00153,0.202,0.527,0.0478,0.541,0.905,0.281;aaaaaaaa;
0.398;0.684,0.495,0.546,0.785,0.00881,0.82,0.677,0.75,0.738,0.507;aaaaaaaaa;
0.489;0.915,0.115,0.93,0.741,0.171,0.0451,0.23,0.965,0.908,0.281;aaaaaaaaa;
0.0342;0.114,0.755,0.578,0.534,0.581,0.058,0.739,0.197,0.615,0.351;aaaa;
0.561;0.0913,0.42,0.241,0.0821,0.17,0.415,0.331,0.695,0.433,0.103;aaa;
0.138;0.501,0.669,0.939,0.573,0.994,0.78,0.836,0.196,0.966,0.771;aaaa;
0.471;0.332,0.481,0.332,0.35,0.631,0.364,0.447,0.862,0.837,0.958;aaaaaaaa;
0.528;0.643,0.877,0.404,0.0573,0.874,0.119,0.519,0.922,0.424,0.653;aaaaaa;
0.273;0.951,0.664,0.702,0.501,0.171,0.251,0.234,0.48,0.969,0.871;aaa;
0.292;0.215,0.436,0.0175,0.824,0.412,0.39,0.875,0.788,0.974,0.389;aaa;
0.0225;0.532,0.104,0.504,0.294,0.0227,0.639,0.323,0.0431,0.0307,0.412;aaaaaaaaa;
0.749;0.537,0.728,0.685,0.925,0.196,0.372,0.89,0.459,0.691,0.418;aaaaaaaa;
0.732;0.419,0.614,0.619,0.776,0.956,0.586,0.0802,0.38,0.693,0.422;aaaa;
0.911;0.231,0.361,0.0748,0.976,0.601,0.671,0.839,0.454,0.508,0.477;aaaaaa;
0.000547;0.724,0.243,0.253,0.581,0.949,0.364,0.241,0.992,0.937,0.573;aaaaaa;
0.19;0.0888,0.836,0.917,0.434,0.157,0.12,0.612,0.257,0.295,0.186;aaaaaaaaa;
0.85;0.424,0.575,0.413,0.393,0.977,0.902,0.092,0.0328,0.664,0.483;aaaaaaa;
0.206;0.447,0.826,0.948,0.608,0.252,0.633,0.778,0.24,0.84,0.336;aaaaaaa;
0.667;0.75,0.167,0.907,0.174,0.473,0.792,0.661,0.143,0.394,0.341;aaaa;
0.217;0.671,0.203,0.272,0.485,0.34,0.554,0.699,0.241,0.357,0.928;a;
0.0387;0.819,0.78,0.218,0.143,0.244,0.884,0.759,0.49,0.0319,0.79;aaaaa;
0.14;0.673,0.484,0.447,0.819,0.669,0.387,0.313,0.912,0.575,0.491;aaaaaa;
0.445;0.672,0.331,0.106,0.988,0.73,0.16,0.196,0.665,0.0218,0.928;aaaaaaa;
0.744;0.0973,0.845,0.759,0.478,0.372,0.228,0.39,0.442,0.46,0.426;aaaaa;
0.413;0.83,0.0416,0.171,0.812,0.951,0.556,0.341,0.893,0.157,0.127;aaaa;
0.331;0.667,0.625,0.56,0.436,0.597,0.388,0.778,0.385,0.476,0.408;aaaaaa;
0.378;0.988,0.863,0.98,0.903,0.0734,0.253,0.461,0.402,0.77,0.396;a;
0.986;0.447,0.51,0.437,0.362,0.985,0.411,0.567,0.642,0.32,0.362;aaaaa;
0.053;0.932,0.481,0.521,0.606,0.133,0.368,0.868,0.73,0.44,0.978;a;
0.595;0.205,0.298,0.621,0.426,0.596,0.151,0.858,0.046,0.361,0.983;aaaaaaa;
0.674;0.0993,0.483,0.872,0.534,0.611,0.921,0.553,0.256,0.66,0.368;aaaaaa;
0.161;0.997,0.513,0.806,0.0584,0.386,0.8,0.269,0.963,0.641,0.0535;aaaa;
0.407;0.607,0.5,0.183,0.495,0.756,0.66,0.615,0.254,0.404,0.421;aaaaaaa;
0.8;0.301,0.0383,0.864,0.527,0.087,0.474,0.271,0.383,0.308,0.284;aaaaa;
0.883;0.623,0.466,0.751,0.491,0.395,0.755,0.543,0.827,0.0436,0.639;aaaaaa;
0.923;0.978,0.438,0.661,0.65,0.294,0.995,0.32,0.152,0.375,0.693;aaaaaaaa;
0.663;0.817,0.0409,0.373,0.498,0.728,0.526,0.591,0.0621,0.492,0.947;aaaa;
0.946;0.595,0.968,0.623,0.98,0.893,0.234,0.362,0.584,0.794,0.549;aaa;
0.398;0.0837,0.503,0.635,0.752,0.348,0.91,0.108,0.623,0.956,0.865;aaaa;
0.227;0.139,0.288,0.297,0.183,0.578,0.311,0.0806,0.337,0.982,0.0626;aaaaaaaaa;
0.56;0.0384,0.907,0.676,0.774,0.54,0.572,0.373,0.994,0.725,0.396;aaaa;
0.618;0.482,0.0353,0.541,0.397,0.202,0.817,0.0504,0.172,0.891,0.905;aaaaaaa;
0.442;0.865,0.897,0.11,0.996,0.0934,0.129,0.4,0.079,0.927,0.352;aaaaaaaaaa;
0.951;0.356,0.73,0.795,0.292,0.656,0.974,0.369,0.776,0.849,0.761;a;
0.123;0.585,0.556,0.868,0.08,0.342,0.13,0.18,0.912,0.19,0.248;aaaaaaaa;
0.0843;0.728,0.517,0.869,0.6,0.644,0.0299,0.234,0.971,0.994,0.513;aaa;
0.273;0.192,0.872,0.304,0.602,0.63,0.544,0.897,0.213,0.91,0.471;aaaaaaaaaa;
0.399;0.168,0.0347,0.283,0.852,0.799,0.747,0.818,0.623,0.0516,0.587;a;
0.903;0.93,0.339,0.504,0.77,0.111,0.967,0.399,0.101,0.172,0.392;aaaaaaaa;
0.479;0.26,0.0492,0.944,0.0202,0.588,0.109,0.986,0.856,0.698,0.145;aaaaaaaaaa;
0.785;0.825,0.285,0.879,0.69,0.142,0.0697,0.00559,0.134,0.192,0.803;aa;
0.0302;0.463,0.351,0.787,0.774,0.699,0.807,0.187,0.468,0.868,0.755;aaaaaaaa;
0.824;0.282,0.864,0.479,0.797,0.315,0.823,0.544,0.747,0.536,0.79;aaaaaa;
0.819;0.0984,0.593,0.828,0.195,0.855,0.58,0.476,0.31,0.252,0.388;aaaaa;
0.385;0.965,0.846,0.13,0.472,0.957,0.864,0.837,0.81,0.346,0.216;aaaaaaaaa;
0.429;0.861,0.315,0.985,0.482,0.00627,0.97,0.0648,0.835,0.203,0.327;aaaaaaaaaa;
0.876;0.05,0.195,0.424,0.945,0.179,0.726,0.83,0.811,0.432,0.915;aaaa;
0.972;0.672,0.0597,0.113,0.274,0.571,0.313,0.583,0.747,0.71,0.982;aaaaaaa;
0.462;0.425,0.213,0.926,0.269,0.645,0.212,0.732,0.123,0.0566,0.283;aaaaa;
0.647;0.505,0.723,0.73,0.147,0.913,0.653,0.959,0.489,0.0463,0.238;aaaaaaaaa;
0.389;0.00792,0.981,0.963,0.361,0.0668,0.981,0.594,0.618,0.00671,0.73;aaaaaaaa;
0.959;0.122,0.174,0.856,0.359,0.679,0.357,0.814,0.061,0.778,0.892;aaaaaaaaa;
0.905;0.356,0.611,0.764,0.222,0.791,0.105,0.36,0.284,0.614,0.59;aaaaaaaaaa;
0.353;0.999,0.162,0.901,0.325,0.44,0.852,0.0802,0.357,0.416,0.441;aaaaaa;
0.498;0.311,0.0716,0.811,0.793,0.365,0.475,0.108,0.136,0.134,0.721;aaaaa;
0.396;0.31,0.852,0.545,0.416,0.136,0.0939,0.251,0.796,0.399,0.681;aaaaaaaaa;
0.275;0.947,0.0236,0.0965,0.31,0.0582,0.577,0.963,0.288,0.48,0.401;aaaaaaa;
0.802;0.641,0.731,0.133,0.697,0.27,0.991,0.234,0.0267,0.922,0.136;aaaa;
0.998;0.0269,0.955,0.378,0.156,0.674,0.414,0.163,0.0605,0.585,0.283;aa;
0.125;0.891,0.871,0.952,0.911,0.692,0.276,0.94,0.955,0.851,0.232;aa;
0.869;0.32,0.183,0.144,0.754,0.803,0.128,0.317,0.823,0.989,0.751;aaaaaaaaa;
0.646;0.85,0.135,0.808,0.802,0.726,0.551,0.771,0.592,0.335,0.854;aaaaaaaa;
0.961;0.745,0.219,0.418,0.441,0.113,0.593,0.711,0.284,0.34,0.369;aaaaaaaaa;
0.77;0.736,0.793,0.984,0.145,0.193,0.113,0.576,0.682,0.748,0.52;aaaaaaa;
0.308;0.997,0.411,0.5,0.179,0.0721,0.118,0.766,0.755,0.0639,0.361;a;
0.551;0.276,0.49,0.64,0.033,0.951,0.624,0.628,0.498,0.913,0.43;aaaa;
0.1;0.464,0.417,0.948,0.341,0.322,0.688,0.0685,0.538,0.806,0.795;aa;
0.0292;0.666,0.793,0.22,0.997,0.153,0.269,0.825,0.84,0.875,0.282;aaaaaaaaaa;
0.74;0.0973,0.768,0.164,0.0543,0.425,0.317,0.676,0.456,0.503,0.37;aaaaaa;
0.388;0.178,0.289,0.91,0.703,0.898,0.787,0.724,0.459,0.222,0.375;aaaaaa;
0.972;0.382,0.315,0.325,0.812,0.817,0.715,0.779,0.373,0.247,0.752;aaaaaaaaaa;
0.295;0.688,0.101,0.464,0.157,0.294,0.115,0.495,0.419,0.962,0.988;aaa;
0.871;0.0825,0.956,0.666,0.448,0.286,0.357,0.824,0.858,0.0339,0.38;aaaaa;
0.957;0.981,0.433,0.962,0.855,0.619,0.102,0.578,0.475,0.222,0.412;aaaaaaa;
0.999;0.0616,0.831,0.432,0.482,0.214,0.532,0.772,0.807,0.616,0.083;aaaaaa;
0.92;0.29,0.442,0.685,0.525,0.412,0.874,0.883,0.993,0.571,0.162;aaaaa;
0.0491;0.54,0.44,0.706,0.605,0.238,0.527,0.767,0.755,0.438,0.287;aaaaaaaaaa;
0.974;0.153,0.469,0.448,0.424,0.324,0.977,0.955,0.482,0.417,0.929;aaa;
0.675;0.709,0.0388,0.441,0.539,0.592,0.475,0.606,0.433,0.279,0.667;aaaa;
0.0521;0.347,0.332,0.266,0.365,0.124,0.834,0.952,0.0617,0.639,0.369;aaaaaaaaaa;
0.629;0.605,0.0668,0.094,0.393,0.644,0.584,0.734,0.607,0.65,0.512;aaaaaaaa;
0.726;0.529,0.716,0.867,0.329,0.882,0.835,0.524,0.56,0.589,0.289;aaaaaaaa;
0.902;0.982,0.391,0.688,0.26,0.694,0.413,0.672,0.463,0.824,0.079;aaaaa;
0.345;0.554,0.404,0.0016,0.874,0.746,0.316,0.457,0.999,0.155,0.896;aaaaaa;
0.289;0.952,0.608,0.51,0.845,0.971,0.683,0.303,0.922,0.427,0.845;aa;
0.983;0.682,0.00922,0.212,0.831,0.492,0.808,0.0351,0.813,0.743,0.288;aaaaaaa;
0.32;0.343,0.0434,0.795,0.192,0.0268,0.808,0.685,0.265,0.183,0.0443;aaa;
0.767;0.18,0.508,0.936,0.562,0.87,0.632,0.991,0.846,0.635,0.332;aaaa;
0.895;0.955,0.782,0.63,0.735,0.27,0.457,0.285,0.839,0.404,0.864;aaaaaaaa;
0.284;0.961,0.411,0.56,0.166,0.938,0.943,0.112,0.0893,0.0643,0.782;a;
0.31;0.99,0.207,0.0391,0.774,0.906,0.876,0.439,0.0931,0.713,0.713;a;
0.0517;0.014,0.792,0.509,0.999,0.525,0.275,0.826,0.677,0.383,0.179;aaaaaaa;
0.0857;0.404,0.62,0.422,0.526,0.429,0.49,0.663,0.798,0.154,0.457;aaaaa;
0.647;0.552,0.371,0.622,0.334,0.389,0.707,0.981,0.628,0.983,0.276;aaaaaaa;
0.0562;0.461,0.504,0.0986,0.753,0.209,0.388,0.411,0.266,0.17,0.195;a;
0.51;0.488,0.651,0.405,0.272,0.929,0.331,0.71,0.782,0.0121,0.595;aaaaaaa;
0.685;0.527,0.128,0.246,0.866,0.211,0.866,0.457,0.702,0.132,0.995;aaaaa;
0.484;0.842,0.443,0.239,0.416,0.561,0.337,0.425,0.408,0.399,0.629;aaaaaaaaaa;
0.496;0.0895,0.988,0.943,0.413,0.95,0.0151,0.785,0.044,0.872,0.341;aa;
0.939;0.26,0.113,0.684,0.443,0.904,0.637,0.576,0.83,0.284,0.605;aaaaaaaaaa;
0.535;0.936,0.0371,0.722,0.00269,0.926,0.599,0.195,0.683,0.789,0.319;aaaa;
0.34;0.947,0.787,0.448,0.172,0.277,0.914,0.321,0.846,0.602,0.993;aaa;
0.842;0.351,0.466,0.367,0.306,0.589,0.853,0.162,0.799,0.843,0.126;aaaaaaa;
0.98;0.47,0.21,0.0553,0.754,0.543,0.491,0.699,0.244,0.12,0.22;aaaaaaaaaa;
0.714;0.192,0.0947,0.416,0.246,0.671,0.795,0.827,0.774,0.164,0.593;aaaaaaa;
0.988;0.886,0.448,0.434,0.967,0.864,0.907,0.701,0.765,0.662,0.136;aa;
0.24;0.648,0.135,0.66,0.265,0.189,0.29,0.929,0.333,0.0465,0.925;aa;
0.514;0.408,0.434,0.51,0.671,0.615,0.84,0.901,0.474,0.567,0.89;aaa;
0.371;0.553,0.472,0.00218,0.757,0.559,0.693,0.264,0.961,0.959,0.997;aaaa;
0.807;0.933,0.683,0.523,0.513,0.709,0.758,0.958,0.833,0.822,0.398;aaaaa;
0.857;0.828,0.00312,0.5,0.233,0.872,0.539,0.0545,0.24,0.833,0.747;aa;
0.43;0.198,0.388,0.281,0.0398,0.974,0.752,0.894,0.908,0.385,0.942;aaa;
0.729;0.842,0.273,0.156,0.579,0.128,0.92,0.0319,0.144,0.434,0.695;aaaaaaa;
0.0229;0.832,0.6,0.676,0.283,0.717,0.115,0.891,0.781,0.213,0.743;a;
0.729;0.528,0.854,0.279,0.953,0.885,0.666,0.384,0.289,0.37,0.421;aaaaaa;
0.00646;0.947,0.797,0.468,0.495,0.161,0.886,0.645,0.502,0.901,0.212;aaaaaaa;
0.89;0.0561,0.758,0.435,0.843,0.859,0.374,0.279,0.373,0.346,0.00976;aaaaaaaa;
0.0321;0.467,0.16,0.512,0.516,0.832,0.605,0.551,0.086,0.233,0.84;aaaa;
0.327;0.766,0.272,0.233,0.547,0.133,0.591,0.948,0.913,0.278,0.369;aaaaaaaa;
0.867;0.476,0.783,0.039,0.188,0.817,0.814,0.953,0.3,0.986,0.103;aaaaaaa;
0.00646;0.947,0.797,0.468,0.495,0.161,0.886,0.645,0.502,0.901,0.212;aaaaaa;
0.89;0.0561,0.758,0.435,0.843,0.859,0.374,0.279,0.373,0.346,0.00976;aaaaaaa;
0.0321;0.467,0.16,0.512,0.516,0.832,0.605,0.551,0.086,0.233,0.84;aa;
0.327;0.766,0.272,0.233,0.547,0.133,0.591,0.948,0.913,0.278,0.369;aaaaaaaa;
0.867;0.476,0.783,0.039,0.188,0.817,0.814,0.953,0.3,0.986,0.103;a;
0.00646;0.947,0.797,0.468,0.495,0.161,0.886,0.645,0.502,0.901,0.212;aaaaaaa;
0.89;0.0561,0.758,0.435,0.843,0.859,0.374,0.279,0.373,0.346,0.00976;a;
0.0321;0.467,0.16,0.512,0.516,0.832,0.605,0.551,0.086,0.233,0.84;aaaaaaaa;
0.327;0.766,0.272,0.233,0.547,0.133,0.591,0.948,0.913,0.278,0.369;aaaaaaaaaa;
0.867;0.476,0.783,0.039,0.188,0.817,0.814,0.953,0.3,0.986,0.103;aaaa;
0.00646;0.947,0.797,0.468,0.495,0.161,0.886,0.645,0.502,0.901,0.212;a;
0.89;0.0561,0.758,0.435,0.843,0.859,0.374,0.279,0.373,0.346,0.00976;aaaaaaaaa;
0.0321;0.467,0.16,0.512,0.516,0.832,0.605,0.551,0.086,0.233,0.84;a;
0.327;0.766,0.272,0.233,0.547,0.133,0.591,0.948,0.913,0.278,0.369;aaaaaaaa;
0.867;0.476,0.783,0.039,0.188,0.817,0.814,0.953,0.3,0.986,0.103;aaaaaaa;
0.00646;0.947,0.797,0.468,0.495,0.161,0.886,0.645,0.502,0.901,0.212;aaaaa;
0.89;0.0561,0.758,0.435,0.843,0.859,0.374,0.279,0.373,0.346,0.00976;aaaaaaaaaa;
0.0321;0.467,0.16,0.512,0.516,0.832,0.605,0.551,0.086,0.233,0.84;aaaaaaaa;
0.327;0.766,0.272,0.233,0.547,0.133,0.591,0.948,0.913,0.278,0.369;aaaaaaaa;
0.867;0.476,0.783,0.039,0.188,0.817,0.814,0.953,0.3,0.986,0.103;aaaaaaa;
