0	0
1	1
2	2
3	3,5
4	4,5
5	1,5
6	2,6
7	7
8	8
9	9
10	2,9
11	1
12	1
13	8
14	1,2
15	2,5
16	6
17	3
18	4,6
19	0
20	5
21	0
22	1
23	4
24	0
25	0
26	3
27	6
28	0,8
29	2,7
30	4
31	4
32	2
33	0
34	0,6
35	7
36	5,6
37	3
38	2
39	5
40	0
41	1,3,8
42	4,7
43	3
44	0
45	0
46	2
47	3,4
48	0
49	0
50	4
51	0
52	0
53	1
54	1
55	0
56	0
57	0
58	1,2
59	1
60	1
61	2,7
62	0
63	0
64	3
65	4,8
66	0
67	2
68	2
69	4
70	0
71	0
72	6
73	3
74	0
75	2
76	2
77	0
78	8
79	0
80	3
81	1
82	1
83	0
84	5
85	4
86	3
87	7
88	2
89	4
90	1
91	2
92	1
93	1
94	0
95	2
96	0
97	0,1,3
98	2
99	1
100	2
101	0
102	2
103	8
104	1
105	0
106	0
107	0,5
108	0
109	5
110	1
111	6
112	0
113	0
114	0
115	2
116	2
117	3
118	0,5,8
119	2
120	3
121	0
122	2
123	2
124	0
125	1
126	2
127	2
128	1
129	1
130	2
131	0
132	2
133	7
134	4
135	0
136	4,6
137	4
138	4
139	3
140	4,9
141	4
142	0
143	0
144	2
145	3
146	2
147	7
148	2
149	8
150	0
151	2
152	2
153	7
154	8
155	6
156	3
157	1
158	1
159	4
160	2
161	1
162	2
163	1
164	1
165	7
166	6
167	0
168	0
169	0
170	4
171	2
172	0
173	0
174	7
175	0
176	0
177	2
178	9
179	2
180	2
181	0
182	1
183	4
184	0
185	3
186	6
187	3
188	1
189	0
190	1
191	3,8
192	1
193	0
194	2
195	2
196	1
197	9
198	1
199	1
200	1
201	4,9
202	0
203	1
204	1
205	1
206	1
207	1
208	0
209	5
210	1
211	1
212	2
213	9
214	2
215	2
216	2
217	7
218	3
219	4
220	4
221	3
222	1
223	0
224	0
225	1
226	3
227	1
228	2
229	0
230	2
231	2
232	1
233	1
234	5
235	2
236	8
237	1
238	1
239	8
240	1
241	4
242	4
243	8
244	1
245	6
246	6
247	1
248	0
249	0
250	1
251	3
252	0
253	4
254	0
255	0
256	1
257	4
258	1
259	8
260	5
261	1
262	2
263	2
264	2
265	2
266	0
267	2
268	0
269	0
270	1
271	1
272	1
273	4
274	6
275	1
276	1
277	3
278	2
279	3
280	3
281	4
282	2
283	1
284	1
285	3
286	1
287	2
288	4,5
289	0
290	3
291	3
292	6,7
293	0
294	4
295	0
296	8
297	1
298	4
299	1
300	0
301	0
302	0
303	0
304	0
305	2
306	2
307	2
308	2
309	2
310	6
311	6
312	6
313	6
314	6
315	9
316	9
317	9
318	9
319	9
320	8
321	8
322	8
323	8
324	8
