ATT0(float,5);ATT1(float,2);ATT2(string,10);
0.645,0.693,0.465,0.313,0.343;0.313,0.108;aaaaaaaa;
0.39,0.995,0.308,0.672,0.525;0.781,0.843;aaaaa;
0.453,0.208,0.712,0.963,0.491;0.168,0.813;aaaaaaa;
0.587,0.959,0.298,0.785,0.967;0.0449,0.588;aaaa;
0.565,0.645,0.201,0.311,0.984;0.538,0.932;aaaaaaaa;
0.7,0.476,0.642,0.989,0.207;0.462,0.443;a;
0.562,0.616,0.957,0.336,0.86;0.837,0.832;aaaaaaa;
0.404,0.731,0.123,0.902,0.193;0.616,0.269;aaaaa;
0.0573,0.789,0.496,0.974,0.351;0.526,0.678;aaaaaa;
0.304,0.928,0.887,0.472,0.556;0.848,0.253;aaaa;
0.805,0.291,0.671,0.589,0.557;0.92,0.12;aaaaaaaaaa;
0.558,0.0193,0.865,0.498,0.503;0.884,0.868;aaaaa;
0.937,0.648,0.0409,0.419,0.0415;0.775,0.946;aaaaaaaa;
0.708,0.758,0.703,0.653,0.338;0.573,0.704;aaa;
0.609,0.643,0.448,0.728,0.166;0.568,0.0471;aaaaaaaa;
0.83,0.896,0.643,0.673,0.968;0.356,0.976;aaaaa;
0.985,0.802,0.941,0.752,0.712;0.844,0.652;aaa;
0.0753,0.795,0.129,0.841,0.606;0.66,0.577;aaaaaa;
0.845,0.356,0.467,0.873,0.901;0.267,0.505;a;
0.875,0.0935,0.75,0.365,0.247;0.881,0.65;aaaaaa;
0.911,0.0113,0.534,0.225,0.996;0.313,0.819;aaaaaaaaaa;
0.248,0.664,0.251,0.193,0.94;0.879,0.235;aaaaaaaa;
0.951,0.65,0.00304,0.0571,0.511;0.152,0.632;aaaaaaa;
0.169,0.954,0.821,0.633,0.902;0.899,0.899;aa;
0.377,0.817,0.375,0.858,0.121;0.661,0.856;aaaaa;
0.505,0.264,0.328,0.322,0.346;0.403,0.516;aaaaaa;
0.000374,0.169,0.175,0.214,0.687;0.235,0.385;aaaaaa;
0.948,0.708,0.625,0.502,0.827;0.69,0.0186;aaaa;
0.968,0.0921,0.638,0.681,0.754;0.681,0.487;a;
0.636,0.371,0.00928,0.556,0.0838;0.487,0.974;aaaaaa;
0.188,0.0226,0.896,0.445,0.58;0.465,0.104;aaaaaaa;
0.932,0.913,0.8,0.507,0.635;0.509,0.75;aaaaaaaaa;
0.253,0.531,0.874,0.711,0.777;0.319,0.0412;aaaa;
0.441,0.402,0.158,0.13,0.461;0.513,0.934;aaaaaaaaa;
0.631,0.854,0.572,0.12,0.228;0.771,0.592;aaaaaaaa;
0.788,0.528,0.555,0.0214,0.951;0.285,0.41;a;
0.44,0.783,0.171,0.514,0.869;0.0638,0.589;aaaaaaaaaa;
0.814,0.925,0.19,0.385,0.837;0.608,0.758;aaaaa;
0.481,0.752,0.144,0.551,0.338;0.829,0.933;aaaaa;
0.0849,0.314,0.137,0.393,0.906;0.27,0.853;aaaaaaa;
0.743,0.714,0.893,0.52,0.437;0.728,0.758;aaaaaaaaaa;
0.489,0.413,0.262,0.238,0.186;0.641,0.919;aaaaaa;
0.811,0.561,0.565,0.452,0.895;0.477,0.426;aaaaaaaa;
0.47,0.27,0.349,0.652,0.000539;0.956,0.781;aaaaa;
0.592,0.597,0.867,0.967,0.27;0.605,0.89;aaaaa;
0.12,0.685,0.852,0.304,0.138;0.755,0.444;aaaaaaaaa;
0.764,0.845,0.709,0.675,0.801;0.228,0.158;aaaaaaa;
0.184,0.469,0.836,0.529,0.297;0.299,0.422;aaaaaaaaa;
0.0564,0.0309,0.757,0.0686,0.71;0.934,0.781;aaaa;
0.555,0.286,0.335,0.399,0.0252;0.229,0.849;aa;
0.49,0.887,0.872,0.567,0.108;0.0781,0.341;a;
0.385,0.343,0.623,0.0786,0.11;0.887,0.884;aaa;
0.932,0.254,0.552,0.994,0.287;0.943,0.482;aaaaaaaaaa;
0.954,0.000914,0.57,0.973,0.122;0.537,0.497;aaaaaaaaaa;
0.435,0.79,0.789,0.891,0.913;0.375,0.997;aaaaaaa;
0.235,0.225,0.504,0.363,0.674;0.265,0.234;aaaaaaaa;
0.777,0.77,0.237,0.253,0.523;0.459,0.976;a;
0.749,0.871,0.218,0.475,0.473;0.0527,0.587;aaaaaa;
0.978,0.141,0.286,0.469,0.984;0.876,0.812;aaaaaaaaaa;
0.392,0.715,0.809,0.298,0.686;0.945,0.994;aaaa;
0.458,0.466,0.179,0.155,0.168;0.302,0.54;a;
0.02,0.331,0.878,0.462,0.544;0.355,0.613;aa;
0.614,0.687,0.979,0.844,0.181;0.595,0.49;aaaa;
0.346,0.385,0.624,0.274,0.519;0.204,0.666;aaa;
0.587,0.712,0.867,0.265,0.641;0.0917,0.232;aaaaa;
0.711,0.582,0.17,0.475,0.424;0.47,0.113;aaaaa;
0.898,0.432,0.584,0.816,0.906;0.873,0.76;aaaaaaaaa;
0.765,0.736,0.881,0.304,0.324;0.817,0.658;a;
0.343,0.0028,0.202,0.199,0.594;0.993,0.682;aaaaaa;
0.78,0.805,0.494,0.73,0.514;0.925,0.964;aaaaaa;
0.533,0.31,0.823,0.203,0.465;0.0113,0.817;aaaaaa;
0.403,0.906,0.996,0.295,0.194;0.699,0.374;aa;
0.247,0.834,0.649,0.673,0.247;0.0677,0.125;aaaaaaaaaa;
0.738,0.214,0.446,0.216,0.402;0.233,0.396;a;
0.56,0.447,0.19,0.983,0.739;0.16,0.622;aaaaa;
0.934,0.404,0.485,0.979,0.641;0.491,0.294;aaaa;
0.264,0.652,0.309,0.578,0.106;0.126,0.0882;aaaaaa;
0.615,0.562,0.849,0.78,0.658;0.687,0.5;aaaaaaa;
0.592,0.37,0.825,0.225,0.0307;0.146,0.0841;aaaaaaa;
0.939,0.332,0.473,0.471,0.874;0.482,0.891;aaaaaaa;
0.888,0.452,0.554,0.891,0.0934;0.0433,0.74;aaaaaaaa;
0.25,0.372,0.23,0.806,0.993;0.774,0.75;aaa;
0.273,0.536,0.723,0.928,0.694;0.908,0.746;aaaaaaa;
0.555,0.232,0.0947,0.251,0.256;0.0143,0.316;aaaa;
0.96,0.841,0.177,0.78,0.0816;0.373,0.118;aaaaaaaaa;
0.105,0.136,0.421,0.317,0.0933;0.306,0.46;aa;
0.694,0.983,0.559,0.726,0.261;0.713,0.0757;aaa;
0.439,0.583,0.255,0.837,0.467;0.394,0.823;aaaaaa;
0.181,0.978,0.458,0.0636,0.868;0.0529,0.0575;aaaa;
0.246,0.154,0.634,0.435,0.967;0.701,0.779;aaaaaaaaaa;
0.846,0.644,0.247,0.567,0.0743;0.536,0.764;aaaaaa;
0.706,0.411,0.239,0.728,0.779;0.306,0.744;aaaaaaa;
0.68,0.802,0.0644,0.436,0.123;0.612,0.45;aa;
0.173,0.392,0.643,0.37,0.698;0.925,0.297;aaaa;
0.765,0.908,0.022,0.316,0.432;0.363,0.625;aaaaa;
0.0244,0.105,0.166,0.703,0.205;0.991,0.458;aaaa;
0.534,0.527,0.801,0.3,0.0719;0.282,0.0403;aaaaaaaaaa;
0.782,0.485,0.196,0.96,0.56;0.318,0.36;aaaaa;
0.889,0.587,0.257,0.422,0.509;0.92,0.704;aa;
0.384,0.475,0.4,0.475,0.0408;0.544,0.843;a;
0.982,0.271,0.788,0.479,0.43;0.53,0.998;aaaaaaaa;
0.243,0.641,0.24,0.571,0.208;0.786,0.659;aaa;
0.728,0.963,0.733,0.611,0.103;0.308,0.375;aa;
0.478,0.592,0.676,0.00638,0.141;0.414,0.895;aaa;
0.511,0.0589,0.141,0.694,0.424;0.0845,0.0946;aa;
0.512,0.672,0.917,0.69,0.206;0.589,0.31;aaaaaaa;
0.165,0.764,0.895,0.126,0.264;0.28,0.477;aaaaaaa;
0.713,0.682,0.544,0.616,0.648;0.885,0.27;aaaaaaaaa;
0.535,0.0397,0.199,0.865,0.665;0.719,0.263;aaa;
0.0675,0.0617,0.766,0.524,0.335;0.246,0.00934;a;
0.16,0.523,0.529,0.965,0.898;0.32,0.132;aaaaaaaaaa;
0.89,0.458,0.269,0.185,0.643;0.429,0.331;aa;
0.945,0.507,0.24,0.614,0.42;0.0387,0.532;aaaaaaaaaa;
0.45,0.164,0.197,0.987,0.583;0.794,0.808;aaaaaa;
0.59,0.138,0.276,0.0816,0.708;0.984,0.181;aa;
0.137,0.435,0.234,0.0555,0.889;0.308,0.918;aaaaaaaaaa;
0.763,0.906,0.549,0.985,0.772;0.0215,0.251;aaaaa;
0.629,0.126,0.407,0.271,0.871;0.402,0.641;aaaaaa;
0.274,0.593,0.92,0.66,0.978;0.321,0.23;aaaaaaa;
0.338,0.662,0.742,0.636,0.779;0.467,0.894;aaaaaaaa;
0.582,0.508,0.612,0.488,0.414;0.369,0.602;aa;
0.903,0.543,0.796,0.629,0.0588;0.946,0.626;aaaaaa;
0.693,0.815,0.543,0.342,0.859;0.249,0.897;aaaaaaaa;
0.396,0.141,0.37,0.921,0.68;0.977,0.0592;aaaa;
0.969,0.294,0.502,0.403,0.0013;0.918,0.914;a;
0.044,0.525,0.701,0.623,0.417;0.233,0.881;aaaaaaaaa;
0.678,0.981,0.96,0.645,0.902;0.535,0.265;aaaaaa;
0.472,0.388,0.914,0.352,0.229;0.53,0.23;a;
0.6,0.629,0.202,0.0948,0.633;0.0519,0.357;aaaaaaaaaa;
0.196,0.469,0.462,0.486,0.311;0.104,0.466;aaaaaaa;
0.896,0.808,0.0686,0.489,0.347;0.285,0.339;aa;
0.173,0.966,0.211,0.127,0.427;0.448,0.372;aaaaaaa;
0.433,0.533,0.688,0.691,0.226;0.197,0.697;aaaaaaa;
0.487,0.321,0.0642,0.179,0.566;0.982,0.464;aaaa;
0.886,0.0772,0.0671,0.562,0.00813;0.357,0.902;aaaaaaaaaa;
0.398,0.788,0.0977,0.548,0.0841;0.517,0.691;aaaa;
0.864,0.535,0.0649,0.132,0.125;0.202,0.523;aaaaaaa;
0.337,0.594,0.0452,0.623,0.422;0.897,0.72;aaaa;
0.806,0.726,0.0152,0.149,0.438;0.495,0.205;aaaaaaaaaa;
0.855,0.106,0.375,0.137,0.0126;0.797,0.741;aaaa;
0.0839,0.599,0.482,0.815,0.872;0.211,0.968;aaaaaa;
0.38,0.0883,0.0923,0.866,0.541;0.929,0.6;aaaaaaaaa;
0.441,0.56,0.475,0.0368,0.417;0.364,0.946;aaaaaaaaa;
0.833,0.224,0.0177,0.167,0.387;0.798,0.302;aaaaa;
0.207,0.547,0.82,0.264,0.308;0.378,0.613;aa;
0.531,0.858,0.493,0.237,0.562;0.595,0.604;aaa;
0.675,0.872,0.342,0.111,0.532;0.995,0.412;aaaaaaaa;
0.193,0.0817,0.653,0.525,0.29;0.0343,0.811;aaaaaaaaaa;
0.43,0.936,0.994,0.561,0.101;0.455,0.218;aaaaaaaaaa;
0.154,0.492,0.334,0.327,0.834;0.963,0.943;aaaaaa;
0.774,0.464,0.805,0.684,0.647;0.674,0.882;aaaaaaaaaa;
0.246,0.032,0.975,0.382,0.137;0.687,0.504;aa;
0.176,0.699,0.774,0.428,0.473;0.939,0.342;aaaaaaaaa;
0.868,0.63,0.291,0.202,0.719;0.267,0.366;aaaaaaaaaa;
0.519,0.362,0.146,0.27,0.923;0.804,0.443;a;
0.0616,0.8,0.658,0.0313,0.653;0.554,0.93;aa;
0.427,0.737,0.0692,0.306,0.574;0.81,0.949;a;
0.248,0.24,0.752,0.677,0.508;0.0607,0.98;aaaaaaaaa;
0.338,0.408,0.309,0.596,0.307;0.0111,0.553;aaaaaa;
0.532,0.939,0.67,0.278,0.681;0.246,0.895;aaaaaaaaa;
0.0707,0.175,0.0332,0.49,0.443;0.786,0.53;a;
0.996,0.473,0.398,0.246,0.43;0.0322,0.869;aaaaaaaaa;
0.845,0.191,0.883,0.728,0.417;0.812,0.678;aaa;
0.815,0.0831,0.269,0.734,0.243;0.803,0.0732;a;
0.631,0.837,0.497,0.118,0.381;0.981,0.982;aaaaaaaa;
0.0392,0.186,0.866,0.209,0.323;0.397,0.64;aaaa;
0.307,0.459,0.724,0.676,0.479;0.892,0.342;aaaa;
0.792,0.782,0.173,0.0325,0.526;0.133,0.134;aa;
0.774,0.72,0.08,0.796,0.924;0.814,0.147;aaaaaaaa;
0.98,0.883,0.171,0.424,0.0501;0.699,0.102;aa;
0.091,0.888,0.439,0.000518,0.667;0.141,0.384;aa;
0.949,0.499,0.587,0.683,0.199;0.49,0.579;aa;
0.662,0.223,0.314,0.958,0.648;0.304,0.484;aaaaaaa;
0.672,0.439,0.545,0.231,0.00938;0.821,0.284;aaaaa;
0.395,0.541,0.618,0.347,0.0457;0.798,0.856;aaaaaaa;
0.925,0.0169,0.625,0.0638,0.605;0.238,0.177;aaaaaaa;
0.728,0.798,0.147,0.288,0.713;0.11,0.728;aaa;
0.0931,0.195,0.503,0.246,0.823;0.321,0.0932;aaa;
0.372,0.096,0.841,0.261,0.612;0.0103,0.653;aaaaaaaaa;
0.287,0.482,0.667,0.88,0.532;0.0729,0.734;aaaaaaa;
0.345,0.681,0.987,0.728,0.749;0.63,0.557;aaaa;
0.246,0.526,0.972,0.23,0.233;0.045,0.083;a;
0.197,0.32,0.651,0.642,0.911;0.537,0.0905;aaaaaaa;
0.405,0.802,0.143,0.709,0.54;0.551,0.483;aaaaaaaa;
0.285,0.753,0.699,0.888,0.239;0.224,0.83;a;
0.433,0.757,0.326,0.489,0.488;0.496,0.158;aaa;
0.766,0.373,0.495,0.649,0.279;0.173,0.351;aaaaaaaaaa;
0.663,0.15,0.217,0.552,0.375;0.926,0.153;aa;
0.369,0.162,0.644,0.426,0.215;0.0557,0.564;aaaaaaa;
0.366,0.179,0.585,0.751,0.211;0.718,0.363;aaaaaa;
0.966,0.923,0.359,0.942,0.111;0.774,0.502;aaaaa;
0.961,0.629,0.251,0.602,0.562;0.478,0.847;aaaaa;
0.58,0.446,0.236,0.851,0.411;0.54,0.0207;a;
0.523,0.487,0.476,0.204,0.566;0.23,0.363;aa;
0.599,0.803,0.248,0.00421,0.578;0.942,0.282;aaaaa;
0.435,0.135,0.367,0.511,0.879;0.863,0.651;aaaaaaaa;
0.909,0.166,0.698,0.887,0.00628;0.335,0.154;aa;
0.896,0.809,0.849,0.483,0.291;0.868,0.182;aaaaaaaa;
0.728,0.795,0.57,0.962,0.858;0.272,0.837;aaaaaaa;
0.847,0.741,0.625,0.347,0.221;0.442,0.478;aaaaaaaaaa;
0.856,0.775,0.985,0.369,0.957;0.953,0.671;aa;
0.176,0.0465,0.0821,0.306,0.862;0.433,0.443;aaaaaaaaa;
0.573,0.902,0.647,0.784,0.143;0.215,0.566;aaaaaaaa;
0.699,0.803,0.915,0.35,0.12;0.479,0.915;a;
0.127,0.22,0.149,0.977,0.586;0.576,0.31;aaaaa;
0.084,0.701,0.554,0.964,0.0926;0.893,0.63;aaaaaa;
0.0741,0.902,0.439,0.876,0.606;0.831,0.151;aaaaaaa;
0.811,0.643,0.464,0.184,0.623;0.703,0.934;aaaaaaaaa;
0.102,0.585,0.162,0.0781,0.804;0.842,0.542;aaaaaaa;
0.292,0.541,0.738,0.328,0.449;0.629,0.81;aaaaaaaa;
0.726,0.68,0.47,0.752,0.694;0.833,0.4;aaaaa;
0.958,0.223,0.449,0.118,0.778;0.947,0.963;aaaaaaaaaa;
0.131,0.949,0.171,0.00447,0.965;0.326,0.127;aaaa;
0.923,0.351,0.161,0.764,0.993;0.391,0.113;aaaaaa;
0.529,0.784,0.643,0.92,0.0805;0.183,0.0635;aaaaa;
0.416,0.892,0.329,0.546,0.656;0.0718,0.506;aaaaaaa;
0.0462,0.0777,0.563,0.416,0.868;0.745,0.725;aaaaaaaa;
0.697,0.494,0.512,0.351,0.239;0.69,0.932;a;
0.506,0.701,0.825,0.253,0.399;0.807,0.756;aaaa;
0.331,0.955,0.273,0.879,0.526;0.0262,0.245;aaaaaa;
0.999,0.926,0.744,0.478,0.423;0.796,0.803;aaa;
0.887,0.469,0.469,0.852,0.507;0.031,0.938;aaa;
0.626,0.0745,0.507,0.902,0.652;0.68,0.0586;aaaaaaaa;
0.822,0.329,0.113,0.224,0.828;0.265,0.459;aaaaaaaaa;
0.275,0.197,0.986,0.218,0.947;0.963,0.796;aaaaa;
0.226,0.727,0.352,0.605,0.208;0.753,0.652;aaaaa;
0.24,0.929,0.437,0.988,0.685;0.932,0.939;aaaaaaaaaa;
0.43,0.221,0.702,0.299,0.0463;0.811,0.627;aaaaaaa;
0.208,0.863,0.63,0.18,0.823;0.33,0.79;aaaaaaaa;
0.202,0.0649,0.743,0.888,0.841;0.498,0.0794;a;
0.179,0.896,0.533,0.441,0.707;0.669,0.474;a;
0.00203,0.843,0.701,0.671,0.915;0.663,0.772;aaaaaaaaa;
0.179,0.591,0.081,0.877,0.584;0.625,0.883;aaaaaaa;
0.0801,0.0702,0.501,0.29,0.0479;0.971,0.833;aaaaaaaaa;
0.281,0.953,0.0257,0.323,0.318;0.307,0.743;aa;
0.292,0.75,0.0704,0.33,0.197;0.889,0.304;aa;
0.92,0.775,0.586,0.482,0.685;0.864,0.418;aaaaaaa;
0.785,0.00968,0.877,0.487,0.67;0.863,0.83;aaaaaaa;
0.801,0.288,0.83,0.134,0.414;0.743,0.182;aaaaaaaa;
0.982,0.157,0.57,0.554,0.255;0.872,0.552;a;
0.689,0.729,0.456,0.377,0.832;0.382,0.555;aaa;
0.4,0.271,0.577,0.546,0.284;0.785,0.0249;aaaaaa;
0.314,0.722,0.674,0.0165,0.893;0.849,0.774;aaaaa;
0.639,0.742,0.233,0.23,0.962;0.652,0.12;aaa;
0.597,0.609,0.312,0.556,0.709;0.833,0.846;aaaaa;
0.991,0.169,0.882,0.299,0.882;0.98,0.474;a;
0.807,0.943,0.143,0.0164,0.112;0.635,0.412;aaaaa;
0.69,0.738,0.517,0.85,0.8;0.919,0.285;aaaa;
0.507,0.984,0.389,0.327,0.594;0.0968,0.0323;aa;
0.43,0.129,0.992,0.468,0.745;0.965,0.923;aaaaaaaa;
0.846,0.924,0.915,0.204,0.542;0.574,0.414;aaaaaaaaa;
0.395,0.221,0.557,0.598,0.486;0.191,0.643;aaaaa;
0.392,0.378,0.973,0.717,0.1;0.979,0.189;aaaaaaaaa;
0.467,0.888,0.543,0.0755,0.758;0.405,0.221;aa;
0.504,0.378,0.776,0.817,0.491;0.734,0.779;aaaaaa;
0.559,0.923,0.0964,0.202,0.713;0.815,0.0425;aaaaaaa;
0.995,0.831,0.295,0.832,0.302;0.826,0.499;aaaaa;
0.602,0.58,0.221,0.51,0.357;0.232,0.199;aaaaaa;
0.983,0.239,0.199,0.701,0.281;0.78,0.86;a;
0.94,0.7,0.0236,0.324,0.789;0.388,0.346;aa;
0.882,0.369,0.35,0.531,0.439;0.676,0.941;aaa;
0.157,0.478,0.754,0.304,0.195;0.486,0.73;a;
0.142,0.875,0.951,0.36,0.554;0.793,0.0545;aaaa;
0.314,0.786,0.165,0.129,0.0909;0.907,0.563;aaaaaaaaaa;
0.228,0.673,0.789,0.431,0.257;0.706,0.847;aaa;
0.189,0.757,0.77,0.72,0.364;0.0171,0.496;aaaaaaa;
0.178,0.691,0.436,0.579,0.577;0.664,0.326;aaaa;
0.658,0.54,0.305,0.17,0.832;0.419,0.0622;aaaa;
0.339,0.721,0.0594,0.0449,0.329;0.394,0.828;aaaaaaaaa;
0.193,0.723,0.215,0.58,0.132;0.984,0.303;aaaaa;
0.973,0.611,0.911,0.0158,0.842;0.656,0.708;aaaaaa;
0.19,0.727,0.947,0.0117,0.263;0.492,0.282;aaaa;
0.302,0.463,0.392,0.828,0.38;0.292,0.476;aaaaaaa;
0.472,0.12,0.484,0.355,0.998;0.517,0.2;aaaaaa;
0.703,0.206,0.581,0.293,0.439;0.905,0.863;aaaaaaaaa;
0.0751,0.0905,0.567,0.303,0.317;0.468,0.536;aa;
0.731,0.893,0.935,0.695,0.772;0.925,0.12;aaaaaaaaa;
0.822,0.6,0.481,0.576,0.463;0.807,0.401;aaaa;
0.0676,0.0535,0.163,0.836,0.107;0.198,0.655;aaaaaaaaa;
0.482,0.289,0.992,0.814,0.345;0.716,0.208;aaaaaaaaaa;
0.39,0.698,0.352,0.43,0.918;0.417,0.592;aaaaaaaaaa;
0.377,0.283,0.244,0.212,0.616;0.0182,0.588;aaaaaa;
0.47,0.859,0.82,0.206,0.0334;0.15,0.968;aaaaaaaaaa;
0.173,0.803,0.112,0.536,0.997;0.936,0.291;aaaa;
0.253,0.221,0.663,0.118,0.303;0.0511,0.58;aaaa;
0.771,0.887,0.275,0.459,0.0786;0.983,0.189;aaaaaaaa;
0.965,0.832,0.956,0.526,0.85;0.406,0.623;aaaaa;
0.0569,0.567,0.949,0.409,0.199;0.929,0.627;aaaaaaaaaa;
0.651,0.102,0.0986,0.0833,0.602;0.719,0.157;aaaaaa;
0.854,0.0764,0.421,0.0421,0.848;0.765,0.136;aaaaaaa;
0.274,0.75,0.63,0.332,0.447;0.51,0.491;aaaaaaa;
0.317,0.368,0.628,0.81,0.28;0.124,0.396;aa;
0.884,0.919,0.633,0.348,0.258;0.906,0.992;a;
0.497,0.783,0.812,0.985,0.949;0.443,0.907;aaaaaaaaaa;
0.206,0.197,0.103,0.724,0.0375;0.579,0.747;aaaaaaaaaa;
0.827,0.0323,0.952,0.954,0.389;0.378,0.575;aaa;
0.605,0.0919,0.46,0.0145,0.86;0.492,0.0774;aaaa;
0.0542,0.232,0.29,0.32,0.575;0.781,0.606;aaaaaaaaa;
0.26,0.426,0.432,0.576,0.543;0.125,0.868;aaaaaaa;
0.834,0.908,0.128,0.4,0.932;0.603,0.726;aaaaaaaaaa;
0.376,0.8,0.133,0.535,0.378;0.0808,0.109;aaaaaaaaaa;
0.0858,0.0452,0.163,0.927,0.0667;0.698,0.147;aaaaaaaa;
0.869,0.934,0.841,0.72,0.758;0.45,0.551;aa;
0.593,0.126,0.186,0.748,0.629;0.707,0.796;aaa;
0.918,0.531,0.677,0.15,0.11;0.108,0.55;aaaaaaa;
0.656,0.169,0.473,0.565,0.375;0.088,0.175;aaaaaaaaa;
0.0387,0.775,0.966,0.801,0.898;0.496,0.109;aaaaaaaaa;
0.592,0.19,0.805,0.0112,0.23;0.984,0.327;aaaa;
0.102,0.726,0.953,0.99,0.366;0.148,0.609;aaa;
0.129,0.546,0.0918,0.0016,0.934;0.744,0.915;aa;
0.498,0.603,0.699,0.16,0.321;0.57,0.554;aaaaaaaa;
0.836,0.342,0.358,0.454,0.659;0.447,0.81;aaaa;
0.331,0.172,0.916,0.337,0.828;0.692,0.101;aaaaaa;
0.39,0.933,0.00777,0.116,0.686;0.197,0.492;aaaaaa;
0.597,0.932,0.323,0.61,0.21;0.854,0.512;aaaa;
0.782,0.871,0.316,0.3,0.736;0.645,0.277;aaa;
0.294,0.568,0.751,0.45,0.664;0.837,0.967;aaaaaa;
0.0152,0.333,0.184,0.102,0.365;0.898,0.212;aaaaaa;
0.982,0.225,0.903,0.348,0.929;0.57,0.0898;a;
0.386,0.242,0.791,0.972,0.823;0.292,0.192;aaaaaa;
0.201,0.926,0.339,0.0744,0.439;0.561,0.0195;aa;
0.859,0.131,0.0773,0.0452,0.456;0.536,0.0995;aaa;
0.165,0.067,0.351,0.385,0.121;0.547,0.416;aaa;
0.679,0.777,0.933,0.755,0.37;0.827,0.229;aaaaaaaaa;
0.225,0.29,0.212,0.828,0.607;0.665,0.44;a;
0.619,0.994,0.062,0.76,0.047;0.491,0.547;aaaaaaaaaa;
0.884,0.0975,0.432,0.388,0.672;0.0901,0.92;aaa;
0.838,0.119,0.286,0.322,0.124;0.403,0.651;aaaa;
0.114,0.959,0.23,0.99,0.957;0.857,0.739;aaaaaaaa;
0.794,0.681,0.0634,0.927,0.078;0.438,0.858;aaaaa;
0.448,0.697,0.921,0.0346,0.349;0.4,0.583;aaaa;
0.204,0.637,0.236,0.161,0.393;0.474,0.0142;aaaaaaaa;
0.173,0.0403,0.719,0.188,0.213;0.485,0.727;a;
0.588,0.401,0.026,0.667,0.024;0.0377,0.0353;aaaaaaaaa;
0.416,0.613,0.589,0.0406,0.396;0.543,0.9;aaa;
0.8,0.668,0.351,0.549,0.163;0.736,0.773;aaaaaa;
0.592,0.945,0.243,0.804,0.523;0.763,0.7;aaaaa;
0.396,0.514,0.831,0.573,0.735;0.00175,0.522;aa;
0.219,0.826,0.697,0.724,0.0794;0.899,0.883;aa;
0.402,0.554,0.867,0.113,0.792;0.403,0.821;aaaaaaaa;
0.633,0.181,0.445,0.0253,0.0595;0.916,0.649;aaaaaaaaa;
0.152,0.171,0.494,0.918,0.229;0.597,0.0127;aaaaaaaaaa;
0.162,0.789,0.0918,0.939,0.0958;0.826,0.206;aaaaaaaaaa;
0.332,0.802,0.237,0.745,0.91;0.31,0.0202;aaaaaaaaa;
0.273,0.653,0.00525,0.219,0.513;0.899,0.959;aaa;
0.138,0.937,0.297,0.309,0.0778;0.0893,0.263;aaaaaaaa;
0.248,0.327,0.0601,0.133,0.72;0.551,0.432;aaaaaaaa;
0.212,0.466,0.822,0.884,0.903;0.915,0.943;aaaaaaaaaa;
0.496,0.159,0.247,0.218,0.0612;0.637,0.782;aaa;
0.073,0.939,0.8,0.313,0.0454;0.719,0.795;a;
0.785,0.544,0.23,0.427,0.508;0.587,0.591;aaaaa;
0.228,0.234,0.355,0.167,0.463;0.876,0.639;aa;
0.883,0.985,0.144,0.951,0.804;0.335,0.713;aaaaaaaaa;
0.585,0.288,0.248,0.819,0.516;0.912,0.0603;aaaaaa;
0.394,0.106,0.346,0.536,0.589;0.784,0.494;a;
0.263,0.831,0.898,0.751,0.54;0.508,0.865;a;
0.642,0.903,0.0986,0.0556,0.374;0.253,0.37;aaaaaaa;
0.326,0.909,0.071,0.434,0.459;0.904,0.952;aaaa;
0.199,0.179,0.151,0.311,0.344;0.955,0.269;aaaa;
0.0491,0.31,0.789,0.0398,0.495;0.471,0.763;aaaaaaaa;
0.758,0.241,0.833,0.261,0.685;0.562,0.327;aaaaaa;
0.0675,0.254,0.963,0.945,0.433;0.0534,0.98;aaaaaa;
0.422,0.881,0.24,0.126,0.286;0.99,0.65;aaaaaa;
0.373,0.827,0.585,0.46,0.961;0.886,0.362;aaaaaa;
0.0208,0.84,0.64,0.0355,0.198;0.144,0.775;aaaaaaaaa;
0.146,0.647,0.0405,0.638,0.142;0.532,0.222;aaaaaaaaa;
0.313,0.503,0.92,0.729,0.266;0.633,0.0338;aaa;
0.447,0.717,0.452,0.229,0.547;0.881,0.932;aaaa;
0.14,0.469,0.876,0.0276,0.113;0.97,0.0899;aaaaa;
0.76,0.614,0.932,0.346,0.751;0.525,0.661;aaaaa;
0.512,0.667,0.213,0.242,0.146;0.734,0.739;aaaaaa;
0.63,0.583,0.79,0.0908,0.424;0.599,0.981;aaaaaa;
0.492,0.107,0.141,0.61,0.479;0.163,0.715;aa;
0.248,0.931,0.0698,0.127,0.514;0.188,0.469;aaaaaa;
0.614,0.553,0.871,0.175,0.0277;0.179,0.597;aaaa;
0.627,0.0298,0.32,0.731,0.169;0.952,0.784;aaaa;
0.0728,0.876,0.75,0.455,0.837;0.515,0.523;aaaaaa;
0.706,0.637,0.711,0.537,0.759;0.147,0.686;aaaaaa;
0.175,0.905,0.332,0.265,0.858;0.991,0.133;aaaaaaaa;
0.644,0.965,0.887,0.905,0.793;0.866,0.932;a;
0.813,0.535,0.909,0.494,0.74;0.742,0.705;aaa;
0.295,0.774,0.223,0.976,0.266;0.218,0.875;aaaaa;
0.997,0.701,0.0351,0.198,0.986;0.591,0.116;aaaaaaa;
0.642,0.42,0.745,0.704,0.487;0.811,0.469;aaaaaaaaaa;
0.305,0.859,0.307,0.995,0.262;0.0977,0.0586;aaaaa;
0.058,0.0113,0.834,0.525,0.634;0.22,0.212;aaaaaaaaa;
0.269,0.848,0.084,0.219,0.81;0.89,0.162;aaaaa;
0.464,0.32,0.0702,0.382,0.92;0.47,0.0966;aaaaaa;
0.637,0.782,0.87,0.323,0.463;0.341,0.558;aaaaa;
0.68,0.411,0.474,0.554,0.605;0.499,0.768;aaaaa;
0.6,0.29,0.011,0.747,0.784;0.331,0.778;aaaaa;
0.945,0.0857,0.22,0.253,0.162;0.561,0.0913;aaaaaaaaaa;
0.966,0.534,0.739,0.368,0.0357;0.424,0.426;aaaaa;
0.0717,0.239,0.0782,0.736,0.924;0.416,0.912;aaaaaaaa;
0.616,0.774,0.478,0.374,0.496;0.477,0.973;aaaaaaaa;
0.18,0.245,0.641,0.33,0.391;0.682,0.827;aaaaaaaaa;
0.189,0.667,0.911,0.257,0.592;0.568,0.331;aaaaaa;
0.292,0.903,0.626,0.537,0.478;0.106,0.917;aaaaaaaa;
0.403,0.0693,0.959,0.0577,0.815;0.142,0.402;aaa;
0.352,0.312,0.36,0.734,0.178;0.368,0.698;aaaaaaaaaa;
0.678,0.623,0.0539,0.309,0.489;0.544,0.911;a;
0.932,0.888,0.532,0.478,0.676;0.654,0.96;aaaaaa;
0.514,0.584,0.881,0.757,0.983;0.776,0.221;aa;
0.172,0.403,0.503,0.964,0.692;0.424,0.426;aaaaaaa;
0.691,0.151,0.872,0.873,0.307;0.925,0.766;aaaaaaa;
0.607,0.185,0.193,0.814,0.683;0.718,0.0358;aaaaa;
0.432,0.831,0.688,0.427,0.0349;0.101,0.0846;aaa;
0.995,0.976,0.342,0.812,0.254;0.751,0.675;aaaaaa;
0.882,0.475,0.977,0.151,0.297;0.214,0.0226;aaaaaaaa;
0.263,0.437,0.375,0.687,0.337;0.654,0.307;a;
0.616,0.443,0.31,0.611,0.881;0.162,0.926;aaaaaa;
0.0402,0.676,0.297,0.814,0.213;0.954,0.119;aaaaaaaaaa;
0.25,0.771,0.395,0.655,0.269;0.714,0.374;aaa;
0.454,0.268,0.494,0.509,0.324;0.182,0.773;a;
0.459,0.384,0.0688,0.597,0.806;0.483,0.116;aaaaa;
0.648,0.948,0.161,0.542,0.962;0.473,0.44;a;
0.528,0.828,0.82,0.942,0.774;0.165,0.2;aaaaaaa;
0.744,0.282,0.609,0.571,0.0779;0.38,0.838;aa;
0.787,0.409,0.03,0.893,0.522;0.599,0.558;aaaaa;
0.254,0.712,0.843,0.51,0.786;0.77,0.419;aaaa;
0.855,0.699,0.513,0.592,0.114;0.0751,0.555;aaaaaaaaa;
0.908,0.941,0.304,0.897,0.414;0.544,0.384;aaaaaa;
0.265,0.916,0.517,0.792,0.684;0.673,0.59;a;
0.533,0.67,0.0458,0.463,0.0745;0.606,0.434;aaaaaaaaa;
0.756,0.0315,0.461,0.171,0.724;0.78,0.906;aaaa;
0.453,0.51,0.547,0.0827,0.112;0.453,0.0832;aaaaaaa;
0.0883,0.292,0.69,0.455,0.926;0.828,0.179;aaaaa;
0.127,0.366,0.569,0.306,0.39;0.4,0.00153;aaaaaaa;
0.521,0.75,0.581,0.377,0.503;0.151,0.883;aaaa;
0.251,0.233,0.866,0.86,0.226;0.125,0.959;aaaaa;
0.51,0.529,0.0152,0.567,0.454;0.0808,0.279;aaaaaa;
0.389,0.206,0.957,0.14,0.255;0.186,0.275;a;
0.587,0.485,0.775,0.911,0.525;0.207,0.968;aaaaaaaaa;
0.956,0.916,0.211,0.948,0.544;0.782,0.13;aaaaaaaa;
0.693,0.522,0.997,0.523,0.917;0.936,0.0407;aaaaaa;
0.318,0.205,0.925,0.428,0.0229;0.976,0.572;aaaaaaa;
0.921,0.104,0.423,0.786,0.896;0.0489,0.275;aaaaaaaaa;
0.102,0.779,0.622,0.948,0.914;0.548,0.764;a;
0.436,0.64,0.0926,0.392,0.415;0.532,0.119;aaaaaaaaaa;
0.591,0.831,0.467,0.382,0.16;0.138,0.767;a;
0.895,0.0243,0.399,0.428,0.401;0.436,0.96;aa;
0.59,0.225,0.391,0.649,0.787;0.859,0.847;aaaaa;
0.925,0.394,0.31,0.796,0.165;0.767,0.0628;aaa;
0.56,0.246,0.984,0.846,0.131;0.497,0.734;aaaaaaa;
0.335,0.968,0.719,0.77,0.916;0.606,0.28;aaa;
0.651,0.996,0.423,0.0653,0.541;0.915,0.567;aaaaaaaaaa;
0.151,0.207,0.609,0.91,0.775;0.929,0.662;aaaaa;
0.574,0.25,0.419,0.717,0.955;0.776,0.438;aaaa;
0.341,0.222,0.0896,0.82,0.852;0.838,0.741;aaaaaaaaaa;
0.0956,0.88,0.335,0.903,0.0873;0.94,0.925;a;
0.516,0.898,0.174,0.387,0.298;0.812,0.884;aaaaaaaaa;
0.56,0.982,0.766,0.011,0.0144;0.891,0.927;aa;
0.141,0.0464,0.078,0.666,0.64;0.459,0.595;aaaaa;
0.254,0.94,0.779,0.744,0.335;0.522,0.703;a;
0.62,0.395,0.457,0.381,0.423;0.905,0.905;aaa;
0.7,0.282,0.815,0.48,0.123;0.178,0.332;aaaaaaaaa;
0.113,0.146,0.13,0.169,0.374;0.667,0.175;aaaaaa;
0.932,0.81,0.194,0.513,0.00877;0.748,0.332;aaaaaaa;
0.0133,0.192,0.258,0.812,0.791;0.463,0.918;aaaaaaa;
0.24,0.764,0.3,0.768,0.0725;0.815,0.882;aaaaaaaaa;
0.775,0.0177,0.249,0.424,0.553;0.941,0.667;aa;
0.0145,0.813,0.441,0.672,0.28;0.114,0.164;aaaaaa;
0.739,0.16,0.718,0.482,0.371;0.899,0.737;aaaa;
0.712,0.578,0.858,0.434,0.544;0.305,0.685;aaaaaaaaa;
0.95,0.146,0.0427,0.443,0.492;0.415,0.429;aaa;
0.164,0.345,0.00588,0.942,0.889;0.047,0.296;aaaaaaa;
0.48,0.0732,0.815,0.548,0.929;0.105,0.883;aaaaaaaa;
0.22,0.697,0.284,0.289,0.159;0.426,0.17;aaaaaaaaa;
0.84,0.388,0.776,0.988,0.851;0.455,0.175;a;
0.448,0.241,0.951,0.739,0.269;0.519,0.142;a;
0.493,0.783,0.908,0.714,0.66;0.778,0.861;aaaaaaaa;
0.728,0.955,0.636,0.757,0.177;0.713,0.0152;aaaaa;
0.627,0.772,0.827,0.426,0.77;0.643,0.0756;aaaaaaaaaa;
0.344,0.585,0.772,0.822,0.696;0.983,0.16;aaaaaaaaa;
0.609,0.428,0.893,0.43,0.11;0.248,0.609;aa;
0.707,0.629,0.459,0.443,0.358;0.138,0.876;aaaa;
0.566,0.167,0.153,0.854,0.592;0.45,0.126;aaaaaaaaa;
0.495,0.825,0.82,0.657,0.818;0.551,0.448;a;
0.525,0.801,0.872,0.905,0.135;0.828,0.841;aaaaaaa;
0.324,0.16,0.225,0.344,0.141;0.884,0.346;aaa;
0.614,0.991,0.314,0.641,0.335;0.759,0.923;aaaaaa;
0.616,0.402,0.229,0.24,0.0622;0.342,0.552;aaaaaaaaa;
0.993,0.919,0.689,0.208,0.595;0.175,0.101;aaaaaaaaaa;
0.4,0.696,0.967,0.729,0.85;0.327,0.274;aaaaaa;
0.954,0.398,0.328,0.312,0.313;0.447,0.97;aaa;
0.153,0.0546,0.256,0.574,0.594;0.513,0.804;aaaaaaaaa;
0.37,0.351,0.961,0.645,0.514;0.253,0.684;aaaaaaaaaa;
0.277,0.0719,0.163,0.543,0.66;0.956,0.877;aaaaaaaa;
0.281,0.741,0.705,0.427,0.563;0.832,0.0913;aa;
0.3,0.119,0.265,0.0787,0.068;0.773,0.0373;a;
0.108,0.483,0.302,0.658,0.397;0.668,0.637;aaaaaaa;
0.704,0.885,0.56,0.123,0.403;0.79,0.413;aaaaaaaaa;
0.394,0.642,0.0992,0.484,0.0491;0.628,0.1;aaaaa;
0.066,0.662,0.411,0.613,0.483;0.355,0.862;aaaaaaa;
0.0926,0.397,0.339,0.138,0.771;0.56,0.153;aaaaaaaaa;
0.987,0.868,0.916,0.824,0.176;0.617,0.256;aa;
0.687,0.908,0.213,0.0158,0.483;0.811,0.0973;aaaaaaaaaa;
0.562,0.827,0.991,0.996,0.999;0.758,0.898;a;
0.398,0.988,0.0482,0.683,0.191;0.278,0.922;aaaaaaaaa;
0.214,0.0598,0.299,0.644,0.409;0.482,0.754;aaaaaaa;
0.338,0.273,0.633,0.965,0.126;0.126,0.586;aaaaaaaaaa;
0.611,0.569,0.676,0.633,0.591;0.774,0.107;aaaaaaaa;
0.574,0.216,0.58,0.259,0.51;0.132,0.579;aaaaaa;
0.729,0.45,0.102,0.131,0.803;0.0937,0.963;aaaa;
0.215,0.311,0.454,0.17,0.657;0.166,0.502;aa;
0.902,0.615,0.24,0.893,0.445;0.691,0.979;aa;
0.653,0.564,0.925,0.892,0.569;0.807,0.859;aaaaaa;
0.0603,0.0326,0.109,0.95,0.386;0.776,0.195;a;
0.151,0.548,0.916,0.305,0.133;0.32,0.0625;aaaa;
0.779,0.89,0.479,0.893,0.223;0.156,0.852;aa;
0.471,0.799,0.899,0.834,0.329;0.575,0.83;aa;
0.678,0.182,0.465,0.948,0.325;0.232,0.811;a;
0.0404,0.993,0.829,0.593,0.678;0.38,0.921;aaaaaaa;
0.301,0.332,0.635,0.691,0.802;0.329,0.838;aaaaaaaaaa;
0.243,0.786,0.486,0.0232,0.409;0.417,0.397;aaaaa;
0.046,0.148,0.194,0.216,0.257;0.0443,0.965;aaaaaa;
0.668,0.0456,0.772,0.328,0.0724;0.507,0.977;aaaaa;
0.567,0.487,0.161,0.0718,0.074;0.812,0.88;aaa;
0.558,0.633,0.112,0.926,0.393;0.694,0.259;aaaaaa;
0.812,0.135,0.208,0.958,0.665;0.333,0.713;a;
0.844,0.357,0.675,0.693,0.0434;0.0404,0.592;aaaaaa;
0.367,0.851,0.925,0.215,0.992;0.442,0.44;aa;
0.341,0.252,0.981,0.405,0.793;0.849,0.547;aaa;
0.473,0.76,0.209,0.205,0.00838;0.294,0.0384;aa;
0.535,0.786,0.893,0.895,0.971;0.132,0.105;a;
0.991,0.424,0.0151,0.722,0.86;0.421,0.307;aaa;
0.957,0.201,0.379,0.531,0.373;0.277,0.894;aaaaaaaaaa;
0.837,0.944,0.686,0.266,0.984;0.793,0.62;aaaaaaaaaa;
0.846,0.863,0.216,0.241,0.587;0.82,0.65;aaaaaaa;
0.965,0.51,0.083,0.344,0.411;0.0719,0.962;aaaaa;
0.342,0.593,0.0507,0.367,0.317;0.896,0.651;aaaaaaa;
0.852,0.578,0.349,0.741,0.683;0.202,0.289;a;
0.405,0.645,0.24,0.526,0.435;0.679,0.7;aaaaaaaaa;
0.311,0.934,0.293,0.463,0.49;0.72,0.327;aaaaaa;
0.642,0.279,0.144,0.0932,0.571;0.0883,0.243;aa;
0.000489,0.398,0.131,0.13,0.45;0.436,0.71;aaaaaaaa;
0.972,0.843,0.373,0.17,0.992;0.453,0.474;aaaaaaaaaa;
0.139,0.823,0.428,0.889,0.806;0.847,0.873;aaaaaaaa;
0.689,0.934,0.584,0.488,0.696;0.441,0.287;aaaaaaaa;
0.745,0.305,0.955,0.24,0.925;0.292,0.635;aaaaa;
0.858,0.189,0.376,0.328,0.683;0.339,0.274;aaaaaaaaaa;
0.4,0.431,0.504,0.779,0.589;0.188,0.606;a;
0.954,0.332,0.123,0.152,0.456;0.185,0.722;aaaaaaa;
0.788,0.919,0.644,0.61,0.98;0.448,0.365;aa;
0.537,0.544,0.106,0.788,0.567;0.917,0.63;aaaaaaa;
0.115,0.0752,0.311,0.37,0.308;0.802,0.469;a;
0.976,0.473,0.452,0.985,0.857;0.872,0.971;aaaaaaa;
0.377,0.646,0.113,0.443,0.263;0.702,0.908;aaa;
0.902,0.775,0.924,0.0885,0.437;0.931,0.183;aaaa;
0.468,0.17,0.524,0.207,0.336;0.121,0.519;aa;
0.62,0.144,0.319,0.984,0.454;0.409,0.844;aaaaa;
0.934,0.812,0.398,0.628,0.0619;0.364,0.874;aaaaaaaa;
0.269,0.228,0.421,0.3,0.418;0.915,0.762;aaaaaaaaaa;
0.945,0.723,0.654,0.787,0.686;0.965,0.33;aaaa;
0.365,0.166,0.782,0.779,0.103;0.831,0.329;aaaaa;
0.456,0.935,0.462,0.415,0.297;0.969,0.888;aaaa;
0.572,0.256,0.168,0.208,0.316;0.846,0.714;aaaaa;
0.302,0.748,0.136,0.16,0.431;0.779,0.584;a;
0.595,0.436,0.817,0.335,0.383;0.394,0.596;aaaa;
0.84,0.59,0.986,0.735,0.515;0.96,0.104;aaaaaa;
0.321,0.776,0.387,0.801,0.688;0.46,0.472;aaaaaaaaa;
0.0259,0.667,0.992,0.383,0.726;0.475,0.316;aaaaaaaa;
0.961,0.0343,0.566,0.461,0.827;0.481,0.991;aaaaaaaa;
0.918,0.94,0.959,0.984,0.522;0.703,0.721;aa;
0.432,0.702,0.0206,0.655,0.231;0.462,0.47;aaaaaaaaaa;
0.635,0.645,0.643,0.483,0.858;0.203,0.749;aaaaaaaa;
0.53,0.21,0.953,0.0192,0.0355;0.214,0.63;a;
0.0569,0.539,0.358,0.519,0.509;0.176,0.436;aaaaaaa;
0.232,0.0441,0.721,0.891,0.624;0.971,0.118;aaaaaaaa;
0.635,0.541,0.533,0.186,0.458;0.257,0.0998;aaaa;
0.0304,0.794,0.948,0.587,0.793;0.705,0.952;aaaaaaaaa;
0.479,0.849,0.429,0.181,0.421;0.358,0.506;aaaaaa;
0.122,0.176,0.337,0.281,0.407;0.609,0.228;aaaaaa;
0.771,0.319,0.294,0.338,0.0773;0.726,0.648;aaaa;
0.275,0.806,0.0771,0.0739,0.728;0.457,0.625;aa;
0.786,0.339,0.748,0.301,0.188;0.424,0.116;aaaaaaaa;
0.627,0.318,0.296,0.373,0.579;0.209,0.609;aaaa;
0.641,0.926,0.538,0.92,0.222;0.419,0.926;aaaaa;
0.226,0.156,0.0959,0.983,0.821;0.944,0.883;aaaaaaaaaa;
0.584,0.412,0.844,0.729,0.092;0.718,0.32;a;
0.0401,0.328,0.501,0.84,0.924;0.829,0.307;aaa;
0.293,0.63,0.0455,0.598,0.543;0.774,0.97;aaaaaaaa;
0.916,0.753,0.497,0.856,0.379;0.408,0.33;aaaaaaaaaa;
0.837,0.539,0.103,0.394,0.914;0.66,0.942;aaaaaaa;
0.359,0.062,0.171,0.935,0.567;0.736,0.846;aaaaaaaaa;
0.788,0.995,0.431,0.41,0.00271;0.518,0.303;aa;
0.735,0.929,0.665,0.804,0.47;0.996,0.279;aaaaaa;
0.0596,0.433,0.958,0.835,0.147;0.157,0.696;aaa;
0.432,0.618,0.135,0.886,0.531;0.189,0.37;aaaa;
0.806,0.068,0.935,0.797,0.145;0.832,0.383;aaaaaaaaa;
0.144,0.202,0.609,0.189,0.886;0.747,0.0451;aaaaaaaa;
0.0644,0.784,0.39,0.636,0.879;0.921,0.917;aaaa;
0.825,0.801,0.0477,0.134,0.484;0.205,0.701;aaaaaa;
0.295,0.799,0.345,0.16,0.146;0.643,0.598;aa;
0.812,0.168,0.475,0.541,0.728;0.773,0.714;aaaaaaaaaa;
0.751,0.406,0.763,0.586,0.856;0.261,0.601;aaaaaaa;
0.508,0.492,0.827,0.0204,0.564;0.648,0.645;a;
0.332,0.102,0.641,0.155,0.274;0.35,0.566;aa;
0.44,0.0709,0.339,0.621,0.545;0.576,0.202;aaaaa;
0.248,0.514,0.658,0.152,0.43;0.428,0.688;aaaaaaa;
0.808,0.565,0.297,0.422,0.931;0.997,0.795;aaaaaaaa;
0.586,0.128,0.906,0.165,0.138;0.166,0.957;aaaaaaaa;
0.285,0.242,0.164,0.759,0.743;0.163,0.22;aaaaa;
0.674,0.655,0.054,0.444,0.545;0.93,0.684;aaaaaaaaa;
0.955,0.657,0.984,0.865,0.512;0.574,0.782;aaaa;
0.0721,0.0789,0.585,0.101,0.936;0.449,0.577;aaaa;
0.0526,0.738,0.779,0.664,0.596;0.172,0.324;aaaa;
0.213,0.943,0.159,0.169,0.244;0.43,0.756;aaa;
0.0772,0.367,0.0363,0.207,0.457;0.204,0.459;aaaaaa;
0.334,0.912,0.48,0.633,0.316;0.944,0.038;aaaaaaaaaa;
0.755,0.873,0.98,0.615,0.156;0.432,0.499;aaaaaa;
0.104,0.777,0.0773,0.068,0.887;0.514,0.79;aaaaaaa;
0.756,0.938,0.144,0.0604,0.826;0.0508,0.679;a;
0.897,0.42,0.0532,0.47,0.849;0.242,0.448;aa;
0.741,0.851,0.735,0.0538,0.408;0.979,0.242;aaaaaaaa;
0.315,0.405,0.207,0.442,0.422;0.888,0.58;aaaaaaa;
0.927,0.375,0.367,0.793,0.583;0.102,0.722;aaaaaa;
0.668,0.977,0.994,0.0464,0.909;0.437,0.013;aaa;
0.175,0.482,0.469,0.742,0.816;0.582,0.263;aaaaaaaaaa;
0.538,0.00297,0.941,0.437,0.603;0.0635,0.178;aaaa;
0.932,0.584,0.919,0.0184,0.474;0.77,0.846;aaaa;
0.52,0.115,0.788,0.762,0.139;0.611,0.852;aaaaa;
0.0352,0.569,0.848,0.98,0.255;0.0139,0.657;aaaaaaaaaa;
0.646,0.992,0.355,0.623,0.218;0.499,0.29;aaaaaaa;
0.595,0.38,0.465,0.515,0.92;0.157,0.688;aaaaaaaaa;
0.292,0.863,0.389,0.404,0.57;0.295,0.113;aaaaaaa;
0.474,0.618,0.908,0.108,0.612;0.299,0.208;aaaaaa;
0.1,0.846,0.779,0.737,0.219;0.999,0.733;aaaaaaaaa;
0.739,0.766,0.162,0.442,0.946;0.405,0.402;aa;
0.534,0.669,0.144,0.431,0.15;0.598,0.168;aa;
0.282,0.495,0.161,0.67,0.52;0.909,0.273;aaaa;
0.167,0.108,0.875,0.699,0.93;0.128,0.856;a;
0.873,0.782,0.731,0.143,0.45;0.936,0.752;aaaaaaaa;
0.243,0.33,0.335,0.878,0.561;0.337,0.274;aaaaaaa;
0.52,0.578,0.718,0.747,0.43;0.279,0.685;aaa;
0.595,0.948,0.64,0.195,0.229;0.537,0.123;aaaaa;
0.658,0.815,0.88,0.228,0.112;0.904,0.724;aaa;
0.621,0.455,0.125,0.59,0.0532;0.476,0.699;aaaaaaa;
0.0133,0.693,0.0968,0.517,0.509;0.78,0.0293;aaaaaaaaaa;
0.459,0.526,0.918,0.308,0.767;0.313,0.159;aaaaa;
0.493,0.0951,0.329,0.708,0.663;0.964,0.374;aa;
0.0167,0.883,0.868,0.55,0.896;0.607,0.0487;a;
0.584,0.316,0.0145,0.617,0.316;0.236,0.146;aaaaaaa;
0.263,0.4,0.418,0.652,0.592;0.474,0.892;aaaaaaa;
0.734,0.169,0.32,0.928,0.972;0.123,0.529;aaa;
0.633,0.669,0.25,0.715,0.486;0.778,0.0956;aaaaa;
0.782,0.609,0.935,0.984,0.927;0.428,0.0644;aaaaaaaaaa;
0.669,0.374,0.871,0.519,0.207;0.534,0.757;aaaaaaa;
0.342,0.853,0.358,0.63,0.56;0.319,0.218;aaaaaaaaaa;
0.0572,0.041,0.329,0.859,0.482;0.465,0.646;aaaaaaaa;
0.908,0.48,0.665,0.738,0.698;0.166,0.426;aaaaa;
0.498,0.486,0.409,0.0904,0.746;0.432,0.391;aaaa;
0.068,0.738,0.294,0.765,0.621;0.509,0.844;aaaa;
0.57,0.212,0.141,0.52,0.17;0.313,0.511;aaaaaaa;
0.405,0.154,0.302,0.655,0.633;0.278,0.65;aaaaaaaaaa;
0.337,0.885,0.0408,0.846,0.611;0.878,0.0365;aaaa;
0.752,0.658,0.695,0.0481,0.611;0.292,0.744;aaaaaaaaaa;
0.776,0.927,0.224,0.225,0.796;0.287,0.77;a;
0.818,0.929,0.0711,0.326,0.201;0.936,0.911;aaaaaaaaaa;
0.676,0.44,0.421,0.535,0.247;0.0127,0.231;a;
0.703,0.352,0.548,0.222,0.172;0.241,0.797;a;
0.206,0.647,0.0655,0.952,0.599;0.215,0.0365;aaaaaaaaa;
0.619,0.206,0.112,0.873,0.779;0.251,0.327;aaaaaa;
0.504,0.0297,0.605,0.515,0.0999;0.613,0.288;aaaaaaaa;
0.874,0.275,0.254,0.42,0.119;0.897,0.561;aaaaaaaaa;
0.295,0.731,0.905,0.462,0.448;0.211,0.997;a;
0.93,0.703,0.148,0.267,0.723;0.912,0.461;aaaaa;
0.145,0.744,0.872,0.0512,0.63;0.0987,0.578;aaaaaa;
0.193,0.489,0.00158,0.226,0.776;0.749,0.169;aaaaaaa;
0.805,0.863,0.718,0.165,0.724;0.398,0.585;aa;
0.719,0.546,0.588,0.673,0.877;0.693,0.603;aaaaaaaa;
0.954,0.0098,0.512,0.162,0.382;0.774,0.665;aa;
0.52,0.629,0.0721,0.336,0.58;0.381,0.877;aaaaaaa;
0.107,0.51,0.468,0.515,0.962;0.192,0.848;aaaaaaa;
0.29,0.335,0.359,0.348,0.841;0.438,0.957;aaaaaaaa;
0.784,0.444,0.223,0.507,0.197;0.754,0.394;aaaaaaa;
0.9,0.345,0.861,0.238,0.0681;0.27,0.347;aaaaaaaa;
0.601,0.258,0.198,0.0532,0.577;0.0117,0.306;aaaaaaa;
0.161,0.831,0.752,0.673,0.126;0.0544,0.141;a;
0.994,0.939,0.677,0.692,0.391;0.98,0.54;aaaaaaa;
0.295,0.564,0.0857,0.0178,0.0634;0.229,0.791;aaaaaaaaa;
0.334,0.971,0.0219,0.0956,0.0176;0.0377,0.661;aaaaa;
0.778,0.762,0.624,0.55,0.743;0.754,0.259;aaaaaaaa;
0.515,0.793,0.967,0.505,0.0174;0.853,0.299;aaa;
0.925,0.797,0.174,0.922,0.875;0.874,0.27;aa;
0.195,0.804,0.00206,0.642,0.0276;0.0227,0.801;aa;
0.0552,0.429,0.951,0.519,0.535;0.0727,0.08;aaa;
0.314,0.185,0.171,0.323,0.347;0.443,0.452;aaa;
0.445,0.553,0.328,0.109,0.239;0.609,0.0406;aaaaa;
0.377,0.366,0.246,0.723,0.0406;0.797,0.00882;aaaaa;
0.87,0.901,0.224,0.832,0.854;0.353,0.682;aaaaaaaaa;
0.935,0.717,0.927,0.294,0.864;0.36,0.136;aaaaaa;
0.847,0.755,0.531,0.258,0.0158;0.539,0.333;aaaaaaaa;
0.0368,0.189,0.0494,0.898,0.705;0.942,0.446;aaaa;
0.139,0.37,0.564,0.98,0.168;0.637,0.915;aaaaaaaaa;
0.0162,0.871,0.645,0.974,0.847;0.847,0.173;aaaaaaaa;
0.00897,0.846,0.952,0.906,0.591;0.735,0.198;aaaaaaaa;
0.758,0.731,0.0505,0.906,0.622;0.399,0.771;aaa;
0.128,0.443,0.644,0.519,0.169;0.364,0.481;a;
0.841,0.41,0.3,0.623,0.46;0.0407,0.837;aaaaaaaaa;
0.245,0.297,0.962,0.664,0.737;0.617,0.709;aaaaaaaaaa;
0.989,0.47,0.898,0.141,0.249;0.199,0.772;aaaaaaaaa;
0.587,0.28,0.296,0.546,0.0688;0.361,0.852;aaaa;
0.0426,0.312,0.875,0.338,0.723;0.675,0.583;aaaaaaaaaa;
0.313,0.956,0.0634,0.247,0.781;0.17,0.257;aaa;
0.203,0.408,0.978,0.342,0.973;0.211,0.742;aaa;
0.478,0.993,0.294,0.842,0.26;0.0823,0.523;aaaaaa;
0.81,0.279,0.377,0.0747,0.222;0.376,0.00839;aaaa;
0.854,0.21,0.0023,0.732,0.885;0.42,0.703;aaaa;
0.761,0.104,0.321,0.315,0.191;0.917,0.802;a;
0.351,0.357,0.169,0.238,0.924;0.871,0.747;aaaaaaaaaa;
0.258,0.435,0.196,0.219,0.646;0.532,0.205;aaaaaaaaa;
0.835,0.705,0.958,0.687,0.922;0.16,0.204;aaa;
0.653,0.0521,0.363,0.115,0.361;0.778,0.138;aaaa;
0.325,0.766,0.021,0.28,0.48;0.121,0.0913;aaaaaa;
0.681,0.137,0.765,0.132,0.296;0.812,0.887;aaa;
0.0251,0.859,0.884,0.242,0.613;0.267,0.573;aaaaaa;
0.187,0.0325,0.412,0.158,0.486;0.589,0.0294;aaa;
0.743,0.149,0.732,0.115,0.547;0.801,0.57;aa;
0.999,0.206,0.593,0.447,0.763;0.976,0.65;aaaaaa;
0.594,0.315,0.337,0.886,0.143;0.5,0.27;aaaaaa;
0.803,0.251,0.172,0.246,0.556;0.872,0.399;aaaaaaaaaa;
0.246,0.927,0.108,0.315,0.545;0.107,0.936;aaaaaaa;
0.259,0.265,0.569,0.202,0.627;0.435,0.292;aaaaaaaaaa;
0.18,0.898,0.194,0.0788,0.218;0.935,0.436;aaaaaaaaaa;
0.614,0.797,0.36,0.789,0.204;0.0559,0.538;aa;
0.348,0.334,0.188,0.867,0.67;0.639,0.0777;aaaaaaa;
0.571,0.184,0.432,0.598,0.647;0.431,0.73;aaaaa;
0.279,0.112,0.227,0.829,0.0181;0.735,0.915;a;
0.5,0.578,0.683,0.0124,0.112;0.0723,0.842;aaaaaa;
0.00433,0.484,0.02,0.933,0.198;0.781,0.673;aa;
0.721,0.786,0.333,0.174,0.814;0.657,0.0848;a;
0.0205,0.243,0.892,0.653,0.0134;0.806,0.747;a;
0.917,0.804,0.944,0.443,0.981;0.151,0.731;aaaaaa;
0.0152,0.46,0.654,0.339,0.728;0.0106,0.263;aa;
0.32,0.484,0.309,0.819,0.339;0.935,0.0103;aaaaaaaa;
0.174,0.226,0.754,0.0873,0.439;0.592,0.765;aaa;
0.779,0.703,0.572,0.27,0.614;0.927,0.909;aaaa;
0.00218,0.29,0.987,0.804,0.339;0.411,0.279;a;
0.572,0.651,0.463,0.28,0.426;0.828,0.718;a;
0.86,0.0141,0.256,0.633,0.181;0.389,0.192;aa;
0.808,0.658,0.428,0.41,0.334;0.194,0.322;aaaaaa;
0.97,0.834,0.617,0.88,0.605;0.991,0.516;aaa;
0.722,0.32,0.481,0.108,0.089;0.0551,0.473;aaaaaaaaa;
0.874,0.0206,0.0653,0.521,0.155;0.706,0.459;a;
0.757,0.415,0.728,0.341,0.904;0.684,0.513;aaaaa;
0.394,0.826,0.573,0.155,0.382;0.818,0.266;aaaaaa;
0.0595,0.537,0.0349,0.408,0.647;0.741,0.792;aaaaaaaa;
0.416,0.144,0.875,0.753,0.983;0.548,0.109;aaaaaaaa;
0.711,0.9,0.946,0.0546,0.239;0.815,0.462;aaaaaaa;
0.494,0.265,0.469,0.292,0.812;0.629,0.194;aaa;
0.0922,0.157,0.63,0.59,0.0324;0.592,0.135;aaaaaaaa;
0.559,0.0437,0.556,0.264,0.948;0.276,0.964;aaaaaaaa;
0.456,0.159,0.429,0.226,0.738;0.612,0.312;aaaaaaaa;
0.169,0.456,0.222,0.0132,0.719;0.0208,0.0919;a;
0.771,0.812,0.207,0.911,0.0635;0.338,0.908;aaaa;
0.893,0.595,0.78,0.977,0.888;0.704,0.302;aa;
0.965,0.942,0.0254,0.533,0.442;0.726,0.852;aaa;
0.871,0.239,0.0575,0.172,0.0532;0.538,0.0307;aaaaa;
0.457,0.904,0.286,0.95,0.204;0.423,0.343;aa;
0.0177,0.129,0.272,0.779,0.793;0.925,0.898;aaaaaaaaaa;
0.12,0.838,0.245,0.359,0.661;0.371,0.28;aaaaaa;
0.695,0.135,0.0654,0.174,0.875;0.549,0.972;aaaa;
0.108,0.36,0.815,0.699,0.039;0.805,0.635;aaaaaaaaa;
0.125,0.7,0.225,0.646,0.218;0.0484,0.141;aaaaaaaa;
0.154,0.878,0.21,0.822,0.504;0.464,0.366;aaaaaaaa;
0.453,0.814,0.777,0.385,0.42;0.543,0.45;aaaaa;
0.914,0.163,0.184,0.108,0.648;0.409,0.0611;aaaaaaaa;
0.772,0.572,0.267,0.00837,0.613;0.882,0.227;aaaaaa;
0.63,0.614,0.629,0.92,0.212;0.446,0.531;aaaa;
0.155,0.11,0.459,0.375,0.843;0.665,0.28;aaaaa;
0.482,0.225,0.654,0.579,0.377;0.442,0.682;aaa;
0.0635,0.491,0.755,0.171,0.601;0.282,0.795;aaaaa;
0.0616,0.149,0.381,0.229,0.503;0.897,0.164;aa;
0.172,0.891,0.983,0.213,0.203;0.556,0.719;aaaaaaaa;
0.4,0.422,0.871,0.182,0.883;0.489,0.668;aaaa;
0.203,0.111,0.265,0.193,0.683;0.863,0.525;aaa;
0.342,0.638,0.326,0.924,0.311;0.435,0.658;aaaaaa;
0.638,0.0302,0.534,0.504,0.535;0.15,0.387;aaaaaaaaaa;
0.271,0.833,0.04,0.826,0.542;0.385,0.724;aaaaaaaa;
0.478,0.23,0.489,0.9,0.468;0.257,0.789;aaaaaa;
0.863,0.673,0.103,0.198,0.475;0.869,0.411;aaaaa;
0.908,0.7,0.152,0.177,0.755;0.746,0.54;aa;
0.629,0.902,0.454,0.447,0.35;0.645,0.303;aa;
0.0783,0.972,0.964,0.228,0.646;0.423,0.357;aaaaaaaa;
0.409,0.772,0.772,0.0267,0.715;0.289,0.228;aaaaaaa;
0.191,0.615,0.721,0.681,0.594;0.372,0.382;aaa;
0.536,0.125,0.496,0.0134,0.989;0.12,0.802;aaaaaaa;
0.337,0.319,0.309,0.567,0.699;0.0815,0.427;aaaa;
0.384,0.518,0.439,0.0483,0.443;0.533,0.209;aaaaaaaa;
0.316,0.345,0.0623,0.248,0.85;0.64,0.183;aaaa;
0.739,0.633,0.0797,0.667,0.28;0.213,0.0632;aaaaa;
0.174,0.32,0.758,0.411,0.672;0.257,0.582;aaa;
0.2,0.71,0.934,0.236,0.264;0.71,0.464;aaaaaa;
0.527,0.734,0.582,0.379,0.708;0.448,0.429;aa;
0.608,0.388,0.732,0.889,0.297;0.937,0.284;aaaaaa;
0.721,0.972,0.156,0.816,0.64;0.452,0.899;aaaaaaaaa;
0.69,0.175,0.45,0.209,0.509;0.108,0.366;aaaaaaa;
0.805,0.187,0.307,0.144,0.328;0.523,0.425;a;
0.883,0.0759,0.719,0.512,0.27;0.866,0.026;aaaaaaaa;
0.56,0.511,0.893,0.833,0.191;0.302,0.0315;aaaaaaa;
0.134,0.524,0.314,0.509,0.345;0.981,0.809;aaaaaaaaa;
0.966,0.836,0.59,0.398,0.9;0.591,0.454;aaaaaaaaaa;
0.00316,0.24,0.00971,0.325,0.133;0.552,0.321;a;
0.127,0.902,0.309,0.414,0.195;0.941,0.847;aaaaaaaa;
0.55,0.0061,0.988,0.719,0.734;0.704,0.596;aaa;
0.874,0.371,0.617,0.874,0.563;0.724,0.56;aaaaaaa;
0.253,0.326,0.592,0.655,0.12;0.921,0.924;aa;
0.57,0.173,0.584,0.673,0.113;0.871,0.991;aa;
0.709,0.957,0.341,0.377,0.949;0.519,0.956;aaaaaa;
0.184,0.297,0.000322,0.109,0.329;0.904,0.494;aaa;
0.921,0.61,0.0084,0.223,0.899;0.639,0.814;aaaa;
0.367,0.899,0.484,0.0667,0.977;0.442,0.127;aaaaaaa;
0.691,0.264,0.67,0.907,0.41;0.458,0.363;aaaa;
0.852,0.532,0.881,0.719,0.478;0.93,0.421;aaaaaaaaa;
0.961,0.0867,0.751,0.97,0.729;0.457,0.33;aaaaaa;
0.324,0.666,0.19,0.13,0.00252;0.616,0.863;aaaaaa;
0.137,0.137,0.584,0.56,0.564;0.55,0.077;aaaaaaaaaa;
0.0128,0.424,0.119,0.183,0.444;0.792,0.859;aaaaaaaaaa;
0.15,0.0192,0.421,0.232,0.854;0.666,0.373;aaa;
0.631,0.0521,0.029,0.623,0.753;0.75,0.258;aa;
0.093,0.13,0.0351,0.188,0.451;0.565,0.0874;aaaaaa;
0.42,0.13,0.619,0.968,0.96;0.498,0.46;aaaaaaaaaa;
0.00608,0.0914,0.767,0.141,0.585;0.317,0.451;aaaaaaaa;
0.0219,0.621,0.801,0.92,0.247;0.97,0.595;aaaaaaaaa;
0.0383,0.765,0.384,0.216,0.323;0.398,0.42;aaaaa;
0.105,0.728,0.373,0.982,0.0647;0.384,0.586;a;
0.0293,0.378,0.991,0.774,0.624;0.998,0.691;aaaaaa;
0.49,0.859,0.992,0.959,0.542;0.168,0.0167;aaaa;
0.806,0.699,0.0154,0.913,0.61;0.632,0.756;aaaaaaaaaa;
0.989,0.16,0.667,0.71,0.329;0.705,0.692;aaa;
0.0365,0.91,0.152,0.649,0.254;0.401,0.795;aaaaaa;
0.309,0.737,0.16,0.0689,0.874;0.843,0.269;aaaaaaaa;
0.979,0.886,0.52,0.897,0.723;0.849,0.302;aaaaaaaa;
0.805,0.183,0.753,0.635,0.298;0.46,0.108;aaa;
0.262,0.556,0.0443,0.0213,0.447;0.928,0.672;aa;
0.409,0.0554,0.859,0.865,0.403;0.0739,0.0591;aaaaaaaaa;
0.481,0.465,0.324,0.417,0.655;0.0326,0.926;aaaa;
0.751,0.532,0.773,0.563,0.0333;0.569,0.954;aaaaa;
0.0314,0.809,0.716,0.744,0.411;0.65,0.981;aaaaaaaaaa;
0.467,0.841,0.0754,0.233,0.714;0.398,0.41;aaaaaaaaaa;
0.927,0.949,0.372,0.193,0.684;0.956,0.404;aaaaa;
0.0356,0.354,0.314,0.818,0.223;0.175,0.609;aaaaaaaaa;
0.883,0.228,0.876,0.609,0.167;0.572,0.547;aaaaaaaa;
0.642,0.0585,0.134,0.0644,0.848;0.367,0.639;aaaaaaaaaa;
0.00169,0.314,0.979,0.647,0.0185;0.758,0.335;aaa;
0.729,0.396,0.849,0.0925,0.244;0.357,0.927;aaaaaaaa;
0.184,0.475,0.86,0.84,0.145;0.0663,0.0474;aaaaaaaaaa;
0.815,0.129,0.854,0.975,0.829;0.182,0.326;aa;
0.915,0.29,0.587,0.558,0.424;0.722,0.379;aaaaaa;
0.551,0.414,0.834,0.0604,0.894;0.0859,0.405;aaaaaaaaaa;
0.863,0.756,0.707,0.47,0.954;0.243,0.256;aaaaaaaaa;
0.0633,0.205,0.605,0.174,0.898;0.657,0.992;aaaaaaaaa;
0.302,0.976,0.236,0.343,0.739;0.926,0.384;aaaaaaaaaa;
0.909,0.648,0.131,0.468,0.518;0.251,0.972;aaaa;
0.717,0.147,0.737,0.277,0.149;0.342,0.0521;aaaaaaa;
0.27,0.0842,0.101,0.229,0.594;0.521,0.261;aaaaaaaaa;
0.27,0.6,0.802,0.552,0.655;0.649,0.0208;aaaaaaaaaa;
0.324,0.317,0.434,0.298,0.685;0.81,0.543;aaaaaaaa;
0.287,0.962,0.88,0.292,0.54;0.0339,0.717;aaaa;
0.298,0.251,0.0591,0.927,0.937;0.633,0.446;aaaaaaaaa;
0.143,0.595,0.988,0.307,0.407;0.906,0.344;aaaaaaaaa;
0.44,0.00936,0.792,0.977,0.0814;0.712,0.828;aaaaaaa;
0.876,0.466,0.678,0.0779,0.65;0.0919,0.318;aaaa;
0.2,0.304,0.367,0.74,0.0394;0.193,0.0836;aaa;
0.666,0.651,0.331,0.525,0.764;0.899,0.806;aaaaaaa;
0.0873,0.175,0.135,0.513,0.534;0.101,0.897;aa;
0.099,0.0164,0.338,0.912,0.666;0.701,0.101;aaaaaaaaa;
0.679,0.495,0.45,0.907,0.295;0.136,0.157;aaaaaaaa;
0.469,0.874,0.48,0.971,0.414;0.176,0.075;aaaa;
0.571,0.716,0.516,0.642,0.717;0.473,0.516;a;
0.549,0.443,0.0538,0.494,0.0712;0.603,0.716;aaaaaa;
0.0728,0.827,0.516,0.156,0.782;0.476,0.201;aaaa;
0.511,0.545,0.951,0.599,0.973;0.411,0.691;aaaaaaa;
0.383,0.661,0.358,0.194,0.0338;0.153,0.38;aaaaaa;
0.939,0.718,0.625,0.967,0.453;0.896,0.889;aa;
0.197,0.878,0.485,0.0831,0.0755;0.385,0.757;a;
0.704,0.881,0.675,0.645,0.382;0.263,0.281;aa;
0.0221,0.446,0.585,0.349,0.972;0.71,0.589;a;
0.548,0.473,0.849,0.589,0.523;0.0503,0.809;aaaaa;
0.179,0.237,0.906,0.604,0.488;0.617,0.836;aaaaaaaa;
0.0308,0.858,0.425,0.773,0.138;0.58,0.172;aaaaaaaaa;
0.028,0.197,0.91,0.765,0.498;0.706,0.376;aaaaaaaaa;
0.0475,0.805,0.506,0.918,0.76;0.583,0.818;aaa;
0.582,0.421,0.303,0.339,0.448;0.906,0.206;aaaaaa;
0.783,0.166,0.474,0.612,0.868;0.593,0.455;aaaaa;
0.594,0.687,0.145,0.822,0.104;0.696,0.922;aa;
0.581,0.776,0.435,0.208,0.899;0.412,0.573;a;
0.223,0.289,0.142,0.324,0.388;0.0704,0.0452;aaa;
0.0314,0.172,0.414,0.427,0.706;0.761,0.434;aaaaaaaaa;
0.0882,0.00169,0.591,0.211,0.826;0.21,0.503;aaaaaaa;
0.946,0.482,0.519,0.225,0.0915;0.809,0.407;aaaaaaaa;
0.425,0.843,0.0699,0.69,0.609;0.671,0.27;aaaaaaa;
0.381,0.535,0.0208,0.624,0.647;0.205,0.803;aaaa;
0.636,0.176,0.548,0.224,0.751;0.559,0.981;aaaaa;
0.45,0.242,0.524,0.46,0.943;0.585,0.842;a;
0.336,0.59,0.915,0.936,0.0565;0.0285,0.387;aaaaaaaaa;
0.348,0.794,0.606,0.362,0.0193;0.911,0.18;aaaaaa;
0.135,0.122,0.0828,0.633,0.224;0.518,0.47;aaaaa;
0.55,0.718,0.477,0.126,0.45;0.178,0.535;aaa;
0.346,0.069,0.619,0.254,0.494;0.924,0.0703;aa;
0.855,0.526,0.951,0.88,0.591;0.303,0.38;aaaaaaaaaa;
0.794,0.194,0.863,0.289,0.0141;0.675,0.075;a;
0.184,0.24,0.242,0.115,0.667;0.493,0.959;aa;
0.625,0.876,0.41,0.695,0.597;0.702,0.215;aaaa;
0.348,0.378,0.438,0.298,0.763;0.438,0.0248;aaaaaa;
0.499,0.11,0.674,0.25,0.102;0.839,0.327;aaaaaaaaa;
0.324,0.0541,0.642,0.81,0.568;0.29,0.544;aaaaa;
0.13,0.371,0.297,0.0449,0.975;0.0507,0.536;a;
0.37,0.387,0.791,0.37,0.13;0.547,0.604;aaaaaaaa;
0.778,0.381,0.109,0.098,0.98;0.277,0.488;aaaaaaaaa;
0.724,0.692,0.429,0.42,0.828;0.415,0.55;aaaaaaaa;
0.707,0.969,0.604,0.576,0.185;0.487,0.252;aaaa;
0.506,0.0247,0.772,0.833,0.252;0.944,0.679;aaaa;
0.912,0.53,0.73,0.361,0.451;0.177,0.37;aaa;
0.838,0.695,0.258,0.582,0.801;0.467,0.169;aaaa;
0.714,0.015,0.129,0.0414,0.0839;0.347,0.33;aaaaa;
0.817,0.332,0.152,0.897,0.865;0.817,0.988;a;
0.604,0.0434,0.767,0.627,0.28;0.775,0.92;aaaaaaaaa;
0.0301,0.216,0.149,0.808,0.308;0.399,0.445;aaaaa;
0.803,0.986,0.142,0.137,0.945;0.288,0.36;aaa;
0.35,0.0618,0.847,0.86,0.443;0.561,0.612;aaaaaaaaa;
0.319,0.926,0.495,0.205,0.232;0.438,0.776;aaaa;
0.985,0.947,0.912,0.0519,0.0191;0.426,0.308;aaaaa;
0.526,0.162,0.324,0.165,0.473;0.815,0.565;a;
0.279,0.805,0.348,0.146,0.369;0.685,0.377;aaa;
0.756,0.379,0.425,0.873,0.475;0.564,0.883;aaaa;
0.57,0.151,0.277,0.821,0.143;0.312,0.026;a;
0.0258,0.488,0.512,0.82,0.0198;0.296,0.517;aaaaaaaaa;
0.13,0.461,0.836,0.733,0.197;0.875,0.0155;aaaaaaa;
0.00801,0.0274,0.335,0.0409,0.449;0.781,0.599;aaaaa;
0.626,0.592,0.16,0.887,0.47;0.852,0.955;aaaaaaaaaa;
0.225,0.401,0.55,0.546,0.991;0.927,0.112;aaaaaaaaa;
0.306,0.773,0.184,0.242,0.526;0.802,0.914;aaaaaaa;
0.422,0.341,0.43,0.497,0.95;0.976,0.338;a;
0.473,0.285,0.103,0.765,0.649;0.841,0.416;aa;
0.359,0.401,0.407,0.633,0.719;0.0155,0.635;aa;
0.269,0.153,0.6,0.507,0.126;0.143,0.332;aaa;
0.201,0.594,0.904,0.906,0.0843;0.397,0.798;aaaaaa;
0.915,0.407,0.382,0.601,0.251;0.129,0.463;aaaaa;
0.163,0.0441,0.122,0.202,0.376;0.454,0.238;a;
0.442,0.602,0.856,0.184,0.705;0.656,0.51;aaaaaaa;
0.257,0.699,0.179,0.603,0.572;0.0347,0.75;aaaaaaaaaa;
0.476,0.305,0.224,0.395,0.158;0.424,0.3;aaaa;
0.911,0.556,0.645,0.412,0.923;0.884,0.311;aa;
0.751,0.263,0.778,0.154,0.0968;0.205,0.828;aaaaaaa;
0.353,0.202,0.593,0.158,0.0515;0.547,0.463;aaa;
0.913,0.16,0.443,0.756,0.239;0.422,0.459;aa;
0.617,0.625,0.993,0.715,0.538;0.0701,0.308;aaaaaa;
0.711,0.909,0.369,0.614,0.165;0.0325,0.394;aaaaaaaaa;
0.373,0.719,0.933,0.971,0.226;0.344,0.522;a;
0.0449,0.231,0.826,0.6,0.0258;0.63,0.269;aa;
0.48,0.73,0.868,0.498,0.834;0.604,0.331;aaaaaa;
0.792,0.158,0.38,0.739,0.438;0.878,0.584;aaaaaaa;
0.872,0.677,0.108,0.675,0.0973;0.83,0.903;aaaaaa;
0.0236,0.71,0.533,0.783,0.229;0.392,0.608;aaaa;
0.687,0.0592,0.522,0.718,0.807;0.997,0.235;aaaaaa;
0.0796,0.371,0.422,0.29,0.0222;0.57,0.0283;aa;
0.849,0.339,0.41,0.000819,0.562;0.781,0.593;aaaaaaa;
0.835,0.0168,0.822,0.771,0.511;0.679,0.178;aaaaaaaaaa;
0.662,0.89,0.479,0.972,0.722;0.812,0.324;aaaa;
0.602,0.819,0.02,0.221,0.297;0.78,0.958;aaaaaa;
0.6,0.735,0.253,0.0196,0.0771;0.233,0.187;aaaa;
0.635,0.201,0.484,0.995,0.841;0.315,0.917;aaaaaa;
0.426,0.613,0.823,0.64,0.949;0.126,0.632;a;
0.906,0.283,0.679,0.502,0.45;0.895,0.781;aaaaaaa;
0.319,0.13,0.288,0.388,0.266;0.223,0.782;a;
0.785,0.181,0.66,0.684,0.672;0.823,0.0184;aaaa;
0.57,0.36,0.26,0.234,0.34;0.891,0.129;aaaaa;
0.357,0.853,0.0814,0.0151,0.903;0.502,0.0932;a;
0.131,0.296,0.0113,0.314,0.676;0.0827,0.304;aaaaaaaaaa;
0.882,0.455,0.363,0.408,0.404;0.479,0.997;aaa;
0.574,0.569,0.549,0.223,0.219;0.649,0.959;aa;
0.287,0.485,0.799,0.376,0.261;0.809,0.462;aa;
0.642,0.0695,0.109,0.63,0.386;0.495,0.00421;aaa;
0.0526,0.601,0.0515,0.96,0.86;0.969,0.721;a;
0.689,0.446,0.555,0.873,0.444;0.788,0.085;aaaaaaaaa;
0.813,0.249,0.516,0.603,0.184;0.0583,0.972;aaaaaaaaaa;
0.605,0.697,0.348,0.399,0.145;0.533,0.882;aaaaaa;
0.214,0.959,0.133,0.381,0.502;0.267,0.19;aaaa;
0.95,0.196,0.751,0.275,0.499;0.407,0.402;aaaaaaaa;
0.277,0.932,0.346,0.203,0.801;0.108,0.31;a;
0.734,0.687,0.85,0.187,0.545;0.799,0.102;aaaaaaaaa;
0.711,0.663,0.286,0.858,0.724;0.0173,0.353;aaaaaaaaa;
0.752,0.493,0.76,0.797,0.415;0.504,0.897;aaaaaaaa;
0.571,0.279,0.0193,0.848,0.816;0.506,0.725;aaa;
0.196,0.374,0.215,0.889,0.995;0.12,0.881;aaaa;
0.551,0.696,0.111,0.798,0.603;0.494,0.545;aaaaaaaaa;
0.738,0.851,0.479,0.384,0.768;0.82,0.126;aaaa;
0.977,0.971,0.623,0.482,0.463;0.873,0.473;aaaa;
0.885,0.852,0.41,0.814,0.355;0.39,0.643;aaaaaaa;
0.674,0.994,0.956,0.434,0.951;0.618,0.0498;aaaaaaaaa;
0.813,0.284,0.012,0.959,0.164;0.0342,0.808;aaa;
0.131,0.42,0.987,0.314,0.765;0.163,0.445;aaaa;
0.882,0.342,0.55,0.68,0.544;0.297,0.0714;aaa;
0.405,0.0915,0.339,0.799,0.363;0.33,0.709;aa;
0.0535,0.712,0.858,0.778,0.722;0.827,0.825;aaaaaaaa;
0.246,0.908,0.979,0.975,0.403;0.153,0.155;aaaaaaaaa;
0.227,0.582,0.229,0.752,0.293;0.794,0.314;aaaaa;
0.5,0.404,0.974,0.0283,0.771;0.371,0.842;aaa;
0.526,0.501,0.632,0.247,0.0784;0.866,0.0328;aaaaa;
0.744,0.744,0.998,0.721,0.0112;0.438,0.484;a;
0.446,0.0241,0.949,0.639,0.932;0.443,0.979;a;
0.383,0.738,0.497,0.861,0.902;0.795,0.768;aaa;
0.093,0.427,0.89,0.236,0.699;0.755,0.999;aaaaaaaaa;
0.815,0.653,0.888,0.439,0.878;0.191,0.425;aaaaaaa;
0.832,0.44,0.21,0.418,0.723;0.718,0.112;aaaa;
0.628,0.286,0.00892,0.858,0.624;0.767,0.449;aaaaa;
0.617,0.77,0.864,0.333,0.723;0.586,0.865;aaaaaaaaa;
0.58,0.411,0.521,0.706,0.97;0.732,0.329;aaaaaaaaaa;
0.865,0.921,0.95,0.281,0.559;0.0795,0.134;a;
0.737,0.953,0.824,0.588,0.531;0.702,0.122;aaaa;
0.325,0.918,0.38,0.741,0.376;0.475,0.799;aaaaaaaaa;
0.47,0.488,0.959,0.602,0.506;0.516,0.634;aaaa;
0.951,0.538,0.66,0.653,0.533;0.82,0.148;aaaaaaaa;
0.555,0.804,0.288,0.811,0.628;0.364,0.714;aaaaa;
0.221,0.518,0.658,0.499,0.919;0.973,0.255;aaaaa;
0.102,0.859,0.771,0.173,0.433;0.685,0.909;aaaaa;
0.446,0.98,0.925,0.88,0.416;0.161,0.377;aaaaaaa;
0.684,0.253,0.63,0.873,0.579;0.583,0.332;a;
0.526,0.501,0.632,0.247,0.0784;0.866,0.0328;aa;
0.377,0.151,0.91,0.158,0.79;0.642,0.235;aaaaaaaaaa;
0.55,0.564,0.885,0.155,0.712;0.837,0.702;aaaaa;
0.397,0.0599,0.336,0.65,0.85;0.902,0.305;aaaaaaaaaa;
0.744,0.744,0.998,0.721,0.0112;0.438,0.484;aaaaa;
0.446,0.0241,0.949,0.639,0.932;0.443,0.979;aaaaaaaaaa;
0.383,0.738,0.497,0.861,0.902;0.795,0.768;aaaaaaaaa;
0.093,0.427,0.89,0.236,0.699;0.755,0.999;a;
0.815,0.653,0.888,0.439,0.878;0.191,0.425;aaaaaaaaaa;
0.832,0.44,0.21,0.418,0.723;0.718,0.112;aaaaaaaaaa;
0.58,0.411,0.521,0.706,0.97;0.732,0.329;aaaa;
0.865,0.921,0.95,0.281,0.559;0.0795,0.134;aaaaaa;
0.737,0.953,0.824,0.588,0.531;0.702,0.122;aaaaaaa;
0.325,0.918,0.38,0.741,0.376;0.475,0.799;aa;
0.938,0.942,0.982,0.739,0.763;0.422,0.784;aaaaaaaaa;
0.47,0.488,0.959,0.602,0.506;0.516,0.634;aaa;
0.951,0.538,0.66,0.653,0.533;0.82,0.148;aaaaaaaa;
0.102,0.859,0.771,0.173,0.433;0.685,0.909;aaaaaaaaaa;
0.446,0.98,0.925,0.88,0.416;0.161,0.377;aaaaaaaa;
0.684,0.253,0.63,0.873,0.579;0.583,0.332;aaaaaa;
0.526,0.501,0.632,0.247,0.0784;0.866,0.0328;aaaaaaaaa;
0.377,0.151,0.91,0.158,0.79;0.642,0.235;aaaaaaaa;
0.55,0.564,0.885,0.155,0.712;0.837,0.702;aaaaaaa;
0.397,0.0599,0.336,0.65,0.85;0.902,0.305;aaaaaaaa;
0.446,0.0241,0.949,0.639,0.932;0.443,0.979;aaaaaaaaaa;
0.383,0.738,0.497,0.861,0.902;0.795,0.768;aaa;
0.093,0.427,0.89,0.236,0.699;0.755,0.999;aaaaa;
0.832,0.44,0.21,0.418,0.723;0.718,0.112;a;
0.628,0.286,0.00892,0.858,0.624;0.767,0.449;aaaa;
0.617,0.77,0.864,0.333,0.723;0.586,0.865;aaaaaaaaaa;
0.58,0.411,0.521,0.706,0.97;0.732,0.329;aaaaaaa;
0.865,0.921,0.95,0.281,0.559;0.0795,0.134;aaaaaaa;
0.737,0.953,0.824,0.588,0.531;0.702,0.122;aaaaaaaaa;
0.325,0.918,0.38,0.741,0.376;0.475,0.799;aaa;
0.938,0.942,0.982,0.739,0.763;0.422,0.784;aa;
0.47,0.488,0.959,0.602,0.506;0.516,0.634;a;
0.951,0.538,0.66,0.653,0.533;0.82,0.148;aaaaa;
0.555,0.804,0.288,0.811,0.628;0.364,0.714;aaaa;
0.221,0.518,0.658,0.499,0.919;0.973,0.255;aaaa;
0.102,0.859,0.771,0.173,0.433;0.685,0.909;aaaaaaaaa;
0.446,0.98,0.925,0.88,0.416;0.161,0.377;aaa;
0.684,0.253,0.63,0.873,0.579;0.583,0.332;aaa;
0.526,0.501,0.632,0.247,0.0784;0.866,0.0328;aaaaa;
0.377,0.151,0.91,0.158,0.79;0.642,0.235;aaaa;
0.55,0.564,0.885,0.155,0.712;0.837,0.702;aaaaaaaaa;
0.397,0.0599,0.336,0.65,0.85;0.902,0.305;aaaaaaa;
0.744,0.744,0.998,0.721,0.0112;0.438,0.484;a;
0.446,0.0241,0.949,0.639,0.932;0.443,0.979;aaaaaaaaaa;
0.383,0.738,0.497,0.861,0.902;0.795,0.768;aaaaa;
0.093,0.427,0.89,0.236,0.699;0.755,0.999;aaaa;
0.815,0.653,0.888,0.439,0.878;0.191,0.425;aaaaaaa;
0.832,0.44,0.21,0.418,0.723;0.718,0.112;aaaaaaaaa;
0.628,0.286,0.00892,0.858,0.624;0.767,0.449;aaaaaaaaaa;
0.617,0.77,0.864,0.333,0.723;0.586,0.865;aaaa;
0.865,0.921,0.95,0.281,0.559;0.0795,0.134;aaaaaaaaa;
0.737,0.953,0.824,0.588,0.531;0.702,0.122;a;
0.325,0.918,0.38,0.741,0.376;0.475,0.799;aaaaaaaaaa;
0.938,0.942,0.982,0.739,0.763;0.422,0.784;aaaaaa;
0.47,0.488,0.959,0.602,0.506;0.516,0.634;aaaa;
0.951,0.538,0.66,0.653,0.533;0.82,0.148;aaaaaaaaa;
0.555,0.804,0.288,0.811,0.628;0.364,0.714;aaaaaaaaa;
0.221,0.518,0.658,0.499,0.919;0.973,0.255;aa;
0.102,0.859,0.771,0.173,0.433;0.685,0.909;aaa;
0.446,0.98,0.925,0.88,0.416;0.161,0.377;aaaaaaaaaa;
0.526,0.501,0.632,0.247,0.0784;0.866,0.0328;aaaaaa;
0.377,0.151,0.91,0.158,0.79;0.642,0.235;aaaaa;
0.55,0.564,0.885,0.155,0.712;0.837,0.702;aaa;
0.397,0.0599,0.336,0.65,0.85;0.902,0.305;aaaaaaa;
0.744,0.744,0.998,0.721,0.0112;0.438,0.484;aaaaaaaaaa;
0.446,0.0241,0.949,0.639,0.932;0.443,0.979;aaaaa;
0.383,0.738,0.497,0.861,0.902;0.795,0.768;aaaaaaaaa;
0.093,0.427,0.89,0.236,0.699;0.755,0.999;aaaaaaa;
0.815,0.653,0.888,0.439,0.878;0.191,0.425;aaaaaaaaa;
0.832,0.44,0.21,0.418,0.723;0.718,0.112;aaaa;
0.617,0.77,0.864,0.333,0.723;0.586,0.865;aaaa;
0.58,0.411,0.521,0.706,0.97;0.732,0.329;aaa;
0.865,0.921,0.95,0.281,0.559;0.0795,0.134;a;
0.737,0.953,0.824,0.588,0.531;0.702,0.122;aaaaaaaa;
0.325,0.918,0.38,0.741,0.376;0.475,0.799;a;
0.938,0.942,0.982,0.739,0.763;0.422,0.784;aaaaaaaaaa;
0.47,0.488,0.959,0.602,0.506;0.516,0.634;aa;
0.951,0.538,0.66,0.653,0.533;0.82,0.148;aaaaa;
0.555,0.804,0.288,0.811,0.628;0.364,0.714;aaa;
0.221,0.518,0.658,0.499,0.919;0.973,0.255;aa;
0.102,0.859,0.771,0.173,0.433;0.685,0.909;aaaaaaaaaa;
0.684,0.253,0.63,0.873,0.579;0.583,0.332;aaaaaa;
