0	0
1	1,5,8,41
2	2,10,28
3	3
4	4,22,36
5	3,5,9,29,50,54
6	6,15,40,52
7	6,7,27
8	8
9	9
10	10,23,33,46,49
11	11
12	4,11,12,15
13	13,15
14	14
15	15
16	16
17	17,39
18	18
19	19,40
20	20
21	21
22	22
23	23
24	24,37
25	14,25
26	26,44
27	27
28	28,47
29	29
30	30
31	31
32	32
33	2,15,33
34	34,49
35	35
36	36
37	37
38	38
39	39
40	40
41	41
42	42
43	43
44	30,44
45	45
46	46
47	47
48	48
49	49
50	50
51	51
52	52
53	48,53
54	54
55	55
56	56
57	6
58	30
59	0
60	8
61	39
62	45
63	28
64	8,41
65	21
66	0
67	22
68	18
69	26
70	17
71	40
72	50
73	33
74	25
75	12
76	21
77	0
78	6
79	4
80	8
81	3
82	10
83	12
84	3
85	6
86	7
87	4,34
88	16
89	6
90	2
91	26
92	33
93	27,32
94	1,37
95	13
96	2
97	32
98	8
99	20
100	9
101	0
102	8
103	37
104	21
105	34
106	4
107	41
108	4
109	8
110	16
111	4
112	18
113	0,49
114	3,12
115	33
116	14
117	16
118	6
119	5,44
120	15
121	12
122	5
123	10
124	2
125	15
126	20
127	1
128	14,22
129	10
130	3
131	20,36
132	2
133	14
134	31,38
135	11
136	8
137	25,30
138	11
139	2
140	8
141	12,43
142	27
143	3,32
144	14
145	25
146	13
147	1
148	2
149	14,19
150	7
151	0
152	23
153	11
154	13
155	8
156	9
157	15
158	18
159	2
160	2
161	20
162	35
163	7,55
164	20
165	0
166	3
167	18
168	24
169	5
170	27
171	37
172	1
173	42
174	18
175	19
176	47
177	21
178	19
179	0
180	31
181	9
182	32
183	17
184	1
185	2
186	27
187	21
188	0
189	4
190	14
191	2
192	7,36
193	18
194	17
195	13
196	11
197	2
198	18
199	16
200	13
201	11
202	3
203	1
204	12,35
205	29
206	18
207	36
208	24,25,53
209	7
210	17,37
211	1,21
212	27
213	7
214	0
215	1
216	0
217	8
218	12
219	14
220	5
221	1,15,51
222	47
223	3
224	15
225	15,18
226	37
227	15
228	40
229	4
230	21
231	29
232	17
233	19
234	30
235	0
236	19
237	25
238	5
239	24
240	43
241	34
242	0
243	13,52
244	9
245	14
246	13
247	21,28
248	48
249	21
250	16
251	12
252	37
253	18
254	8
255	6
256	16
257	3
258	19
259	12
260	4
261	42
262	5
263	1
264	5
265	29
266	1
267	4
268	3
269	15
270	2
271	36
272	39
273	54
274	15
275	52
276	4
277	4
278	2
279	0
280	0
281	16
282	16
283	4
284	5
285	19
286	8
287	4
288	8
289	12
290	22
291	3
292	10
293	9
294	6
295	13
296	44
297	21
298	15
299	15
300	28
301	7
302	11
303	26
304	21
305	34
306	17
307	3
308	1
309	13
310	11
311	4
312	33
313	11
314	5
315	4
316	11
317	23
318	8
319	5
320	11
321	4
322	5
323	0
324	14
325	15
326	12
327	18
328	5
329	2
330	7
331	3
332	20
333	6
334	23
335	6
336	15,25
337	29
338	22
339	0
340	11
341	11
342	6,16
343	14
344	11
345	2
346	19
347	1
348	0
349	14
350	0
351	0
352	10
353	5
354	47
355	8
356	11
357	5
358	1,37
359	4
360	7
361	1
362	24
363	27
364	11
365	4
366	19,35
367	54
368	5
369	16
370	2,3
371	52
372	10
373	5
374	19
375	18
376	34
377	6
378	6
379	23
380	33
381	8
382	44
383	5
384	1
385	5
386	54
387	24,47
388	42
389	0
390	6
391	11
392	13
393	3
394	9
395	11
396	43
397	35
398	40
399	6
400	2
401	4
402	17
403	5
404	1
405	14
406	4
407	0
408	3
409	20
410	4
411	13
412	27
413	9,49
414	4
415	2
416	15
417	31
418	6
419	29
420	12
421	20
422	7
423	0
424	5
425	12
426	6
427	47
428	7
429	36
430	7
431	21
432	56
433	10,40
434	0
435	14
436	10
437	19
438	7
439	3
440	3
441	3
442	9
443	37
444	2
445	8
446	0
447	3
448	23
449	21,28
450	17
451	22
452	1
453	52
454	0
455	8
456	5
457	12,28
458	38
459	17
460	32
461	2
462	6
463	16
464	23
465	11
466	2
467	2
468	13
469	16
470	0
471	2
472	54
473	30
474	14
475	13
476	6
477	39
478	2
479	13
480	2
481	24
482	8
483	27
484	4
485	24,51
486	12
487	16
488	17
489	11
490	11
491	26
492	14
493	54
494	4
495	5
496	16
497	18
498	21
499	9,40
500	8
501	18,25
502	1
503	21
504	24
505	18
506	17
507	3
508	9
509	5
510	5
511	4
512	23
513	6
514	32
515	0
516	2
517	13
518	15
519	4
520	34
521	6
522	25
523	1
524	42
525	22
526	0
527	4
528	17
529	6
530	0,10
531	49
532	5
533	9
534	9
535	8
536	0
537	48
538	8
539	6
540	19
541	27
542	1
543	10
544	28
545	3
546	2
547	40
548	15
549	0
550	25
551	23
552	16
553	8
554	10
555	31
556	6
557	1
558	0
559	17
560	11
561	24,32
562	48
563	15
564	9
565	11
566	12
567	8
568	15
569	11
570	9
571	7
572	12
573	29
574	4
575	29
576	7
577	3
578	34
579	35
580	3
581	10
582	39
583	35
584	14
585	2
586	12
587	18
588	41
589	7
590	24
591	1
592	2
593	22
594	1
595	6
596	21
597	9
598	10
599	5
600	7
601	15
602	18
603	10,43
604	8
605	37
606	22
607	10
608	19,46
609	15
610	29
611	3,31
612	33
613	3
614	38
615	47
616	2
617	17
618	31
619	8
620	6
621	0
622	1
623	42
624	4
625	14
626	6
627	0
628	8
629	11
630	15
631	19
632	5
633	12
634	18
635	1
636	1
637	3
638	13
639	6
640	10
641	25
642	11
643	13
644	26
645	5
646	5
647	9
648	1
649	25
650	11
651	2
652	20
653	7
654	9
655	1
656	0
657	24
658	29
659	7
660	4
661	3
662	4
663	21
664	3
665	0
666	13,35,46
667	10
668	48
669	20,24
670	7
671	3
672	22
673	31
674	14
675	13
676	11
677	2
678	0
679	8
680	22
681	30
682	2
683	13
684	13
685	15
686	16
687	4
688	19
689	2,27,51
690	22
691	21
692	9
693	1
694	14
695	6
696	2
697	40
698	2
699	1
700	6,8
701	15
702	13
703	4
704	2
705	8
706	3
707	18
708	27
709	7
710	4
711	13
712	26,54
713	29
714	33
715	24
716	28
717	30
718	2
719	2
720	48,49
721	13
722	1
723	9
724	20
725	12
726	1
727	3
728	8
729	6
730	2
731	19
732	19
733	6
734	2
735	1
736	10,41
737	6
738	12
739	48
740	56
741	21
742	34
743	1
744	20
745	51
746	52
747	2
748	10
749	34
750	16
751	32
752	0
753	0
754	28
755	47
756	3
757	17
758	28
759	28
760	12
761	0
762	4
763	15
764	29
765	5
766	21
767	1
768	27
769	17
770	48
771	9
772	3
773	38
774	43
775	8
776	2
777	25
778	21
779	4
780	30
781	0
782	12
783	13
784	0
785	15
786	22
787	19
788	8
789	14
790	31,51,56
791	14
792	0
793	45
794	12
795	24
796	18
797	44
798	4
799	39,48
800	42
801	33
802	8
803	3
804	3
805	5
806	9
807	14
808	4
809	21
810	1
811	4
812	1
813	22
814	5
815	3
816	6
817	13
818	20
819	9
820	10
821	0
822	9
823	10
824	0
825	20
826	6
827	20
828	31
829	40
830	44
831	21
832	3
833	21
834	15
835	23
836	0
837	2
838	29,30
839	44
840	7
841	27
842	31
843	14
844	8
845	26
846	5
847	11
848	15
849	17
850	2
851	1
852	44,52
853	32
854	16
855	22
856	4
857	6,42
858	27
859	9
860	0
861	2
862	4
863	27
864	16
865	1
866	1
867	10
868	16
869	1
870	10
871	5
872	0
873	7
874	14
875	0
876	7
877	5
878	13
879	17
880	9
881	5
882	13
883	10
884	10
885	11
886	7
887	28
888	3
889	12
890	41
891	18,45
892	1
893	1
894	8
895	16
896	0
897	1
898	3
899	13
900	13
901	6
902	4
903	4
904	2
905	19
906	11
907	45
908	0
909	8
910	9
911	7
912	14
913	5
914	17
915	45,50,54
916	3
917	2
918	40
919	17
920	3
921	16
922	40
923	1
924	4
925	2
926	36
927	13
928	22
929	7
930	9
931	30,55
932	35
933	4
934	26
935	0
936	34
937	6
938	28
939	9
940	11
941	4
942	0
943	5
944	11
945	9
946	1
947	24
948	24
949	13
950	6
951	44
952	18
953	10
954	6
955	34
956	26
957	0
958	2
959	14
960	8
961	1
962	0
963	4
964	2
965	14
966	0
967	17
968	11
969	28
970	48
971	10
972	3
973	40
974	2
975	17
976	9
977	6
978	37
979	6
980	9,11
981	54
982	6
983	40
984	16
985	12
986	5
987	13
988	40
989	11
990	3
991	4
992	37
993	11
994	31
995	25
996	20
997	19
998	22
999	7
1000	5
1001	5
1002	5
1003	5
1004	15
1005	15
1006	15
1007	15
1008	0
1009	0
1010	0
1011	0
1012	0
1013	6
1014	6
1015	6
1016	6
1017	6
1018	14
1019	14
1020	14
1021	14
1022	14
1023	30
1024	30
1025	30
1026	30
1027	30
1028	55
1029	55
1030	55
1031	55
1032	55
1033	54
1034	54
1035	54
1036	54
1037	54
1038	53
1039	53
1040	53
1041	53
1042	53
1043	52
1044	52
1045	52
1046	52
1047	52
1048	51
1049	51
1050	51
1051	51
1052	51
1053	50
1054	50
1055	50
1056	50
1057	50
1058	49
1059	49
1060	49
1061	49
1062	49
1063	48
1064	48
1065	48
1066	48
1067	48
1068	47
1069	47
1070	47
1071	47
1072	47
1073	56
1074	56
1075	56
1076	56
1077	56
1078	45
1079	45
1080	45
1081	45
1082	45
1083	44
1084	44
1085	44
1086	44
1087	44
1088	43
1089	43
1090	43
1091	43
1092	43
1093	42
1094	42
1095	42
1096	42
1097	42
1098	41
1099	41
1100	41
1101	41
1102	41
1103	40
1104	40
1105	40
1106	40
1107	40
1108	39
1109	39
1110	39
1111	39
1112	39
1113	38
1114	38
1115	38
1116	38
1117	38
1118	37
1119	37
1120	37
1121	37
1122	37
1123	36
1124	36
1125	36
1126	36
1127	36
1128	35
1129	35
1130	35
1131	35
1132	35
1133	34
1134	34
1135	34
1136	34
1137	34
1138	33
1139	33
1140	33
1141	33
1142	33
