0	0
1	1
2	2
3	3
4	4,23
5	5
6	6
7	7,8,22,24
8	8
9	9,16,23,39,42
10	10
11	11
12	12
13	1,13
14	14,36
15	15,41
16	16,26
17	17
18	18
19	19
20	20
21	21
22	11,22
23	23,25
24	24
25	17,25
26	26
27	27
28	28
29	29
30	30
31	12,31
32	32
33	33
34	34
35	30,35
36	36
37	37
38	38
39	39
40	40
41	41
42	42
43	43
44	44
45	45
46	46
47	47
48	48
49	49
50	1
51	0
52	6,19
53	20
54	0
55	27
56	22
57	21
58	27
59	28
60	11
61	40
62	20
63	3
64	4
65	5,10,11,21,31
66	5
67	3
68	41
69	16
70	1
71	21
72	1
73	17
74	0
75	7,13
76	0
77	3
78	2
79	11,15
80	18
81	8
82	20
83	16,26,35
84	18
85	20
86	16
87	34
88	5,24
89	27
90	27
91	7
92	2
93	25
94	11
95	16
96	7,33
97	8
98	3,13
99	22
100	3
101	11
102	18
103	11
104	48
105	1
106	0
107	4,18,27
108	16
109	16
110	0
111	2
112	6
113	9
114	2
115	46
116	13
117	25
118	35,44
119	10
120	17,47
121	2
122	24
123	0
124	21
125	29
126	27
127	5
128	6
129	12
130	0,1
131	4
132	24
133	17
134	2
135	0,47
136	4,33
137	30
138	33
139	41
140	2
141	22
142	11
143	11
144	29
145	1
146	0,1
147	20
148	4,10,48
149	9
150	24
151	0
152	6,13
153	25
154	30
155	2
156	7
157	9
158	1
159	3
160	30
161	39
162	11
163	13
164	10
165	31
166	2
167	11
168	4
169	3
170	49
171	22
172	1
173	18,46
174	10
175	2
176	21
177	17
178	2
179	19
180	5,12
181	22
182	9
183	7
184	20
185	12
186	38
187	10
188	7
189	4
190	23
191	27
192	13
193	9
194	2
195	16
196	5
197	3
198	4
199	1
200	14
201	15
202	7
203	10
204	14
205	1
206	4
207	32,38
208	15
209	23
210	13
211	17
212	2
213	34
214	25
215	1
216	1
217	21
218	9,48
219	31
220	9
221	23
222	9
223	14
224	10
225	9
226	0,11
227	5
228	18
229	4
230	49
231	6
232	3
233	14
234	5
235	37
236	2
237	0
238	1,37
239	17
240	40
241	28
242	10
243	23
244	9
245	35
246	49
247	35
248	3
249	44
250	5,40
251	16,48
252	23
253	1
254	5
255	11
256	3
257	41
258	8
259	18
260	10
261	2
262	15,39
263	15
264	8
265	34
266	0
267	10
268	26
269	1
270	22
271	12
272	12
273	0
274	14
275	35
276	0
277	3
278	7
279	2
280	43
281	34
282	8
283	8
284	18
285	19
286	8
287	1
288	23
289	0
290	2,3
291	27
292	3
293	2
294	4,21
295	18
296	0,12
297	4
298	18
299	7
300	12
301	27
302	20
303	1
304	3,38
305	43
306	43,46
307	27,48
308	6
309	25
310	18,28
311	16
312	5
313	4
314	0
315	9
316	15
317	5
318	3
319	37
320	16
321	4
322	22
323	1
324	31
325	33
326	43
327	8
328	14
329	21
330	0
331	2
332	0,45
333	12
334	11
335	3
336	5
337	4
338	2
339	9
340	2
341	34
342	43
343	5
344	4
345	4
346	9
347	5
348	10
349	10
350	2
351	16
352	35
353	0
354	27
355	12
356	7
357	4
358	11
359	2
360	0
361	9
362	6
363	1
364	17
365	4
366	12,31
367	24,43
368	8
369	20
370	9,23
371	24
372	36
373	32
374	2
375	4
376	1,20
377	41
378	5,42
379	7
380	30
381	4
382	3
383	9
384	28
385	16
386	1
387	33
388	29
389	14
390	0
391	7
392	19
393	4
394	16
395	40
396	15,25,42
397	15
398	10
399	4
400	32
401	3
402	34
403	0
404	22
405	41
406	22
407	3
408	6
409	7
410	1
411	0
412	10
413	0
414	8
415	32
416	8
417	16
418	1
419	7
420	0
421	6
422	13,33
423	5
424	22
425	1
426	2
427	4
428	34
429	13,26
430	17
431	16
432	29
433	11
434	11
435	4
436	11
437	1
438	5
439	6
440	29,42
441	18
442	4
443	31
444	4
445	33
446	10
447	3
448	9
449	24
450	1
451	4
452	27
453	12
454	17
455	10
456	5
457	6
458	25,29
459	24
460	31
461	27
462	10
463	1
464	4
465	12
466	3
467	11
468	1
469	8
470	0
471	8
472	18
473	13
474	13
475	0
476	2
477	7
478	8
479	1
480	8
481	5
482	1
483	9
484	20
485	3
486	8
487	6
488	9
489	14
490	24
491	26
492	4
493	24
494	8
495	12
496	14
497	0
498	42
499	25
500	4
501	10,27
502	1
503	0
504	1
505	8
506	9
507	2
508	29
509	12
510	24
511	3
512	5
513	3
514	44
515	2
516	3
517	10
518	2
519	9
520	4
521	6
522	8
523	4
524	11
525	1
526	7
527	33
528	23
529	6
530	2
531	41
532	0
533	15
534	10
535	16,27
536	3
537	7
538	11,25
539	31
540	2
541	4
542	2
543	5
544	36,43
545	36
546	3
547	2
548	4
549	7
550	10
551	9
552	6
553	3
554	2
555	21
556	9
557	22
558	2
559	11,14
560	24
561	3
562	3
563	15
564	5
565	9
566	22
567	2
568	3
569	20
570	2
571	34
572	5
573	14,38
574	0
575	15
576	19
577	11
578	0
579	2
580	15
581	5
582	14
583	6
584	16
585	0
586	18
587	40
588	4
589	42
590	2
591	9
592	27
593	6
594	7
595	22
596	15
597	28
598	1
599	14
600	18
601	10
602	25
603	17
604	13
605	27
606	20
607	26
608	6
609	6
610	7
611	3
612	0
613	14
614	22
615	6
616	10
617	6
618	3
619	20
620	22
621	26
622	23
623	1
624	18
625	26
626	24
627	6
628	6
629	3
630	18
631	28
632	13
633	17
634	22
635	13
636	6
637	18
638	36
639	2
640	9
641	4
642	19
643	26
644	40
645	2
646	11
647	18
648	10
649	29
650	9
651	14
652	5
653	26
654	9
655	10
656	22
657	15
658	10
659	12
660	2
661	11
662	5
663	0
664	15
665	9
666	0
667	20
668	48
669	39
670	8
671	7
672	2
673	4
674	22
675	8
676	27
677	11
678	15
679	28
680	31
681	17
682	40
683	10
684	34
685	0
686	43
687	20
688	4
689	15
690	7
691	24,37,42
692	12
693	22
694	11
695	7
696	4
697	26
698	42
699	9
700	28
701	20
702	14
703	17
704	18
705	1
706	11
707	35
708	14
709	38
710	17
711	17
712	0
713	44
714	4
715	8
716	8
717	35
718	8
719	0
720	15
721	0
722	7
723	7
724	44
725	2
726	8
727	0
728	1
729	28
730	6
731	10
732	4
733	14
734	0
735	23
736	6
737	26,45
738	2
739	10
740	4
741	4
742	17
743	18
744	5
745	14
746	44
747	23
748	1
749	42
750	19
751	5
752	2
753	3
754	6
755	6
756	0
757	3
758	8
759	31
760	1
761	3
762	13
763	1
764	10
765	9
766	13
767	23,42
768	7
769	0
770	17
771	27
772	9
773	1
774	5
775	0
776	42
777	1
778	25
779	6
780	46
781	31
782	11
783	0
784	0
785	9
786	4
787	6
788	0
789	3
790	25,45
791	40,45
792	6
793	10
794	7
795	8
796	25
797	0
798	22
799	4
800	4
801	6
802	16
803	13
804	17
805	9
806	38
807	1
808	3
809	6
810	13
811	2
812	17
813	6
814	0
815	17
816	2
817	7
818	16
819	2
820	3
821	8
822	1
823	2
824	3
825	36
826	36
827	17
828	0
829	10
830	0
831	20
832	3
833	13,28,39
834	2
835	23
836	5
837	11
838	7
839	6
840	15
841	4
842	33
843	10
844	3
845	5
846	6
847	18
848	23
849	8
850	3
851	27
852	1
853	19
854	26,38,41,42,43
855	0
856	4
857	11
858	32
859	11
860	2
861	5
862	15,22,32,46
863	0
864	13
865	4
866	3
867	13,16
868	12
869	14
870	25
871	10
872	33
873	2
874	13
875	34
876	15
877	19
878	22
879	16
880	4
881	16
882	29
883	12,47
884	38
885	21
886	36
887	3
888	7
889	18
890	16
891	5
892	26,38
893	4
894	8
895	21
896	23
897	9
898	39
899	19
900	33
901	8
902	8
903	0
904	19
905	1
906	4
907	0
908	0
909	0
910	6
911	27
912	7
913	1
914	21
915	2
916	9
917	2
918	0
919	6
920	22
921	0
922	5
923	5
924	2,37
925	1
926	14
927	3
928	35
929	2
930	10
931	9
932	25
933	8
934	11,22,26,30
935	9
936	0
937	16
938	2
939	32
940	4
941	1
942	15
943	14
944	1
945	0
946	17
947	8
948	14
949	7
950	7
951	22
952	21
953	8
954	3
955	12
956	23
957	0
958	14
959	18,24
960	34
961	7
962	20
963	14
964	6
965	8
966	39
967	7
968	17
969	0
970	16
971	8
972	12
973	6
974	17
975	16
976	32
977	23
978	12
979	40
980	3
981	0
982	0
983	5
984	1
985	16
986	15,20,38
987	11
988	0
989	37
990	16
991	2
992	29
993	0
994	2
995	16
996	17
997	8
998	2,15
999	6
1000	0
1001	0
1002	0
1003	0
1004	0
1005	2
1006	2
1007	2
1008	2
1009	2
1010	6
1011	6
1012	6
1013	6
1014	6
1015	14
1016	14
1017	14
1018	14
1019	14
1020	30
1021	30
1022	30
1023	30
1024	30
1025	49
1026	49
1027	49
1028	49
1029	49
1030	48
1031	48
1032	48
1033	48
1034	48
1035	47
1036	47
1037	47
1038	47
1039	47
1040	46
1041	46
1042	46
1043	46
1044	46
1045	45
1046	45
1047	45
1048	45
1049	45
1050	44
1051	44
1052	44
1053	44
1054	44
1055	43
1056	43
1057	43
1058	43
1059	43
1060	42
1061	42
1062	42
1063	42
1064	42
1065	41
1066	41
1067	41
1068	41
1069	41
1070	40
1071	40
1072	40
1073	40
1074	40
1075	39
1076	39
1077	39
1078	39
1079	39
1080	38
1081	38
1082	38
1083	38
1084	38
1085	37
1086	37
1087	37
1088	37
1089	37
1090	36
1091	36
1092	36
1093	36
1094	36
1095	35
1096	35
1097	35
1098	35
1099	35
1100	34
1101	34
1102	34
1103	34
1104	34
1105	33
1106	33
1107	33
1108	33
1109	33
1110	32
1111	32
1112	32
1113	32
1114	32
1115	29
1116	29
1117	29
1118	29
1119	29
1120	31
1121	31
1122	31
1123	31
1124	31
