ATT0(float,1);ATT1(float,10);ATT2(string,10);
0.249;0.624,0.979,0.97,0.728,0.431,0.0791,0.341,0.713,0.928,0.829;aaaaa;
0.196;0.384,0.846,0.691,0.774,0.0439,0.838,0.0121,0.189,0.648,0.205;aaaaaaaaaa;
0.164;0.588,0.674,0.898,0.358,0.0543,0.242,0.842,0.128,0.216,0.368;aaaaaaaaa;
0.0416;0.146,0.781,0.046,0.133,0.22,0.879,0.109,0.776,0.133,0.874;aaa;
0.841;0.0563,0.644,0.203,0.524,0.257,0.0725,0.287,0.848,0.704,0.367;aaaaaa;
0.581;0.476,0.00169,0.0258,0.197,0.986,0.498,0.624,0.221,0.248,0.125;aaaa;
0.598;0.56,0.99,0.333,0.0291,0.408,0.111,0.268,0.533,0.924,0.536;aaaaaaaaa;
0.793;0.224,0.78,0.129,0.021,0.166,0.649,0.397,0.0953,0.0472,0.163;aaaaaaaaaa;
0.81;0.309,0.201,0.194,0.346,0.86,0.832,0.495,0.0889,0.883,0.654;aaaaaa;
0.36;0.913,0.253,0.107,0.698,0.486,0.698,0.188,0.703,0.975,0.846;aaaaaaa;
0.833;0.837,0.174,0.438,0.453,0.243,0.693,0.849,0.744,0.425,0.274;aaaaaaaaaa;
0.541;0.755,0.537,0.519,0.698,0.391,0.879,0.577,0.963,0.278,0.359;aaaaa;
0.681;0.865,0.338,0.398,0.704,0.123,0.119,0.304,0.0852,0.98,0.494;aaaaaa;
0.376;0.791,0.304,0.259,0.0478,0.725,0.449,0.555,0.83,0.947,0.161;aaaaa;
0.99;0.739,0.13,0.596,0.771,0.341,0.313,0.363,0.659,0.705,0.226;aaaaa;
0.161;0.44,0.595,0.755,0.48,0.898,0.396,0.32,0.615,0.152,0.316;a;
0.565;0.0485,0.34,0.6,0.258,0.816,0.121,0.422,0.0246,0.0275,0.661;aaaaaaaaa;
0.0797;0.81,0.12,0.366,0.692,0.0609,0.31,0.936,0.0354,0.0388,0.533;aaaaaaaaa;
0.362;0.251,0.968,0.0133,0.881,0.394,0.747,0.349,0.722,1,0.665;aaa;
0.193;0.496,0.956,0.165,0.495,0.185,0.86,0.0626,0.442,0.562,0.454;aa;
0.0871;0.596,0.76,0.644,0.899,0.119,0.929,0.378,0.892,0.0517,0.00746;aaaaaaaaa;
0.0893;0.934,0.554,0.616,0.508,0.831,0.885,0.0388,0.265,0.459,0.422;aaaaaaaaa;
0.0993;0.286,0.194,0.629,0.274,0.923,0.196,0.232,0.631,0.49,0.902;aaaaaaaaa;
0.114;0.76,0.242,0.301,0.703,0.72,0.799,0.55,0.0426,0.933,0.141;aaa;
0.668;0.901,0.227,0.926,0.683,0.778,0.947,0.857,0.785,0.532,0.428;aaaa;
0.112;0.188,0.781,0.924,0.218,0.712,0.0963,0.322,0.0678,0.632,0.65;aaaaa;
0.0414;0.768,0.697,0.11,0.511,0.606,0.931,0.848,0.251,0.349,0.257;aaaa;
0.136;0.985,0.542,0.331,0.0337,0.189,0.523,0.368,0.0901,0.682,0.781;aaaaaaaaaa;
0.911;0.77,0.21,0.839,0.547,0.984,0.508,0.734,0.669,0.957,0.106;aaaaa;
0.831;0.155,0.0987,0.707,0.876,0.697,0.977,0.773,0.693,0.66,0.321;aaaaaaa;
0.228;0.88,0.399,0.269,0.504,0.209,0.639,0.56,0.109,0.782,0.41;aaaa;
0.533;0.154,0.354,0.406,0.827,0.799,0.428,0.214,0.565,0.966,0.611;aaaaaaaa;
0.558;0.0748,0.784,0.119,0.426,0.149,0.766,0.581,0.932,0.41,0.736;aaaaaaaaaa;
0.109;0.311,0.517,0.0326,0.799,0.983,0.233,0.337,0.324,0.0775,0.0595;aaaaaaaa;
0.98;0.733,0.297,0.213,0.498,0.3,0.204,0.72,0.0663,0.503,0.197;aaaaa;
0.135;0.953,0.977,0.0305,0.179,0.483,0.703,0.658,0.114,0.931,0.863;aaaa;
0.569;0.444,0.406,0.342,0.26,0.123,0.519,0.0781,0.0248,0.846,0.272;aaaaa;
0.0413;0.39,0.449,0.326,0.0337,0.969,0.0499,0.431,0.451,0.45,0.0499;aaa;
0.336;0.265,0.678,0.423,0.205,0.497,0.302,0.799,0.533,0.714,0.911;aaaaa;
0.922;0.807,0.667,0.483,0.828,0.208,0.555,0.714,0.196,0.374,0.854;a;
0.282;0.876,0.758,0.426,0.18,0.18,0.425,0.741,0.542,0.527,0.226;aaaaaaaa;
0.372;0.606,0.00262,0.885,0.268,0.628,0.769,0.738,0.42,0.578,0.249;aaaaaaa;
0.892;0.332,0.181,0.423,0.033,0.622,0.174,0.515,0.111,0.966,0.214;aaa;
0.783;0.325,0.541,0.808,0.0468,0.604,0.608,0.506,0.2,0.511,0.528;aaaa;
0.517;0.0495,0.872,0.473,0.258,0.288,0.511,0.247,0.274,0.00737,0.984;aaaaaaaa;
0.258;0.0592,0.0848,0.509,0.479,0.694,0.00145,0.147,0.65,0.197,0.832;aaaaaa;
0.0828;0.139,0.354,0.999,0.932,0.323,0.593,0.0282,0.184,0.624,0.0802;aaaaaaaaa;
0.689;0.768,0.157,0.765,0.614,0.875,0.327,0.144,0.964,0.0464,0.254;aaaaa;
0.157;0.45,0.549,0.442,0.203,0.286,0.575,0.501,0.653,0.742,0.876;aaaaaaa;
0.178;0.92,0.972,0.637,0.38,0.378,0.0568,0.697,0.216,0.26,0.597;aaaaaaa;
0.92;0.132,0.613,0.459,0.872,0.109,0.598,0.935,0.13,0.887,0.899;aaaaaa;
0.509;0.305,0.881,0.464,0.805,0.899,0.899,0.302,0.605,0.337,0.724;aaaaa;
0.307;0.891,0.325,0.502,0.66,0.252,0.83,0.863,0.202,0.831,0.616;aaaaaaaaa;
0.906;0.177,0.668,0.125,0.992,0.767,0.764,0.836,0.909,0.773,0.183;aaa;
0.56;0.0919,0.00227,0.687,0.63,0.34,0.566,0.353,0.386,0.702,0.42;aaaa;
0.408;0.125,0.636,0.62,0.75,0.252,0.178,0.939,0.884,0.407,0.237;aaaaa;
0.777;0.288,0.189,0.116,0.662,0.995,0.472,0.816,0.268,0.805,0.127;aaaaaa;
0.569;0.339,0.701,0.569,0.599,0.6,0.421,0.1,0.254,0.166,0.408;aaaaa;
0.77;0.088,0.0726,0.607,0.855,0.545,0.391,0.684,0.732,0.445,0.357;a;
0.278;0.465,0.699,0.493,0.435,0.818,0.188,0.764,0.0723,0.0265,0.805;aaaaa;
0.576;0.428,0.0531,0.439,0.748,0.463,0.0397,0.931,0.0137,0.493,0.889;aaaa;
0.339;0.895,0.405,0.257,0.365,0.444,0.199,0.287,0.277,0.61,0.166;aaaaaaaa;
0.89;0.431,0.637,0.0392,0.235,0.948,0.554,0.0881,0.239,0.912,0.121;aaaaaaa;
0.119;0.0806,0.226,0.632,0.815,0.106,0.0744,0.0681,0.823,0.92,0.634;aaaaaaaa;
0.746;0.827,0.38,0.935,0.128,0.323,0.487,0.62,0.0513,0.956,0.21;aaaaaa;
0.988;0.223,0.408,0.787,0.546,0.955,0.387,0.108,0.178,0.195,0.428;aa;
0.33;0.814,0.102,0.9,0.602,0.824,0.571,0.652,0.665,0.809,0.972;a;
0.733;0.57,0.289,0.918,0.493,0.305,0.765,0.133,0.825,0.427,0.521;aaaaaaaaa;
0.188;0.851,0.57,0.491,0.686,0.458,0.622,0.816,0.801,0.738,0.596;aaaa;
0.455;0.287,0.98,0.577,0.108,0.999,0.914,0.232,0.733,0.544,0.658;aaaaaaaa;
0.89;0.766,0.493,0.903,0.0556,0.265,0.328,0.138,0.411,0.399,0.764;aaaaaa;
0.535;0.901,0.272,0.508,0.898,0.979,0.185,0.233,0.937,0.971,0.665;aaaaaaaaa;
0.993;0.43,0.762,0.236,0.818,0.286,0.413,0.349,0.109,0.227,0.219;a;
0.296;0.306,0.0268,0.929,0.468,0.12,0.408,0.299,0.754,0.672,0.123;aaaa;
0.621;0.217,0.0493,0.0995,0.306,0.397,0.583,0.731,0.492,0.101,0.153;aa;
0.843;0.232,0.543,0.742,0.31,0.648,0.467,0.765,0.623,0.0501,0.301;aaaaaaaa;
0.859;0.822,0.333,0.806,0.423,0.161,0.734,0.801,0.412,0.352,0.26;a;
0.67;0.9,0.444,0.573,0.263,0.0295,0.601,0.913,0.789,0.245,0.481;aa;
0.979;0.786,0.781,0.472,0.966,0.37,0.754,0.798,0.416,0.536,0.748;aaaaaaaaaa;
0.484;0.493,0.5,0.599,0.0453,0.387,0.461,0.748,0.605,0.1,0.204;aaaaaaaaa;
0.948;0.221,0.238,0.00493,0.354,0.547,0.36,0.365,0.00736,0.11,0.233;aaaaaaa;
0.92;0.136,0.401,0.137,0.312,0.546,0.708,0.688,0.122,0.559,0.889;aaaa;
0.688;0.983,0.143,0.511,0.119,0.139,0.895,0.604,0.776,0.548,0.666;aaaaa;
0.649;0.182,0.0444,0.187,0.388,0.68,0.545,0.328,0.478,0.375,0.436;aaaaaa;
0.115;0.606,0.192,0.536,0.45,0.921,0.23,0.382,0.475,0.116,0.228;a;
0.823;0.244,0.665,0.0016,0.291,0.698,0.725,0.839,0.36,0.552,0.5;aaaaaaaaa;
0.836;0.0353,0.544,0.95,0.559,0.724,0.772,0.458,0.882,0.712,0.952;aaaa;
0.752;0.853,0.971,0.581,0.596,0.0323,0.393,0.532,0.967,0.137,0.307;aaaaaaaa;
0.454;0.958,0.353,0.744,0.971,0.867,0.781,0.814,0.0011,0.28,0.0668;aaaaaa;
0.0298;0.743,0.677,0.463,0.246,0.985,0.628,0.297,0.881,0.643,0.561;aa;
0.543;0.171,0.432,0.656,0.093,0.673,0.401,0.721,0.37,0.402,0.846;aaaaa;
0.792;0.722,0.0774,0.882,0.985,0.357,0.415,0.573,0.231,0.0529,0.245;aaaaaaaaaa;
0.546;0.505,0.294,0.254,0.427,0.506,0.927,0.298,0.593,0.251,0.619;a;
0.438;0.426,0.562,0.361,0.698,0.995,0.989,0.0689,0.603,0.848,0.997;aaa;
0.11;0.187,0.48,0.183,0.867,0.543,0.925,0.282,0.656,0.683,0.414;aaaaaa;
0.878;0.15,0.153,0.244,0.0672,0.418,0.644,0.609,0.785,0.483,0.0222;aaaaaaaa;
0.203;0.68,0.595,0.633,0.26,0.428,0.636,0.226,0.455,0.771,0.731;a;
0.969;0.797,0.678,0.152,0.174,0.742,0.67,0.018,0.271,0.628,0.364;aaa;
0.163;0.924,0.757,0.672,0.763,0.459,0.524,0.881,0.125,0.82,0.823;aa;
0.0494;0.164,0.362,0.2,0.864,0.772,0.993,0.104,0.448,0.744,0.332;aaaaaaaaaa;
0.926;0.822,0.0929,0.226,0.112,0.752,0.241,0.97,0.998,0.109,0.559;aaaaaaa;
0.652;0.508,0.913,0.587,0.944,0.965,0.914,0.324,0.188,0.664,0.918;aaaa;
0.587;0.667,0.34,0.569,0.702,0.118,0.408,0.632,0.695,0.961,0.917;aaaaaaaa;
0.0777;0.395,0.187,0.286,0.0303,0.551,0.807,0.803,0.587,0.656,0.0583;aaaa;
0.109;0.794,0.243,0.735,0.399,0.799,0.697,0.368,0.584,0.296,0.644;aaaaa;
0.802;0.207,0.0584,0.107,0.684,0.224,0.538,0.333,0.0624,0.941,0.366;aa;
0.113;0.175,0.189,0.331,0.258,0.425,0.822,0.892,0.248,0.649,0.382;aaaaaaaaaa;
0.943;0.543,0.867,0.618,0.523,0.648,0.817,0.924,0.501,0.275,0.708;aa;
0.415;0.931,0.121,0.429,0.0687,0.296,0.739,0.517,0.906,0.628,0.131;aaaaaaaa;
0.566;0.0486,0.2,0.158,0.594,0.449,0.975,0.271,0.0113,0.098,0.693;aaaaaa;
0.5;0.176,0.767,0.311,0.723,0.817,0.443,0.092,0.96,0.653,0.58;aaa;
0.61;0.274,0.992,0.243,0.774,0.103,0.785,0.131,0.367,0.67,0.3;aaaaa;
0.0418;0.266,0.8,0.606,0.97,0.877,0.431,0.975,0.937,0.454,0.0433;a;
0.971;0.367,0.534,0.744,0.569,0.795,0.682,0.503,0.612,0.781,0.212;aaaaa;
0.948;0.781,0.689,0.152,0.124,0.849,0.416,0.823,0.467,0.647,0.559;aaaaaaaaa;
0.702;0.253,0.33,0.669,0.226,0.228,0.529,0.183,0.743,0.0953,0.623;aaaa;
0.0506;0.573,0.351,0.298,0.23,0.87,0.784,0.667,0.884,0.133,0.486;aaaaaaaaaa;
0.651;0.369,0.464,0.214,0.383,0.908,0.131,0.792,0.845,0.225,0.125;aaaa;
0.0434;0.789,0.252,0.671,0.299,0.427,0.434,0.562,0.685,0.5,0.528;aaaaaaa;
0.103;0.991,0.686,0.745,0.864,0.753,0.0945,0.703,0.787,0.161,0.543;aaaaaaaa;
0.953;0.633,0.608,0.362,0.488,0.255,0.239,0.3,0.919,0.308,0.0534;aaaa;
0.832;0.00838,0.971,0.903,0.4,0.179,0.666,0.143,0.711,0.914,0.0897;aaaaa;
0.103;0.938,0.783,0.137,0.349,0.831,0.646,0.425,0.167,0.557,0.516;aaaaa;
0.198;0.543,0.00607,0.343,0.655,0.734,0.33,0.399,0.0119,0.981,0.161;aaaaaa;
0.786;0.385,0.455,0.363,0.497,0.877,0.915,0.444,0.185,0.0784,0.0577;aaaaaaaaa;
0.81;0.19,0.287,0.751,0.503,0.175,0.231,0.74,0.256,0.941,0.51;aaaaaa;
0.0743;0.0911,0.918,0.81,0.35,0.375,0.952,0.241,0.757,0.146,0.373;aa;
0.85;0.649,0.0778,0.568,0.544,0.941,0.695,0.471,0.333,0.414,0.958;aaaa;
0.317;0.599,0.223,0.291,0.49,0.0963,0.539,0.335,0.121,0.873,0.472;aaaaaaaaa;
0.0232;0.855,0.19,0.21,0.474,0.6,0.123,0.49,0.625,0.921,0.277;a;
0.645;0.321,0.325,0.193,0.336,0.232,0.61,0.563,0.518,0.559,0.196;aa;
0.0597;0.13,0.459,0.0907,0.463,0.648,0.999,0.575,0.108,0.702,0.489;aaaa;
0.588;0.591,0.0403,0.703,0.796,0.231,0.542,0.595,0.522,0.023,0.611;aaaa;
0.863;0.111,0.822,0.838,0.384,0.684,0.00726,0.83,0.000639,0.205,0.179;aaaaaaaa;
0.496;0.933,0.412,0.232,0.361,0.919,0.868,0.479,0.775,0.84,0.6;a;
0.308;0.977,0.727,0.299,0.922,0.222,0.0632,0.00651,0.662,0.352,0.631;aaaaaaaa;
0.324;0.565,0.523,0.707,0.21,0.188,0.262,0.688,0.717,0.16,0.196;aaaaa;
0.121;0.734,0.805,0.191,0.132,0.709,0.377,0.647,0.58,0.707,0.806;aaaaa;
0.546;0.752,0.437,0.461,0.275,0.544,0.831,0.801,0.481,0.852,0.212;aaaaaaa;
0.827;0.927,0.407,0.544,0.742,0.63,0.703,0.572,0.997,0.749,0.464;aaaaaaaaa;
0.476;0.133,0.636,0.0624,0.295,0.629,0.83,0.442,0.597,0.642,0.516;aaaaaaaaa;
0.0511;0.862,0.987,0.692,0.615,0.429,0.744,0.0595,0.343,0.56,0.406;aaaaaaaa;
0.383;0.766,0.912,0.588,0.924,0.365,0.14,0.79,0.788,0.784,0.508;aaaaaaaaaa;
0.399;0.47,0.492,0.0791,0.924,0.675,0.854,0.366,0.913,0.011,0.401;aaaaa;
0.846;0.509,0.801,0.188,0.543,0.158,0.817,0.00395,0.689,0.821,0.776;aaaa;
0.256;0.888,0.376,0.358,0.508,0.288,0.844,0.188,0.428,0.555,0.366;aaaaaaaa;
0.463;0.353,0.0937,0.157,0.367,0.427,0.237,0.424,0.187,0.913,0.358;aaaaaa;
0.819;0.369,0.731,0.435,0.413,0.0903,0.425,0.371,0.572,0.121,0.0433;aaa;
0.816;0.929,0.739,0.119,0.739,0.907,0.0454,0.0574,0.0261,0.876,0.215;aaaaaa;
0.393;0.452,0.563,0.79,0.557,0.939,0.274,0.347,0.883,0.321,0.00117;a;
0.277;0.611,0.167,0.947,0.281,0.327,0.0698,0.626,0.859,0.221,0.183;aaaaa;
0.522;0.471,0.114,0.54,0.639,0.629,0.943,0.587,0.827,0.334,0.634;aaaaaaa;
0.459;0.167,0.854,0.708,0.116,0.494,0.373,0.0651,0.55,0.0121,0.777;aaaaaaaaa;
0.309;0.33,0.715,0.265,0.478,0.477,0.799,0.607,0.0822,0.981,0.288;aa;
0.394;0.922,0.763,0.903,0.0649,0.677,0.557,0.664,0.646,0.962,0.654;aaaaaa;
0.655;0.951,0.423,0.876,0.668,0.0317,0.915,0.472,0.847,0.523,0.598;aaaaaaa;
0.216;0.622,0.835,0.937,0.353,0.749,0.972,0.666,0.59,0.154,0.115;aaaaaaaaa;
0.877;0.357,0.567,0.388,0.604,0.326,0.862,0.257,0.198,0.765,0.94;aa;
0.0854;0.673,0.321,0.438,0.294,0.938,0.665,0.761,0.474,0.496,0.579;aaaaa;
0.966;0.995,0.772,0.122,0.374,0.297,0.491,0.337,0.615,0.00898,0.331;aaaaaaaaa;
0.734;0.786,0.265,0.499,0.508,0.91,0.199,0.847,0.419,0.405,0.548;a;
0.945;0.353,0.828,0.144,0.382,0.806,0.967,0.258,0.255,0.519,0.189;aaaa;
0.203;0.775,0.604,0.00639,0.181,0.607,0.659,0.542,0.0387,0.0897,0.0597;aaaaaaaaa;
0.334;0.969,0.345,0.648,0.676,0.774,0.804,0.102,0.544,0.31,0.398;aaaaa;
0.451;0.141,0.16,0.57,0.213,0.84,0.997,0.788,0.55,0.202,0.888;a;
0.139;0.492,0.139,0.756,0.649,0.0514,0.0253,0.706,0.169,0.827,0.587;aaaaaaaa;
0.589;0.469,0.273,0.196,0.615,0.57,0.0596,0.804,0.98,0.363,0.969;aaaaaaaaa;
0.483;0.891,0.288,0.345,0.757,0.322,0.34,0.226,0.82,0.326,0.343;aaa;
0.872;0.784,0.324,0.293,0.54,0.988,0.587,0.87,0.488,0.144,0.867;aaaaaaaaa;
0.179;0.498,0.635,0.476,0.85,0.292,0.0321,0.00559,0.564,0.967,0.153;aaaa;
0.304;0.505,0.992,0.267,0.795,0.868,0.00943,0.571,0.579,0.327,0.486;aaaaaaaaaa;
0.0546;0.702,0.946,0.756,0.262,0.563,0.504,0.331,0.682,0.35,0.0676;aaaaaa;
0.321;0.0158,0.497,0.549,0.103,0.826,0.644,0.86,0.963,0.275,0.755;aaaaaaaaaa;
0.344;0.422,0.182,0.0117,0.754,0.416,0.1,0.802,0.633,0.907,0.629;aaaaaaaaa;
0.164;0.219,0.358,0.309,0.863,0.137,0.819,0.63,0.928,0.355,0.647;aaa;
0.34;0.796,0.215,0.605,0.667,0.62,0.0653,0.891,0.199,0.298,0.487;a;
0.97;0.91,0.452,0.984,0.742,0.965,0.0873,0.336,0.7,0.364,0.932;aaaaaaaaa;
0.255;0.027,0.0941,0.488,0.168,0.559,0.907,0.146,0.363,0.176,0.0468;aaaaaa;
0.724;0.352,0.278,0.621,0.72,0.174,0.889,0.641,0.829,0.849,0.132;aaaaaaaaa;
0.595;0.757,0.525,0.943,0.267,0.573,0.359,0.177,0.135,0.826,0.363;aaaaaa;
0.619;0.825,0.0195,0.705,0.181,0.551,0.399,0.244,0.434,0.922,0.856;aaaaaaaaa;
0.418;0.195,0.839,0.586,0.375,0.197,0.377,0.257,0.228,0.688,0.723;aaaa;
0.921;0.754,0.782,0.507,0.868,0.308,0.26,0.913,0.683,0.559,0.548;aaaaaaaaaa;
0.976;0.329,0.198,0.265,0.021,0.777,0.221,0.896,0.838,0.0141,0.819;aaa;
0.138;0.407,0.646,0.42,0.007,0.537,0.739,0.995,0.315,0.874,0.309;aaaaaaaaa;
0.486;0.213,0.179,0.0936,0.00198,0.261,0.709,0.0712,0.0277,0.0694,0.0146;aaaaaaa;
0.432;0.402,0.215,0.108,0.117,0.145,0.6,0.869,0.381,0.977,0.177;aaaaaaaaaa;
0.875;0.961,0.495,0.395,0.182,0.269,0.902,0.188,0.4,0.46,0.51;aaaaa;
0.741;0.878,0.614,0.196,0.32,0.68,0.957,0.283,0.779,0.654,0.218;aa;
0.0777;0.728,0.899,0.169,0.831,0.752,0.535,0.0676,0.266,0.509,0.573;aaaaa;
0.391;0.693,0.0372,0.36,0.0593,0.0324,0.962,0.233,0.198,0.0675,0.827;aaaaaaa;
0.857;0.77,0.934,0.523,0.112,0.549,0.147,0.636,0.674,0.509,0.342;aaaaaaaaaa;
0.861;0.0638,0.607,0.86,0.0718,0.0525,0.753,0.125,0.653,0.484,0.261;aaa;
0.559;0.937,0.798,0.638,0.808,0.429,0.804,0.212,0.528,0.176,0.439;aaa;
0.787;0.679,0.113,0.453,0.788,0.88,0.585,0.68,0.906,0.649,0.77;aaaaaaa;
0.0362;0.915,0.429,0.832,0.968,0.128,0.672,0.539,0.936,0.388,0.482;a;
0.802;0.996,0.435,0.788,0.853,0.0729,0.229,0.606,0.226,0.565,0.0287;aaaaaaaa;
0.88;0.0944,0.363,0.564,0.239,0.423,0.93,0.614,0.82,0.0672,0.331;aaaaaaa;
0.0309;0.0114,0.445,0.598,0.664,0.762,0.0671,0.0219,0.444,0.953,0.409;a;
0.0145;0.868,0.401,0.333,0.716,0.111,0.929,0.31,0.548,0.232,0.12;aaaaa;
0.355;0.946,0.439,0.929,0.452,0.0377,0.159,0.604,0.279,0.239,0.115;aaaa;
0.0309;0.89,0.866,0.149,0.14,0.566,0.773,0.923,0.192,0.722,0.334;aaaa;
0.456;0.226,0.713,0.763,0.173,0.384,0.226,0.0368,0.327,0.387,0.0722;aaaaaaaaaa;
0.406;0.244,0.227,0.625,0.769,0.886,0.681,0.633,0.581,0.94,0.0189;aaaaaaa;
0.185;0.313,0.317,0.686,0.207,0.0867,0.147,0.0855,0.948,0.441,0.656;a;
0.294;0.0509,0.427,0.514,0.0834,0.641,0.355,0.263,0.215,0.243,0.549;aaaaaaaa;
0.306;0.0594,0.749,0.924,0.779,0.213,0.778,0.894,0.274,0.0141,0.437;aaaaa;
0.241;0.228,0.74,0.0245,0.799,0.882,0.686,0.244,0.976,0.374,0.483;aaa;
0.262;0.757,0.42,0.79,0.72,0.882,0.732,0.358,0.728,0.602,0.779;aaa;
0.56;0.961,0.647,0.144,0.198,0.96,0.0464,0.225,0.189,0.402,0.932;aaaa;
0.309;0.549,0.937,0.924,0.476,0.142,0.178,0.228,0.605,0.907,0.806;aaaaaa;
0.0815;0.777,0.795,0.814,0.6,0.375,0.951,0.52,0.609,0.851,0.09;aaaaaaa;
0.96;0.592,0.286,0.0156,0.0525,0.186,0.411,0.927,0.586,0.655,0.66;aaa;
0.207;0.584,0.442,0.752,0.0752,0.809,0.734,0.475,0.617,0.841,0.954;aaa;
0.239;0.164,0.843,0.439,0.96,0.0227,0.477,0.188,0.234,0.881,0.0441;aaaaaa;
0.498;0.931,0.633,0.201,0.503,0.749,0.0766,0.975,0.937,0.756,0.211;aaaaaa;
0.775;0.883,0.494,0.0567,0.746,0.919,0.949,0.285,0.301,0.201,0.0667;a;
0.473;0.597,0.551,0.0836,0.935,0.299,0.495,0.278,0.377,0.574,0.222;aaaaaaaaa;
0.253;0.0271,0.801,0.479,0.691,0.395,0.839,0.565,0.789,0.361,0.0745;aaaa;
0.694;0.323,0.182,0.0347,0.394,0.92,0.236,0.64,0.935,0.304,0.785;aaa;
0.323;0.159,0.155,0.687,0.983,0.879,0.7,0.743,0.369,0.767,0.485;aa;
0.537;0.667,0.856,0.184,0.235,0.186,0.235,0.85,0.293,0.212,0.651;aaaaa;
0.168;0.689,0.191,0.682,0.31,0.0624,0.371,0.844,0.94,0.93,0.425;aaaaaaaa;
0.644;0.666,0.0404,0.942,0.393,0.355,0.95,0.251,0.819,0.56,0.885;aaaaaaaaaa;
0.876;0.672,0.555,0.454,0.471,0.657,0.747,0.822,0.979,0.368,0.637;aa;
0.12;0.219,0.297,0.48,0.103,0.997,0.852,0.843,0.987,0.166,0.00932;aaaa;
0.274;0.241,0.338,0.451,0.966,0.197,0.591,0.815,0.744,0.911,0.16;aaaaaaaaaa;
0.891;0.937,0.152,0.112,0.55,0.0244,0.606,0.0886,0.24,0.944,0.498;aaaaaaaa;
0.0274;0.617,0.771,0.414,0.381,0.9,0.368,0.283,0.0162,0.468,0.33;a;
0.309;0.883,0.792,0.66,0.0565,0.336,0.0621,0.473,0.362,0.407,0.0442;aaaaaaa;
0.462;0.164,0.928,0.818,0.109,0.386,0.0718,0.461,0.399,0.959,0.859;aaaaaaaaaa;
0.137;0.329,0.488,0.0982,0.395,0.793,0.437,0.132,0.983,0.169,0.997;aa;
0.602;0.185,0.687,0.682,0.828,0.496,0.0425,0.395,0.2,0.906,0.943;aaaaaaaa;
0.463;0.767,0.0372,0.729,0.935,0.98,0.992,0.821,0.722,0.845,0.0643;aaaaaaa;
0.845;0.66,0.663,0.809,0.158,0.645,0.29,0.869,0.103,0.314,0.455;aaaaaaa;
0.766;0.0654,0.24,0.0431,0.533,0.269,0.337,0.94,0.983,0.309,0.028;aaaaa;
0.97;0.985,0.142,0.0813,0.0724,0.306,0.0398,0.153,0.305,0.925,0.999;aaaaaaaa;
0.542;0.335,0.196,0.558,0.749,0.396,0.151,0.232,0.861,0.528,0.906;aaaaa;
0.963;0.524,0.128,0.67,0.151,0.68,0.811,0.524,0.192,0.996,0.836;aaaaa;
0.0344;0.654,0.865,0.988,0.386,0.71,0.355,0.97,0.348,0.628,0.64;aa;
0.766;0.868,0.332,0.801,0.513,0.482,0.467,0.439,0.401,0.42,0.244;aaaa;
0.274;0.425,0.866,0.456,0.534,0.968,0.172,0.702,0.0944,0.367,0.983;aaa;
0.452;0.878,0.308,0.019,0.484,0.495,0.437,0.839,0.415,0.955,0.762;aaaaaaa;
0.268;0.381,0.569,0.958,0.621,0.0632,0.469,0.0929,0.0591,0.0222,0.429;aaaaaaaaaa;
0.55;0.862,0.705,0.732,0.573,0.732,0.0228,0.602,0.642,0.226,0.00837;aaaaa;
0.115;0.404,0.0104,0.199,0.171,0.0396,0.214,0.23,0.604,0.562,0.882;aa;
0.263;0.585,0.0153,0.0556,0.919,0.841,0.312,0.576,0.574,0.923,0.907;aaaaaaaaaa;
0.803;0.537,0.394,0.286,0.644,0.258,0.184,0.726,0.845,0.637,0.287;aaaaaaa;
0.713;0.436,0.599,0.727,0.332,0.00522,0.801,0.901,0.907,0.635,0.915;aaaaa;
0.644;0.674,0.703,0.24,0.372,0.338,0.111,0.689,0.626,0.266,0.114;aaaaaa;
0.123;0.332,0.946,0.0584,0.689,0.506,0.681,0.873,0.323,0.758,0.452;a;
0.604;0.844,0.703,0.0621,0.339,0.0353,0.499,0.303,0.519,0.163,0.47;aaaaaaaa;
0.205;0.307,0.104,0.864,0.221,0.158,0.348,0.929,0.345,0.386,0.212;aaaaaaaa;
0.421;0.515,0.135,0.0967,0.176,0.892,0.178,0.177,0.395,0.527,0.467;aaa;
0.579;0.985,0.632,0.391,0.414,0.0905,0.62,0.641,0.00109,0.246,0.554;a;
0.144;0.382,0.338,0.583,0.114,0.734,0.881,0.699,0.581,0.817,0.234;aaaaaaa;
0.965;0.767,0.968,0.855,0.953,0.0615,0.0325,0.444,0.598,0.807,0.13;aaaaaaaaaa;
0.862;0.424,0.591,0.631,0.433,0.236,0.544,0.991,0.227,0.294,0.89;a;
0.0441;0.0461,0.36,0.896,0.472,0.331,0.984,0.702,0.566,0.154,0.704;aaaaaaa;
0.887;0.505,0.794,0.222,0.406,0.31,0.0542,0.795,0.515,0.379,0.586;aaaa;
0.181;0.54,0.136,0.71,0.893,0.407,0.42,0.0857,0.8,0.622,0.207;aaaaaaaa;
0.791;0.731,0.091,0.845,0.176,0.173,0.695,0.0196,0.0623,0.223,0.959;aaaaa;
0.604;0.104,0.654,0.579,0.879,0.381,0.767,0.998,0.0128,0.103,0.802;aaaaaa;
0.424;0.78,0.145,0.441,0.966,0.955,0.438,0.866,0.551,0.485,0.741;aaaaaaaa;
0.785;0.0179,0.867,0.619,0.0544,0.783,0.912,0.106,0.282,0.532,0.282;a;
0.254;0.55,0.561,0.248,0.912,0.207,0.201,0.711,0.557,0.0884,0.684;aaaaa;
0.352;0.138,0.811,0.0378,0.558,0.838,0.238,0.509,0.668,0.83,0.48;aaa;
0.91;0.0184,0.911,0.548,0.63,0.731,0.994,0.897,0.279,0.00892,0.996;aa;
0.0897;0.675,0.501,0.257,0.233,0.532,0.368,0.683,0.919,0.748,0.21;aaa;
0.56;0.00719,0.603,0.437,0.65,0.112,0.367,0.175,0.548,0.876,0.122;aaaaaaaaa;
0.146;0.162,0.9,0.9,0.754,0.189,0.387,0.24,0.0576,0.886,0.604;aaaaaaaa;
0.815;0.883,0.321,0.848,0.798,0.446,0.225,0.825,0.563,0.712,0.429;aaaaaaa;
0.159;0.265,0.682,0.703,0.336,0.728,0.298,0.664,0.847,0.838,0.1;a;
0.322;0.534,0.269,0.621,0.876,0.303,0.42,0.287,0.295,0.189,0.26;aa;
0.629;0.621,0.395,0.73,0.648,0.874,0.947,0.95,0.343,0.743,0.36;aaaaaa;
0.695;0.425,0.977,0.433,0.187,0.971,0.208,0.748,0.267,0.203,0.356;aaaaaaa;
0.608;0.418,0.236,0.239,0.915,0.728,0.0984,0.414,0.556,0.0824,0.183;a;
0.028;0.36,0.619,0.0151,0.855,0.223,0.0742,0.599,0.566,0.559,0.439;aaaa;
0.786;0.334,0.713,0.516,0.633,0.0619,0.522,0.379,0.756,0.788,0.836;aaaaaaaaa;
0.566;0.0871,0.979,0.125,0.143,0.24,0.891,0.173,0.0768,0.698,0.776;aa;
0.941;0.0969,0.229,0.53,0.175,0.909,0.679,0.405,0.443,0.824,0.525;aaaaaaaaaa;
0.586;0.827,0.0164,0.573,0.208,0.274,0.568,0.0109,0.735,0.0664,0.743;aaaaaaaaa;
0.908;0.632,0.724,0.766,0.261,0.932,0.00557,0.463,0.578,0.41,0.0693;aa;
0.137;0.265,0.445,0.453,0.415,0.0335,0.843,0.244,0.824,0.73,0.418;aaaaaaa;
0.394;0.399,0.114,0.359,0.012,0.346,0.577,0.697,0.396,0.404,0.436;aaaaaaaaa;
0.426;0.778,0.978,0.722,0.377,0.62,0.616,0.586,0.844,0.702,0.551;aaaaaaaa;
0.608;0.0488,0.982,0.469,0.371,0.896,0.0104,0.632,0.0647,0.134,0.796;aaaa;
0.433;0.0253,0.118,0.39,0.257,0.696,0.805,0.949,0.704,0.269,0.504;aaa;
0.154;0.991,0.521,0.588,0.438,0.902,0.844,0.787,0.374,0.649,0.125;aaaa;
0.285;0.224,0.818,0.959,0.535,0.229,0.588,0.712,0.615,0.448,0.791;aaaaaaaaaa;
0.472;0.522,0.545,0.489,0.834,0.641,0.878,0.345,0.115,0.239,0.305;aa;
0.838;0.709,0.796,0.183,0.656,0.679,0.93,0.517,0.776,0.462,0.816;aaaa;
0.204;0.969,0.234,0.562,0.381,0.775,0.994,0.133,0.498,0.358,0.982;aaaaaaaaa;
0.296;0.233,0.225,0.172,0.178,0.281,0.834,0.757,0.804,0.403,0.725;aaaaaaa;
0.353;0.195,0.266,0.0534,0.41,0.302,0.117,0.325,0.218,0.471,0.623;a;
0.272;0.293,0.966,0.33,0.381,0.956,0.841,0.888,0.281,0.856,0.297;aaaaaaaaaa;
0.897;0.137,0.573,0.158,0.281,0.648,0.198,0.896,0.328,0.986,0.116;aaaaa;
0.402;0.151,0.754,0.793,0.639,0.468,0.253,0.211,0.7,0.773,0.789;aaaaaa;
0.609;0.0594,0.711,0.757,0.791,0.999,0.497,0.476,0.454,0.501,0.0837;aaaaaaaa;
0.455;0.825,0.408,0.343,0.712,0.822,0.757,0.624,0.529,0.468,0.0421;aaaaa;
0.24;0.558,0.823,0.544,0.655,0.386,0.978,0.926,0.703,0.101,0.128;aaaaaaaa;
0.0976;0.817,0.332,0.771,0.219,0.585,0.531,0.0478,0.313,0.338,0.344;aa;
0.919;0.455,0.999,0.119,0.773,0.86,0.331,0.489,0.44,0.812,0.627;a;
0.304;0.216,0.847,0.396,0.0564,0.252,0.353,0.866,0.121,0.821,0.676;aaaaaa;
0.468;0.493,0.538,0.871,0.93,0.304,0.381,0.663,0.111,0.895,0.201;aaaaaaaaa;
0.446;0.274,0.598,0.106,0.925,0.342,0.599,0.14,0.261,0.73,0.894;aaaaaaaa;
0.315;0.989,0.474,0.254,0.392,0.00947,0.584,0.542,0.67,0.826,0.416;aa;
0.248;0.259,0.305,0.0455,0.671,0.335,0.675,0.108,0.59,0.545,0.373;aaaaa;
0.294;0.994,0.204,0.0661,0.433,0.618,0.892,0.972,0.116,0.262,0.111;aaa;
0.766;0.85,0.4,0.529,0.837,0.53,0.277,0.468,0.0593,0.637,0.671;a;
0.0504;0.293,0.929,0.612,0.218,0.488,0.33,0.32,0.187,0.914,0.392;a;
0.513;0.701,0.846,0.403,0.825,0.906,0.451,0.161,0.929,0.231,0.481;aaaa;
0.0538;0.193,0.534,0.102,0.716,0.501,0.971,0.331,0.255,0.835,0.772;aaaaaaa;
0.078;0.312,0.19,0.00972,0.0577,0.115,0.704,0.32,0.683,0.115,0.823;aaaaa;
0.0116;0.302,0.977,0.632,0.347,0.615,0.458,0.206,0.812,0.349,0.611;a;
0.109;0.152,0.762,0.204,0.0247,0.0905,0.502,0.734,0.131,0.396,0.245;a;
0.867;0.452,0.045,0.482,0.373,0.237,0.917,0.393,0.00378,0.876,0.197;aaaaaaaaaa;
0.933;0.35,0.579,0.505,0.311,0.264,0.421,0.249,0.535,0.539,0.958;aaaaa;
0.124;0.146,0.699,0.795,0.76,0.0332,0.45,0.154,0.786,0.244,0.829;a;
0.779;0.114,0.284,0.29,0.307,0.332,0.309,0.537,0.285,0.406,0.0944;aaaa;
0.83;0.593,0.996,0.896,0.46,0.497,0.796,0.939,0.402,0.861,0.249;aaaaaaaaaa;
0.0878;0.81,0.948,0.15,0.782,0.107,0.0429,0.252,0.298,0.372,0.282;aaaaaaaaaa;
0.215;0.209,0.976,0.317,0.552,0.756,0.0522,0.567,0.28,0.184,0.696;aaaaaaaaaa;
0.616;0.231,0.0248,0.517,0.758,0.276,0.529,0.663,0.424,0.968,0.776;aaaa;
0.536;0.343,0.825,0.0931,0.997,0.563,0.637,0.352,0.945,0.59,0.878;aaaaaa;
0.208;0.326,0.721,0.548,0.186,0.281,0.232,0.0802,0.358,0.909,0.684;aaaa;
0.755;0.156,0.372,0.652,0.407,0.554,0.175,0.175,0.613,0.72,0.676;aaaaaaaaaa;
0.415;0.66,0.858,0.896,0.534,0.508,0.929,0.366,0.161,0.319,0.754;aaaaaa;
0.379;0.526,0.253,0.995,0.911,0.559,0.708,0.733,0.666,0.129,0.291;aaaaaaaa;
0.949;0.995,0.588,0.661,0.264,0.387,0.478,0.348,0.503,0.52,0.268;a;
0.117;0.932,0.818,0.41,0.51,0.208,0.636,0.552,0.547,0.35,0.579;aaa;
0.487;0.177,0.759,0.402,0.986,0.891,0.597,0.328,0.777,0.352,0.676;aaaaaaaa;
0.892;0.934,0.659,0.177,0.197,0.285,0.0935,0.949,0.672,0.737,0.92;aaaaaaaa;
0.617;0.0817,0.261,0.259,0.447,0.457,0.523,0.00665,0.314,0.0242,0.812;aa;
0.0243;0.595,0.115,0.246,0.453,0.605,0.16,0.443,0.411,0.105,0.448;aaa;
0.591;0.631,0.573,0.559,0.225,0.0922,0.605,0.448,0.709,0.553,0.39;aaaaaaaaaa;
0.728;0.87,0.429,0.387,0.316,0.687,0.0391,0.738,0.878,0.182,0.967;aaaaaa;
0.527;0.322,0.476,0.508,0.034,0.476,0.641,0.641,0.492,0.128,0.0438;aaa;
0.309;0.299,0.463,0.0707,0.817,0.438,0.49,0.255,0.151,0.393,0.733;aaa;
0.127;0.299,0.998,0.0631,0.6,0.598,0.43,0.968,0.274,0.53,0.275;aaaa;
0.401;0.595,0.19,0.144,0.969,0.408,0.0152,0.197,0.573,0.293,0.156;aaaaaaaa;
0.0132;0.561,0.469,0.953,0.656,0.577,0.802,0.0775,0.102,0.793,0.399;aaaa;
0.301;0.881,0.78,0.826,0.308,0.726,0.252,0.132,0.585,0.118,0.374;aaaaa;
0.00598;0.319,0.341,0.29,0.742,0.987,0.221,0.0974,0.199,0.0563,0.107;aaaaaaaaaa;
0.19;0.532,0.74,0.225,0.794,0.0956,0.943,0.228,0.33,0.194,0.00121;aaaaaaaa;
0.873;0.367,0.885,0.949,0.362,0.0716,0.715,0.65,0.778,0.113,0.678;aaaaaaaaa;
0.619;0.698,0.313,0.764,0.858,0.0897,0.828,0.302,0.648,0.696,0.907;a;
0.752;0.899,0.654,0.858,0.496,0.762,0.911,0.0234,0.852,0.643,0.892;aaaaaaa;
0.316;0.946,0.417,0.235,0.566,0.142,0.616,0.808,0.212,0.0575,0.633;aaaaaaaaaa;
0.843;0.872,0.989,0.571,0.444,0.629,0.927,0.282,0.184,0.843,0.324;aaaaaaaaaa;
0.253;0.151,0.774,0.00659,0.134,0.141,0.208,0.264,0.718,0.205,0.64;aa;
0.0394;0.698,0.363,0.182,0.265,0.486,0.391,0.412,0.832,0.974,0.878;aaaaaaaa;
0.386;0.599,0.219,0.676,0.907,0.0592,0.241,0.262,0.677,0.883,0.974;aaaa;
0.615;0.0895,0.219,0.738,0.851,0.233,0.34,0.0655,0.852,0.398,0.139;a;
0.665;0.136,0.482,0.0422,0.854,0.703,0.451,0.834,0.191,0.924,0.932;aaaaaaaaa;
0.452;0.69,0.268,0.208,0.581,0.783,0.939,0.734,0.941,0.762,0.272;aaaaaaa;
0.44;0.907,0.492,0.122,0.0223,0.0191,0.877,0.213,0.788,0.795,0.485;aaaaaaa;
0.228;0.397,0.276,0.441,0.987,0.0759,0.168,0.778,0.523,0.738,0.832;aaaaaaaaaa;
0.631;0.96,0.216,0.747,0.111,0.292,0.0421,0.688,0.292,0.366,0.959;a;
0.0732;0.189,0.404,0.875,0.507,0.966,0.263,0.143,0.0532,0.195,0.66;aaaaaa;
0.163;0.607,0.995,0.0991,0.524,0.283,0.993,0.381,0.319,0.295,0.846;aaaaa;
0.11;0.956,0.731,0.266,0.334,0.666,0.151,0.987,0.618,0.7,0.663;aaaaaaaaa;
0.0835;0.754,0.304,0.086,0.783,0.859,0.79,0.599,0.957,0.567,0.812;aaaaaaa;
0.574;0.958,0.834,0.526,0.602,0.461,0.975,0.971,0.95,0.14,0.966;aa;
0.856;0.502,0.139,0.404,0.598,0.569,0.857,0.00936,0.621,0.386,0.13;aaaaaaaa;
0.85;0.00799,0.934,0.111,0.238,0.771,0.46,0.435,0.709,0.372,0.941;aaaaaaa;
0.595;0.229,0.348,0.984,0.609,0.522,0.484,0.518,0.895,0.662,0.12;aaaaaaaaaa;
0.947;0.313,0.0548,0.0414,0.0884,0.354,0.89,0.827,0.474,0.216,0.512;aaaaaaaaaa;
0.878;0.716,0.282,0.967,0.251,0.0956,0.698,0.346,0.861,0.418,0.472;aaaaa;
0.372;0.951,0.685,0.689,0.644,0.292,0.562,0.446,0.391,0.381,0.836;aaaaaaaa;
0.394;0.879,0.954,0.346,0.231,0.872,0.958,0.52,0.191,0.988,0.902;aaa;
0.956;0.427,0.198,0.622,0.687,0.796,0.431,0.0428,0.141,0.281,0.892;aaaaaaa;
0.616;0.385,0.692,0.895,0.456,0.804,0.997,0.0696,0.23,0.35,0.479;aaaaa;
0.319;0.752,0.0685,0.445,0.48,0.138,0.095,0.483,0.805,0.784,0.111;aaaa;
0.921;0.986,0.357,0.23,0.663,0.285,0.297,0.0908,0.977,0.704,0.416;aaa;
0.263;0.976,0.255,0.745,0.151,0.747,0.398,0.86,0.529,0.474,0.931;aaaaaaa;
0.514;0.264,0.343,0.0596,0.47,0.0206,0.673,0.341,0.367,0.797,0.891;a;
0.423;0.256,0.505,0.664,0.979,0.858,0.211,0.705,0.671,0.856,0.528;aaaaaaaaa;
0.949;0.909,0.458,0.355,0.866,0.743,0.205,0.982,0.482,0.221,0.604;aaa;
0.504;0.102,0.49,0.0195,0.0245,0.0957,0.425,0.317,0.563,0.502,0.62;aaaa;
0.817;0.0719,0.602,0.624,0.686,0.0918,0.233,0.436,0.243,0.0508,0.714;aaaaaaa;
0.24;0.636,0.312,0.0601,0.695,0.237,0.93,0.00333,0.45,0.358,0.329;aaaaaaaaa;
0.845;0.108,0.86,0.578,0.6,0.931,0.00422,0.964,0.534,0.475,0.849;aa;
0.997;0.822,0.633,0.576,0.375,0.202,0.158,0.00772,0.229,0.908,0.761;aaaaaaaa;
0.891;0.668,0.62,0.472,0.127,0.254,0.882,0.641,0.0941,0.995,0.871;aaaa;
0.656;0.604,0.632,0.66,0.184,0.194,0.728,0.531,0.73,0.428,0.217;aaaa;
0.611;0.212,0.359,0.882,0.845,0.391,0.167,0.379,0.475,0.432,0.988;aaaa;
0.865;0.79,0.463,0.881,0.416,0.506,0.672,0.0758,0.28,0.098,0.978;aaaaa;
0.941;0.467,0.0854,0.854,0.12,0.405,0.811,0.958,0.58,0.0485,0.392;a;
0.964;0.48,0.954,0.908,0.0256,0.561,0.573,0.872,0.71,0.221,0.72;aaaaa;
0.857;0.93,0.406,0.465,0.226,0.622,0.73,1,0.826,0.226,0.94;aaa;
0.0867;0.77,0.827,0.275,0.0849,0.947,0.363,0.465,0.145,0.605,0.107;aaaaaaaaa;
0.772;0.226,0.928,0.207,0.159,0.533,0.101,0.673,0.719,0.454,0.565;aaaa;
0.45;0.0853,0.985,0.546,0.647,0.182,0.903,0.594,0.879,0.545,0.619;aaaaaaaa;
0.867;0.319,0.43,0.847,0.926,0.441,0.559,0.855,0.0344,0.908,0.932;aaaaaaaaa;
0.919;0.946,0.631,0.257,0.132,0.782,0.338,0.565,0.333,0.177,0.398;aaaaa;
0.918;0.356,0.75,0.523,0.07,0.691,0.679,0.535,0.635,0.815,0.811;aa;
0.891;0.0155,0.0467,0.619,0.954,0.385,0.133,0.42,0.269,0.16,0.438;aaaa;
0.441;0.493,0.679,0.0227,0.707,0.214,0.876,0.454,0.57,0.319,0.667;aaaaa;
0.869;0.942,0.0207,0.504,0.0556,0.93,0.0231,0.889,0.857,0.531,0.478;aaaaaa;
0.361;0.166,0.238,0.964,0.103,0.961,0.807,0.777,0.634,0.371,0.401;aaa;
0.887;0.675,0.934,0.452,0.602,0.899,0.978,0.819,0.0939,0.258,0.337;aaaaaaaaaa;
0.00729;0.894,0.413,0.891,0.149,0.107,0.594,0.343,0.951,0.853,0.439;aaaaaaa;
0.882;0.464,0.0421,0.861,0.827,0.104,0.299,0.57,0.956,0.799,0.978;aaaaaaaa;
0.327;0.37,0.24,0.823,0.429,0.397,0.303,0.942,0.99,0.452,0.442;aaaaaaaaaa;
0.125;0.488,0.615,0.418,0.297,0.33,0.466,0.851,0.43,0.0321,0.0184;aaaaa;
0.814;0.205,0.857,0.319,0.571,0.337,0.0349,0.848,0.0291,0.941,0.691;aaa;
0.813;0.264,0.776,0.0872,0.856,0.388,0.879,0.915,0.67,0.755,0.078;aaaaaaaa;
0.319;0.1,0.364,0.453,0.049,0.524,0.13,0.632,0.755,0.586,0.971;aaaaaa;
0.912;0.653,0.111,0.0389,0.243,0.431,0.0997,0.609,0.125,0.409,0.898;aaaaaaaaa;
0.0308;0.855,0.114,0.208,0.0558,0.87,0.924,0.426,0.364,0.691,0.942;aaaaaaa;
0.217;0.926,0.93,0.991,0.167,0.695,0.388,0.589,0.334,0.276,0.568;aaaaaaaaaa;
0.651;0.895,0.312,0.54,0.17,0.196,0.0516,0.553,0.961,0.715,0.0977;aa;
0.798;0.725,0.606,0.103,0.515,0.566,0.148,0.449,0.801,0.163,0.536;aaaaaa;
0.97;0.129,0.613,0.785,0.0844,0.681,0.862,0.851,0.997,0.153,0.852;aa;
0.685;0.878,0.861,0.797,0.25,0.765,0.0944,0.875,0.575,0.171,0.0044;aaa;
0.837;0.916,0.577,0.622,0.998,0.656,0.3,0.386,0.415,0.42,0.207;aaaa;
0.835;0.45,0.664,0.458,0.434,0.74,0.694,0.722,0.391,0.44,0.713;aaaaaaaaa;
0.689;0.675,0.207,0.729,0.923,0.839,0.403,0.113,0.195,0.606,0.916;a;
0.716;0.249,0.0327,0.815,0.984,0.112,0.969,0.392,0.766,0.825,0.817;aaaaaaaaa;
0.272;0.829,0.608,0.313,0.358,0.47,0.895,0.957,0.885,0.0548,0.972;aaaaaaaa;
0.923;0.616,0.758,0.181,0.41,0.0965,0.889,0.622,0.692,0.736,0.209;aaaaaaaaa;
0.809;0.852,0.153,0.0509,0.169,0.229,0.0279,0.989,0.924,0.338,0.685;aaa;
0.729;0.774,0.809,0.337,0.552,0.497,0.442,0.58,0.882,0.28,0.744;aaaaaa;
0.959;0.474,0.667,0.209,0.107,0.129,0.635,0.959,0.794,0.0756,0.0717;aa;
0.64;0.0768,0.437,0.3,0.303,0.828,0.813,0.747,0.812,0.245,0.588;aaaaaaaaaa;
0.555;0.638,0.3,0.669,0.434,0.846,0.9,0.482,0.322,0.842,0.0859;a;
0.642;0.213,0.976,0.6,0.182,0.266,0.0518,0.766,0.786,0.268,0.658;aaaa;
0.564;0.775,0.989,0.228,0.793,0.852,0.44,0.428,0.431,0.411,0.827;aa;
0.91;0.182,0.766,0.0454,0.24,0.935,0.813,0.264,0.813,0.348,0.3;aaaa;
0.61;0.0591,0.595,0.168,0.281,0.588,0.568,0.527,0.552,0.994,0.054;aaaaaaaaaa;
0.358;0.857,0.512,0.554,0.011,0.573,0.112,0.374,0.493,0.444,0.752;aaaaaa;
0.857;0.368,0.414,0.877,0.463,0.533,0.255,0.885,0.156,0.331,0.372;aaaaaaaaaa;
0.868;0.364,0.665,0.209,0.559,0.436,0.183,0.859,0.381,0.246,0.717;aaaaaaaaa;
0.486;0.285,0.368,0.309,0.812,0.864,0.0503,0.206,0.705,0.455,0.47;a;
0.168;0.15,0.114,0.514,0.784,0.792,0.813,0.0241,0.967,0.51,0.287;aaaaa;
0.998;0.707,0.38,0.256,0.962,0.887,0.612,0.633,0.405,0.226,0.953;aaaaa;
0.593;0.37,0.585,0.25,0.714,0.357,0.442,0.798,0.841,0.714,0.037;aaaaaa;
0.518;0.0201,0.112,0.485,0.713,0.752,0.215,0.119,0.365,0.913,0.621;aaaaaaa;
0.616;0.0606,0.272,0.226,0.685,0.0205,0.844,0.951,0.158,0.27,0.0425;aaaa;
0.252;0.85,0.386,0.765,0.172,0.304,0.261,0.927,0.421,0.429,0.715;aa;
0.483;0.848,0.531,0.917,0.26,0.206,0.264,0.559,0.443,0.635,0.797;aaaaaaaaaa;
0.985;0.0351,0.614,0.957,0.364,0.822,0.0697,0.295,0.426,0.184,0.302;aaaaaa;
0.247;0.48,0.643,0.417,0.936,0.21,0.574,0.37,0.198,0.789,0.218;a;
0.626;0.994,0.276,0.817,0.577,0.666,0.63,0.824,0.219,0.56,0.428;aaaaaaaa;
0.454;0.324,0.388,0.241,0.0216,0.977,0.174,0.129,0.494,0.662,0.703;aa;
0.903;0.376,0.75,0.206,0.529,0.563,0.766,0.624,0.463,0.432,0.0786;aaa;
0.6;0.667,0.962,0.665,0.907,0.102,0.104,0.0727,0.0416,0.45,0.251;aaaaaa;
0.657;0.71,0.559,0.0583,0.93,0.573,0.502,0.277,0.258,0.234,0.142;aaaaa;
0.536;0.0339,0.289,0.153,0.0144,0.773,0.701,0.614,0.273,0.876,0.865;aaa;
0.091;0.1,0.205,0.547,0.995,0.375,0.396,0.408,0.916,0.849,0.451;a;
0.78;0.0105,0.998,0.188,0.24,0.528,0.562,0.733,0.678,0.823,0.0177;aaaaaaa;
0.75;0.799,0.448,0.522,0.324,0.202,0.757,0.0467,0.351,0.545,0.758;aaa;
0.423;0.0994,0.16,0.707,0.755,0.242,0.128,0.862,0.0832,0.695,0.419;aaaaa;
0.468;0.445,0.294,0.249,0.952,0.624,0.312,0.575,0.23,0.0543,0.227;aaaaaaa;
0.837;0.301,0.934,0.407,0.449,0.289,0.747,0.0437,0.105,0.0767,0.983;aaaaaa;
0.918;0.0595,0.221,0.218,0.667,0.329,0.858,0.969,0.283,0.225,0.0669;aaa;
0.814;0.704,0.735,0.219,0.21,0.127,0.0157,0.0813,0.143,0.0671,0.815;aaaaaaaa;
0.0573;0.94,0.133,0.17,0.945,0.956,0.0046,0.708,0.0581,0.896,0.241;aaaaaaaa;
0.557;0.0017,0.55,0.0163,0.402,0.0989,0.0549,0.502,0.366,0.408,0.563;aaaa;
0.553;0.247,0.287,0.612,0.349,0.747,0.519,0.867,0.486,0.128,0.189;aaaaaaaaaa;
0.821;0.0317,0.565,0.479,0.574,0.431,0.512,0.298,0.229,0.794,0.279;aaaaaaa;
0.488;0.326,0.69,0.286,0.493,0.776,0.0451,0.112,0.313,0.231,0.326;aa;
0.0177;0.64,0.0863,0.0828,0.853,0.724,0.0904,0.833,0.423,0.187,0.981;aaaaaaaaaa;
0.783;0.427,0.949,0.749,0.386,0.145,0.0986,0.113,0.174,0.281,0.842;aaaaa;
0.146;0.561,0.0906,0.712,0.22,0.723,0.612,0.914,0.869,0.856,0.817;aaaaaaa;
0.907;0.525,0.153,0.259,0.984,0.982,0.521,0.175,0.653,0.159,0.97;aaaaaaaa;
0.694;0.106,0.565,0.158,0.835,0.915,0.454,0.657,0.175,0.136,0.191;aaaaaa;
0.261;0.802,0.93,0.779,0.0741,0.616,0.234,0.664,0.318,0.148,0.759;aa;
0.541;0.903,0.595,0.307,0.511,0.78,0.535,0.155,0.772,0.403,0.0647;aaaaaa;
0.795;0.149,0.0932,0.381,0.774,0.551,0.227,0.729,0.194,0.981,0.53;aaaaa;
0.73;0.232,0.672,0.3,0.151,0.651,0.132,0.0494,0.287,0.73,0.491;a;
0.375;0.198,0.405,0.212,0.985,0.538,0.0307,0.962,0.116,0.202,0.363;a;
0.694;0.138,0.324,0.224,0.494,0.917,0.992,0.17,0.679,0.704,0.866;a;
0.599;0.0573,0.157,0.753,0.038,0.989,0.706,0.171,0.969,0.306,0.724;aaa;
0.817;0.968,0.318,0.799,0.126,0.0471,0.265,0.049,0.358,0.473,0.442;aaaaa;
0.855;0.731,0.465,0.983,0.585,0.803,0.84,0.673,0.162,0.424,0.402;aaaa;
0.76;0.206,0.564,0.35,0.839,0.345,0.164,0.812,0.338,0.747,0.625;aaaaaa;
0.171;0.832,0.94,0.491,0.789,0.128,0.515,0.386,0.317,0.143,0.361;aaaa;
0.167;0.0554,0.291,0.42,0.233,0.597,0.356,0.137,0.581,0.726,0.749;aaa;
0.652;0.168,0.933,0.0569,0.904,0.159,0.219,0.387,0.985,0.473,0.123;aaaaaaaaa;
0.959;0.288,0.562,0.834,0.0233,0.687,0.786,0.724,0.804,0.86,0.264;a;
0.932;0.751,0.297,0.836,0.331,0.972,0.188,0.634,0.0327,0.872,0.374;aaa;
0.705;0.165,0.132,0.959,0.702,0.926,0.488,0.677,0.16,0.215,0.109;aaaaaaaa;
0.00434;0.18,0.555,0.00197,0.395,0.396,0.697,0.972,0.691,0.775,0.276;aaaa;
0.578;0.212,0.455,0.577,0.151,0.535,0.0197,0.436,0.582,0.289,0.564;aaaaaaaaa;
0.584;0.418,0.101,0.721,0.0576,0.323,0.489,0.15,0.76,0.829,0.908;aaaaaaa;
0.355;0.322,0.63,0.43,0.504,0.206,0.605,0.958,0.24,0.793,0.603;aaaaaaa;
0.0442;0.496,0.46,0.521,0.296,0.52,0.719,0.213,0.0489,0.774,0.475;aaaaaa;
0.295;0.147,0.585,0.273,0.292,0.663,0.986,0.418,0.00524,0.167,0.159;aaa;
0.813;0.696,0.759,0.649,0.314,0.82,0.856,0.726,0.815,0.625,0.994;aaaaaaaa;
0.893;0.281,0.618,0.798,0.0353,0.118,0.0589,0.781,0.0684,0.979,0.5;aaaaaaa;
0.413;0.402,0.0661,0.0666,0.884,0.272,0.988,0.347,0.283,0.435,0.625;aa;
0.807;0.833,0.721,0.547,0.26,0.835,0.814,0.117,0.212,0.0798,0.00601;aaa;
0.912;0.265,0.132,0.611,0.955,0.77,0.0418,0.713,0.918,0.932,0.45;aa;
0.519;0.356,0.398,0.178,0.251,0.391,0.303,0.199,0.002,0.155,0.305;aaaaaaa;
0.251;0.347,0.7,0.658,0.998,0.735,0.28,0.52,0.178,0.505,0.0187;aaaaaaaaa;
0.44;0.572,0.566,0.822,0.889,0.578,0.562,0.196,0.25,0.44,0.895;aaaaaaaa;
0.419;0.775,0.672,0.579,0.582,0.161,0.356,0.953,0.779,0.221,0.367;aaaaaaaa;
0.561;0.167,0.46,0.00268,0.527,0.728,0.906,0.668,0.8,0.963,0.62;aaaaaaaaaa;
0.346;0.889,0.468,0.959,0.975,0.325,0.486,0.632,0.806,0.655,0.655;aa;
0.622;0.497,0.161,0.629,0.731,0.266,0.813,0.948,0.123,0.615,0.539;aaaaaaa;
0.62;0.266,0.797,0.135,0.368,0.156,0.0908,0.535,0.159,0.675,0.752;aaaa;
0.235;0.678,0.759,0.716,0.833,0.36,0.123,0.703,0.453,0.522,0.92;aaaaaaa;
0.351;0.348,0.807,0.204,0.833,0.168,0.667,0.432,0.267,0.195,0.955;aaaaaaaaa;
0.287;0.819,0.0759,0.0804,0.0619,0.371,0.501,0.0272,0.0509,0.142,0.768;aaaaaaaaaa;
0.094;0.564,0.0561,0.802,0.0892,0.707,0.462,0.677,0.471,0.991,0.804;a;
0.516;0.589,0.1,0.272,0.801,0.329,0.0687,0.681,0.49,0.935,0.11;aaa;
0.798;0.229,0.143,0.988,0.677,0.803,0.265,0.0749,0.305,0.526,0.785;aaaaa;
0.658;0.674,0.318,0.213,0.68,0.832,0.025,0.348,0.0291,0.119,0.899;a;
0.581;0.272,0.432,0.93,0.95,0.657,0.0843,0.764,0.779,0.226,0.639;aaaaaaa;
0.911;0.945,0.116,0.374,0.427,0.658,0.296,0.865,0.593,0.576,0.634;aaaaaaaaa;
0.723;0.258,0.444,0.253,0.605,0.93,0.0771,0.16,0.876,0.63,0.658;aaaaaa;
0.88;0.754,0.322,0.276,0.331,0.0278,0.26,0.656,0.748,0.93,0.436;a;
0.302;0.621,0.26,0.153,0.261,0.89,0.413,0.0734,0.757,0.105,0.773;a;
0.2;0.987,0.284,0.131,0.735,0.541,0.618,0.0419,0.183,0.439,0.399;a;
0.983;0.128,0.55,0.179,0.734,0.505,0.319,0.796,0.965,0.64,0.00188;a;
0.0991;0.689,0.5,0.378,0.0809,0.392,0.321,0.871,0.649,0.181,0.0503;aaaaa;
0.0467;0.459,0.76,0.847,0.41,0.692,0.837,0.932,0.88,0.15,0.465;aaaaaaaaa;
0.209;0.935,0.233,0.418,0.586,0.0711,0.365,0.138,0.286,0.111,0.693;aaaaaaaaa;
0.862;0.755,0.0441,0.681,0.08,0.106,0.168,0.625,0.689,0.932,0.811;aaaaa;
0.252;0.839,0.735,0.856,0.676,0.158,0.681,0.591,0.92,0.984,0.453;aaa;
0.836;0.375,0.794,0.349,0.274,0.46,0.562,0.468,0.492,0.322,0.949;aaa;
0.594;0.651,0.795,0.908,0.309,0.726,0.847,0.26,0.189,0.99,0.691;a;
0.196;0.693,0.811,0.293,0.442,0.231,0.878,0.709,0.893,0.526,0.875;aaaa;
0.942;0.599,0.672,0.874,0.721,0.339,0.142,0.204,0.196,0.269,0.497;aaaaaaaaaa;
0.993;0.259,0.0514,0.181,0.354,0.356,0.739,0.849,0.779,0.571,0.123;aaaaaaa;
0.146;0.372,0.267,0.099,0.369,0.549,0.923,0.635,0.82,0.673,0.0211;aaaaaaa;
0.91;0.668,0.0458,0.385,0.374,0.336,0.433,0.994,0.747,0.0474,0.183;aaaaaaaa;
0.211;0.926,0.707,0.704,0.794,0.0332,0.898,0.432,0.0628,0.41,0.157;aaaaaaaaa;
0.973;0.715,0.739,0.163,0.845,0.519,0.147,0.476,0.339,0.217,0.949;aaaaaaa;
0.378;0.789,0.302,0.744,0.0324,0.705,0.39,0.514,0.257,0.127,0.498;aaaaaaaaaa;
0.62;0.152,0.652,0.197,0.776,0.281,0.788,0.779,0.659,0.83,0.162;aaa;
0.403;0.336,0.268,0.884,0.85,0.896,0.925,0.035,0.566,0.768,0.695;aaaaaaa;
0.508;0.0688,0.854,0.944,0.831,0.213,0.958,0.553,0.357,0.725,0.94;aaaaa;
0.481;0.774,0.0976,0.387,0.813,0.866,0.276,0.186,0.759,0.207,0.0127;aa;
0.4;0.868,0.442,0.333,0.389,0.47,0.406,0.611,0.41,0.636,1;aaaaaaa;
0.388;0.52,0.199,0.818,0.78,0.702,0.802,0.703,0.925,0.476,0.342;aaaaa;
0.105;0.634,0.863,0.0867,0.245,0.608,0.171,0.399,0.836,0.849,0.915;aaaaaaaaa;
0.677;0.257,0.277,0.557,0.155,0.687,0.175,0.134,0.341,0.869,0.23;a;
0.406;0.568,0.411,0.506,0.47,0.175,0.727,0.606,0.66,0.739,0.0346;aaaaaa;
0.4;0.00841,0.396,0.457,0.744,0.233,0.91,0.592,0.761,0.588,0.46;aaa;
0.804;0.183,0.323,0.539,0.598,0.0525,0.882,0.0561,0.201,0.666,0.559;aa;
0.241;0.962,0.407,0.705,0.335,0.349,0.175,0.619,0.138,0.431,0.82;aaaaaaa;
0.252;0.591,0.499,0.285,0.63,0.342,0.227,0.392,0.499,0.742,0.0868;aaaaa;
0.439;0.422,0.731,0.877,0.763,0.903,0.0412,0.224,0.688,0.814,0.764;aaa;
0.0836;0.521,0.529,0.167,0.215,0.735,0.252,0.583,0.0418,0.142,0.289;aaaaaaaa;
0.73;0.503,0.299,0.663,0.467,0.226,0.425,0.737,0.455,0.614,0.493;aaaaaaaa;
0.409;0.462,0.894,0.0783,0.458,0.904,0.191,0.639,0.246,0.874,0.757;a;
0.244;0.695,0.291,0.21,0.94,0.886,0.275,0.642,0.817,0.63,0.447;aaaaaaaa;
0.57;0.804,0.933,0.603,0.177,0.981,0.849,0.656,0.0691,0.214,0.165;aaaaaaaaaa;
0.149;0.903,0.402,0.963,0.461,0.836,0.692,0.431,0.442,0.0845,0.591;aaaaaaaaa;
0.197;0.992,0.0539,0.184,0.168,0.672,0.271,0.0402,0.769,0.598,0.889;aa;
0.394;0.0994,0.898,0.459,0.228,0.381,0.288,0.419,0.988,0.958,0.537;aaaa;
0.914;0.0206,0.106,0.733,0.885,0.969,0.0393,0.317,0.135,0.122,0.654;aaaaaaaaaa;
0.0566;0.435,0.407,0.0474,0.956,0.479,0.128,0.109,0.0491,0.496,0.144;aa;
0.148;0.698,0.212,0.168,0.19,0.158,0.327,0.506,0.869,0.142,0.0143;aaaa;
0.0796;0.541,0.148,0.0168,0.304,0.827,0.92,0.267,0.915,0.721,0.168;aaaaa;
0.545;0.762,0.684,0.166,0.839,0.204,0.982,0.814,0.881,0.923,0.431;aaaaaaaaaa;
0.834;0.625,0.483,0.473,0.769,0.94,0.399,0.386,0.575,0.343,0.107;a;
0.0995;0.818,0.797,0.296,0.215,0.59,0.693,0.736,0.982,0.817,0.811;aa;
0.551;0.0991,0.0299,0.85,0.895,0.405,0.695,0.581,0.384,0.921,0.925;aaaa;
0.539;0.524,0.0502,1,0.856,0.18,0.234,0.492,0.497,0.708,0.774;aaaaaaaaa;
0.295;0.668,0.337,0.866,0.62,0.576,0.749,0.911,0.275,0.27,0.0468;aaaaaa;
0.89;0.911,0.966,0.294,0.82,0.124,0.789,0.704,0.398,0.716,0.0538;aaaaa;
0.543;0.908,0.952,0.15,0.0923,0.0922,0.708,0.53,0.413,0.226,0.59;aaaaaaa;
0.736;0.644,0.517,0.69,0.138,0.34,0.466,0.382,0.59,0.0185,0.151;aaaaa;
0.815;0.95,0.342,0.44,0.421,0.495,0.208,0.0164,0.922,0.0869,0.237;aaa;
0.858;0.562,0.214,0.378,0.492,0.587,0.308,0.967,0.552,0.0854,0.638;a;
0.401;0.552,0.041,0.197,0.108,0.0382,0.182,0.975,0.941,0.154,0.954;aaaa;
0.0795;0.31,0.475,0.347,0.189,0.844,0.135,0.613,0.0445,0.168,0.534;aaaaa;
0.0475;0.549,0.0644,0.507,0.991,0.836,0.16,0.236,0.642,0.702,0.115;a;
0.526;0.504,0.188,0.626,0.707,0.199,0.0172,0.515,0.902,0.255,0.0298;aaaaaaaaaa;
0.00747;0.533,0.6,0.922,0.892,0.846,0.775,0.139,0.195,0.47,0.253;aaaaaaaa;
0.861;0.547,0.0463,0.641,0.916,0.469,0.684,0.66,0.251,0.761,0.241;aa;
0.878;0.203,0.669,0.0917,0.585,0.829,0.373,0.425,0.472,0.29,0.675;aaa;
0.513;0.634,0.881,0.573,0.712,0.384,0.538,0.484,0.921,0.128,0.711;aaaaaaa;
0.659;0.822,0.482,0.46,0.175,0.62,0.759,0.0934,0.0972,0.541,0.0455;aaaaaaaaaa;
0.433;0.987,0.924,0.122,0.492,0.036,0.862,0.632,0.431,0.384,0.131;aaaaaaaaa;
0.0034;0.00103,0.917,0.622,0.877,0.816,0.0414,0.441,0.551,0.772,0.399;aaaaaaaaaa;
0.0926;0.137,0.846,0.22,0.964,0.366,0.487,0.54,0.541,0.243,0.996;aaaaaaaaa;
0.985;0.195,0.184,0.302,0.0548,0.666,0.461,0.124,0.879,0.596,0.919;aaaaa;
0.55;0.877,0.691,0.268,0.516,0.808,0.419,0.0722,0.573,0.467,0.472;aaaaaaa;
0.185;0.633,0.225,0.795,0.162,0.547,0.112,0.818,0.0212,0.536,0.926;aaaaaaaa;
0.125;0.804,0.695,0.931,0.538,0.601,0.123,0.511,0.053,0.5,0.131;aaa;
0.528;0.992,0.5,0.373,0.522,0.776,0.543,0.629,0.107,0.222,0.349;aaaaaaaa;
0.984;0.0782,0.332,0.318,0.92,0.469,0.26,0.304,0.582,0.841,0.297;aaaa;
0.276;0.903,0.882,0.46,0.311,0.947,0.412,0.666,0.349,0.963,0.378;aaa;
0.697;0.946,0.487,0.577,0.893,0.0744,0.372,0.829,0.254,0.0854,0.733;aaa;
0.444;0.409,0.41,0.667,0.436,0.577,0.407,0.604,0.243,0.822,0.904;aaaaa;
0.833;0.397,0.993,0.344,0.482,0.0773,0.185,0.881,0.944,0.909,0.279;aa;
0.162;0.132,0.0301,0.932,0.134,0.993,0.295,0.962,0.277,0.659,0.0156;aaaaaaaaaa;
0.0485;0.398,0.317,0.00695,0.0536,0.383,0.263,0.279,0.394,0.765,0.0211;aaaaaaaaaa;
0.322;0.374,0.906,0.779,0.144,0.406,0.687,0.189,0.555,0.567,0.856;aaaaaaaaa;
0.818;0.364,0.983,0.131,0.405,0.14,0.361,0.512,0.0863,0.463,0.4;aaa;
0.053;0.307,0.167,0.996,0.048,0.991,0.7,0.685,0.235,0.499,0.932;a;
0.506;0.472,0.35,0.321,0.919,0.478,0.981,0.505,0.782,0.265,0.259;aaaaaaaaaa;
0.193;0.558,0.951,0.553,0.373,0.719,0.314,0.533,0.565,0.26,0.45;aaaaaaa;
0.8;0.68,0.965,0.369,0.652,0.696,0.905,0.688,0.306,0.15,0.271;aaaaaaaa;
0.72;0.705,0.894,0.501,0.967,0.365,0.0441,0.369,0.0581,0.0984,0.596;aaaaaaaaa;
0.559;0.873,0.608,0.756,0.0203,0.648,0.835,0.369,0.837,0.844,0.878;aaaaaa;
0.19;0.871,0.366,0.559,0.821,0.236,0.288,0.425,0.236,0.166,0.0733;aa;
0.322;0.822,0.424,0.87,0.404,0.000537,0.905,0.823,0.615,0.681,0.331;aa;
0.632;0.663,0.0511,0.164,0.373,0.995,0.251,0.69,0.867,0.406,0.656;aaaaaaaaaa;
0.275;0.0431,0.234,0.105,0.223,0.961,0.456,0.232,0.272,0.687,0.798;aaaaaaa;
0.414;0.646,0.205,0.649,0.0846,0.377,0.986,0.395,0.0979,0.415,0.614;a;
0.499;0.98,0.134,0.299,0.776,0.135,0.541,0.848,0.62,0.772,0.752;aa;
0.163;0.451,0.357,0.474,0.604,0.864,0.927,0.486,0.363,0.637,0.39;aaa;
0.475;0.747,0.062,0.837,0.15,0.52,0.274,0.951,0.659,0.797,0.656;aaaaaa;
0.859;0.417,0.514,0.755,0.347,0.693,0.653,0.949,0.49,0.351,0.105;aaaaaaaaa;
0.0333;0.81,0.0342,0.622,0.73,0.991,0.776,0.118,0.856,0.714,0.209;aaaaaaa;
0.811;0.692,0.501,0.648,0.652,0.862,0.885,0.874,0.835,0.275,0.727;a;
0.783;0.811,0.193,0.996,0.0295,0.329,0.836,0.0528,0.6,0.855,0.679;aaaaaaaa;
0.299;0.651,0.643,0.15,0.304,0.153,0.937,0.466,0.00446,0.411,0.928;aaaaaa;
0.932;0.51,0.613,0.705,0.738,0.218,0.178,0.789,0.077,0.0555,0.526;aaaaa;
0.842;0.526,0.728,0.799,0.134,0.649,0.00275,0.12,0.51,0.952,0.972;aaaaaaa;
0.131;0.572,0.785,0.4,0.253,0.366,0.0183,0.71,0.667,0.911,0.729;aaa;
0.0397;0.0319,0.908,0.532,0.564,0.486,0.911,0.467,0.0449,0.952,0.897;aaaaaaa;
0.789;0.173,0.998,0.424,0.875,0.661,0.301,0.946,0.978,0.818,0.981;aaaa;
0.586;0.241,0.698,0.655,0.843,0.739,0.403,0.0695,0.39,0.181,0.985;aaaaaaaaa;
0.653;0.759,0.167,0.223,0.364,0.443,0.37,0.263,0.987,0.041,0.887;aaaaaaaaa;
0.935;0.75,0.381,0.962,0.387,0.24,0.156,0.763,0.976,0.607,0.125;aaaa;
0.71;0.913,0.538,0.891,0.291,0.151,0.953,0.848,0.802,0.499,0.276;aaaa;
0.507;0.308,0.761,0.96,0.942,0.924,0.831,0.59,0.948,0.214,0.545;aaaaaaaaa;
0.909;0.335,0.0528,0.445,0.0362,0.946,0.185,0.294,0.862,0.77,0.301;aaa;
0.555;0.477,0.377,0.624,0.939,0.91,0.446,0.459,0.813,0.996,0.548;aaaaaaaa;
0.545;0.724,0.799,0.913,0.809,0.00119,0.969,0.295,0.326,0.574,0.499;aaaaaaaaa;
0.426;0.881,0.263,0.312,0.076,0.993,0.242,0.941,0.366,0.825,0.119;aaa;
0.573;0.991,0.912,0.109,0.022,0.997,0.0481,0.598,0.272,0.711,0.247;aaaaaa;
0.268;0.801,0.217,0.131,0.648,0.764,0.315,0.367,0.914,0.186,0.437;aaaa;
0.733;0.267,0.945,0.481,0.936,0.434,0.761,0.436,0.0154,0.995,0.709;aa;
0.26;0.808,0.187,0.231,0.828,0.381,0.473,0.57,0.396,0.659,0.193;aaaaaaaaaa;
0.266;0.602,0.597,0.55,0.673,0.483,0.398,0.107,0.475,0.372,0.234;aa;
0.5;0.642,0.114,0.383,0.649,0.523,0.842,0.485,0.499,0.919,0.471;aaa;
0.293;0.531,0.0449,0.511,0.057,0.521,0.176,0.275,0.213,0.788,0.245;aaaaaaa;
0.597;0.202,0.733,0.513,0.564,0.436,0.938,0.691,0.637,0.108,0.92;aaaaaaaaa;
0.556;0.865,0.274,0.345,0.108,0.138,0.685,0.842,0.635,0.113,0.653;aaaaaaaaaa;
0.711;0.307,0.412,0.507,0.382,0.886,0.778,0.475,0.39,0.999,0.0678;aaaaaaaaa;
0.816;0.633,0.869,0.953,0.57,0.573,0.271,0.173,0.0238,0.728,0.702;aaaaaaaa;
0.799;0.638,0.575,0.271,0.689,0.681,0.756,0.797,0.132,0.126,0.661;aaaaa;
0.981;0.654,0.344,0.0112,0.0905,0.905,0.606,0.0994,0.434,0.941,0.129;aaaaaaaa;
0.15;0.677,0.681,0.0398,0.592,0.127,0.53,0.595,0.944,0.0981,0.706;aaaaaaaaaa;
0.531;0.212,0.829,0.678,0.855,0.424,0.336,0.142,0.808,0.196,0.131;aaaaaaa;
0.51;0.498,0.764,0.933,0.146,0.747,0.399,0.00669,0.802,0.37,0.483;aaaaa;
0.708;0.638,0.997,0.231,0.591,0.455,0.704,0.457,0.357,0.185,0.53;aaaaaaaaaa;
0.959;0.882,0.658,0.89,0.822,0.363,0.997,0.0765,0.901,0.215,0.0782;aaa;
0.422;0.597,0.552,0.0553,0.943,0.875,0.537,0.26,0.334,0.171,0.739;aaaaaaaaaa;
0.393;0.927,0.694,0.488,0.663,0.954,0.671,0.192,0.232,0.398,0.0635;aaaaaaaaa;
0.764;0.832,0.436,0.439,0.211,0.541,0.775,0.13,0.732,0.358,0.0526;aaaaaa;
0.909;0.344,0.948,0.901,0.403,0.389,0.842,0.542,0.692,0.316,0.588;aaaaaaaaaa;
0.946;0.886,0.567,0.589,0.661,0.725,0.0989,0.292,0.822,0.0235,0.646;aaaaa;
0.569;0.286,0.393,0.698,0.549,0.3,0.021,0.295,0.345,0.731,0.569;aaaaaaaa;
0.142;0.652,0.122,0.235,0.743,0.925,0.818,0.667,0.976,0.924,0.185;aaaaaaaa;
0.0243;0.635,0.504,0.524,0.659,0.778,0.0531,0.31,0.271,0.773,0.0889;aaaaaaaaa;
0.841;0.199,0.246,0.391,0.229,0.961,0.277,0.833,0.506,0.328,0.894;aaaaaaaaaa;
0.765;0.582,0.948,0.784,0.24,0.751,0.0528,0.673,0.219,0.081,0.925;aaa;
0.112;0.459,0.97,0.267,0.95,0.387,0.62,0.101,0.0271,0.811,0.685;aaaaaaaa;
0.746;0.364,0.441,0.878,0.694,0.996,0.745,0.425,0.35,0.0264,0.135;aaaaaaa;
0.0666;0.697,0.666,0.249,0.636,0.559,0.897,0.961,0.405,0.162,0.233;aa;
0.95;0.334,0.629,0.172,0.497,0.144,0.944,0.0166,0.92,0.739,0.448;aaaaaaaaa;
0.317;0.766,0.437,0.349,0.722,0.379,0.521,0.724,0.378,0.678,0.0882;aaa;
0.0503;0.216,0.821,0.493,0.571,0.29,0.325,0.721,0.828,0.909,0.161;a;
0.785;0.959,0.109,0.928,0.549,0.893,0.00632,0.58,0.775,0.279,0.955;aaaaaaaaaa;
0.98;0.792,0.665,0.452,0.68,0.839,0.0856,0.792,0.0585,0.601,0.552;aaaaaaaa;
0.549;0.315,0.743,0.509,0.191,0.192,0.155,0.717,0.676,0.418,0.522;aaaaaaaa;
0.981;0.204,0.918,0.348,0.317,0.329,0.207,0.502,0.15,0.892,0.00221;aa;
0.495;0.775,0.799,0.25,0.58,0.137,0.129,0.26,0.517,0.342,0.689;aaaaaaa;
0.174;0.504,0.548,0.411,0.0488,0.98,0.12,0.791,0.922,0.582,0.908;a;
0.0843;0.406,0.129,0.726,0.083,0.342,0.88,0.499,0.954,0.794,0.881;aaa;
0.502;0.319,0.381,0.172,0.832,0.992,0.172,0.547,0.31,0.388,0.389;a;
0.199;0.851,0.417,0.356,0.531,0.593,0.244,0.337,0.669,0.756,0.72;aaaaaaaaa;
0.314;0.86,0.892,0.927,0.565,0.0942,0.0386,0.156,0.396,0.682,0.847;aaaaaaa;
0.619;0.0473,0.846,0.39,0.585,0.148,0.0582,0.404,0.966,0.832,0.7;aaaa;
0.741;0.00554,0.208,0.458,0.15,0.797,0.932,0.581,0.172,0.508,0.798;aaaaaaaaa;
0.848;0.485,0.541,0.556,0.251,0.191,0.414,0.00455,0.466,0.302,0.109;aa;
0.843;0.0761,0.943,0.648,0.856,0.843,0.0359,0.94,0.315,0.636,0.222;aaaaaaaaaa;
0.00847;0.0666,0.452,0.226,0.45,0.185,0.785,0.25,0.34,0.899,0.319;aaaaaa;
0.0975;0.992,0.149,0.101,0.955,0.923,0.486,0.342,0.834,0.225,0.932;aaaaaaaaaa;
0.494;0.805,0.395,0.396,0.42,0.42,0.51,0.565,0.618,0.234,0.782;aaaaaa;
0.703;0.62,0.216,0.523,0.369,0.232,0.184,0.727,0.557,0.392,0.906;aaaaaaaa;
0.975;0.181,0.00949,0.153,0.538,0.659,0.648,0.297,0.0776,0.437,0.742;aaaaaaaaa;
0.518;0.0879,0.397,0.033,0.446,0.639,0.735,0.839,0.615,0.881,0.602;aaa;
0.0449;0.917,0.325,0.694,0.563,0.403,0.526,0.432,0.375,0.637,0.16;aaaaaa;
0.822;0.262,0.316,0.0791,0.687,0.657,0.165,0.536,0.907,0.515,0.551;aaaaaaaa;
0.224;0.942,0.147,0.35,0.76,0.385,0.442,0.997,0.113,0.25,0.241;aa;
0.713;0.827,0.125,0.735,0.869,0.825,0.439,0.956,0.8,0.7,0.407;aaaaaaaaaa;
0.514;0.634,0.393,0.825,0.0498,0.0988,0.217,0.00878,0.584,0.685,0.0526;aaaaaaaaa;
0.531;0.143,0.883,0.308,0.58,0.00804,0.616,0.0076,0.925,0.518,0.768;aaa;
0.416;0.281,0.0603,0.331,0.756,0.647,0.137,0.226,0.0635,0.336,0.655;aaaaaaaa;
0.713;0.0636,0.405,0.715,0.934,0.389,0.00169,0.82,0.0491,0.903,0.302;aaaaaa;
0.328;0.175,0.963,0.532,0.409,0.818,0.51,0.0571,0.347,0.889,0.0307;aaaaaaaaa;
0.308;0.787,0.0258,0.664,0.908,0.191,0.114,0.506,0.0943,0.654,0.775;a;
0.236;0.805,0.615,0.16,0.188,0.571,0.998,0.316,0.84,0.583,0.998;aaaaaaa;
0.887;0.134,0.632,0.303,0.551,0.681,0.105,0.273,0.325,0.942,0.838;aaaaaaaa;
0.737;0.434,0.077,0.732,0.0943,0.788,0.677,0.0989,0.3,0.239,0.952;a;
0.757;0.0423,0.256,0.774,0.977,0.343,0.421,0.544,0.817,0.139,0.633;aaa;
0.444;0.221,0.188,0.864,0.162,0.315,0.422,0.666,0.726,0.475,0.197;aa;
0.114;0.0971,0.491,0.933,0.146,0.608,0.772,0.85,0.652,0.223,0.4;aaaa;
0.44;0.269,0.631,0.978,0.273,0.129,0.982,0.832,0.41,0.265,0.798;aaaaa;
0.851;0.429,0.102,0.847,0.759,0.899,0.00774,0.483,0.743,0.892,0.841;aa;
0.495;0.351,0.0419,0.416,0.485,0.973,0.688,0.789,0.805,0.348,0.0981;aaaaaaaa;
0.712;0.429,0.0379,0.806,0.62,0.4,0.904,0.777,0.0784,0.476,0.651;aa;
0.34;0.347,0.448,0.0121,0.111,0.694,0.00703,0.98,0.976,0.321,0.348;aaaaaaa;
0.505;0.0621,0.441,0.37,0.981,0.274,0.549,0.99,0.499,0.398,0.508;a;
0.376;0.979,0.734,0.927,0.155,0.591,0.921,0.786,0.215,0.61,0.9;aa;
0.247;0.548,0.245,0.897,0.00797,0.546,0.891,0.767,0.564,0.67,0.929;aaaaaaaaa;
0.474;0.0783,0.526,0.971,0.717,0.913,0.0254,0.468,0.772,0.481,0.567;aaaa;
0.728;0.728,0.154,0.748,0.45,0.613,0.105,0.0391,0.602,0.716,0.429;aaaaaaaaa;
0.165;0.0617,0.959,0.776,0.792,0.15,0.395,0.764,0.181,0.471,0.609;aa;
0.888;0.396,0.132,0.535,0.286,0.0553,0.22,0.643,0.821,0.663,0.0386;aaaaaaa;
0.688;0.405,0.114,0.952,0.622,0.952,0.508,0.0143,0.889,0.589,0.0475;aaaaaaaa;
0.308;0.759,0.235,0.534,0.99,0.012,0.585,0.273,0.868,0.967,0.674;aa;
0.939;0.713,0.387,0.0146,0.113,0.318,0.732,0.524,0.5,0.936,0.523;aaaaaaaaa;
0.602;0.0749,0.433,0.363,0.119,0.299,0.256,0.631,0.94,0.619,0.286;aaaaa;
0.542;0.448,0.264,0.305,0.945,0.502,0.773,0.556,0.737,0.178,0.33;aaaaaaaaaa;
0.497;0.188,0.881,0.929,0.443,0.937,0.388,0.877,0.619,0.0152,0.469;aaaaaaaaa;
0.598;0.664,0.993,0.359,0.75,0.114,0.699,0.845,0.676,0.452,0.414;aaaaaaaa;
0.201;0.967,0.629,0.396,0.923,0.887,0.985,0.716,0.895,0.22,0.887;aaaa;
0.0545;0.745,0.612,0.404,0.0816,0.0114,0.19,0.319,0.475,0.865,0.0591;aaaaaaaaa;
0.877;0.815,0.941,0.994,0.139,0.433,0.0647,0.0285,0.804,0.0921,0.103;aaaaaaaaa;
0.96;0.88,0.906,0.505,0.623,0.297,0.343,0.214,0.513,0.00678,0.509;aa;
0.911;0.862,0.192,0.278,0.535,0.42,0.673,0.884,0.211,0.922,0.574;aaaaaaaaaa;
0.741;0.317,0.74,0.183,0.942,0.56,0.00686,0.556,0.0152,0.0864,0.00133;a;
0.44;0.279,0.252,0.173,0.926,0.646,0.723,0.712,0.5,0.541,0.497;aaaaaaa;
0.423;0.167,0.928,0.807,0.33,0.464,0.0836,0.00149,0.0789,0.19,0.683;aaaa;
0.628;0.888,0.257,0.758,0.471,0.135,0.0296,0.308,0.737,0.727,0.911;aaaa;
0.887;0.486,0.894,0.521,0.0857,0.868,0.676,0.842,0.218,0.46,0.905;aaaaaaaa;
0.613;0.881,0.494,0.322,0.327,0.455,0.327,0.818,0.569,0.316,0.377;aaaaaaa;
0.672;0.701,0.477,0.462,0.836,0.0585,0.223,0.172,0.335,0.697,0.606;aa;
0.593;0.868,0.986,0.591,0.877,0.32,0.941,0.243,0.0957,0.206,0.881;aaaaaa;
0.662;0.218,0.901,0.563,0.965,0.867,0.789,0.0779,0.00704,0.802,0.853;aaaaaa;
0.341;0.526,0.0598,0.751,0.804,0.113,0.609,0.147,0.2,0.42,0.114;aa;
0.526;0.444,0.0858,0.135,0.569,0.662,0.204,0.894,0.0692,0.261,0.29;aaaaaaaaa;
0.809;0.152,0.395,0.742,0.972,0.308,0.507,0.00249,0.359,0.323,0.334;aaaaaaa;
0.866;0.696,0.88,0.341,0.0859,0.507,0.562,0.615,0.69,0.599,0.775;aaaaaaaaa;
0.154;0.0838,0.891,0.946,0.775,0.159,0.681,0.533,0.14,0.414,0.669;aaaaaaa;
0.071;0.531,0.267,0.718,0.804,0.753,0.467,0.159,0.385,0.135,0.214;aaaaaaaaa;
0.215;0.016,0.65,0.726,0.0253,0.657,0.68,0.427,0.375,0.568,0.956;aaaa;
0.626;0.399,0.93,0.0322,0.927,0.316,0.216,0.655,0.15,0.576,0.515;aaa;
0.0653;0.252,0.571,0.931,0.00581,0.284,0.494,0.45,0.0121,0.835,0.529;aaaaaaaaa;
0.845;0.378,0.237,0.98,0.669,0.465,0.522,0.215,0.708,0.81,0.0212;a;
0.61;0.415,0.971,0.923,0.619,0.168,0.323,0.312,0.802,0.617,0.631;aaaaaaaa;
0.0891;0.732,0.154,0.174,0.429,0.327,0.658,0.43,0.652,0.447,0.348;a;
0.772;0.868,0.934,0.428,0.55,0.652,0.612,0.834,0.747,0.176,0.436;aaaaaa;
0.0443;0.763,0.138,0.401,0.918,0.308,0.489,0.363,0.601,0.845,0.377;aaaaa;
0.727;0.771,0.024,0.552,0.509,0.805,0.707,0.761,0.665,0.0342,0.556;aaaaa;
0.353;0.758,0.686,0.4,0.976,0.538,0.462,0.092,0.744,0.742,0.26;aaa;
0.0992;0.316,0.997,0.475,0.962,0.456,0.599,0.978,0.657,0.117,0.391;aa;
0.547;0.222,0.693,0.684,0.968,0.114,0.579,0.509,0.389,0.326,0.624;aaaaa;
0.634;0.762,0.655,0.8,0.242,0.389,0.867,0.0945,0.413,0.909,0.868;aaaaaaaaa;
0.924;0.43,0.777,0.824,0.265,0.0881,0.275,0.47,0.288,0.568,0.887;aaaaaaaaa;
0.422;0.664,0.23,0.989,0.673,0.333,0.986,0.981,0.212,0.255,0.0561;aaaa;
0.373;0.695,0.608,0.0396,0.765,0.376,0.656,0.509,0.349,0.859,0.609;aaaaaaaa;
0.703;0.224,0.562,0.902,0.107,0.0728,0.483,0.00645,0.205,0.627,0.413;aaaa;
0.925;0.133,0.096,0.255,0.719,0.787,0.904,0.562,0.386,0.346,0.708;aaaaaaaaaa;
0.699;0.982,0.0362,0.437,0.534,0.102,0.662,0.308,0.566,0.19,0.0602;aaaaa;
0.463;0.3,0.996,0.675,0.686,0.314,0.742,0.0264,0.487,0.195,0.901;aaaaa;
0.371;0.46,0.378,0.037,0.437,0.272,0.49,0.95,0.44,0.237,0.499;aa;
0.12;0.139,0.244,0.27,0.59,0.84,0.662,0.246,0.0972,0.854,0.799;aaaaaaaaaa;
0.433;0.616,0.78,0.615,0.142,0.228,0.871,0.153,0.591,0.747,0.398;aaaaaaaaa;
0.827;0.393,0.318,0.484,0.0975,0.132,0.137,0.453,0.517,0.975,0.0327;aaaaaaa;
0.147;0.895,0.758,0.787,0.412,0.593,0.212,0.119,0.469,0.553,0.114;aaaaaaaaa;
0.387;0.968,0.546,0.56,0.651,0.177,0.807,0.719,0.0666,0.656,0.453;aaa;
0.218;0.324,0.531,0.929,0.37,0.157,0.454,0.674,0.935,0.623,0.973;aaaaaaaa;
0.982;0.689,0.642,0.863,0.68,0.907,0.0519,0.352,0.72,0.955,0.126;a;
0.569;0.496,0.0202,0.169,0.802,0.307,0.143,0.194,0.971,0.157,0.0817;aaaaa;
0.275;0.879,0.00536,0.801,0.631,0.63,0.83,0.462,0.155,0.837,0.129;aaaaaaaaa;
0.233;0.279,0.724,0.987,0.683,0.471,0.812,0.581,0.491,0.791,0.346;aaaaaaaaa;
0.977;0.665,0.723,0.67,0.76,0.498,0.0722,0.988,0.611,0.561,0.00798;aaaa;
0.221;0.0478,0.518,0.0999,0.273,0.458,0.245,0.481,0.811,0.324,0.042;aaaaaaaa;
0.0882;0.745,0.333,0.0601,0.589,0.63,0.349,0.034,0.852,0.26,0.257;a;
0.287;0.052,0.441,0.537,0.259,0.597,0.731,0.455,0.827,0.374,0.688;aaa;
0.185;0.82,0.741,0.577,0.703,0.986,0.419,0.631,0.89,0.146,0.856;aaaaaaaa;
0.788;0.134,0.269,0.042,0.987,0.267,0.32,0.866,0.861,0.823,0.667;aaaaaaaa;
0.489;0.107,0.824,0.276,0.127,0.923,0.67,0.518,0.58,0.217,0.496;aaaaaaa;
0.00451;0.689,0.483,0.65,0.167,0.879,0.000999,0.9,0.148,0.641,0.586;aaaa;
0.543;0.289,0.428,0.452,0.45,0.224,0.796,0.564,0.668,0.511,0.872;aaa;
0.282;0.151,0.889,0.701,0.837,0.238,0.612,0.235,0.181,0.154,0.577;aaaaa;
0.243;0.919,0.868,0.122,0.567,0.238,0.0739,0.871,0.431,0.165,0.574;aaaaaa;
0.71;0.493,0.142,0.725,0.23,0.229,0.282,0.399,0.544,0.431,0.754;aaaaaaa;
0.817;0.0586,0.7,0.428,0.0529,0.723,0.805,0.906,0.582,0.408,0.619;aaaa;
0.189;0.122,0.861,0.476,0.323,0.847,0.895,0.386,0.278,0.454,0.802;aaaaaa;
0.496;0.815,0.0369,0.647,0.0568,0.894,0.511,0.219,0.153,0.476,0.646;aaa;
0.853;0.485,0.435,0.708,0.291,0.783,0.671,0.174,0.313,0.629,0.36;aaaaaaa;
0.854;0.664,0.394,0.102,0.633,0.686,0.326,0.677,0.551,0.769,0.964;a;
0.961;0.214,0.908,0.718,0.155,0.937,0.539,0.151,0.241,0.899,0.391;aaaaaaa;
0.314;0.217,0.533,0.307,0.719,0.432,0.164,0.88,0.712,0.191,0.685;aaa;
0.447;0.0552,0.927,0.188,0.11,0.423,0.721,0.0567,0.689,0.835,0.0635;aaaa;
0.331;0.232,0.605,0.0611,0.442,0.822,0.743,0.455,0.282,0.253,0.93;aaaaaaa;
0.297;0.149,0.639,0.0707,0.524,0.429,0.106,0.309,0.726,0.284,0.153;aa;
0.544;0.842,0.964,0.412,0.376,0.578,0.291,0.626,0.0718,0.759,0.389;a;
0.382;0.00294,0.31,0.037,0.748,0.295,0.877,0.34,0.988,0.973,0.443;aaaaa;
0.0405;0.39,0.134,0.909,0.264,0.723,0.694,0.86,0.122,0.995,0.478;aaaaaaaa;
0.206;0.366,0.856,0.456,0.729,0.343,0.155,0.932,0.536,0.415,0.224;aa;
0.502;0.241,0.875,0.152,0.34,0.819,0.29,0.444,0.668,0.852,0.515;aaaaaaa;
0.836;0.66,0.282,0.907,0.504,0.0352,0.201,0.338,0.592,0.776,0.686;aaa;
0.782;0.657,0.509,0.812,0.573,0.406,0.205,0.194,0.0593,0.57,0.945;aaa;
0.396;0.738,0.0659,0.751,0.868,0.137,0.35,0.935,0.368,0.892,0.512;aaaaaaaaaa;
0.435;0.42,0.292,0.284,0.387,0.766,0.253,0.468,0.614,0.705,0.00472;aaaaaaaaaa;
0.751;0.159,0.516,0.421,0.145,0.586,0.307,0.965,0.665,0.0438,0.609;aaaaa;
0.00657;0.16,0.784,0.0731,0.0121,0.49,0.223,0.585,0.867,0.754,0.0645;aaaaaaaaa;
0.915;0.328,0.332,0.66,0.929,0.859,0.191,0.363,0.893,0.34,0.0624;aaaaaaaaa;
0.167;0.463,0.166,0.0208,0.0388,0.767,0.135,0.598,0.526,0.56,0.367;aaaa;
0.18;0.481,0.309,0.667,0.546,0.68,0.504,0.305,0.0303,0.308,0.377;aaaaaaa;
0.205;0.729,0.0628,0.149,0.66,0.517,0.423,0.392,0.191,0.323,0.104;aaaaa;
0.837;0.000355,0.987,0.936,0.92,0.567,0.464,0.16,0.943,0.936,0.72;a;
0.508;0.654,0.927,0.344,0.652,0.685,0.484,0.19,0.129,0.839,0.533;aaaaaaaa;
0.702;0.968,0.0167,0.716,0.504,0.204,0.82,0.295,0.804,0.131,0.17;aaaa;
0.294;0.851,0.348,0.104,0.0743,0.839,0.336,0.014,0.919,0.379,0.772;aaaaaa;
0.327;0.394,0.897,0.612,0.412,0.00677,0.345,0.947,0.317,0.816,0.524;aa;
0.15;0.891,0.426,0.547,0.674,0.523,0.409,0.571,0.784,0.369,0.261;aaaaa;
0.14;0.579,0.259,0.394,0.415,0.575,0.909,0.953,0.131,0.669,0.372;a;
0.685;0.899,0.731,0.79,0.545,0.86,0.225,0.329,0.0806,0.854,0.11;aaaaaaaa;
0.564;0.113,0.357,0.195,0.414,0.613,0.813,0.482,0.143,0.271,0.412;aaaaaaaa;
0.805;0.0955,0.582,0.481,0.828,0.879,0.804,0.232,0.24,0.399,0.878;aaaaaaaa;
0.547;0.174,0.425,0.28,0.715,0.76,0.0215,0.0648,0.964,0.105,0.539;aaaaaaaaa;
0.26;0.151,0.485,0.597,0.35,0.00348,0.163,0.0829,0.661,0.36,0.833;aaaaaaaaaa;
0.407;0.982,0.509,0.875,0.535,0.854,0.812,0.359,0.389,0.715,0.11;aaaaaaaaa;
0.546;0.225,0.559,0.0108,0.298,0.055,0.0223,0.143,0.189,0.476,0.26;aaaaa;
0.468;0.836,0.904,0.488,0.924,0.672,0.73,0.871,0.939,0.0997,0.841;aaaa;
0.0959;0.273,0.072,0.58,0.764,0.143,0.0516,0.268,0.114,0.956,0.227;aa;
0.505;0.699,0.279,0.789,0.299,0.953,0.967,0.0391,0.684,0.00722,0.0401;aaaa;
0.0437;0.803,0.0107,0.0209,0.039,0.588,0.812,0.245,0.021,0.825,0.864;aaa;
0.949;0.268,0.273,0.277,0.327,0.457,0.112,0.543,0.638,0.0923,0.274;aaa;
0.813;0.5,0.444,0.816,0.557,0.957,0.391,0.569,0.0229,0.399,0.136;aaaaaaaa;
0.853;0.236,0.983,0.99,0.879,0.105,0.455,0.887,0.0148,0.963,0.963;aaaaaaaaaa;
0.32;0.984,0.267,0.498,0.245,0.892,0.13,0.0642,0.903,0.442,0.979;aaaaaaaaa;
0.706;0.697,0.268,0.27,0.209,0.945,0.171,0.242,0.273,0.774,0.386;aaaaaaaa;
0.109;0.721,0.391,0.786,0.614,0.411,0.703,0.203,0.0786,0.806,0.482;aaaaaaaaaa;
0.727;0.0371,0.777,0.265,0.483,0.892,0.877,0.0364,0.179,0.555,0.763;aaaaaa;
0.501;0.239,0.00149,0.812,0.319,0.101,0.745,0.177,0.487,0.259,0.53;aaaaa;
0.0523;0.607,0.889,0.853,0.601,0.858,0.602,0.968,0.199,0.288,0.0254;aaaaa;
0.954;0.739,0.277,0.975,0.542,0.825,0.473,0.869,0.123,0.799,0.656;aaa;
0.43;0.272,0.417,0.861,0.614,0.574,0.764,0.721,0.157,0.0883,0.314;aaaa;
0.816;0.84,0.23,0.777,0.628,0.374,0.556,0.00477,0.0972,0.8,0.766;aaaa;
0.246;0.307,0.989,0.485,0.858,0.148,0.566,0.855,0.683,0.376,0.999;aaaaaaaaaa;
0.182;0.623,0.0563,0.556,0.678,0.259,0.563,0.728,0.866,0.93,0.302;aaa;
0.0177;0.121,0.958,0.497,0.835,0.547,0.0383,0.134,0.316,0.0214,0.487;aaaaa;
0.242;0.135,0.45,0.0937,0.502,0.3,0.753,0.154,0.818,0.961,0.643;a;
0.697;0.814,0.428,0.717,0.138,0.45,0.742,0.115,0.269,0.923,0.571;aaaaa;
0.543;0.423,0.556,0.239,0.688,0.746,0.0717,0.093,0.733,0.446,0.964;a;
0.402;0.375,0.0617,0.879,0.944,0.473,0.649,0.709,0.771,0.0263,0.206;aaaaaaaa;
0.622;0.288,0.578,0.375,0.613,0.759,0.441,0.305,0.284,0.979,0.126;aaaaaaa;
0.97;0.0222,0.482,0.908,0.258,0.508,0.692,0.193,0.185,0.109,0.197;aaaaaaaaa;
0.973;0.796,0.439,0.461,0.91,0.894,0.53,0.337,0.519,0.863,0.226;a;
0.58;0.666,0.915,0.715,0.805,0.0632,0.947,0.25,0.231,0.364,0.462;aaaaaaa;
0.221;0.328,0.136,0.797,0.188,0.218,0.65,0.583,0.0511,0.407,0.234;aaa;
0.916;0.396,0.871,0.687,0.754,0.667,0.427,0.844,0.425,0.495,0.048;aaa;
0.383;0.132,0.566,0.21,0.412,0.284,0.248,0.855,0.612,0.559,0.52;aaaaaa;
0.444;0.748,0.581,0.493,0.946,0.00991,0.0498,0.731,0.904,0.508,0.271;aaaaa;
0.459;0.344,0.176,0.736,0.688,0.0897,0.68,0.205,0.109,0.734,0.871;aaaaaaaa;
0.922;0.0332,0.589,0.0973,0.743,0.0862,0.211,0.101,0.0331,0.118,0.864;aaaaaaa;
0.898;0.813,0.0504,0.609,0.419,0.045,0.0234,0.114,0.764,0.235,0.0108;aaaa;
0.134;0.894,0.565,0.421,0.225,0.552,0.04,0.396,0.741,0.114,0.983;aaaaaaa;
0.54;0.972,0.622,0.00787,0.859,0.0108,0.463,0.048,0.535,0.952,0.556;aaaaaaaaaa;
0.15;0.802,0.39,0.977,0.827,0.445,0.705,0.569,0.0643,0.0703,0.564;aaa;
0.373;0.443,0.905,0.852,0.262,0.554,0.157,0.637,0.32,0.545,0.787;a;
0.474;0.665,0.0169,0.0114,0.766,0.721,0.825,0.564,0.0178,0.355,0.574;aaaaa;
0.268;0.433,0.247,0.498,0.0939,0.441,0.945,0.9,0.988,0.0506,0.845;aaaa;
0.872;0.485,0.662,0.706,0.368,0.648,0.474,0.5,0.658,0.668,0.0686;aa;
0.0168;0.125,0.471,0.106,0.462,0.728,0.507,0.887,0.431,0.936,0.766;a;
0.702;0.627,0.249,0.807,0.694,0.248,0.336,0.807,0.658,0.723,0.541;a;
0.267;0.794,0.884,0.386,0.574,0.719,0.1,0.299,0.289,0.0283,0.395;aaaaaaa;
0.0827;0.516,0.222,0.33,0.61,0.0503,0.263,0.718,0.451,0.115,0.405;aaaaaaaaa;
0.708;0.669,0.778,0.676,0.214,0.304,0.412,0.903,0.293,0.435,0.751;aaaaaaaa;
0.516;0.383,0.208,0.676,0.24,0.927,0.694,0.286,0.0997,0.0259,0.0295;a;
0.0705;0.401,0.729,0.117,0.672,0.6,0.768,0.98,0.478,0.114,0.608;aaa;
0.503;0.166,0.071,0.491,0.306,0.137,0.1,0.309,0.967,0.0909,0.327;aa;
0.277;0.384,0.365,0.228,0.398,0.429,0.79,0.0991,0.242,0.21,0.802;aaaaaa;
0.397;0.359,0.457,0.561,0.433,0.382,0.919,0.168,0.431,0.956,0.401;aaaaaaaaa;
0.5;0.0723,0.126,0.83,0.14,0.0643,0.879,0.243,0.788,0.214,0.956;aaaaaaa;
0.0559;0.13,0.488,0.804,0.343,0.451,0.807,0.494,0.936,0.851,0.71;aa;
0.252;0.28,0.797,0.488,0.996,0.97,0.558,0.251,0.279,0.191,0.955;aaa;
0.237;0.133,0.58,0.808,0.811,0.892,0.835,0.595,0.855,0.105,0.905;aaaaa;
0.281;0.658,0.961,0.74,0.939,0.78,0.778,0.816,0.859,0.264,0.0909;aa;
0.0712;0.0423,0.489,0.506,0.525,0.926,0.685,0.504,0.326,0.819,0.834;aaaaaaaaaa;
0.276;0.528,0.377,0.76,0.0228,0.128,0.735,0.517,0.876,0.975,0.784;aaaaaaaa;
0.808;0.602,0.965,0.425,0.0107,0.536,0.157,0.813,0.904,0.548,0.67;a;
0.425;0.103,0.17,0.289,0.394,0.954,0.663,0.764,0.0575,0.879,0.706;a;
0.745;0.929,0.702,0.928,0.106,0.258,0.289,0.766,0.838,0.443,0.321;aaa;
0.515;0.714,0.781,0.881,0.37,0.511,0.515,0.935,0.326,0.365,0.482;aaaaaaaa;
0.532;0.421,0.589,0.515,0.895,0.081,0.396,0.996,0.267,0.264,0.358;aaaa;
0.807;0.293,0.748,0.474,0.196,0.624,0.904,0.586,0.45,0.484,0.36;aaaaaaaaaa;
0.288;0.51,0.895,0.148,0.156,0.664,0.643,0.765,0.487,0.891,0.534;a;
0.805;0.657,0.731,0.158,0.267,0.477,0.226,0.0113,0.567,0.106,0.0787;aaaaaaa;
0.679;0.636,0.669,0.16,0.329,0.126,0.996,0.377,0.249,0.589,0.956;a;
0.866;0.454,0.479,0.819,0.337,0.0638,0.431,0.124,0.728,0.902,0.672;aaaaa;
0.247;0.565,0.384,0.17,0.187,0.914,0.38,0.181,0.141,0.53,0.978;aaaaaaaaa;
0.71;0.0491,0.34,0.153,0.701,0.819,0.632,0.086,0.0711,0.21,0.733;a;
0.0578;0.698,0.246,0.297,0.808,0.296,0.813,0.0357,0.584,0.99,0.135;aa;
0.0537;0.476,0.661,0.213,0.284,0.567,0.37,0.915,0.363,0.867,0.833;aaa;
0.612;0.938,0.313,0.948,0.558,0.157,0.828,0.0774,0.127,0.822,0.505;aa;
0.538;0.0124,0.0717,0.621,0.782,0.162,0.0357,0.906,0.406,0.907,0.744;aaaaaaaaa;
0.564;0.724,0.847,0.0727,0.555,0.618,0.585,0.223,0.576,0.203,0.66;aaaaaaa;
0.272;0.381,0.832,0.448,0.263,0.669,0.827,0.57,0.443,0.636,0.861;aaaaaa;
0.207;0.0418,0.201,0.496,0.931,0.56,0.472,0.281,0.397,0.107,0.158;aaa;
0.333;0.469,0.274,0.0879,0.935,0.611,0.81,0.568,0.0655,0.431,0.26;aaaaaa;
0.124;0.688,0.473,0.292,0.373,0.0568,0.28,0.844,0.779,0.124,0.32;aaaaaaa;
0.527;0.746,0.364,0.342,1,0.847,0.523,0.946,0.761,0.327,0.677;a;
0.289;0.868,0.349,0.305,0.171,0.85,0.217,0.0765,0.338,0.0305,0.799;aaaaaaaaaa;
0.894;0.503,0.984,0.857,0.981,0.644,0.27,0.194,0.0391,0.521,0.559;aa;
0.968;0.818,0.492,0.748,0.989,0.764,0.733,0.462,0.0109,0.665,0.266;aaaaaaaa;
0.534;0.981,0.231,0.18,0.631,0.314,0.6,0.393,0.95,0.908,0.297;aaaaaaaa;
0.96;0.887,0.00193,0.854,0.2,0.639,0.34,0.194,0.0402,0.845,0.172;a;
0.136;0.405,0.551,0.179,0.99,0.962,0.702,0.805,0.873,0.885,0.965;aaaaaaa;
0.528;0.507,0.502,0.778,0.265,0.769,0.907,0.132,0.904,0.515,0.658;aaa;
0.158;0.847,0.63,0.236,0.251,0.977,0.553,0.123,0.878,0.333,0.413;aaaaaaa;
0.626;0.604,0.409,0.069,0.351,0.016,0.682,0.825,0.601,0.736,0.212;aa;
0.426;0.388,0.728,0.685,0.821,0.766,0.162,0.959,0.709,0.69,0.194;aaaaaaaaaa;
0.116;0.407,0.0655,0.203,0.345,0.646,0.88,0.677,0.517,0.0884,0.725;aaaaaaaa;
0.621;0.235,0.811,0.321,0.799,0.275,0.411,0.647,0.319,0.89,0.209;aaaa;
0.784;0.62,0.899,0.538,0.818,0.666,0.535,0.116,0.709,0.66,0.771;aaaaaaa;
0.958;0.000597,0.0299,0.398,0.3,0.15,0.2,0.206,0.431,0.161,0.592;aaaaaa;
0.0212;0.934,0.958,0.572,0.202,0.745,0.823,0.83,0.462,0.648,0.203;aaaaaaaa;
0.688;0.799,0.789,0.96,0.35,0.43,0.293,0.286,0.242,0.899,0.732;aaaaaaaaa;
0.426;0.722,0.75,0.921,0.0661,0.888,0.918,0.993,0.443,0.402,0.0368;aaaa;
0.022;0.0704,0.913,0.809,0.929,0.434,0.609,0.651,0.613,0.0118,0.134;aaaaaaaaaa;
0.965;0.252,0.305,0.752,0.00136,0.75,0.243,0.0473,0.474,0.539,0.856;aaaaaaa;
0.813;0.916,0.465,0.884,0.584,0.868,0.0885,0.0339,0.784,0.34,0.498;aaaaaaa;
0.974;0.286,0.104,0.0344,0.282,0.0629,0.657,0.347,0.143,0.253,0.356;aaaaaaaaa;
0.586;0.374,0.482,0.852,0.834,0.68,0.0701,0.0469,0.72,0.113,0.679;aaaaa;
0.0287;0.0749,0.992,0.526,0.0223,0.546,0.666,0.896,0.804,0.648,0.719;aa;
0.875;0.0581,0.8,0.035,0.537,0.274,0.0265,0.57,0.152,0.426,0.76;aaaaaaaaa;
0.923;0.867,0.799,0.417,0.357,0.949,0.511,0.486,0.984,0.737,0.514;aaaaaaaaa;
0.337;0.0661,0.627,0.395,0.257,0.144,0.618,0.972,0.649,0.86,0.856;a;
0.445;0.0442,0.332,0.0561,0.772,0.13,0.327,0.0584,0.375,0.41,0.145;aaaaaaaaaa;
0.478;0.796,0.715,0.103,0.219,0.082,0.615,0.908,0.889,0.1,0.0118;aaaaaa;
0.444;0.875,0.322,0.523,0.475,0.765,0.876,0.0167,0.048,0.134,0.233;aaaaaaaaaa;
0.584;0.43,0.578,0.769,0.52,0.748,0.426,0.177,0.696,0.174,0.582;aaaaa;
0.863;0.763,0.358,0.0831,0.125,0.243,0.944,0.161,0.406,0.0941,0.4;aaa;
0.491;0.000854,0.943,0.612,0.18,0.341,0.358,0.16,0.701,0.654,0.273;aaaa;
0.712;0.0417,0.73,0.205,0.0859,0.588,0.306,0.943,0.61,0.609,0.186;aaaaaa;
0.655;0.34,0.402,0.291,0.22,0.867,0.299,0.204,0.333,0.22,0.0162;aaaaaaaa;
0.693;0.595,0.777,0.926,0.578,0.659,0.898,0.836,0.701,0.466,0.536;aaaaaaaaaa;
0.851;0.00178,0.125,0.164,0.463,0.0836,0.697,0.241,0.627,0.159,0.412;aaaaaaaaaa;
0.733;0.197,0.935,0.312,0.118,0.146,0.862,0.375,0.00995,0.924,0.493;aaaaaaa;
0.00331;0.647,0.339,0.972,0.406,0.263,0.945,0.603,0.749,0.23,0.803;aaaaaa;
0.971;0.532,0.284,0.234,0.915,0.583,0.888,0.0308,0.503,0.805,0.77;aaaaaaaa;
0.074;0.324,0.284,0.6,0.107,0.242,0.506,0.161,0.389,0.612,0.801;aa;
0.556;0.807,0.53,0.728,0.683,0.694,0.262,0.0333,0.212,0.957,0.569;aa;
0.272;0.672,0.179,0.641,0.617,0.174,0.0322,0.232,0.682,0.664,0.64;aaaaa;
0.92;0.261,0.0566,0.585,0.889,0.129,0.639,0.876,0.467,0.754,0.822;aaaaaaa;
0.142;0.0567,0.649,0.784,0.931,0.0475,0.542,0.82,0.663,0.986,0.697;a;
0.447;0.945,0.195,0.372,0.582,0.569,0.456,0.131,0.441,0.0876,0.62;aaaaaaaaa;
0.434;0.165,0.53,0.159,0.178,0.753,0.653,0.969,0.296,0.413,0.971;aaaaaaaa;
0.88;0.418,0.894,0.511,0.563,0.807,0.735,0.208,0.697,0.631,0.862;aaaaaaaaaa;
0.723;0.58,0.268,0.417,0.471,0.375,0.0465,0.313,0.861,0.436,0.972;aaa;
0.0647;0.528,0.398,0.801,0.451,0.292,0.614,0.449,0.713,0.891,0.499;aaaaaa;
0.469;0.0349,0.133,0.442,0.228,0.632,0.388,0.847,0.457,0.536,0.275;aaaa;
0.0376;0.775,0.983,0.375,0.157,0.836,0.145,0.835,0.251,0.744,0.0192;aaaaaaaaa;
0.748;0.187,0.268,0.0638,0.0113,0.663,0.0564,0.0311,0.305,0.635,0.229;aaaa;
0.162;0.666,0.483,0.446,0.379,0.496,0.108,0.295,0.797,0.546,0.632;aa;
0.536;0.396,0.317,0.602,0.552,0.961,0.417,0.421,0.117,0.425,0.449;aaaaaaaaaa;
0.0462;0.554,0.475,0.924,0.813,0.297,0.435,0.82,0.29,0.165,0.64;aaaaa;
0.22;0.251,0.309,0.358,0.784,0.692,0.802,0.27,0.483,0.669,0.829;aaaaaaaaaa;
0.909;0.331,0.141,0.434,0.419,0.432,0.203,0.926,0.231,0.00739,0.461;aaaaaaaaaa;
0.858;0.293,0.743,0.593,0.402,0.896,0.871,0.138,0.58,0.748,0.914;aaaaaaaa;
0.805;0.624,0.955,0.378,0.804,0.083,0.935,0.395,0.962,0.413,0.742;aa;
0.81;0.863,0.758,0.586,0.0225,0.415,0.198,0.667,0.221,0.524,0.482;aa;
0.0148;0.937,0.945,0.506,0.178,0.431,0.903,0.304,0.693,0.834,0.26;aaa;
0.133;0.47,0.468,0.399,0.983,0.955,0.314,0.779,0.228,0.218,0.914;a;
0.0287;0.699,0.0606,0.255,0.795,0.216,0.587,0.123,0.377,0.0378,0.739;aaaaaa;
0.801;0.424,0.342,0.0617,0.374,0.637,0.703,0.482,0.0158,0.152,0.595;aaaa;
0.729;0.05,0.047,0.246,0.364,0.805,0.0264,0.518,0.505,0.486,0.0106;aa;
0.48;0.523,0.54,0.0487,0.173,0.977,0.854,0.116,0.166,0.186,0.137;aaaaaaaaa;
0.617;0.849,0.835,0.813,0.894,0.211,0.276,0.942,0.937,0.677,0.424;aaaaa;
0.0313;0.065,0.911,0.258,0.139,0.0724,0.689,0.748,0.121,0.0913,0.657;aa;
0.727;0.477,0.55,0.33,0.857,0.0282,0.751,0.477,0.792,0.603,0.723;aa;
0.574;0.259,0.571,0.106,0.0739,0.309,0.387,0.714,0.854,0.793,0.495;aaa;
0.572;0.387,0.207,0.254,0.619,0.142,0.94,0.375,0.413,0.45,0.226;aaaaaaaaa;
0.195;0.651,0.832,0.146,0.295,0.237,0.581,0.739,0.0603,0.976,0.998;aaa;
0.64;0.247,0.744,0.622,0.497,0.0434,0.447,0.675,0.722,0.371,0.965;aaaaaaaaaa;
0.97;0.281,0.16,0.992,0.656,0.953,0.888,0.504,0.994,0.31,0.575;aaaaaaa;
0.214;0.91,0.617,0.604,0.284,0.719,0.0577,0.736,0.515,0.127,0.703;aa;
0.407;0.0327,0.0433,0.687,0.713,0.0661,0.461,0.744,0.409,0.501,0.343;aaaa;
0.868;0.607,0.216,0.862,0.365,0.393,0.384,0.222,0.247,0.756,0.146;aaaaaaaaa;
0.173;0.794,0.136,0.0953,0.12,0.663,0.245,0.314,0.984,0.693,0.388;aa;
0.0651;0.988,0.575,0.643,0.944,0.588,0.578,0.467,0.727,0.777,0.816;aaaaaaa;
0.508;0.439,0.612,0.499,0.349,0.852,0.764,0.295,0.0285,0.348,0.247;aaaaaaa;
0.535;0.804,0.933,0.489,0.581,0.846,0.597,0.649,0.348,0.0358,0.286;aaaa;
0.764;0.977,0.642,0.121,0.804,0.377,0.564,0.52,0.0888,0.841,0.991;aaaa;
0.972;0.14,0.756,0.408,0.961,0.971,0.424,0.00391,0.644,0.668,0.553;aaaaaaa;
0.431;0.101,0.208,0.459,0.0306,0.017,0.439,0.0739,0.892,0.585,0.975;aaaa;
0.558;0.701,0.516,0.149,0.765,0.76,0.258,0.498,0.437,0.186,0.378;aaaaa;
0.161;0.927,0.0783,0.837,0.349,0.538,0.0666,0.297,0.743,0.431,0.217;aaaaaaa;
0.846;0.614,0.739,0.509,0.52,0.395,0.859,0.25,0.716,0.418,0.967;aaaaaaa;
0.201;0.456,0.874,0.0983,0.514,0.816,0.491,0.0249,0.622,0.243,0.478;aa;
0.308;0.129,0.329,0.629,0.207,0.147,0.638,0.358,0.853,0.402,0.0484;aaaaa;
0.533;0.577,0.214,0.768,0.624,0.591,0.277,0.637,0.837,0.701,0.261;aaaaaaaaa;
0.949;0.742,0.899,0.484,0.475,0.679,0.668,0.964,0.591,0.201,0.551;aaaaa;
0.713;0.531,0.314,0.936,0.265,0.459,0.578,0.538,0.0175,0.644,0.428;aaaaa;
0.179;0.784,0.882,0.326,0.406,0.507,0.0181,0.943,0.906,0.388,0.719;aaaaaaaaa;
0.218;0.285,0.0458,0.27,0.961,0.0242,0.635,0.744,0.161,0.599,0.69;aaaaaa;
0.0155;0.341,0.677,0.23,0.841,0.918,0.228,0.852,0.806,0.0471,0.69;aaaaaaa;
0.0712;0.108,0.0515,0.529,0.499,0.549,0.659,0.218,0.036,0.61,0.891;aaaaaa;
0.0595;0.0847,0.936,0.97,0.876,0.503,0.227,0.61,0.884,0.437,0.63;aaaaaa;
0.27;0.0607,0.985,0.0704,0.962,0.0783,0.828,0.862,0.266,0.536,0.634;aaaaaaaaa;
0.595;0.178,0.252,0.389,0.512,0.927,0.501,0.603,0.307,0.443,0.356;aaaa;
0.629;0.112,0.495,0.882,0.775,0.778,0.768,0.286,0.114,0.419,0.721;aaaaaaaaaa;
0.252;0.548,0.839,0.381,0.154,0.167,0.235,0.243,0.408,0.0268,0.176;aaaaaa;
0.198;0.35,0.0212,0.405,0.133,0.731,0.331,0.609,0.381,0.28,0.913;aaaaaaaaa;
0.446;0.0565,0.995,0.678,0.771,0.787,0.873,0.0491,0.384,0.194,0.703;aaa;
0.559;0.346,0.371,0.534,0.374,0.517,0.376,0.645,0.517,0.851,0.585;aaaaaaa;
0.327;0.471,0.892,0.0961,0.0648,0.0828,0.679,0.953,0.0852,0.961,0.000898;aaaaa;
0.7;0.864,0.139,0.69,0.198,0.0668,0.584,0.653,0.851,0.243,0.603;aaaaaaaa;
0.198;0.35,0.0212,0.405,0.133,0.731,0.331,0.609,0.381,0.28,0.913;aaaaaaaaaa;
0.446;0.0565,0.995,0.678,0.771,0.787,0.873,0.0491,0.384,0.194,0.703;aaaaaaaaaa;
0.559;0.346,0.371,0.534,0.374,0.517,0.376,0.645,0.517,0.851,0.585;aaaaaa;
0.327;0.471,0.892,0.0961,0.0648,0.0828,0.679,0.953,0.0852,0.961,0.000898;aaaaaaaaa;
0.7;0.864,0.139,0.69,0.198,0.0668,0.584,0.653,0.851,0.243,0.603;aaaaaaaa;
0.198;0.35,0.0212,0.405,0.133,0.731,0.331,0.609,0.381,0.28,0.913;aaa;
0.446;0.0565,0.995,0.678,0.771,0.787,0.873,0.0491,0.384,0.194,0.703;aaaaaaaaaa;
0.559;0.346,0.371,0.534,0.374,0.517,0.376,0.645,0.517,0.851,0.585;aaaaa;
0.327;0.471,0.892,0.0961,0.0648,0.0828,0.679,0.953,0.0852,0.961,0.000898;aaaa;
0.7;0.864,0.139,0.69,0.198,0.0668,0.584,0.653,0.851,0.243,0.603;aaa;
0.198;0.35,0.0212,0.405,0.133,0.731,0.331,0.609,0.381,0.28,0.913;aaaaaa;
0.446;0.0565,0.995,0.678,0.771,0.787,0.873,0.0491,0.384,0.194,0.703;aaaaa;
0.559;0.346,0.371,0.534,0.374,0.517,0.376,0.645,0.517,0.851,0.585;aaaaaaaaa;
0.327;0.471,0.892,0.0961,0.0648,0.0828,0.679,0.953,0.0852,0.961,0.000898;aaaaaaaaaa;
0.7;0.864,0.139,0.69,0.198,0.0668,0.584,0.653,0.851,0.243,0.603;a;
0.198;0.35,0.0212,0.405,0.133,0.731,0.331,0.609,0.381,0.28,0.913;aa;
0.446;0.0565,0.995,0.678,0.771,0.787,0.873,0.0491,0.384,0.194,0.703;aa;
0.559;0.346,0.371,0.534,0.374,0.517,0.376,0.645,0.517,0.851,0.585;aaa;
0.327;0.471,0.892,0.0961,0.0648,0.0828,0.679,0.953,0.0852,0.961,0.000898;aaaa;
0.7;0.864,0.139,0.69,0.198,0.0668,0.584,0.653,0.851,0.243,0.603;aaa;
0.198;0.35,0.0212,0.405,0.133,0.731,0.331,0.609,0.381,0.28,0.913;aaa;
0.446;0.0565,0.995,0.678,0.771,0.787,0.873,0.0491,0.384,0.194,0.703;a;
0.559;0.346,0.371,0.534,0.374,0.517,0.376,0.645,0.517,0.851,0.585;aaa;
0.327;0.471,0.892,0.0961,0.0648,0.0828,0.679,0.953,0.0852,0.961,0.000898;aaaaaaaaa;
0.7;0.864,0.139,0.69,0.198,0.0668,0.584,0.653,0.851,0.243,0.603;aaaaa;
0.198;0.35,0.0212,0.405,0.133,0.731,0.331,0.609,0.381,0.28,0.913;aaaaaaa;
0.446;0.0565,0.995,0.678,0.771,0.787,0.873,0.0491,0.384,0.194,0.703;aaaaaaaaa;
0.559;0.346,0.371,0.534,0.374,0.517,0.376,0.645,0.517,0.851,0.585;aaa;
0.327;0.471,0.892,0.0961,0.0648,0.0828,0.679,0.953,0.0852,0.961,0.000898;aaaaa;
0.7;0.864,0.139,0.69,0.198,0.0668,0.584,0.653,0.851,0.243,0.603;aaaaaaaaaa;
0.198;0.35,0.0212,0.405,0.133,0.731,0.331,0.609,0.381,0.28,0.913;aaaaaaaaaa;
0.446;0.0565,0.995,0.678,0.771,0.787,0.873,0.0491,0.384,0.194,0.703;aaaaaaaaa;
0.559;0.346,0.371,0.534,0.374,0.517,0.376,0.645,0.517,0.851,0.585;aaaaaa;
0.327;0.471,0.892,0.0961,0.0648,0.0828,0.679,0.953,0.0852,0.961,0.000898;aaaaaaaaaa;
0.7;0.864,0.139,0.69,0.198,0.0668,0.584,0.653,0.851,0.243,0.603;aaa;
0.198;0.35,0.0212,0.405,0.133,0.731,0.331,0.609,0.381,0.28,0.913;aaa;
0.446;0.0565,0.995,0.678,0.771,0.787,0.873,0.0491,0.384,0.194,0.703;aaaaa;
0.559;0.346,0.371,0.534,0.374,0.517,0.376,0.645,0.517,0.851,0.585;aaaa;
0.327;0.471,0.892,0.0961,0.0648,0.0828,0.679,0.953,0.0852,0.961,0.000898;aaaaaaaaa;
0.7;0.864,0.139,0.69,0.198,0.0668,0.584,0.653,0.851,0.243,0.603;aaaaaaaa;
0.198;0.35,0.0212,0.405,0.133,0.731,0.331,0.609,0.381,0.28,0.913;aaaaaaaaaa;
0.446;0.0565,0.995,0.678,0.771,0.787,0.873,0.0491,0.384,0.194,0.703;aa;
0.559;0.346,0.371,0.534,0.374,0.517,0.376,0.645,0.517,0.851,0.585;aaaaaa;
0.327;0.471,0.892,0.0961,0.0648,0.0828,0.679,0.953,0.0852,0.961,0.000898;aaaaaa;
0.7;0.864,0.139,0.69,0.198,0.0668,0.584,0.653,0.851,0.243,0.603;aaaaa;
0.198;0.35,0.0212,0.405,0.133,0.731,0.331,0.609,0.381,0.28,0.913;aaaaaaaa;
0.446;0.0565,0.995,0.678,0.771,0.787,0.873,0.0491,0.384,0.194,0.703;aaa;
0.559;0.346,0.371,0.534,0.374,0.517,0.376,0.645,0.517,0.851,0.585;aaaaaaaaa;
0.327;0.471,0.892,0.0961,0.0648,0.0828,0.679,0.953,0.0852,0.961,0.000898;aaa;
0.7;0.864,0.139,0.69,0.198,0.0668,0.584,0.653,0.851,0.243,0.603;aaaaaaaa;
0.198;0.35,0.0212,0.405,0.133,0.731,0.331,0.609,0.381,0.28,0.913;aa;
0.446;0.0565,0.995,0.678,0.771,0.787,0.873,0.0491,0.384,0.194,0.703;aaaaaaaa;
0.559;0.346,0.371,0.534,0.374,0.517,0.376,0.645,0.517,0.851,0.585;aaaaaaaaaa;
0.327;0.471,0.892,0.0961,0.0648,0.0828,0.679,0.953,0.0852,0.961,0.000898;aaaaaa;
0.7;0.864,0.139,0.69,0.198,0.0668,0.584,0.653,0.851,0.243,0.603;aaaaa;
0.198;0.35,0.0212,0.405,0.133,0.731,0.331,0.609,0.381,0.28,0.913;aaaaaaaaa;
0.446;0.0565,0.995,0.678,0.771,0.787,0.873,0.0491,0.384,0.194,0.703;aa;
0.559;0.346,0.371,0.534,0.374,0.517,0.376,0.645,0.517,0.851,0.585;aaaaaaaa;
0.327;0.471,0.892,0.0961,0.0648,0.0828,0.679,0.953,0.0852,0.961,0.000898;aaa;
0.7;0.864,0.139,0.69,0.198,0.0668,0.584,0.653,0.851,0.243,0.603;aaaaaaa;
0.198;0.35,0.0212,0.405,0.133,0.731,0.331,0.609,0.381,0.28,0.913;aaa;
0.446;0.0565,0.995,0.678,0.771,0.787,0.873,0.0491,0.384,0.194,0.703;aaaaaaa;
0.559;0.346,0.371,0.534,0.374,0.517,0.376,0.645,0.517,0.851,0.585;aaaaaa;
0.327;0.471,0.892,0.0961,0.0648,0.0828,0.679,0.953,0.0852,0.961,0.000898;aaaaa;
0.7;0.864,0.139,0.69,0.198,0.0668,0.584,0.653,0.851,0.243,0.603;aaaaaaaa;
0.198;0.35,0.0212,0.405,0.133,0.731,0.331,0.609,0.381,0.28,0.913;aaaaaaa;
0.446;0.0565,0.995,0.678,0.771,0.787,0.873,0.0491,0.384,0.194,0.703;aaaa;
0.559;0.346,0.371,0.534,0.374,0.517,0.376,0.645,0.517,0.851,0.585;aaaaa;
0.327;0.471,0.892,0.0961,0.0648,0.0828,0.679,0.953,0.0852,0.961,0.000898;a;
0.7;0.864,0.139,0.69,0.198,0.0668,0.584,0.653,0.851,0.243,0.603;aaaa;
0.198;0.35,0.0212,0.405,0.133,0.731,0.331,0.609,0.381,0.28,0.913;aaaaaaa;
0.446;0.0565,0.995,0.678,0.771,0.787,0.873,0.0491,0.384,0.194,0.703;aaaaaaaaa;
0.559;0.346,0.371,0.534,0.374,0.517,0.376,0.645,0.517,0.851,0.585;aaaa;
0.327;0.471,0.892,0.0961,0.0648,0.0828,0.679,0.953,0.0852,0.961,0.000898;aa;
0.7;0.864,0.139,0.69,0.198,0.0668,0.584,0.653,0.851,0.243,0.603;aaaa;
0.198;0.35,0.0212,0.405,0.133,0.731,0.331,0.609,0.381,0.28,0.913;aa;
0.446;0.0565,0.995,0.678,0.771,0.787,0.873,0.0491,0.384,0.194,0.703;aaaaaaaaa;
0.559;0.346,0.371,0.534,0.374,0.517,0.376,0.645,0.517,0.851,0.585;aaaaaaaa;
0.327;0.471,0.892,0.0961,0.0648,0.0828,0.679,0.953,0.0852,0.961,0.000898;aaa;
0.7;0.864,0.139,0.69,0.198,0.0668,0.584,0.653,0.851,0.243,0.603;aaaaaaaa;
0.198;0.35,0.0212,0.405,0.133,0.731,0.331,0.609,0.381,0.28,0.913;aaaaaaaa;
0.446;0.0565,0.995,0.678,0.771,0.787,0.873,0.0491,0.384,0.194,0.703;aa;
0.559;0.346,0.371,0.534,0.374,0.517,0.376,0.645,0.517,0.851,0.585;aa;
0.327;0.471,0.892,0.0961,0.0648,0.0828,0.679,0.953,0.0852,0.961,0.000898;aaaaaaa;
0.7;0.864,0.139,0.69,0.198,0.0668,0.584,0.653,0.851,0.243,0.603;aaaaaaaa;
0.198;0.35,0.0212,0.405,0.133,0.731,0.331,0.609,0.381,0.28,0.913;a;
0.446;0.0565,0.995,0.678,0.771,0.787,0.873,0.0491,0.384,0.194,0.703;aaaaaa;
0.559;0.346,0.371,0.534,0.374,0.517,0.376,0.645,0.517,0.851,0.585;aaaaaaaaa;
0.327;0.471,0.892,0.0961,0.0648,0.0828,0.679,0.953,0.0852,0.961,0.000898;aaaaa;
0.7;0.864,0.139,0.69,0.198,0.0668,0.584,0.653,0.851,0.243,0.603;aaaaa;
0.198;0.35,0.0212,0.405,0.133,0.731,0.331,0.609,0.381,0.28,0.913;aaaaaaa;
0.446;0.0565,0.995,0.678,0.771,0.787,0.873,0.0491,0.384,0.194,0.703;aaaaaa;
0.559;0.346,0.371,0.534,0.374,0.517,0.376,0.645,0.517,0.851,0.585;aaaa;
0.327;0.471,0.892,0.0961,0.0648,0.0828,0.679,0.953,0.0852,0.961,0.000898;a;
0.7;0.864,0.139,0.69,0.198,0.0668,0.584,0.653,0.851,0.243,0.603;aaaaaaa;
0.198;0.35,0.0212,0.405,0.133,0.731,0.331,0.609,0.381,0.28,0.913;a;
0.446;0.0565,0.995,0.678,0.771,0.787,0.873,0.0491,0.384,0.194,0.703;aaaa;
0.559;0.346,0.371,0.534,0.374,0.517,0.376,0.645,0.517,0.851,0.585;a;
0.327;0.471,0.892,0.0961,0.0648,0.0828,0.679,0.953,0.0852,0.961,0.000898;aaaaaaa;
0.7;0.864,0.139,0.69,0.198,0.0668,0.584,0.653,0.851,0.243,0.603;aaaaaa;
0.198;0.35,0.0212,0.405,0.133,0.731,0.331,0.609,0.381,0.28,0.913;aaa;
0.446;0.0565,0.995,0.678,0.771,0.787,0.873,0.0491,0.384,0.194,0.703;aaaa;
0.559;0.346,0.371,0.534,0.374,0.517,0.376,0.645,0.517,0.851,0.585;aaaaaaa;
0.327;0.471,0.892,0.0961,0.0648,0.0828,0.679,0.953,0.0852,0.961,0.000898;aaaaaa;
0.7;0.864,0.139,0.69,0.198,0.0668,0.584,0.653,0.851,0.243,0.603;aaaaaaaa;
0.198;0.35,0.0212,0.405,0.133,0.731,0.331,0.609,0.381,0.28,0.913;aaaaa;
0.446;0.0565,0.995,0.678,0.771,0.787,0.873,0.0491,0.384,0.194,0.703;aaaaaaaaa;
0.559;0.346,0.371,0.534,0.374,0.517,0.376,0.645,0.517,0.851,0.585;aaaaaaaa;
0.327;0.471,0.892,0.0961,0.0648,0.0828,0.679,0.953,0.0852,0.961,0.000898;aaaaa;
0.7;0.864,0.139,0.69,0.198,0.0668,0.584,0.653,0.851,0.243,0.603;aaaaaa;
0.198;0.35,0.0212,0.405,0.133,0.731,0.331,0.609,0.381,0.28,0.913;a;
0.446;0.0565,0.995,0.678,0.771,0.787,0.873,0.0491,0.384,0.194,0.703;aa;
0.559;0.346,0.371,0.534,0.374,0.517,0.376,0.645,0.517,0.851,0.585;aaaa;
0.327;0.471,0.892,0.0961,0.0648,0.0828,0.679,0.953,0.0852,0.961,0.000898;aaa;
0.7;0.864,0.139,0.69,0.198,0.0668,0.584,0.653,0.851,0.243,0.603;aaaa;
0.198;0.35,0.0212,0.405,0.133,0.731,0.331,0.609,0.381,0.28,0.913;aaaaaa;
0.446;0.0565,0.995,0.678,0.771,0.787,0.873,0.0491,0.384,0.194,0.703;aaaa;
0.559;0.346,0.371,0.534,0.374,0.517,0.376,0.645,0.517,0.851,0.585;aaa;
0.327;0.471,0.892,0.0961,0.0648,0.0828,0.679,0.953,0.0852,0.961,0.000898;a;
0.7;0.864,0.139,0.69,0.198,0.0668,0.584,0.653,0.851,0.243,0.603;aaaaaaaa;
0.198;0.35,0.0212,0.405,0.133,0.731,0.331,0.609,0.381,0.28,0.913;aa;
0.446;0.0565,0.995,0.678,0.771,0.787,0.873,0.0491,0.384,0.194,0.703;a;
0.559;0.346,0.371,0.534,0.374,0.517,0.376,0.645,0.517,0.851,0.585;aaaaaaaaa;
0.327;0.471,0.892,0.0961,0.0648,0.0828,0.679,0.953,0.0852,0.961,0.000898;aaaaaaaaa;
0.7;0.864,0.139,0.69,0.198,0.0668,0.584,0.653,0.851,0.243,0.603;aaa;
0.198;0.35,0.0212,0.405,0.133,0.731,0.331,0.609,0.381,0.28,0.913;aaaaaaaa;
0.446;0.0565,0.995,0.678,0.771,0.787,0.873,0.0491,0.384,0.194,0.703;aaaaaaa;
0.559;0.346,0.371,0.534,0.374,0.517,0.376,0.645,0.517,0.851,0.585;aaaaaaaa;
0.327;0.471,0.892,0.0961,0.0648,0.0828,0.679,0.953,0.0852,0.961,0.000898;aaaaaaaaaa;
0.7;0.864,0.139,0.69,0.198,0.0668,0.584,0.653,0.851,0.243,0.603;aaaaaaaaa;
0.198;0.35,0.0212,0.405,0.133,0.731,0.331,0.609,0.381,0.28,0.913;aaaaaaa;
0.446;0.0565,0.995,0.678,0.771,0.787,0.873,0.0491,0.384,0.194,0.703;a;
0.559;0.346,0.371,0.534,0.374,0.517,0.376,0.645,0.517,0.851,0.585;aaa;
0.327;0.471,0.892,0.0961,0.0648,0.0828,0.679,0.953,0.0852,0.961,0.000898;aaaaaaaaaa;
0.7;0.864,0.139,0.69,0.198,0.0668,0.584,0.653,0.851,0.243,0.603;aaaaaa;
0.198;0.35,0.0212,0.405,0.133,0.731,0.331,0.609,0.381,0.28,0.913;aaa;
0.446;0.0565,0.995,0.678,0.771,0.787,0.873,0.0491,0.384,0.194,0.703;aaaa;
0.559;0.346,0.371,0.534,0.374,0.517,0.376,0.645,0.517,0.851,0.585;aaaaaaaaaa;
0.327;0.471,0.892,0.0961,0.0648,0.0828,0.679,0.953,0.0852,0.961,0.000898;aaaaaaaa;
0.7;0.864,0.139,0.69,0.198,0.0668,0.584,0.653,0.851,0.243,0.603;aaaaaa;
