ATT0(string,10);ATT1(float,10);ATT2(string,10);
aa;0.218,0.929,0.0602,0.0906,0.396,0.873,0.0454,0.864,0.862,0.12;aa;
aaa;0.972,0.452,0.953,0.238,0.828,0.28,0.127,0.633,0.316,0.209;aaaa;
aaaa;0.735,0.892,0.441,0.603,0.768,0.577,0.725,0.711,0.141,0.491;aaaaaaaaa;
aaaaaaaa;0.661,0.891,0.961,0.756,0.636,0.361,0.122,0.778,0.403,0.411;aaaaaa;
aaaa;0.913,0.954,0.199,0.546,0.903,0.473,0.316,0.938,0.685,0.252;aaaaa;
a;0.95,0.106,0.035,0.176,0.0144,0.145,0.517,0.701,0.125,0.803;aaaaaaa;
aaaaaaaa;0.119,0.412,0.00959,0.659,0.639,0.853,0.63,0.346,0.347,0.128;aaaaaaaaa;
aaaa;0.805,0.908,0.612,0.825,0.139,0.743,0.558,0.13,0.135,0.882;aaaaaa;
aaaaaaa;0.337,0.851,0.0904,0.69,0.0175,0.209,0.12,0.0763,0.0445,0.118;a;
aaaaaaaa;0.19,0.141,0.937,0.632,0.455,0.407,0.175,0.663,0.623,0.431;aaa;
aaaaaaaaa;0.904,0.482,0.878,0.0242,0.225,0.551,0.337,0.596,0.274,0.461;aaaaaaaaaa;
aaa;0.886,0.482,0.208,0.998,0.873,0.761,0.355,0.152,0.538,0.309;aaaaaaaaaa;
aaa;0.405,0.209,0.929,0.589,0.255,0.86,0.144,0.00372,0.129,0.605;aa;
aaaaaaaa;0.358,0.034,0.165,0.818,0.53,0.745,0.677,0.157,0.252,0.716;aaa;
aaaaaaaa;0.106,0.062,0.103,0.229,0.556,0.374,0.59,0.215,0.877,0.33;aaaa;
aaaaaaaaa;0.918,0.0776,0.996,0.204,0.234,0.0169,0.665,0.693,0.834,0.196;aaa;
aaaaaaaa;0.371,0.868,0.195,0.336,0.844,0.771,0.936,0.175,0.266,0.276;aaaaaa;
aaaaaaaa;0.291,0.564,0.264,0.916,0.16,0.816,0.586,0.0589,0.731,0.334;aa;
aaa;0.24,0.533,0.655,0.593,0.952,0.0333,0.181,0.0503,0.947,0.285;aaaaaaaaa;
aaa;0.019,0.351,0.79,0.0387,0.306,0.302,0.889,0.132,0.758,0.938;aa;
aaaaaaaaa;0.788,0.0511,0.784,0.191,0.592,0.539,0.114,0.653,0.879,0.956;aaaaaaaa;
aaa;0.382,0.386,0.101,0.408,0.261,0.683,0.117,0.0843,0.571,0.0645;aaaaa;
aaaaaaaaa;0.676,0.489,0.52,0.362,0.472,0.408,0.211,0.894,0.217,0.795;a;
aaaaaaa;0.506,0.714,0.0565,0.494,0.405,0.796,0.0684,0.358,0.108,0.64;aaa;
aaaa;0.0425,0.679,0.76,0.196,0.841,0.64,0.534,0.75,0.0543,0.428;aaaaaaa;
aaaaaaaaa;0.253,0.787,0.154,0.042,0.831,0.981,0.364,0.632,0.845,0.48;aaaaa;
aaaaaa;0.292,0.833,0.906,0.7,0.601,0.735,0.42,0.517,0.208,0.86;aaaaa;
aaaa;0.773,0.581,0.603,0.355,0.499,0.151,0.592,0.678,0.752,0.707;aaaaaa;
aaa;0.472,0.0625,0.116,0.228,0.442,0.693,0.236,0.816,0.887,0.707;aaaaa;
aaaaaaaa;0.9,0.112,0.487,0.632,0.284,0.95,0.958,0.85,0.898,0.666;aaaaaaaaa;
a;0.971,0.63,0.0184,0.171,0.314,0.29,0.827,0.795,0.979,0.188;aaaaaaaaa;
aaa;0.129,0.756,0.753,0.397,0.558,0.624,0.259,0.899,0.0525,0.643;aaa;
aaaaaaa;0.469,0.798,0.562,0.416,0.4,0.485,0.795,0.592,0.612,0.879;aaaaaaa;
aaaaaaaa;0.043,0.419,0.15,0.049,0.48,0.0465,0.569,0.819,0.455,0.567;aaaaa;
aa;0.025,0.428,0.103,0.735,0.0454,0.531,0.947,0.9,0.618,0.759;aaaaaaa;
a;0.192,0.285,0.0571,0.879,0.672,0.051,0.996,0.982,0.171,0.266;aaaaaaaaa;
aa;0.736,0.423,0.0432,0.782,0.993,0.421,0.537,0.371,0.581,0.42;aaaa;
aaaaaaaaaa;0.594,0.991,0.116,0.704,0.774,0.0589,0.562,0.195,0.183,0.69;aaaaa;
aaaaa;0.652,0.963,0.864,0.989,0.962,0.266,0.827,0.386,0.785,0.375;aaaaaaaa;
aaaaaaa;0.549,0.68,0.329,0.39,0.625,0.554,0.478,0.164,0.239,0.226;a;
aaaaaaaa;0.872,0.956,0.782,0.252,0.619,0.058,0.05,0.699,0.639,0.833;aaaaa;
aaaa;0.811,0.517,0.698,0.767,0.224,0.269,0.195,0.329,0.128,0.08;aaaaaa;
aaaa;0.00275,0.142,0.0991,0.945,0.0784,0.168,0.109,0.713,0.26,0.318;aaaaaaa;
aaaaaaaaa;0.638,0.877,0.319,0.75,0.188,0.894,0.419,0.00852,0.155,0.605;aaaa;
aaaaa;0.501,0.193,0.245,0.781,0.829,0.239,0.0527,0.0543,0.0636,0.263;aaaaaaa;
aaaaaaaaaa;0.275,0.162,0.882,0.114,0.0242,0.151,0.577,0.873,0.0602,0.507;aaaaaaaa;
aaaaaaaa;0.375,0.286,0.708,0.647,0.823,0.971,0.103,0.982,0.304,0.179;aaaaaa;
a;0.626,0.18,0.403,0.263,0.735,0.846,0.77,0.938,0.749,0.231;aaaaaaaaa;
aa;0.135,0.195,0.911,0.177,0.474,0.0043,0.35,0.231,0.278,0.443;a;
aaaaa;0.0103,0.354,0.766,0.137,0.434,0.43,0.507,0.431,0.596,0.86;aaaaaaa;
aaa;0.0169,0.705,0.244,0.446,0.024,0.683,0.336,0.0251,0.856,0.0714;aaaaaa;
aaaaaaaaaa;0.549,0.955,0.223,0.723,0.304,0.397,0.952,0.495,0.228,0.133;aaaaaaa;
aaaaaa;0.5,0.797,0.992,0.851,0.779,0.296,0.861,0.786,0.91,0.2;aaaa;
aaaaaaaa;0.424,0.49,0.0906,0.519,0.667,0.995,0.838,0.49,0.19,0.137;aaa;
aaaaaaaaaa;0.749,0.188,0.687,0.904,0.425,0.77,0.71,0.786,0.327,0.173;aaaaaaaaaa;
a;0.0458,0.158,0.519,0.371,0.46,0.429,0.991,0.32,0.358,0.779;a;
aaaaaaa;0.862,0.861,0.114,0.982,0.665,0.165,0.185,0.28,0.114,0.489;aaaaaaaaaa;
aaaaaaaaaa;0.828,0.402,0.173,0.441,0.263,0.981,0.603,0.319,0.408,0.641;aa;
aaaaaaaaa;0.742,0.16,0.415,0.241,0.575,0.641,0.354,0.438,0.4,0.24;aaaaaa;
aaaaaaaa;0.164,0.595,0.0905,0.693,0.0439,0.82,0.928,0.397,0.76,0.539;aaaaaaa;
aa;0.135,0.0591,0.427,0.932,0.807,0.974,0.751,0.326,0.0549,0.108;aaaaaaa;
aaaaaaaaa;0.468,0.332,0.915,0.177,0.373,0.191,0.719,0.719,0.745,0.537;aaaa;
aaa;0.428,0.696,0.804,0.0111,0.453,0.121,0.0754,0.108,0.962,0.286;aaaa;
aaaaaaaaa;0.0999,0.977,0.846,0.73,0.285,0.0362,0.882,0.763,0.624,0.64;aaa;
a;0.165,0.778,0.426,0.568,0.953,0.758,0.782,0.159,0.0469,0.354;aaaaaaaa;
aaaaa;0.797,0.128,0.998,0.765,0.919,0.203,0.596,0.76,0.81,0.49;aaaaaaaaaa;
aaaaaaaaa;0.00212,0.939,0.0758,0.445,0.0194,0.179,0.243,0.809,0.943,0.251;aaaaa;
aaaaa;0.957,0.803,0.0977,0.255,0.315,0.668,0.542,0.0182,0.983,0.167;aaa;
aaaa;0.582,0.8,0.144,0.788,0.384,0.789,0.849,0.0701,0.965,0.0596;aaa;
aaaaaa;0.53,0.341,0.171,0.18,0.559,0.402,0.402,0.617,0.448,0.749;aaa;
a;0.0114,0.0367,0.51,0.461,0.15,0.409,0.979,0.537,0.121,0.445;a;
aaaaaaa;0.838,0.324,0.448,0.585,0.023,0.535,0.577,0.37,0.266,0.482;a;
aaaa;0.988,0.68,0.773,0.913,0.215,0.986,0.0699,0.312,0.073,0.997;aaaaaaaa;
aaaaaaa;0.278,0.669,0.965,0.00506,0.629,0.582,0.309,0.668,0.297,0.368;aaaaaaa;
aaaaaa;0.229,0.438,0.936,0.765,0.863,0.899,0.333,0.181,0.832,0.828;aaaaa;
aa;0.205,0.72,0.0461,0.126,0.081,0.985,0.953,0.0415,0.929,0.154;aaa;
aaaaaa;0.325,0.0779,0.761,0.462,0.105,0.41,0.587,0.344,0.866,0.879;aaaaaaaaaa;
aaaa;0.286,0.604,0.126,0.825,0.615,0.969,0.906,0.285,0.0548,0.965;aaaaaaaaaa;
aaaaaaa;0.00899,0.67,0.678,0.325,0.349,0.576,0.459,0.513,0.956,0.735;aaaaaaaa;
aaaaaa;0.464,0.639,0.497,0.432,0.909,0.171,0.595,0.934,0.506,0.0988;aaaaaa;
aaaaaa;0.0736,0.164,0.52,0.437,0.129,0.457,0.868,0.404,0.466,0.99;aa;
aaa;0.776,0.64,0.575,0.854,0.908,0.11,0.878,0.559,0.317,0.112;aaaaaaaa;
aaaaa;0.259,0.544,0.877,0.315,0.614,0.657,0.304,0.7,0.578,0.513;aaaa;
aaaa;0.502,0.159,0.95,0.679,0.422,0.0728,0.541,0.887,0.346,0.879;aaaaa;
aaaaa;0.0134,0.305,0.487,0.326,0.0762,0.499,0.109,0.58,0.328,0.212;aaaaaa;
aaa;0.224,0.512,0.19,0.708,0.875,0.182,0.0676,0.338,0.469,0.942;aaaaa;
aaaaaaaaaa;0.169,0.249,0.184,0.398,0.185,0.289,0.62,0.793,0.858,0.76;aaaaa;
aaaa;0.0029,0.744,0.359,0.82,0.104,0.649,0.583,0.279,0.709,0.501;aaaaa;
aaaaaaaaa;0.219,0.95,0.698,0.245,0.0129,0.695,0.73,0.641,0.312,0.791;aaaaaa;
aaaaaaaaa;0.909,0.0878,0.796,0.365,0.454,0.186,0.0194,0.856,0.286,0.386;aaaaaaaaaa;
aaaaa;0.654,0.333,0.107,0.736,0.418,0.951,0.136,0.852,0.42,0.574;aaaaaaaa;
aaaaa;0.226,0.0459,0.983,0.38,0.895,0.853,0.491,0.0587,0.709,0.573;aaaaaaaaa;
aaa;0.693,0.357,0.179,0.637,0.671,0.489,0.297,0.0523,0.783,0.675;a;
aaaaaaa;0.718,0.221,0.698,0.188,0.069,0.894,0.645,0.953,0.452,0.258;aaa;
aaaaaaaaa;0.289,0.346,0.585,0.472,0.159,0.872,0.712,0.964,0.791,0.988;aaaaa;
aa;0.494,0.864,0.0255,0.457,0.334,0.499,0.408,0.37,0.86,0.712;aaaaaaaaaa;
a;0.898,0.0667,0.487,0.483,0.0111,0.845,0.158,0.861,0.0779,0.415;aaaaaa;
a;0.504,0.0423,0.0484,0.335,0.832,0.694,0.929,0.859,0.654,0.171;aaaaaaaa;
aaaaaaaaaa;0.289,0.134,0.594,0.774,0.589,0.382,0.886,0.234,0.0845,0.557;aaaaaaaaa;
aaaaaa;0.575,0.554,0.343,0.445,0.651,0.251,0.15,0.101,0.503,0.491;aaaaaaaaa;
aaa;0.601,0.0475,0.769,0.622,0.436,0.0581,0.653,0.292,0.651,0.759;a;
aaaaa;0.465,0.539,0.561,0.00357,0.135,0.664,0.557,0.265,0.688,0.11;aaaaaaa;
aaaaaaaaa;0.563,0.243,0.451,0.351,0.306,0.528,0.441,0.497,0.202,0.145;aaaaaaaa;
aa;0.195,0.409,0.101,0.328,0.875,0.792,0.98,0.254,0.996,0.499;aaaaaaa;
aaaa;0.239,0.487,0.991,0.605,0.121,0.495,0.672,0.769,0.937,0.649;aaaaaaaaaa;
aaa;0.139,0.807,0.738,0.576,0.272,0.227,0.943,0.285,0.312,0.544;aaaaaaaaa;
aaaaaaaa;0.422,0.149,0.0608,0.544,0.529,0.137,0.879,0.465,0.712,0.805;aaaa;
aaaaa;0.369,0.0638,0.105,0.733,0.547,0.89,0.794,0.918,0.697,0.749;aaaaaaaa;
aaa;0.803,0.872,0.568,0.0304,0.786,0.393,0.8,0.146,0.424,0.0885;aa;
aaaaaaaaaa;0.22,0.757,0.79,0.742,0.576,0.0466,0.706,0.0784,0.758,0.044;aaaaaaaaa;
aaaaaaa;0.0443,0.904,0.325,0.819,0.603,0.239,0.797,0.252,0.591,0.55;aaa;
aaaaaaaaa;0.615,0.908,0.661,0.575,0.276,0.712,0.242,0.492,0.122,0.772;aaaaaaaa;
aaaaaaaaa;0.73,0.616,0.397,0.139,0.248,0.1,0.381,0.307,0.76,0.595;aaaaa;
aaaaaaaa;0.697,0.515,0.15,0.308,0.204,0.962,0.959,0.0511,0.174,0.782;aaaaaaaa;
aaaaaaaaa;0.866,0.152,0.0626,0.507,0.255,0.659,0.0791,0.898,0.26,0.883;aa;
aaaaaaaa;0.643,0.339,0.165,0.861,0.836,0.0962,0.0761,0.855,0.111,0.72;aaa;
aaa;0.319,0.536,0.43,0.622,0.879,0.634,0.505,0.876,0.312,0.305;a;
aaaaaaaa;0.495,0.888,0.84,0.278,0.692,0.626,0.859,0.38,0.236,0.869;aaa;
aaaaa;0.727,0.995,0.572,0.288,0.99,0.403,0.115,0.776,0.662,0.0525;aa;
a;0.918,0.0605,0.276,0.52,0.0168,0.723,0.278,0.935,0.468,0.764;aa;
aaaaaaaaa;0.0645,0.805,0.441,0.884,0.463,0.82,0.118,0.176,0.226,0.347;a;
aaaaa;0.531,0.428,0.738,0.151,0.703,0.1,0.276,0.243,0.547,0.794;aaaaa;
aaaaaaaaa;0.798,0.215,0.0175,0.87,0.515,0.837,0.109,0.545,0.596,0.238;a;
aaaaaaaaaa;0.457,0.0919,0.783,0.0349,0.246,0.0903,0.925,0.695,0.698,0.979;aaaa;
aaaaaaaa;0.994,0.255,0.578,0.76,0.113,0.411,0.874,0.809,0.832,0.393;a;
aaaa;0.242,0.846,0.175,0.678,0.665,0.652,0.418,0.201,0.379,0.616;aaaaaaaaa;
aaaaaaaaa;0.142,0.774,0.924,0.712,0.0829,0.0224,0.968,0.302,0.892,0.278;aaaa;
aaaaaaaaaa;0.728,0.843,0.31,0.972,0.853,0.575,0.431,0.000875,0.96,0.0971;aaaaaaaaaa;
aaaaaaaaaa;0.268,0.593,0.48,0.246,0.279,0.556,0.626,0.724,0.786,0.613;aaaa;
aaaaaaaa;0.179,0.0133,0.95,0.0162,0.27,0.884,0.309,0.0149,0.673,0.26;aaaaaaaaaa;
aaaaaaa;0.0263,0.0872,0.126,0.0702,0.528,0.817,0.259,0.00269,0.689,0.713;a;
aaaaaaa;0.195,0.275,0.48,0.506,0.597,0.376,0.617,0.806,0.354,0.796;aaaaaaaaaa;
aaaaaa;0.252,0.416,0.434,0.375,0.368,0.063,0.549,0.92,0.293,0.286;aa;
aaaaaaaaaa;0.675,0.217,0.442,0.593,0.311,0.741,0.0116,0.641,0.551,0.676;aaaaaaaaaa;
aaaaaa;0.337,0.151,0.81,0.758,0.393,0.536,0.668,0.0866,0.741,0.426;aa;
aaaaaaaaaa;0.872,0.345,0.289,0.906,0.149,0.776,0.487,0.291,0.303,0.895;aaaaaa;
aaaaaa;0.256,0.202,0.423,0.761,0.886,0.156,0.851,0.654,0.922,0.617;aaaaaaaa;
aaaaaaa;0.613,0.939,0.086,0.473,0.564,0.836,0.857,0.0769,0.14,0.827;aa;
aaaaaa;0.309,0.696,0.755,0.536,0.311,0.861,0.803,0.276,0.789,0.832;aaaaaa;
aaaaaaaa;0.417,0.303,0.342,0.54,0.239,0.174,0.278,0.743,0.154,0.233;a;
aa;0.896,0.505,0.874,0.328,0.627,0.856,0.663,0.781,0.942,0.278;aaaaaaaaa;
aaaaaaa;0.275,0.361,0.365,0.578,0.281,0.607,0.782,0.911,0.85,0.966;aaaa;
aaaaaaaaaa;0.289,0.0182,0.662,0.3,0.501,0.0564,0.965,0.987,0.118,0.367;aaaaa;
aaaaaaaaaa;0.927,0.358,0.954,0.896,0.978,0.0649,0.631,0.428,0.302,0.0518;aa;
aaaaaaaaaa;0.425,0.674,0.176,0.757,0.627,0.706,0.241,0.124,0.052,0.78;a;
aa;0.988,0.701,0.753,0.655,0.745,0.332,0.964,0.509,0.871,0.817;aaaaaa;
aaaaaaaa;0.598,0.00237,0.514,0.244,0.561,0.822,0.755,0.442,0.0233,0.703;aaaaaaa;
aaa;0.448,0.517,0.766,0.975,0.0713,0.29,0.598,0.721,0.719,0.258;a;
aaaaaaaaa;0.339,0.78,0.886,0.467,0.25,0.24,0.16,0.155,0.642,0.746;aaaaaaaa;
aaaaaa;0.148,0.696,0.547,0.638,0.786,0.198,0.421,0.113,0.992,0.447;aaaaa;
aaaaaaa;0.658,0.758,0.471,0.607,0.273,0.924,0.619,0.842,0.514,0.16;aaaaaa;
aaaaaaaa;0.366,0.744,0.498,0.25,0.406,0.57,0.831,0.509,0.134,0.203;aaaaaaaaaa;
aaaaaa;0.385,0.729,0.867,0.564,0.13,0.0432,0.342,0.979,0.0365,0.55;aa;
aaa;0.583,0.909,0.101,0.235,0.992,0.539,0.0151,0.796,0.444,0.134;aaaaaaaaaa;
aaaaaaaa;0.567,0.524,0.665,0.905,0.67,0.537,0.353,0.201,0.99,0.164;aaaaaaa;
aaaaaaaaa;0.169,0.947,0.0451,0.493,0.534,0.9,0.01,0.583,0.502,0.277;aaaaaa;
aaaaaaaa;0.194,0.782,0.148,0.131,0.468,0.568,0.148,0.497,0.212,0.0179;aa;
aaaaaa;0.901,0.505,0.763,0.375,0.189,0.394,0.709,0.718,0.943,0.394;aa;
aaa;0.514,0.639,0.933,0.747,0.808,0.483,0.227,0.924,0.403,0.667;aaaaaaaaaa;
aaaaaaa;0.161,0.206,0.195,0.724,0.871,0.125,0.993,0.864,0.329,0.369;aaa;
aaaaa;0.896,0.869,0.62,0.677,0.166,0.129,0.208,0.198,0.213,0.413;aaaaa;
aaaa;0.577,0.0402,0.818,0.872,0.995,0.684,0.811,0.264,0.772,0.647;aaaa;
aaaaaaaa;0.174,0.365,0.131,0.515,0.891,0.892,0.705,0.973,0.846,0.0333;aaaa;
aaaaaaaaaa;0.235,0.29,0.0348,0.0686,0.518,0.865,0.0773,0.844,0.595,0.753;aaa;
aa;0.0847,0.731,0.613,0.912,0.0258,0.0421,0.495,0.208,0.529,0.876;a;
aaaaaaa;0.948,0.247,0.31,0.236,0.652,0.21,0.0447,0.437,0.974,0.137;aaa;
a;0.164,0.0176,0.668,0.217,0.608,0.0816,0.623,0.448,0.531,0.613;aaaaaa;
aaaaaa;0.13,0.538,0.771,0.43,0.347,0.434,0.105,0.248,0.826,0.154;aaaaa;
aa;0.395,0.801,0.754,0.615,0.674,0.465,0.618,0.19,0.112,0.00635;aa;
aaaa;0.923,0.456,0.824,0.95,0.709,0.588,0.861,0.998,0.77,0.718;aaaaaaaa;
aaaa;0.822,0.257,0.122,0.647,0.542,0.535,0.586,0.188,0.241,0.187;aaaa;
aaaaa;0.339,0.201,0.363,0.743,0.383,0.801,0.679,0.731,0.595,0.619;aa;
aaaaaaaa;0.0909,0.83,0.107,0.0462,0.0215,0.602,0.729,0.38,0.129,0.866;aaaaaaaaaa;
aaaaaaaaaa;0.809,0.176,0.362,0.0533,0.214,0.495,0.123,0.421,0.737,0.329;aaaaa;
aaaaa;0.364,0.695,0.764,0.344,0.562,0.253,0.965,0.465,0.175,0.688;aaa;
aaaaaaaaaa;0.0435,0.621,0.12,0.985,0.863,0.0333,0.274,0.858,0.087,0.196;aaaaa;
aaaaaaaa;0.994,0.924,0.726,0.989,0.793,0.568,0.0978,0.921,0.939,0.771;aaa;
aa;0.638,0.0313,0.321,0.217,0.603,0.118,0.261,0.44,0.0784,0.142;aa;
aaaaaaaaaa;0.508,0.829,0.00917,0.742,0.663,0.664,0.0282,0.942,0.0364,0.488;aaaaaa;
aaaaaaa;0.827,0.185,0.966,0.532,0.0329,0.616,0.524,0.822,0.884,0.416;aaaaaa;
aaaaaaaaaa;0.408,0.294,0.0936,0.396,0.98,0.97,0.408,0.543,0.104,0.66;aaaaaa;
aaaaaaaa;0.133,0.653,0.172,0.923,0.844,0.413,0.543,0.57,0.319,0.204;aa;
aa;0.86,0.512,0.0642,0.121,0.836,0.898,0.395,0.461,0.608,0.679;aaaaaaa;
aaaaaa;0.228,0.973,0.627,0.454,0.231,0.297,0.196,0.676,0.653,0.206;aaaaaaaaa;
aaaaaaa;0.975,0.516,0.678,0.334,0.854,0.646,0.0274,0.104,0.662,0.189;a;
a;0.194,0.822,0.101,0.116,0.936,0.232,0.598,0.354,0.959,0.771;aaaaaaaaaa;
aaaaaa;0.388,0.0164,0.629,0.776,0.97,0.57,0.119,0.0741,0.0608,0.602;aaaaaaa;
aaaaaaaaa;0.929,0.908,0.352,0.515,0.735,0.733,0.67,0.463,0.597,0.582;aaaaaaaa;
aaaa;0.123,0.308,0.123,0.141,0.889,0.538,0.867,0.689,0.865,0.402;aaaaa;
aaaaaaaaaa;0.193,0.421,0.0929,0.739,0.227,0.641,0.959,0.235,0.289,0.0398;a;
aaa;0.785,0.153,0.534,0.011,0.913,0.825,0.633,0.741,0.427,0.527;aaaaa;
aaaaaa;0.931,0.75,0.191,0.858,0.658,0.879,0.801,0.681,0.674,0.918;aaaa;
aaaaa;0.32,0.36,0.347,0.129,0.776,0.748,0.622,0.0792,0.0421,0.73;aa;
aaaaaaaaa;0.755,0.601,0.805,0.184,0.501,0.043,0.392,0.0488,0.618,0.967;aaaaaaaaa;
aaaaaa;0.0725,0.785,0.843,0.429,0.166,0.221,0.614,0.535,0.603,0.101;aaaaaaaaa;
aaa;0.212,0.178,0.319,0.282,0.356,0.909,0.319,0.715,0.936,0.839;aaaaaaaa;
aaaaaaaaa;0.93,0.45,0.805,0.819,0.101,0.946,0.666,0.0369,0.719,0.0535;aaaaa;
a;0.954,0.743,0.709,0.886,0.772,0.457,0.545,0.0844,0.576,0.42;aaaaaaaaa;
aaaaa;0.926,0.648,0.958,0.314,0.58,0.197,0.295,0.266,0.64,0.919;aaaaaaa;
aa;0.435,0.307,0.592,0.298,0.974,0.609,0.595,0.27,0.934,0.267;aaa;
a;0.46,0.542,0.852,0.938,0.579,0.156,0.842,0.212,0.667,0.304;aaa;
aaaaaaa;0.183,0.876,0.152,0.729,0.247,0.501,0.524,0.877,0.517,0.44;a;
aaaaa;0.116,0.733,0.165,0.314,0.963,0.576,0.359,0.356,0.234,0.375;aaaaa;
aaaaaaaaa;0.461,0.938,0.599,0.991,0.674,0.622,0.0688,0.165,0.101,0.93;aaaaa;
aaaaaa;0.0253,0.525,0.0884,0.41,0.901,0.905,0.674,0.587,0.352,0.968;a;
aa;0.78,0.912,0.666,0.864,0.995,0.897,0.623,0.459,0.671,0.533;aaaaa;
a;0.529,0.656,0.301,0.789,0.287,0.00467,0.5,0.578,0.000657,0.4;aaaaa;
aa;0.185,0.254,0.14,0.658,0.969,0.858,0.909,0.311,0.596,0.896;aaaa;
a;0.135,0.811,0.993,0.736,0.353,0.861,0.127,0.666,0.173,0.276;aaaaaaaaa;
aaaa;0.141,0.105,0.611,0.00191,0.306,0.48,0.36,0.155,0.722,0.568;aaaaaaaa;
aaaa;0.481,0.315,0.742,0.628,0.146,0.643,0.557,0.966,0.288,0.381;aaaaaaa;
a;0.407,0.483,0.923,0.549,0.645,0.238,0.893,0.0766,0.905,0.583;aaaaaa;
aaaaaaa;0.904,0.421,0.811,0.18,0.164,0.365,0.84,0.742,0.89,0.34;aaaaaaaaaa;
aaaaaaaa;0.57,0.908,0.988,0.176,0.69,0.414,0.0356,0.38,0.677,0.873;aaaaaaa;
aaaa;0.216,0.117,0.988,0.689,0.138,0.0467,0.294,0.725,0.444,0.284;aaaaaaa;
aaaa;0.634,0.883,0.648,0.522,0.844,0.742,0.135,0.23,0.593,0.445;aa;
aaaaaaaaa;0.524,0.81,0.52,0.543,0.212,0.8,0.739,0.363,0.617,0.275;aaaaaaa;
a;0.241,0.743,0.575,0.753,0.436,0.873,0.273,0.0455,0.752,0.676;a;
aaaaa;0.225,0.36,0.775,0.496,0.961,0.634,0.596,0.533,0.761,0.964;aaaaaaaaa;
aaa;0.377,0.672,0.327,0.494,0.306,0.56,0.351,0.603,0.678,0.919;aaaaaa;
aaaaaa;0.71,0.83,0.754,0.714,0.9,0.391,0.338,0.716,0.738,0.474;aaaaaaaaa;
aaaaaaa;0.697,0.997,0.252,0.768,0.333,0.457,0.254,0.893,0.968,0.0276;a;
aaaaaaaa;0.462,0.19,0.0845,0.684,0.395,0.0748,0.15,0.47,0.0405,0.632;aaaaa;
aaaaaa;0.0111,0.0311,0.494,0.499,0.126,0.193,0.975,0.921,0.883,0.124;a;
aaaaaaaa;0.54,0.469,0.0392,0.585,0.984,0.491,0.413,0.848,0.812,0.325;aaa;
aaaaaaaaa;0.397,0.0849,0.548,0.23,0.814,0.356,0.234,0.76,0.0253,0.164;a;
aaaa;0.773,0.357,0.00396,0.128,0.564,0.834,0.159,0.0214,0.92,0.214;aaa;
aaaa;0.649,0.262,0.321,0.168,0.212,0.846,0.941,0.942,0.0354,0.27;a;
aaaaaaaaaa;0.239,0.00955,0.104,0.963,0.244,0.402,0.464,0.747,0.913,0.117;aaaaaaa;
aaaaaaaa;0.651,0.567,0.0922,0.324,0.372,0.509,0.123,0.175,0.815,0.927;aaaaaaaa;
aaaaaaaaaa;0.605,0.178,0.434,0.955,0.569,0.214,0.901,0.831,0.891,0.149;aaaaaaaaaa;
aaa;0.881,0.593,0.35,0.13,0.0164,0.775,0.941,0.15,0.849,0.796;a;
aaa;0.644,0.514,0.518,0.0963,0.463,0.878,0.713,0.969,0.246,0.561;aa;
aaaa;0.398,0.914,0.671,0.455,0.671,0.916,0.216,0.707,0.637,0.444;aaa;
a;0.418,0.322,0.712,0.0971,0.282,0.0259,0.22,0.381,0.983,0.46;aaaaaa;
aaaa;0.737,0.53,0.789,0.55,0.927,0.691,0.0657,0.518,0.994,0.918;aaaaa;
aaaaaaaaaa;0.267,0.263,0.234,0.19,0.648,0.00936,0.683,0.481,0.63,0.748;aaa;
aaaaa;0.642,0.537,0.931,0.875,0.629,0.949,0.962,0.398,0.774,0.861;aaa;
a;0.96,0.136,0.847,0.844,0.527,0.173,0.797,0.793,0.331,0.933;aaaaaaaa;
aaa;0.997,0.0673,0.4,0.751,0.334,0.258,0.402,0.232,0.934,0.566;aaaaaa;
aaa;0.0359,0.261,0.548,0.609,0.47,0.491,0.395,0.122,0.859,0.846;aaaaaa;
aaaa;0.706,0.224,0.407,0.411,0.00923,0.569,0.757,0.964,0.856,0.791;aaaa;
aaaaa;0.85,0.624,0.399,0.858,0.0448,0.701,0.858,0.249,0.719,0.626;aa;
aaaaaaaaaa;0.755,0.384,0.357,0.687,0.14,0.923,0.305,0.873,0.335,0.644;aaaaa;
aaaaaaa;0.666,0.499,0.0404,0.279,0.156,0.252,0.176,0.954,0.275,0.202;aaaaaaaaa;
aaaaaa;0.779,0.727,0.108,0.799,0.885,0.789,0.533,0.755,0.352,0.343;aaaaa;
aaa;0.796,0.632,0.165,0.83,0.157,0.662,0.703,0.031,0.594,0.711;aaaaa;
aaaaaaaaa;0.373,0.611,0.978,0.65,0.0935,0.753,0.936,0.224,0.992,0.12;a;
aaa;0.792,0.196,0.578,0.535,0.189,0.788,0.0596,0.433,0.000486,0.466;aaaa;
a;0.24,0.497,0.826,0.758,0.545,0.531,0.245,0.908,0.685,0.251;aa;
a;0.0869,0.838,0.234,0.366,0.477,0.427,0.746,0.678,0.398,0.93;aaaa;
aaa;0.0835,0.038,0.0788,0.776,0.963,0.439,0.893,0.591,0.76,0.202;aa;
aaa;0.265,0.101,0.195,0.684,0.437,0.526,0.718,0.94,0.549,0.0394;a;
aaa;0.443,0.0336,0.777,0.0509,0.912,0.37,0.912,0.231,0.123,0.556;aaaaaaaaaa;
aaaaaaaaaa;0.982,0.939,0.927,0.194,0.994,0.523,0.498,0.172,0.0313,0.694;a;
aaaaa;0.195,0.918,0.946,0.455,0.856,0.458,0.0387,0.0214,0.222,0.513;aaaaaaaa;
aaa;0.212,0.273,0.83,0.891,0.871,0.66,0.808,0.149,0.356,0.584;aaaaaaaaa;
aaaa;0.353,0.0114,0.719,0.225,0.267,0.292,0.344,0.0747,0.405,0.53;aaaaaa;
aaaaa;0.181,0.245,0.768,0.567,0.281,0.225,0.452,0.596,0.772,0.447;aaaaaaaaa;
aaaaaaa;0.0923,0.156,0.164,0.366,0.53,0.31,0.892,0.0205,0.371,0.215;aaaa;
aaaaaaaa;0.749,0.126,0.25,0.68,0.71,0.184,0.0721,0.601,0.297,0.473;a;
aaaaaaaaa;0.474,0.609,0.914,0.157,0.105,0.367,0.103,0.94,0.19,0.617;aa;
aaaaaaaa;0.658,0.362,0.558,0.484,0.907,0.222,0.587,0.938,0.76,0.0004;aaaaaa;
aaaaa;0.714,0.58,0.793,0.322,0.102,0.0499,0.291,0.0609,0.245,0.766;a;
aaaaaaaaaa;0.16,0.965,0.124,0.206,0.715,0.994,0.557,0.761,0.221,0.149;aaaaaa;
aa;0.621,0.955,0.012,0.131,0.5,0.587,0.358,0.774,0.0102,0.622;a;
aaaaaa;0.058,0.563,0.89,0.507,0.598,0.945,0.848,0.852,0.241,0.362;aaa;
aa;0.41,0.202,0.73,0.795,0.527,0.402,0.397,0.329,0.465,0.281;aaaaa;
aaaaaaa;0.32,0.157,0.765,0.946,0.656,0.883,0.21,0.0397,0.846,0.173;aaa;
aaaaa;0.787,0.102,0.854,0.00835,0.232,0.699,0.95,0.0293,0.266,0.773;aaa;
aaaaa;0.264,0.807,0.691,0.301,0.456,0.458,0.677,0.833,0.821,0.293;aaaaaaa;
aaaaaaa;0.493,0.0537,0.872,0.518,0.995,0.859,0.997,0.379,0.0718,0.487;aaaaa;
aaaa;0.868,0.563,0.765,0.955,0.126,0.924,0.334,0.874,0.713,0.515;aaaaaaaa;
aaaaaa;0.0625,0.0162,0.352,0.609,0.509,0.238,0.0715,0.424,0.678,0.821;aaaaaa;
aaaaaa;0.516,0.958,0.433,0.634,0.713,0.0871,0.668,0.294,0.37,0.844;aa;
aaaa;0.256,0.792,0.745,0.991,0.296,0.755,0.0222,0.0334,0.182,0.558;aaaa;
aa;0.369,0.38,0.613,0.0216,0.0702,0.223,0.602,0.267,0.814,0.933;aa;
aaa;0.868,0.829,0.623,0.379,0.639,0.659,0.481,0.982,0.0153,0.398;aaaaaaaa;
aaaaaa;0.81,0.666,0.775,0.219,0.973,0.989,0.0886,0.367,0.424,0.973;aaaaaa;
aaaaaaaaa;0.709,0.823,0.303,0.156,0.268,0.426,0.922,0.238,0.884,0.914;aaaaaaa;
aaaaaaa;0.222,0.0572,0.522,0.915,0.573,0.656,0.982,0.234,0.76,0.539;aaaaaaaa;
aaaaaa;0.883,0.325,0.619,0.0398,0.497,0.673,0.598,0.647,0.0593,0.977;aaaaaaaaaa;
a;0.443,0.547,0.00495,0.906,0.513,0.979,0.0204,0.84,0.765,0.201;aaaaaaa;
aaa;0.649,0.742,0.0486,0.991,0.0552,0.527,0.878,0.865,0.228,0.174;aaaaaaaaa;
aaaaaaaaa;0.404,0.0833,0.28,0.345,0.134,0.739,0.909,0.506,0.45,0.0878;aaaaaaaaa;
aa;0.76,0.907,0.0165,0.688,0.37,0.99,0.951,0.917,0.0384,0.481;aaaaaaaa;
aaaaaaaaaa;0.864,0.137,0.646,0.829,0.576,0.987,0.482,0.412,0.261,0.54;aaaaaaaaaa;
aaaaaaaaa;0.617,0.572,0.138,0.0862,0.966,0.701,0.72,0.914,0.814,0.796;aaaaaaa;
aaaa;0.752,0.613,0.301,0.702,0.79,0.382,0.483,0.387,0.194,0.656;aaaa;
aa;0.039,0.199,0.345,0.0754,0.963,0.45,0.468,0.694,0.909,0.608;aaaaaaa;
aaaaaaaa;0.504,0.919,0.367,0.811,0.457,0.984,0.148,0.719,0.0107,0.742;aaaaaaaaaa;
aaaaaaaa;0.256,0.55,0.488,0.338,0.0844,0.961,0.87,0.125,0.56,0.0595;aaaaaaaaaa;
a;0.812,0.836,0.047,0.459,0.487,0.508,0.458,0.639,0.704,0.235;aa;
aaaaaaaaa;0.808,0.0209,0.626,0.564,0.358,0.755,0.944,0.428,0.0404,0.717;aaa;
aaaaa;0.147,0.423,0.943,0.942,0.296,0.719,0.837,0.391,0.55,0.361;aaaaaaaaaa;
aa;0.0184,0.537,0.856,0.619,0.895,0.796,0.683,0.0711,0.409,0.648;aaaaa;
aaaaaa;0.686,0.35,0.908,0.0469,0.641,0.563,0.779,0.646,0.0288,0.926;aaaaa;
aaaaaaaaa;0.154,0.489,0.514,0.028,0.0349,0.452,0.399,0.27,0.485,0.384;aaaaaaaaaa;
aaaaaa;0.916,0.824,0.552,0.746,0.103,0.113,0.813,0.121,0.0295,0.821;aaaaa;
aaaaaa;0.901,0.64,0.186,0.00166,0.913,0.861,0.807,0.327,0.189,0.488;aaa;
aaaaaaaa;0.892,0.334,0.351,0.00273,0.953,0.203,0.963,0.216,0.888,0.122;aaaaaa;
a;0.188,0.757,0.205,0.732,0.702,0.0375,0.149,0.302,0.188,0.411;aaaaaaaa;
aaaaaaaaa;0.492,0.135,0.689,0.0382,0.165,0.797,0.0742,0.0996,0.651,0.863;aaaa;
aaaaaaa;0.305,0.94,0.871,0.764,0.512,0.183,0.359,0.545,0.586,0.667;aaaaa;
aaaaaaa;0.308,0.991,0.814,0.723,0.208,0.227,0.695,0.718,0.676,0.541;aaaa;
aaaaaaa;0.964,0.346,0.782,0.905,0.843,0.287,0.359,0.547,0.854,0.129;aaaaa;
aaaaaaaaa;0.623,0.213,0.18,0.0449,0.793,0.559,0.933,0.00381,0.442,0.676;aa;
aaaaaa;0.45,0.391,0.135,0.198,0.765,0.774,0.25,0.598,0.5,0.243;a;
aaaaa;0.772,0.583,0.084,0.438,0.65,0.222,0.698,0.515,0.976,0.493;aaaaaaaaaa;
aaaaa;0.898,0.657,0.596,0.0991,0.403,0.245,0.524,0.158,0.582,0.136;aaa;
aaaaaaa;0.469,0.949,0.471,0.654,0.627,0.529,0.696,0.873,0.95,0.904;aaaaaaaaaa;
aaaaaaa;0.532,0.273,0.544,0.522,0.288,0.769,0.716,0.843,0.507,0.0587;aa;
aaaaaa;0.748,0.0151,0.999,0.0875,0.876,0.939,0.27,0.736,0.224,0.899;aa;
aa;0.0636,0.687,0.831,0.231,0.613,0.104,0.761,0.447,0.143,0.911;aaaaaaaaa;
aaaaaaa;0.113,0.52,0.441,0.778,0.68,0.923,0.0244,0.74,0.497,0.644;aa;
aaaaa;0.0576,0.409,0.192,0.276,0.814,0.74,0.165,0.598,0.565,0.81;aaaaa;
aaa;0.575,0.412,0.796,0.724,0.682,0.594,0.485,0.943,0.714,0.25;aa;
aa;0.667,0.409,0.345,0.578,0.301,0.807,0.715,0.841,0.52,0.876;aa;
aa;0.752,0.37,0.446,0.719,0.444,0.293,0.336,0.219,0.431,0.835;aaaa;
aaaaaa;0.317,0.42,0.983,0.0119,0.205,0.305,0.768,0.0854,0.51,0.458;aaaaaa;
aaaaa;0.951,0.0867,0.378,0.422,0.514,0.808,0.798,0.323,0.675,0.46;aaa;
aaaaaaa;0.314,0.287,0.427,0.719,0.682,0.135,0.803,0.365,0.672,0.237;aaaaaaa;
aaaaaaaaaa;0.431,0.618,0.793,0.178,0.622,0.826,0.493,0.511,0.911,0.663;aaaaa;
aaaaa;0.944,0.521,0.443,0.962,0.371,0.158,0.594,0.392,0.218,0.277;aaaaaaaa;
aa;0.962,0.819,0.381,0.782,0.801,0.448,0.482,0.228,0.102,0.201;aaa;
a;0.293,0.989,0.729,0.972,0.789,0.613,0.676,0.789,0.53,0.802;aaaaaaaaa;
aaaaaaaaa;0.207,0.498,0.395,0.609,0.427,0.182,0.97,0.655,0.768,0.698;aaaaaa;
aaaaaaa;0.00996,0.573,0.628,0.736,0.0783,0.0801,0.428,0.101,0.078,0.981;aaaaaaaa;
aa;0.266,0.00696,0.0822,0.775,0.347,0.241,0.451,0.346,0.478,0.85;aaaaaaaaa;
aa;0.115,0.045,0.775,0.681,0.158,0.102,0.105,0.0843,0.0812,0.727;aaaaaaaaa;
aaaaaaaa;0.853,0.00975,0.186,0.366,0.743,0.725,0.77,0.909,0.951,0.024;aaaaa;
a;0.457,0.484,0.0682,0.334,0.892,0.989,0.296,0.152,0.993,0.942;aaaa;
aaaaa;0.166,0.631,0.653,0.66,0.236,0.268,0.598,0.46,0.469,0.274;aaa;
aaaaaaaaa;0.685,0.0434,0.329,0.576,0.0648,0.892,0.425,0.653,0.298,0.337;aaaaaaaaaa;
aaaaaaaaa;0.659,0.00149,0.0552,0.167,0.0402,0.913,0.0675,0.364,0.704,0.411;aaa;
aaaaa;0.426,0.995,0.187,0.759,0.954,0.807,0.206,0.471,0.768,0.274;aaaaaa;
aaa;0.641,0.653,0.89,0.864,0.0547,0.696,0.349,0.0619,0.634,0.658;aaaaa;
aaaaaa;0.0191,0.973,0.305,0.326,0.332,0.136,0.0616,0.406,0.973,0.284;aaaaa;
aaaaaaaaaa;0.194,0.339,0.519,0.383,0.552,0.56,0.332,0.453,0.892,0.649;aaaaaaaaa;
aaaaaaaa;0.689,0.402,0.907,0.906,0.506,0.697,0.535,0.824,0.364,0.568;aaaaaa;
aaaaaaaaa;0.0968,0.491,0.553,0.409,0.532,0.75,0.0152,0.248,0.575,0.655;aaaaaaaaaa;
aa;0.471,0.144,0.825,0.0139,0.452,0.454,0.33,0.207,0.632,0.476;a;
aaaa;0.139,0.176,0.291,0.186,0.369,0.0606,0.501,0.772,0.634,0.94;aa;
aaaaaaaaaa;0.819,0.201,0.679,0.917,0.789,0.92,0.917,0.586,0.217,0.718;aaaaaaaaa;
aaaa;0.069,0.591,0.0312,0.362,0.0217,0.232,0.749,0.614,0.468,0.641;a;
aaaaaaaaaa;0.943,0.903,0.818,0.705,0.61,0.423,0.228,0.351,0.987,0.262;aaaaaaaa;
aaa;0.0542,0.501,0.613,0.498,0.264,0.876,0.00267,0.227,0.446,0.0743;aaaaaaa;
aaaaaa;0.589,0.863,0.653,0.138,0.162,0.656,0.862,0.87,0.841,0.891;aaa;
aaaa;0.767,0.642,0.0343,0.097,0.205,0.296,0.76,0.224,0.534,0.943;aaaaaaa;
aaaaaaaa;0.486,0.897,0.465,0.707,0.163,0.386,0.664,0.293,0.56,0.205;a;
aaa;0.572,0.717,0.292,0.729,0.0342,0.422,0.00247,0.811,0.802,0.38;aaaaaaaaaa;
aaaaaaaa;0.472,0.421,0.145,0.77,0.473,0.982,0.931,0.739,0.0981,0.74;aaa;
aa;0.914,0.981,0.486,0.56,0.461,0.894,0.147,0.344,0.988,0.623;aaaaaaa;
aaaaa;0.124,0.743,0.832,0.647,0.426,0.0184,0.635,0.0361,0.803,0.666;aaaaaaaa;
aaaaaaaa;0.434,0.121,0.696,0.976,0.192,0.531,0.239,0.0396,0.15,0.704;a;
aaaaaaa;0.719,0.527,0.126,0.611,0.926,0.84,0.198,0.359,0.711,0.574;aaaaa;
aa;0.658,0.276,0.838,0.519,0.171,0.662,0.496,0.264,0.769,0.405;aaaaaaa;
aaaaaa;0.528,0.474,0.605,0.577,0.297,0.227,0.107,0.242,0.606,0.551;aaaaaaaaa;
aaa;0.084,0.774,0.241,0.137,0.41,0.158,0.612,0.448,0.735,0.298;aaaaa;
aaa;0.984,0.569,0.0717,0.563,0.759,0.0636,0.837,0.853,0.973,0.922;aa;
aaaa;0.132,0.826,0.577,0.797,0.137,0.23,0.982,0.426,0.618,0.185;aaaaa;
aa;0.447,0.737,0.509,0.0151,0.435,0.924,0.189,0.809,0.151,0.947;a;
aaaaaa;0.94,0.451,0.181,0.504,0.336,0.619,0.057,0.574,0.84,0.32;aaaaaa;
aa;0.563,0.511,0.237,1,0.549,0.75,0.747,0.489,0.509,0.393;aaaaaaa;
a;0.994,0.59,0.481,0.962,0.137,0.118,0.341,0.556,0.36,0.829;aaaaaaaaaa;
aaaaaaaa;0.745,0.443,0.228,0.0796,0.875,0.316,0.4,0.297,0.414,0.376;aaa;
aaaa;0.476,0.78,0.0899,0.699,0.793,0.0375,0.769,0.298,0.13,0.709;a;
aaaa;0.753,0.509,0.882,0.583,0.965,0.975,0.688,0.182,0.349,0.664;aa;
aaaaaaaa;0.748,0.391,0.979,0.359,0.0312,0.936,0.327,0.867,0.547,0.933;aaaaa;
aa;0.844,0.383,0.237,0.224,0.136,0.248,0.655,0.577,0.193,0.117;aaaaaa;
aaaaaaa;0.525,0.0453,0.717,0.178,0.27,0.774,0.275,0.101,0.844,0.91;aaa;
aaaaaaaa;0.915,0.903,0.267,0.86,0.772,0.314,0.307,0.247,0.687,0.296;aaaa;
aaaaaaaaa;0.358,0.785,0.9,0.8,0.183,0.535,0.805,0.0543,0.972,0.0553;aaa;
aaaaaa;0.487,0.469,0.18,0.18,0.493,0.0448,0.0687,0.771,0.36,0.919;aaa;
aaaaaaaa;0.779,0.897,0.486,0.572,0.335,0.877,0.718,0.0767,0.365,0.759;aaaaa;
aaaaaaa;0.754,0.938,0.052,0.904,0.607,0.776,0.4,0.922,0.248,0.222;aa;
aaaaaaaaaa;0.354,0.147,0.397,0.611,0.326,0.112,0.857,0.41,0.31,0.362;aaaaaa;
aaaaaaaaa;0.683,0.448,0.668,0.181,0.168,0.816,0.829,0.728,0.505,0.873;a;
aaaaaaaa;0.0742,0.982,0.277,0.876,0.792,0.264,0.812,0.206,0.85,0.185;aaaa;
aaaaaaa;0.896,0.429,0.564,0.982,0.448,0.795,0.621,0.0851,0.639,0.984;aaaaaaaaa;
aa;0.812,0.31,0.599,0.601,0.556,0.227,0.0919,0.981,0.662,0.281;aaaaaaa;
aaaaaaaaaa;0.0686,0.126,0.0959,0.476,0.675,0.106,0.8,0.823,0.343,0.899;aaaa;
a;0.373,0.672,0.497,0.184,0.752,0.624,0.732,0.026,0.539,0.59;aa;
aaa;0.14,0.637,0.249,0.862,0.149,0.00474,0.0282,0.871,0.866,0.183;aaaaaaaaaa;
aaaaaaaaaa;0.398,0.282,0.304,0.624,0.381,0.303,0.121,0.854,0.714,0.835;aaaaaa;
aaaaa;0.795,0.634,0.891,0.12,0.07,1,0.525,0.219,0.743,0.175;aaa;
aaaa;0.748,0.291,0.255,0.156,0.188,0.452,0.588,0.417,0.4,0.0732;aaa;
a;0.131,0.369,0.842,0.599,0.0448,0.439,0.302,0.976,0.743,0.788;aaaaaa;
aaaaaaaa;0.967,0.575,0.942,0.584,0.676,0.13,0.015,0.533,0.627,0.715;aa;
aaaaaaaa;0.0197,0.983,0.819,0.379,0.928,0.402,0.939,0.949,0.462,0.311;aaaaaaaaaa;
a;0.529,0.393,0.332,0.258,0.0913,0.374,0.793,0.257,0.947,0.00571;aaaaaaaaa;
aaaaaaa;0.395,0.0174,0.412,0.538,0.269,0.966,0.912,0.283,0.122,0.0151;aaaaaa;
aaaaaa;0.675,0.83,0.851,0.234,0.906,0.139,0.0856,0.392,0.73,0.00812;aa;
aaaaa;0.339,0.0707,0.459,0.724,0.921,0.813,0.213,0.688,0.799,0.328;aaaaaaaaa;
aaaaaaaaa;0.946,0.431,0.325,0.538,0.883,0.402,0.421,0.33,0.859,0.724;aaaaa;
aaaaa;0.263,0.661,0.583,0.371,0.588,0.497,0.189,0.832,0.286,0.00549;aaaaaaaaaa;
a;0.576,0.842,0.517,0.926,0.127,0.976,0.738,0.84,0.738,0.499;aaaaaa;
aaaaaaaaaa;0.751,0.547,0.444,0.697,0.796,0.48,0.0469,0.674,0.302,0.333;aaa;
aaaaaaaaa;0.413,0.0549,0.659,0.477,0.588,0.829,0.078,0.352,0.249,0.642;aaaaaaaaa;
aaaaaaaaa;0.913,0.678,0.254,0.459,0.0392,0.932,0.373,0.922,0.238,0.945;a;
aaaaaaaa;0.761,0.179,0.0884,0.63,0.801,0.496,0.814,0.425,0.635,0.603;aaaa;
aaaaa;0.0242,0.913,0.426,0.0884,0.727,0.551,0.823,0.689,0.923,0.96;aaaa;
aa;0.611,0.332,0.989,0.518,0.476,0.554,0.935,0.792,0.937,0.436;aaaa;
aaaaaaa;0.935,0.245,0.597,0.255,0.23,0.722,0.127,0.176,0.0652,0.29;aaaa;
aaaaaa;0.391,0.814,0.989,0.429,0.955,0.0762,0.532,0.91,0.736,0.727;aaa;
aaaaaaaaa;0.711,0.899,0.963,0.0363,0.696,0.964,0.0509,0.0283,0.468,0.142;aa;
aaaaaaaa;0.498,0.289,0.687,0.428,0.692,0.754,0.468,0.226,0.548,0.36;aaaaaa;
aaa;0.541,0.517,0.38,0.28,0.501,0.648,0.671,0.415,0.699,0.577;aa;
a;0.666,0.331,0.227,0.81,0.984,0.587,0.51,0.182,0.869,0.107;aaaaaaaaaa;
a;0.208,0.638,0.49,0.0223,0.724,0.383,0.712,0.466,0.509,0.196;aa;
aaaaaa;0.722,0.565,0.261,0.921,0.194,0.984,0.532,0.327,0.0872,0.194;aaa;
aa;0.877,0.946,0.347,0.101,0.421,0.959,0.502,0.862,0.817,0.656;aa;
aaaaaaaaa;0.134,0.478,0.153,0.703,0.531,0.252,0.429,0.443,0.00163,0.897;aaaaaaaaa;
aaaaaaaaaa;0.243,0.414,0.081,0.247,0.403,0.956,0.124,0.126,0.715,0.377;aaa;
aaaaaaaaa;0.508,0.481,0.0716,0.161,0.865,0.935,0.446,0.0677,0.746,0.535;aaaa;
aaaaaaaa;0.0268,0.878,0.764,0.561,0.851,0.458,0.0102,0.641,0.687,0.843;aaaaaaaaa;
a;0.797,0.859,0.474,0.0997,0.796,0.312,0.208,0.166,0.28,0.0896;aaaaaa;
aaaaaaaa;0.652,0.295,0.313,0.0454,0.461,0.555,0.764,0.00073,0.592,0.187;aaaaaaa;
aaaa;0.561,0.115,0.569,0.811,0.295,0.918,0.203,0.248,1,0.925;a;
aaaaaaaa;0.0723,0.893,0.181,0.996,0.81,0.5,0.0221,0.353,0.471,0.585;a;
aaaaaaa;0.601,0.294,0.0905,0.589,0.769,0.268,0.801,0.166,0.312,0.183;aaaaaaaaaa;
aaaaaaaaaa;0.197,0.16,0.233,0.666,0.122,0.0299,0.978,0.656,0.909,0.535;a;
aa;0.59,0.0713,0.753,0.226,0.949,0.104,0.585,0.217,0.31,0.904;a;
aa;0.39,0.103,0.787,0.292,0.106,0.152,0.434,0.43,0.967,0.99;aaaaaa;
a;0.24,0.688,0.347,0.466,0.998,0.0948,0.0989,0.873,0.132,0.581;aaaaaaaaa;
aaaaaaa;0.0196,0.686,0.0101,0.755,0.493,0.717,0.737,0.671,0.431,0.422;aaaaaaa;
aaaaaa;0.023,0.8,0.343,0.652,0.724,0.657,0.516,0.978,0.22,0.392;aaaaaaaa;
a;0.207,0.753,0.161,0.106,0.924,0.267,0.0168,0.0969,0.233,0.624;aaaa;
aaaaa;0.229,0.919,0.747,0.549,0.314,0.711,0.47,0.124,0.76,0.827;aaaaaaa;
aaaaaa;0.532,0.991,0.522,0.14,0.185,0.0603,0.0514,0.0691,0.571,0.885;aaaaaa;
aaa;0.726,0.627,0.261,0.935,0.781,0.934,0.892,0.085,0.971,0.0601;aaa;
aaaaaaa;0.606,0.896,0.251,0.834,0.551,0.0881,0.257,0.463,0.287,0.0739;a;
aaaaaa;0.419,0.3,0.596,0.0801,0.181,0.296,0.352,0.682,0.67,0.41;aaaaaa;
aaa;0.214,0.631,0.43,0.641,0.937,0.714,0.793,0.614,0.337,0.729;aa;
aaa;0.268,0.673,0.956,0.247,0.45,0.57,0.729,0.173,0.735,0.0468;aaa;
a;0.264,0.363,0.742,0.797,0.956,0.796,0.246,0.886,0.634,0.469;aaaaaa;
aaaaaaaaaa;0.459,0.899,0.235,0.831,0.276,0.788,0.112,0.701,0.585,0.0555;aaaaa;
aaaaaa;0.875,0.825,0.716,0.37,0.621,0.674,0.0349,0.0406,0.224,0.595;aa;
aaaaaaa;0.771,0.909,0.867,0.736,0.889,0.0648,0.0964,0.89,0.305,0.988;aaaaa;
aaaaaaaaa;0.362,0.379,0.326,0.848,0.683,0.0397,0.985,0.972,0.941,0.235;aaaaaaa;
aaa;0.108,0.597,0.488,0.694,0.123,0.204,0.583,0.65,0.43,0.499;aa;
aaaaaaa;0.51,0.843,0.0752,0.502,0.125,0.799,0.0357,0.726,0.104,0.626;a;
aaaaaaaa;0.846,0.829,0.693,0.155,0.37,0.385,0.86,0.825,0.153,0.384;aaaaaaaaaa;
aaaaaaa;0.771,0.927,0.84,0.465,0.89,0.226,0.313,0.987,0.942,0.71;a;
aaaaaaaaaa;0.775,0.895,0.821,0.361,0.793,0.493,0.449,0.305,0.4,0.749;aaaaaaaa;
aaaaaaaaaa;0.115,0.256,0.438,0.693,0.16,0.189,0.157,0.389,0.284,0.468;aaaaaaa;
aaaaaaaa;0.459,0.37,0.774,0.314,0.693,1,0.00427,0.207,0.485,0.981;aaaaaaaaaa;
aaaaaaa;0.178,0.0561,0.207,0.113,0.798,0.845,0.844,0.946,0.796,0.0749;aa;
aaaaaaaaa;0.967,0.67,0.838,0.386,0.024,0.984,0.493,0.143,0.313,0.0328;aa;
aaaaaa;0.278,0.602,0.237,0.798,0.908,0.678,0.967,0.506,0.343,0.556;aaaaaaa;
aaaaaaaa;0.374,0.353,0.596,0.135,0.219,0.67,0.562,0.897,0.571,0.325;aaaaaaaaa;
aaaaaaaa;0.628,0.345,0.805,0.496,0.513,0.441,0.765,0.348,0.86,0.223;aaaa;
aaaa;0.369,0.97,0.932,0.202,0.809,0.506,0.651,0.0782,0.172,0.775;aaa;
aaaa;0.525,0.323,0.521,0.5,0.298,0.993,0.634,0.0108,0.979,0.00247;aa;
aaaaaaaaaa;0.421,0.875,0.88,0.33,0.771,0.327,0.562,0.0716,0.969,0.581;aaaaa;
aaaaaaaaaa;0.592,0.404,0.855,0.193,0.369,0.749,0.148,0.904,0.782,0.899;aaaaaaaa;
aaaa;0.961,0.45,0.595,0.487,0.968,0.58,0.272,0.732,0.934,0.0802;aaa;
aaa;0.8,0.757,0.87,0.641,0.12,0.672,0.254,0.0202,0.926,0.209;aaaaa;
aaaaa;0.373,0.33,0.0138,0.86,0.752,0.919,0.565,0.253,0.842,0.669;aaaaa;
aaaaaa;0.93,0.8,0.081,0.202,0.6,0.0383,0.823,0.665,0.283,0.0976;aaaaaaa;
aaa;0.326,0.462,0.324,0.532,0.637,0.183,0.51,0.504,0.386,0.682;aaaaa;
aaaaaa;0.978,0.000793,0.534,0.517,0.173,0.115,0.325,0.671,0.362,0.224;a;
aaaaaa;0.971,0.551,0.546,0.682,0.366,0.761,0.819,0.823,0.994,0.715;aaaaaaaa;
aa;0.34,0.3,0.621,0.19,0.995,0.369,0.989,0.471,0.0735,0.669;aaaa;
aaaaaaaaa;0.213,0.0071,0.86,0.81,0.113,0.0257,0.911,0.375,0.428,0.393;aaa;
aaa;0.136,0.883,0.0277,0.474,0.303,0.0228,0.343,0.38,0.496,0.601;aaa;
aaa;0.0456,0.245,0.524,0.192,0.113,0.413,0.107,0.441,0.121,0.0514;aaaaaaaa;
aaaaa;0.479,0.502,0.575,0.792,0.527,0.162,0.122,0.136,0.211,0.637;aaa;
aaaaaaaa;0.346,0.214,0.429,0.81,0.38,0.0782,0.915,0.969,0.415,0.9;aa;
aaaaaa;0.853,0.119,0.57,0.609,0.328,0.355,0.777,0.0286,0.99,0.0206;a;
aaaaaaaa;0.461,0.196,0.92,0.422,0.237,0.456,0.586,0.0462,0.783,0.469;aaaaaaaaaa;
aaaaaaaa;0.24,0.276,0.404,0.431,0.135,0.737,0.679,0.71,0.928,0.887;aaaaa;
aaaaaaaa;0.791,0.348,0.0434,0.667,0.585,0.0416,0.718,0.437,0.196,0.97;aaa;
aaa;0.0352,0.743,0.312,0.855,0.996,0.992,0.00477,0.906,0.919,0.468;aa;
aaaaaaa;0.157,0.18,0.639,0.662,0.299,0.887,0.27,0.505,0.397,0.161;aaaaaaaa;
aaaa;0.0224,0.911,0.781,0.613,0.893,0.607,0.869,0.985,0.798,0.479;aa;
aaaaaaaaa;0.932,0.803,0.795,0.688,0.484,0.33,0.892,0.928,0.288,0.576;aaaaaaaaa;
aaaaaaaaa;0.941,0.276,0.359,0.106,0.832,0.293,0.815,0.776,0.0361,0.403;a;
aaaaaaa;0.185,0.21,0.395,0.822,0.209,0.285,0.027,0.246,0.186,0.488;aaaaaaaaaa;
aaaaaa;0.209,0.689,0.763,0.11,0.18,0.864,0.761,0.241,0.879,0.0471;aaaa;
aaaaaaaaaa;0.441,0.0796,0.0673,0.732,0.337,0.633,0.77,0.251,0.393,0.589;aaaaaaaa;
aaaaaaaaa;0.678,0.812,0.572,0.49,0.766,0.171,0.623,0.0673,0.0685,0.802;aaaaaa;
aaaaa;0.79,0.248,0.969,0.465,0.468,0.622,0.727,0.598,0.0161,0.394;aaaaaa;
aaaaaaaaa;0.638,0.613,0.36,0.725,0.0148,0.968,0.114,0.475,0.0732,0.702;aa;
aaaaa;0.769,0.548,0.598,0.408,0.079,0.218,0.576,0.0452,0.966,0.442;aaaaa;
aa;0.288,0.338,0.0421,0.0554,0.873,0.0596,0.174,0.219,0.248,0.517;aaaaaaaaa;
aaaaaaaaa;0.546,0.517,0.744,0.384,0.407,0.913,0.759,0.896,0.777,0.0431;aaaaaaaaa;
aaaaaaa;0.912,0.545,0.904,0.0416,0.592,0.753,0.816,0.826,0.268,0.144;aaaaaaaaaa;
aaaa;0.118,0.939,0.269,0.611,0.62,0.959,0.736,0.313,0.274,0.493;aaaaaaaaa;
aaaaaaa;0.507,0.702,0.655,0.749,0.795,0.424,0.544,0.501,0.121,0.416;aaaaaaaa;
aaaa;0.27,0.381,0.221,0.238,0.881,0.745,0.043,0.609,0.562,0.929;aaaaa;
aaaaaa;0.203,0.838,0.792,0.796,0.823,0.57,0.512,0.966,0.796,0.213;aaaa;
aa;0.426,0.397,0.974,0.719,0.789,0.655,0.0186,0.37,0.132,0.292;aaaaaaa;
aaaa;0.184,0.137,0.23,0.546,0.216,0.181,0.962,0.538,0.812,0.889;aaaaaaa;
aaaaaaaaaa;0.3,0.239,0.315,0.4,0.612,0.863,0.0952,0.869,0.896,0.26;aaaaa;
aa;0.246,0.891,0.0406,0.298,0.134,0.19,0.836,0.902,0.00165,0.287;aaaaa;
aaaaaaa;0.188,0.395,0.803,0.716,0.499,0.986,0.843,0.912,0.714,0.307;aaaa;
aaaaaaaaaa;0.267,0.951,0.316,0.205,0.824,0.797,0.417,0.422,0.219,0.762;aaaaaaaa;
aaaaaaaaaa;0.941,0.656,0.825,0.652,0.653,0.944,0.429,0.398,0.576,0.334;aaaaaa;
aaaaaa;0.746,0.187,0.00921,0.824,0.152,0.232,0.979,0.716,0.212,0.799;aaaaaa;
aaaaaaa;0.773,0.781,0.655,0.404,0.604,0.208,0.0516,0.345,0.678,0.409;aaaaaa;
aaaaa;0.956,0.029,0.199,0.655,0.163,0.0848,0.482,0.0466,0.173,0.186;aaa;
a;0.671,0.999,0.775,0.745,0.369,0.678,0.294,0.444,0.864,0.964;aaaaaaa;
aaaaaa;0.631,0.983,0.183,0.0555,0.646,0.876,0.144,0.0427,0.974,0.649;a;
aaaaaaa;0.598,0.208,0.923,0.373,0.0654,0.676,0.0192,0.618,0.0217,0.53;aaaaa;
aaaaaaaaa;0.356,0.485,0.852,0.286,0.521,0.881,0.154,0.84,0.611,0.854;a;
aaaaa;0.851,0.00534,0.519,0.361,0.274,0.298,0.639,0.445,0.457,0.54;aa;
aaaaaaaaaa;0.375,0.787,0.0303,0.289,0.164,0.445,0.485,0.368,0.575,0.995;aa;
aaaaa;0.315,0.311,0.167,0.0575,0.859,0.338,0.861,0.655,0.16,0.688;aaaa;
aaaa;0.1,0.782,0.855,0.571,0.869,0.228,0.954,0.726,0.559,0.815;aaaaaaaa;
aaaa;0.497,0.383,0.61,0.644,0.295,0.888,0.805,0.918,0.487,0.974;a;
aaaaaa;0.641,0.809,0.491,0.913,0.757,0.294,0.915,0.297,0.39,0.812;a;
aaaaaaaa;0.0865,0.643,0.156,0.626,0.555,0.459,0.864,0.11,0.223,0.833;aaaaa;
aaaaa;0.701,0.28,0.434,0.484,0.0944,0.868,0.844,0.759,0.0668,0.177;a;
aa;0.121,0.978,0.362,0.388,0.663,0.263,0.388,0.926,0.0125,0.521;a;
aaaaaa;0.0611,0.641,0.702,0.514,0.557,0.027,0.771,0.757,0.855,0.754;aa;
aaaaaaaaaa;0.344,0.142,0.422,0.0271,0.703,0.805,0.254,0.336,0.234,0.724;aaaaaaa;
aaaaaaaaa;0.178,0.885,0.144,0.417,0.715,0.908,0.698,0.322,0.481,0.783;aaaa;
aaaaaaaaaa;0.771,0.76,0.929,0.308,0.25,0.677,0.197,0.123,0.142,0.379;a;
aaaa;0.536,0.576,0.625,0.805,0.389,0.98,0.55,0.397,0.29,0.00652;aaaaaaaaaa;
aaa;0.366,0.281,0.801,0.69,0.955,0.669,0.333,0.885,0.973,0.872;aaa;
aaaaaaaaa;0.791,0.554,0.906,0.435,0.713,0.305,0.0807,0.225,0.44,0.884;a;
a;0.589,0.445,0.653,0.0386,0.56,0.243,0.667,0.424,0.783,0.644;aaaaa;
aa;0.603,0.21,0.566,0.501,0.989,0.363,0.552,0.138,0.015,0.0146;aaaaaa;
a;0.381,0.98,0.465,0.569,0.117,0.977,0.874,0.0609,0.459,0.451;aaaaaaaaa;
a;0.0595,0.892,0.7,0.472,0.169,0.0603,0.126,0.683,0.218,0.063;a;
aaaaaaaa;0.695,0.574,0.537,0.853,0.731,0.801,0.888,0.551,0.967,0.427;aaaa;
aaaaa;0.341,0.292,0.0998,0.993,0.0266,0.835,0.631,0.229,0.322,0.57;aaaaa;
aaaaa;0.08,0.936,0.109,0.753,0.199,0.339,0.381,0.381,0.472,0.331;aaaaaaa;
aaaaaaa;0.649,0.838,0.251,0.65,0.272,0.197,0.229,0.322,0.0908,0.941;aa;
a;0.765,0.286,0.685,0.83,0.63,0.727,0.489,0.1,0.248,0.0866;aaaaaaaa;
aaa;0.794,0.873,0.63,0.156,0.127,0.182,0.00849,0.446,0.17,0.726;aaaaaa;
aaaa;0.318,0.683,0.779,0.154,0.534,0.0449,0.455,0.154,0.692,0.182;aaaaaaa;
a;0.588,0.192,0.71,0.00207,0.918,0.236,0.975,0.152,0.787,0.652;aa;
aa;0.703,0.81,0.161,0.489,0.909,0.549,0.714,0.233,0.782,0.374;aaaaa;
aaaa;0.462,0.941,0.278,0.3,0.781,0.852,0.0945,0.359,0.226,0.963;aaaaaaaa;
aaaa;0.527,0.119,0.486,0.683,0.987,0.808,0.623,0.709,0.315,0.793;aaaaaaa;
a;0.0508,0.802,0.997,0.838,0.791,0.474,0.485,0.714,0.89,0.917;aaaaa;
aaaaaaa;0.522,0.2,0.135,0.63,0.422,0.448,0.253,0.368,0.336,0.628;aaaaa;
aaaaaaaa;0.669,0.88,0.672,0.936,0.558,0.141,0.691,0.166,0.617,0.546;aaaaaaaa;
aaaaaaaa;0.577,0.915,0.514,0.34,0.0725,0.138,0.253,0.646,0.587,0.226;aa;
aa;0.164,0.964,0.314,0.766,0.286,0.144,0.684,0.134,0.33,0.368;aaaaa;
aa;0.296,0.986,0.468,0.741,0.844,0.749,0.106,0.697,0.337,0.079;aaaaa;
aaaaaaaaa;0.903,0.39,0.906,0.468,0.842,0.325,0.522,0.381,0.645,0.507;aaaaaaaa;
aaaaaaaaaa;0.479,0.26,0.953,0.624,0.169,0.0812,0.427,0.515,0.615,0.914;aaaaaaaaa;
aaaaaa;0.999,0.522,0.0714,0.865,0.0294,0.341,0.541,0.901,0.686,0.407;aaaaaa;
aaaaaaaa;0.888,0.472,0.944,0.258,0.105,0.835,0.949,0.894,0.189,0.249;aaaaaa;
aaaaaa;0.955,0.889,0.0128,0.593,0.2,0.271,0.0105,0.712,0.0535,0.761;aa;
aaaaaaaaaa;0.59,0.592,0.326,0.874,0.933,1,0.946,0.126,0.781,0.746;aaaa;
aaaa;0.561,0.413,0.274,0.603,0.344,0.7,0.439,0.154,0.0544,0.648;aaaaaaaaa;
aaaaa;0.477,0.496,0.375,0.268,0.102,0.0475,0.748,0.279,0.344,0.73;aaaaa;
aaaaa;0.46,0.929,0.201,0.684,0.685,0.0898,0.454,0.0281,0.683,0.0675;aaaaaaaa;
aaaaaa;0.0825,0.477,0.789,0.367,0.771,0.583,0.0901,0.925,0.494,0.93;aaaaaaa;
aaaa;0.901,0.613,0.327,0.522,0.995,0.932,0.513,0.71,0.399,0.756;aaaaaaaaa;
aaa;0.611,0.724,0.283,0.547,0.803,0.352,0.497,0.326,0.424,0.441;aa;
aaaa;0.238,0.0547,0.959,0.212,0.615,0.997,0.622,0.399,0.579,0.478;aa;
aaaaa;0.285,0.869,0.513,0.0144,0.619,0.878,0.651,0.776,0.459,0.989;aaa;
aaaaaaaaa;0.306,0.73,0.263,0.846,0.335,0.0697,0.55,0.978,0.195,0.899;aaaa;
aa;0.695,0.365,0.201,0.00758,0.998,0.184,0.371,0.806,0.631,0.0476;aaaaaaaaaa;
aa;0.83,0.536,0.794,0.747,0.512,0.8,0.112,0.805,0.547,0.66;aaaaaaa;
aaaaa;0.422,0.583,0.303,0.772,0.921,0.12,0.379,0.0876,0.79,0.201;aaaaa;
aaaaaaaaa;0.451,0.386,0.403,0.435,0.493,0.575,0.421,0.708,0.193,0.765;aa;
aaa;0.683,0.662,0.962,0.653,0.00901,0.413,0.823,0.681,0.534,0.813;aaaaaaaaa;
aaaaaaaaaa;0.224,0.931,0.895,0.433,0.391,0.935,0.834,0.842,0.483,0.366;aaaa;
aa;0.143,0.377,0.936,0.136,0.549,0.754,0.44,0.437,0.266,0.797;aaaaaaa;
aa;0.451,0.286,0.144,0.385,0.385,0.0558,0.519,0.388,0.597,0.654;aaaaaa;
aaaaaaaaaa;0.948,0.159,0.0273,0.82,0.62,0.158,0.455,0.685,0.272,0.15;aaaaa;
aaaaaaaaa;0.0845,0.773,0.842,0.236,0.06,0.893,0.479,0.134,0.843,0.677;aaaa;
a;0.439,0.121,0.0285,0.739,0.168,0.637,0.139,0.567,0.961,0.921;aaaaaaa;
aa;0.8,0.97,0.669,0.12,0.974,0.663,0.311,0.328,0.0672,0.193;aaaaa;
aaaaaaaa;0.602,0.575,1,0.847,0.325,0.9,0.703,0.764,0.0599,0.657;aaa;
aaa;0.994,0.0874,0.997,0.398,0.406,0.396,0.738,0.917,0.482,0.411;aaaaa;
a;0.841,0.0936,0.0397,0.304,0.476,0.628,0.0531,0.716,0.541,0.835;aaaaaaaaaa;
a;0.121,0.501,0.763,0.414,0.964,0.613,0.563,0.975,0.861,0.866;aaaaaa;
aaaaaaaaaa;0.769,0.585,0.617,0.0758,0.948,0.416,0.981,0.52,0.462,0.507;aaaa;
aaaaa;0.0904,0.119,0.476,0.668,0.628,0.251,0.66,0.53,0.923,0.279;aaa;
aaaaaaaaaa;0.185,0.396,0.726,0.595,0.832,0.882,0.425,0.194,0.0804,0.00696;aaaaaaa;
aaaaaaaaa;0.252,0.226,0.171,0.0141,0.536,0.212,0.187,0.852,0.33,0.452;aaaaaaaa;
a;0.199,0.883,0.361,0.845,0.0646,0.817,0.312,0.305,0.555,0.918;aaaaaa;
aa;0.652,0.579,0.324,0.137,0.177,0.254,0.0531,0.0329,0.56,0.169;aaaa;
aaaaaaaaa;0.176,0.178,0.573,0.517,0.351,0.901,0.951,0.737,0.565,0.816;aaa;
aaaaaaa;0.835,0.758,0.588,0.207,0.708,0.933,0.306,0.0355,0.114,0.92;aaaaaaaaaa;
aaaa;0.593,0.44,0.237,0.392,0.0256,0.835,0.996,0.437,0.436,0.55;aaa;
aaaaaa;0.46,0.577,0.0932,0.256,0.87,0.0808,0.561,0.344,0.98,0.788;aaaa;
a;0.00288,0.731,0.412,0.556,0.88,0.65,0.0744,0.328,0.0614,0.123;aaaaaaaaa;
aaaaaaaaa;0.315,0.826,0.26,0.996,0.699,0.66,0.234,0.714,0.00222,0.532;a;
aaaaaaa;0.594,0.465,0.817,0.863,0.486,0.137,0.673,0.222,0.467,0.212;aaaaaaa;
aaaaaaaaaa;0.764,0.422,0.7,0.341,0.471,0.756,0.767,0.439,0.00453,0.56;a;
aaaaaaa;0.645,0.21,0.892,0.666,0.87,0.987,0.715,0.803,0.54,0.842;aa;
aaaaa;0.422,0.929,0.716,0.847,0.981,0.62,0.202,0.295,0.0473,0.893;aa;
aa;0.768,0.766,0.828,0.249,0.445,0.00278,0.607,0.94,0.473,0.517;aa;
aaaaaaaaaa;0.958,0.951,0.904,0.469,0.844,0.498,0.964,0.81,0.287,0.134;a;
a;0.00596,0.492,0.97,0.989,0.75,0.606,0.884,0.0735,0.321,0.393;aaaaaaaaa;
aaaa;0.861,0.792,0.402,0.782,0.952,0.0202,0.64,0.0147,0.941,0.469;aaaaaa;
aa;0.216,0.0251,0.145,0.738,0.0844,0.137,0.363,0.394,0.685,0.348;aaaaa;
aaaaaaaaa;0.846,0.67,0.219,0.342,0.62,0.402,0.467,0.173,0.0953,0.445;aaaaaaaaa;
aaaaaaa;0.718,0.332,0.42,0.333,0.026,0.901,0.614,0.244,0.432,0.814;aaaaaaa;
aa;0.523,0.359,0.623,0.727,0.97,0.283,0.64,0.381,0.183,0.356;aaaaa;
aaa;0.481,0.812,0.176,0.493,0.949,0.114,0.145,0.262,0.513,0.405;aaaaa;
aaaaaaa;0.73,0.614,0.386,0.227,0.487,0.0239,0.858,0.923,0.679,0.995;aaaaaaaaa;
aaaaa;0.947,0.347,0.264,0.873,0.914,0.0514,0.538,0.617,0.406,0.958;a;
aaa;0.965,0.62,0.205,0.579,0.751,0.481,0.887,0.149,0.0479,0.151;aaaaaaaaa;
aaaaaaaa;0.615,0.98,0.684,0.991,0.604,0.0261,0.457,0.27,0.168,0.0744;a;
aaaaaa;0.138,0.389,0.542,0.802,0.324,0.797,0.228,0.949,0.36,0.361;aaaa;
aaaaaa;0.248,0.332,0.871,0.73,0.504,0.244,0.666,0.887,0.541,0.801;aaaaaaaaaa;
aaaaaaa;0.332,0.279,0.474,0.482,0.556,0.615,0.442,0.944,0.319,0.00892;aaaaaaaaa;
aaaaaaaaa;0.218,0.126,0.0888,0.524,0.45,0.793,0.819,0.967,0.724,0.436;aaaaaa;
aaa;0.506,0.0748,0.00338,0.927,0.416,0.652,0.502,0.0813,0.538,0.174;aa;
aaaaaa;0.435,0.571,0.776,0.315,0.345,0.675,0.789,0.188,0.395,0.141;aaaaaaaaaa;
aaaa;0.924,0.0287,0.537,0.615,0.25,0.205,0.243,0.17,0.438,0.292;aaa;
aa;0.646,0.909,0.703,0.89,0.271,0.818,0.0487,0.436,0.665,0.533;aaaaaaaaa;
aaaaaaaa;0.466,0.483,0.647,0.79,0.37,0.402,0.117,0.148,0.326,0.173;aaaaaaaaaa;
aaaaaa;0.689,0.855,0.51,0.911,0.84,0.299,0.118,0.0593,0.194,0.242;aaa;
a;0.14,0.499,0.122,0.329,0.759,0.801,0.34,0.729,0.0494,0.881;aaaa;
aaaaaa;0.237,0.302,0.499,0.494,0.999,0.513,0.866,0.114,0.416,0.294;aaaaaa;
aaaaaaaaaa;0.527,0.236,0.109,0.306,0.556,0.322,0.0126,0.625,0.465,0.11;aaaaa;
aaaaaaaa;0.217,0.978,0.625,0.313,0.559,0.26,0.405,0.632,0.76,0.14;aaaaa;
aa;0.595,0.328,0.316,0.416,0.257,0.306,0.652,0.846,0.562,0.0402;aa;
aaaaa;0.3,0.0164,0.311,0.228,0.505,0.34,0.206,0.214,0.224,0.219;aaaaaaaaa;
aaa;0.538,0.823,0.718,0.403,0.507,0.349,0.778,0.275,0.0474,0.768;aaaa;
a;0.614,0.978,0.0805,0.563,0.483,0.221,0.2,0.556,0.0816,0.717;aaaaaaaaaa;
aaaaa;0.642,0.641,0.94,0.66,0.338,0.534,0.674,0.635,0.232,0.702;aaa;
aaaaaaa;0.491,0.636,0.582,0.498,0.488,0.683,0.0732,0.872,0.663,0.196;aaaaaaaaaa;
aaaaaaaaa;0.691,0.315,0.925,0.231,0.507,0.0107,0.537,0.497,0.861,0.199;aaaaaaa;
aaaaaaa;0.467,0.663,0.364,0.339,0.546,0.603,0.675,0.0894,0.892,0.954;aaaa;
a;0.553,0.933,0.595,0.407,0.618,0.35,0.793,0.47,0.596,0.698;a;
aaaaaaa;0.226,0.151,0.845,0.424,0.275,0.718,0.344,0.171,0.964,0.483;aaaaa;
aaaaaaaaaa;0.155,0.882,0.983,0.363,0.0482,0.0387,0.0969,0.916,0.0828,0.686;a;
aaaaa;0.853,0.904,0.726,0.36,0.174,0.00608,0.226,0.377,0.429,0.2;aa;
aa;0.384,0.229,0.205,0.566,0.933,0.484,0.665,0.717,0.556,0.754;aaaaaaaaa;
aaaaa;0.208,0.266,0.592,0.303,0.25,0.648,0.977,0.677,0.275,0.745;aaaaa;
aa;0.975,0.918,0.829,0.884,0.661,0.977,0.794,0.907,0.898,0.79;aaa;
aaaaaaa;0.741,0.852,0.09,0.916,0.146,0.973,0.783,0.264,0.225,0.287;aaaaaa;
aaaaaaaa;0.579,0.842,0.783,0.0364,0.261,0.238,0.869,0.341,0.354,0.68;aaaa;
aaaaaaaaa;0.404,0.788,0.899,0.0192,0.342,0.32,0.714,0.558,0.488,0.793;aaaa;
aaaaaa;0.698,0.29,0.707,0.641,0.389,0.806,0.418,0.253,0.275,0.119;aaaaaaaa;
a;0.412,0.879,0.047,0.423,0.945,0.639,0.094,0.882,0.836,0.692;aaaaaa;
aaaaaaaaa;0.336,0.447,0.599,0.647,0.783,0.767,0.224,0.754,0.384,0.66;aaaaa;
aaaaaaaaa;0.392,0.695,0.214,0.0437,0.257,0.14,0.148,0.342,0.606,0.912;aaa;
aaa;0.065,0.485,0.87,0.741,0.439,0.683,0.33,0.111,0.268,0.469;aaa;
aaaa;0.638,0.0153,0.175,0.809,0.8,0.336,0.438,0.554,0.877,0.436;aaa;
aaaaaaaa;0.0405,0.909,0.556,0.229,0.593,0.249,0.948,0.628,0.255,0.885;aaaaaaaaaa;
aaaaaaaa;0.967,0.479,0.0152,0.799,0.329,0.641,0.816,0.0578,0.996,0.247;aaa;
a;0.8,0.765,0.877,0.341,0.728,0.501,0.933,0.309,0.922,0.902;aaaaa;
aaaaaaaa;0.0127,0.0526,0.767,0.00916,0.104,0.0794,0.464,0.36,0.418,0.513;aaaaaaaa;
a;0.274,0.0311,0.104,0.256,0.525,0.567,0.128,0.42,0.703,0.855;aaa;
a;0.662,0.943,0.803,0.642,0.114,0.112,0.472,0.742,0.514,0.771;aaaaa;
aaaaaa;0.814,0.489,0.0414,0.669,0.855,0.202,0.859,0.818,0.416,0.855;aaaaaaaaaa;
a;0.37,0.619,0.472,0.659,0.445,0.101,0.816,0.191,0.108,0.294;a;
aaaaaaaaa;0.665,0.939,0.239,0.466,0.881,0.079,0.462,0.758,0.862,0.805;aaaaaaa;
aaaaaaaaaa;0.356,0.189,0.709,0.521,0.472,0.412,0.0742,0.709,0.498,0.976;aa;
aaaaa;0.179,0.159,0.123,0.0616,0.108,0.71,0.53,0.504,0.703,0.45;a;
aaa;0.87,0.155,0.422,0.512,0.963,0.102,0.178,0.587,0.816,0.887;aaaa;
aaa;0.294,0.921,0.288,0.803,0.25,0.388,0.925,0.253,0.00942,0.46;aaaaaa;
aaa;0.372,0.389,0.392,0.908,0.619,0.563,0.684,0.527,0.494,0.801;aaaaaaaaa;
aaaa;0.716,0.925,0.241,0.249,0.977,0.000582,0.216,0.953,0.875,1;aaaaa;
aaaaaaaaaa;0.221,0.95,0.988,0.0613,0.479,0.726,0.606,0.674,0.859,0.628;aaaaaaaaaa;
aaaaaaaa;0.745,0.0601,0.161,0.56,0.622,0.865,0.422,0.67,0.334,0.0978;aaaa;
aaaaaa;0.895,0.898,0.171,0.49,0.267,0.0145,0.686,0.313,0.276,0.488;aaaaaaaaaa;
aaaaaaaaa;0.683,0.312,0.852,0.25,0.174,0.442,0.678,0.721,0.882,0.172;aaaaaaaaa;
aaaaaaaaa;0.703,0.946,0.119,0.335,0.0956,0.397,0.127,0.154,0.25,0.216;aaaa;
aa;0.962,0.988,0.109,0.0888,0.533,0.681,0.493,0.971,0.458,0.378;a;
aaaaaaa;0.0961,0.612,0.496,0.884,0.125,0.252,0.842,0.366,0.964,0.587;aaa;
aaaaaaa;0.305,0.466,0.152,0.406,0.65,0.313,0.217,0.261,0.389,0.239;aaaaaaaa;
aaaa;0.889,0.735,0.281,0.707,0.025,0.0883,0.503,0.217,0.213,0.384;aaaaaaa;
aaaaaa;0.0946,0.415,0.175,0.167,0.373,0.0395,0.409,0.167,0.667,0.878;aaaaaaaa;
aaa;0.343,0.397,0.821,0.896,0.994,0.911,0.339,0.76,0.125,0.522;aaaaaaaa;
aaaaaaaaa;0.415,0.00589,0.993,0.717,0.542,0.496,0.265,0.428,0.506,0.846;a;
aaaaaaaaa;0.0264,0.629,0.759,0.763,0.105,0.948,0.115,0.733,0.389,0.892;aaaaaaaaa;
aaaaa;0.45,0.911,0.732,0.587,0.236,0.561,0.147,0.0773,0.867,0.173;aaaaaaaaa;
aaaaaa;0.912,0.46,0.361,0.839,0.795,0.962,0.542,0.717,0.0524,0.501;aaaaaaaa;
aaaaaaaa;0.552,0.0598,0.0645,0.637,0.762,0.292,0.726,0.485,0.00838,0.473;aaaaaa;
aaaaaaaaa;0.841,0.463,0.136,0.481,0.826,0.101,0.423,0.28,0.941,0.0364;aaaaa;
aaaa;0.715,0.228,0.434,0.543,0.116,0.00221,0.467,0.526,0.679,0.802;aaaaaaaa;
aaaaaaaaa;0.262,0.42,0.67,0.65,0.855,0.111,0.133,0.615,0.115,0.338;aaaaaaaaa;
aaaaaaaaa;0.556,0.00777,0.154,0.772,0.189,0.354,0.413,0.00229,0.44,0.633;a;
aaaaa;0.405,0.132,0.0708,0.952,0.813,0.16,0.224,0.674,0.644,0.176;aaaaaaaaaa;
aaaaaaaa;0.308,0.0189,0.267,0.618,0.517,0.707,0.0257,0.921,0.78,0.97;aaaaaaa;
aaaaaaaaaa;0.00663,0.212,0.495,0.508,0.56,0.835,0.624,0.345,0.757,0.884;aaaaaaaaaa;
aaaaaaa;0.39,0.896,0.655,0.691,0.531,0.789,0.674,0.304,0.407,0.156;aaaaaaaaaa;
aaa;0.487,0.722,0.671,0.159,0.328,0.767,0.119,0.239,0.82,0.899;aaaa;
aaaaaa;0.723,0.81,0.0908,0.48,0.285,0.865,0.165,0.223,0.0684,0.725;a;
aaaaaaaa;0.69,0.73,0.925,0.145,0.379,0.38,0.46,0.333,0.244,0.0787;aaaaaa;
aaaaaaaaa;0.459,0.837,0.607,0.819,0.0501,0.832,0.445,0.976,0.909,0.161;aaaaa;
aa;0.159,0.289,0.14,0.683,0.872,0.0309,0.689,0.321,0.787,0.641;aaaaaa;
aaa;0.442,0.114,0.4,0.19,0.356,0.117,0.233,0.756,0.416,0.985;aa;
aaa;0.0938,0.948,0.598,0.171,0.861,0.659,0.612,0.0778,0.9,0.31;aaaaaa;
aaaaaa;0.753,0.775,0.387,0.714,0.76,0.45,0.315,0.194,0.344,0.319;aaaaa;
aaa;0.596,0.543,0.688,0.107,0.326,0.361,0.587,0.247,0.796,0.921;aaaaaa;
aaaaaaa;0.594,0.0305,0.949,0.791,0.947,0.663,0.214,0.424,0.109,0.278;a;
a;0.94,0.474,0.408,0.902,0.432,0.241,0.146,0.911,0.479,0.702;aa;
aaaaaaaaaa;0.535,0.641,0.182,0.0792,0.188,0.262,0.102,0.635,0.593,0.854;aaaaaaa;
aaaaaaa;0.259,0.831,0.535,0.75,0.604,0.299,0.533,0.8,0.124,0.41;aa;
aa;0.474,0.862,0.928,0.836,0.205,0.279,0.881,0.197,0.309,0.34;aaaaaa;
aa;0.116,0.825,0.208,0.595,0.972,0.559,0.438,0.187,0.12,0.262;aaaaaaaa;
aaa;0.146,0.605,0.86,0.0513,0.864,0.495,0.953,0.087,0.303,0.666;aaa;
aaaaaa;0.728,0.374,0.0734,0.481,0.175,0.0712,0.563,0.262,0.312,0.476;aa;
aaa;0.0888,0.506,0.163,0.386,0.0974,0.655,0.415,0.279,0.872,0.719;aaaaa;
aaaaaa;0.627,0.424,0.381,0.694,0.293,0.968,0.0519,0.775,0.334,0.46;aaaaaaaa;
a;0.783,0.277,0.243,0.197,0.0659,0.841,0.701,0.395,0.903,0.0493;aaaaaa;
aaaa;0.0406,0.928,0.273,0.337,0.583,0.437,0.485,0.404,0.805,0.494;aaaaaaa;
a;0.276,0.00535,0.099,0.642,0.74,0.0242,0.614,0.97,0.176,0.879;aaa;
aa;0.51,0.941,0.615,0.179,0.255,0.113,0.245,0.909,0.113,0.0858;aaaa;
a;0.797,0.873,0.273,0.243,0.239,0.718,0.593,0.802,0.154,0.22;aaaaaa;
aaaaaaaa;0.879,0.189,0.675,0.556,0.449,0.301,0.177,0.751,0.261,0.598;aaaaa;
aaaa;0.58,0.422,0.384,0.442,0.523,0.391,0.108,0.243,0.145,0.064;a;
aaaaaa;0.198,0.183,0.902,0.747,0.768,0.849,0.944,0.763,0.546,0.263;aaaaaaaa;
aaaaaa;0.949,0.49,0.000719,0.512,0.515,0.895,0.471,0.864,0.719,0.407;aa;
aaaaa;0.612,0.529,0.423,0.277,0.745,0.372,0.321,0.227,0.877,0.717;aaaaaaaaa;
a;0.359,0.057,0.423,0.993,0.58,0.337,0.161,0.91,0.728,0.227;aaaaa;
aaaaaa;0.489,0.319,0.529,0.0141,0.78,0.76,0.628,0.72,0.671,0.918;a;
aaaaaaa;0.525,0.996,0.71,0.0772,0.763,0.276,0.581,0.211,0.387,0.102;aaaaaaaaaa;
aaaa;0.774,0.724,0.00241,0.891,0.032,0.477,0.53,0.109,0.715,0.556;aaaaaaaaa;
aaa;0.0814,0.639,0.582,0.25,0.118,0.644,0.588,0.101,0.243,0.812;aaaaaaaa;
aaaaaaa;0.761,0.0957,0.608,0.312,0.409,0.492,0.13,0.806,0.666,0.0956;a;
aaaaa;0.0747,0.715,0.753,0.114,0.501,0.576,0.63,0.383,0.277,0.828;aaaa;
aaaaaaaaaa;0.215,0.181,0.451,0.592,0.0941,0.368,0.604,0.143,0.773,0.474;aaaaaaaa;
aaaaaaaa;0.111,0.0459,0.715,0.12,0.797,0.306,0.449,0.637,0.818,0.612;aaaaaaa;
aaaaa;0.184,0.476,0.433,0.0566,0.113,0.423,0.00192,0.674,0.326,0.00546;aaaaaaa;
aaaaaa;0.0838,0.0852,0.889,0.193,0.512,0.937,0.253,0.873,0.228,0.937;aaaaaaaaa;
aaaaaaaaa;0.662,0.583,0.377,0.173,0.795,0.795,0.682,0.657,0.0323,0.26;aaaaaa;
aaaaa;0.96,0.373,0.939,0.296,0.157,0.821,0.35,0.417,0.919,0.411;a;
aaaaa;0.893,0.306,0.835,0.614,0.851,0.784,0.711,0.698,0.144,0.31;aaaa;
a;0.0954,0.14,0.714,0.566,0.752,0.748,0.404,0.488,0.179,0.0317;aaaaa;
aaaaaaa;0.336,0.114,0.778,0.311,0.0487,0.611,0.501,0.553,0.655,0.902;aaaaaaaa;
aaaaaaaa;0.643,0.477,0.712,0.755,0.34,0.303,0.625,0.841,0.749,0.562;aaaaaaaaa;
a;0.759,0.386,0.798,0.181,0.508,0.995,0.518,0.0508,0.0557,0.108;aaaaaaaa;
aaaaaaaa;0.204,0.62,0.897,0.12,0.265,0.0795,0.677,0.666,0.588,0.563;aa;
aaaaaa;0.406,0.185,0.806,0.837,0.232,0.467,0.639,0.579,0.125,0.565;aaaaa;
aaaaaaa;0.573,0.167,0.372,0.494,0.418,0.251,0.624,0.00454,0.0312,0.517;aaaaaaa;
aaaaa;0.43,0.384,0.957,0.421,0.0829,0.104,0.933,0.54,0.821,0.54;aaaaaa;
aaaaaaaaaa;0.158,0.097,0.427,0.827,0.817,0.0572,0.388,0.138,0.827,0.11;aaaaaaaaaa;
aaaaaaa;0.333,0.83,0.335,0.32,0.529,0.93,0.569,0.662,0.172,0.228;aaaaaaaaaa;
aaaaaaaaa;0.241,0.642,0.569,0.0889,0.679,0.485,0.932,0.0159,0.371,0.121;aaaaaaaaa;
aaaaa;0.908,0.0737,0.0967,0.376,0.0358,0.523,0.726,0.36,0.0488,0.534;aaaaaaaaa;
a;0.342,0.489,0.299,0.535,0.000414,0.334,0.694,0.508,0.385,0.696;aaaaaaa;
aaa;0.614,0.958,0.042,0.774,0.237,0.994,0.159,0.34,0.403,0.0428;aaa;
a;0.671,0.825,0.27,0.493,0.127,0.421,0.0243,0.000326,0.694,0.419;aaaaa;
aaaaa;0.657,0.965,0.081,0.539,0.277,0.227,0.776,0.87,0.807,0.545;aaaaaaaaa;
aaaaaaaa;0.301,0.494,0.539,0.281,0.341,0.283,0.551,0.94,0.394,0.154;a;
aaaaaaaaaa;0.154,0.811,0.349,0.0981,0.364,0.78,0.821,0.854,0.407,0.146;aaaa;
aaaaaaaa;0.42,0.334,0.0649,0.396,0.197,0.355,0.0202,0.442,0.683,0.385;a;
aaaaaaaaaa;0.178,0.288,0.925,0.397,0.964,0.179,0.905,0.708,0.607,0.692;aaaa;
aaaaaaaaa;0.586,0.982,0.591,0.496,0.421,0.697,0.258,0.783,0.681,0.232;aaaaaa;
aaaaaaaaaa;0.434,0.789,0.382,0.00613,0.89,0.16,0.446,0.923,0.467,0.214;aaaaaaaaa;
aaaaaa;0.806,0.34,0.387,0.0532,0.673,0.639,0.187,0.969,0.133,0.801;aaa;
aaaaaaaaaa;0.564,0.934,0.442,0.236,0.998,0.768,0.471,0.593,0.482,0.0372;aaaaaaaa;
aaaaa;0.412,0.873,0.384,0.373,0.849,0.957,0.0806,0.438,0.575,0.16;aa;
aaaaaaaaa;0.853,0.883,0.127,0.322,0.918,0.0397,0.382,0.316,0.875,0.977;aaa;
a;0.689,0.0183,0.0513,0.439,0.22,0.231,0.267,0.76,0.0749,0.749;aa;
aaaaaaaaa;0.399,0.0815,0.958,0.957,0.632,0.361,0.861,0.791,0.7,0.671;aaaaaaaa;
aaaaaaaaa;0.229,0.311,0.709,0.659,0.592,0.56,0.0811,0.293,0.982,0.0322;aaaa;
aaaaa;0.362,0.17,0.367,0.728,0.764,0.372,0.602,0.147,0.883,0.366;aaaaaaaaa;
a;0.567,0.887,0.742,0.333,0.102,0.0256,0.963,0.85,0.523,0.221;aa;
aaaaaaaaa;0.0182,0.471,0.72,0.188,0.874,0.736,0.115,0.183,0.802,0.793;aaaaaaaaa;
aa;0.854,0.342,0.894,0.625,0.688,0.248,0.00299,0.0431,0.567,0.199;aa;
aaaaaaaaa;0.654,0.13,0.727,0.325,0.827,0.251,0.726,0.28,0.868,0.402;aaaaaaaaaa;
aaaa;0.00715,0.723,0.558,0.427,0.77,0.28,0.0184,0.591,0.848,0.115;aaaa;
aaa;0.248,0.816,0.131,0.919,0.0653,0.118,0.0645,0.453,0.834,0.72;aaaaa;
aaaa;0.301,0.0248,0.338,0.748,0.0622,0.948,0.29,0.772,0.391,0.839;aaaaaaaa;
aaaaaaaa;0.121,0.388,0.426,0.374,0.742,0.288,0.595,0.0725,0.545,0.719;aaaaaaaaa;
aaaaaa;0.249,0.756,0.12,0.965,0.514,0.274,0.14,0.719,0.194,0.968;aaaa;
aaaaa;0.513,0.515,0.733,0.658,0.217,0.00345,0.852,0.142,0.812,0.603;aaa;
aaaaaa;0.553,0.707,0.56,0.593,0.0346,0.247,0.496,0.165,0.576,0.927;aaaaaaaa;
aaaaaaaa;0.556,0.302,0.877,0.419,0.366,0.41,0.437,0.791,0.765,0.666;aaaaaa;
aaaaa;0.733,0.691,0.214,0.314,0.0871,0.289,0.455,0.948,0.607,0.742;a;
aaa;0.703,0.838,0.38,0.685,0.988,0.899,0.974,0.345,0.366,0.827;aaaaaaaa;
a;0.032,0.62,0.000292,0.484,0.824,0.992,0.75,0.815,0.839,0.195;aaaaaaaa;
a;0.0754,0.84,0.134,0.633,0.75,0.353,0.0343,0.21,0.318,0.973;aaaa;
a;0.335,0.374,0.0754,0.0112,0.423,0.583,0.873,0.411,0.648,0.781;aaaaaaaa;
aaaaaa;0.515,0.197,0.778,0.661,0.729,0.296,0.286,0.0779,0.776,0.424;a;
aaaaaa;0.618,0.143,0.896,0.0394,0.629,0.8,0.0524,0.207,0.127,0.68;a;
aaaaaaaa;0.99,0.7,0.924,0.653,0.784,0.0222,0.207,0.54,0.524,0.326;aaaaaaaa;
aaaaaaa;0.441,0.518,0.381,0.947,0.113,0.811,0.855,0.237,0.808,0.478;aaaa;
aaaaa;0.0721,0.183,0.511,0.377,0.946,0.548,0.687,0.194,0.147,0.962;a;
a;0.988,0.0498,0.0794,0.526,0.683,0.941,0.345,0.898,0.446,0.318;aa;
aaaaaa;0.85,0.728,0.595,0.903,0.325,0.00156,0.46,0.202,0.354,0.0266;aaaaaaaaa;
aaaaaaa;0.121,0.164,0.34,0.442,0.971,0.703,0.674,0.0207,0.0688,0.0421;aaaaa;
a;0.349,0.923,0.0171,0.489,0.899,0.587,0.221,0.562,0.568,0.13;aaaaaaaaa;
aaaaaa;0.674,0.561,0.357,0.0928,0.485,0.657,0.768,0.224,0.0644,0.778;a;
aaaaaaa;0.559,0.358,0.269,0.582,0.695,0.642,0.431,0.921,0.912,0.574;aaaaaaaaa;
aaaaaaaa;0.833,0.837,0.168,0.457,0.464,0.484,0.842,0.693,0.0147,0.544;aaaaaa;
aaaaaaaa;0.695,0.303,0.348,0.911,0.185,0.965,0.245,0.577,0.442,0.271;aaaaaaaaa;
a;0.279,0.768,0.159,0.605,0.726,0.0387,0.948,0.143,0.109,0.92;aaaaaaa;
aaaa;0.166,0.323,0.264,0.621,0.524,0.416,0.617,0.842,0.868,0.97;aa;
aaaaaaaaaa;0.839,0.35,0.877,0.615,0.592,0.287,0.537,0.756,0.505,0.107;aaaaaaaa;
aaaaaaaaaa;0.0415,0.132,0.88,0.293,0.65,0.262,0.694,0.00415,0.758,0.888;aaaaa;
aaaaaaaaa;0.0262,0.0645,0.324,0.318,0.7,0.131,0.586,0.873,0.0705,0.436;aaaaaaa;
aa;0.341,0.907,0.446,0.798,0.681,0.426,0.784,0.254,0.48,0.224;aaa;
aa;0.166,0.341,0.479,0.214,0.433,0.748,0.0875,0.42,0.738,0.0542;a;
aaaaaaa;0.796,0.462,0.407,0.265,0.0104,0.305,0.376,0.3,0.474,0.629;aaaaa;
aa;0.0862,0.201,0.257,0.69,0.305,0.732,0.19,0.978,0.626,0.835;aaaaa;
aaaaaaaaaa;0.91,0.332,0.121,0.341,0.663,0.542,0.676,0.792,0.903,0.0527;aaaaaaaaaa;
aaaaaaa;0.549,0.192,0.368,0.387,0.0629,0.907,0.244,0.578,0.0703,0.833;aaaa;
aaaaaaaa;0.045,0.503,0.7,0.628,0.0959,0.755,0.606,0.0109,0.284,0.31;aaaa;
aaaaaaaa;0.611,0.0461,0.0823,0.0469,0.181,0.253,0.247,0.227,0.00635,0.386;a;
aaaaaaaaaa;0.665,0.243,0.216,0.415,0.519,0.13,0.736,0.641,0.458,0.985;aaaaaa;
aaaaaa;0.536,0.736,0.0375,0.192,0.811,0.77,0.812,0.263,0.603,0.755;aaaa;
a;0.965,0.563,0.713,0.704,0.613,0.683,0.559,0.392,0.375,0.69;aaaaaa;
aaaaaa;0.0237,0.169,0.758,0.994,0.457,0.718,0.874,0.134,0.6,0.751;aaaa;
aaaaaaa;0.14,0.114,0.91,0.818,0.972,0.905,0.775,0.643,0.000136,0.498;aaaaaa;
aa;0.401,0.654,0.2,0.0619,0.101,0.721,0.637,0.0684,0.829,0.833;aaaaa;
aaaaaaaaa;0.755,0.145,0.363,0.541,0.803,0.993,0.697,0.762,0.414,0.862;aaaaaa;
aaaa;0.607,0.651,0.956,0.374,0.82,0.00149,0.826,0.201,0.154,0.715;aaaaaaaaaa;
a;0.0633,0.753,0.818,0.836,0.978,0.808,0.037,0.993,0.609,0.391;a;
aaaaaa;0.457,0.977,0.835,0.483,0.685,0.674,0.183,0.374,0.677,0.966;aaaaaaaaaa;
aaaa;0.469,0.421,0.416,0.0078,0.517,0.912,0.893,0.528,0.705,0.27;aaaaaaaaa;
aaaaaaa;0.907,0.701,0.187,0.742,0.383,0.76,0.364,0.035,0.379,0.28;aaaa;
aaaaaaaa;0.705,0.978,0.69,0.631,0.276,0.957,0.694,0.235,0.633,0.875;aaaaaaaa;
aa;0.665,0.268,0.221,0.219,0.386,0.498,0.805,0.0182,0.0463,0.227;aa;
aaaaaaa;0.514,0.538,0.616,0.835,0.264,0.712,0.575,0.685,0.045,0.819;aa;
aaaaaaaa;0.166,0.198,0.313,0.379,0.218,0.794,0.156,0.425,0.445,0.452;aaaaaaaa;
aaaaaaa;0.612,0.563,0.667,0.0303,0.256,0.359,0.358,0.427,0.705,0.236;a;
aaaaaaaaa;0.816,0.271,0.499,0.171,0.467,0.229,0.122,0.554,0.141,0.703;aaa;
aaaaaa;0.897,0.162,0.242,0.587,0.851,0.802,0.75,0.248,0.233,0.0808;aaaaaaaaaa;
aaaaaaa;0.655,0.505,0.664,0.593,0.529,0.869,0.25,0.571,0.441,0.618;aaaaaaa;
aaaaaaaa;0.871,0.794,0.857,0.632,0.347,0.509,0.459,0.749,0.842,0.712;aaaaaa;
aaaaaaa;0.00655,0.19,0.321,0.227,0.892,0.696,0.653,0.594,0.0458,0.62;a;
aaaaaaaa;0.567,0.385,0.232,0.147,0.895,0.89,0.0354,0.476,0.426,0.627;aaa;
aaaa;0.756,0.105,0.415,0.193,0.0855,0.0765,0.973,0.78,0.128,0.862;aaaaaaaaa;
aaaa;0.996,0.00564,0.344,0.321,0.351,0.426,0.808,0.746,0.401,0.148;aaa;
aaaa;0.269,0.499,0.775,0.346,0.224,0.988,0.17,0.271,0.0412,0.596;aaa;
aaaaa;0.365,0.151,0.123,0.459,0.457,0.62,0.133,0.947,0.517,0.631;aaaaaaaaa;
aaaaaaaaaa;0.351,0.711,0.166,0.192,0.414,0.657,0.0285,0.676,0.979,0.605;aaa;
aaa;0.688,0.44,0.91,0.697,0.0161,0.543,0.857,0.758,0.781,0.232;a;
aaaaaaaaa;0.136,0.242,0.674,0.529,0.0717,0.498,0.115,0.889,0.177,0.416;a;
aaaaaaaa;0.0709,0.0862,0.215,0.596,0.504,0.177,0.664,0.157,0.729,0.328;aaaaaaaaaa;
aaaaaa;0.51,0.637,0.303,0.338,0.329,0.476,0.0961,0.0358,0.168,0.611;aaaaa;
aaaaa;0.962,0.408,0.871,0.405,0.383,0.401,0.647,0.519,0.924,0.946;aaaa;
aaaaaa;0.565,0.42,0.552,0.893,0.767,0.808,0.159,0.956,0.0972,0.935;aaa;
aa;0.857,0.997,0.812,0.594,0.484,0.0556,0.955,0.565,0.623,0.36;aaaaaaaa;
aaaaaaaa;0.133,0.589,0.265,0.0173,0.314,0.478,0.253,0.262,0.675,0.61;aaaaaaaaaa;
aaaaaaaa;0.564,0.262,0.42,0.69,0.0684,0.561,0.332,0.575,0.417,0.631;aaaaaa;
aaa;0.824,0.168,0.23,0.487,0.528,0.922,0.327,0.249,0.171,0.779;aaaaaaaaaa;
aaaa;0.223,0.991,0.754,0.254,0.731,0.881,0.913,0.931,0.655,0.345;aaa;
aaa;0.188,0.846,0.801,0.639,0.781,0.894,0.742,0.784,0.938,0.248;aaa;
aaaaaaaaa;0.573,0.527,0.678,0.386,0.417,0.667,0.684,0.347,0.314,0.352;aaaaa;
aaaaaaaaaa;0.477,0.703,0.762,0.506,0.487,0.456,0.133,0.362,0.483,0.304;aaaaa;
aaaaaa;0.845,0.943,0.354,0.269,0.0294,0.0444,0.118,0.216,0.93,0.216;aaaaaaaaaa;
aaaa;0.0275,0.0975,0.665,0.923,0.687,0.927,0.884,0.972,0.781,0.919;aaaaaaaa;
aaaaa;0.859,0.269,0.529,0.614,0.309,0.989,0.49,0.337,0.511,0.214;aaaa;
aaaaaaaaaa;0.408,0.123,0.528,0.109,0.26,0.478,0.234,0.873,0.415,0.698;aaaaaaa;
a;0.11,0.505,0.439,0.826,0.784,0.049,0.177,0.0449,0.257,0.205;aaaaaaaaaa;
aaaaaaaa;0.69,0.796,0.842,0.632,0.172,0.303,0.95,0.576,0.229,0.403;aa;
a;0.662,0.00965,0.564,0.773,0.764,0.519,0.0716,0.757,0.287,0.242;aaaaaa;
aaaaaa;0.761,0.966,0.292,0.967,0.657,0.922,0.0881,0.704,0.401,0.469;aaaaaaaaa;
aaaa;0.445,0.582,0.56,0.303,0.224,0.446,0.389,0.136,0.325,0.17;aaaaaaa;
aaaaaaa;0.685,0.462,0.477,0.476,0.312,0.773,0.8,0.701,0.162,0.909;a;
aaaaaaa;0.412,0.987,0.266,0.964,0.621,0.0239,0.734,0.164,0.449,0.578;aaaaaaaaa;
aaaaaaaaa;0.71,0.0084,0.24,0.444,0.742,0.546,0.845,0.607,0.152,0.523;aaaaa;
a;0.0345,0.903,0.152,0.393,0.239,0.279,0.66,0.241,0.216,0.0559;aaaaaa;
aaaaaaa;0.272,0.967,0.336,0.116,0.381,0.236,0.234,0.124,0.3,0.91;aaaaaaaaa;
aaaaaaaaa;0.488,0.294,0.84,0.58,0.65,0.423,0.237,0.885,0.277,0.65;aa;
aaaaaaaa;0.284,0.716,0.75,0.572,0.707,0.436,0.629,0.751,0.902,0.949;aaaaa;
aa;0.0953,0.257,0.426,0.594,0.386,0.968,0.56,0.788,0.406,0.869;aa;
a;0.324,0.282,0.648,0.519,0.47,0.578,0.235,0.964,0.646,0.862;aaaaaa;
a;0.213,0.504,0.751,0.026,0.131,0.265,0.427,0.989,0.282,0.968;aaaa;
aaaaaa;0.824,0.623,0.354,0.427,0.548,0.482,0.0708,0.14,0.721,0.63;aaa;
aaaaaaa;0.972,0.398,0.462,0.868,0.327,0.252,0.9,0.61,0.345,0.176;aa;
a;0.226,0.87,0.0219,0.532,0.643,0.00771,0.228,0.0824,0.714,0.0993;a;
aaaaaaaaa;0.348,0.696,0.432,0.0101,0.596,0.491,0.0261,0.76,0.451,0.638;aaaaaa;
aaaaaaaaa;0.319,0.851,0.944,0.872,0.477,0.572,0.545,0.466,0.225,0.742;aaaa;
aaaa;0.837,0.92,0.314,0.402,0.702,0.766,0.376,0.619,0.0204,0.82;aaaaaaaaa;
aa;0.154,0.997,0.00278,0.391,0.112,0.925,0.254,0.846,0.06,0.784;aaaa;
aaaaaa;0.483,0.203,0.964,0.237,0.499,0.231,0.0121,0.343,0.706,0.881;aaaa;
aaaaa;0.924,0.533,0.323,0.602,0.459,0.863,0.0976,0.561,0.247,0.427;a;
aaaaaaa;0.586,0.776,0.85,0.00996,0.96,0.819,0.955,0.257,0.216,0.223;aa;
aaaa;0.167,0.134,0.694,0.633,0.0669,0.36,0.164,0.458,0.454,0.345;aaaaaaa;
aaaaa;0.801,0.957,0.619,0.924,0.2,0.548,0.0556,0.519,0.349,0.474;aaaaaaaaaa;
aaa;0.356,0.684,0.293,0.869,0.978,0.822,0.619,0.0995,0.00121,0.217;aaaaaaaaa;
aaaaaaaa;0.261,0.562,0.815,0.705,0.8,0.0756,0.963,0.26,0.00428,0.637;aaaa;
aaaaaa;0.147,0.784,0.786,0.109,0.831,0.12,0.101,0.0682,0.41,0.579;aaaaa;
aaaaa;0.259,0.465,0.386,0.523,0.683,0.138,0.0315,0.212,0.66,0.824;aaaa;
aaaaaaaaa;0.681,0.563,0.743,0.677,0.323,0.972,0.923,0.631,0.126,0.669;aaaa;
aaaaaaaaa;0.223,0.642,0.409,0.978,0.126,0.497,0.434,0.899,0.184,0.693;a;
aaaaaa;0.154,0.897,0.788,0.383,0.516,0.133,0.959,0.838,0.334,0.61;aaaa;
aaaa;0.121,0.986,0.648,0.546,0.489,0.13,0.192,0.217,0.892,0.558;aaaaaaaa;
aaaaaaa;0.761,0.0348,0.532,0.819,0.736,0.671,0.805,0.345,0.0657,0.146;aaaaaaaaaa;
aaaaaaaaaa;0.736,0.417,0.032,0.711,0.815,0.77,0.676,0.485,0.0376,0.516;aaaaaaaaaa;
aaaaaaaaaa;0.656,0.946,0.535,0.814,0.659,0.477,0.403,0.554,0.0613,0.189;aaaaaa;
aaaaaaa;0.383,0.868,0.0546,0.575,0.412,0.277,0.317,0.866,0.94,0.124;aaaaa;
aaaaa;0.965,0.621,0.631,0.464,0.445,0.51,0.262,0.301,0.526,0.754;aaaa;
aa;0.457,0.894,0.557,0.211,0.543,0.323,0.0671,0.296,0.27,0.0137;aaaaaaaa;
aaa;0.605,0.701,0.919,1,0.283,0.282,0.389,0.954,0.224,0.43;aaaa;
aaaaaaaaa;0.273,0.307,0.508,0.263,0.115,0.825,0.699,0.19,0.841,0.838;aaaa;
a;0.0102,0.969,0.41,0.647,0.32,0.685,0.118,0.0181,0.299,0.981;aaaaaaaaaa;
aaaa;0.602,0.533,0.451,0.341,0.777,0.944,0.221,0.527,0.0295,0.567;a;
aaaaaa;0.509,0.59,0.216,0.142,0.22,0.526,0.0206,0.138,0.34,0.13;aaa;
aaaa;0.78,0.56,0.049,0.807,0.192,0.329,0.0275,0.795,0.286,0.149;aaa;
a;0.303,0.883,0.218,0.72,0.0832,0.567,0.0384,0.512,0.541,0.974;aaa;
aaaaaaa;0.896,0.496,0.136,0.734,0.00742,0.158,0.112,0.338,0.69,0.321;aaaaaaaa;
aa;0.399,0.733,0.307,0.165,0.341,0.974,0.304,0.552,0.309,0.604;aaaaaaaa;
aaaaaa;0.476,0.47,0.253,0.8,0.396,0.00125,0.384,0.906,0.101,0.934;aaaaaaaaaa;
aaaaaa;0.264,0.766,0.0853,0.834,0.582,0.541,0.265,0.88,0.614,0.509;aaaa;
aa;0.306,0.232,0.12,0.26,0.519,0.236,0.139,0.0405,0.623,0.228;aaa;
aaaa;0.545,0.428,0.651,0.464,0.602,0.504,0.887,0.0613,0.419,0.552;aaaaa;
aaaaa;0.597,0.527,1,0.0717,0.057,0.253,0.918,0.644,0.501,0.316;aaaaaaaa;
aaaaaaaaaa;0.936,0.915,0.14,0.089,0.876,0.408,0.95,0.171,0.566,0.018;aaaaaaa;
aaa;0.492,0.484,0.439,0.842,0.311,0.204,0.895,0.217,0.929,0.77;aaaaaaaaaa;
aaaa;0.96,0.663,0.752,0.0948,0.395,0.728,0.757,0.0791,0.643,0.36;aaa;
aaaa;0.926,0.804,0.349,0.374,0.508,0.224,0.0833,0.17,0.455,0.267;aaa;
aaaaaa;0.409,0.314,0.467,0.431,0.0258,0.504,0.308,0.394,0.367,0.831;aaa;
aaaaaaa;0.865,0.939,0.868,0.499,0.296,0.787,0.53,0.439,0.208,0.0802;aaa;
aaaaaaa;0.659,0.23,0.142,0.59,0.837,0.749,0.114,0.643,0.0114,0.416;aa;
aaaaaaaaaa;0.153,0.983,0.746,0.424,0.824,0.00652,0.316,0.942,0.732,0.0198;aaaaaaaa;
aaaaaaaa;0.306,0.24,0.87,0.284,0.269,0.729,0.624,0.6,0.152,0.898;aa;
aaaaa;0.487,0.192,0.191,0.32,0.333,0.578,0.326,0.386,0.673,0.0777;aaaaaaa;
aaaa;0.322,0.929,0.874,0.415,0.304,0.159,0.435,0.674,0.611,0.141;aaaaaa;
a;0.368,0.841,0.744,0.381,0.496,0.144,0.929,0.0976,0.849,0.119;aaaaaaaaaa;
aaaaaaaaa;0.491,0.74,0.853,0.178,0.959,0.333,0.041,0.0161,0.0859,0.786;aaaaaaaa;
aaaaa;0.884,0.608,0.798,0.104,0.592,0.922,0.459,0.962,0.837,0.156;aa;
aaaa;0.362,0.963,0.5,0.134,0.659,0.839,0.849,0.0606,0.42,0.889;aaa;
aaaaaaa;0.954,0.298,0.04,0.238,0.975,0.257,0.278,0.0846,0.0937,0.917;aaaaa;
a;0.542,0.665,0.147,0.734,0.0058,0.35,0.641,0.134,0.735,0.954;aaaa;
aaaaaa;0.66,0.962,0.363,0.163,0.205,0.404,0.491,0.0788,0.462,0.907;aa;
a;0.748,0.403,0.476,0.652,0.0452,0.555,0.468,0.584,0.135,0.819;aaaaaaaaaa;
aaaaa;0.856,0.406,0.912,0.286,0.498,0.0636,0.53,0.0472,0.0629,0.69;aaaaa;
aaaaa;0.191,0.959,0.784,0.351,0.596,0.261,0.0789,0.00219,0.0881,0.0244;aaaaa;
aaaaaaa;0.507,0.65,0.266,0.55,0.573,0.224,0.0188,0.918,0.681,0.416;aaaaaaaaaa;
aaaa;0.595,0.597,0.201,0.723,0.998,0.802,0.371,0.648,0.378,0.663;aaaaaaaaaa;
aaaaaaaaa;0.27,0.662,0.928,0.588,0.808,0.941,0.735,0.773,0.399,0.729;a;
a;0.0186,0.152,0.497,0.99,0.22,0.134,0.659,0.0621,0.117,0.267;aa;
aaaaaaa;0.072,0.849,0.361,0.333,0.326,0.709,0.486,0.997,0.195,0.738;aa;
a;0.141,0.805,0.451,0.0173,0.441,0.415,0.892,0.229,0.62,0.539;aaaaaaa;
aa;0.838,0.819,0.521,0.875,0.466,0.865,0.509,0.691,0.743,0.802;aaaaaa;
aaa;0.258,0.745,0.508,0.482,0.0115,0.965,0.386,0.773,0.307,0.234;aaaaaaa;
a;0.542,0.118,0.698,0.835,0.789,0.861,0.118,0.402,0.217,0.719;aaaaaaaaaa;
aaa;0.332,0.0333,0.796,0.944,0.852,0.809,0.884,0.546,0.247,0.972;aaaaaaaa;
aaaaa;0.211,0.499,0.569,0.816,0.842,0.975,0.631,0.553,0.809,0.386;aaaaaaaaaa;
aa;0.393,0.234,0.726,0.35,0.173,0.0906,0.0355,0.194,0.296,0.874;aaaaaaaa;
aa;0.131,0.223,0.123,0.413,0.79,0.146,0.844,0.779,0.905,0.912;aaaaaaa;
aa;0.0833,0.345,0.202,0.53,0.123,0.25,0.668,0.00659,0.907,0.178;aaaaaa;
aa;0.568,0.0437,0.777,0.247,0.127,0.333,0.777,0.541,0.646,0.925;aaaa;
aa;0.614,0.525,0.604,0.892,0.367,0.379,0.615,0.945,0.354,0.712;aaaaa;
aaa;0.916,0.784,0.126,0.00456,0.975,0.334,0.227,0.774,0.895,0.74;aaa;
aaaaaaaaa;0.822,0.561,0.593,0.038,0.939,0.686,0.47,0.575,0.433,0.637;aaaaaaaaaa;
aaa;0.798,0.56,0.385,0.987,0.0476,0.248,0.375,0.447,0.699,0.169;a;
aaaaaaaaaa;0.519,0.746,0.88,0.436,0.869,0.574,0.834,0.925,0.342,0.589;a;
aaaaaaaa;0.502,0.656,0.34,0.134,0.476,0.523,0.67,0.663,0.858,0.839;aaaaa;
aaaaaaaaa;0.281,0.793,0.419,0.457,0.526,0.997,0.862,0.997,0.0608,0.805;aaaa;
aaaaaa;0.148,0.333,0.626,0.748,0.627,0.439,0.536,0.167,0.00981,0.0825;aaaaa;
aaaaaaaa;0.659,0.517,0.168,0.034,0.644,0.889,0.954,0.637,0.404,0.681;aaaaaa;
aaaa;0.494,0.991,0.368,0.0477,0.717,0.422,0.295,0.437,0.706,0.549;aaaaaaaaaa;
aaaaaaaaa;0.256,0.12,0.17,0.441,0.332,0.811,0.847,0.041,0.552,0.418;a;
aaaaaaa;0.433,0.832,0.392,0.225,0.99,0.62,0.442,0.729,0.865,0.813;aaaa;
aaa;0.168,0.417,0.676,0.302,0.451,0.0607,0.274,0.375,0.878,0.0443;aaaa;
aa;0.223,0.881,0.408,0.867,0.411,0.71,0.272,0.35,0.271,0.444;aa;
aa;0.00584,0.246,0.57,0.0445,0.659,0.344,0.913,0.968,0.174,0.00519;a;
aaaaaaaaa;0.221,0.783,0.0794,0.078,0.268,0.655,0.456,0.403,0.582,0.0361;aaaaaaaaaa;
a;0.59,0.34,0.53,0.159,0.619,0.7,0.949,0.67,0.93,0.309;aaaaaa;
aaaaaaaaa;0.0296,0.792,0.194,0.344,0.158,0.723,0.467,0.488,0.213,0.836;aaaa;
a;0.819,0.698,0.00336,0.987,0.739,0.69,0.937,0.73,0.591,0.0974;aaaa;
aaaaa;0.909,0.454,0.779,0.894,0.687,0.485,0.368,0.559,0.0242,0.843;aaaaaaaaaa;
aaaaaaaaa;0.236,0.653,0.0348,0.47,0.028,0.929,0.176,0.638,0.623,0.0619;aaaaaaaa;
aaa;0.431,0.386,0.853,0.27,0.0506,0.867,0.526,0.632,0.928,0.548;aaaaaaaaaa;
aaaaaaaaa;0.859,0.587,0.671,0.217,0.383,0.766,0.494,0.174,0.534,0.493;aa;
aaaaa;0.818,0.124,0.948,0.358,0.322,0.866,0.336,0.535,0.109,0.143;aaaaaaa;
aaaa;0.0965,0.654,0.25,0.522,0.512,0.834,0.0363,0.363,0.985,0.306;aaaaa;
aaa;0.769,0.68,0.0482,0.0478,0.466,0.987,0.112,0.948,0.155,0.889;a;
aa;0.632,0.047,0.86,0.0697,0.549,0.277,0.81,0.306,0.873,0.547;aaa;
aaaaaaaaa;0.0871,0.827,0.991,0.806,0.716,0.546,0.531,0.95,0.639,0.0318;aaaaaa;
aaaaaaaa;0.634,0.516,0.181,0.278,0.241,0.118,0.361,0.571,0.468,0.0948;aaaaaaaa;
aaaaaaaa;0.672,0.796,0.64,0.983,0.541,0.788,0.072,0.447,0.987,0.609;aaaaaaaaaa;
aaaaaaaaaa;0.892,0.684,0.175,0.0618,0.626,0.548,0.728,0.063,0.594,0.0294;aaaaaaa;
aaaaaaaa;0.496,0.583,0.125,0.788,0.864,0.471,0.454,0.649,0.435,0.266;aaaaaaa;
aaaaaa;0.11,0.742,0.724,0.182,0.0503,0.418,0.141,0.682,0.662,0.0301;aa;
aaaa;0.38,0.352,0.23,0.636,0.72,0.0229,0.665,0.303,0.765,0.172;aaaaaaaa;
aaaaaaa;0.761,0.251,0.8,0.411,0.921,0.303,0.82,0.744,0.376,0.86;aaaaaa;
aaaaaaaaaa;0.95,0.269,0.973,0.728,0.488,0.0324,0.371,0.995,0.66,0.439;aaaaaaa;
aaaaaaa;0.0139,0.744,0.538,0.52,0.451,0.854,0.176,0.806,0.27,0.6;aaaaaa;
aaaaaaaaaa;0.405,0.326,0.859,0.221,0.548,0.689,0.614,0.951,0.658,0.47;aaaaaaaa;
aaaaaaaaaa;0.545,0.409,0.663,0.94,0.974,0.104,0.763,0.837,0.136,0.681;aaaaaaaaa;
aaa;0.389,0.665,0.11,0.00698,0.904,0.895,0.63,0.102,0.422,0.182;aaa;
aaaaa;0.595,0.549,0.0407,0.112,0.896,0.566,0.229,0.261,0.863,0.036;aaaaaaaaaa;
aaaaaaaa;0.818,0.289,0.335,0.509,0.128,0.211,0.172,0.83,0.307,0.936;aaaaaaaaa;
aaaaaaaa;0.675,0.544,0.3,0.196,0.429,0.0501,0.176,0.725,0.994,0.0668;aaaa;
aaaaaaa;0.284,0.499,0.794,0.871,0.535,0.0934,0.242,0.341,0.215,0.424;aaaa;
aaaaaa;0.361,0.00301,0.492,0.602,0.141,0.59,0.977,0.746,0.147,0.98;aaaaaaaaa;
aa;0.156,0.693,0.878,0.852,0.723,0.78,0.608,0.114,0.573,0.407;aaaaaa;
aaaaaaa;0.105,0.0273,0.0931,0.774,0.723,0.653,0.242,0.0387,0.489,0.309;aaaaaaaaa;
aaaaaaa;0.778,0.263,0.326,0.0634,0.955,0.821,0.879,0.96,0.329,0.99;aaaaaaaaaa;
aa;0.777,0.818,0.659,0.15,0.0186,0.623,0.755,0.256,0.997,0.149;aa;
aa;0.921,0.985,0.135,0.686,0.9,0.491,0.784,0.897,0.249,0.603;aaaaaa;
aa;0.266,0.597,0.209,0.314,0.993,0.537,0.547,0.355,0.237,0.323;aaa;
aaaaaa;0.858,0.207,0.634,0.315,0.544,0.488,0.695,0.358,0.31,0.85;aaaaaaaaaa;
aa;0.771,0.504,0.434,0.302,0.998,0.892,0.831,0.746,0.88,0.172;aaaaaaaaaa;
aa;0.941,0.00313,0.849,0.019,0.906,0.974,0.847,0.374,0.274,0.0834;aaaaaaaaa;
aaaaaaa;0.333,0.128,0.187,0.41,0.943,0.752,0.773,0.39,0.169,0.472;a;
aaaaaaaa;0.395,0.643,0.25,0.154,0.622,0.141,0.833,0.802,0.733,0.395;aaaaaaaaaa;
aaaaaaaaaa;0.104,0.221,0.533,0.1,0.668,0.14,0.117,0.449,0.000547,0.609;aaaaaaaaaa;
aaa;0.593,0.729,0.367,0.962,0.195,0.407,0.0291,0.363,0.196,0.541;aaaaaaaa;
a;0.0351,0.677,0.436,0.0679,0.732,0.292,0.826,0.215,0.337,0.467;aa;
aaaaa;0.412,0.355,0.938,0.834,0.93,0.596,0.706,0.949,0.808,0.0556;aaaaaa;
aaaa;0.519,0.513,0.503,0.0831,0.865,0.855,0.505,0.373,0.296,0.801;aaa;
aaaaaaaaaa;0.626,0.999,0.634,0.955,0.0626,0.801,0.697,0.249,0.4,0.186;aaaa;
aaa;0.821,0.436,0.0347,0.969,0.324,0.486,0.647,0.303,0.0414,0.668;aaaaaaa;
aaaaaaa;0.667,0.6,0.0738,0.159,0.947,0.319,0.366,0.221,0.757,0.797;aaa;
aaaaaaaaaa;0.572,0.72,0.882,0.479,0.867,0.973,0.0779,0.983,0.497,0.529;aaaaaaa;
aaa;0.718,0.727,0.107,0.047,0.56,0.901,0.269,0.188,0.921,0.694;aaaaaaaa;
aaaaa;0.086,0.354,0.625,0.0733,0.581,0.649,0.706,0.271,0.396,0.819;aaaaaaaaa;
aaaaa;0.276,0.5,0.623,0.405,0.407,0.34,0.0621,0.316,0.365,0.499;aaaaaa;
a;0.282,0.663,0.251,0.719,0.308,0.407,0.533,0.226,0.0622,0.506;aaaaaa;
aaaaaaaaa;0.0145,0.784,0.73,0.813,0.403,0.356,0.582,0.356,0.731,0.714;aaaaaaaaaa;
aaaaaaaa;0.547,0.824,0.363,0.871,0.282,0.994,0.109,0.585,0.44,0.611;aaaaaaaaaa;
aaaa;0.534,0.391,0.862,0.756,0.577,0.339,0.323,0.207,0.349,0.694;aaaaaaaa;
aaaaa;0.276,0.5,0.623,0.405,0.407,0.34,0.0621,0.316,0.365,0.499;aa;
a;0.282,0.663,0.251,0.719,0.308,0.407,0.533,0.226,0.0622,0.506;aaaaaaaaa;
aaaaaaaaa;0.0145,0.784,0.73,0.813,0.403,0.356,0.582,0.356,0.731,0.714;aaaaa;
aaaaaaaa;0.547,0.824,0.363,0.871,0.282,0.994,0.109,0.585,0.44,0.611;aaaaaa;
aaaa;0.534,0.391,0.862,0.756,0.577,0.339,0.323,0.207,0.349,0.694;aaa;
aaaaa;0.276,0.5,0.623,0.405,0.407,0.34,0.0621,0.316,0.365,0.499;aaa;
a;0.282,0.663,0.251,0.719,0.308,0.407,0.533,0.226,0.0622,0.506;aaaaaaaa;
aaaaaaaaa;0.0145,0.784,0.73,0.813,0.403,0.356,0.582,0.356,0.731,0.714;aaaaaaaaa;
aaaaaaaa;0.547,0.824,0.363,0.871,0.282,0.994,0.109,0.585,0.44,0.611;aaaaaa;
aaaa;0.534,0.391,0.862,0.756,0.577,0.339,0.323,0.207,0.349,0.694;aaaaaa;
aaaaa;0.276,0.5,0.623,0.405,0.407,0.34,0.0621,0.316,0.365,0.499;aa;
a;0.282,0.663,0.251,0.719,0.308,0.407,0.533,0.226,0.0622,0.506;aaa;
aaaaaaaaa;0.0145,0.784,0.73,0.813,0.403,0.356,0.582,0.356,0.731,0.714;aaaaaaaaa;
aaaaaaaa;0.547,0.824,0.363,0.871,0.282,0.994,0.109,0.585,0.44,0.611;aaaaaaaaaa;
aaaa;0.534,0.391,0.862,0.756,0.577,0.339,0.323,0.207,0.349,0.694;aaaaaa;
aaaaa;0.276,0.5,0.623,0.405,0.407,0.34,0.0621,0.316,0.365,0.499;aaaaaaaaaa;
a;0.282,0.663,0.251,0.719,0.308,0.407,0.533,0.226,0.0622,0.506;aaaaaaa;
aaaaaaaaa;0.0145,0.784,0.73,0.813,0.403,0.356,0.582,0.356,0.731,0.714;aaaaaaaa;
aaaaaaaa;0.547,0.824,0.363,0.871,0.282,0.994,0.109,0.585,0.44,0.611;aaaaaaaaa;
aaaa;0.534,0.391,0.862,0.756,0.577,0.339,0.323,0.207,0.349,0.694;aaaaaa;
aaaaa;0.276,0.5,0.623,0.405,0.407,0.34,0.0621,0.316,0.365,0.499;aaaaaa;
a;0.282,0.663,0.251,0.719,0.308,0.407,0.533,0.226,0.0622,0.506;aa;
aaaaaaaaa;0.0145,0.784,0.73,0.813,0.403,0.356,0.582,0.356,0.731,0.714;aaaaaaaaaa;
aaaaaaaa;0.547,0.824,0.363,0.871,0.282,0.994,0.109,0.585,0.44,0.611;aaaaaaaa;
aaaa;0.534,0.391,0.862,0.756,0.577,0.339,0.323,0.207,0.349,0.694;aaaaaaaaaa;
aaaaa;0.276,0.5,0.623,0.405,0.407,0.34,0.0621,0.316,0.365,0.499;aa;
a;0.282,0.663,0.251,0.719,0.308,0.407,0.533,0.226,0.0622,0.506;aaaaaa;
aaaaaaaaa;0.0145,0.784,0.73,0.813,0.403,0.356,0.582,0.356,0.731,0.714;aaaaaaaaa;
aaaaaaaa;0.547,0.824,0.363,0.871,0.282,0.994,0.109,0.585,0.44,0.611;aaaaaaaaaa;
aaaa;0.534,0.391,0.862,0.756,0.577,0.339,0.323,0.207,0.349,0.694;aaaaaaaaaa;
aaaaa;0.276,0.5,0.623,0.405,0.407,0.34,0.0621,0.316,0.365,0.499;aaa;
a;0.282,0.663,0.251,0.719,0.308,0.407,0.533,0.226,0.0622,0.506;aaaaaaa;
aaaaaaaaa;0.0145,0.784,0.73,0.813,0.403,0.356,0.582,0.356,0.731,0.714;aaaa;
aaaaaaaa;0.547,0.824,0.363,0.871,0.282,0.994,0.109,0.585,0.44,0.611;aa;
aaaa;0.534,0.391,0.862,0.756,0.577,0.339,0.323,0.207,0.349,0.694;aaaaaaa;
aaaaa;0.276,0.5,0.623,0.405,0.407,0.34,0.0621,0.316,0.365,0.499;aaaa;
a;0.282,0.663,0.251,0.719,0.308,0.407,0.533,0.226,0.0622,0.506;aaaaa;
aaaaaaaaa;0.0145,0.784,0.73,0.813,0.403,0.356,0.582,0.356,0.731,0.714;aaaaaaaaa;
aaaaaaaa;0.547,0.824,0.363,0.871,0.282,0.994,0.109,0.585,0.44,0.611;aaaaaaaaaa;
aaaa;0.534,0.391,0.862,0.756,0.577,0.339,0.323,0.207,0.349,0.694;aaaaaaa;
aaaaa;0.276,0.5,0.623,0.405,0.407,0.34,0.0621,0.316,0.365,0.499;aaaa;
a;0.282,0.663,0.251,0.719,0.308,0.407,0.533,0.226,0.0622,0.506;aaaaaaaaa;
aaaaaaaaa;0.0145,0.784,0.73,0.813,0.403,0.356,0.582,0.356,0.731,0.714;a;
aaaaaaaa;0.547,0.824,0.363,0.871,0.282,0.994,0.109,0.585,0.44,0.611;aaaaaaa;
aaaa;0.534,0.391,0.862,0.756,0.577,0.339,0.323,0.207,0.349,0.694;aa;
aaaaa;0.276,0.5,0.623,0.405,0.407,0.34,0.0621,0.316,0.365,0.499;aaaaaaaaaa;
a;0.282,0.663,0.251,0.719,0.308,0.407,0.533,0.226,0.0622,0.506;aaaa;
aaaaaaaaa;0.0145,0.784,0.73,0.813,0.403,0.356,0.582,0.356,0.731,0.714;aaaaaaaa;
aaaaaaaa;0.547,0.824,0.363,0.871,0.282,0.994,0.109,0.585,0.44,0.611;aa;
aaaa;0.534,0.391,0.862,0.756,0.577,0.339,0.323,0.207,0.349,0.694;aaaaaaa;
aaaaa;0.276,0.5,0.623,0.405,0.407,0.34,0.0621,0.316,0.365,0.499;aaaaaaaaaa;
a;0.282,0.663,0.251,0.719,0.308,0.407,0.533,0.226,0.0622,0.506;aaa;
aaaaaaaaa;0.0145,0.784,0.73,0.813,0.403,0.356,0.582,0.356,0.731,0.714;aa;
aaaaaaaa;0.547,0.824,0.363,0.871,0.282,0.994,0.109,0.585,0.44,0.611;a;
aaaa;0.534,0.391,0.862,0.756,0.577,0.339,0.323,0.207,0.349,0.694;aaaa;
aaaaa;0.276,0.5,0.623,0.405,0.407,0.34,0.0621,0.316,0.365,0.499;aaaaaaaaa;
a;0.282,0.663,0.251,0.719,0.308,0.407,0.533,0.226,0.0622,0.506;aaa;
aaaaaaaaa;0.0145,0.784,0.73,0.813,0.403,0.356,0.582,0.356,0.731,0.714;aaaaaaaaaa;
aaaaaaaa;0.547,0.824,0.363,0.871,0.282,0.994,0.109,0.585,0.44,0.611;aaaaaaaaaa;
aaaa;0.534,0.391,0.862,0.756,0.577,0.339,0.323,0.207,0.349,0.694;aaa;
aaaaa;0.276,0.5,0.623,0.405,0.407,0.34,0.0621,0.316,0.365,0.499;aaaaaaa;
a;0.282,0.663,0.251,0.719,0.308,0.407,0.533,0.226,0.0622,0.506;aaaaaaa;
aaaaaaaaa;0.0145,0.784,0.73,0.813,0.403,0.356,0.582,0.356,0.731,0.714;aa;
aaaaaaaa;0.547,0.824,0.363,0.871,0.282,0.994,0.109,0.585,0.44,0.611;aa;
aaaa;0.534,0.391,0.862,0.756,0.577,0.339,0.323,0.207,0.349,0.694;aaaaaaaaa;
aaaaa;0.276,0.5,0.623,0.405,0.407,0.34,0.0621,0.316,0.365,0.499;aaaaaaaaaa;
a;0.282,0.663,0.251,0.719,0.308,0.407,0.533,0.226,0.0622,0.506;aaaaaaaa;
aaaaaaaaa;0.0145,0.784,0.73,0.813,0.403,0.356,0.582,0.356,0.731,0.714;aaaaaaaaa;
aaaaaaaa;0.547,0.824,0.363,0.871,0.282,0.994,0.109,0.585,0.44,0.611;aaaaaaaaaa;
aaaa;0.534,0.391,0.862,0.756,0.577,0.339,0.323,0.207,0.349,0.694;aaa;
aaaaa;0.276,0.5,0.623,0.405,0.407,0.34,0.0621,0.316,0.365,0.499;aaaaaaaa;
a;0.282,0.663,0.251,0.719,0.308,0.407,0.533,0.226,0.0622,0.506;aaaaaaaaa;
aaaaaaaaa;0.0145,0.784,0.73,0.813,0.403,0.356,0.582,0.356,0.731,0.714;aaaaa;
aaaaaaaa;0.547,0.824,0.363,0.871,0.282,0.994,0.109,0.585,0.44,0.611;aaaaa;
aaaa;0.534,0.391,0.862,0.756,0.577,0.339,0.323,0.207,0.349,0.694;aaa;
aaaaa;0.276,0.5,0.623,0.405,0.407,0.34,0.0621,0.316,0.365,0.499;aa;
a;0.282,0.663,0.251,0.719,0.308,0.407,0.533,0.226,0.0622,0.506;aaaaaaaaa;
aaaaaaaaa;0.0145,0.784,0.73,0.813,0.403,0.356,0.582,0.356,0.731,0.714;aaaaaaa;
aaaaaaaa;0.547,0.824,0.363,0.871,0.282,0.994,0.109,0.585,0.44,0.611;aaaa;
aaaa;0.534,0.391,0.862,0.756,0.577,0.339,0.323,0.207,0.349,0.694;aaaaaaaaa;
aaaaa;0.276,0.5,0.623,0.405,0.407,0.34,0.0621,0.316,0.365,0.499;aaaaaaaaa;
a;0.282,0.663,0.251,0.719,0.308,0.407,0.533,0.226,0.0622,0.506;aaaaaaaaaa;
aaaaaaaaa;0.0145,0.784,0.73,0.813,0.403,0.356,0.582,0.356,0.731,0.714;aaaaaaa;
aaaaaaaa;0.547,0.824,0.363,0.871,0.282,0.994,0.109,0.585,0.44,0.611;a;
aaaa;0.534,0.391,0.862,0.756,0.577,0.339,0.323,0.207,0.349,0.694;aaa;
aaaaa;0.276,0.5,0.623,0.405,0.407,0.34,0.0621,0.316,0.365,0.499;aaaaa;
a;0.282,0.663,0.251,0.719,0.308,0.407,0.533,0.226,0.0622,0.506;aaaa;
aaaaaaaaa;0.0145,0.784,0.73,0.813,0.403,0.356,0.582,0.356,0.731,0.714;aaaa;
aaaaaaaa;0.547,0.824,0.363,0.871,0.282,0.994,0.109,0.585,0.44,0.611;aaaa;
aaaa;0.534,0.391,0.862,0.756,0.577,0.339,0.323,0.207,0.349,0.694;aaaaaaaaaa;
aaaaa;0.276,0.5,0.623,0.405,0.407,0.34,0.0621,0.316,0.365,0.499;aaa;
a;0.282,0.663,0.251,0.719,0.308,0.407,0.533,0.226,0.0622,0.506;aaaaaaaaa;
aaaaaaaaa;0.0145,0.784,0.73,0.813,0.403,0.356,0.582,0.356,0.731,0.714;aaaaaa;
aaaaaaaa;0.547,0.824,0.363,0.871,0.282,0.994,0.109,0.585,0.44,0.611;aaaa;
aaaa;0.534,0.391,0.862,0.756,0.577,0.339,0.323,0.207,0.349,0.694;aaaaaaaaaa;
aaaaa;0.276,0.5,0.623,0.405,0.407,0.34,0.0621,0.316,0.365,0.499;a;
a;0.282,0.663,0.251,0.719,0.308,0.407,0.533,0.226,0.0622,0.506;aaaa;
aaaaaaaaa;0.0145,0.784,0.73,0.813,0.403,0.356,0.582,0.356,0.731,0.714;a;
aaaaaaaa;0.547,0.824,0.363,0.871,0.282,0.994,0.109,0.585,0.44,0.611;aaaaa;
aaaa;0.534,0.391,0.862,0.756,0.577,0.339,0.323,0.207,0.349,0.694;aaa;
aaaaa;0.276,0.5,0.623,0.405,0.407,0.34,0.0621,0.316,0.365,0.499;aaaaaaaa;
a;0.282,0.663,0.251,0.719,0.308,0.407,0.533,0.226,0.0622,0.506;aaaaaaaaaa;
aaaaaaaaa;0.0145,0.784,0.73,0.813,0.403,0.356,0.582,0.356,0.731,0.714;aaaaaaaaaa;
aaaaaaaa;0.547,0.824,0.363,0.871,0.282,0.994,0.109,0.585,0.44,0.611;aaaaaa;
aaaa;0.534,0.391,0.862,0.756,0.577,0.339,0.323,0.207,0.349,0.694;aaaaaaaa;
aaaaa;0.276,0.5,0.623,0.405,0.407,0.34,0.0621,0.316,0.365,0.499;aaaaa;
a;0.282,0.663,0.251,0.719,0.308,0.407,0.533,0.226,0.0622,0.506;aaaaaa;
aaaaaaaaa;0.0145,0.784,0.73,0.813,0.403,0.356,0.582,0.356,0.731,0.714;aaaaa;
aaaaaaaa;0.547,0.824,0.363,0.871,0.282,0.994,0.109,0.585,0.44,0.611;aa;
aaaa;0.534,0.391,0.862,0.756,0.577,0.339,0.323,0.207,0.349,0.694;aaaaaaaaaa;
aaaaa;0.276,0.5,0.623,0.405,0.407,0.34,0.0621,0.316,0.365,0.499;aaaaaaaaaa;
a;0.282,0.663,0.251,0.719,0.308,0.407,0.533,0.226,0.0622,0.506;aaa;
aaaaaaaaa;0.0145,0.784,0.73,0.813,0.403,0.356,0.582,0.356,0.731,0.714;aaaaaaaaa;
aaaaaaaa;0.547,0.824,0.363,0.871,0.282,0.994,0.109,0.585,0.44,0.611;aaa;
aaaa;0.534,0.391,0.862,0.756,0.577,0.339,0.323,0.207,0.349,0.694;aaa;
aaaaa;0.276,0.5,0.623,0.405,0.407,0.34,0.0621,0.316,0.365,0.499;aaa;
a;0.282,0.663,0.251,0.719,0.308,0.407,0.533,0.226,0.0622,0.506;aaaaa;
aaaaaaaaa;0.0145,0.784,0.73,0.813,0.403,0.356,0.582,0.356,0.731,0.714;aaaaaaaa;
aaaaaaaa;0.547,0.824,0.363,0.871,0.282,0.994,0.109,0.585,0.44,0.611;aa;
aaaa;0.534,0.391,0.862,0.756,0.577,0.339,0.323,0.207,0.349,0.694;aaaaaa;
