0	0
1	1,52,63
2	2,43,45,46,69
3	3,4,47,49
4	4,32,55
5	5,57
6	6,10
7	7
8	8,33
9	9
10	10,11,30,50,67
11	11,48
12	12
13	13
14	2,14,48
15	15,23
16	16,24
17	17,39,53
18	18
19	19,74
20	20
21	21
22	22
23	23
24	24
25	8,25
26	26
27	27
28	28,36
29	29
30	30
31	31
32	0,32
33	33
34	34
35	35
36	36
37	37
38	38
39	39
40	40
41	41
42	42
43	43,49
44	44
45	45
46	46
47	47
48	5,48
49	49
50	50
51	51
52	52
53	22,53
54	54
55	55
56	52,56
57	36,57
58	58
59	59
60	60
61	29,61
62	62
63	63
64	49,64
65	65
66	66
67	67
68	68
69	69
70	70
71	27,53,71
72	72,74
73	73
74	74
75	14
76	14
77	12,36
78	23,31
79	1
80	14
81	73
82	10
83	38
84	21
85	15
86	24
87	5
88	70
89	2
90	17
91	7
92	14
93	33
94	8
95	56
96	13
97	18
98	14
99	26,34
100	27
101	43,46
102	13
103	49
104	0
105	1,15
106	46
107	12
108	5
109	49
110	35
111	7
112	2
113	50
114	23,57
115	0,33,74
116	1
117	30
118	51
119	1
120	45
121	14
122	18
123	35
124	26,29,44
125	26
126	42
127	18
128	6
129	14
130	63
131	16
132	14
133	5
134	11
135	21
136	16
137	15
138	56
139	3
140	11
141	20
142	0,4,18
143	31
144	6
145	17
146	15
147	20
148	37
149	1
150	39
151	0
152	29
153	22
154	13
155	20
156	9,59,60
157	8
158	13
159	1
160	50
161	4
162	28
163	15
164	12
165	1
166	0,7
167	2
168	6
169	22
170	8
171	3
172	19
173	17
174	30
175	16
176	40
177	16,63
178	46
179	25
180	36
181	8
182	30
183	4
184	25
185	33
186	5
187	48
188	2
189	9
190	31
191	48
192	9
193	14
194	34
195	52
196	53
197	17
198	10
199	47,69
200	9
201	0
202	15
203	13
204	1
205	19
206	13
207	16
208	31
209	65
210	38
211	18
212	5
213	11,71
214	43,55
215	2,29,54,70
216	17
217	2
218	10
219	11
220	10
221	17
222	38
223	0
224	26
225	21
226	43
227	16
228	21
229	4
230	48
231	63
232	19
233	1,57
234	64
235	23
236	20
237	61
238	6
239	21
240	35
241	5
242	4
243	30
244	59
245	0
246	7
247	10
248	14
249	34
250	45
251	19
252	6
253	9
254	1
255	5
256	14
257	6
258	21
259	4
260	26
261	17
262	0
263	26
264	40
265	36
266	50
267	15
268	34,55
269	39
270	34
271	22
272	28
273	5
274	8
275	0
276	8
277	42
278	13,14
279	26
280	14
281	0
282	65
283	46
284	6
285	8
286	12
287	8,31
288	72
289	13
290	18
291	14
292	3
293	56
294	54
295	9
296	1
297	3
298	0
299	18
300	2
301	8
302	5
303	5
304	15
305	15
306	6
307	2
308	0
309	40
310	37
311	12
312	13
313	58
314	8
315	5
316	62
317	1
318	13
319	5
320	12
321	17
322	0
323	46
324	5
325	12
326	53
327	17
328	12
329	27
330	0
331	3
332	13
333	19
334	3
335	16
336	43
337	1
338	38
339	1
340	10
341	25
342	24
343	39
344	1
345	22
346	9
347	38
348	38
349	34
350	13
351	26
352	16
353	2
354	5
355	13
356	55
357	2
358	13
359	21
360	31
361	18
362	14
363	10
364	1
365	1
366	18
367	23
368	6
369	14
370	0
371	32
372	17
373	16
374	18
375	6
376	1
377	5
378	41
379	6
380	3
381	5
382	45,69
383	14
384	0
385	20
386	2
387	5
388	11
389	15
390	21
391	22
392	2
393	59
394	0
395	73
396	43
397	11
398	12
399	2,27
400	12
401	3
402	14,25
403	7
404	0
405	35
406	34
407	9
408	0
409	13
410	6
411	15
412	21
413	5
414	15
415	13
416	46
417	45
418	3
419	0
420	32
421	73
422	29
423	4
424	48
425	2
426	21
427	19
428	7
429	32
430	42
431	6
432	34
433	28
434	21
435	59
436	27
437	10
438	13
439	0
440	6
441	15
442	25
443	10
444	21
445	39,41
446	20
447	4
448	7
449	6
450	0
451	38
452	1
453	68
454	28
455	14
456	0
457	22
458	8
459	18
460	36
461	54
462	8
463	72,73
464	4
465	30
466	8
467	3
468	16
469	17
470	2
471	60
472	13
473	54
474	5
475	63
476	40
477	36
478	23
479	12
480	11
481	10
482	53
483	20,53
484	7
485	12
486	12
487	15
488	19,48
489	3
490	56
491	9
492	38
493	32
494	41
495	14
496	48
497	1
498	6
499	58
500	17
501	41
502	4
503	46
504	36,65
505	28
506	4
507	20
508	24
509	1,5
510	9
511	7
512	16,51
513	15
514	12
515	15
516	13
517	0
518	11
519	17
520	15
521	5
522	4
523	3
524	28
525	21
526	16
527	15
528	22
529	23
530	5
531	49
532	4
533	40
534	15
535	0
536	12
537	9
538	2
539	9
540	29
541	2
542	11
543	10
544	25
545	29
546	17
547	0
548	4
549	31
550	14
551	1
552	26
553	8
554	44
555	8
556	2
557	10
558	41
559	9
560	40
561	4
562	21
563	11
564	2
565	7
566	1
567	20
568	23,57,66,71
569	25,61
570	8
571	26
572	7
573	14
574	5
575	1
576	0
577	15
578	6
579	40
580	38
581	41
582	18
583	23
584	0
585	30
586	25
587	47
588	19
589	15
590	20
591	8
592	10,19
593	25
594	27
595	14
596	7
597	4
598	8
599	17
600	47
601	26
602	56
603	50
604	13
605	2
606	47
607	10
608	1
609	1
610	36
611	7
612	14
613	53
614	8
615	3
616	25
617	17
618	7
619	24
620	11
621	18
622	22
623	0
624	2
625	20
626	2
627	9
628	8
629	2
630	28
631	16
632	0
633	7
634	9
635	5
636	8
637	21
638	17
639	0
640	31
641	0
642	14
643	14
644	43
645	37
646	24
647	4
648	0
649	12
650	39
651	3
652	3
653	2
654	4
655	8
656	6
657	11,20
658	3
659	10
660	16
661	14
662	61
663	16
664	61
665	12
666	2
667	0
668	5
669	58
670	8
671	2
672	6
673	18
674	41
675	9
676	25
677	12
678	1
679	64,73
680	16
681	8
682	15
683	55
684	11
685	26
686	10
687	1
688	4
689	9
690	3
691	9
692	20
693	6
694	11
695	10
696	0
697	21
698	25
699	8
700	14
701	0
702	7
703	28
704	13
705	38
706	10
707	17
708	3
709	16
710	1
711	13
712	11,44
713	4
714	9
715	52
716	32
717	16
718	16
719	26
720	16
721	8
722	19
723	13
724	5
725	4
726	3
727	68
728	31
729	27
730	3
731	11
732	54
733	32
734	39
735	9
736	2
737	35
738	11
739	28
740	11
741	9
742	15
743	21
744	16
745	17
746	43,49
747	28
748	41
749	14
750	11
751	1
752	11
753	4
754	19
755	44
756	41
757	1
758	1
759	55
760	14
761	16
762	30
763	17
764	15
765	10
766	4
767	2
768	10
769	11
770	17
771	3
772	4
773	55
774	26
775	56
776	35
777	10
778	34
779	23
780	0,30
781	24
782	17
783	20
784	1
785	47
786	18
787	13
788	1
789	17
790	12
791	28
792	22
793	21
794	6
795	7
796	46
797	11
798	7
799	8
800	11
801	0
802	5
803	52
804	6
805	43
806	0
807	32
808	26
809	54
810	0
811	36
812	28
813	19
814	11
815	24
816	32,57
817	5
818	1
819	34
820	16
821	23
822	1
823	0
824	29
825	1
826	15
827	26
828	20
829	19
830	22
831	7
832	23
833	29
834	10
835	10
836	8
837	7
838	16
839	34
840	34
841	50
842	10
843	26
844	53
845	5
846	5
847	4
848	18,23
849	1
850	13
851	0
852	0
853	1
854	24
855	3
856	55
857	19
858	7
859	7
860	26
861	19
862	20,22,47
863	1
864	0
865	23
866	0
867	7
868	8
869	40
870	3
871	36
872	3
873	11
874	2
875	1
876	3
877	2
878	2
879	13
880	25
881	22
882	13
883	20
884	22
885	36
886	16
887	24
888	6
889	45
890	35
891	7
892	21
893	22
894	23,29
895	52,54,60,61
896	14
897	7
898	4
899	11
900	10
901	7
902	30
903	5
904	24
905	27
906	42
907	4
908	8
909	34
910	13
911	16
912	0
913	12
914	1
915	52
916	7
917	7
918	7
919	10
920	33
921	24,33,48
922	33
923	9
924	54
925	4
926	8
927	8
928	35
929	39
930	6
931	31
932	41
933	6
934	14
935	13
936	5,56
937	41
938	0
939	30
940	21
941	48
942	4
943	10
944	2
945	39
946	11
947	28
948	9
949	1
950	17
951	5
952	2
953	0
954	19
955	50
956	8
957	1
958	4
959	9
960	24
961	15
962	19
963	8
964	5
965	5
966	4
967	24
968	23
969	0
970	36
971	19
972	29
973	53
974	6
975	1
976	3
977	43
978	45
979	35,67
980	12,19
981	23
982	6
983	29
984	20
985	11
986	7
987	3
988	43
989	5
990	8
991	22
992	43
993	3
994	46,65
995	5
996	0
997	23
998	42,43
999	4
1000	1
1001	1
1002	1
1003	1
1004	2
1005	2
1006	2
1007	2
1008	6
1009	6
1010	6
1011	6
1012	11
1013	11
1014	11
1015	11
1016	52
1017	52
1018	52
1019	52
1020	3
1021	3
1022	3
1023	3
1024	10
1025	10
1026	10
1027	10
1028	14
1029	14
1030	14
1031	14
1032	14
1033	30
1034	30
1035	30
1036	30
1037	30
1038	62
1039	62
1040	62
1041	62
1042	62
1043	74
1044	74
1045	74
1046	74
1047	74
1048	71
1049	71
1050	71
1051	71
1052	71
1053	68
1054	68
1055	68
1056	68
1057	68
1058	67
1059	67
1060	67
1061	67
1062	67
1063	66
1064	66
1065	66
1066	66
1067	66
1068	65
1069	65
1070	65
1071	65
1072	65
1073	64
1074	64
1075	64
1076	64
1077	64
1078	61
1079	61
1080	61
1081	61
1082	61
1083	63
1084	63
1085	63
1086	63
1087	63
1088	60
1089	60
1090	60
1091	60
1092	60
1093	59
1094	59
1095	59
1096	59
1097	59
1098	58
1099	58
1100	58
1101	58
1102	58
1103	57
1104	57
1105	57
1106	57
1107	57
1108	56
1109	56
1110	56
1111	56
1112	56
1113	55
1114	55
1115	55
1116	55
1117	55
1118	72
1119	72
1120	72
1121	72
1122	72
1123	53
1124	53
1125	53
1126	53
1127	53
1128	25
1129	25
1130	25
1131	25
1132	25
1133	51
1134	51
1135	51
1136	51
1137	51
1138	50
1139	50
1140	50
1141	50
1142	50
1143	49
1144	49
1145	49
1146	49
1147	49
1148	48
1149	48
1150	48
1151	48
1152	48
1153	47
1154	47
1155	47
1156	47
1157	47
1158	69
1159	69
1160	69
1161	69
1162	69
1163	45
1164	45
1165	45
1166	45
1167	45
1168	44
1169	44
1170	44
1171	44
1172	44
1173	43
1174	43
1175	43
1176	43
1177	43
1178	42
1179	42
1180	42
1181	42
1182	42
