0	0,7
1	1
2	2
3	3
4	4
5	5
6	0,6
7	7
8	8
9	9
10	0
11	3
12	0
13	1
14	3
15	5
16	0,9
17	0
18	3
19	0
20	0
21	1
22	3
23	2
24	4
25	3
26	3
27	1
28	1
29	1
30	2
31	1
32	0,2
33	4,5
34	5
35	1,9
36	0
37	6
38	1
39	0
40	2,3
41	1
42	3
43	2
44	2
45	3
46	1,6
47	1
48	2
49	1
50	4
51	1
52	2,7,9
53	0,6
54	5
55	0
56	0,1,3,8
57	1
58	1,9
59	1,2
60	0,3,4,6
61	1
62	3
63	0,7
64	1,7,8
65	4,6
66	3
67	1
68	1,9
69	2,3,5
70	7
71	0,6
72	8
73	0
74	3
75	3
76	1,4
77	1,4,5
78	4
79	8
80	5
81	0
82	0,4,6
83	3
84	3
85	0
86	0,2
87	1,2
88	2,3,5
89	0,1,8
90	0
91	0
92	4
93	1
94	0
95	0,2
96	0
97	1
98	0,9
99	2
100	1
101	0,6
102	0,8
103	0,3,5
104	0
105	2
106	2,6
107	1
108	2
109	2
110	2
111	1
112	2
113	1,8
114	1
115	0
116	0,1
117	0
118	2,5
119	0,2
120	0
121	0,5
122	2
123	0
124	0,3,7
125	0,8
126	2,3
127	3
128	1
129	7
130	2
131	4
132	1
133	0
134	4
135	1
136	0
137	0,3
138	0,2
139	1,7
140	0
141	0,1
142	2
143	6
144	1
145	2
146	0
147	2
148	0,6
149	1
150	5
151	1,2
152	0,4,6
153	2,7
154	0,6
155	1,5
156	4,6,7
157	1
158	3
159	2
160	0,7
161	7
162	1
163	0,3
164	2
165	6
166	1
167	1
168	0,2
169	6
170	3,7
171	2
172	0
173	2,3,8,9
174	4
175	0,8
176	0
177	4
178	8
179	2
180	2,3
181	2
182	2,3
183	5
184	1
185	3,7
186	0
187	4
188	4
189	0,2,3
190	2,8
191	3
192	3
193	2
194	0
195	2,6
196	0
197	1
198	1,8
199	1,9
200	2
201	3
202	2
203	1,8
204	0,5
205	3
206	0
207	0
208	0,1
209	7
210	2
211	0
212	0
213	1
214	0,3
215	1
216	3
217	1,6
218	0
219	1,7
220	2
221	1,5
222	0
223	0
224	1
225	1
226	0,6
227	5
228	1
229	0,6,8
230	4,5
231	1,3,9
232	0,4
233	1
234	5
235	1
236	6
237	8
238	1,3,8,9
239	1
240	2
241	2,7
242	3
243	1
244	6
245	1
246	3
247	0
248	4
249	4
250	5
251	0
252	0
253	5
254	0
255	6
256	0
257	6,7
258	1
259	1
260	1
261	1,3,8
262	2
263	4
264	2
265	5
266	8,9
267	4
268	0,7
269	0
270	6
271	1
272	0
273	3,7
274	0
275	1
276	1
277	1
278	1,7
279	1,8
280	0
281	0,2
282	0
283	0
284	6
285	2
286	2,3
287	1
288	0
289	1
290	0,6
291	2
292	0,1,2,4
293	6
294	0
295	2
296	0
297	1
298	1
299	0
300	1
301	2
302	1
303	0
304	0
305	0
306	0
307	0
308	6
309	5
310	4
311	3
312	3
313	0
314	1,9
315	2
316	5,6
317	0
318	5
319	0
320	0
321	3
322	0
323	1,7
324	1
325	4
326	3
327	3
328	0,6
329	2
330	1
331	3
332	9
333	4
334	2
335	0
336	4
337	2,3
338	0
339	1
340	1
341	4
342	7
343	8
344	0
345	7
346	0
347	1
348	0
349	3
350	1,6
351	2
352	0
353	4
354	4
355	2
356	2
357	6
358	9
359	2
360	0
361	0
362	5
363	2
364	4
365	3
366	2
367	0,8
368	0
369	4,5,8
370	3
371	8
372	1
373	0
374	6
375	2
376	2
377	1
378	1
379	1
380	3,6
381	1
382	0
383	0
384	0
385	1
386	0
387	6
388	0
389	0
390	8,9
391	0
392	6
393	5
394	1
395	0,7,8
396	1
397	0
398	1
399	0,1,2
400	3
401	0
402	4
403	7
404	0
405	4,5,7
406	3
407	0
408	0
409	8
410	0
411	0
412	6
413	1,6
414	4
415	0,1
416	0
417	1
418	1
419	5
420	2,8
421	1
422	2
423	4
424	2
425	6
426	3
427	5,6
428	7
429	0
430	7
431	0
432	0
433	0
434	4,7
435	1
436	5
437	2
438	1
439	5
440	3
441	8
442	4
443	1,5
444	1
445	0
446	2,7
447	4
448	4
449	3
450	1
451	2
452	1
453	6,9
454	5
455	1,8
456	0
457	0
458	0
459	4
460	1
461	6
462	6
463	0
464	0
465	0
466	0
467	0
468	4
469	2
470	3
471	0
472	0
473	4
474	2
475	0,2
476	1
477	0
478	1
479	2,5
480	1
481	0
482	8
483	0
484	1
485	0
486	8
487	0
488	3
489	0
490	2
491	0
492	5
493	6,8
494	6
495	2
496	0
497	0,5
498	1
499	5
500	3,8
501	0
502	7
503	7
504	0
505	2
506	0
507	0
508	2
509	0
510	1
511	0
512	2
513	3
514	2
515	3,4
516	0
517	1
518	1
519	0,5
520	0,9
521	1
522	9
523	0
524	5
525	0,1
526	0
527	6
528	7
529	4,6
530	0
531	3
532	4
533	8
534	4
535	3
536	0
537	3
538	1
539	1
540	2
541	1
542	0
543	2
544	0
545	1
546	5
547	4,5
548	3
549	1
550	1
551	2
552	7
553	5
554	2
555	0
556	0
557	5
558	0
559	0
560	1
561	1
562	0
563	4,8
564	5
565	0
566	0
567	3
568	1
569	2
570	0
571	4
572	6
573	6
574	1
575	1
576	6
577	5,7
578	9
579	0,4
580	0
581	6,8
582	0
583	0
584	3
585	2
586	3
587	3
588	4
589	1
590	0
591	1
592	2
593	2
594	0
595	1
596	0
597	4
598	2
599	4
600	4
601	1
602	0
603	2
604	0
605	0
606	7
607	8
608	5
609	1
610	0
611	0
612	2,4,8
613	0
614	3
615	2
616	1
617	2
618	3
619	1
620	1
621	5
622	4
623	1,3
624	2
625	0
626	1
627	1,2
628	3
629	0
630	0
631	4,6
632	1
633	4
634	4
635	0
636	0
637	0
638	3
639	2
640	1
641	0
642	4
643	3,4
644	0,6
645	1
646	0
647	0
648	8
649	2,6
650	0
651	0
652	1
653	3
654	2
655	3
656	2
657	0
658	1,3
659	0
660	6
661	0
662	3,6
663	1
664	0
665	1
666	0
667	4,8
668	1
669	0,2
670	0
671	2,6
672	4
673	2
674	9
675	6
676	1
677	2
678	0
679	4
680	3
681	1
682	2,6
683	2
684	1
685	0,3,5
686	0
687	2
688	0
689	3,9
690	0
691	0,5
692	8
693	5
694	0
695	0,3
696	0
697	0
698	0
699	0
700	1
701	4
702	0
703	2
704	0
705	0
706	0
707	1
708	5
709	0
710	0
711	0
712	5
713	5
714	0
715	4
716	0
717	1
718	0
719	2
720	2,7
721	5
722	0
723	2
724	0
725	1
726	0
727	0
728	4
729	0
730	6
731	6
732	3
733	9
734	4
735	5
736	1
737	1
738	1
739	7
740	3
741	3
742	2
743	2
744	9
745	0
746	4
747	8
748	0
749	6
750	2
751	0
752	0
753	0
754	3
755	6
756	3
757	8
758	5
759	3
760	0
761	0
762	3
763	0
764	2
765	1
766	1,6,9
767	1
768	1
769	0
770	0
771	0
772	0
773	3
774	2,6
775	8
776	3
777	4
778	0
779	1
780	1
781	0
782	1
783	2
784	4
785	0
786	1
787	4
788	4
789	9
790	1
791	3
792	0
793	0
794	4
795	0
796	4
797	1,5,8
798	0
799	2,3
800	3
801	3
802	3,6
803	0
804	0
805	0,1
806	1
807	2
808	1
809	2
810	5
811	3
812	2
813	0
814	2
815	2
816	1
817	1
818	0
819	2
820	6
821	1
822	1,4
823	1
824	2
825	7
826	5
827	1
828	5
829	2
830	0
831	0,2,8
832	2,5,9
833	0
834	1,7
835	4
836	2
837	3
838	1
839	0
840	8
841	2
842	1
843	4
844	0
845	4,5
846	0
847	0
848	2
849	1
850	0
851	0
852	1
853	6
854	2
855	2,6,7
856	1
857	0
858	3
859	0
860	3
861	0
862	0
863	4,8
864	1
865	0
866	3
867	2
868	2
869	1
870	0
871	0,9
872	0
873	0
874	1,2
875	3
876	0
877	0
878	0
879	3
880	0
881	3
882	5
883	1
884	3,5
885	1
886	4
887	1
888	3
889	2
890	0
891	3
892	0
893	2
894	0
895	8
896	2
897	1,4
898	6
899	1,2,8
900	0
901	1,5
902	2
903	1
904	2
905	0
906	1,6
907	1
908	0
909	8
910	3
911	1
912	3
913	3
914	0
915	0
916	9
917	0
918	1
919	2,4
920	0,4
921	0
922	0
923	3
924	0
925	0
926	3
927	1
928	0
929	0
930	3
931	4,8
932	9
933	3
934	4,5,6
935	1
936	3
937	3
938	0
939	7
940	2
941	7
942	0
943	2
944	0
945	0
946	2
947	3
948	3
949	0
950	7
951	0
952	0
953	0
954	9
955	0
956	2
957	1
958	0
959	4,9
960	4,7
961	4
962	0
963	2
964	0
965	1
966	1
967	1
968	5
969	1
970	2
971	2
972	2
973	0
974	2
975	0
976	1,2
977	0
978	1
979	1
980	0
981	5
982	0
983	3
984	2
985	2
986	6
987	3
988	5
989	0
990	0
991	0
992	2
993	1
994	3
995	6
996	2
997	0
998	2
999	2
1000	0
1001	8
1002	7
1003	0
1004	0
1005	1
1006	0
1007	2
1008	4
1009	0
1010	0
1011	0
1012	1
1013	5
1014	5
1015	1
1016	0
1017	3
1018	5
1019	1,5
1020	1
1021	8
1022	0,4
1023	6
1024	3,6
1025	2
1026	0
1027	0,5
1028	0
1029	1
1030	0
1031	6
1032	5
1033	5
1034	1
1035	2
1036	0
1037	2
1038	3
1039	3
1040	4
1041	4
1042	3
1043	2,5
1044	4
1045	1
1046	1
1047	1
1048	0
1049	2,9
1050	6
1051	0
1052	0
1053	0
1054	1
1055	6
1056	6
1057	4
1058	1
1059	3
1060	7
1061	1
1062	3
1063	1
1064	0
1065	5
1066	1,6
1067	1,8
1068	3
1069	3
1070	0,3,4
1071	3
1072	1
1073	2
1074	1
1075	2
1076	0
1077	1
1078	6
1079	0
1080	0
1081	0
1082	2
1083	3,7
1084	0
1085	2
1086	1
1087	0
1088	1
1089	1
1090	5,6
1091	1
1092	4
1093	2
1094	1
1095	0
1096	0
1097	2
1098	1
1099	2
1100	1
1101	0
1102	2
1103	5
1104	7
1105	2
1106	2
1107	5
1108	0
1109	1
1110	2
1111	1
1112	2
1113	1
1114	2
1115	1,3,9
1116	0
1117	1,6
1118	1
1119	0
1120	0,8
1121	0
1122	7
1123	3
1124	4
1125	0
1126	2
1127	5,9
1128	7
1129	3,5
1130	0
1131	0
1132	2
1133	0
1134	1
1135	0
1136	1
1137	5
1138	0
1139	0
1140	0
1141	0
1142	6
1143	1
1144	3,8
1145	1
1146	3
1147	2,3,6
1148	2
1149	4
1150	0
1151	0
1152	2
1153	1
1154	5
1155	0
1156	8
1157	5
1158	0
1159	1
1160	0
1161	2
1162	1
1163	0
1164	0
1165	0
1166	4
1167	2
1168	6
1169	2
1170	3
1171	0
1172	2
1173	3
1174	6
1175	6
1176	0
1177	7
1178	0
1179	3
1180	2
1181	0
1182	4
1183	3
1184	0
1185	1
1186	3
1187	7
1188	2
1189	1
1190	0
1191	2
1192	0
1193	2,7
1194	6
1195	2,6,8
1196	0
1197	1
1198	2
1199	4
1200	2
1201	0
1202	1
1203	1
1204	1
1205	5
1206	5
1207	4
1208	2
1209	4
1210	2
1211	0
1212	1
1213	1,7
1214	4
1215	2
1216	9
1217	0
1218	0
1219	0
1220	3
1221	1
1222	0
1223	2
1224	0
1225	3
1226	0
1227	4
1228	0
1229	0
1230	1,6
1231	0,3
1232	3
1233	0
1234	0
1235	4
1236	0
1237	1
1238	3
1239	1
1240	6
1241	3,8
1242	3
1243	9
1244	7
1245	0
1246	3
1247	3
1248	2
1249	0
1250	2
1251	2
1252	0
1253	3
1254	0
1255	2
1256	6
1257	5
1258	3
1259	0
1260	1
1261	9
1262	1
1263	0
1264	4
1265	1
1266	0
1267	0
1268	1
1269	3
1270	3
1271	2
1272	0
1273	0
1274	9
1275	8
1276	3
1277	6
1278	3
1279	2
1280	3
1281	2
1282	0
1283	0
1284	2
1285	4
1286	0
1287	1
1288	0
1289	0
1290	5
1291	2
1292	2
1293	0
1294	9
1295	1
1296	0
1297	1,4
1298	1
1299	0
1300	0
1301	8
1302	4
1303	3
1304	0
1305	2
1306	1,8
1307	1
1308	8
1309	7
1310	8
1311	3
1312	2
1313	6
1314	1
1315	0
1316	5
1317	2
1318	1
1319	1
1320	4
1321	5
1322	0
1323	1
1324	2
1325	1
1326	8
1327	0
1328	5
1329	3
1330	1
1331	0
1332	2
1333	8
1334	0
1335	0
1336	0
1337	7
1338	2
1339	3
1340	2
1341	3
1342	2
1343	5
1344	4
1345	0
1346	1
1347	2
1348	0
1349	0
1350	1
1351	6
1352	0
1353	0
1354	0
1355	7
1356	0
1357	0
1358	0
1359	2
1360	7
1361	2
1362	1
1363	2
1364	3
1365	0
1366	0
1367	6
1368	2
1369	4
1370	3
1371	1
1372	6
1373	3
1374	2
1375	4
1376	3
1377	0
1378	7,8
1379	0
1380	2
1381	2
1382	1
1383	0
1384	2
1385	6
1386	2
1387	1,7
1388	3,5
1389	6
1390	5
1391	4
1392	1
1393	5
1394	2
1395	0
1396	5,6
1397	3,7
1398	1
1399	7
1400	2
1401	2
1402	3
1403	3
1404	3
1405	0
1406	2
1407	4
1408	0
1409	5
1410	0
1411	5
1412	0
1413	1
1414	4,5
1415	5
1416	1
1417	0
1418	1,3
1419	2
1420	1
1421	0
1422	4
1423	3
1424	0
1425	3,7
1426	2
1427	0
1428	2
1429	0
1430	0
1431	0
1432	2
1433	4
1434	1
1435	0
1436	4
1437	4
1438	3
1439	0
1440	1
1441	5
1442	3
1443	3
1444	4
1445	1
1446	0
1447	0
1448	1
1449	0
1450	1
1451	7
1452	3
1453	0
1454	3
1455	0
1456	0
1457	1
1458	3
1459	1
1460	5
1461	0
1462	1
1463	0
1464	0
1465	0
1466	0
1467	2
1468	0
1469	0
1470	1
1471	1
1472	2
1473	5
1474	2
1475	2
1476	6
1477	0
1478	6
1479	0
1480	6
1481	0
1482	9
1483	1
1484	4
1485	1
1486	1
1487	0
1488	1
1489	0
1490	1
1491	0
1492	0
1493	0
1494	0
1495	1
1496	4
1497	0
1498	0
1499	0
1500	0
1501	1
1502	1
1503	0
1504	2
1505	8
1506	1
1507	3
1508	5
1509	3
1510	0
1511	2
1512	2
1513	3
1514	1
1515	0
1516	0
1517	0
1518	3
1519	3
1520	3
1521	1
1522	0
1523	0
1524	0
1525	1
1526	4
1527	0
1528	2
1529	5
1530	2,7
1531	4
1532	7
1533	3
1534	2
1535	2
1536	4
1537	0
1538	4
1539	0
1540	7
1541	3
1542	3
1543	3
1544	0
1545	4
1546	0
1547	0
1548	0
1549	0
1550	6
1551	0
1552	2
1553	2
1554	2
1555	0
1556	1
1557	5
1558	0
1559	4
1560	1
1561	4
1562	6
1563	1
1564	2
1565	3
1566	1
1567	3
1568	0
1569	3
1570	3
1571	4
1572	0
1573	1
1574	2
1575	0
1576	2
1577	0
1578	5
1579	0
1580	1
1581	3
1582	2
1583	7
1584	2
1585	4
1586	9
1587	1
1588	0
1589	1
1590	2
1591	4
1592	0
1593	2
1594	1
1595	2
1596	1
1597	3
1598	5
1599	0
1600	0
1601	2
1602	1
1603	1
1604	6
1605	3
1606	1
1607	0
1608	0
1609	0
1610	1
1611	3
1612	1
1613	6,9
1614	3
1615	8
1616	6
1617	0
1618	6
1619	0
1620	5
1621	0
1622	0
1623	0
1624	0
1625	7
1626	0
1627	3
1628	2
1629	9
1630	1
1631	6
1632	4
1633	2
1634	3
1635	0
1636	1
1637	6
1638	2
1639	4
1640	2
1641	4
1642	4,7
1643	8
1644	1
1645	0
1646	0
1647	1
1648	1
1649	1
1650	2
1651	2
1652	4
1653	0
1654	5
1655	2
1656	1
1657	0
1658	0
1659	1
1660	2
1661	9
1662	1
1663	0
1664	3
1665	0
1666	0
1667	6
1668	0
1669	2
1670	1,7
1671	4
1672	0,7
1673	2
1674	4
1675	6
1676	0
1677	0
1678	0
1679	2
1680	2
1681	4
1682	5
1683	0
1684	4
1685	5
1686	1
1687	4
1688	4
1689	2
1690	0
1691	1
1692	2,4
1693	5
1694	2
1695	4
1696	0
1697	0
1698	2
1699	1
1700	4
1701	2
1702	1
1703	4
1704	3
1705	0
1706	2
1707	0
1708	0
1709	4
1710	2
1711	1
1712	2
1713	7
1714	0
1715	1
1716	1
1717	1
1718	3
1719	0
1720	1
1721	4
1722	3
1723	3,4
1724	6
1725	0
1726	0
1727	0
1728	0
1729	0
1730	1
1731	0
1732	2
1733	0
1734	0
1735	3
1736	7
1737	2
1738	0
1739	2
1740	0
1741	1
1742	1
1743	1
1744	1
1745	2
1746	2
1747	2
1748	0
1749	2
1750	3
1751	0
1752	0
1753	4
1754	5
1755	0
1756	5
1757	5
1758	1
1759	1
1760	0
1761	3
1762	0
1763	7
1764	6
1765	0
1766	0
1767	2
1768	7
1769	1
1770	5
1771	3
1772	1
1773	1
1774	0
1775	0
1776	3,5
1777	0
1778	1
1779	1
1780	6
1781	8
1782	3,4
1783	6
1784	0
1785	0
1786	0
1787	0
1788	0
1789	0
1790	3
1791	4
1792	4
1793	1
1794	0
1795	5
1796	4,5
1797	7
1798	2
1799	0
1800	3
1801	2
1802	0
1803	0
1804	5
1805	5
1806	6
1807	1
1808	5
1809	7
1810	2
1811	2
1812	1
1813	6
1814	4
1815	1
1816	2
1817	2
1818	1
1819	1
1820	1,4
1821	9
1822	0
1823	8
1824	8
1825	3
1826	1
1827	1
1828	6
1829	0
1830	6
1831	5
1832	4
1833	1
1834	1
1835	5
1836	6
1837	3
1838	0
1839	1
1840	1
1841	1
1842	5
1843	1,5
1844	3
1845	2
1846	1
1847	5,7
1848	4
1849	1
1850	3
1851	0
1852	2
1853	0
1854	1,5
1855	2
1856	4
1857	0
1858	0
1859	0
1860	9
1861	0
1862	1
1863	2
1864	8
1865	3
1866	0
1867	0
1868	3
1869	9
1870	1
1871	6
1872	0
1873	7
1874	1
1875	1
1876	2
1877	1,4
1878	2,9
1879	0
1880	1
1881	2
1882	3
1883	8,9
1884	2
1885	1
1886	3
1887	0
1888	0
1889	5
1890	1
1891	2
1892	2
1893	3
1894	3
1895	1
1896	0
1897	2
1898	2
1899	0
1900	3
1901	1,6,8
1902	1
1903	0
1904	2
1905	6
1906	1
1907	1
1908	1
1909	2
1910	0
1911	1
1912	0
1913	1
1914	1
1915	1
1916	4
1917	9
1918	3
1919	5
1920	2
1921	6
1922	1
1923	0
1924	1
1925	2
1926	1
1927	6
1928	9
1929	1
1930	1
1931	0
1932	0
1933	7
1934	4
1935	0
1936	5
1937	0
1938	5
1939	1
1940	0
1941	5
1942	1
1943	4
1944	3
1945	1
1946	3
1947	0
1948	0
1949	2
1950	0
1951	1
1952	0
1953	1
1954	1
1955	3
1956	9
1957	1
1958	0
1959	2
1960	4
1961	1
1962	2
1963	8
1964	1
1965	4
1966	2
1967	1
1968	1
1969	6
1970	3
1971	1
1972	1
1973	0
1974	1
1975	0
1976	0
1977	5
1978	2
1979	2
1980	5
1981	3
1982	3
1983	1
1984	1
1985	8
1986	3
1987	1
1988	0
1989	5
1990	3
1991	6
1992	1
1993	2
1994	4
1995	5
1996	1
1997	0
1998	2
1999	3
2000	0
2001	2
2002	7
2003	3
2004	1
2005	0
2006	4
2007	7
2008	2
2009	1
2010	6
2011	1
2012	2
2013	0
2014	2
2015	7
2016	2
2017	0
2018	3
2019	1
2020	6
2021	4
2022	1
2023	0
2024	0
2025	0
2026	1
2027	4
2028	0
2029	3
2030	3
2031	2
2032	3,9
2033	7
2034	0
2035	0
2036	6
2037	2
2038	8
2039	1
2040	0
2041	4
2042	0
2043	0
2044	0
2045	2
2046	1
2047	1
2048	0
2049	2
2050	2
2051	3
2052	2
2053	1
2054	3
2055	0
2056	0
2057	2
2058	3,5
2059	0
2060	4
2061	9
2062	5,6
2063	5,8
2064	1,6
2065	5
2066	1
2067	0
2068	1
2069	0
2070	0
2071	1
2072	1
2073	1
2074	6
2075	2
2076	0
2077	2
2078	1,4
2079	0,3
2080	1
2081	0
2082	0
2083	1
2084	1
2085	2
2086	2
2087	3
2088	0
2089	1
2090	1
2091	8
2092	0
2093	3
2094	2,6
2095	6
2096	2
2097	1
2098	4
2099	1
2100	5
2101	0
2102	6
2103	0
2104	2
2105	0
2106	0
2107	1
2108	0
2109	0
2110	0
2111	3
2112	1
2113	2
2114	1
2115	1
2116	5
2117	2
2118	0
2119	1
2120	6
2121	2
2122	0
2123	2
2124	1,4
2125	0
2126	0
2127	2
2128	0
2129	0
2130	1,7
2131	4
2132	0
2133	3
2134	1
2135	2
2136	0
2137	1
2138	0
2139	4
2140	1
2141	1
2142	7
2143	0
2144	0
2145	3
2146	5
2147	1
2148	4
2149	0
2150	1
2151	0
2152	1
2153	9
2154	0
2155	5
2156	1
2157	3
2158	0
2159	0
2160	1
2161	0
2162	4
2163	0
2164	2
2165	7
2166	1
2167	1
2168	2
2169	0
2170	9
2171	3
2172	0
2173	2
2174	3
2175	2
2176	5
2177	1
2178	1
2179	0
2180	4
2181	4
2182	8
2183	1
2184	1
2185	0
2186	2
2187	0
2188	4
2189	0
2190	0
2191	3
2192	1
2193	0
2194	3
2195	3
2196	1
2197	0
2198	0
2199	1
2200	4,7
2201	3
2202	6
2203	1
2204	3
2205	4
2206	0
2207	1
2208	0
2209	2
2210	3
2211	8
2212	2
2213	3
2214	0
2215	1
2216	0
2217	8
2218	2
2219	1
2220	1
2221	5
2222	4
2223	0
2224	1
2225	6
2226	4
2227	3
2228	1
2229	4
2230	0
2231	2
2232	3
2233	2
2234	7
2235	4
2236	1
2237	2
2238	2
2239	6
2240	4
2241	2
2242	0
2243	0
2244	9
2245	1
2246	0
2247	3
2248	4
2249	9
2250	2
2251	0
2252	0
2253	1
2254	2
2255	3
2256	5
2257	1
2258	2
2259	0
2260	3
2261	4
2262	0
2263	0
2264	3
2265	3
2266	3,5
2267	3
2268	3
2269	0
2270	1
2271	4
2272	1
2273	3
2274	0
2275	0
2276	2
2277	4
2278	3
2279	4
2280	3
2281	0
2282	2
2283	1
2284	5
2285	1
2286	5
2287	1
2288	0
2289	3
2290	0
2291	0
2292	5
2293	2
2294	2
2295	3
2296	0
2297	0
2298	5
2299	2
2300	3
2301	1
2302	4
2303	1
2304	1
2305	0
2306	2
2307	8
2308	1
2309	1
2310	3
2311	0
2312	3
2313	0
2314	3
2315	4
2316	3
2317	5
2318	0
2319	5
2320	4
2321	0
2322	0
2323	2
2324	5
2325	0
2326	4
2327	1
2328	3
2329	5
2330	2
2331	1
2332	0
2333	3
2334	7
2335	5
2336	0
2337	0
2338	0
2339	0
2340	4
2341	0
2342	3
2343	0
2344	1
2345	1
2346	2
2347	0
2348	0
2349	0
2350	3
2351	2
2352	1
2353	1
2354	0
2355	7
2356	9
2357	2
2358	1
2359	5
2360	3
2361	0
2362	0
2363	0
2364	8
2365	3
2366	5
2367	2
2368	0
2369	2
2370	6
2371	1
2372	3
2373	9
2374	3
2375	0
2376	7
2377	0
2378	0
2379	2
2380	0
2381	2
2382	4
2383	4
2384	1
2385	6
2386	2
2387	1
2388	1
2389	1
2390	1
2391	4
2392	1
2393	0
2394	0
2395	1
2396	0
2397	0
2398	1
2399	0
2400	4
2401	1
2402	5
2403	1
2404	2
2405	0
2406	0
2407	2
2408	5,6
2409	3
2410	2
2411	5
2412	9
2413	4
2414	0
2415	0
2416	2
2417	0
2418	2
2419	2
2420	2
2421	9
2422	3
2423	2
2424	2
2425	4
2426	1
2427	1
2428	0
2429	1
2430	2
2431	1
2432	3
2433	0
2434	2
2435	4
2436	1
2437	0
2438	1
2439	0
2440	3
2441	6
2442	4
2443	0
2444	9
2445	1
2446	2
2447	5
2448	7,8
2449	0
2450	0
2451	2
2452	1
2453	0
2454	4
2455	4
2456	1
2457	3
2458	1
2459	0
2460	3
2461	1
2462	0
2463	3
2464	7
2465	4
2466	0
2467	1
2468	5
2469	0,5
2470	1,9
2471	0
2472	7
2473	2,6
2474	3
2475	2
2476	2
2477	0
2478	1
2479	2
2480	0
2481	1
2482	0
2483	1
2484	1
2485	0
2486	3
2487	1
2488	4
2489	0
2490	6
2491	5
2492	0
2493	3
2494	2
2495	1
2496	1
2497	2
2498	1
2499	1
2500	8,9
2501	4
2502	8
2503	1,7
2504	7
2505	2
2506	1
2507	6
2508	0
2509	4
2510	0
2511	2
2512	6
2513	4
2514	7
2515	0
2516	2
2517	0
2518	1
2519	4
2520	0
2521	1
2522	1
2523	0
2524	2
2525	1
2526	6
2527	0
2528	0
2529	4
2530	0
2531	1
2532	3
2533	0
2534	4
2535	0
2536	5
2537	2
2538	0
2539	2
2540	1
2541	2
2542	2
2543	1
2544	1
2545	0
2546	7,8
2547	1
2548	3
2549	0
2550	0
2551	5
2552	2
2553	7
2554	2
2555	0
2556	3
2557	1
2558	0
2559	0
2560	5
2561	2
2562	3
2563	7
2564	0
2565	3
2566	0
2567	0
2568	3
2569	0
2570	0
2571	0
2572	7
2573	3,9
2574	8
2575	9
2576	4
2577	4
2578	0
2579	1
2580	3
2581	0
2582	3
2583	4
2584	7
2585	0
2586	5
2587	1
2588	2
2589	2
2590	4
2591	0
2592	4
2593	2
2594	0
2595	3
2596	2
2597	5
2598	0
2599	3
2600	0
2601	3
2602	7
2603	0
2604	0
2605	3
2606	5
2607	0
2608	9
2609	5
2610	6
2611	2
2612	5
2613	0
2614	2
2615	1
2616	1
2617	0
2618	1
2619	0
2620	8
2621	1
2622	0
2623	0
2624	4
2625	1
2626	0
2627	9
2628	0
2629	2
2630	1
2631	4
2632	3
2633	0
2634	0
2635	0
2636	1
2637	3
2638	1
2639	5
2640	1
2641	1
2642	1
2643	2
2644	4
2645	4
2646	2
2647	2
2648	1
2649	2
2650	9
2651	1
2652	1
2653	1
2654	1
2655	1
2656	3
2657	9
2658	1
2659	9
2660	0
2661	1
2662	2
2663	0
2664	2
2665	0
2666	2
2667	2
2668	3,5,7
2669	4
2670	3
2671	2
2672	0
2673	3
2674	2
2675	0
2676	0
2677	0
2678	2
2679	0
2680	0
2681	0
2682	4
2683	0
2684	0
2685	1
2686	0
2687	3
2688	2
2689	1
2690	4
2691	2
2692	4
2693	6
2694	2
2695	4
2696	4
2697	1
2698	7
2699	3
2700	0
2701	1,5
2702	3
2703	0
2704	2
2705	0
2706	1
2707	0
2708	2
2709	1
2710	4
2711	0
2712	0,2
2713	5
2714	1
2715	1
2716	5
2717	0
2718	0
2719	8
2720	2
2721	0
2722	2
2723	3
2724	4
2725	0
2726	0
2727	0
2728	3
2729	1
2730	9
2731	0
2732	1
2733	0
2734	0
2735	0
2736	5
2737	0
2738	5
2739	3
2740	0
2741	0
2742	4
2743	0
2744	0
2745	6
2746	9
2747	2
2748	2
2749	1
2750	8
2751	0
2752	0
2753	1
2754	4
2755	0
2756	4
2757	1,5
2758	2
2759	4
2760	3
2761	0
2762	4
2763	1
2764	4
2765	2
2766	5
2767	0
2768	0
2769	3
2770	2
2771	1
2772	0
2773	8
2774	0
2775	3
2776	0
2777	0
2778	0
2779	4
2780	2
2781	1
2782	8
2783	1
2784	2
2785	0
2786	1
2787	2
2788	0
2789	6
2790	3
2791	6,7
2792	3
2793	1
2794	3
2795	1
2796	0
2797	1
2798	1
2799	3
2800	0
2801	7
2802	2
2803	3
2804	3
2805	3
2806	5
2807	0
2808	3
2809	0
2810	1
2811	4
2812	0
2813	0
2814	6
2815	0
2816	7
2817	0
2818	2
2819	1
2820	0
2821	0
2822	5
2823	1
2824	0
2825	1
2826	1
2827	2
2828	0
2829	0
2830	4
2831	1
2832	2
2833	3
2834	9
2835	6
2836	1
2837	3
2838	3
2839	6
2840	0
2841	4
2842	0
2843	1
2844	3
2845	1
2846	3
2847	1
2848	0
2849	0
2850	0
2851	2
2852	0
2853	0
2854	1
2855	0
2856	4
2857	2
2858	0
2859	1
2860	0
2861	1
2862	3
2863	0
2864	0
2865	2,9
2866	1
2867	2
2868	2
2869	1
2870	0
2871	1
2872	7
2873	0
2874	3
2875	4
2876	1
2877	5
2878	0
2879	3
2880	8
2881	1
2882	0
2883	0
2884	2
2885	2
2886	5
2887	2
2888	1
2889	3,8
2890	4
2891	2
2892	0
2893	5
2894	2
2895	2
2896	0
2897	4
2898	1
2899	0
2900	2
2901	2
2902	2
2903	0
2904	3
2905	2
2906	1
2907	4
2908	3
2909	1
2910	2
2911	1
2912	3
2913	4
2914	3
2915	2
2916	2
2917	0
2918	0
2919	1
2920	1
2921	0
2922	2
2923	7
2924	3
2925	1
2926	0
2927	1
2928	0
2929	0
2930	8
2931	0
2932	0
2933	0
2934	3
2935	1
2936	1
2937	6
2938	0
2939	0
2940	1
2941	2
2942	0
2943	0
2944	3
2945	6
2946	2
2947	1
2948	3
2949	0
2950	0
2951	4
2952	5
2953	0
2954	1
2955	4
2956	0
2957	0
2958	2
2959	1
2960	0
2961	1
2962	0
2963	4
2964	6
2965	2
2966	0
2967	3
2968	9
2969	4
2970	1
2971	1
2972	0
2973	8
2974	0
2975	0
2976	0
2977	1
2978	1
2979	1
2980	2
2981	2
2982	0
2983	4
2984	0
2985	1
2986	2
2987	0
2988	0
2989	0
2990	6
2991	4
2992	0
2993	2
2994	0
2995	0
2996	4,5
2997	1
2998	4
2999	2
3000	7
3001	2
3002	1
3003	0
3004	4
3005	0
3006	0
3007	0
3008	1
3009	1
3010	2
3011	0
3012	3
3013	3
3014	1
3015	7
3016	6
3017	3
3018	2
3019	7
3020	4
3021	5
3022	0
3023	0
3024	2
3025	0
3026	1
3027	0
3028	0
3029	3
3030	4
3031	0
3032	0
3033	4
3034	1
3035	3
3036	3
3037	3
3038	1
3039	3
3040	8
3041	8
3042	0
3043	4
3044	2
3045	0
3046	1
3047	1
3048	1
3049	9
3050	1
3051	2
3052	0
3053	1
3054	7
3055	1
3056	3
3057	5
3058	3
3059	1
3060	4
3061	4
3062	1
3063	0
3064	1
3065	0
3066	5
3067	2
3068	1
3069	1
3070	0
3071	3
3072	0
3073	0
3074	2
3075	0
3076	3
3077	1
3078	0
3079	3
3080	2
3081	0
3082	4
3083	3
3084	2
3085	1
3086	4
3087	5
3088	3
3089	1
3090	1
3091	0
3092	0
3093	4
3094	2
3095	0
3096	0
3097	3
3098	3
3099	1
3100	5
3101	0
3102	0
3103	2
3104	5
3105	4
3106	1
3107	7
3108	3
3109	4
3110	2
3111	0
3112	0
3113	1
3114	4
3115	2
3116	0
3117	0
3118	1
3119	5
3120	1
3121	5
3122	4
3123	0
3124	2
3125	1
3126	0
3127	3
3128	1
3129	2
3130	3
3131	5
3132	2
3133	7
3134	0
3135	1
3136	0
3137	1,3
3138	2
3139	1
3140	2
3141	2
3142	6
3143	6
3144	0
3145	3
3146	0
3147	2
3148	3
3149	0
3150	0
3151	0
3152	2
3153	0
3154	5
3155	0
3156	1
3157	1
3158	0
3159	1
3160	3
3161	2
3162	4
3163	2
3164	3
3165	3
3166	5
3167	2
3168	9
3169	4
3170	0
3171	0
3172	3
3173	1
3174	4
3175	6
3176	3,5
3177	0
3178	3
3179	2
3180	4
3181	0
3182	1
3183	0
3184	0
3185	3
3186	1
3187	3
3188	0
3189	0
3190	1
3191	0
3192	5
3193	2
3194	3
3195	0
3196	1
3197	1
3198	6
3199	2
3200	2
3201	0
3202	1
3203	4
3204	7
3205	1
3206	0
3207	0,7
3208	0
3209	1
3210	2
3211	4
3212	2
3213	0
3214	1
3215	0
3216	1
3217	2
3218	1
3219	2
3220	2
3221	0
3222	7
3223	0
3224	8
3225	0
3226	4
3227	0
3228	0
3229	2
3230	3
3231	1
3232	1
3233	0
3234	1
3235	0
3236	1
3237	0
3238	8
3239	2,7,8
3240	2
3241	6
3242	3
3243	2
3244	3
3245	0
3246	2
3247	0
3248	5
3249	1
3250	2
3251	7
3252	1
3253	3
3254	3
3255	0
3256	0
3257	0
3258	0
3259	0
3260	3
3261	2,6
3262	2
3263	5
3264	0
3265	0,2,4,5,6,7,8
3266	1
3267	0,1
3268	1
3269	0
3270	2
3271	3
3272	0
3273	3,4,6,7,8
3274	0
3275	0
3276	1
3277	2
3278	2
3279	0
3280	4
3281	3
3282	4
3283	2
3284	0
3285	2
3286	1
3287	3
3288	0
3289	0
3290	1
3291	3
3292	3
3293	1
3294	2
3295	1,2
3296	1
3297	0,1,2,3,4,5,6,7,8,9
3298	1
3299	2,3,4,6,7,8
3300	6
