ATT0(float,1);ATT1(float,10);ATT2(string,10);
0.393;0.673,0.124,0.396,0.00432,0.727,0.71,0.343,0.539,0.214,0.277;aaaa;
0.903;0.53,0.947,0.325,0.0131,0.643,0.727,0.0917,0.553,0.509,0.327;a;
0.543;0.972,0.482,0.708,0.387,0.815,0.299,0.802,0.606,0.321,0.999;aaaaaaaa;
0.169;0.833,0.281,0.453,0.515,0.0514,0.0842,0.62,0.225,0.798,0.876;aaaaaaaaa;
0.877;0.613,0.937,0.973,0.251,0.322,0.869,0.387,0.335,0.229,0.557;aaaaaaa;
0.7;0.554,0.858,0.344,0.106,0.711,0.243,0.721,0.95,0.274,0.476;a;
0.162;0.519,0.512,0.195,0.471,0.558,0.0232,0.881,0.691,0.0371,0.491;aaaaaaa;
0.369;0.801,0.302,0.639,0.898,0.484,0.456,0.984,0.556,0.146,0.846;aaa;
0.979;0.476,0.448,0.491,0.541,0.614,0.78,0.756,0.276,0.349,0.16;aaaaaaaaaa;
0.366;0.988,0.374,0.258,0.638,0.73,0.316,0.763,0.319,0.156,0.566;aaaa;
0.138;0.237,0.947,0.523,0.578,0.856,0.604,0.412,0.253,0.585,0.892;aaaaaa;
0.859;0.232,0.441,0.61,0.964,0.3,0.464,0.518,0.603,0.142,0.901;aaaaaaa;
0.219;0.355,0.406,0.447,0.807,0.693,0.397,0.954,0.865,0.894,0.567;aaaaaa;
0.833;0.0989,0.0318,0.695,0.251,0.391,0.322,0.0679,0.402,0.542,0.858;aaaaa;
0.516;0.0274,0.735,0.386,0.516,0.851,0.747,0.433,0.922,0.854,0.639;aaaaa;
0.611;0.895,0.217,0.843,0.567,0.0134,0.265,0.301,0.59,0.426,0.397;aaa;
0.0698;0.544,0.646,0.535,0.418,0.642,0.819,0.979,0.684,0.572,0.737;aaaaa;
0.833;0.7,0.19,0.327,0.989,0.517,0.404,0.986,0.819,0.431,0.849;aaaaaaaaaa;
0.315;0.999,0.0515,0.777,0.924,0.478,0.878,0.0554,0.429,0.828,0.855;aaaaa;
0.845;0.198,0.0119,0.502,0.173,0.511,0.657,0.0998,0.624,0.912,0.106;aaaaaaa;
0.459;0.702,0.57,0.332,0.536,0.427,0.35,0.666,0.734,0.3,0.0951;aa;
0.68;0.822,0.695,0.758,0.297,0.0521,0.497,0.681,0.424,0.782,0.618;aaaa;
0.579;0.277,0.115,0.202,0.484,0.528,0.213,0.529,0.272,0.235,0.749;aaaaaaaa;
0.714;0.781,0.37,0.365,0.074,0.259,0.0908,0.637,0.425,0.17,0.778;aaaa;
0.515;0.32,0.017,0.557,0.923,0.244,0.38,0.092,0.528,0.0169,0.948;aaaaaaa;
0.431;0.939,0.753,0.585,0.228,0.208,0.886,0.435,0.879,0.454,0.743;a;
0.933;0.272,0.639,0.46,0.965,0.0814,0.464,0.582,0.645,0.188,0.232;aaaaaaa;
0.343;0.688,0.174,0.896,0.98,0.649,0.0581,0.467,0.503,0.0737,0.18;aaa;
0.0711;0.348,0.235,0.0799,0.163,0.166,0.193,0.724,0.509,0.909,0.812;aaaa;
0.8;0.184,0.601,0.796,0.841,0.826,0.43,0.708,0.401,0.315,0.354;aaaaaaa;
0.808;0.96,0.315,0.425,0.00756,0.081,0.466,0.893,0.58,0.921,0.257;aaaaaa;
0.492;0.448,0.88,0.161,0.66,0.348,0.806,0.757,0.155,0.87,0.69;aaa;
0.759;0.476,0.895,0.939,0.361,0.467,0.198,0.385,0.623,0.243,0.873;aaaaaaaa;
0.242;0.706,0.0452,0.17,0.798,0.735,0.245,0.842,0.22,0.868,0.407;a;
0.532;0.0999,0.226,0.357,0.766,0.118,0.69,0.832,0.616,0.988,0.326;aaaaaaaa;
0.695;0.696,0.0698,0.68,0.883,0.0493,0.137,0.527,0.443,0.639,0.88;aaaaaa;
0.148;0.524,0.344,0.564,0.799,0.816,0.749,0.983,0.986,0.208,0.852;aaaaaaaa;
0.174;0.943,0.512,0.863,0.482,0.627,0.00663,0.531,0.974,0.723,0.819;aaaaaaa;
0.633;0.231,0.985,0.623,0.167,0.606,0.367,0.511,0.807,0.323,0.951;aa;
0.0338;0.51,0.305,0.797,0.193,0.201,0.89,0.844,0.877,0.933,0.677;a;
0.642;0.35,0.78,0.272,0.629,0.994,0.475,0.971,0.274,0.822,0.558;aaaaaaaaaa;
0.827;0.962,0.316,0.35,0.913,0.134,0.726,0.289,0.265,0.67,0.523;aaaaaa;
0.805;0.804,0.238,0.758,0.337,0.388,0.283,0.417,0.0488,0.986,0.877;aaaaaaaa;
0.336;0.789,0.591,0.192,0.458,0.485,0.337,0.602,0.399,0.467,0.619;aaaa;
0.0864;0.284,0.59,0.182,0.706,0.711,0.344,0.889,0.893,0.812,0.268;aaaaaaaa;
0.462;0.301,0.474,0.23,0.641,0.708,0.635,0.688,0.131,0.327,0.326;aaaa;
0.877;0.0453,0.752,0.298,0.826,0.522,0.405,0.0537,0.0897,0.79,0.218;aaaaaaaa;
0.397;0.945,0.209,0.963,0.0729,0.985,0.726,0.58,0.913,0.358,0.621;aa;
0.639;0.935,0.168,0.896,0.697,0.466,0.242,0.331,0.743,0.807,0.964;aaa;
0.208;0.893,0.821,0.0255,0.285,0.901,0.0768,0.103,0.419,0.809,0.524;aaaaa;
0.407;0.422,0.957,0.553,0.114,0.878,0.617,0.221,0.772,0.571,0.913;aa;
0.657;0.114,0.469,0.439,0.0514,0.615,0.598,0.973,0.449,0.266,0.0933;aaaa;
0.978;0.46,0.373,0.754,0.343,0.164,0.376,0.284,0.412,0.331,0.115;aa;
0.0995;0.431,0.356,0.896,0.721,0.325,0.793,0.758,0.301,0.627,0.813;a;
0.621;0.749,0.666,0.269,0.535,0.391,0.648,0.335,0.481,0.356,0.991;aa;
0.812;0.0831,0.208,0.896,0.769,0.816,0.827,0.483,0.0944,0.471,0.307;aaa;
0.573;0.654,0.841,0.983,0.681,0.781,0.0384,0.176,0.762,0.26,0.804;aaaaaaa;
0.118;0.743,0.844,0.377,0.728,0.519,0.778,0.156,0.945,0.961,0.24;aaa;
0.624;0.214,0.456,0.738,0.383,0.84,0.908,0.698,0.243,0.715,0.664;a;
0.391;0.626,0.849,0.729,0.19,0.0628,0.787,0.0182,0.00815,0.217,0.819;aaa;
0.004;0.315,0.531,0.775,0.107,0.148,0.385,0.276,0.927,0.816,0.876;aaaaaaaaa;
0.525;0.555,0.93,0.426,0.624,0.573,0.078,0.0404,0.251,0.858,0.741;aaaaaa;
0.523;0.267,0.278,0.909,0.0975,0.935,0.591,0.527,0.024,0.606,0.0601;aaaaaaaa;
0.0082;0.326,0.406,0.221,0.883,0.154,0.317,0.831,0.949,0.135,0.244;aaaaaaaa;
0.159;0.179,0.667,0.921,0.687,0.18,0.855,0.342,0.944,0.1,0.912;aaaaaaaaa;
0.585;0.0931,0.932,0.0245,0.768,0.0138,0.295,0.648,0.668,0.402,0.914;aaaaaa;
0.904;0.286,0.733,0.98,0.468,0.897,0.182,0.617,0.798,0.0598,0.662;aaaaa;
0.994;0.87,0.486,0.589,0.792,0.383,0.407,0.456,0.872,0.494,0.0508;aaaaaa;
0.645;0.547,0.188,0.31,0.893,0.459,0.179,0.321,0.559,0.228,0.992;aaa;
0.652;0.638,0.554,0.313,0.205,0.0426,0.819,0.99,0.713,0.484,0.098;aaaa;
0.603;0.443,0.616,0.182,0.255,0.703,0.568,0.663,0.193,0.836,0.166;aaa;
0.0579;0.972,0.842,0.731,0.206,0.781,0.756,0.359,0.477,0.345,0.501;aaaaaaaa;
0.321;0.296,0.47,0.822,0.207,0.914,0.402,0.167,0.196,0.5,0.946;aaaaaaaaaa;
0.247;0.268,0.695,0.457,0.662,0.377,0.515,0.965,0.934,0.135,0.0784;a;
0.115;0.828,0.634,0.407,0.23,0.403,0.482,0.497,0.5,0.946,0.171;aaaa;
0.672;0.424,0.286,0.916,0.874,0.896,0.126,0.158,0.862,0.0935,0.676;aa;
0.567;0.668,0.52,0.501,0.71,0.492,0.805,0.192,0.567,0.15,0.0722;aaaaaaaaaa;
0.548;0.00767,0.563,0.405,0.284,0.299,0.0714,0.336,0.318,0.194,0.335;aaaaa;
0.103;0.525,0.756,0.793,0.665,0.426,0.512,0.582,0.163,0.706,0.102;aaaaaa;
0.14;0.152,0.211,0.0357,0.334,0.746,0.563,0.424,0.599,0.98,0.722;aaaaaaaaaa;
0.526;0.411,0.827,0.807,0.979,0.54,0.538,0.614,0.422,0.776,0.379;aaa;
0.357;0.164,0.532,0.358,0.118,0.205,0.695,0.829,0.475,0.2,0.593;aaaaaaaaaa;
0.545;0.201,0.277,0.0724,0.332,0.575,0.307,0.228,0.291,0.101,0.0506;aaaaaaaa;
0.772;0.277,0.801,0.858,0.957,0.564,0.0412,0.741,0.518,0.565,0.0488;aaaaaaaaa;
0.837;0.0306,0.0953,0.914,0.611,0.215,0.573,0.193,0.177,0.517,0.356;aaaaaaaa;
0.47;0.482,0.849,0.286,0.194,0.192,0.905,0.857,0.604,0.969,0.396;aa;
0.582;0.297,0.535,0.155,0.722,0.6,0.143,0.693,0.766,0.233,0.177;aaa;
0.0811;0.963,0.362,0.173,0.91,0.0323,0.288,0.837,0.193,0.369,0.343;aaaaa;
0.781;0.38,0.479,0.624,0.648,0.179,0.597,0.477,0.589,0.4,0.52;aaaaaaa;
0.753;0.0145,0.802,0.463,0.000395,0.793,0.814,0.469,0.723,0.247,0.125;aa;
0.377;0.931,0.748,0.361,0.642,0.581,0.997,0.196,0.0956,0.842,0.184;aaaaaaaaa;
0.613;0.22,0.184,0.0655,0.534,0.514,0.202,0.991,0.0998,0.376,0.386;aaaaaa;
0.0429;0.171,0.586,0.722,0.173,0.846,0.0651,0.165,0.839,0.256,0.878;aaa;
0.414;0.842,0.0247,0.203,0.717,0.0356,0.433,0.767,0.384,0.931,0.635;aaaaa;
0.784;0.929,0.897,0.264,0.619,0.392,0.625,0.776,0.691,0.516,0.127;a;
0.97;0.0279,0.943,0.285,0.625,0.253,0.986,0.133,0.363,0.701,0.972;aa;
0.537;0.877,0.106,0.714,0.214,0.455,0.877,0.5,0.17,0.126,0.594;aaaaa;
0.866;0.0113,0.288,0.273,0.531,0.563,0.651,0.361,0.097,0.989,0.856;aaaaaaaaa;
0.566;0.522,0.1,0.277,0.987,0.672,0.584,0.878,0.181,0.548,0.961;aaaaaaaaa;
0.163;0.991,0.186,0.894,0.782,0.848,0.182,0.727,0.355,0.668,0.977;aa;
0.886;0.257,0.44,0.571,0.333,0.865,0.845,0.529,0.644,0.927,0.945;aaaaaaaa;
0.7;0.843,0.0871,0.00971,0.733,0.996,0.318,0.801,0.845,0.0755,0.253;aaa;
0.00247;0.535,0.336,0.509,0.13,0.977,0.317,0.274,0.797,0.673,0.463;aaaaaaaaaa;
0.0151;0.392,0.123,0.624,0.201,0.145,0.0541,0.607,0.637,0.734,0.0935;aaaaaaaaaa;
0.897;0.995,0.094,0.579,0.922,0.245,0.693,0.952,0.877,0.293,0.356;aaaaaa;
0.524;0.978,0.423,0.666,0.535,0.434,0.349,0.407,0.0378,0.815,0.181;a;
0.534;0.343,0.107,0.105,0.578,0.448,0.876,0.271,0.196,0.873,0.0544;aaaaaaa;
0.0316;0.245,0.906,0.724,0.0604,0.284,0.5,0.173,0.58,0.616,0.486;aaaaaaaa;
0.245;0.575,0.541,0.481,0.558,0.286,0.337,0.914,0.295,0.219,0.338;aa;
0.558;0.256,0.569,0.28,0.29,0.846,0.371,0.667,0.611,0.171,0.0452;aaaaaa;
0.882;0.527,0.465,0.312,0.874,0.205,0.177,0.704,0.288,0.711,0.0177;aaaaaaaa;
0.252;0.634,0.979,0.261,0.603,0.611,0.289,0.0872,0.0693,0.000237,0.702;aaaaaaa;
0.76;0.409,0.0901,0.591,0.745,0.82,0.342,0.508,0.781,0.723,0.954;aaaaaaaa;
0.749;0.234,0.153,0.597,0.445,0.21,0.662,0.717,0.185,0.0884,0.0262;aaaaaaaaa;
0.896;0.992,0.0435,0.486,0.839,0.00316,0.733,0.612,0.518,0.867,0.000282;aaaaaaa;
0.455;0.342,0.702,0.0642,0.922,0.219,0.549,0.942,0.718,0.173,0.671;aa;
0.0364;0.209,0.87,0.298,0.925,0.791,0.499,0.902,0.888,0.281,0.255;a;
0.908;0.625,0.792,0.644,0.982,0.992,0.71,0.25,0.894,0.858,0.979;aaaaaaaaa;
0.872;0.522,0.239,0.485,0.164,0.0434,0.129,0.825,0.89,0.891,0.852;aaaaaaaa;
0.0772;0.0716,0.467,0.16,0.344,0.645,0.799,0.147,0.109,0.392,0.782;a;
0.627;0.977,0.97,0.638,0.889,0.527,0.322,0.574,0.84,0.241,0.394;aaaa;
0.426;0.321,0.0506,0.751,0.827,0.132,0.314,0.39,0.834,0.323,0.872;aaaaaaaaaa;
0.911;0.79,0.89,0.927,0.547,0.576,0.0812,0.504,0.532,0.526,0.436;aaaaaaaa;
0.6;0.121,0.423,0.649,0.409,0.458,0.925,0.572,0.953,0.894,0.84;aaaaaaaaa;
0.806;0.854,0.268,0.515,0.572,0.877,0.167,0.274,0.599,0.171,0.941;aaaa;
0.117;0.887,0.914,0.154,0.268,0.201,0.433,0.228,0.245,0.573,0.0454;a;
0.872;0.358,0.977,0.188,0.457,0.828,0.184,0.451,0.646,0.97,0.369;aaaaa;
0.333;0.0328,0.842,0.0227,0.49,0.224,0.754,0.624,0.71,0.269,0.299;aaaaaaa;
0.511;0.519,0.909,0.431,0.56,0.516,0.0786,0.146,0.645,0.789,0.8;aa;
0.302;0.139,0.611,0.714,0.0534,0.148,0.691,0.577,0.229,0.736,0.827;aa;
0.427;0.796,0.0504,0.201,0.696,0.978,0.685,0.106,0.614,0.204,0.487;aaaaaa;
0.835;0.839,0.0154,0.344,0.69,0.00971,0.616,0.725,0.0512,0.0528,0.646;aaaaaaa;
0.287;0.85,0.494,0.599,0.353,0.831,0.0264,0.124,0.274,0.661,0.304;aaaaaaaa;
0.719;0.138,0.524,0.293,0.859,0.559,0.663,0.611,0.15,0.589,0.802;aaa;
0.406;0.816,0.713,0.927,0.518,0.543,0.505,0.856,0.544,0.381,0.000367;aaaaaaa;
0.414;0.98,0.928,0.441,0.895,0.132,0.955,0.345,0.11,0.0448,0.249;aaaaaaaa;
0.123;0.884,0.612,0.697,0.0917,0.488,0.575,0.289,0.944,0.916,0.689;aa;
0.397;0.876,0.032,0.42,0.531,0.695,0.955,0.592,0.28,0.347,0.624;aaaaaa;
0.468;0.355,0.924,0.534,0.959,0.72,0.844,0.633,0.546,0.942,0.685;aaa;
0.822;0.521,0.545,0.701,0.938,0.315,0.767,0.95,0.0101,0.713,0.0659;aaaa;
0.447;0.109,0.825,0.952,0.0791,0.641,0.13,0.952,0.647,0.0333,0.0186;aa;
0.829;0.0169,0.241,0.327,0.798,1,0.193,0.355,0.0248,0.57,0.127;aaaaaaa;
0.0477;0.326,0.894,0.835,0.398,0.977,0.792,0.103,0.673,0.84,0.207;aaaaa;
0.297;0.874,0.533,0.168,0.0758,0.00969,0.113,0.574,0.694,0.52,0.987;aaaa;
0.799;0.608,0.103,0.656,0.683,0.353,0.998,0.718,0.625,0.986,0.803;aaaaaaaaaa;
0.82;0.181,0.734,0.88,0.899,0.464,0.763,0.911,0.802,0.902,0.899;aaaaaa;
0.39;0.0134,0.176,0.413,0.503,0.453,0.736,0.995,0.278,0.424,0.614;aaaaaaaaa;
0.722;0.624,0.749,0.434,0.694,0.117,0.834,0.25,0.48,0.722,0.107;aaaaaa;
0.254;0.366,0.48,0.554,0.388,0.727,0.157,0.525,0.464,0.361,0.106;aaaaaa;
0.68;0.0332,0.0357,0.527,0.893,0.178,0.926,0.707,0.0544,0.54,0.204;aaaaaaaaa;
0.992;0.134,0.773,0.525,0.42,0.439,0.139,0.751,0.223,0.388,0.319;a;
0.181;0.239,0.369,0.134,0.737,0.29,0.0535,0.63,0.104,0.733,0.876;aa;
0.876;0.199,0.557,0.827,0.155,0.153,0.446,0.431,0.872,0.683,0.574;aaaaa;
0.305;0.234,0.12,0.74,0.116,0.789,0.548,0.572,0.272,0.527,0.668;aaaaaaaaaa;
0.759;0.438,0.711,0.874,0.0445,0.374,0.0713,0.117,0.891,0.93,0.714;aaaaaaaaaa;
0.013;0.894,0.792,0.187,0.846,0.256,0.571,0.0937,0.00808,0.456,0.697;aaaaa;
0.045;0.851,0.411,0.742,0.631,0.934,0.324,0.278,0.0706,0.586,0.053;aa;
0.235;0.168,0.0477,0.363,0.506,0.508,0.366,0.47,0.416,0.0425,0.781;aaaaaaaaaa;
0.243;0.429,0.807,0.349,0.335,0.0253,0.09,0.857,0.753,0.776,0.411;aaaaaaaa;
0.297;0.542,0.604,0.331,0.834,0.922,0.33,0.441,0.485,0.482,0.843;aaaa;
0.949;0.00863,0.257,0.201,0.399,0.576,0.21,0.0788,0.23,0.0388,0.0475;aaaaa;
0.95;0.626,0.548,0.706,0.399,0.862,0.738,0.862,0.907,0.288,0.941;aaaaaa;
0.684;0.758,0.211,0.58,0.959,0.656,0.278,0.179,0.921,0.624,0.579;aaaaaa;
0.803;0.97,0.149,0.93,0.09,0.803,0.263,0.0248,0.883,0.381,0.631;a;
0.775;0.586,0.851,0.825,0.317,0.435,0.314,0.631,0.551,0.819,0.808;aaaaaaaa;
0.191;0.0523,0.552,0.776,0.85,0.0173,0.596,0.0758,0.934,0.453,0.092;aaaa;
0.463;0.504,0.617,0.41,0.873,0.995,0.522,0.548,0.313,0.0123,0.795;aaaa;
0.212;0.304,0.934,0.566,0.208,0.228,0.274,0.965,0.816,0.353,0.768;aaaa;
0.632;0.283,0.00462,0.399,0.104,0.703,0.27,0.757,0.98,0.473,0.487;aa;
0.52;0.804,0.0206,0.717,0.775,0.869,0.205,0.719,0.078,0.846,0.0373;aaaaa;
0.174;0.312,0.258,0.44,0.216,0.913,0.316,0.0559,0.615,0.136,0.385;aaaaaaaa;
0.331;0.585,0.912,0.589,0.0132,0.515,0.546,0.846,0.219,0.596,0.299;aaaaaaaa;
0.763;0.665,0.00106,0.753,0.463,0.994,0.182,0.507,0.373,0.911,0.397;aaaaaa;
0.944;0.29,0.592,0.616,0.233,0.172,0.0407,0.172,0.248,0.869,0.785;aaaaaa;
0.117;0.601,0.125,0.7,0.727,0.13,0.169,0.926,0.45,0.419,0.63;aa;
0.287;0.825,0.0951,0.676,0.0857,0.321,0.463,0.17,0.0647,0.439,0.26;aa;
0.732;0.0768,0.568,0.343,0.605,0.6,0.352,0.493,0.262,0.434,0.44;aaaa;
0.326;0.865,0.477,0.811,0.898,0.082,0.566,0.903,0.123,0.45,0.927;aaaaaaaa;
0.359;0.345,0.547,0.436,0.531,0.546,0.279,0.733,0.808,0.327,0.0233;aaaaaaaa;
0.546;0.762,0.77,0.631,0.832,0.287,0.0658,0.207,0.723,0.984,0.474;aa;
0.297;0.679,0.181,0.0767,0.208,0.0967,0.297,0.576,0.675,0.478,0.181;aaaaa;
0.18;0.847,0.777,0.418,0.957,0.241,0.414,0.855,0.776,0.707,0.758;aa;
0.173;0.101,0.0176,0.447,0.392,0.645,0.789,0.773,0.186,0.606,0.655;aaaaaaaaa;
0.288;0.322,0.0754,0.618,0.0194,0.987,0.482,0.342,0.251,0.426,0.19;aaa;
0.989;0.592,0.825,0.426,0.704,0.992,0.888,0.753,0.198,0.971,0.543;aaaaa;
0.96;0.991,0.0393,0.56,0.415,0.897,0.548,0.544,0.56,0.018,0.151;aaaaaaaaa;
0.653;0.502,0.105,0.252,0.222,0.876,0.247,0.00747,0.611,0.825,0.304;aaaa;
0.935;0.338,0.224,0.528,0.789,0.43,0.709,0.652,0.651,0.82,0.0492;aaaaaa;
0.329;0.888,0.982,0.38,0.972,0.236,0.0413,0.523,0.854,0.56,0.0111;aaaaaaa;
0.375;0.91,0.71,0.432,0.627,0.734,0.107,0.16,0.608,0.546,0.556;aaa;
0.516;0.036,0.226,0.715,0.75,0.0313,0.684,0.693,0.0922,0.0874,0.00797;aa;
0.947;0.332,0.187,0.687,0.223,0.617,0.192,0.636,0.192,0.117,0.892;aaaaaaa;
0.701;0.36,0.561,0.196,0.349,0.0267,0.785,0.471,0.6,0.605,0.873;aaaaaaaaaa;
0.378;0.291,0.0547,0.292,0.219,0.996,0.245,0.945,0.117,0.8,0.678;a;
0.434;0.612,0.694,0.338,0.856,0.343,0.124,0.228,0.279,0.227,0.993;aaaaaa;
0.167;0.489,0.0806,0.282,0.688,0.209,0.654,0.508,0.693,0.449,0.5;aa;
0.822;0.494,0.767,0.469,0.686,0.532,0.357,0.681,0.0913,0.568,0.871;aaa;
0.337;0.207,0.844,0.0112,0.417,0.477,0.877,0.587,0.424,0.55,0.725;aaaa;
0.0971;0.27,0.62,0.893,0.931,0.33,0.307,0.41,0.947,0.935,0.188;aaaaaa;
0.955;0.457,0.326,0.37,0.041,0.806,0.563,0.312,0.169,0.0127,0.587;aaaaa;
0.955;0.244,0.568,0.966,0.993,0.197,0.211,0.85,0.795,0.151,0.95;aaaaaaaaaa;
0.129;0.979,0.193,0.158,0.507,0.824,0.806,0.199,0.31,0.27,0.895;aaaaaaaaaa;
0.584;0.605,0.0826,0.689,0.344,0.145,0.562,0.284,0.935,0.51,0.0944;aaaa;
0.866;0.588,0.581,0.883,0.374,0.55,0.638,0.871,0.752,0.955,0.676;aa;
0.854;0.923,0.649,0.247,0.465,0.149,0.708,0.7,0.304,0.438,0.786;aaaaa;
0.377;0.255,0.17,0.0765,0.0573,0.505,0.943,0.000926,0.38,0.904,0.57;aa;
0.0132;0.685,0.974,0.74,0.0541,0.986,0.624,0.185,0.144,0.394,0.858;a;
0.256;0.152,0.785,0.42,0.871,0.603,0.914,0.153,0.691,0.928,0.893;a;
0.0675;0.644,0.0386,0.634,0.269,0.289,0.806,0.4,1,0.574,0.277;aaaaaaaaaa;
0.122;0.834,0.0453,0.264,0.355,0.686,0.939,0.163,0.0923,0.392,0.926;aaa;
0.934;0.904,0.157,0.0809,0.35,0.245,0.191,0.0729,0.603,0.923,0.527;aaaaaa;
0.817;0.938,0.639,0.142,0.71,0.872,0.784,0.729,0.236,0.942,0.926;aaaaaaaaa;
0.945;0.147,0.934,0.161,0.235,0.498,0.23,0.345,0.581,0.122,0.247;aaaaaaa;
0.622;0.568,0.883,0.282,0.915,0.744,0.934,0.053,0.796,0.89,0.733;aaaaa;
0.394;0.63,0.809,0.365,0.799,0.242,0.387,0.529,0.0712,0.642,0.891;aaaa;
0.958;0.314,0.284,0.732,0.686,0.558,0.247,0.696,0.862,0.193,0.113;aaaaaaaaa;
0.699;0.842,0.525,0.807,0.326,0.696,0.773,0.0474,0.385,0.466,0.182;aaaaa;
0.483;0.339,0.663,0.923,0.622,0.72,0.872,0.697,0.312,0.555,0.0242;aaaaaaaa;
0.0559;0.975,0.619,0.741,0.907,0.22,0.297,0.84,0.933,0.363,0.538;aaaaaaaaaa;
0.984;0.5,0.284,0.0602,0.409,0.554,0.773,0.912,0.667,0.565,0.0392;aaaaaaa;
0.0463;0.463,0.966,0.389,0.00682,0.219,0.181,0.761,0.987,0.128,0.464;aaaa;
0.588;0.698,0.216,0.0755,0.56,0.268,0.506,0.206,0.631,0.559,0.558;aaaaaa;
0.947;0.0257,0.815,0.309,0.0324,0.794,0.228,0.236,0.917,0.358,0.00563;aaaa;
0.0747;0.0226,0.507,0.426,0.362,0.638,0.593,0.939,0.741,0.461,0.55;aa;
0.767;0.899,0.156,0.221,0.995,0.634,0.251,0.916,0.977,0.371,0.701;aaaaaa;
0.346;0.625,0.0976,0.352,0.265,0.511,0.962,0.607,0.758,0.923,0.537;aaa;
0.0651;0.0133,0.0683,0.31,0.985,0.688,0.85,0.459,0.723,0.373,0.0451;aaaaaaaaaa;
0.00984;0.665,0.384,0.389,0.922,0.111,0.0535,0.861,0.845,0.179,0.57;aaa;
0.57;0.0844,0.774,0.468,0.89,0.0868,0.938,0.027,0.171,0.962,0.284;aaaa;
0.378;0.0787,0.139,0.422,0.927,0.678,0.96,0.644,0.577,0.548,0.635;aaaaaaa;
0.987;0.99,0.408,0.726,0.895,0.273,0.196,0.574,0.583,0.709,0.0296;a;
0.022;0.303,0.888,0.99,0.544,0.593,0.946,0.531,0.429,0.416,0.0596;a;
0.044;0.902,0.547,0.277,0.474,0.0308,0.609,0.00705,0.161,0.723,0.0407;aaaaa;
0.776;0.463,0.992,0.724,0.946,0.846,0.632,0.536,0.396,0.273,0.923;aaaaaaaaaa;
0.894;0.49,0.246,0.786,0.334,0.97,0.347,0.0985,0.474,0.889,0.402;aaaaa;
0.03;0.618,0.463,0.6,0.358,0.0819,0.464,0.951,0.335,0.896,0.421;aa;
0.419;0.528,0.698,0.96,0.383,0.457,0.376,0.609,0.346,0.384,0.752;aaaaaaa;
0.196;0.446,0.966,0.883,0.233,0.142,0.513,0.943,0.94,0.713,0.729;aaaaaaaa;
0.694;0.388,0.125,0.97,0.366,0.798,0.305,0.84,0.00335,0.587,0.53;aaaaaaaa;
0.307;0.573,0.52,0.157,0.0798,0.0132,0.0599,0.539,0.617,0.241,0.882;aaaaaaaa;
0.235;0.0928,0.971,0.837,0.713,0.678,0.535,0.931,0.0619,0.194,0.814;aaaa;
0.0404;0.842,0.242,0.348,0.505,0.295,0.397,0.82,0.34,0.139,0.51;aa;
0.311;0.445,0.99,0.949,0.221,0.201,0.333,0.979,0.151,0.379,0.357;aaaaaa;
0.554;0.298,0.462,0.678,0.517,0.771,0.158,0.657,0.667,0.139,0.35;aaaaa;
0.918;0.577,0.961,0.539,0.964,0.688,0.19,0.425,0.294,0.486,0.476;aaaaaaaaaa;
0.764;0.0574,0.319,0.417,0.978,0.493,0.191,0.915,0.486,0.207,0.361;aaa;
0.805;0.523,0.709,0.761,0.727,0.976,0.779,0.841,0.771,0.859,0.42;aaaaaaaaa;
0.203;0.249,0.173,0.77,0.543,0.761,0.163,0.044,0.194,0.312,0.286;aaaaaaaaa;
0.894;0.656,0.104,0.558,0.107,0.801,0.596,0.916,0.911,0.571,0.179;aaa;
0.774;0.268,0.708,0.784,0.536,0.418,0.768,0.624,0.0459,0.324,0.78;aaa;
0.292;0.642,0.11,0.237,0.649,0.00514,0.931,0.975,0.618,0.631,0.918;aaaaaaaaa;
0.385;0.0932,0.493,0.761,0.541,0.272,0.508,0.734,0.68,0.654,0.761;aaaaaaaa;
0.395;0.044,0.95,0.874,0.944,0.0528,0.2,0.62,0.306,0.681,0.527;aaaa;
0.305;0.799,0.545,0.757,0.0719,0.936,0.256,0.493,0.96,0.314,0.392;aaaaaaa;
0.897;0.121,0.23,0.108,0.742,0.622,0.87,0.429,0.959,0.84,0.875;aaaaaaa;
0.222;0.954,0.342,0.106,0.879,0.0927,0.00451,0.471,0.85,0.78,0.159;a;
0.658;0.601,0.329,0.505,0.435,0.529,0.353,0.743,0.000466,0.279,0.438;aaaaaaa;
0.983;0.29,0.272,0.853,0.96,0.525,0.0284,0.135,0.645,0.86,0.216;aaaaaaaaaa;
0.969;0.848,0.261,0.195,0.22,0.518,0.748,0.857,0.0928,0.185,0.358;aaaa;
0.881;0.283,0.521,0.191,0.511,0.131,0.756,0.393,0.246,0.0542,0.575;aaaaaa;
0.596;0.272,0.153,0.942,0.572,0.248,0.379,0.761,0.542,0.551,0.951;a;
0.254;0.119,0.582,0.585,0.859,0.55,0.327,0.13,0.697,0.206,0.356;a;
0.328;0.607,0.289,0.107,0.797,0.998,0.704,0.0139,0.316,0.0804,0.04;aaaaaaaa;
0.156;0.567,0.917,0.456,0.154,0.046,0.334,0.584,0.421,0.17,0.957;aaaaaa;
0.207;0.939,0.032,0.854,0.329,0.165,0.288,0.225,0.738,0.204,0.113;aaaaaaa;
0.325;0.113,0.736,0.928,0.778,0.307,0.0774,0.959,0.0599,0.672,0.362;aaaaaa;
0.614;0.639,0.611,0.311,0.825,0.738,0.254,0.358,0.124,0.903,0.164;aaaaaaa;
0.358;0.622,0.625,0.469,0.673,0.063,0.733,0.013,0.649,0.978,0.9;aaaaa;
0.00449;0.0199,0.525,0.433,0.753,0.123,0.694,0.868,0.388,0.318,0.699;aaaaaa;
0.432;0.871,0.9,0.647,0.938,0.959,0.191,0.482,0.529,0.374,0.989;aaaaaaaaa;
0.0397;0.48,0.0803,0.284,0.771,0.229,0.167,0.024,0.924,0.988,0.47;aaaa;
0.866;0.211,0.711,0.652,0.242,0.638,0.164,0.375,0.494,0.908,0.671;aaaaaaaaa;
0.618;0.112,0.835,0.71,0.0146,0.609,0.359,0.859,0.597,0.867,0.17;aaaaaaaa;
0.226;0.476,0.497,0.575,0.0878,0.212,0.0471,0.391,0.615,0.125,0.616;aaaaaa;
0.949;0.162,0.36,0.229,0.577,0.918,0.266,0.00574,0.812,0.805,0.539;aaaaaaaaaa;
0.435;0.918,0.91,0.932,0.324,0.539,0.938,0.151,0.377,0.947,0.145;aaaaaaaa;
0.0656;0.684,0.0614,0.491,0.98,0.743,0.984,0.771,0.456,0.661,0.623;aaaaa;
0.996;0.387,0.635,0.785,0.898,0.13,0.97,0.854,0.535,0.849,0.339;aaaaaa;
0.453;0.712,0.539,0.00544,0.751,0.515,0.288,0.923,0.242,0.219,0.945;aaaaaaaa;
0.835;1,0.948,0.649,0.98,0.0742,0.794,0.672,0.218,0.855,0.789;aaaaaaaaa;
0.608;0.737,0.841,0.37,0.813,0.296,0.678,0.234,0.798,0.953,0.362;aa;
0.457;0.86,0.21,0.303,0.214,0.813,0.897,0.236,0.46,0.368,0.281;aaaaaaa;
0.29;0.281,0.865,0.63,0.652,0.513,0.701,0.562,0.0767,0.875,0.0876;aaaa;
0.353;0.838,0.981,0.0566,0.312,0.971,0.883,0.607,0.0519,0.518,0.772;a;
0.66;0.261,0.834,0.0709,0.125,0.183,0.69,0.824,0.227,0.0516,0.741;a;
0.272;0.408,0.586,0.171,0.219,0.377,0.263,0.51,0.0483,0.887,0.519;aaaaaaaaa;
0.32;0.641,0.265,0.472,0.206,0.405,0.517,0.31,0.211,0.111,0.0148;aaaaaa;
0.0573;0.494,0.532,0.418,0.16,0.807,0.435,0.34,0.877,0.778,0.0251;aaaaaa;
0.859;0.505,0.831,0.321,0.577,0.247,0.15,0.56,0.0136,0.591,0.613;aa;
0.662;0.747,0.356,0.985,0.593,0.672,0.765,0.7,0.0201,0.932,0.025;aaaaa;
0.518;0.0207,0.597,0.845,0.815,0.611,0.152,0.0945,0.629,0.795,0.304;aaa;
0.00734;0.286,0.565,0.864,0.779,0.087,0.934,0.753,0.517,0.0244,0.278;aaaaaa;
0.42;0.463,0.589,0.318,0.915,0.617,0.491,0.33,0.527,0.644,0.752;aaa;
0.185;0.853,0.854,0.533,0.588,0.0382,0.829,0.613,0.177,0.505,0.591;aaa;
0.151;0.984,0.169,0.12,0.432,0.221,0.919,0.769,0.736,0.225,0.659;aaaaaaaa;
0.605;0.137,0.267,0.513,0.631,0.2,0.599,0.659,0.383,0.971,0.16;aa;
0.538;0.786,0.71,0.261,0.218,0.165,0.343,0.635,0.281,0.225,0.429;aaaa;
0.222;0.00137,0.0599,0.185,0.00728,0.754,0.47,0.546,0.442,0.949,0.99;aaaaaaaaaa;
0.324;0.38,0.677,0.41,0.0308,0.0918,0.425,0.316,0.788,0.199,0.603;a;
0.635;0.906,0.947,0.0881,0.861,0.0499,0.319,0.864,0.885,0.723,0.185;a;
0.192;0.0529,0.785,0.0328,0.0763,0.905,0.973,0.373,0.156,0.659,0.325;aaaaaaaaaa;
0.454;0.442,0.8,0.967,0.685,0.945,0.189,0.53,0.413,0.701,0.749;aaaaaaa;
0.0761;0.908,0.979,0.499,0.518,0.288,0.409,0.104,0.334,0.0616,0.729;aaaaa;
0.199;0.681,0.74,0.688,0.684,0.671,0.73,0.32,0.894,0.51,0.00109;aaaaaaaaa;
0.875;0.15,0.167,0.342,0.143,0.299,0.464,0.575,0.92,0.286,0.503;aaaaaaaaa;
0.441;0.111,0.715,0.983,0.387,0.777,0.906,0.834,0.704,0.937,0.814;aaaa;
0.998;0.824,0.237,0.39,0.326,0.912,0.394,0.684,0.273,0.784,0.361;aa;
0.15;0.0867,0.263,0.254,0.816,0.374,0.987,0.0217,0.386,0.427,0.0287;aaaaaaaaaa;
0.109;0.688,0.54,0.656,0.609,0.205,0.982,0.454,0.706,0.0779,0.21;aaaaaaaa;
0.334;0.466,0.673,0.973,0.119,0.0117,0.284,0.194,0.699,0.194,0.00962;aaa;
0.0322;0.0528,0.162,0.215,0.851,0.709,0.552,0.841,0.397,0.715,0.268;aaaa;
0.231;0.964,0.689,0.36,0.694,0.582,0.953,0.788,0.68,0.112,0.641;aaaa;
0.741;0.994,0.0624,0.322,0.419,0.8,0.887,0.803,0.732,0.841,0.179;aaaaaaaa;
0.311;0.161,0.886,0.744,0.0239,0.999,0.921,0.415,0.693,0.591,0.727;aaaaaaaaaa;
0.834;0.542,0.798,0.195,0.36,0.0605,0.441,0.683,0.396,0.186,0.202;aa;
0.562;0.913,0.704,0.356,0.692,0.388,0.168,0.407,0.718,0.681,0.791;aaaaaaa;
0.498;0.812,0.142,0.165,0.352,0.448,0.286,0.86,0.888,0.488,0.443;a;
0.358;0.653,0.841,0.0448,0.98,0.638,0.813,0.323,0.638,0.506,0.674;aaaaaaaaa;
0.483;0.906,0.725,0.354,0.125,0.716,0.645,0.763,0.896,0.596,0.917;aaaaaaa;
0.809;0.929,0.096,0.626,0.69,0.389,0.0831,0.14,0.628,0.471,0.0921;aaaaa;
0.0749;0.00489,0.943,0.196,0.695,0.463,0.398,0.925,0.666,0.925,0.655;aaa;
0.24;0.0622,0.347,0.79,0.759,0.138,0.697,0.319,0.665,0.111,0.738;aaaaaaaaaa;
0.117;0.204,0.351,0.155,0.453,0.687,0.0708,0.156,0.556,0.733,0.453;aaaaaa;
0.895;0.306,0.915,0.503,0.83,0.335,0.722,0.907,0.521,0.637,0.283;a;
0.379;0.299,0.424,0.54,0.37,0.597,0.0483,0.2,0.0311,0.595,0.104;aaaaaaaa;
0.173;0.631,0.0693,0.123,0.294,0.606,0.524,0.723,0.947,0.297,0.344;aaaaaaaaaa;
0.0518;0.582,0.861,0.543,0.407,0.773,0.212,0.305,0.642,0.331,0.956;aaaa;
0.88;0.342,0.98,0.195,0.0312,0.792,0.647,0.257,0.904,0.774,0.483;a;
0.0326;0.571,0.275,0.343,0.293,0.348,0.716,0.00564,0.0425,0.013,0.294;aaaaaaaa;
0.936;0.689,0.65,0.329,0.568,0.675,0.552,0.924,0.911,0.374,0.124;aaaa;
0.909;0.359,0.949,0.796,0.226,0.429,0.593,0.502,0.327,0.746,0.918;aaaaaaaa;
0.121;0.481,0.823,0.831,0.494,0.984,0.724,0.644,0.165,0.74,0.773;aa;
0.434;0.333,0.0914,0.162,0.513,0.124,0.509,0.171,0.0904,0.354,0.375;aaaaaa;
0.425;0.0192,0.591,0.676,0.476,0.144,0.595,0.531,0.635,0.636,0.293;aaaaaaaaaa;
0.77;0.0335,0.734,0.484,0.861,0.515,0.455,0.127,0.607,0.188,0.508;aaaaaa;
0.725;0.537,0.878,0.0987,0.0269,0.265,0.225,0.907,0.397,0.822,0.632;aaaaaaaa;
0.306;0.928,0.00923,0.855,0.601,0.732,0.731,0.151,0.421,0.511,0.0992;aaaaaaaaa;
0.618;0.343,0.352,0.617,0.523,0.205,0.742,0.922,0.588,0.171,0.53;aaaaaaaa;
0.519;0.427,0.632,0.00707,0.531,0.0328,0.524,0.00487,0.146,0.964,0.15;aaaaaa;
0.342;0.0929,0.732,0.67,0.808,0.78,0.109,0.708,0.0447,0.249,0.203;aaaaaaa;
0.565;0.687,0.317,0.0933,0.909,0.776,0.128,0.584,0.729,0.0552,0.039;a;
0.405;0.276,0.404,0.488,0.201,0.61,0.165,0.498,0.294,0.47,0.705;aaa;
0.625;0.901,0.764,0.806,0.525,0.204,0.0946,0.956,0.223,0.292,0.933;aaaaaaaa;
0.882;0.479,0.863,0.11,0.139,0.729,0.298,0.928,0.11,0.371,0.671;aaaaa;
0.463;0.51,0.268,0.83,0.182,0.101,0.894,0.0363,0.842,0.151,0.00594;aaa;
0.501;0.68,0.872,0.255,0.522,0.391,0.5,0.231,0.0464,0.148,0.154;aaaaaaaaaa;
0.317;0.502,0.566,0.607,0.538,0.522,0.931,0.917,0.881,0.853,0.655;aaaaaa;
0.557;0.597,0.833,0.184,0.12,0.296,0.197,0.182,0.887,0.408,0.131;aaaa;
0.538;0.85,0.422,0.709,0.284,0.847,0.0203,0.053,0.0281,0.831,0.22;aaaa;
0.443;0.403,0.807,0.727,0.404,0.864,0.648,0.403,0.791,0.242,0.266;aaaaaa;
0.551;0.678,0.885,0.533,0.473,0.379,0.869,0.42,0.798,0.64,0.226;aaaaaaa;
0.144;0.947,0.158,0.325,0.589,0.0683,0.0768,0.706,0.0706,0.61,0.869;aaaaaaaaa;
0.234;0.25,0.72,0.211,0.64,0.956,0.624,0.739,0.00246,0.718,0.84;aaaaaaaa;
0.053;0.838,0.202,0.432,0.459,0.977,0.584,0.51,0.129,0.135,0.272;a;
0.898;0.951,0.804,0.209,0.916,0.77,0.905,0.0632,0.118,0.778,0.405;aaaaaaaaa;
0.894;0.187,0.903,0.203,0.0202,0.246,0.893,0.707,0.804,0.497,0.389;aaaaaaa;
0.363;0.0321,0.548,0.511,0.705,0.133,0.448,0.308,0.375,0.28,0.158;aaaaaa;
0.673;0.779,0.447,0.0236,0.0986,0.812,0.797,0.518,0.129,0.591,0.212;aaaaaaaaaa;
0.856;0.839,0.477,0.652,0.392,0.0159,0.841,0.0343,0.227,0.585,0.111;aaaaa;
0.223;0.915,0.825,0.149,0.149,0.0654,0.957,0.669,0.955,0.203,0.925;aaaaaa;
0.72;0.152,0.261,0.431,0.58,0.707,0.274,0.786,0.777,0.647,0.173;aaaaa;
0.665;0.747,0.894,0.958,0.403,0.353,0.326,0.486,0.114,0.513,0.142;aaaaaaaaaa;
0.669;0.853,0.128,0.567,0.527,0.563,0.881,0.0589,0.895,0.178,0.512;a;
0.909;0.0652,0.81,0.053,0.284,0.237,0.294,0.332,0.581,0.216,0.965;aaa;
0.48;0.841,0.725,0.931,0.329,0.416,0.84,0.58,0.082,0.0426,0.56;aaaa;
0.106;0.284,0.34,0.0543,0.16,0.00832,0.874,0.193,0.904,0.235,0.847;aaaaaaa;
0.343;0.985,0.681,0.656,0.451,0.333,0.0996,0.379,0.898,0.0824,0.575;a;
0.606;0.567,0.344,0.28,0.289,0.564,0.261,0.7,0.214,0.35,0.673;a;
0.986;0.45,0.959,0.607,0.0612,0.471,0.94,0.476,0.892,0.33,0.892;aaaaa;
0.548;0.172,0.458,0.431,0.823,0.277,0.891,0.225,0.0225,0.196,0.988;aaaaaaa;
0.326;0.868,0.153,0.354,0.261,0.306,0.884,0.386,0.989,0.486,0.496;aaaa;
0.251;0.947,0.508,0.00534,0.384,0.159,0.734,0.635,0.318,0.319,0.343;aaaaaaaa;
0.45;0.0489,0.579,0.175,0.135,0.144,0.627,0.895,0.262,0.612,0.451;aaaaaa;
0.37;0.27,0.729,0.841,0.127,0.658,0.483,0.834,0.603,0.13,0.712;a;
0.0684;0.454,0.814,0.00523,0.316,0.729,0.403,0.107,0.128,0.197,0.0829;aaaaaa;
0.313;0.327,0.0252,0.449,0.251,0.563,0.415,0.0148,0.636,0.464,0.64;aaaaaaaaaa;
0.413;0.0334,0.951,0.842,0.488,0.532,0.552,0.905,0.478,0.976,0.362;aaaaaa;
0.236;0.142,0.446,0.96,0.541,0.186,0.88,0.911,0.206,0.78,0.234;aaaa;
0.0327;0.238,0.485,0.192,0.154,0.194,0.769,0.687,0.654,0.27,0.779;aa;
0.838;0.87,0.364,0.161,0.956,0.584,0.681,0.766,0.884,0.276,0.0522;aaaaaaaaa;
0.549;0.353,0.962,0.355,0.636,0.509,0.651,0.407,0.414,0.0681,0.869;aaaaaaaa;
0.394;0.766,0.968,0.861,0.151,0.284,0.769,0.228,0.304,0.363,0.164;a;
0.792;0.593,0.349,0.0541,0.322,0.308,0.529,0.601,0.98,0.891,0.568;aa;
0.296;0.244,0.18,0.0133,0.0539,0.318,0.0498,0.851,0.169,0.609,0.99;a;
0.979;0.0904,0.0596,0.302,0.619,0.264,0.534,0.0823,0.705,0.000169,0.717;aaaaaaa;
0.433;0.166,0.192,0.513,0.498,0.18,0.841,0.326,0.971,0.756,0.931;aaaaaa;
0.552;0.344,0.944,0.125,0.0928,0.736,0.313,0.008,0.687,0.181,0.045;aaaaaaaa;
0.0716;0.0751,0.664,0.91,0.874,0.391,0.597,0.792,0.894,0.918,0.701;aaaa;
0.279;0.478,0.767,0.243,0.026,0.51,0.635,0.352,0.0405,0.493,0.811;aaaaaaaa;
0.227;0.0755,0.573,0.773,0.86,0.951,0.87,0.504,0.312,0.178,0.142;aaaaaaaaa;
0.99;0.173,0.345,0.298,0.264,0.48,0.658,0.921,0.673,0.346,0.146;aaaaaa;
0.637;0.12,0.0311,0.528,0.828,0.035,0.924,0.528,0.53,0.345,0.495;aaaaa;
0.519;0.154,0.538,0.0844,0.593,0.37,0.862,0.115,0.104,0.473,0.214;aa;
0.681;0.174,0.161,0.296,0.486,0.346,0.704,0.915,0.208,0.374,0.808;aaa;
0.556;0.646,0.701,0.26,0.294,0.565,0.455,0.135,0.606,0.0785,0.958;a;
0.744;0.122,0.725,0.508,0.796,0.35,0.767,0.879,0.364,0.901,0.539;aaaaa;
0.253;0.138,0.0385,0.0676,0.513,0.758,0.719,0.208,0.919,0.768,0.235;aaaaaaaa;
0.53;0.251,0.427,0.332,0.472,0.132,0.296,0.0994,0.669,0.922,0.167;aaaaa;
0.884;0.558,0.0665,0.984,0.676,0.124,0.196,0.685,0.569,0.806,0.852;aaa;
0.105;0.521,0.374,0.516,0.744,0.512,0.802,0.359,0.888,0.688,0.523;aaaaaaa;
0.177;0.379,0.867,0.941,0.934,0.5,0.612,0.744,0.212,0.165,0.231;aaaaaaaa;
0.441;0.553,0.596,0.0208,0.792,0.793,0.892,0.578,0.878,0.959,0.00603;aaaa;
0.781;0.312,0.443,0.681,0.666,0.212,0.933,0.0335,0.682,0.669,0.849;a;
0.299;0.67,0.835,0.729,0.392,0.115,0.599,0.282,0.365,0.198,0.663;aaaaaaaa;
0.948;0.147,0.981,0.128,0.279,0.392,0.236,0.423,0.825,0.808,0.167;aaaa;
0.848;0.934,0.14,0.485,0.355,0.173,0.0965,0.634,0.461,0.0569,0.508;aaaaaaaaaa;
0.73;0.165,0.929,0.754,0.622,0.165,0.0675,0.442,0.566,0.373,0.98;aaaaa;
0.333;0.604,0.922,0.979,0.626,0.0376,0.851,0.445,0.506,0.669,0.724;aaaaaaaaaa;
0.679;0.639,0.485,0.822,0.43,0.428,0.2,0.97,0.435,0.369,0.855;aaaaaaaaaa;
0.125;0.0244,0.435,0.597,0.468,0.24,0.318,0.349,0.429,0.73,0.624;aaaaaaa;
0.0541;0.819,0.691,0.788,0.00615,0.914,0.219,0.000789,0.259,0.798,0.392;aaaaaa;
0.261;0.0411,0.347,0.139,0.677,0.394,0.63,0.966,0.624,0.635,0.283;aaaaaa;
0.622;0.998,0.965,0.57,0.295,0.69,0.287,0.908,0.876,0.652,0.727;aaaaa;
0.347;0.0396,0.18,0.774,0.103,0.38,0.615,0.537,0.0277,0.811,0.066;aaa;
0.967;0.361,0.438,0.425,0.368,0.422,0.458,0.517,0.292,0.667,0.961;aaaaa;
0.889;0.981,0.0402,0.37,0.893,0.293,0.719,0.613,0.00421,0.605,0.269;aaaaaaaa;
0.759;0.449,0.153,0.812,0.0147,0.447,0.473,0.565,0.894,0.864,0.649;aaaaa;
0.796;0.359,0.38,0.253,0.729,0.111,0.566,0.185,0.926,0.107,0.0944;a;
0.445;0.641,0.239,0.215,0.717,0.724,0.629,0.777,0.268,0.646,0.666;a;
0.769;0.787,0.439,0.146,0.251,0.951,0.464,0.563,0.191,0.77,0.151;aaa;
0.432;0.157,0.131,0.639,0.0753,0.768,0.0113,0.66,0.0282,0.147,0.348;aaa;
0.929;0.00784,0.0516,0.738,0.55,0.43,0.462,0.0502,0.199,0.343,0.594;a;
0.794;0.911,0.756,0.42,0.832,0.921,0.527,0.918,0.06,0.559,0.792;aaaa;
0.0748;0.606,0.482,0.871,0.627,0.224,0.0691,0.426,0.24,0.692,0.491;aaa;
0.881;0.923,0.788,0.832,0.224,0.896,0.372,0.645,0.528,0.259,0.505;aaaaaa;
0.786;0.902,0.635,0.513,0.168,0.363,0.738,0.606,0.00334,0.891,0.554;a;
0.412;0.851,0.659,0.729,0.939,0.649,0.456,0.352,0.73,0.0107,0.0797;a;
0.648;0.565,0.489,0.34,0.584,0.234,0.453,0.371,0.467,0.662,0.638;a;
0.649;0.125,0.104,0.37,0.118,0.339,0.229,0.467,0.662,0.706,0.274;aaaaaaaa;
0.663;0.0717,0.486,0.278,0.222,0.489,0.113,0.785,0.332,0.7,0.91;aaaaaaaaa;
0.22;0.441,0.697,0.845,0.906,0.0671,0.959,0.359,0.406,0.392,0.0174;aaaaaa;
0.0164;0.115,0.267,0.44,0.733,0.0349,0.93,0.621,0.387,0.81,0.995;aaaa;
0.769;0.362,0.769,0.725,0.348,0.0955,0.575,0.402,0.254,0.579,0.465;aaaaaa;
0.125;0.638,0.409,0.37,0.538,0.414,0.358,0.504,0.669,0.633,0.567;aaaaaaaa;
0.317;0.248,0.981,0.359,0.734,0.309,0.572,0.0365,0.343,0.0773,0.977;aa;
0.693;0.263,0.926,0.0318,0.923,0.151,0.825,0.358,0.237,0.629,0.801;a;
0.191;0.703,0.591,0.135,0.51,0.461,0.67,0.408,0.617,0.823,0.762;aaaaaaa;
0.52;0.206,0.165,0.258,0.769,0.866,0.611,0.549,0.62,0.21,0.214;aaaaaaaaa;
0.312;0.184,0.555,0.752,0.431,0.925,0.217,0.534,0.608,0.146,0.612;aaaa;
0.617;0.263,0.962,0.0697,0.159,0.356,0.746,0.903,0.763,0.108,0.996;aaaaa;
0.738;0.814,0.599,0.396,0.851,0.509,0.976,0.518,0.776,0.607,0.831;aaaaaaaa;
0.225;0.758,0.615,0.7,0.132,0.187,0.492,0.231,0.971,0.753,0.854;aa;
0.997;0.211,0.989,0.946,0.338,0.699,0.765,0.704,0.32,0.728,0.425;a;
0.759;0.412,0.0609,0.533,0.921,0.0419,0.526,0.995,0.929,0.98,0.447;aaaaaaaaaa;
0.627;0.0446,0.934,0.888,0.958,0.748,0.119,0.387,0.878,0.464,0.592;aaaa;
0.899;0.0561,0.651,0.878,0.238,0.993,0.791,0.98,0.792,0.329,0.474;aaaaaaaaaa;
0.648;0.154,0.72,0.454,0.914,0.98,0.862,0.301,0.865,0.807,0.948;aaaaa;
0.181;0.699,0.169,0.141,0.153,0.748,0.554,0.0484,0.379,0.256,0.636;aaaaaaaaa;
0.909;0.885,0.856,0.865,0.605,0.8,0.46,0.931,0.0698,0.234,0.839;aaaaaaaa;
0.12;0.553,0.588,0.47,0.00382,0.938,0.517,0.13,0.912,0.572,0.193;aaaaaa;
0.523;0.773,0.347,0.0974,0.623,0.771,0.409,0.516,0.956,0.104,0.994;aaaaaaa;
0.239;0.632,0.176,0.917,0.512,0.0715,0.74,0.638,0.599,0.616,0.532;a;
0.384;0.721,0.903,0.944,0.838,0.89,0.497,0.988,0.633,0.715,0.634;aaaaa;
0.731;0.561,0.962,0.958,0.926,0.67,0.265,0.0466,0.222,0.714,0.619;aa;
0.729;0.149,0.239,0.707,0.354,0.662,0.183,0.706,0.289,0.899,0.312;aaaaa;
0.47;0.0247,0.693,0.826,0.717,0.133,0.287,0.841,0.382,0.694,0.244;aaa;
0.416;0.317,0.00503,0.0273,0.843,0.016,0.708,0.778,0.88,0.0107,0.452;aaa;
0.918;0.548,0.0268,0.25,0.0586,0.424,0.752,0.653,0.947,0.494,0.711;aaaaaaaaa;
0.276;0.774,0.988,0.247,0.702,0.708,0.121,0.842,0.0453,0.841,0.89;aaaaaaaaa;
0.525;0.186,0.0488,0.484,0.186,0.133,0.125,0.561,0.968,0.806,0.108;aaaaaaaa;
0.176;0.473,0.696,0.0719,0.0462,0.308,0.513,0.435,0.147,0.711,0.429;aaaaaaaaaa;
0.546;0.249,0.855,0.0679,0.374,0.898,0.339,0.332,0.385,0.389,0.277;a;
0.0134;0.139,0.155,0.996,0.661,0.755,0.299,0.343,0.49,0.467,0.623;aaaaa;
0.514;0.0247,0.0332,0.696,0.767,0.935,0.212,0.934,0.633,0.65,0.415;aaaaaaaa;
0.828;0.247,0.886,0.735,0.142,0.262,0.493,0.697,0.569,0.795,0.663;aaaaaaaa;
0.315;0.483,0.0557,0.469,0.981,0.523,0.0463,0.126,0.736,0.624,0.715;aaaaaaa;
0.255;0.911,0.955,0.932,0.351,0.656,0.467,0.758,0.776,0.227,0.705;aaaaaaaaaa;
0.532;0.899,0.697,0.278,0.287,0.531,0.845,0.17,0.513,0.881,0.802;aaaaaaaa;
0.422;0.422,0.75,0.307,0.69,0.52,0.257,0.294,0.0347,0.449,0.393;aaaaaaaaaa;
0.756;0.797,0.714,0.511,0.141,0.722,0.315,0.0519,0.828,0.033,0.218;aaaa;
0.142;0.0701,0.661,0.583,0.728,0.967,0.792,0.214,0.264,0.873,0.617;aaaaaa;
0.194;0.211,0.995,0.0445,0.0196,0.838,0.842,0.819,0.395,0.783,0.236;aaaaaaa;
0.384;0.824,0.285,0.47,0.136,0.0959,0.775,0.364,0.802,0.64,0.519;aa;
0.382;0.847,0.915,0.697,0.904,0.569,0.808,0.553,0.222,0.517,0.289;aaaaaaaaa;
0.334;0.591,0.907,0.571,0.841,0.484,0.14,0.96,0.753,0.812,0.272;aa;
0.615;0.303,0.495,0.218,0.985,0.148,0.919,0.498,0.942,0.219,0.887;aaaaaaaaa;
0.329;0.762,0.000457,0.999,0.454,0.421,0.132,0.626,0.962,0.0267,0.934;aaa;
0.266;0.422,0.315,0.084,0.0852,0.662,0.404,0.294,0.899,0.42,0.999;aaaaaaaa;
0.176;0.277,0.0313,0.772,0.0308,0.821,0.495,0.843,0.378,0.327,0.24;aaaaaa;
0.451;0.811,0.64,0.779,0.334,0.233,0.0569,0.0182,0.103,0.894,0.273;aaa;
0.115;0.454,0.552,0.45,0.856,0.86,0.779,0.21,0.757,0.065,0.0397;a;
0.0567;0.177,0.515,0.938,0.166,0.236,0.0137,0.771,0.526,0.351,0.947;aa;
0.219;0.743,0.0525,0.231,0.0266,0.648,0.618,0.152,0.183,0.183,0.295;aaa;
0.551;0.982,0.205,0.411,0.511,0.0116,0.634,0.674,0.703,0.141,0.119;aaaaaaaa;
0.0507;0.944,0.891,0.425,0.17,0.78,0.381,0.592,0.819,0.136,0.722;a;
0.221;0.697,0.18,0.892,1.97e-05,0.776,0.718,0.658,0.309,0.118,0.462;aaaaaaa;
0.354;0.818,0.274,0.215,0.0565,0.774,0.823,0.965,0.839,0.748,0.608;aaaaaaaaaa;
0.174;0.189,0.675,0.0739,0.155,0.586,0.728,0.72,0.249,0.429,0.925;aaaaaaa;
0.708;0.616,0.556,0.13,0.443,0.218,0.0607,0.482,0.989,0.577,0.287;aaaaaaaaaa;
0.021;0.992,0.285,0.263,0.815,0.056,0.31,0.511,0.074,0.191,0.204;aa;
0.47;0.708,0.407,0.084,0.868,0.711,0.234,0.674,0.376,0.222,0.0258;a;
0.797;0.649,0.684,0.956,0.439,0.0232,0.316,0.416,0.849,1,0.481;aaa;
0.354;0.166,0.74,0.758,0.0339,0.144,0.038,0.986,0.425,0.798,0.241;aaaa;
0.201;0.809,0.664,0.809,0.991,0.433,0.646,0.0109,0.904,0.84,0.188;aaaaaaaaaa;
0.176;0.768,0.861,0.355,0.648,0.599,0.68,0.713,0.315,0.133,0.908;a;
0.82;0.946,0.244,0.711,0.176,0.0621,0.233,0.392,0.0804,0.98,0.708;aaaaaaa;
0.674;0.716,0.0761,0.359,0.293,0.227,0.246,0.278,0.664,0.454,0.799;aaa;
0.0382;0.565,0.621,0.777,0.00752,0.13,0.627,0.631,0.913,0.896,0.288;aaaaaa;
0.53;0.332,0.773,0.037,0.457,0.638,0.0379,0.103,0.397,0.362,0.628;aaaaaaaaa;
0.138;0.816,0.141,0.451,0.166,0.426,0.0807,0.903,0.65,0.177,0.983;aa;
0.651;0.832,0.159,0.672,0.116,0.258,0.142,0.953,0.808,0.166,0.473;aa;
0.407;0.594,0.792,0.444,0.71,0.961,0.24,0.203,0.112,0.407,0.783;aa;
0.664;0.0866,0.223,0.501,0.0977,0.918,0.931,0.106,0.556,0.00363,0.185;aaa;
0.116;0.205,0.405,0.611,0.192,0.819,0.726,0.378,0.12,0.0634,0.733;aaaa;
0.00187;0.137,0.677,0.212,0.375,0.394,0.0602,0.0601,0.724,0.706,0.266;aa;
0.928;0.14,0.679,0.892,0.478,0.958,0.14,0.472,0.526,0.244,0.584;aaaaa;
0.78;0.296,0.869,0.347,0.116,0.546,0.751,0.461,0.202,0.851,0.939;aaaa;
0.868;0.127,0.335,0.799,0.658,0.902,0.939,0.726,0.284,0.151,0.53;aaaaaaaaaa;
0.637;0.156,0.609,0.793,0.465,0.551,0.946,0.897,0.915,0.587,0.144;aa;
0.12;0.307,0.549,0.0914,0.492,0.756,0.151,0.947,0.846,0.158,0.921;aaa;
0.764;0.296,0.446,0.792,0.153,0.928,0.618,0.104,0.5,0.604,0.564;aaaa;
0.631;0.692,0.522,0.469,0.375,0.918,0.124,0.834,0.708,0.0168,0.167;aaaaaaaaaa;
0.73;0.839,0.0987,0.669,0.16,0.122,0.028,0.676,0.277,0.377,0.978;a;
0.869;0.34,0.575,0.185,0.624,0.655,0.996,0.613,0.356,0.0871,0.696;aa;
0.924;0.121,0.552,0.942,0.299,0.0533,0.311,0.646,0.465,0.596,0.855;aaaaaa;
0.532;0.0535,0.364,0.195,0.987,0.99,0.525,0.269,0.661,0.929,0.604;a;
0.904;0.19,0.574,0.705,0.199,0.73,0.262,0.438,0.609,0.722,0.739;aaaaa;
0.813;0.499,0.946,0.818,0.552,0.133,0.344,0.465,0.338,0.721,0.0359;aaa;
0.336;0.642,0.914,0.099,0.486,0.227,0.788,0.302,0.0851,0.0908,0.279;aaaaaaa;
0.272;0.601,0.125,0.906,0.157,0.345,0.995,0.281,0.463,0.987,0.303;aaaaaaaaa;
0.986;0.136,0.538,0.658,0.131,0.275,0.194,0.53,0.213,0.339,0.671;aaaa;
0.379;0.792,0.903,0.0617,0.726,0.667,0.584,0.263,0.569,0.0169,0.927;aaaaaaaa;
0.0797;0.976,0.0104,0.75,0.478,0.0507,0.973,0.0473,0.885,0.552,0.156;aaaaaa;
0.935;0.993,0.879,0.244,0.412,0.664,0.666,0.262,0.0442,0.881,0.645;aaa;
0.333;0.0448,0.244,0.82,0.785,0.069,0.0805,0.494,0.947,0.99,0.931;aaaaaa;
0.611;0.219,0.898,0.0905,0.712,0.63,0.341,0.676,0.864,0.431,0.578;aaaaaaaaa;
0.235;0.319,0.286,0.644,0.309,0.00559,0.0672,0.0256,0.644,0.541,0.0409;aaaaaaaaaa;
0.586;0.254,0.795,0.118,0.547,0.953,0.733,0.14,0.813,0.00274,0.164;aa;
0.632;0.607,0.13,0.71,0.959,0.408,0.341,0.833,0.349,0.836,0.988;aaaaaaaa;
0.475;0.584,0.893,0.828,0.0771,0.945,0.282,0.0852,0.152,0.674,0.298;aaaaaaaa;
0.0679;0.0116,0.676,0.84,0.803,0.751,0.565,0.279,0.291,0.345,0.674;aa;
0.791;0.809,0.808,0.968,0.856,0.59,0.297,0.703,0.413,0.495,0.354;aaaaaa;
0.84;0.0235,0.138,0.384,0.0679,0.0675,0.5,0.828,0.682,0.764,0.064;a;
0.61;0.0397,0.918,0.114,0.856,0.389,0.723,0.298,0.453,0.858,0.426;aaa;
0.546;0.502,0.326,0.462,0.993,0.895,0.84,0.31,0.625,0.0788,0.57;aaaaaaaaa;
0.614;0.561,0.931,0.159,0.393,0.445,0.833,0.504,0.0371,0.351,0.0107;aaaaaaaaa;
0.224;0.666,0.199,0.273,0.508,0.226,0.909,0.631,0.631,0.389,0.913;aaaaaaaaaa;
0.793;0.745,0.236,0.37,0.38,0.371,0.891,0.656,0.35,0.663,0.685;aaaaaaaaa;
0.544;0.344,0.492,0.348,0.311,0.605,0.403,0.17,0.2,0.197,0.61;aaaaa;
0.627;0.224,0.826,0.332,0.718,0.794,0.171,0.0671,0.441,0.936,0.995;a;
0.108;0.756,0.641,0.901,0.0652,0.79,0.99,0.0289,0.675,0.0411,0.934;aa;
0.143;0.791,0.16,0.0866,0.401,0.268,0.846,0.439,0.912,0.552,0.0953;aaaaaaa;
0.798;0.98,0.498,0.264,0.899,0.614,0.749,0.0211,0.572,0.57,0.655;a;
0.946;0.484,0.614,0.0525,0.721,0.525,0.869,0.943,0.359,0.628,0.928;aa;
0.0183;5.99e-05,0.387,0.442,0.0164,0.0757,0.0931,0.0331,0.424,0.0832,0.9;aaaaaaa;
0.479;0.694,0.0283,0.664,0.613,0.846,0.244,0.765,0.975,0.922,0.344;aaaaaaaa;
0.182;0.771,0.00148,0.996,0.17,0.168,0.785,0.361,0.801,0.342,0.435;aaaaaa;
0.459;0.902,0.623,0.836,0.0152,0.654,0.193,0.423,0.418,0.758,0.074;aaaaaaaaa;
0.0697;0.823,0.0809,0.654,0.403,0.963,0.151,0.88,0.728,0.682,0.524;aa;
0.305;0.404,0.138,0.124,0.738,0.646,0.799,0.595,0.464,0.262,0.105;aaaaaaaaa;
0.35;0.218,0.794,0.295,0.551,0.443,0.254,0.224,0.459,0.739,0.108;aaaaaaaaa;
0.547;0.129,0.744,0.356,0.48,0.217,0.727,0.838,0.448,0.98,0.385;aaa;
0.116;0.0894,0.364,0.773,0.204,0.955,0.0911,0.707,0.742,0.679,0.532;aaaaaaaaa;
0.933;0.0354,0.364,0.211,0.79,0.524,0.147,0.0577,0.709,0.861,0.964;aaaaa;
0.823;0.678,0.611,0.292,0.172,0.387,0.0597,0.0771,0.0965,0.483,0.572;aaaaaaaaaa;
0.153;0.364,0.445,0.707,0.252,0.221,0.543,0.229,0.0248,0.216,0.903;aaaaa;
0.729;0.719,0.659,0.0856,0.766,0.517,0.925,0.671,0.472,0.0997,0.463;aaaaaaaaa;
0.548;0.127,0.523,0.279,0.517,0.175,0.891,0.273,0.0868,0.976,0.156;aaaaaaaaa;
0.552;0.917,0.637,0.777,0.0656,0.644,0.402,0.951,0.396,0.1,0.914;aa;
0.664;0.209,0.103,0.375,0.862,0.244,0.788,0.201,0.852,0.581,0.302;a;
0.862;0.967,0.501,0.559,0.794,0.343,0.148,0.0998,0.0934,0.23,0.536;aaaaaaaa;
0.459;0.578,0.366,0.0834,0.639,0.373,0.769,0.714,0.533,0.764,0.204;aaaaaaaaaa;
0.886;0.543,0.144,0.362,0.758,0.624,0.592,0.464,0.689,0.939,0.0931;aaa;
0.547;0.926,0.412,0.549,0.535,0.931,0.0798,0.785,0.989,0.932,0.0071;aaaaaaa;
0.523;0.465,0.389,0.11,0.961,0.696,0.116,0.259,0.134,0.257,0.671;a;
0.648;0.72,0.626,0.916,0.306,0.205,0.438,0.165,0.854,0.359,0.953;aaaaaaaaaa;
0.977;0.00883,0.0549,0.702,0.585,0.997,0.974,0.119,0.571,0.887,0.136;aa;
0.666;0.244,0.0862,0.546,0.448,0.848,0.661,0.713,0.604,0.224,0.517;aaaaa;
0.327;0.966,0.238,0.164,0.0111,0.141,0.613,0.675,0.68,0.241,0.98;aaaaaa;
0.306;0.0461,0.171,0.977,0.00715,0.122,0.835,0.372,0.5,0.561,0.885;aaaaaa;
0.701;0.824,0.544,0.757,0.145,0.00481,0.394,0.185,0.802,0.264,0.455;aaaaaaa;
0.747;0.46,0.348,0.0211,0.136,0.334,0.144,0.582,0.126,0.0152,0.78;aaaaaa;
0.522;0.192,0.207,0.717,0.37,0.121,0.613,0.612,0.0182,0.77,0.851;aaaaaaaaaa;
0.282;0.412,0.103,0.319,0.611,0.0116,0.972,0.202,0.373,0.0713,0.439;aaa;
0.101;0.908,0.00482,0.763,0.913,0.854,0.147,0.813,0.308,0.224,0.0037;aaaaaaa;
0.459;0.934,0.621,0.0348,0.902,0.436,0.0598,0.161,0.00874,0.813,0.343;aaa;
0.931;0.0575,0.352,0.447,0.398,0.401,0.976,0.701,0.733,0.0291,0.917;aaaa;
0.647;0.488,0.0015,0.323,0.685,0.308,0.706,0.374,0.0418,0.789,0.747;aa;
0.434;0.635,0.596,0.904,0.431,0.436,0.57,0.0469,0.896,0.02,0.755;aa;
0.816;0.74,0.977,0.733,0.851,0.917,0.583,0.263,0.202,0.736,0.913;aaaaaaa;
0.828;0.0147,0.311,0.614,0.993,0.683,0.634,0.206,0.804,0.535,0.562;aaaaaaaaa;
0.758;0.963,0.0449,0.499,0.859,0.521,0.673,0.739,0.222,0.99,0.447;aaaa;
0.305;0.642,0.103,0.305,0.866,0.805,0.646,0.333,0.146,0.582,0.624;aaaaaaaaaa;
0.0541;0.378,0.722,0.571,0.135,0.731,0.975,0.391,0.691,0.551,0.604;aaaaaaaaa;
0.615;0.692,0.179,0.235,0.107,0.421,0.271,0.965,0.0688,0.991,0.921;aaaaaa;
0.0295;0.279,0.495,0.743,0.856,0.45,0.354,0.939,0.545,0.676,0.467;aaaaaaa;
0.575;0.584,0.649,0.284,0.363,0.0953,0.766,0.926,0.422,0.783,0.34;aaaaaaa;
0.964;0.781,0.313,0.706,0.392,0.284,0.0729,0.651,0.059,0.286,0.935;aaa;
0.517;0.529,0.0668,0.383,0.8,0.531,0.0424,0.0123,0.239,0.643,0.494;aaaa;
0.972;0.118,0.125,0.714,0.881,0.335,0.333,0.867,0.64,0.67,0.949;aa;
0.156;0.0241,0.441,0.192,0.268,0.0257,0.0347,0.315,0.995,0.586,0.848;aaaaaaaaaa;
0.348;0.116,0.539,0.855,0.286,0.665,0.0432,0.837,0.288,0.464,0.353;aaaaa;
0.12;0.721,0.745,0.0542,0.359,0.293,0.309,0.2,0.477,0.836,0.0958;aaaaaaaaa;
0.221;0.985,0.617,0.292,0.23,0.212,0.828,0.036,0.515,0.182,0.166;aaa;
0.122;0.498,0.946,0.0673,0.69,0.447,0.998,0.585,0.473,0.737,0.878;aaaaaaa;
0.995;0.801,0.179,0.26,0.589,0.401,0.7,0.555,0.736,0.56,0.683;aaaaaaaa;
0.262;0.435,0.0599,0.0346,0.67,0.784,0.548,0.533,0.291,0.288,0.621;aaaaaaaaaa;
0.147;0.106,0.402,0.0363,0.915,0.397,0.944,0.859,0.903,0.384,0.652;aaaa;
0.0466;0.935,0.0159,0.0614,0.0377,0.521,0.445,0.432,0.239,0.359,0.246;aaaa;
0.515;0.486,0.0516,0.712,0.0711,0.874,0.389,0.792,0.557,0.685,0.0774;aaaaaaaa;
0.31;0.0667,0.571,0.907,0.529,0.341,0.989,0.0257,0.247,0.864,0.918;a;
0.367;0.261,0.0152,0.675,0.637,0.803,0.318,0.363,0.153,0.853,0.849;aaaa;
0.953;0.371,0.182,0.953,0.887,0.603,0.842,0.632,0.656,0.0981,0.151;aaa;
0.85;0.414,0.344,0.225,0.294,0.321,0.288,0.0651,0.451,0.296,0.515;aaaaa;
0.729;0.658,0.897,0.0513,0.488,0.933,0.796,0.504,0.476,0.989,0.718;aaa;
0.896;0.905,0.278,0.18,0.279,0.548,0.257,0.688,0.946,0.455,0.349;aaaaa;
0.227;0.0815,0.25,0.829,0.883,0.543,0.523,0.183,0.498,0.241,0.664;aaaaaaaaa;
0.225;0.326,0.848,0.644,0.748,0.875,0.732,0.0815,0.178,0.711,0.827;aaaaa;
0.0344;0.788,0.295,0.943,0.639,0.813,0.497,0.749,0.108,0.569,0.762;aaa;
0.518;0.479,0.902,0.183,0.429,0.75,0.441,0.785,0.587,0.324,0.97;aaaa;
0.31;0.566,0.861,0.635,0.11,0.972,0.611,0.584,0.219,0.855,0.85;aa;
0.929;0.0821,0.599,0.638,0.445,0.0538,0.944,0.343,0.289,0.631,0.242;aa;
0.143;0.972,0.952,0.483,0.0537,0.297,0.805,0.785,0.172,0.0481,0.929;aaaaaa;
0.559;0.916,0.121,0.733,0.653,0.984,0.644,0.504,0.622,0.82,0.34;aaaaaa;
0.108;0.611,0.543,0.0199,0.486,0.0912,0.352,0.165,0.916,0.46,0.787;aaaaaa;
0.317;0.764,0.425,0.809,0.595,0.983,0.547,0.451,0.406,0.364,0.56;aaaaaaaaaa;
0.608;0.752,0.227,0.683,0.9,0.96,0.917,0.441,0.761,0.619,0.923;aaaa;
0.0866;0.0382,0.514,0.207,0.572,0.0766,0.808,0.585,0.0417,0.441,0.86;aaaaaa;
0.417;0.387,0.769,0.639,0.342,0.743,0.684,0.288,0.581,0.032,0.667;aaaaa;
0.342;0.526,0.189,0.498,0.208,0.279,0.0668,0.371,0.803,0.703,0.521;aaaaaaaaaa;
0.809;0.152,0.493,0.92,0.623,0.89,0.678,0.371,0.0712,0.861,0.497;aaaaaaaaaa;
0.291;0.464,0.984,0.594,0.525,0.658,0.389,0.779,0.00988,0.759,0.727;aaaa;
0.519;0.598,0.794,0.707,0.742,0.522,0.912,0.458,0.332,0.748,0.831;aa;
0.714;0.778,0.606,0.604,0.801,0.439,0.545,0.585,0.941,0.0851,0.24;aaaaaaaa;
0.512;0.343,0.5,0.527,0.53,0.608,0.212,0.0695,0.141,0.668,0.112;aaaa;
0.708;0.995,0.00175,0.351,0.284,0.648,0.861,0.00267,0.784,0.352,0.926;aaaa;
0.0539;0.192,0.0193,0.955,0.255,0.893,0.798,0.945,0.803,0.649,0.746;aaaa;
0.56;0.574,0.586,0.0308,0.529,0.504,0.516,0.911,0.311,0.556,0.0347;aaaaaaaa;
0.899;0.592,0.362,0.402,0.244,0.14,0.728,0.591,0.564,0.641,0.539;aaaaaaaaaa;
0.115;0.484,0.291,0.424,0.802,0.625,0.0247,0.377,0.115,0.641,0.109;a;
0.0662;0.635,0.122,0.414,0.776,0.46,0.789,0.752,0.0311,0.631,0.205;aaaaaa;
0.258;0.337,0.319,0.908,0.167,0.531,0.841,0.726,0.288,0.886,0.118;aaaaaaa;
0.542;0.302,0.306,0.991,0.0929,0.726,0.237,0.777,0.812,0.213,0.703;aaaaaaaaaa;
0.79;0.198,0.963,0.0643,0.19,0.659,0.487,0.782,0.00768,0.259,0.238;aaaaaa;
0.361;0.383,0.56,0.923,0.969,0.871,0.324,0.817,0.844,0.345,0.356;aaaaaaaaa;
0.757;0.566,0.188,0.271,0.741,0.904,0.242,0.575,0.816,0.0895,0.633;aaaa;
0.658;0.79,0.248,0.217,0.521,0.0532,0.299,0.552,0.444,0.757,0.648;aaaaaaaa;
0.707;0.148,0.546,0.973,0.831,0.477,0.221,0.895,0.16,0.0987,0.809;a;
0.861;0.652,0.984,0.101,0.1,0.256,0.275,0.443,0.197,0.0259,0.722;aaa;
0.488;0.289,0.591,0.304,0.279,0.566,0.448,0.036,0.701,0.986,0.567;aaaaaaaaaa;
0.894;0.284,0.617,0.917,0.358,0.198,0.441,0.928,0.863,0.546,0.0607;aaaa;
0.773;0.882,0.784,0.808,0.874,0.785,0.159,0.708,0.0782,0.735,0.223;aaaaaaaaa;
0.0679;0.503,0.804,0.38,0.173,0.0272,0.889,0.518,0.17,0.639,0.838;a;
0.0326;0.944,0.856,0.344,0.37,0.945,0.821,0.23,0.133,0.026,0.117;aaaaaaaaaa;
0.00893;0.977,0.218,0.658,0.198,0.149,0.508,0.342,0.289,0.752,0.518;aaaaa;
0.452;0.679,0.421,0.401,0.876,0.946,0.894,0.342,0.714,0.626,0.675;aaaaaaa;
0.24;0.703,0.68,0.249,0.556,0.55,0.538,0.437,0.898,0.458,0.537;a;
0.716;0.337,0.0766,0.853,0.461,0.382,0.115,0.975,0.62,0.215,0.124;aaaaaa;
0.779;0.979,0.21,0.512,0.238,0.525,0.156,0.788,0.399,0.371,0.119;aaaaaaaaaa;
0.125;0.633,0.396,0.102,0.62,0.0102,0.122,0.398,0.626,0.31,0.378;a;
0.507;0.109,0.34,0.197,0.274,0.366,0.944,0.437,0.549,0.254,0.526;aa;
0.348;0.669,0.653,0.334,0.928,0.776,0.595,0.822,0.107,0.326,0.129;aaaaaaaaa;
0.843;0.357,0.809,0.504,0.202,0.131,0.836,0.883,0.873,0.0425,0.716;aaaa;
0.856;0.718,0.52,0.242,0.674,0.548,0.393,0.12,0.509,0.386,0.551;a;
0.959;0.342,0.52,0.447,0.232,0.563,0.677,0.0189,0.682,0.329,0.453;aaaaa;
0.0157;0.917,0.94,0.638,0.636,0.045,0.851,0.886,0.66,0.781,0.929;aaaaaaaaaa;
0.623;0.507,0.219,0.24,0.00399,0.309,0.817,0.874,0.645,0.946,0.427;aaaaaaaaaa;
0.522;0.0691,0.568,0.577,0.558,0.802,0.423,0.647,0.958,0.393,0.0789;aaaaaaaa;
0.426;0.212,0.0113,0.813,0.277,0.882,0.00532,0.367,0.0599,0.344,0.115;aaaaaaaa;
0.152;0.624,0.394,0.531,0.962,0.326,0.522,0.724,0.569,0.531,0.631;a;
0.467;0.496,0.332,0.391,0.991,0.67,0.986,0.543,0.839,0.245,0.189;aaaaaa;
0.874;0.289,0.471,0.0165,0.0342,0.0753,0.683,0.919,0.412,0.858,0.751;aaaaa;
0.119;0.482,0.891,0.231,0.943,0.163,0.826,0.0139,0.216,0.735,0.875;a;
0.897;0.675,0.212,0.932,0.939,0.611,0.2,0.56,0.85,0.383,0.503;aaaaaaa;
0.0105;0.584,0.0234,0.826,0.716,0.672,0.196,0.653,0.926,0.426,0.684;aaaaa;
0.949;0.579,0.612,0.496,0.529,0.809,0.909,0.584,0.979,0.00563,0.379;aaaaaaaaa;
0.721;0.268,0.767,0.937,0.306,0.852,0.349,0.231,0.165,0.134,0.184;aaa;
0.135;0.304,0.77,0.102,0.593,0.628,0.303,0.854,0.678,0.0908,0.583;aaaaaa;
0.56;0.466,0.31,0.062,0.116,0.992,0.276,0.372,0.644,0.499,0.644;aaaaa;
0.863;0.41,0.113,0.709,0.848,0.723,0.436,0.0409,0.479,0.251,0.688;aa;
0.154;0.333,0.953,0.683,0.326,0.655,0.788,0.598,0.593,0.826,0.598;aaaaaaaaa;
0.701;0.327,0.0951,0.913,0.791,0.468,0.342,0.255,0.0541,0.859,0.963;aaaaaaa;
0.694;0.973,0.0829,0.359,0.784,0.714,0.684,0.668,0.531,0.302,0.46;aaaaaaaaa;
0.778;0.495,0.167,0.946,0.276,0.975,0.0118,0.684,0.147,0.198,0.896;aaaaaaaaaa;
0.121;0.104,0.0355,0.611,0.463,0.93,0.696,0.886,0.559,0.621,0.945;aaaaaaaa;
0.961;0.766,0.619,0.784,0.324,0.832,0.927,0.402,0.178,0.00976,0.956;aaa;
0.533;0.978,0.839,0.543,0.869,0.162,0.241,0.587,0.101,0.482,0.289;aaaaa;
0.542;0.293,0.456,0.0761,0.196,0.788,0.56,0.607,0.234,0.684,0.712;aaaaaaaaa;
0.0968;0.589,0.353,0.971,0.62,0.385,0.315,0.754,0.453,0.41,0.288;aaaaaa;
0.76;0.314,0.914,0.378,0.71,0.238,0.324,0.643,0.166,0.978,0.915;aaaa;
0.0489;0.619,0.104,0.451,0.38,0.722,0.255,0.501,0.937,0.474,0.956;aa;
0.44;0.131,0.581,0.86,0.065,0.438,0.354,0.375,0.219,0.096,0.182;a;
0.887;0.587,0.634,0.176,0.458,0.0191,0.964,0.836,0.639,0.997,0.8;a;
0.38;0.362,0.652,0.848,0.377,0.501,0.209,0.272,0.834,0.907,0.84;aaaaaaaa;
0.937;0.802,0.463,0.102,0.0103,0.397,0.0501,0.68,0.363,0.563,0.0448;a;
0.792;0.99,0.98,0.481,0.0158,0.715,0.272,0.0834,0.229,0.768,0.994;aaaaaa;
0.725;0.85,0.401,0.0594,0.535,0.52,0.273,0.875,0.902,0.879,0.599;aaa;
0.536;0.308,0.123,0.603,0.357,0.407,0.0565,0.421,0.17,0.369,0.988;aaaaaaa;
0.694;0.044,0.998,0.364,0.0442,0.318,0.328,0.368,0.302,0.0403,0.311;aaaaaaaaa;
0.0174;0.0461,0.466,0.47,0.886,0.858,0.775,0.435,0.772,0.73,0.497;a;
0.547;0.128,0.643,0.45,0.402,0.698,0.932,0.278,0.826,0.279,0.0871;a;
0.245;0.11,0.828,0.541,0.855,0.247,0.161,0.863,0.889,0.636,0.811;a;
0.467;0.00103,0.678,0.237,0.797,0.108,0.263,0.398,0.0564,0.829,0.277;aaaaaaa;
0.00285;0.369,0.926,0.0795,0.225,0.0343,0.431,0.686,0.313,0.146,0.101;aaaaaaa;
0.268;0.315,0.18,0.783,0.4,0.131,0.71,0.24,0.745,0.828,0.848;aaaaaaaa;
0.538;0.124,0.643,0.499,0.476,0.461,0.805,0.556,0.748,0.96,0.898;aaaaa;
0.109;0.315,0.674,0.573,0.635,0.246,0.728,0.463,0.475,0.91,0.899;aaa;
0.285;0.448,0.479,0.557,0.774,0.909,0.94,0.318,0.372,0.892,0.44;a;
0.199;0.853,0.128,0.0907,0.68,0.444,0.157,0.703,0.448,0.524,0.0794;aaaaa;
0.281;0.0926,0.0807,0.129,0.516,0.273,0.719,0.168,0.58,0.519,0.687;aa;
0.373;0.864,0.32,0.447,0.0747,0.691,0.689,0.49,0.096,0.946,0.762;aaaaa;
0.609;0.682,0.344,0.773,0.143,0.0252,0.0496,0.0624,0.836,0.295,0.405;aaaaaa;
0.7;0.378,0.704,0.677,0.299,0.688,0.35,0.503,0.183,0.954,0.872;aaaaaa;
0.912;0.221,0.627,0.2,0.506,0.53,0.3,0.383,0.713,0.737,0.0238;aaaaaa;
0.452;0.992,0.429,0.329,0.749,0.936,0.198,0.0572,0.482,0.308,0.525;a;
0.235;0.82,0.999,0.914,0.15,0.597,0.0506,0.483,0.192,0.667,0.265;a;
0.134;0.302,0.91,0.478,0.232,0.916,0.00886,0.776,0.588,0.763,0.525;aaaaaaaa;
0.564;0.53,0.785,0.446,0.279,0.262,0.672,0.455,0.223,0.165,0.0889;aaaaaaaa;
0.648;0.278,0.875,0.0487,0.0479,0.6,0.697,0.846,0.218,0.0746,0.602;aaaaaaaaa;
0.56;0.662,0.078,0.564,0.607,0.39,0.418,0.704,0.754,0.445,0.898;aaaaaa;
0.174;0.553,0.0766,0.145,0.138,0.274,0.138,0.0194,0.276,0.409,0.116;aaaaaaa;
0.403;0.285,0.674,0.839,0.895,0.68,0.566,0.856,0.766,0.577,0.482;aaaaa;
0.804;0.244,0.63,0.768,0.683,0.53,0.263,0.854,0.0671,0.568,0.753;aaaaa;
0.835;0.482,0.1,0.711,0.444,0.488,0.608,0.074,0.196,0.63,0.776;aaaaaaa;
0.452;0.599,0.0495,0.568,0.595,0.542,0.659,0.329,0.819,0.151,0.135;a;
0.454;0.0772,0.0896,0.556,0.232,0.243,0.259,0.864,0.071,0.777,0.451;aa;
0.438;0.924,0.138,0.708,0.755,0.18,0.798,0.332,0.0999,0.0648,0.461;aa;
0.262;0.486,0.395,0.554,0.852,0.87,0.911,0.335,0.408,0.975,0.433;aaaa;
0.706;0.956,0.791,0.828,0.435,0.758,0.217,0.339,0.518,0.258,0.137;aa;
0.0516;0.664,0.00943,0.317,0.404,0.281,0.916,0.153,0.016,0.344,0.00586;aaaaaaaaa;
0.582;0.333,0.709,0.485,0.767,0.364,0.362,0.808,0.15,0.286,0.326;aaaaaaaaaa;
0.595;0.514,0.78,0.365,0.778,0.981,0.134,0.106,0.056,0.759,0.559;aa;
0.0463;0.824,0.369,0.524,0.373,0.887,0.788,0.085,0.528,0.865,0.866;aaaaaa;
0.782;0.76,0.0242,0.473,0.697,0.0843,0.399,0.581,0.0583,0.268,0.912;aaaaa;
0.493;0.133,0.41,0.536,0.29,0.707,0.917,0.692,0.895,0.952,0.632;aaaaaaaaaa;
0.947;0.925,0.00473,0.297,0.375,0.0587,0.158,0.745,0.426,0.824,0.54;aaaa;
0.541;0.341,0.326,0.852,0.851,0.211,0.838,0.501,0.395,0.0854,0.779;aaaaaaaa;
0.139;0.159,0.0492,0.377,0.855,0.135,0.904,0.931,0.13,0.77,0.387;aaaaaa;
0.742;0.93,0.858,0.0157,0.586,0.471,0.269,0.195,0.293,0.133,0.599;a;
0.779;0.69,0.675,0.458,0.911,0.698,0.584,0.519,0.0241,0.05,0.73;aaaaaaa;
0.111;0.951,0.393,0.867,0.263,0.0731,0.531,0.263,0.274,0.228,0.543;aaaaa;
0.711;0.833,0.418,0.044,0.388,0.846,0.86,0.925,0.838,0.807,0.926;aaaaa;
0.392;0.681,0.702,0.89,0.152,0.00323,0.261,0.198,0.975,0.95,0.303;aaaaaaaaa;
0.407;0.401,0.525,0.107,0.613,0.362,0.436,0.213,0.386,0.0137,0.128;aaaaaaaaa;
0.346;0.562,0.947,0.909,0.274,0.866,0.66,0.924,0.762,0.27,0.23;aaaaaaa;
0.918;0.286,0.906,0.736,0.67,0.887,0.488,0.499,0.0375,0.37,0.0525;aaaaaa;
0.00182;0.983,0.529,0.608,0.688,0.642,0.537,0.481,0.287,0.761,0.723;aaaaaa;
0.249;0.237,0.379,0.00938,0.647,0.233,0.712,0.625,0.0453,0.818,0.0686;aaaaaaaa;
0.242;0.57,0.596,0.736,0.431,0.998,0.217,0.241,0.444,0.734,0.931;aaaaaa;
0.759;0.935,0.275,0.131,0.847,0.992,0.709,0.961,0.359,0.303,0.775;aaaa;
0.219;0.272,0.804,0.935,0.388,0.488,0.781,0.485,0.0532,0.928,0.0673;aaaaaaa;
0.0109;0.878,0.315,0.814,0.357,0.904,0.68,0.618,0.541,0.411,0.388;aaaaaaaaa;
0.167;0.832,0.549,0.529,0.416,0.093,0.986,0.48,0.175,0.118,0.191;aaaaaaaa;
0.197;0.038,0.903,0.572,0.661,0.34,0.101,0.357,0.445,0.208,0.133;aa;
0.153;0.88,0.943,0.505,0.844,0.38,0.256,0.325,0.384,0.0761,0.0762;aaaaa;
0.333;0.952,0.932,0.138,0.473,0.132,0.943,0.529,0.765,0.858,0.963;aa;
0.861;0.259,0.0979,0.372,0.154,0.803,0.615,0.223,0.395,0.899,0.524;aa;
0.32;0.685,0.933,0.575,0.00324,0.636,0.0449,0.331,0.561,0.409,0.455;aa;
0.385;0.233,0.74,0.94,0.479,0.645,0.196,0.0545,0.772,0.708,0.839;aa;
0.475;0.755,0.737,0.137,0.715,0.531,0.716,0.836,0.723,0.0569,0.124;aa;
0.315;0.961,0.73,0.771,0.718,0.899,0.554,0.237,0.281,0.712,0.182;aaaaaaaaa;
0.929;0.4,0.781,0.22,0.00681,0.326,0.786,0.925,0.245,0.533,0.683;aaaaa;
0.809;0.358,0.679,0.268,0.544,0.921,0.969,0.993,0.568,0.0642,0.334;aaaaaaa;
0.872;0.156,0.842,0.646,0.251,0.502,0.263,0.632,0.918,0.361,0.0882;aaaaaaaaa;
0.783;0.692,0.795,0.418,0.239,0.647,0.261,0.192,0.512,0.765,0.779;aaa;
0.536;0.645,0.656,0.879,0.343,0.346,0.0406,0.0102,0.0581,0.107,0.466;aaaaaaaa;
0.0121;0.755,0.36,0.761,0.734,0.719,0.411,0.655,0.0201,0.317,0.729;aaaaa;
0.307;0.728,0.39,0.569,0.292,0.316,0.727,0.00337,0.411,0.517,0.0868;aaaa;
0.181;0.169,0.0944,0.751,0.847,0.279,0.382,0.909,0.914,0.78,0.738;aaaaaaaa;
0.88;0.357,0.274,0.796,0.233,0.625,0.0769,0.86,0.219,0.122,0.636;aaaaaaaaaa;
0.246;0.913,0.373,0.699,0.207,0.128,0.42,0.598,0.932,0.594,0.185;aaaaa;
0.471;0.0272,0.742,0.528,0.811,0.871,0.634,0.479,0.422,0.497,0.519;aaaaaaaaa;
0.186;0.247,0.464,0.605,0.274,0.243,0.795,0.838,0.952,0.991,0.0157;aaaaaaaaa;
0.426;0.366,0.648,0.386,0.326,0.386,0.444,0.997,0.0387,0.696,0.982;aaaaaa;
0.704;0.656,0.0928,0.0853,0.237,0.379,0.604,0.943,0.131,0.505,0.451;aa;
0.0149;0.84,0.699,0.0464,0.394,0.697,0.123,0.624,0.074,0.53,0.499;aaaaaaaaaa;
0.667;0.927,0.15,0.0118,0.293,0.866,0.0878,0.643,0.317,0.176,0.647;aaaaaaa;
0.665;0.502,0.839,0.356,0.804,0.0191,0.839,0.201,0.769,0.763,0.0503;a;
0.524;0.331,0.922,0.0792,0.733,0.622,0.981,0.563,0.0744,0.188,0.214;aaaaa;
0.999;0.828,0.68,0.87,0.235,0.332,0.664,0.0411,0.381,0.759,0.84;aaaaaaaa;
0.253;0.495,0.166,0.0818,0.796,0.792,0.396,0.715,0.315,0.0648,0.69;aaaaaaaaaa;
0.664;0.585,0.791,0.548,0.295,0.86,0.811,0.205,0.737,0.166,0.994;aaaaaaaaaa;
0.266;0.943,0.787,0.233,0.868,0.742,0.472,0.0753,0.976,0.527,0.445;aaaaaaaaaa;
0.975;0.0745,0.776,0.22,0.327,0.567,0.655,0.986,0.018,0.763,0.303;aaaaaaaaa;
0.828;0.345,0.322,0.429,0.174,0.0907,0.203,0.923,0.274,0.193,0.0225;aaaaa;
0.232;0.0608,0.296,0.487,0.0879,0.7,0.924,0.826,0.315,0.774,0.666;aaaaaaa;
0.226;0.455,0.128,0.614,0.159,0.906,0.548,0.104,0.927,0.125,0.0264;aaaaaaaaa;
0.874;0.793,0.0363,0.641,0.717,0.167,0.0546,0.628,0.951,0.191,0.879;aaaaaaa;
0.969;0.0538,0.0417,0.637,0.611,0.892,0.578,0.827,0.924,0.5,0.432;aa;
0.819;0.133,0.763,0.0107,0.838,0.921,0.678,0.575,0.841,0.191,0.184;aaaaaaa;
0.172;0.731,0.0626,0.739,0.551,0.399,0.115,0.573,0.14,0.479,0.327;aaaaaaaa;
0.909;0.927,0.326,0.0341,0.47,0.791,0.789,0.172,0.417,0.0609,0.815;aaaaaaaaaa;
0.715;0.559,0.375,0.541,0.0948,0.0208,0.0478,0.615,0.324,0.677,1;aaaaaaaa;
0.488;0.993,0.651,0.934,0.343,0.146,0.168,0.985,0.236,0.533,0.0806;aaa;
0.904;0.372,0.619,0.571,0.967,0.178,0.491,0.172,0.9,0.0313,0.3;aaa;
0.00417;0.368,0.979,0.837,0.34,0.275,0.516,0.663,0.0709,0.447,0.398;aaaaaaaaaa;
0.268;0.303,0.114,0.368,0.952,0.895,0.722,0.0141,0.544,0.855,0.708;aaaaaaaaa;
0.11;0.313,0.555,0.922,0.478,0.597,0.218,0.251,0.375,0.109,0.57;aaaaaaa;
0.987;0.0403,0.639,0.508,0.595,0.5,0.551,0.411,0.673,0.508,0.776;aaaaa;
0.735;0.355,0.781,0.204,0.462,0.616,0.94,0.611,0.934,0.768,0.8;aa;
0.842;0.142,0.731,0.0978,0.867,0.601,0.118,0.713,0.47,0.574,0.0331;aaaaaaaaaa;
0.339;0.501,0.835,0.294,0.182,0.408,0.273,0.457,0.287,0.807,0.557;aaa;
0.633;0.362,0.521,0.653,0.0791,0.0364,0.307,0.844,0.0593,0.7,0.873;aaaaaaaaa;
0.787;0.387,0.96,0.329,0.0291,0.294,0.875,0.739,0.574,0.474,0.892;aaaaaaaa;
0.0889;0.786,0.779,0.629,0.00408,0.177,0.994,0.179,0.867,0.314,0.233;aaaaa;
0.0666;0.621,0.577,0.082,0.408,0.301,0.244,0.0277,0.644,0.259,0.915;aaaaaaa;
0.811;0.516,0.587,0.745,0.095,0.371,0.19,0.157,0.274,0.54,0.346;aaaa;
0.99;0.839,0.417,0.694,0.934,0.575,0.77,0.119,0.707,0.92,0.665;aaa;
0.705;0.752,0.0526,0.75,0.379,0.534,0.254,0.331,0.336,0.174,0.117;aaaaaaaaa;
0.147;0.348,0.97,0.831,0.225,0.0817,0.946,0.648,0.294,0.923,0.953;aa;
0.722;0.489,0.0284,0.201,0.52,0.461,0.0778,0.299,0.0615,0.778,0.467;aaaaaaa;
0.817;0.707,0.086,0.606,0.781,0.138,0.884,0.652,0.964,0.0627,0.49;a;
0.761;0.585,0.322,0.985,0.201,0.603,0.485,0.42,0.921,0.961,0.353;aa;
0.0668;0.617,0.203,0.407,0.32,0.0416,0.00301,0.382,0.809,0.559,0.319;aaaaa;
0.311;0.399,0.886,0.455,0.00588,0.76,0.0145,0.103,0.00859,0.116,0.113;aaaaaaaaaa;
0.359;0.213,0.0466,0.176,0.988,0.215,0.219,0.311,0.411,0.911,0.16;aaaaaaaaa;
0.429;0.223,0.106,0.377,0.937,0.0721,0.789,0.893,0.845,0.948,0.634;aaa;
0.591;0.0317,0.399,0.0527,0.0733,0.0925,0.65,0.844,0.875,0.563,0.673;aa;
0.0591;0.0445,0.744,0.673,0.28,0.243,0.758,0.835,0.144,0.763,0.141;aaa;
0.106;0.251,0.301,0.682,0.162,0.607,0.55,0.371,0.63,0.661,0.0157;aaaaaa;
0.655;0.78,0.542,0.858,0.462,0.245,0.761,0.894,0.407,0.0223,0.58;aaaaa;
0.654;0.904,0.185,0.641,0.429,0.834,0.502,0.937,0.471,0.548,0.536;aaaaaa;
0.294;0.555,0.892,0.443,0.0146,0.615,0.631,0.884,0.137,0.646,0.621;aa;
0.795;0.539,0.936,0.927,0.679,0.845,0.107,0.979,0.292,0.0838,0.0846;aaaaa;
0.12;0.362,0.877,0.961,0.524,0.736,0.518,0.489,0.57,0.923,0.581;a;
0.308;0.994,0.633,0.165,0.132,0.452,0.0354,0.0771,0.0366,0.125,0.982;aaaaa;
0.188;0.613,0.501,0.462,0.0499,0.684,0.692,0.59,0.112,0.391,0.604;aaa;
0.811;0.547,0.534,0.771,0.721,0.047,0.805,0.311,0.183,0.33,0.489;aa;
0.258;0.468,0.0621,0.285,0.312,0.216,0.114,0.193,0.196,0.63,0.529;aaaaaa;
0.303;0.419,0.312,0.113,0.441,0.529,0.988,0.827,0.636,0.684,0.565;aaa;
0.11;0.849,0.619,0.717,0.039,0.572,0.835,0.839,0.989,0.0829,0.0193;a;
0.293;0.829,0.94,0.938,0.323,0.697,0.136,0.522,0.208,0.438,0.707;aa;
0.835;0.913,0.636,0.51,0.656,0.797,0.399,0.27,0.446,0.423,0.227;aaaaaaaaa;
0.947;0.916,0.00968,0.0248,0.479,0.788,0.032,0.783,0.424,0.153,0.932;a;
0.437;0.527,0.186,0.124,0.279,0.183,0.0554,0.982,0.122,0.627,0.16;aaaaa;
0.769;0.418,0.942,0.153,0.431,0.694,0.633,0.353,0.424,0.758,0.467;a;
0.609;0.73,0.336,0.341,0.113,0.371,0.865,0.00794,0.393,0.0975,0.362;aaaaaa;
0.336;0.00746,0.97,0.15,0.338,0.618,0.878,0.194,0.0942,0.191,0.23;a;
0.721;0.305,0.0787,0.553,0.389,0.356,0.832,0.81,0.344,0.212,0.306;aaaaaaaaaa;
0.647;0.101,0.337,0.243,0.483,0.996,0.0126,0.157,0.939,0.47,0.29;aaaaaa;
0.71;0.393,0.985,0.138,0.208,0.137,0.103,0.806,0.705,0.216,0.905;aaaaaaaaa;
0.0803;0.933,0.687,0.0436,0.895,0.755,0.144,0.374,0.486,0.852,0.506;aaaaaaaaaa;
0.887;0.337,0.316,0.817,0.997,0.912,0.405,0.197,0.63,0.369,0.476;a;
0.362;0.366,0.0234,0.115,0.548,0.441,0.635,0.0834,0.673,0.19,0.607;aaaa;
0.102;0.536,0.00242,0.646,0.927,0.664,0.281,0.169,0.735,0.938,0.36;aaaaaaaaaa;
0.959;0.645,0.326,0.199,0.307,0.284,0.31,0.363,0.391,0.454,0.868;aa;
0.477;0.425,0.513,0.557,0.5,0.953,0.889,0.818,0.661,0.56,0.0119;a;
0.338;0.832,0.247,0.7,0.657,0.303,0.515,0.488,0.572,0.409,0.734;aaaaaaaaa;
0.815;0.0971,0.197,0.911,0.772,0.415,0.615,0.95,0.283,0.0431,0.9;aa;
0.656;0.775,0.147,0.376,0.32,0.236,0.889,0.878,0.111,0.839,0.416;aaaaaaaa;
0.711;0.813,0.308,0.864,0.496,0.181,0.735,0.417,0.56,0.147,0.51;a;
0.0634;0.00549,0.866,0.939,0.0494,0.528,0.262,0.109,0.0107,0.16,0.554;aaaaaaaa;
0.919;0.986,0.594,0.634,0.633,0.345,0.935,0.508,0.364,0.819,0.375;aaaaaaaaa;
0.799;0.114,0.58,0.753,0.611,0.0807,0.701,0.302,0.395,0.718,0.653;aaa;
0.895;0.929,0.675,0.0193,0.349,0.401,0.664,0.84,0.487,0.255,0.376;aaaaaaaaa;
0.889;0.0611,0.471,0.946,0.846,0.745,0.797,0.281,0.152,0.875,0.948;aaaaaaaaaa;
0.684;0.0505,0.38,0.769,0.662,0.0955,0.2,0.535,0.29,0.84,0.105;aaa;
0.2;0.934,0.687,0.141,0.55,0.0714,0.379,0.463,0.833,0.0472,0.0227;aaaaa;
0.116;0.266,0.2,0.913,0.428,0.772,0.262,0.235,0.704,0.236,0.674;aa;
0.981;0.182,0.326,0.0782,0.425,0.788,0.46,0.892,0.773,0.812,0.304;aaaaaaaaa;
0.927;0.436,0.918,0.674,0.933,0.0836,0.901,0.698,0.97,0.0685,0.282;aaa;
0.78;0.86,0.101,0.287,0.383,0.325,0.884,0.599,0.417,0.238,0.0884;aaaaaaaaa;
0.545;0.382,0.692,0.439,0.13,0.69,0.0266,0.704,0.571,0.914,0.333;aaaaaaaaa;
0.317;0.337,0.537,0.837,0.917,0.98,0.417,0.584,0.997,0.957,0.97;aaaaaaaa;
0.201;0.84,0.787,0.683,0.592,0.547,0.686,0.371,0.173,0.249,0.753;aaaaaaa;
0.232;0.732,0.0556,0.807,0.565,0.82,0.534,0.876,0.65,0.147,0.107;a;
0.323;0.846,0.49,0.867,0.359,0.577,0.341,0.64,0.565,0.0908,0.225;aa;
0.758;0.437,0.708,0.899,0.192,0.253,0.433,0.858,0.824,0.547,0.804;aaaaaaaa;
0.827;0.544,0.813,0.963,0.384,0.278,0.95,0.735,0.703,0.813,0.611;aaaa;
0.55;0.204,0.469,0.335,0.992,0.971,0.0152,0.322,0.739,0.797,0.448;aaaaaaaa;
0.1;0.583,0.465,0.365,0.943,0.925,0.785,0.0519,0.929,0.947,0.589;aaa;
0.999;0.37,0.0425,0.0715,0.802,0.891,0.346,0.28,0.792,0.956,0.796;aaaaaaaa;
0.386;0.442,0.875,0.669,0.129,0.0213,0.937,0.239,0.394,0.703,0.149;aaa;
0.612;0.996,0.022,0.516,0.0731,0.684,0.448,0.921,0.153,0.808,0.965;aaa;
0.198;0.499,0.195,0.0714,0.614,0.412,0.411,0.218,0.672,0.448,0.358;aaaaaaa;
0.309;0.792,0.174,0.351,0.56,0.0759,0.667,0.786,0.384,0.711,0.451;aaaaaa;
0.425;0.222,0.251,0.707,0.445,0.806,0.0186,0.491,0.292,0.255,0.319;aaaaa;
0.538;0.573,0.724,0.53,0.967,0.973,0.736,0.788,0.239,0.993,0.712;aa;
0.395;0.143,0.716,0.58,0.597,0.458,0.608,0.147,0.0554,0.186,0.89;aaaaaaaa;
0.638;0.201,0.976,0.0352,0.31,0.358,0.024,0.976,0.49,0.186,0.99;aaaaaaaaaa;
0.173;0.549,0.158,0.932,0.901,0.595,0.423,0.236,0.115,0.298,0.225;aaaaa;
0.343;0.101,0.507,0.951,0.157,0.411,0.798,0.783,0.79,0.497,0.928;aaaaa;
0.804;0.777,0.384,0.243,0.479,0.37,0.937,0.942,0.0713,0.834,0.0602;aaaaaaaa;
0.507;0.87,0.162,0.875,0.0766,0.579,0.308,0.0824,0.259,0.69,0.13;a;
0.919;0.234,0.0287,0.772,0.0297,0.413,0.687,0.599,0.128,0.382,0.589;aaaa;
0.707;0.0303,0.701,0.894,0.489,0.488,0.419,0.386,0.616,0.0513,0.204;aaaaaaaaa;
0.388;0.924,0.132,0.168,0.63,0.354,0.253,0.295,0.236,0.101,0.162;aaaa;
0.459;0.0499,0.634,0.799,0.327,0.596,0.104,0.531,0.773,0.0141,0.206;aaaaaaa;
0.267;0.787,0.88,0.233,0.803,0.171,0.39,0.0559,0.807,0.137,0.229;aaaaaaaaa;
0.581;0.418,0.219,0.592,0.255,0.739,0.2,0.688,0.616,0.607,0.215;aaaa;
0.346;0.354,0.167,0.606,0.992,0.234,0.899,0.376,0.537,0.769,0.664;aaaaa;
0.905;0.592,0.747,0.401,0.131,0.249,0.848,0.589,0.757,0.0486,0.973;aa;
0.153;0.969,0.497,0.264,0.723,0.284,0.54,0.684,0.136,0.36,0.48;aaaaaaa;
0.667;0.675,0.282,0.453,0.761,0.169,0.445,0.0832,0.579,0.0626,0.395;aaaaaaaa;
0.946;0.213,0.897,0.539,0.00894,0.543,0.934,0.944,0.423,0.636,0.138;a;
0.319;0.319,0.315,0.44,0.634,0.444,0.0216,0.374,0.942,0.701,0.963;aaaaaaaaa;
0.312;0.967,0.805,0.67,0.227,0.804,0.722,0.199,0.937,0.36,0.03;a;
0.88;0.165,0.0572,0.471,0.188,0.94,0.331,0.788,0.767,0.652,0.39;aaaaaaaaaa;
0.955;0.631,0.986,0.676,0.691,0.346,0.00821,0.345,0.605,0.0054,0.0289;aaaaaaaa;
0.493;0.51,0.5,0.974,0.689,0.0747,0.166,0.596,0.65,0.303,0.375;aaaaaaaaa;
0.0237;0.904,0.196,0.655,0.21,0.725,0.53,0.511,0.864,0.536,0.887;aaaaaaaaa;
0.453;0.426,0.62,0.415,0.676,0.459,0.848,0.0905,0.482,0.204,0.719;a;
0.969;0.493,0.901,0.3,0.353,0.523,0.922,0.0559,0.338,0.974,0.493;aaaaa;
0.462;0.954,0.284,0.0528,0.692,0.328,0.477,0.29,0.166,0.197,0.989;aaaaa;
0.14;0.0857,0.432,0.894,0.7,0.577,0.877,0.562,0.0433,0.871,0.854;aaaa;
0.264;0.358,0.844,0.69,0.77,0.104,0.221,0.255,0.777,0.377,0.236;aaaaaaaa;
0.947;0.628,0.257,0.42,0.242,0.688,0.528,0.654,0.343,0.015,0.535;a;
0.457;0.352,0.775,0.743,0.704,0.154,0.837,0.494,0.886,0.24,0.335;a;
0.844;0.547,0.681,0.516,0.9,0.578,0.629,0.574,0.651,0.428,0.0256;aaaaaaa;
0.462;0.61,0.883,0.649,0.541,0.032,0.673,0.792,0.0651,0.934,0.695;aaaaaaaaa;
0.106;0.662,0.279,0.592,0.37,0.932,0.951,0.349,0.958,0.588,0.39;aaaaa;
0.617;0.0536,0.875,0.923,0.689,0.643,0.351,0.475,0.246,0.144,0.416;aaaaaaaaa;
0.219;0.967,0.0836,0.752,0.218,0.281,0.708,0.118,0.558,0.746,0.0422;a;
0.097;0.967,0.915,0.483,0.59,0.389,0.409,0.994,0.28,0.541,0.646;a;
0.442;0.806,0.00982,0.944,0.65,0.292,0.136,0.77,0.195,0.553,0.0346;aaaaaaaaaa;
0.57;0.558,0.19,0.0664,0.77,0.345,0.438,0.216,0.619,0.0508,0.7;aa;
0.897;0.68,0.963,0.628,0.785,0.986,0.953,0.441,0.791,0.622,0.426;aaaaaaaaa;
0.393;0.81,0.83,0.962,0.716,0.126,0.843,0.261,0.162,0.68,0.663;aaaaaa;
0.526;0.205,0.743,0.76,0.357,0.875,0.726,0.04,0.955,0.917,0.436;aaaaaaaaa;
0.757;0.0202,0.883,0.107,0.406,0.953,0.753,0.0824,0.894,0.275,0.773;aaaaaaaa;
0.778;0.65,0.119,0.491,0.868,0.878,0.185,0.385,0.148,0.364,0.699;aaaaa;
0.0918;0.154,0.143,0.906,0.783,0.879,0.694,0.138,0.88,0.749,0.19;aa;
0.0762;0.287,0.848,0.768,0.935,0.905,0.604,0.523,0.387,0.843,0.504;aaaaaaa;
0.26;0.476,0.41,0.813,0.939,0.751,0.839,0.714,0.788,0.604,0.572;aaaaaaa;
0.77;0.281,0.352,0.832,0.158,0.545,0.585,0.959,0.794,0.949,0.903;aaaaaaaaaa;
0.455;0.817,0.384,0.75,0.375,0.789,0.818,0.0857,0.743,0.609,0.651;aa;
0.321;0.552,0.423,0.565,0.15,0.166,0.993,0.46,0.178,0.907,0.201;aaaaaaaaaa;
0.631;0.663,0.331,0.853,0.416,0.986,0.39,0.052,0.746,0.179,0.436;aaaaaaa;
0.231;0.195,0.526,0.816,0.895,0.884,0.216,0.952,0.211,0.333,0.337;aaa;
0.788;0.748,0.872,0.435,0.0404,0.286,0.233,0.342,0.282,0.811,0.14;a;
0.153;0.0434,0.681,0.378,0.179,0.836,0.759,0.0502,0.871,0.651,0.0187;aaaaa;
0.655;0.902,0.15,0.664,0.629,0.157,0.837,0.818,0.0379,0.421,0.49;aaaaa;
0.999;0.073,0.0947,0.391,0.689,0.0986,0.509,0.96,0.813,0.868,0.781;aaaaaaa;
0.886;0.0187,0.877,0.435,0.819,0.226,0.47,0.42,0.741,0.662,0.336;aaaaa;
0.927;0.073,0.424,0.0111,0.711,0.459,0.0019,0.175,0.334,0.359,0.459;aaaaaaa;
0.129;0.933,0.601,0.306,0.828,0.887,0.345,0.292,0.425,0.245,0.382;aaaa;
0.135;0.138,0.946,0.231,0.336,0.0627,0.398,0.118,0.783,0.327,0.389;aaaaaaa;
0.607;0.859,0.128,0.0978,0.276,0.405,0.786,0.975,0.201,0.402,0.703;aaaa;
0.876;0.863,0.861,0.811,0.171,0.549,0.118,0.308,0.551,0.224,0.812;aaa;
0.593;0.258,0.949,0.876,0.587,0.924,0.273,0.588,0.914,0.601,0.513;aaaaaaaa;
0.355;0.418,0.967,0.897,0.604,0.758,0.0287,0.472,0.518,0.431,0.36;a;
0.219;0.692,0.7,0.791,0.729,0.0857,0.553,0.941,0.928,0.813,0.59;a;
0.029;0.183,0.633,0.967,0.234,0.0824,0.938,0.484,0.527,0.612,0.731;aaaaaaaa;
0.953;0.27,0.1,0.647,0.116,0.68,0.681,0.32,0.155,0.888,0.802;aaaa;
0.402;0.969,0.753,0.506,0.991,0.257,0.299,0.697,0.124,0.808,0.1;aaaa;
0.827;0.271,0.378,0.742,0.506,0.93,0.716,0.526,0.267,0.718,0.555;aaaa;
0.524;0.261,0.426,0.348,0.917,0.505,0.806,0.146,0.486,0.2,0.347;aaaaa;
0.953;0.85,0.858,0.27,0.858,0.623,0.189,0.441,0.0264,0.253,0.31;aaaaaaa;
0.601;0.665,0.737,0.16,0.451,0.882,0.344,0.997,0.881,0.696,0.191;aaaaaaaaa;
0.524;0.345,0.588,0.00663,0.885,0.872,0.768,0.6,0.994,0.741,0.18;aaaaaaa;
0.245;0.459,0.797,0.944,0.916,0.749,0.971,0.939,0.198,0.729,0.975;aa;
0.199;0.167,0.937,0.357,0.0933,0.178,0.825,0.564,0.948,0.494,0.402;aaaaaaaaa;
0.172;0.46,0.798,0.0235,0.467,0.38,0.667,0.893,0.566,0.987,0.267;aaaaaaaaaa;
0.557;0.28,0.831,0.198,0.557,0.794,0.464,0.72,0.383,0.414,0.237;aaaaaaaaaa;
0.933;0.459,0.716,0.179,0.765,0.659,0.0898,0.721,0.214,0.231,0.698;aa;
0.13;0.719,0.656,0.871,0.698,0.0787,0.389,0.871,0.232,0.378,0.8;aaaaaaaa;
0.324;0.041,0.975,0.948,0.744,0.472,0.296,0.808,0.415,0.659,0.106;aaa;
0.87;0.173,0.517,0.492,0.0812,0.909,0.414,0.0331,0.271,0.545,0.888;aaaaaaaaaa;
0.543;0.917,0.494,0.804,0.714,0.273,0.424,0.106,0.119,0.506,0.296;aaa;
0.602;0.564,0.424,0.973,0.798,0.502,0.235,0.671,0.567,0.855,0.39;aaa;
0.666;0.81,0.932,0.498,0.615,0.0914,0.678,0.174,0.0376,0.0838,0.945;aaaaaa;
0.558;0.013,0.761,0.242,0.393,0.985,0.596,0.799,0.996,0.51,0.0629;aaaaaaaa;
0.364;0.745,0.0392,0.11,0.912,0.021,0.759,0.402,0.0278,0.719,0.0626;aaaaaaaaa;
0.336;0.417,0.883,0.592,0.562,0.231,0.234,0.254,0.879,0.19,0.824;aaaa;
0.669;0.782,0.783,0.781,0.0925,0.973,0.384,0.759,0.16,0.124,0.0619;aaaaa;
0.592;0.452,0.763,0.891,0.881,0.213,0.511,0.797,0.95,0.716,0.0201;aaa;
0.549;0.822,0.689,0.147,0.709,0.263,0.268,0.0554,0.0016,0.988,0.121;aaaaaaa;
0.461;0.696,0.599,0.905,0.0747,0.707,0.271,0.91,0.262,0.386,0.902;aa;
0.665;0.0923,0.678,0.989,0.394,0.876,0.182,0.515,0.728,0.323,0.635;aaa;
0.936;0.571,0.211,0.463,0.541,0.25,0.208,0.574,0.56,0.267,0.181;aaaaaaaaa;
0.458;0.618,0.737,0.89,0.997,0.766,0.356,0.981,0.185,0.311,0.719;aaaaaa;
0.68;0.439,0.268,0.216,0.817,0.759,0.666,0.627,0.777,0.66,0.764;aa;
0.286;0.637,0.527,0.482,0.0342,0.0676,0.712,0.217,0.215,0.161,0.3;aaa;
0.221;0.564,0.401,0.404,0.0156,0.213,0.717,0.127,0.813,0.61,0.0354;aaaa;
0.992;0.854,0.68,0.445,0.516,0.252,0.685,0.696,0.6,0.0656,0.749;aaaa;
0.664;0.378,0.568,0.745,0.459,0.268,0.399,0.359,0.484,0.28,0.686;aaaaaa;
0.0883;0.428,0.301,0.862,0.621,0.99,0.134,0.586,0.041,0.758,0.898;aaaaa;
0.923;0.0471,0.33,0.465,0.677,0.283,0.537,0.679,0.509,0.934,0.532;aaaaaa;
0.632;0.0247,0.556,0.36,0.67,0.938,0.0748,0.708,0.654,0.664,0.761;aaaaaaaa;
0.133;0.552,0.0601,0.302,0.881,0.965,0.721,0.819,0.713,0.2,0.468;aaaa;
0.0933;0.523,0.469,0.0547,0.534,0.768,0.206,0.0785,0.383,0.705,0.567;aaaaaaaaa;
0.844;0.321,0.134,0.00649,0.0171,0.916,0.746,0.911,0.00817,0.86,0.997;aaaaa;
0.526;0.556,0.808,0.361,0.796,0.937,0.534,0.322,0.821,0.781,0.432;aaaaaa;
0.0273;0.316,0.103,0.717,0.386,0.49,0.866,0.329,0.861,0.566,0.355;aaaaaaaaa;
0.366;0.981,0.478,0.621,0.847,0.207,0.842,0.838,0.0137,0.226,0.991;aaaa;
0.537;0.35,0.846,0.485,0.454,0.447,0.3,0.226,0.84,0.215,0.0813;aaaaa;
0.327;0.958,0.985,0.323,0.236,0.951,0.549,0.336,0.664,0.00485,0.538;aaaa;
0.982;0.676,0.062,0.853,0.511,0.773,0.037,0.941,0.513,0.293,0.433;aaa;
0.115;0.253,0.906,0.764,0.853,0.699,0.29,0.237,0.958,0.222,0.634;a;
0.445;0.408,0.986,0.116,0.686,0.309,0.983,0.452,0.363,0.43,0.372;aaaaaaaaaa;
0.000734;0.678,0.884,0.979,0.78,0.665,0.596,0.63,0.81,0.606,0.403;aaaaaaaa;
0.11;0.288,0.776,0.671,0.807,0.921,0.861,0.441,0.636,0.501,0.991;aaaaaaa;
0.403;0.439,0.749,0.654,0.749,0.117,0.421,0.366,0.471,0.14,0.468;aaaaa;
0.543;0.928,0.331,0.191,0.458,0.249,0.159,0.344,0.42,0.621,0.534;aa;
0.561;0.617,0.0933,0.683,0.281,0.428,0.432,0.219,0.388,0.502,0.427;aaaaaa;
0.188;0.509,0.987,0.674,0.235,0.537,0.993,0.138,0.27,0.382,0.061;aa;
0.714;0.308,0.49,0.897,0.8,0.356,0.0452,0.945,0.202,0.744,0.403;aaa;
0.117;0.00378,0.831,0.682,0.0985,0.598,0.346,0.24,0.267,0.218,0.302;aaaaaaaa;
0.259;0.584,0.583,0.426,0.406,0.142,0.695,0.182,0.853,0.0501,0.623;aaaaaaaaaa;
0.651;0.829,0.302,0.251,0.0954,0.818,0.603,0.701,0.393,0.57,0.393;aaaaaa;
0.915;0.909,0.111,0.0963,0.332,0.884,0.221,0.235,0.465,0.78,0.161;aaaaa;
0.986;0.922,0.472,0.43,0.196,0.586,0.708,0.109,0.199,0.0652,0.928;aaaaaaaaa;
0.138;0.975,0.0673,0.472,0.688,0.111,0.65,0.322,0.91,0.119,0.137;aaaaaaaaa;
0.0943;0.0741,0.76,0.884,0.645,0.00657,0.366,0.791,0.47,0.219,0.46;aaaaa;
0.428;0.223,0.063,0.121,0.712,0.268,0.154,0.507,0.635,0.712,0.586;aaaaaaa;
0.434;0.241,0.961,0.759,0.897,0.184,0.311,0.24,0.962,0.502,0.977;aaaaaaaa;
0.491;0.597,0.901,0.0541,0.0307,0.829,0.783,0.431,0.586,0.761,0.611;aaaa;
0.187;0.0737,0.989,0.321,0.452,0.256,0.803,0.299,0.683,0.395,0.939;aaaaaa;
0.878;0.569,0.0202,0.18,0.877,0.347,0.625,0.72,0.0354,0.315,0.0917;aaaaa;
0.69;0.854,0.803,0.338,0.463,0.408,0.0974,0.448,0.0958,0.911,0.31;aaaaaaaa;
0.691;0.255,0.43,0.00267,0.357,0.802,0.501,0.46,0.802,0.0722,0.622;aa;
0.486;0.347,0.0735,0.224,0.0741,0.634,0.811,0.249,0.731,0.102,0.237;aaaaaaaaaa;
0.455;0.367,0.0308,0.767,0.732,0.737,0.0395,0.557,0.678,0.869,0.245;aaaaa;
0.522;0.887,0.381,0.683,0.127,0.341,0.99,0.0834,0.61,0.819,0.88;aaaaaa;
0.123;0.925,0.986,0.916,0.989,0.988,0.123,0.94,0.075,0.817,0.814;aa;
0.341;0.755,0.209,0.997,0.0191,0.39,0.799,0.691,0.673,0.593,0.579;aaaaa;
0.878;0.532,0.665,0.257,0.0331,0.0688,0.93,0.0608,0.0103,0.639,0.0871;a;
0.731;0.892,0.7,0.434,0.269,0.256,0.922,0.386,0.355,0.196,0.971;a;
0.166;0.744,0.667,0.318,0.635,0.146,0.45,0.37,0.0982,0.104,0.54;aaaa;
0.691;0.255,0.43,0.00267,0.357,0.802,0.501,0.46,0.802,0.0722,0.622;aaaa;
0.486;0.347,0.0735,0.224,0.0741,0.634,0.811,0.249,0.731,0.102,0.237;aaaaaaaaa;
0.455;0.367,0.0308,0.767,0.732,0.737,0.0395,0.557,0.678,0.869,0.245;aa;
0.522;0.887,0.381,0.683,0.127,0.341,0.99,0.0834,0.61,0.819,0.88;aaaaaaaa;
0.123;0.925,0.986,0.916,0.989,0.988,0.123,0.94,0.075,0.817,0.814;aaaa;
0.341;0.755,0.209,0.997,0.0191,0.39,0.799,0.691,0.673,0.593,0.579;aaaa;
0.878;0.532,0.665,0.257,0.0331,0.0688,0.93,0.0608,0.0103,0.639,0.0871;aaaaa;
0.731;0.892,0.7,0.434,0.269,0.256,0.922,0.386,0.355,0.196,0.971;aa;
0.166;0.744,0.667,0.318,0.635,0.146,0.45,0.37,0.0982,0.104,0.54;aaaaaa;
0.691;0.255,0.43,0.00267,0.357,0.802,0.501,0.46,0.802,0.0722,0.622;aaaaaaaa;
0.486;0.347,0.0735,0.224,0.0741,0.634,0.811,0.249,0.731,0.102,0.237;aaaa;
0.455;0.367,0.0308,0.767,0.732,0.737,0.0395,0.557,0.678,0.869,0.245;aaaaaaaaaa;
0.522;0.887,0.381,0.683,0.127,0.341,0.99,0.0834,0.61,0.819,0.88;aaa;
0.123;0.925,0.986,0.916,0.989,0.988,0.123,0.94,0.075,0.817,0.814;aaaaaaa;
0.341;0.755,0.209,0.997,0.0191,0.39,0.799,0.691,0.673,0.593,0.579;aaaa;
0.878;0.532,0.665,0.257,0.0331,0.0688,0.93,0.0608,0.0103,0.639,0.0871;aaaaaaa;
0.731;0.892,0.7,0.434,0.269,0.256,0.922,0.386,0.355,0.196,0.971;aaaaaa;
0.166;0.744,0.667,0.318,0.635,0.146,0.45,0.37,0.0982,0.104,0.54;aa;
0.691;0.255,0.43,0.00267,0.357,0.802,0.501,0.46,0.802,0.0722,0.622;aaa;
0.486;0.347,0.0735,0.224,0.0741,0.634,0.811,0.249,0.731,0.102,0.237;aaaaaaaaaa;
0.455;0.367,0.0308,0.767,0.732,0.737,0.0395,0.557,0.678,0.869,0.245;aaaaaaa;
0.522;0.887,0.381,0.683,0.127,0.341,0.99,0.0834,0.61,0.819,0.88;aaa;
0.123;0.925,0.986,0.916,0.989,0.988,0.123,0.94,0.075,0.817,0.814;a;
0.341;0.755,0.209,0.997,0.0191,0.39,0.799,0.691,0.673,0.593,0.579;aaaaaaaaa;
0.878;0.532,0.665,0.257,0.0331,0.0688,0.93,0.0608,0.0103,0.639,0.0871;aaaaaaaaa;
0.731;0.892,0.7,0.434,0.269,0.256,0.922,0.386,0.355,0.196,0.971;aaaaaaaaa;
0.166;0.744,0.667,0.318,0.635,0.146,0.45,0.37,0.0982,0.104,0.54;aaa;
0.691;0.255,0.43,0.00267,0.357,0.802,0.501,0.46,0.802,0.0722,0.622;aaaaaaa;
0.486;0.347,0.0735,0.224,0.0741,0.634,0.811,0.249,0.731,0.102,0.237;aaaaaaaaaa;
0.455;0.367,0.0308,0.767,0.732,0.737,0.0395,0.557,0.678,0.869,0.245;aaaaaaaaa;
0.522;0.887,0.381,0.683,0.127,0.341,0.99,0.0834,0.61,0.819,0.88;aaaaaa;
0.123;0.925,0.986,0.916,0.989,0.988,0.123,0.94,0.075,0.817,0.814;aaaaaaaaa;
0.341;0.755,0.209,0.997,0.0191,0.39,0.799,0.691,0.673,0.593,0.579;aaaaa;
0.878;0.532,0.665,0.257,0.0331,0.0688,0.93,0.0608,0.0103,0.639,0.0871;aaaaaa;
0.731;0.892,0.7,0.434,0.269,0.256,0.922,0.386,0.355,0.196,0.971;aaaaa;
0.166;0.744,0.667,0.318,0.635,0.146,0.45,0.37,0.0982,0.104,0.54;aaaaaaaaaa;
