0	0
1	1,11,23
2	2
3	3
4	4
5	5
6	6
7	7
8	8
9	9
10	10
11	11
12	12
13	13
14	14
15	15
16	16
17	8,17
18	18
19	19
20	10,20,42
21	21
22	22
23	23
24	24
25	25
26	26
27	27
28	28
29	29
30	30
31	31
32	32
33	33
34	34
35	35
36	5,36
37	37
38	38
39	39
40	40
41	41
42	24,40,42
43	43
44	23,44
45	7
46	7
47	11
48	7
49	27
50	6
51	11
52	1
53	15
54	15
55	14
56	3
57	11
58	31
59	7
60	15
61	6
62	25
63	8
64	2
65	4
66	5
67	21
68	17
69	3,19
70	1
71	8
72	44
73	27
74	12
75	27
76	22
77	33
78	8
79	1
80	8
81	9
82	6
83	8
84	10
85	13
86	4
87	10
88	3
89	13
90	0
91	0
92	10
93	18
94	3
95	25
96	2
97	18
98	1
99	0
100	3
101	11
102	13
103	25
104	8
105	10
106	6
107	6
108	2
109	2
110	5
111	5
112	23
113	23
114	44
115	44
116	40
117	40
118	0
119	0
120	18
121	18
122	14
123	14
124	14
125	42
126	42
127	42
128	28
129	28
130	28
131	27
132	27
133	27
134	24
135	24
136	24
137	41
138	41
139	41
140	19
141	19
142	19
143	35
144	35
145	35
146	1
147	1
148	1
