0	0
1	1
2	2
3	3,5,7,9
4	2,4
5	5
6	6
7	7
8	8
9	9
10	0,7
11	1,5,8
12	0
13	6
14	2
15	0
16	2
17	2
18	2
19	7
20	5,7
21	0
22	7
23	1,4,5
24	1
25	0
26	0
27	1,2
28	2,4
29	2
30	1,3
31	2,6
32	7,8,9
33	0,1,5
34	1,7,8
35	1,5
36	0
37	0
38	5
39	1
40	1
41	5,6
42	6
43	1
44	1
45	8
46	2,6
47	3
48	4
49	2
50	1
51	1
52	2
53	1,9
54	1,5
55	9
56	5
57	7
58	5
59	0
60	0,8,9
61	0
62	0
63	2
64	1,5
65	0,6
66	2,4
67	2
68	0
69	2
70	0,1,4,8
71	0
72	3
73	0
74	1
75	9
76	0
77	0
78	0,2,7,8
79	0
80	3
81	1
82	1
83	2
84	0,4,7,8,9
85	0,4,9
86	2
87	5
88	1
89	6
90	3
91	2
92	1,2
93	6
94	0
95	6
96	0
97	0,4,5
98	3
99	2
100	1,8
101	1
102	3
103	5
104	0,1
105	0
106	2
107	3
108	2
109	7
110	0
111	5,7
112	3
113	2
114	0
115	2
116	0
117	1
118	8
119	7
120	1
121	2
122	4
123	0,6
124	2
125	2
126	3
127	4
128	1
129	4
130	1
131	2
132	3,5,7
133	4
134	8
135	6
136	6,9
137	2
138	0
139	3,4
140	7,9
141	0
142	0
143	2
144	4,5
145	2
146	7
147	4,6
148	2
149	1
150	1
151	6
152	1
153	2,4
154	4,5,7
155	1
156	0
157	1,5
158	0
159	3
160	1
161	2
162	1
163	2,7
164	3
165	0
166	2
167	0
168	0
169	3
170	5
171	4
172	1
173	0
174	7
175	0
176	2
177	0
178	2,5
179	3
180	4
181	0
182	2
183	3
184	0
185	4
186	8
187	0
188	1
189	2,4
190	2
191	3
192	6
193	2
194	0
195	0
196	1
197	0
198	2
199	0
200	2
201	0
202	1
203	0
204	1
205	0
206	3
207	0
208	0
209	7
210	2,3
211	0
212	1
213	0
214	3,5
215	2
216	3
217	1
218	2
219	3
220	1
221	5
222	0
223	4
224	7
225	0
226	8
227	4
228	3
229	1
230	1
231	0
232	2
233	2
234	2
235	0
236	4
237	1
238	1,6
239	1,2
240	0
241	1
242	0
243	0
244	1
245	3
246	0
247	0
248	3
249	3
250	3
251	4,5
252	1
253	7
254	1
255	2
256	5
257	3
258	5
259	7
260	2
261	1
262	0
263	1
264	8
265	5
266	3
267	3
268	3
269	3
270	4
271	0
272	0
273	1
274	3
275	2
276	1
277	1
278	1
279	1
280	6
281	9
282	0
283	8
284	1,6
285	2,7
286	0
287	4
288	0
289	2
290	3
291	0
292	3
293	5
294	5
295	1
296	0
297	0
298	0
299	1
300	0
301	2
302	2
303	0
304	2
305	4
306	2
307	2
308	5
309	1
310	1,4
311	2
312	0
313	3
314	0
315	3
316	4
317	3
318	1
319	2
320	0
321	8
322	3
323	5
324	1
325	5,6
326	0
327	1
328	7
329	2
330	4
331	1
332	0
333	0
334	1,2
335	0
336	6
337	1
338	1
339	0
340	0
341	1
342	3
343	3
344	1
345	0
346	2
347	1
348	6
349	1
350	3
351	1
352	0
353	6
354	0
355	0
356	0
357	0
358	9
359	5
360	0
361	0
362	3
363	0
364	3
365	0
366	4
367	1
368	0
369	0
370	0
371	2
372	9
373	0
374	0
375	5
376	3
377	2
378	1
379	3,7
380	0
381	0,4
382	1
383	0
384	2
385	0
386	0
387	2
388	2
389	4
390	2
391	0
392	0
393	1
394	6
395	7
396	1
397	1
398	0
399	5
400	3
401	3
402	2
403	3
404	1
405	1
406	7
407	0
408	3
409	0
410	1
411	0
412	1
413	5
414	5
415	3
416	7
417	4
418	0
419	6
420	1
421	0
422	7
423	6
424	8
425	3
426	5
427	0
428	1
429	4
430	1
431	3
432	1
433	3
434	2
435	4
436	0,4
437	1
438	1
439	0
440	0
441	0
442	1
443	5
444	1
445	4
446	1
447	5
448	3
449	4
450	2
451	2
452	8
453	3
454	1
455	6
456	0
457	4
458	4
459	0
460	3
461	0
462	4
463	5
464	1
465	9
466	3
467	2
468	2
469	0
470	1
471	5
472	0
473	0
474	3
475	1
476	2
477	0
478	1
479	1
480	0
481	2
482	2
483	1
484	4
485	8
486	4
487	2
488	0
489	0
490	5
491	4
492	0
493	0
494	6
495	1
496	7
497	0
498	0
499	0
500	5
501	1
502	4
503	0
504	0
505	0
506	0
507	0
508	2
509	3
510	4
511	0
512	5
513	1
514	0
515	9
516	1
517	5
518	3
519	3
520	0
521	0
522	6
523	9
524	1
525	1
526	0
527	0
528	0
529	0
530	0
531	1
532	0
533	1
534	0
535	1
536	0
537	1
538	3
539	0
540	0
541	3
542	0
543	0
544	2
545	0
546	3
547	0
548	2
549	0
550	4
551	0
552	2
553	1
554	2
555	0
556	1
557	4
558	3
559	9
560	3
561	3
562	6
563	0,1,6,8
564	2
565	1
566	5
567	1
568	0
569	0
570	0
571	2
572	1
573	0
574	0
575	5
576	1
577	1
578	3
579	6
580	3
581	1
582	1
583	0
584	5
585	0
586	2
587	7,9
588	4
589	6
590	8
591	0
592	0
593	0
594	0
595	6
596	7
597	2
598	3
599	2
600	0
601	0
602	0
603	2
604	0
605	1
606	2
607	2,4
608	5
609	2,7
610	0
611	1
612	0
613	1
614	2
615	3
616	1
617	1
618	1
619	1
620	4
621	0
622	0
623	1
624	2
625	2,8
626	0
627	0
628	1
629	5
630	4
631	0
632	3
633	0
634	1
635	6
636	4
637	2
638	4
639	1
640	6
641	0
642	4
643	2
644	0
645	0
646	2
647	8
648	1
649	4
650	2
651	2
652	0
653	0
654	1
655	0
656	0
657	4
658	2
659	9
660	2
661	1
662	6
663	3
664	6
665	3
666	2
667	1
668	0
669	4
670	3
671	4
672	1
673	0
674	2
675	1
676	9
677	2
678	3
679	0
680	0
681	3
682	6
683	2
684	4
685	0
686	0
687	0
688	5
689	4
690	3
691	1
692	2
693	6
694	0
695	3
696	2
697	1
698	1
699	3
700	1
701	2
702	3
703	0
704	0
705	6
706	1
707	5
708	3
709	1
710	2
711	9
712	0
713	0
714	3
715	0
716	4
717	2
718	5
719	3
720	2
721	2
722	9
723	2
724	4,6
725	4
726	0
727	5,8
728	2
729	3
730	2
731	1,7
732	1
733	6
734	1
735	3
736	0
737	3
738	3
739	1
740	1
741	0
742	1
743	0
744	1
745	0
746	4,8
747	1
748	4
749	2
750	2
751	6
752	1
753	5
754	1
755	0
756	3
757	7
758	3
759	4
760	0
761	0
762	1
763	0
764	2
765	0
766	1
767	3
768	4
769	6,9
770	0
771	1
772	1
773	2
774	1
775	1
776	1
777	0
778	0
779	5,7
780	3,8
781	2
782	4
783	0
784	5
785	0
786	0
787	2
788	0
789	0
790	1
791	2
792	8
793	1
794	1
795	0
796	1
797	1
798	1
799	1
800	1
801	0
802	2
803	4
804	3
805	2
806	0
807	0
808	1
809	1
810	3
811	2
812	0
813	1
814	2
815	3
816	1
817	0
818	4
819	0
820	0
821	1
822	0
823	0
824	7
825	1
826	2
827	0
828	0
829	3
830	0
831	0
832	2
833	4
834	2
835	0
836	2
837	6
838	0
839	2
840	2
841	8
842	9
843	4
844	4
845	1
846	2
847	1
848	5
849	6
850	4
851	5
852	6
853	1
854	0
855	0
856	0
857	0
858	8
859	1
860	2
861	6
862	0
863	3
864	1
865	3
866	0
867	0
868	1
869	0
870	2
871	0
872	4
873	2
874	3
875	1
876	1
877	5
878	7
879	1
880	3
881	8
882	2
883	0
884	7
885	0
886	1
887	2
888	2
889	5
890	0
891	0
892	5
893	2
894	1
895	6
896	0
897	0
898	4
899	4
900	1
901	0
902	0
903	0
904	3
905	0
906	1
907	7
908	9
909	6
910	2
911	5
912	4
913	4
914	5
915	3
916	0
917	2
918	1
919	1
920	2
921	2
922	0
923	0
924	0
925	5,7
926	4
927	8
928	5
929	4
930	2
931	0
932	5
933	0
934	0
935	3
936	0
937	0
938	4
939	6
940	1
941	0
942	0
943	0
944	1
945	3,4,9
946	8
947	0
948	1
949	9
950	3
951	4
952	0
953	1
954	5
955	2
956	4
957	3
958	5
959	1
960	0
961	1
962	0
963	0
964	5
965	2
966	1
967	3
968	5
969	1
970	1
971	3
972	3
973	1
974	3
975	0
976	1
977	5
978	0
979	0
980	2
981	0
982	3
983	2
984	5,9
985	0
986	1
987	2
988	7,8,9
989	0
990	0
991	0
992	6
993	1,3,6
994	0
995	0
996	5,6,9
997	2
998	2
999	2
1000	0
1001	0
1002	0
1003	0
1004	0
1005	0
1006	0
1007	0
1008	0
1009	0
1010	0
1011	0
1012	0
1013	0
1014	0
1015	0
1016	0
1017	0
1018	0
1019	0
1020	0
1021	0
1022	0
1023	0
1024	0
1025	0
1026	2
1027	2
1028	2
1029	2
1030	2
1031	2
1032	2
1033	2
1034	2
1035	2
1036	2
1037	2
1038	2
1039	2
1040	2
1041	2
1042	2
1043	2
1044	2
1045	2
1046	2
1047	2
1048	2
1049	2
1050	2
1051	2
1052	6
1053	6
1054	6
1055	6
1056	6
1057	6
1058	6
1059	6
1060	6
1061	6
1062	6
1063	6
1064	6
1065	6
1066	6
1067	6
1068	6
1069	6
1070	6
1071	6
1072	6
1073	6
1074	6
1075	6
1076	6
1077	6
1078	9
1079	9
1080	9
1081	9
1082	9
1083	9
1084	9
1085	9
1086	9
1087	9
1088	9
1089	9
1090	9
1091	9
1092	9
1093	9
1094	9
1095	9
1096	9
1097	9
1098	9
1099	9
1100	9
1101	9
1102	9
1103	9
1104	8
1105	8
1106	8
1107	8
1108	8
1109	8
1110	8
1111	8
1112	8
1113	8
1114	8
1115	8
1116	8
1117	8
1118	8
1119	8
1120	8
1121	8
1122	8
1123	8
1124	8
1125	8
1126	8
1127	8
1128	8
1129	8
