ATT0(string,2);ATT1(float,10);ATT2(string,10);
a;0.442,0.959,0.67,0.284,0.496,0.6,0.649,0.708,0.203,0.916;aaaa;
aa;0.502,0.665,0.446,0.664,0.743,0.408,0.611,0.431,0.0814,0.574;aaa;
a;0.978,0.407,0.692,0.422,0.389,0.637,0.393,0.103,0.178,0.409;aaaaaaaa;
a;0.0437,0.502,0.49,0.846,0.153,0.521,0.957,0.769,0.146,0.681;aaaaaaaaaa;
aa;0.136,0.0191,0.467,0.404,0.896,0.635,0.558,0.446,0.646,0.0867;aaaaaa;
aa;0.0176,0.663,0.197,0.322,0.532,0.942,0.736,0.512,0.145,0.617;aaaaaaaa;
a;0.761,0.99,0.618,0.864,0.516,0.175,0.942,0.522,0.325,0.438;aaaaaaaa;
aa;0.932,0.957,0.482,0.257,0.179,0.22,0.271,0.925,0.381,0.854;aaaaa;
aa;0.867,0.513,0.293,0.423,0.564,0.748,0.669,0.962,0.411,0.885;a;
aa;0.203,0.0369,0.884,0.291,0.481,0.381,0.324,0.781,0.338,0.506;aaaa;
aa;0.243,0.561,0.414,0.14,0.344,0.423,0.0393,0.754,0.335,0.306;aaaaaaa;
aa;0.179,0.83,0.973,0.879,0.732,0.208,0.084,0.585,0.288,0.151;aaaa;
a;0.719,0.184,0.177,0.957,0.38,0.903,0.582,0.649,0.656,0.585;aaaaa;
aa;0.976,0.0933,0.183,0.764,0.299,0.312,0.282,0.367,0.18,0.435;aaa;
aa;0.305,0.377,0.0156,0.513,0.705,0.354,0.728,0.322,0.792,0.705;aa;
a;0.832,0.606,0.591,0.967,0.65,0.378,0.895,0.282,0.465,0.568;aaaaaa;
a;0.0598,0.259,0.127,0.97,0.0259,0.424,0.68,0.822,0.13,0.354;aaaaaa;
a;0.649,0.628,0.669,0.938,0.251,0.919,0.993,0.824,0.245,0.938;aaaaaaaa;
a;0.518,0.00976,0.458,0.583,0.733,0.291,0.984,0.381,0.393,0.34;aaaaaaaaa;
a;0.286,0.842,0.827,0.361,0.619,0.00237,0.794,0.3,0.925,0.0646;aaaaaaaaaa;
aa;0.522,0.399,0.744,0.582,0.398,0.48,0.396,0.881,0.0543,0.523;aaaaaaaaa;
aa;0.774,0.723,0.0248,0.529,0.117,0.95,0.453,0.247,0.772,0.446;aaaaaaaaaa;
a;0.822,0.673,0.359,0.845,0.288,0.68,0.133,0.151,0.69,0.148;a;
aa;0.261,0.285,0.382,0.685,0.443,0.561,0.445,0.438,0.0893,0.962;aaaaa;
aa;0.401,0.876,0.858,0.732,0.316,0.342,0.683,0.817,0.0056,0.112;a;
a;0.0329,0.945,0.0552,0.0326,0.789,0.593,0.508,0.801,0.148,0.763;aaaaaaaaa;
a;0.26,0.846,0.332,0.339,0.556,0.248,0.154,0.107,0.655,0.171;aaaaaaaa;
aa;0.59,0.817,0.0738,0.283,0.0801,0.54,0.781,0.136,0.0537,0.62;aa;
a;0.9,0.554,0.831,0.0139,0.711,0.586,0.0812,0.403,0.048,0.941;aaaa;
aa;0.225,0.637,0.00674,0.366,0.981,0.463,0.59,0.178,0.456,0.916;aa;
a;0.514,0.601,0.294,0.699,0.607,0.147,0.476,0.651,0.231,0.975;aaaaaaaaa;
aa;0.342,0.0739,0.836,0.000573,0.722,0.719,0.15,0.0355,0.88,0.497;aaaaaaaaaa;
aa;0.741,0.216,0.0939,0.238,0.9,0.741,0.136,0.61,0.393,0.182;aa;
a;0.0966,0.219,0.764,0.345,0.464,0.995,0.685,0.757,0.556,0.392;aa;
aa;0.966,0.728,0.663,0.853,0.291,0.469,0.573,0.613,0.748,0.442;aaaaaaa;
aa;0.501,0.807,0.245,0.0935,0.17,0.334,0.138,0.687,0.87,0.581;aaaaaaa;
a;0.141,0.6,0.687,0.252,0.894,0.144,0.299,0.773,0.946,0.292;aaa;
a;0.197,0.718,0.595,0.232,0.438,0.713,0.822,0.464,0.507,0.959;a;
a;0.438,0.902,0.726,0.326,0.341,0.494,0.71,0.162,0.25,0.34;aaa;
aa;0.694,0.575,0.385,0.926,0.743,0.704,0.387,0.0742,0.925,0.752;aaaa;
a;0.0624,0.777,0.573,0.158,0.276,0.171,0.207,0.406,0.0274,0.805;aaaaaaaaa;
aa;0.754,0.39,0.228,0.565,0.811,0.0101,0.0594,0.557,0.335,0.328;aaaaa;
a;0.85,0.726,0.359,0.986,0.968,0.984,0.0219,0.697,0.751,0.252;aaaaa;
aa;0.106,0.249,0.908,0.513,0.556,0.00821,0.0628,0.652,0.167,0.614;aaaaaaaaaa;
aa;0.387,0.436,0.805,0.829,0.133,0.148,0.411,0.174,0.782,0.324;aaaaaaaaaa;
a;0.265,0.655,0.628,0.988,0.0793,0.556,0.919,0.764,0.34,0.188;aaaaaaa;
a;0.45,0.467,0.467,0.321,0.468,0.917,0.378,0.815,0.583,0.858;aaaaaaaaaa;
aa;0.59,0.289,0.172,0.686,0.928,0.648,0.381,0.653,0.881,0.21;aaaaaaaaaa;
aa;0.0849,0.828,0.0927,0.287,0.303,0.961,0.911,0.822,0.311,0.0944;aaaaa;
a;0.77,0.43,0.0534,0.63,0.892,0.234,0.784,0.576,0.403,0.163;a;
a;0.573,0.661,0.983,0.85,0.69,0.89,0.752,0.549,0.301,0.621;aa;
aa;0.45,0.624,0.698,0.692,0.335,0.751,0.23,0.643,0.994,0.049;aaaaaaaa;
a;0.553,0.285,0.587,0.614,0.0412,0.524,0.903,0.522,0.982,0.37;aaaaaa;
aa;0.545,0.829,0.57,0.863,0.472,0.726,0.577,0.896,0.18,0.168;aaaaa;
aa;0.169,0.679,0.543,0.298,0.0916,0.896,0.566,0.869,0.965,0.0544;aaaaaaa;
a;0.692,0.334,0.478,0.462,0.227,0.946,0.379,0.934,0.987,0.88;aaaaaa;
a;0.51,0.891,0.31,0.132,0.671,0.656,0.717,0.951,0.495,0.027;a;
a;0.425,0.118,0.288,0.795,0.185,0.934,0.464,0.46,0.562,0.414;aaaaaa;
aa;0.799,0.341,0.0959,0.38,0.96,0.789,0.357,0.963,0.937,0.866;a;
a;0.144,0.342,0.71,0.0813,0.833,0.315,0.211,0.779,0.779,0.738;aaa;
aa;0.64,0.308,0.0329,0.177,0.34,0.73,0.342,0.206,0.97,0.206;aaaaa;
a;0.213,0.947,0.114,0.404,0.737,0.841,0.582,0.508,0.388,0.378;a;
a;0.819,0.411,0.741,0.595,0.509,0.783,0.827,0.455,0.0929,0.372;aaa;
a;0.931,0.968,0.702,0.34,0.735,0.482,0.656,0.669,0.931,0.719;aaaaaaaaa;
a;0.974,0.863,0.584,0.191,0.125,0.516,0.578,0.288,0.863,0.195;aa;
aa;0.859,0.132,0.273,0.767,0.372,0.235,0.36,0.237,0.613,0.442;aaa;
aa;0.664,0.247,0.605,0.353,0.602,0.16,0.265,0.0437,0.829,0.173;a;
a;0.247,0.798,0.765,0.945,0.767,0.328,0.108,0.271,0.0661,0.363;aaaaaaaaa;
aa;0.386,0.277,0.975,0.468,0.667,0.714,0.281,0.5,0.0807,0.879;aaaaaa;
a;0.588,0.541,0.54,0.292,0.945,0.758,0.997,0.863,0.0724,0.242;aaaaaa;
aa;0.698,0.939,0.531,0.0445,0.739,0.481,0.876,0.167,0.01,0.374;aaaaaaa;
a;0.689,0.152,0.14,0.044,0.0575,0.675,0.76,0.515,0.226,0.895;aaaaaaaaaa;
a;0.888,0.459,0.719,0.97,0.778,0.402,0.194,0.0198,0.225,0.401;aaa;
a;0.852,0.558,0.921,0.692,0.716,0.671,0.272,0.595,0.766,0.825;aaaaaaaaa;
a;0.295,0.0377,0.239,0.439,0.419,0.716,0.728,0.708,0.168,0.282;aaaaaaaa;
a;0.845,0.982,0.599,0.527,0.954,0.28,0.875,0.611,0.423,0.595;aaaaaa;
aa;0.0962,0.329,0.309,0.247,0.5,0.4,0.537,0.326,0.422,0.236;aaaaaaaaaa;
aa;0.796,0.387,0.581,0.941,0.542,0.877,0.807,0.188,0.00617,0.17;aaaaaaaaaa;
aa;0.444,0.385,0.0493,0.971,0.114,0.163,0.403,0.527,0.425,0.583;aaaa;
a;0.224,0.135,0.0324,0.689,0.973,0.357,0.192,0.281,0.127,0.0621;aaaaaaaaaa;
aa;0.668,0.911,0.45,0.318,0.417,0.44,0.488,0.116,0.551,0.179;aaaa;
a;0.406,0.527,0.1,0.467,0.76,0.723,0.506,0.501,0.0113,0.947;aaa;
a;0.379,0.0693,0.828,0.378,0.115,0.66,0.776,0.481,0.325,0.796;aaaaaa;
a;0.34,0.81,0.296,0.933,0.977,0.393,0.0572,0.908,0.328,0.447;aaaa;
aa;0.307,0.139,0.543,0.455,0.411,0.469,0.901,0.878,0.64,0.487;aaaaa;
aa;0.446,0.771,0.0396,0.513,0.82,0.0981,0.542,0.662,0.751,0.313;aaaaaaaaaa;
a;0.567,0.721,0.414,0.512,0.207,0.802,0.715,0.789,0.524,0.839;aaaaaaaa;
a;0.344,0.861,0.715,0.391,0.885,0.08,0.236,0.0443,0.233,0.375;aa;
a;0.936,0.00782,0.2,0.697,0.467,0.861,0.2,0.406,0.878,0.643;aaaaaaa;
a;0.945,0.705,0.975,0.396,0.283,0.00718,0.584,0.755,0.106,0.0205;aaaaa;
a;0.277,0.371,0.478,0.337,0.476,0.926,0.00447,0.0531,0.263,0.76;aa;
aa;0.442,0.916,0.867,0.638,0.701,0.773,0.213,0.482,0.0638,0.772;aaaaaaaa;
a;0.977,0.574,0.338,0.0786,0.329,0.0574,0.936,0.685,0.489,0.223;aaaaaaaa;
aa;0.306,0.883,0.892,0.909,0.874,0.314,0.288,0.707,0.933,0.751;aa;
a;0.703,0.334,0.379,0.792,0.631,0.165,0.438,0.628,0.293,0.816;aaaaa;
a;0.241,0.612,0.268,0.868,0.782,0.573,0.132,0.768,0.1,0.694;a;
aa;0.696,0.184,0.772,0.259,0.119,0.121,0.874,0.421,0.346,0.829;aaaaaaaa;
aa;0.504,0.495,1,0.503,0.932,0.927,0.0851,0.168,0.356,0.349;aaaa;
a;0.815,0.536,0.877,0.574,0.547,0.33,0.933,0.428,0.479,0.666;aaaaaaaaaa;
aa;0.323,0.821,0.658,0.836,0.0986,0.248,0.0856,0.964,0.912,0.927;aaa;
a;0.865,0.826,0.026,0.809,0.387,0.37,0.164,0.787,0.442,0.578;aaaaaaaa;
a;0.502,0.443,0.612,0.168,0.675,0.741,0.29,0.604,0.994,0.239;aaa;
a;0.0229,0.379,0.899,0.941,0.385,0.855,0.359,0.0972,0.659,0.636;aaa;
a;0.685,0.807,0.266,0.499,0.108,0.611,0.386,0.758,0.52,0.938;aa;
a;0.728,0.777,0.465,0.602,0.243,0.068,0.985,0.772,0.929,0.476;aaaaaa;
a;0.907,0.732,0.0281,0.221,0.451,0.728,0.591,0.992,0.593,0.425;aaaaaaaa;
aa;0.206,0.102,0.827,0.896,0.35,0.475,0.556,0.754,0.996,0.163;a;
aa;0.182,0.655,0.342,0.953,0.331,0.772,0.816,0.823,0.0557,0.834;aaaaa;
a;0.437,0.0309,0.998,0.625,0.218,0.101,0.602,0.352,0.741,0.0856;aaaaaaaa;
aa;0.0996,0.174,0.0217,0.866,0.105,0.662,0.0605,0.686,0.0718,0.367;aaaaaa;
aa;0.9,0.545,0.21,0.361,0.945,0.362,0.101,0.0257,0.992,0.414;aaaaaaaaaa;
aa;0.158,0.689,0.79,0.278,0.659,0.211,0.627,0.757,0.974,0.0484;aaaaaaaaa;
aa;0.372,0.507,0.94,0.93,0.123,0.562,0.45,0.599,0.353,0.602;aaa;
aa;0.212,0.52,0.0863,0.443,0.28,0.99,0.35,0.351,0.63,0.941;aaaaaaaa;
a;0.194,0.0302,0.596,0.307,0.651,0.925,0.179,0.861,0.573,0.783;aaaaa;
aa;0.841,0.353,0.719,0.81,0.133,0.5,0.79,0.514,0.0985,0.661;aaaaaa;
a;0.424,0.697,0.977,0.00414,0.93,0.155,0.0134,0.668,0.296,0.219;aaaaaaaa;
aa;0.211,0.815,0.211,0.135,0.837,0.429,0.586,0.569,0.554,0.659;aaaaa;
a;0.427,0.503,0.187,0.523,0.935,0.989,0.375,0.393,0.412,0.664;aaaaaaaa;
a;0.746,0.14,0.34,0.00391,0.19,0.19,0.42,0.373,0.514,0.0226;a;
a;0.822,0.567,0.152,0.273,0.791,0.966,0.407,0.619,0.626,0.0581;aaaaaaa;
aa;0.00673,0.86,0.572,0.111,0.777,0.866,0.0786,0.821,0.141,0.864;aaaaaaa;
aa;0.53,0.163,0.144,0.169,0.392,0.539,0.883,0.319,0.223,0.876;aa;
aa;0.531,0.242,0.658,0.49,0.954,0.0994,0.739,0.417,0.745,0.0657;aaaaaa;
a;0.847,0.476,0.098,0.155,0.6,0.817,0.668,0.427,0.585,0.433;aaaaaaa;
aa;0.236,0.683,0.708,0.284,0.408,0.196,0.687,0.0831,0.687,0.793;aaaa;
a;0.502,0.236,0.504,0.435,0.145,0.61,0.369,0.976,0.0255,0.211;aa;
a;0.549,0.79,0.322,0.843,0.552,0.883,0.338,0.254,0.271,0.77;aa;
aa;0.416,0.419,0.7,0.793,0.692,0.674,0.0929,0.501,0.188,0.263;aaaaaaaaa;
aa;0.637,0.403,0.163,0.66,0.176,0.656,0.19,0.816,0.365,0.328;aaaaa;
a;0.234,0.572,0.127,0.533,0.751,0.637,0.665,0.126,0.154,0.28;aaaaaaaaa;
a;0.737,0.949,0.116,0.332,0.631,0.188,0.37,0.738,0.55,0.481;aaaaaaaaa;
a;0.369,0.173,0.0915,0.639,0.587,0.455,0.2,0.0303,0.573,0.384;aaa;
a;0.917,0.077,0.799,0.756,0.457,0.981,0.558,0.595,0.682,0.136;aaaa;
aa;0.457,0.688,0.495,0.37,0.163,0.911,0.653,0.96,0.825,0.123;aa;
aa;0.301,0.172,0.706,0.694,0.0421,0.31,0.797,0.76,0.115,0.52;aaaaaaaaaa;
aa;0.399,0.308,0.0211,0.724,0.599,0.367,0.201,0.15,0.399,0.665;aaaaa;
aa;0.609,0.203,0.542,0.447,0.964,0.499,0.517,0.514,0.621,0.399;aaaaaaaaa;
a;0.267,0.328,0.0985,0.845,0.998,0.0752,0.197,0.848,0.796,0.148;aaaaaaaaaa;
aa;0.705,0.871,0.791,0.898,0.964,0.48,0.333,0.863,0.546,0.142;aaaaa;
a;0.0226,0.459,0.525,0.372,0.235,0.639,0.529,0.269,0.371,0.722;aaaaa;
a;0.455,0.39,0.11,0.146,0.631,0.483,0.281,0.618,0.243,0.329;a;
a;0.237,0.599,0.417,0.00044,0.482,0.374,0.112,0.641,0.376,0.982;aaaa;
aa;0.463,0.439,0.647,0.794,0.686,0.548,0.127,0.782,0.843,0.27;aaa;
aa;0.427,0.501,0.205,0.561,0.76,0.75,0.789,0.626,0.949,0.48;aaaaaaaaaa;
aa;0.492,0.336,0.995,0.0595,0.875,0.4,0.723,0.609,0.466,0.0707;aaaaaaaaa;
aa;0.52,0.178,0.503,0.362,0.793,0.464,0.16,0.547,0.0695,0.935;aaaaaaaa;
aa;0.899,0.112,0.466,0.638,0.0459,0.875,0.548,0.715,0.378,0.25;aaa;
aa;0.922,0.109,0.812,0.864,0.271,0.55,0.275,0.654,0.533,0.82;aaaaaa;
aa;0.836,0.851,0.518,0.142,0.255,0.36,0.345,0.656,0.836,0.788;aaaa;
aa;0.406,0.121,0.688,0.879,0.5,0.0907,0.884,0.559,0.853,0.616;a;
aa;0.723,0.884,0.682,0.987,0.749,0.67,0.509,0.0109,0.324,0.813;aaaaaaaaaa;
aa;0.683,0.341,0.474,0.368,0.436,0.338,0.48,0.862,0.719,0.117;aaaaaaaaa;
aa;0.509,0.867,0.968,0.519,0.905,0.259,0.16,0.877,0.579,0.925;aaa;
aa;0.129,0.0118,0.257,0.881,0.791,0.962,0.0563,0.676,0.246,0.15;aa;
a;0.0078,0.994,0.0688,0.752,0.397,0.813,0.301,0.412,0.128,0.847;aaa;
aa;0.533,0.249,0.234,0.962,0.0187,0.186,0.472,0.357,0.695,0.0919;aaaa;
aa;0.0975,0.102,0.453,0.437,0.145,0.539,0.661,0.523,0.995,0.551;aaaaaaa;
a;0.959,0.144,0.293,0.873,0.886,0.393,0.51,0.967,0.556,0.416;aaaaa;
a;0.269,0.447,0.142,0.0325,0.983,0.615,0.85,0.669,0.954,0.557;aaaaaaaaaa;
aa;0.0444,0.409,0.374,0.357,0.602,0.537,0.315,0.615,0.318,0.238;aaaaaaa;
a;0.586,0.299,0.0771,0.64,0.105,0.792,0.243,0.467,0.796,0.0618;aaaa;
a;0.466,0.731,0.84,0.0489,0.348,0.483,0.639,0.927,0.253,0.457;aaaa;
a;0.54,0.818,0.967,0.0489,0.8,0.109,0.78,0.474,0.576,0.995;a;
aa;0.792,0.569,0.215,0.814,0.293,0.295,0.269,0.456,0.946,0.168;aaaaaa;
a;0.774,0.291,0.178,0.95,0.08,0.606,0.556,0.663,0.203,0.0335;aaa;
aa;0.118,0.894,0.484,0.278,0.0516,0.284,0.271,0.917,0.516,0.48;aaaaaaaaa;
a;0.613,0.832,0.499,0.918,0.576,0.375,0.818,0.552,0.841,0.73;aaa;
a;0.647,0.431,0.667,0.789,0.583,0.244,0.286,0.794,0.437,0.0276;aaaaaaa;
a;0.321,0.917,0.838,0.028,0.481,0.0668,0.487,0.483,0.794,0.0302;a;
aa;0.63,0.506,0.271,0.631,1,0.194,0.29,0.608,0.932,0.947;aaaa;
a;0.539,0.629,0.477,0.581,0.309,0.345,0.562,0.904,0.695,0.497;aaaa;
a;0.694,0.929,0.245,0.269,0.0269,0.598,0.466,0.727,0.889,0.486;aaaaaaa;
aa;0.943,0.553,0.233,0.785,0.0124,0.293,0.0146,0.9,0.311,0.921;aaaaa;
a;0.304,0.976,0.685,0.588,0.128,0.211,0.844,0.956,0.786,0.887;aaaaaaaaa;
aa;0.343,0.587,0.413,0.768,0.0373,0.705,0.412,0.0648,0.548,0.0758;aaaa;
aa;0.42,0.135,0.653,0.133,0.246,0.389,0.318,0.63,0.08,0.401;aaaa;
aa;0.812,0.359,0.223,0.385,0.452,0.592,0.701,0.0543,0.605,0.549;aaaaaaaa;
aa;0.542,0.89,0.954,0.235,0.809,0.892,0.884,0.45,0.0557,0.14;a;
a;0.00616,0.203,0.534,0.423,0.11,0.042,0.726,0.449,0.155,0.93;aaaaaaaaaa;
a;0.475,0.592,0.806,0.355,0.388,0.127,0.911,0.468,0.262,0.311;aaaaaa;
aa;0.202,0.6,0.492,0.92,0.376,0.869,0.576,0.714,0.686,0.0517;aa;
a;0.365,0.977,0.000581,0.143,0.245,0.397,0.681,0.606,0.18,0.873;a;
a;0.607,0.815,0.308,0.107,0.496,0.892,0.924,0.165,0.217,0.673;aaaaa;
aa;0.757,0.85,0.885,0.145,0.0488,0.849,0.663,0.363,0.957,0.419;aaaa;
a;0.366,0.261,0.456,0.294,0.351,0.27,0.242,0.51,0.604,0.486;a;
aa;0.468,0.0256,0.532,0.82,0.579,0.575,0.881,0.3,0.0125,0.935;aa;
a;0.372,0.728,0.113,0.563,0.558,0.948,0.112,0.284,0.177,0.558;aaaa;
a;0.394,0.933,0.817,0.689,0.697,0.367,0.877,0.312,0.417,0.252;aaaaaaaaa;
a;0.113,0.756,0.422,0.709,0.29,0.241,0.769,0.126,0.139,0.0482;aaaaaaa;
aa;0.631,0.322,0.203,0.983,0.374,0.498,0.00278,0.963,0.502,0.104;aaaaaaaaaa;
a;0.238,0.414,0.503,0.826,0.394,0.511,0.602,0.0306,0.315,0.532;aaaaaaa;
aa;0.525,0.156,0.0569,0.177,0.538,0.496,0.79,0.787,0.599,0.141;aaaaaaaaaa;
a;0.109,0.508,0.657,0.771,0.594,0.412,0.755,0.448,0.0413,0.422;aaaa;
a;0.458,0.183,0.688,0.568,0.717,0.588,0.49,0.816,0.93,0.602;aaaaaaaaa;
aa;0.576,0.336,0.842,0.955,0.454,0.506,0.605,0.117,0.86,0.268;aaa;
a;0.355,0.974,0.973,0.432,0.209,0.227,0.56,0.255,0.591,0.596;aaaaaaaaa;
aa;0.0488,0.337,0.428,0.934,0.982,0.0785,0.495,0.922,0.228,0.739;aa;
aa;0.934,0.647,0.401,0.803,0.893,0.954,0.795,0.65,0.604,0.208;aaaaaaaa;
a;0.165,0.131,0.92,0.213,0.532,0.119,0.271,0.932,0.0553,0.522;aaa;
aa;0.15,0.777,0.822,0.197,0.326,0.587,0.131,0.309,0.589,0.574;aaaa;
aa;0.277,0.589,0.418,0.427,0.309,0.0432,0.542,0.862,0.0677,0.905;aaaaaaaaaa;
a;0.813,0.0233,0.648,0.994,0.97,0.846,0.433,0.24,0.0626,0.857;aaaaaaaaa;
aa;0.946,0.359,0.732,0.631,0.329,0.61,0.321,0.835,0.991,0.33;aaaa;
a;0.684,0.957,0.48,0.666,0.202,0.461,0.867,0.927,0.154,0.22;aa;
a;0.0916,0.785,0.276,0.747,0.0487,0.0264,0.024,0.166,0.524,0.924;aaaa;
a;0.576,0.454,0.883,0.161,0.212,0.676,0.247,0.484,0.146,0.0801;aaaaaa;
aa;0.782,0.118,0.549,0.0338,0.419,0.342,0.397,0.526,0.25,0.0219;aa;
aa;0.606,0.0291,0.704,0.754,0.758,0.212,0.593,0.107,0.635,0.764;aaaaaaaa;
a;0.933,0.842,0.105,0.828,0.822,0.684,0.724,0.389,0.0912,0.0567;aaa;
aa;0.866,0.901,0.587,0.727,0.479,0.991,0.926,0.533,0.756,0.315;aaaaaaaaa;
aa;0.0375,0.839,0.159,0.934,0.708,0.0891,0.851,0.782,0.533,0.565;aaaaaaaa;
a;0.941,0.85,0.595,0.553,0.539,0.578,0.824,0.583,0.56,0.449;a;
a;0.248,0.636,0.322,0.135,0.359,0.39,0.961,0.313,0.0631,0.478;aaaaaaaaaa;
a;0.011,0.976,0.107,0.804,0.911,0.359,0.779,0.197,0.0236,0.557;a;
aa;0.632,0.494,0.816,0.192,0.128,0.919,0.832,0.753,0.596,0.888;aa;
a;0.93,0.835,0.197,0.416,0.722,0.784,0.126,0.0677,0.429,0.0169;aaa;
aa;0.0456,0.529,0.933,0.201,0.529,0.647,0.117,0.498,0.402,0.46;aaaa;
a;0.348,0.083,0.112,0.91,0.167,0.138,0.391,0.556,0.279,0.443;aa;
aa;0.55,0.936,0.209,0.629,0.91,0.186,0.0721,0.145,0.887,0.856;aa;
aa;0.971,0.151,0.675,0.215,0.727,0.181,0.223,0.87,0.994,0.827;aaaaaaaaa;
aa;0.942,0.398,0.0903,0.23,0.482,0.999,0.736,0.847,0.661,0.501;aaa;
a;0.619,0.562,0.0643,0.946,0.642,0.325,0.607,0.876,0.188,0.922;aa;
aa;0.819,0.214,0.994,0.581,0.548,0.127,0.00339,0.185,0.0887,0.758;aaaaaaaa;
aa;0.445,0.87,0.504,0.599,0.544,0.946,0.0768,0.442,0.692,0.237;aaaaaaaaaa;
aa;0.865,0.404,0.541,0.882,0.451,0.976,0.118,0.367,0.0192,0.988;aaaaaa;
aa;0.512,0.779,0.939,0.561,0.701,0.881,0.211,0.615,0.52,0.302;aaaaaaaa;
aa;0.0504,0.772,0.131,0.572,0.839,0.75,0.23,0.848,0.694,0.426;aaaaaaaaaa;
aa;0.958,0.478,0.289,0.159,0.441,0.22,0.415,0.721,0.174,0.566;aaaaa;
a;0.933,0.212,0.141,0.574,0.143,0.319,0.886,0.419,0.921,0.974;aaaaaaaa;
aa;0.289,0.868,0.103,0.958,0.459,0.426,0.383,0.564,0.216,0.0355;aaaaa;
a;0.973,0.918,0.528,0.418,0.777,0.448,0.532,0.324,0.743,0.734;aa;
aa;0.0641,0.315,0.209,0.581,0.777,0.332,0.13,0.995,0.845,0.958;aaaaaaaaaa;
a;0.519,0.553,0.72,0.263,0.0802,0.682,0.928,0.605,0.473,0.533;aaaaaaaa;
a;0.288,0.587,0.676,0.0697,0.482,0.813,0.547,0.06,0.835,0.528;aaaaaaa;
aa;0.636,0.253,0.255,0.649,0.742,0.0379,0.716,0.712,0.535,0.982;a;
a;0.879,0.479,0.772,0.759,0.762,0.426,0.919,0.985,0.275,0.129;aaaaa;
a;0.646,0.3,0.414,0.982,0.532,0.214,0.893,0.291,0.205,0.655;aaaa;
aa;0.545,0.922,0.911,0.0898,0.154,0.462,0.218,0.668,0.11,0.484;aaaaaaaa;
a;0.205,0.195,0.489,0.559,0.00299,0.711,0.0208,0.464,0.126,0.699;aaaaaa;
aa;0.598,0.75,0.175,0.557,0.566,0.989,0.745,0.637,0.107,0.148;aaaa;
aa;0.803,0.454,0.887,0.762,0.606,0.583,0.638,0.0471,0.768,0.273;aaa;
a;0.592,0.891,0.729,0.91,0.633,0.839,0.759,0.899,0.355,0.513;aaaa;
aa;0.16,0.758,0.224,0.657,0.172,0.702,0.918,0.428,0.832,0.873;aaaaa;
a;0.113,0.518,0.582,0.301,0.453,0.734,0.0215,0.385,0.262,0.697;aaaaaaaaa;
aa;0.326,0.389,0.153,0.903,0.108,0.853,0.787,0.353,0.846,0.404;aaa;
a;0.748,0.253,0.563,0.577,0.263,0.00648,0.124,0.529,0.79,0.0478;a;
a;0.911,0.101,0.0569,0.126,0.225,0.0201,0.0475,0.0169,0.937,0.295;aaaaaaaaa;
aa;0.391,0.334,0.425,0.535,0.926,0.149,0.562,0.562,0.791,0.166;aaaaaaaaaa;
aa;0.925,0.376,0.709,0.116,0.148,0.342,0.0384,0.765,0.35,0.193;aaaa;
a;0.515,0.223,0.235,0.375,0.829,0.543,0.877,0.225,0.77,0.00868;aaaaa;
aa;0.831,0.249,0.966,0.905,0.84,0.409,0.608,0.411,0.71,0.276;aaaaaaaaaa;
a;0.162,0.53,0.289,0.464,0.163,0.317,0.365,0.624,0.512,0.176;aaa;
a;0.507,0.699,0.738,0.288,0.702,0.189,0.222,0.672,0.303,0.308;aaaaaaaaa;
aa;0.948,0.133,0.315,0.0822,0.751,0.555,0.0964,0.0524,0.551,0.918;aaaaa;
a;0.711,0.551,0.285,0.0944,0.533,1,0.183,0.968,0.431,0.0336;aaaaaaaaa;
a;0.498,0.274,0.887,0.667,0.248,0.236,0.932,0.47,0.577,0.822;aaaaaaaaaa;
a;0.431,0.34,0.442,0.36,0.0303,0.601,0.492,0.322,0.157,0.338;aaaaaaaaa;
a;0.528,0.143,0.742,0.673,0.133,0.846,0.538,0.269,0.695,0.547;aaaaaaaaa;
a;0.938,0.314,0.901,0.894,0.542,0.542,0.0147,0.942,0.939,0.832;aaaaa;
aa;0.827,0.404,0.509,0.421,0.118,0.494,0.202,0.809,0.614,0.119;aaaaa;
a;0.881,0.393,0.667,0.867,0.851,0.499,0.602,0.749,0.214,0.188;aaaaaaaaa;
a;0.754,0.845,0.108,0.395,0.19,0.843,0.869,0.181,0.237,0.468;aaaaaaaa;
aa;0.564,0.642,0.708,0.98,0.581,0.176,0.422,0.965,0.968,0.633;aaaaaa;
aa;0.0694,0.555,0.175,0.894,0.859,0.153,0.172,0.378,0.116,0.645;aa;
a;0.682,0.136,0.733,0.35,0.778,0.6,0.233,0.826,0.101,0.325;aaaa;
aa;0.999,0.331,0.662,0.197,0.384,0.0583,0.0971,0.717,0.801,0.177;aaaa;
a;0.114,0.661,0.00944,0.333,0.879,0.533,0.408,0.97,0.781,0.124;aaaa;
aa;0.107,0.64,0.578,0.374,0.971,0.134,0.669,0.842,0.556,0.136;aaaaaaaaaa;
aa;0.627,0.467,0.661,0.564,0.625,0.0427,0.404,0.0542,0.672,0.59;aa;
a;0.823,0.566,0.203,0.197,0.457,0.129,0.158,0.335,0.0618,0.341;aa;
aa;0.492,0.189,0.645,0.108,0.327,0.137,0.788,0.276,0.364,0.233;aaa;
a;0.764,0.589,0.74,0.295,0.304,0.852,0.948,0.997,0.0952,0.286;aaaaaa;
aa;0.213,0.898,0.585,0.901,0.978,0.713,0.624,0.104,0.559,0.815;aaaa;
aa;0.877,0.94,0.763,0.766,0.72,0.103,0.963,0.903,0.332,0.748;a;
a;0.335,0.738,0.346,0.168,0.212,0.986,0.763,0.408,0.353,0.374;aaaaaaaa;
aa;0.539,0.757,0.938,0.363,0.523,0.334,0.0092,0.715,0.933,0.764;a;
aa;0.224,0.262,0.0405,0.393,0.428,0.327,0.668,0.242,0.287,0.809;aaaaaa;
aa;0.994,0.811,0.433,0.398,0.311,0.884,0.0169,0.0401,0.153,0.18;aaaaaaaaa;
aa;0.06,0.664,0.694,0.74,0.834,0.492,0.195,0.761,0.0112,0.17;aa;
a;0.39,0.182,0.321,0.848,0.347,0.988,0.49,0.304,0.356,0.476;aaaaaa;
a;0.0326,0.858,0.514,0.88,0.593,0.12,0.805,0.705,0.707,0.114;a;
aa;0.786,0.674,0.835,0.902,0.119,0.447,0.138,0.113,0.439,0.718;a;
aa;0.93,0.573,0.776,0.887,0.212,0.571,0.718,0.392,0.62,0.459;aaaaaaaaaa;
a;0.819,0.71,0.627,0.353,0.275,0.0937,0.213,0.068,0.408,0.00832;aaaaaaa;
aa;0.693,0.892,0.0445,0.353,0.188,0.79,0.386,0.175,0.854,0.0716;aa;
aa;0.678,0.622,0.599,0.844,0.15,0.35,0.878,0.692,0.741,0.569;aaaaaaaa;
aa;0.982,0.181,0.515,0.239,0.501,0.772,0.793,0.986,0.499,0.157;aaaaa;
aa;0.245,0.289,0.723,0.0453,0.0836,0.227,0.0502,0.748,0.968,0.759;a;
aa;0.901,0.968,0.773,0.439,0.55,0.835,0.63,0.926,0.896,0.595;aaaa;
aa;0.337,0.00864,0.402,0.706,0.893,0.0451,0.647,0.344,0.543,0.31;aaaa;
aa;0.116,0.24,0.136,0.809,0.985,0.537,0.984,0.323,0.62,0.14;aa;
a;0.843,0.818,0.352,0.453,0.448,0.461,0.324,0.537,0.453,0.608;aaaaaaaaaa;
a;0.391,0.854,0.802,0.73,0.129,0.685,0.273,0.405,0.987,0.577;aaaaaaaaaa;
aa;0.693,0.131,0.734,0.328,0.0877,0.392,0.0636,0.806,0.0648,0.992;aaaaaaaa;
a;0.221,0.749,0.12,0.397,0.186,0.296,0.443,0.64,0.39,0.568;aaaaaaaaaa;
a;0.96,0.633,0.6,0.233,0.709,0.41,0.23,0.253,0.16,0.501;aaaaaaaa;
a;0.811,0.886,0.787,0.362,0.859,0.538,0.816,0.727,0.406,0.168;a;
a;0.702,0.313,0.264,0.446,0.726,0.545,0.792,0.412,0.0936,0.803;aaaaaaaaa;
aa;0.473,0.33,0.725,0.642,0.876,0.61,0.287,0.39,0.766,0.532;aaaaaaaaa;
a;0.712,0.0678,0.583,0.511,0.485,0.771,0.997,0.606,0.286,0.465;aaa;
a;0.75,0.902,0.387,0.842,0.799,0.769,0.3,0.0106,0.601,0.239;aaaaaaaaaa;
aa;0.0867,0.898,0.881,0.26,0.93,0.115,0.601,0.295,0.141,0.224;aa;
a;0.0998,0.0359,0.0226,0.652,0.258,0.728,0.947,0.0174,0.482,0.0853;aaaa;
a;0.867,0.528,0.0498,0.514,0.974,0.789,0.603,0.309,0.533,0.939;aaaaaaaaa;
a;0.11,0.268,0.335,0.0445,0.725,0.897,0.466,0.164,0.879,0.781;aaaaa;
a;0.733,0.726,0.758,0.191,0.0169,0.866,0.608,0.519,0.612,0.957;aaaaaaaaaa;
a;0.231,0.218,0.402,0.631,0.794,0.442,0.701,0.227,0.279,0.838;aaaaaaa;
a;0.335,0.37,0.985,0.619,0.98,0.662,0.217,0.593,0.383,0.108;aaaaaaaa;
a;0.965,0.106,0.559,0.277,0.728,0.715,0.694,0.191,0.772,0.783;aaaaaaaaa;
aa;0.353,0.294,0.289,0.91,0.739,0.977,0.194,0.456,0.748,0.15;aaaaaa;
aa;0.844,0.731,0.0866,0.301,0.802,0.732,0.409,0.563,0.11,0.0741;a;
aa;0.67,0.419,0.0964,0.234,0.222,0.697,0.869,0.288,0.856,0.543;aaaaaa;
a;0.38,0.823,0.0694,0.826,0.171,0.815,0.00138,0.308,0.543,0.453;aaa;
a;0.611,0.858,0.365,0.368,0.708,0.362,0.888,0.939,0.188,0.642;aaaaa;
aa;0.376,0.147,0.505,0.839,0.677,0.142,0.971,0.332,0.804,0.58;aaa;
aa;0.293,0.838,0.294,0.714,0.886,0.385,0.829,0.629,0.253,0.42;aaaaaaaa;
aa;0.561,0.534,0.23,0.387,0.967,0.311,0.14,0.857,0.483,0.16;aaaaaa;
a;0.439,0.622,0.184,0.995,0.193,0.0386,0.987,0.317,0.838,0.751;aa;
a;0.512,0.831,0.878,0.162,0.283,0.012,0.0795,0.758,0.699,0.0262;aaaaaaaaa;
aa;0.128,0.467,0.645,0.817,0.846,0.604,0.58,0.348,0.347,0.595;aaaaaa;
a;0.375,0.841,0.868,0.329,0.466,0.803,0.772,0.403,0.557,0.97;aaaaaaaaaa;
a;0.111,0.713,0.515,0.322,0.418,0.736,0.197,0.936,0.209,0.334;aaaa;
aa;0.683,0.0677,0.601,0.323,0.32,0.747,0.256,0.593,0.806,0.558;aaa;
a;0.515,0.578,0.356,0.433,0.643,0.275,0.0161,0.953,0.792,0.451;aaaa;
a;0.173,0.922,0.367,0.842,0.76,0.996,0.83,0.873,0.895,0.361;aaaaaaaaa;
a;0.0235,0.683,0.834,0.96,0.104,0.0881,0.461,0.466,0.21,0.881;aaaaaaa;
a;0.454,0.207,0.197,0.148,0.32,0.21,0.312,0.745,0.351,0.923;a;
aa;0.0264,0.133,0.858,0.381,0.0771,0.223,0.224,0.965,0.744,0.102;aaaaaaaaaa;
a;0.448,0.428,0.726,0.738,0.889,0.429,0.84,0.14,0.998,0.45;aaaaaaa;
aa;0.647,0.00275,0.363,0.886,0.277,0.132,0.203,0.902,0.0634,0.0164;aaaa;
a;0.622,0.549,0.225,0.0219,0.268,0.492,0.737,0.907,0.585,0.658;aa;
a;0.95,0.973,0.279,0.384,0.441,0.177,0.582,0.898,0.126,0.939;aaaaaaa;
aa;0.933,0.401,0.99,0.894,0.272,0.498,0.795,0.0961,0.833,0.691;aaaaaaa;
aa;0.729,0.759,0.718,0.758,0.411,0.902,0.708,0.656,0.216,0.999;aaaaaaaa;
a;0.359,0.3,0.382,0.411,0.167,0.173,0.739,0.379,0.645,0.876;aaaa;
a;0.604,0.217,0.0772,0.206,0.224,0.164,0.761,0.806,0.715,0.735;aaaaaaa;
a;0.839,0.331,0.663,0.0345,0.281,0.348,0.574,0.876,0.196,0.0764;aaaa;
a;0.775,0.224,0.407,0.535,0.516,0.314,0.269,0.998,0.209,0.461;aa;
a;0.239,0.0673,0.661,0.493,0.192,0.717,0.189,0.789,0.166,0.392;aa;
a;0.413,0.0325,0.307,0.987,0.295,0.813,0.773,0.681,0.729,0.656;aaaa;
a;0.484,0.367,0.202,0.182,0.3,0.391,0.525,0.515,0.112,0.33;aaaa;
a;0.964,0.437,0.605,0.164,0.0189,0.519,0.862,0.62,0.477,0.55;aaa;
a;0.898,0.0539,0.296,0.517,0.00615,0.212,0.0381,0.577,0.994,0.93;aaaaaaa;
a;0.181,0.287,0.477,0.799,0.176,0.861,0.595,0.347,0.98,0.0212;aaa;
a;0.318,0.823,0.318,0.282,0.0499,0.315,0.232,0.000119,0.719,0.153;a;
aa;0.87,0.808,0.954,0.912,0.706,0.319,0.421,0.921,0.609,0.369;aa;
a;0.0622,0.93,0.993,0.13,0.765,0.16,0.17,0.722,0.0721,0.903;aaaaaaaaaa;
a;0.00676,0.65,0.458,0.915,0.895,0.451,0.986,0.885,0.636,0.684;aaaaaaa;
aa;0.737,0.595,0.973,0.437,0.0842,0.348,0.579,0.402,0.104,0.0329;aaaaaa;
a;0.47,0.15,0.675,0.828,0.405,0.938,0.702,0.918,0.182,0.883;aaaaaaaaa;
a;0.711,0.747,0.382,0.367,0.528,0.443,0.642,0.613,0.0144,0.624;aaaaaaaa;
aa;0.906,0.592,0.948,0.954,0.512,0.239,0.377,0.488,0.138,0.712;aaaaaaaaa;
a;0.175,0.0206,0.771,0.925,0.55,0.652,0.488,0.734,0.113,0.364;aaaa;
aa;0.185,0.445,0.242,0.425,0.3,0.515,0.972,0.584,0.091,0.321;aaaaaaaa;
a;0.111,0.452,0.681,0.00992,0.185,0.414,0.0739,0.864,0.214,0.321;aaaa;
a;0.531,0.541,0.712,0.749,0.443,0.488,0.793,0.918,0.177,0.152;aa;
a;0.847,0.182,0.196,0.625,0.666,0.106,0.302,0.457,0.875,0.747;aaaa;
a;0.107,0.494,0.24,0.593,0.381,0.843,0.619,0.401,0.297,0.057;aaaaaaaaa;
a;0.172,0.475,0.99,0.801,0.562,0.864,0.347,0.452,0.91,0.327;aaaaaaaaaa;
aa;0.894,0.352,0.187,0.331,0.409,0.989,0.213,0.984,0.505,0.467;aaaaaaaa;
a;0.556,0.846,0.111,0.634,0.796,0.773,0.381,0.362,0.561,0.00486;aaaaa;
a;0.271,0.0613,0.00649,0.557,0.684,0.0877,0.0116,0.00479,0.22,0.94;aaaaaaaaaa;
aa;0.341,0.226,0.515,0.0392,0.0986,0.568,0.739,0.623,0.768,0.87;aaaaaa;
aa;0.321,0.266,0.953,0.495,0.97,0.406,0.493,0.448,0.992,0.0816;aa;
a;0.666,0.948,0.0603,0.44,0.593,0.513,0.762,0.0163,0.776,0.241;aaaaaaa;
aa;0.718,0.618,0.264,0.737,0.328,0.454,0.569,0.475,0.335,0.484;aaaa;
a;0.139,0.984,0.721,0.133,0.978,0.129,0.152,0.838,0.602,0.23;aa;
aa;0.279,0.127,0.687,0.512,0.817,0.332,0.856,0.677,0.0224,0.561;aaaaaaaaa;
aa;0.372,0.112,0.373,0.252,0.363,0.82,0.944,0.968,0.723,0.692;a;
aa;0.382,0.949,0.401,0.519,0.893,0.314,0.863,0.467,0.096,0.232;aa;
a;0.837,0.634,0.127,0.917,0.187,0.388,0.012,0.839,0.0372,0.891;aaaaaaa;
aa;0.906,0.227,0.561,0.706,0.267,0.406,0.262,0.328,0.697,0.404;a;
a;0.232,0.952,0.442,0.72,0.718,0.74,0.351,0.831,0.199,0.482;a;
a;0.316,0.936,0.413,0.81,0.346,0.207,0.724,0.312,0.673,0.374;aaaaaa;
aa;0.34,0.643,0.905,0.25,0.305,0.954,0.385,0.979,0.394,0.964;a;
a;0.533,0.436,0.578,0.0725,0.895,0.472,0.643,0.803,0.486,0.261;aaaaaaaaaa;
a;0.736,0.835,0.878,0.42,0.342,0.907,0.761,0.36,0.944,0.919;a;
aa;0.747,0.843,0.933,0.452,0.0447,0.0866,0.466,0.354,0.717,0.221;a;
a;0.253,0.847,0.877,0.343,0.0766,0.894,0.848,0.965,0.378,0.849;aaaaaaaa;
aa;0.416,0.954,0.287,0.216,0.671,0.358,0.943,0.387,0.208,0.434;aaa;
a;0.0568,0.833,0.727,0.401,0.634,0.552,0.413,0.125,0.31,0.666;aa;
a;0.0513,0.795,0.157,0.042,0.637,0.404,0.114,0.367,0.785,0.465;aaaaaa;
aa;0.884,0.296,0.836,0.195,0.426,0.155,0.342,0.944,0.323,0.434;aaaaaaaaaa;
a;0.964,0.833,0.251,0.662,0.0899,0.824,0.918,0.434,0.119,0.959;aa;
aa;0.491,0.668,0.856,0.543,0.521,0.154,0.764,0.544,0.678,0.731;aaaaaa;
a;0.743,0.474,0.843,0.424,0.119,0.117,0.701,0.0289,0.874,0.486;aaaaaaaaaa;
aa;0.282,0.369,0.56,0.742,0.544,0.393,0.269,0.961,0.852,0.0997;aaaaaaaaa;
aa;0.282,0.841,0.622,0.496,0.0679,0.804,0.361,0.317,0.884,0.167;aaaaaaa;
a;0.0818,0.513,0.608,0.0337,0.0111,0.449,0.811,0.14,0.388,0.616;aaaaaaa;
aa;0.0608,0.886,0.76,0.412,0.934,0.236,0.291,0.666,0.399,0.654;aaaa;
aa;0.702,0.0306,0.000413,0.82,0.0188,0.199,0.497,0.569,0.563,0.71;aaaaa;
aa;0.692,0.862,0.0439,0.359,0.96,0.253,0.721,0.473,0.625,0.584;aaaaaa;
aa;0.399,0.208,0.95,0.787,0.868,0.436,0.55,0.112,0.808,0.288;aaaa;
a;0.474,0.0946,0.561,0.803,0.531,0.939,0.872,0.697,0.81,0.327;aaaa;
a;0.749,0.775,0.691,0.53,0.0558,1,0.615,0.911,0.108,0.0455;aaaaaaaaa;
aa;0.993,0.228,0.847,0.415,0.879,0.0721,0.843,0.499,0.996,0.386;aaaaaaaaaa;
aa;0.404,0.42,0.503,0.815,0.833,0.904,0.447,0.975,0.958,0.753;aaaaa;
aa;0.76,0.182,0.218,0.264,0.136,0.904,0.27,0.815,0.351,0.4;a;
a;0.0292,0.0789,0.395,0.612,0.741,0.561,0.442,0.458,0.47,0.859;aa;
a;0.545,0.529,0.1,0.128,0.938,0.29,0.582,0.923,0.416,0.228;aaaaaaaaa;
a;0.715,0.0301,0.924,0.753,0.4,0.957,0.923,0.286,0.548,0.642;aa;
aa;0.556,0.288,0.417,0.576,0.0446,0.897,0.104,0.492,0.309,0.144;aaaaaaaa;
aa;0.445,0.418,0.73,0.178,0.294,0.545,0.605,0.333,0.0467,0.889;aaa;
aa;0.947,0.151,0.0917,0.537,0.086,0.0619,0.933,0.946,0.279,0.144;aaaaaa;
aa;0.782,0.608,0.104,0.263,0.0616,0.884,0.451,0.0559,0.94,0.44;aaaaaaaaaa;
aa;0.13,0.883,0.806,0.455,0.269,0.0876,0.057,0.39,0.233,0.599;aaaaaa;
a;0.361,0.00195,0.31,0.438,0.083,0.959,0.675,0.38,0.445,0.301;aaa;
a;0.261,0.322,0.336,0.0667,0.664,0.368,0.32,0.522,0.388,0.461;aaaaaaaa;
a;0.949,0.645,0.138,0.541,0.77,0.949,0.971,0.307,0.0171,0.948;a;
aa;0.232,0.107,0.903,0.203,0.00163,0.383,0.0252,0.555,0.91,0.269;aaaaa;
a;0.563,0.512,0.631,0.175,0.146,0.492,0.896,0.842,0.58,0.125;aaaa;
a;0.828,0.874,0.997,0.718,0.00288,0.7,0.703,0.142,0.513,0.536;aaaaa;
aa;0.642,0.404,0.983,0.61,0.972,0.747,0.246,0.877,0.192,0.719;aaaaaaaaa;
aa;0.249,0.871,0.368,0.763,0.571,0.49,0.62,0.384,0.381,0.27;aaaaaaa;
aa;0.537,0.442,0.536,0.794,0.193,0.403,0.831,0.442,0.0951,0.377;aa;
aa;0.594,0.24,0.966,0.329,0.881,0.971,0.114,0.302,0.522,0.544;aaaaa;
a;0.759,0.202,0.334,0.372,0.126,0.415,0.323,0.218,0.616,0.0798;aaaaaaa;
aa;0.88,0.861,0.313,0.364,0.432,0.368,0.581,0.917,0.384,0.0223;aaaaaaaa;
a;0.801,0.328,0.387,0.759,0.67,0.0138,0.0495,0.18,0.0775,0.286;aaaaa;
a;0.561,0.0168,0.498,0.736,0.131,0.536,0.343,0.458,0.904,0.137;aaaa;
aa;0.98,0.168,0.183,0.985,0.985,0.933,0.877,0.924,0.698,0.0818;aaaaaaaaaa;
a;0.0865,0.765,0.0349,0.00788,0.81,0.847,0.242,0.241,0.411,0.631;aaaaaaaa;
aa;0.825,0.724,0.868,0.55,0.588,0.417,0.612,0.458,0.796,0.95;aaaaaaaaa;
a;0.262,0.966,0.155,0.279,0.766,0.931,0.872,0.235,0.589,0.675;aaaaaa;
aa;0.246,0.111,0.467,0.772,0.537,0.292,0.453,0.0355,0.179,0.0785;aa;
aa;0.567,0.407,0.799,0.146,0.181,0.424,0.844,0.481,0.45,0.281;aaaaaaaaa;
aa;0.0749,0.636,0.649,0.469,0.286,0.676,0.012,0.242,0.803,0.413;aaaaaaaaa;
a;0.124,0.598,0.332,0.736,0.344,0.893,0.834,0.492,0.702,0.439;aaaa;
a;0.609,0.00946,0.542,0.183,0.858,0.266,0.288,0.613,0.513,0.612;a;
aa;0.675,0.816,0.684,0.444,0.882,0.592,0.0552,0.392,0.487,0.747;aaaaaaaa;
a;0.378,0.992,0.71,0.23,0.47,0.118,0.147,0.66,0.578,0.435;aaaaaa;
a;0.68,0.21,0.951,0.939,0.549,0.784,0.091,0.651,0.122,0.624;aaaaaa;
a;0.666,0.976,0.678,0.204,0.109,0.802,0.0186,0.944,0.71,0.0517;aaaaaaaaa;
a;0.943,0.143,0.838,0.75,0.434,0.324,0.0336,0.493,0.886,0.737;aaaaaa;
a;0.789,0.302,0.227,0.993,0.793,0.05,0.516,0.532,0.819,0.479;aaaaaa;
a;0.673,0.66,0.947,0.885,0.633,0.524,0.392,0.243,0.0717,0.9;aa;
aa;0.873,0.826,0.45,0.179,0.224,0.736,0.608,0.681,0.745,0.828;aa;
aa;0.156,0.281,0.0141,0.2,0.852,0.258,0.683,0.408,0.328,0.599;aaaaa;
a;0.386,0.778,0.639,0.332,0.00148,0.697,0.279,0.632,0.57,0.249;aa;
a;0.55,0.815,0.982,0.0164,0.904,0.503,0.277,0.795,0.745,0.681;aaa;
aa;0.304,0.276,0.86,0.174,0.902,0.393,0.331,0.852,0.831,0.869;aa;
aa;0.0841,0.711,0.54,0.224,0.634,0.134,0.679,0.541,0.621,0.668;aaaa;
aa;0.246,0.758,0.955,0.626,0.769,0.807,0.766,0.0368,0.552,0.338;aaaaa;
a;0.134,0.56,0.133,0.24,0.263,0.427,0.455,0.00331,0.551,0.0105;aaaaaaa;
a;0.315,0.785,0.0406,0.212,0.14,0.0186,0.00508,0.951,0.744,0.452;aaaaaaa;
aa;0.386,0.581,0.373,0.692,0.384,0.146,0.834,0.865,0.265,0.493;a;
a;0.478,0.877,0.207,0.3,0.568,0.86,0.906,0.772,0.36,0.507;aaaaaaaa;
a;0.281,0.0362,0.377,0.77,0.403,0.423,0.661,0.372,0.532,0.0819;aaaaa;
a;0.0375,0.122,0.83,0.467,0.271,0.142,0.112,0.236,0.761,0.912;aaaa;
aa;0.0744,0.947,0.346,0.637,0.722,0.295,0.909,0.227,0.924,0.537;aaaaaaaa;
a;0.804,0.115,0.751,0.458,0.0724,0.806,0.487,0.775,0.692,0.524;aaaaa;
aa;0.33,0.997,0.855,0.37,0.981,0.896,0.122,0.726,0.594,0.544;aaa;
aa;0.398,0.942,0.935,0.208,0.975,0.92,0.392,0.428,0.112,0.517;aaaaaaa;
a;0.224,0.949,0.3,0.566,0.688,0.842,0.284,0.0931,0.628,0.119;a;
aa;0.0347,0.0296,0.909,0.285,0.162,0.141,0.375,0.961,0.352,0.789;aaaaaaaaaa;
a;0.276,0.327,0.871,0.932,0.435,0.774,0.782,0.405,0.666,0.0794;aaaaaaaaa;
aa;0.915,0.482,0.548,0.201,0.829,0.641,0.795,0.526,0.146,0.993;aaaaaaaaa;
a;0.625,0.522,0.818,0.711,0.0648,0.437,0.652,0.242,0.988,0.642;aaaaaaa;
aa;0.312,0.576,0.799,0.885,0.946,0.672,0.847,0.996,0.575,0.308;aaaaaaa;
a;0.0205,0.683,0.79,0.873,0.575,0.597,0.194,0.52,0.232,0.986;aaa;
a;0.235,0.387,0.765,0.263,0.985,0.0801,0.581,0.11,0.12,0.774;aaa;
a;0.537,0.328,0.447,0.336,0.833,0.084,0.259,0.322,0.728,0.436;a;
a;0.312,0.353,0.202,0.0711,0.269,0.542,0.987,0.586,0.0899,0.79;aaaaaaaa;
aa;0.239,0.576,0.46,0.266,0.437,0.359,0.74,0.384,0.0685,0.056;aaaa;
a;0.113,0.148,0.0394,0.508,0.425,0.81,0.0855,0.32,0.632,0.996;aaaaaaaaaa;
aa;0.288,0.026,0.684,0.00476,0.447,0.853,0.194,0.71,0.769,0.75;a;
aa;0.431,0.603,0.293,0.398,0.276,0.595,0.717,0.884,0.35,0.906;aaaaaa;
a;0.944,0.385,0.794,0.98,0.452,0.00418,0.482,0.41,0.749,0.798;aaaaaaaaa;
aa;0.516,0.366,0.774,0.977,0.9,0.388,0.543,0.148,0.555,0.33;aaaa;
a;0.309,0.823,0.795,0.188,0.663,0.63,0.149,0.436,0.646,0.492;aaaaaaaa;
a;0.688,0.814,0.747,0.53,0.477,0.468,0.97,0.136,0.848,0.0257;aaaaaaaa;
a;0.598,0.231,0.781,0.458,0.0493,0.0614,0.771,0.393,0.0599,0.994;aa;
aa;0.992,0.944,0.266,0.0862,0.477,0.469,0.123,0.675,0.4,0.819;aaaaaaaa;
a;0.514,0.49,0.913,0.657,0.884,0.144,0.38,0.475,0.122,0.227;aaaaaaaaaa;
aa;0.47,0.905,0.303,0.56,0.518,0.00776,0.406,0.0973,0.681,0.886;aaaaaaaaaa;
a;0.419,0.0136,0.686,0.0046,0.758,0.256,0.878,0.728,0.333,0.87;a;
aa;0.877,0.25,0.0959,0.319,0.329,0.55,0.45,0.369,0.317,0.912;aaaaaaa;
aa;0.449,0.101,0.334,0.0644,0.254,0.707,0.619,0.455,0.00523,0.166;a;
aa;0.851,0.64,0.28,0.356,0.507,0.253,0.101,0.532,0.125,0.192;aaaaaa;
aa;0.389,0.993,0.848,0.646,0.576,0.349,0.184,0.539,0.106,0.949;aaaa;
a;0.83,0.239,0.0423,0.168,0.936,0.14,0.328,0.856,0.481,0.828;aaa;
aa;0.863,0.438,0.0398,0.803,0.132,0.852,0.451,0.374,0.725,0.713;aaaaaaaaaa;
aa;0.435,0.165,0.182,0.105,0.00939,0.0633,0.689,0.417,0.819,0.469;aaaaaa;
a;0.656,0.985,0.263,0.766,0.793,0.173,0.804,0.306,0.208,0.265;aaaaaaaaaa;
aa;0.0653,0.775,0.754,0.663,0.0904,0.955,0.444,0.534,0.71,0.0439;aa;
aa;0.569,0.648,0.932,0.719,0.921,0.117,0.308,0.959,0.903,0.0928;aaaaaaaaa;
a;0.309,0.677,0.487,0.608,0.801,0.0264,0.364,0.308,0.0936,0.781;aaaaaaaaa;
aa;0.14,0.347,0.302,0.153,0.398,0.709,0.187,0.15,0.474,0.997;aa;
a;0.409,0.401,0.438,0.303,0.322,0.0321,0.569,0.73,0.921,0.45;aaa;
aa;0.154,0.562,0.879,0.785,0.899,0.189,0.343,0.38,0.0281,0.496;aaa;
aa;0.54,0.858,0.236,0.585,0.856,0.961,0.789,0.0193,0.576,0.259;aaaaaa;
a;0.216,0.849,0.693,0.953,0.405,0.635,0.804,0.216,0.228,0.977;aaaaa;
a;0.123,0.422,0.527,0.245,0.77,0.482,0.363,0.81,0.435,0.508;aaa;
aa;0.473,0.602,0.676,0.437,0.773,0.422,0.769,0.847,0.103,0.405;aaaaaaaa;
aa;0.743,0.755,0.0458,0.74,0.458,0.0586,0.901,0.713,0.644,0.426;aaaaaaa;
a;0.565,0.245,0.0162,0.585,0.248,0.397,0.634,0.89,0.157,0.999;a;
a;0.959,0.235,0.183,0.434,0.334,0.857,0.238,0.0662,0.696,0.792;aaaaaaaaa;
a;0.109,0.236,0.278,0.684,0.453,0.194,0.187,0.975,0.45,0.801;aaaaa;
aa;0.316,0.392,0.669,0.938,0.898,0.25,0.094,0.446,0.139,0.0869;aaa;
a;0.238,0.129,0.751,0.0965,0.504,0.11,0.166,0.268,0.778,0.451;aaaaaaaaaa;
aa;0.143,0.908,0.152,0.202,0.267,0.913,0.262,0.19,0.745,0.161;aa;
aa;0.586,0.802,0.862,0.413,0.916,0.265,0.71,0.54,0.97,0.507;a;
a;0.0911,0.571,0.128,0.0762,0.515,0.543,0.0688,0.00138,0.521,0.0454;aaa;
aa;0.391,0.413,0.0245,0.249,0.00354,0.469,0.575,0.722,0.502,0.334;aa;
a;0.824,0.794,0.778,0.223,0.895,0.748,0.62,0.828,0.744,0.148;aaaaaaa;
aa;0.99,0.0277,0.413,0.801,0.35,0.166,0.601,0.967,0.83,0.78;aaaaaaa;
a;0.0841,0.232,0.418,0.651,0.232,0.887,0.754,0.0279,0.875,0.762;aaaaaaaa;
a;0.0248,0.012,0.393,0.486,0.676,0.716,0.999,0.999,0.906,0.713;aaaaaaa;
a;0.164,0.622,0.38,0.895,0.951,0.661,0.666,0.258,0.541,0.348;aa;
aa;0.657,0.789,0.704,0.452,0.844,0.613,0.817,0.673,0.296,0.662;a;
aa;0.664,0.496,0.754,0.913,0.959,0.189,0.65,0.557,0.276,0.427;aaaaaaaa;
aa;0.293,0.901,0.813,0.0325,0.278,0.757,0.242,0.575,0.00151,0.469;aaaa;
a;0.941,0.358,0.99,0.18,0.537,0.408,0.473,0.184,0.149,0.886;aaaaa;
aa;0.261,0.457,0.825,0.927,0.901,0.448,0.0233,0.349,0.847,0.0889;aaaa;
aa;0.438,0.316,0.466,0.84,0.169,0.406,0.449,0.685,0.219,0.144;aaaaaaaaa;
a;0.447,0.665,0.796,0.366,0.343,0.999,0.0824,0.497,0.79,0.266;aaaaaaaaa;
aa;0.751,0.306,0.981,0.71,0.965,0.134,0.434,0.562,0.00797,0.423;aa;
a;0.313,0.473,0.613,0.421,0.638,0.684,0.423,0.959,0.801,0.585;aaaaa;
a;0.763,0.612,0.996,0.848,0.453,0.784,0.785,0.695,0.745,0.621;aa;
aa;0.0474,0.251,0.931,0.232,0.0804,0.639,0.426,0.0844,0.183,0.431;a;
a;0.153,0.124,0.738,0.658,0.366,0.552,0.926,0.171,0.941,0.0728;aaaaaaaaa;
a;0.313,0.0206,0.741,0.758,0.585,0.129,0.185,0.281,0.495,0.792;aaaa;
a;0.729,0.854,0.249,0.897,0.769,0.612,0.917,0.889,0.328,0.888;aaa;
a;0.538,0.145,0.6,0.942,0.0608,0.366,0.429,0.605,0.594,0.0682;aaaa;
aa;0.194,0.596,0.696,0.274,0.0748,0.165,0.984,0.881,0.73,0.766;aaaaaaaa;
aa;0.668,0.869,0.223,0.671,0.21,0.0357,0.324,0.892,0.2,0.502;aaaaa;
a;0.698,0.864,0.814,0.278,0.487,0.937,0.717,0.668,0.441,0.747;aaaaaaa;
a;0.3,0.545,0.965,0.0782,0.367,0.408,0.187,0.127,0.073,0.556;aaaaa;
a;0.546,0.394,0.961,0.339,1,0.596,0.542,0.407,0.394,0.88;aaaaa;
a;0.0779,0.786,0.252,0.872,0.0232,0.669,0.292,0.94,0.285,0.931;aaaaaaa;
a;0.357,0.331,0.983,0.831,0.796,0.44,0.808,0.86,0.704,0.776;a;
a;0.0716,0.0476,0.297,0.16,0.333,0.14,0.0176,0.0615,0.134,0.739;a;
a;0.735,0.931,0.359,0.666,0.474,0.997,0.206,0.317,0.143,0.944;aaaaa;
aa;0.579,0.43,0.0765,0.157,0.148,0.0474,0.885,0.326,0.341,0.753;aaaaa;
a;0.057,0.566,0.106,0.042,0.846,0.732,0.499,0.461,0.545,0.816;aaaaaa;
aa;0.368,0.974,0.403,0.132,0.722,0.309,0.0661,0.15,0.905,0.552;aaa;
a;0.243,0.138,0.912,0.443,0.59,0.778,0.989,0.991,0.571,0.7;aaaaa;
a;0.874,0.667,0.856,0.403,0.176,0.802,0.163,0.0632,0.503,0.599;aaaaa;
aa;0.699,0.819,0.197,0.843,0.544,0.0901,0.149,0.499,0.178,0.869;aaaaaaaaa;
a;0.264,0.694,0.67,0.724,0.394,0.619,0.515,0.422,0.168,0.959;aaaaa;
a;0.114,0.821,0.85,0.0574,0.795,0.811,0.275,0.542,0.208,0.697;aaaaaaa;
aa;0.64,0.825,0.822,0.398,0.0319,0.0503,0.599,0.127,0.242,0.377;aaaaaaaaaa;
aa;0.0956,0.361,0.266,0.316,0.382,0.278,0.788,0.891,0.527,0.475;aaaaaaaa;
a;0.742,0.926,0.389,0.845,0.772,0.826,0.399,0.658,0.349,0.421;aa;
aa;0.27,0.81,0.796,0.604,0.0552,0.198,0.645,0.299,0.79,0.211;aaaaaaa;
aa;0.552,0.648,0.17,0.517,0.583,0.0443,0.277,0.216,0.229,0.299;aaaaaaaa;
aa;0.209,0.254,0.0273,0.3,0.456,0.922,0.633,0.966,0.0172,0.904;a;
a;0.103,0.0853,0.783,0.186,0.7,0.884,0.902,0.951,0.035,0.265;aaaaaa;
aa;0.422,0.281,0.44,0.38,0.0872,0.605,0.491,0.305,0.838,0.643;aaaaaaa;
aa;0.802,0.848,0.275,0.0242,0.629,0.741,0.816,0.3,0.913,0.473;aaaaaaaa;
aa;0.739,0.959,0.736,0.494,0.0795,0.852,0.605,0.496,0.207,0.815;aaaaaaa;
a;0.176,0.246,0.338,0.528,0.353,0.937,0.791,0.589,0.343,0.362;aaaaaaaaa;
a;0.339,0.888,0.692,0.874,0.159,0.269,0.185,0.768,0.62,0.818;aaaaaaaaaa;
a;0.978,0.485,0.372,0.844,0.315,0.377,0.51,0.0557,0.365,0.267;aaaaaaaa;
aa;0.0528,0.196,0.287,0.412,0.71,0.85,0.208,0.326,0.224,0.735;aaaaa;
aa;0.12,0.898,0.454,0.953,0.985,0.158,0.0474,0.373,0.372,0.852;aaaaaaaaaa;
aa;0.302,0.826,0.907,0.193,0.127,0.973,0.247,0.505,0.965,0.71;aa;
a;0.81,0.853,0.445,0.541,0.0313,0.591,0.903,0.457,0.907,0.409;aaaaa;
aa;0.367,0.745,0.155,0.106,0.299,0.975,0.103,0.0945,0.901,0.681;aaaaaa;
aa;0.288,0.85,0.733,0.00688,0.648,0.0651,0.927,0.385,0.251,0.58;aaaaaa;
a;0.578,0.787,0.717,0.058,0.687,0.347,0.164,0.654,0.0444,0.853;aaaaaaaaaa;
aa;0.0852,0.857,0.759,0.149,0.145,0.945,0.0244,0.469,0.81,0.826;a;
aa;0.807,0.375,0.888,0.323,0.279,0.254,0.696,0.864,0.128,0.606;aaaaaaaaaa;
a;0.118,0.833,0.591,0.935,0.128,0.513,0.975,0.449,0.0431,0.951;aaaaaaa;
aa;0.15,0.162,0.172,0.249,0.824,0.609,0.344,0.821,0.371,0.0599;aaaaaa;
a;0.421,0.957,0.0709,0.828,0.272,0.294,0.17,0.984,0.458,0.0688;aaaa;
a;0.12,0.982,0.71,0.35,0.891,0.303,0.544,0.731,0.755,0.766;aaaaaaa;
aa;0.182,0.223,0.907,0.395,0.341,0.59,0.248,0.961,0.689,0.541;aaaaaaaaa;
aa;0.915,0.523,0.237,0.774,0.61,0.0549,0.709,0.103,0.455,0.74;aa;
aa;0.0365,0.0955,0.575,0.512,0.705,0.224,0.533,0.229,0.466,0.918;aaaaaaa;
a;0.86,0.265,0.791,0.957,0.649,0.989,0.323,0.337,0.17,0.099;aaaa;
a;0.917,0.0481,0.608,0.172,0.541,0.694,0.671,0.815,0.505,0.235;aaaaa;
a;0.453,0.11,0.333,0.97,0.7,0.221,0.191,0.427,0.911,0.898;aaa;
aa;0.255,0.378,0.269,0.279,0.214,0.0103,0.189,0.457,0.717,0.986;aaa;
a;0.387,0.0242,0.411,0.768,0.253,0.451,0.692,0.843,0.359,0.172;aaaaaaaaa;
aa;0.845,0.346,0.122,0.207,0.209,0.488,0.621,0.00411,0.788,0.706;aaaaaaaaaa;
a;0.229,0.166,0.356,0.95,0.761,0.613,0.291,0.508,0.968,0.584;aaaaaaa;
a;0.167,0.091,0.666,0.158,0.168,0.123,0.603,0.961,0.223,0.377;aaaaaa;
a;0.368,0.789,0.939,0.702,0.554,0.326,0.0584,0.705,0.0974,0.9;aaaaaaaaa;
aa;0.941,0.638,0.792,0.0755,0.468,0.715,0.339,0.455,0.997,0.617;a;
aa;0.717,0.909,0.833,0.409,0.0545,0.654,0.831,0.581,0.847,0.345;aaaaaaa;
aa;0.315,0.956,0.763,0.474,0.312,0.464,0.0744,0.233,0.413,0.763;aaaaaaaa;
aa;0.137,0.268,0.531,0.36,0.981,0.67,0.913,0.476,0.761,0.161;aaaaaa;
aa;0.242,0.12,0.237,0.119,0.888,0.416,0.0954,0.703,0.267,0.48;aaaaaaaaaa;
a;0.298,0.854,0.238,0.0529,0.0827,0.6,0.57,0.243,0.0908,0.933;aaaaaaaaa;
aa;0.149,0.851,0.287,0.579,0.354,0.697,0.8,0.16,0.834,0.181;aaaaaaaa;
aa;0.265,0.517,0.135,0.368,0.779,0.68,0.397,0.74,0.265,0.438;aaaa;
aa;0.106,0.212,0.269,0.527,0.096,0.502,0.323,0.291,0.447,0.424;a;
aa;0.705,0.813,0.45,0.585,0.0786,0.396,0.89,0.0581,0.752,0.465;aaaaaaaaaa;
aa;0.36,0.401,0.762,0.786,0.447,0.974,0.828,0.0653,0.573,0.855;a;
aa;0.696,0.385,0.913,0.995,0.929,0.326,0.353,0.178,0.26,0.516;aaaaaaaaaa;
a;0.338,0.359,0.644,0.283,0.239,0.923,0.761,0.656,0.885,0.256;aa;
aa;0.856,0.262,0.0856,0.309,0.996,0.169,0.4,0.944,0.242,0.399;aaaaaa;
a;0.507,0.634,0.719,0.405,0.884,0.749,0.318,0.453,0.398,0.00389;aaaaaaaaaa;
aa;0.483,0.355,0.322,0.995,0.695,0.603,0.903,0.688,0.103,0.919;aaaaaa;
aa;0.274,0.577,0.697,0.0645,0.646,0.326,0.948,0.657,0.548,0.199;aaa;
aa;0.212,0.112,0.953,0.534,0.978,0.224,0.942,0.763,0.341,0.32;aaaaaaaaaa;
a;0.208,0.16,0.43,0.118,0.468,0.483,0.137,0.242,0.7,0.786;aa;
a;0.635,0.107,0.248,0.194,0.129,0.274,0.352,0.31,0.333,0.716;aaaaaaaa;
aa;0.435,0.918,0.897,0.791,0.0145,0.939,0.437,0.276,0.197,0.386;aaaaa;
aa;0.919,0.667,0.65,0.939,0.231,0.226,0.73,0.533,0.488,0.854;aaaaaaaaaa;
a;0.582,0.539,0.689,0.0479,0.72,0.413,0.346,0.943,0.98,0.867;aaaaaaaa;
aa;0.618,0.37,0.221,0.878,0.635,0.657,0.766,0.0295,0.674,0.783;aaaa;
aa;0.00705,0.227,0.316,0.0373,0.0883,0.0467,0.595,0.446,0.507,0.621;aaaa;
aa;0.47,0.255,0.231,0.364,0.418,0.564,0.679,0.339,0.47,0.901;aaaa;
a;0.691,0.306,0.166,0.957,0.0714,0.797,0.529,0.946,0.804,0.882;aaaaaaa;
aa;0.0744,0.978,0.634,0.972,0.0119,0.154,0.611,0.502,0.553,0.165;aaaaaaa;
aa;0.0589,0.811,0.093,0.592,0.3,0.869,0.246,0.4,0.107,0.841;aaaaaaaaaa;
aa;0.578,0.339,0.813,0.266,0.258,0.405,0.362,0.914,0.816,0.25;aa;
aa;0.159,0.422,0.0705,0.0155,0.415,0.669,0.665,0.451,0.134,0.906;a;
a;0.623,0.908,0.903,0.962,0.083,0.484,0.205,0.584,0.677,0.918;aaaaaaaa;
aa;0.601,0.265,0.384,0.193,0.683,0.889,0.307,0.5,0.58,0.349;aaaaaaaaaa;
aa;0.136,0.627,0.837,0.707,0.41,0.966,0.749,0.117,0.0109,0.943;aaaaa;
a;0.0226,0.695,0.105,0.864,0.768,0.55,0.545,0.18,0.763,0.116;aaaaaaaa;
a;0.76,0.31,0.0531,0.112,0.724,0.175,0.631,0.226,0.24,0.0257;aaaaaa;
a;0.702,0.815,0.511,0.276,0.441,0.886,0.522,0.148,0.367,0.231;aaa;
aa;0.821,0.0859,0.79,0.638,0.0983,0.867,0.281,0.153,0.608,0.688;aaaaa;
a;0.948,0.23,0.469,0.815,0.295,0.162,0.481,0.52,0.504,0.998;a;
aa;0.414,0.431,0.597,0.353,0.218,0.482,0.00164,0.142,0.0422,0.131;aaaaaaaaa;
aa;0.547,0.356,0.61,0.123,0.507,0.658,0.369,0.931,0.62,0.743;aaaa;
a;0.776,0.683,0.47,0.499,0.618,0.457,0.77,0.116,0.649,0.267;aaaaaaaaaa;
a;0.207,0.15,0.11,0.382,0.309,0.223,0.0911,0.126,0.589,0.848;aaaaa;
a;0.568,0.0987,0.503,0.412,0.857,0.924,0.626,0.293,0.0962,0.404;aaaaaaaaa;
aa;0.381,0.69,0.465,0.0815,0.996,0.454,0.986,0.158,0.00898,0.228;aaaa;
aa;0.797,0.663,0.676,0.93,0.693,0.619,0.0082,0.718,0.635,0.388;aaaaa;
a;0.97,0.72,0.588,0.64,0.889,0.000971,0.317,0.801,0.358,0.819;aa;
a;0.0694,0.0809,0.537,0.843,0.974,0.665,0.658,0.829,0.337,0.944;aaaaaaaaa;
a;0.348,0.241,0.248,0.781,0.781,0.329,0.00355,0.357,0.0851,0.772;aaaaaaa;
a;0.0116,0.91,0.0735,0.982,0.807,0.0158,0.329,0.503,0.315,0.242;aaaaaaa;
a;0.0222,0.635,0.966,0.72,0.353,0.75,0.27,0.00806,0.902,0.0636;aaaaaaaa;
aa;0.919,0.653,0.306,0.569,0.829,0.422,0.7,0.301,0.196,0.587;aaaaa;
aa;0.317,0.105,0.964,0.765,0.731,0.496,0.156,0.789,0.884,0.274;a;
aa;0.356,0.888,0.0788,0.19,0.649,0.217,0.472,0.525,0.428,0.122;aaaaaaa;
aa;0.777,0.153,0.721,0.419,0.539,0.618,0.712,0.64,0.952,0.304;a;
a;0.299,0.0233,0.556,0.956,0.0917,0.487,0.292,0.239,0.633,0.569;aaaa;
a;0.998,0.275,0.506,0.415,0.364,0.204,0.0196,0.967,0.769,0.931;aaaaaaa;
aa;0.649,0.106,0.924,0.389,0.419,0.358,0.949,0.803,0.928,0.761;aaaaaaa;
a;0.35,0.174,0.622,0.705,0.0744,0.658,0.231,0.69,0.966,0.108;aaaaaaa;
aa;0.257,0.12,0.102,0.686,0.0494,0.827,0.976,0.903,0.373,0.518;aaaaaaaa;
a;0.061,0.349,0.279,0.432,0.164,0.844,0.918,0.506,0.269,0.324;aaaa;
aa;0.822,0.283,0.479,0.839,0.9,0.91,0.157,0.0938,0.835,0.7;aaaaaaaaaa;
aa;0.35,0.21,0.584,0.988,0.948,0.609,0.472,0.965,0.625,0.0629;aaaaaaa;
aa;0.897,0.134,0.555,0.31,0.3,0.169,0.0651,0.14,0.929,0.991;aaaaaaaa;
a;0.909,0.403,0.82,0.652,0.944,0.943,0.146,0.136,0.122,0.714;aaaaaaa;
aa;0.344,0.739,0.655,0.104,0.0791,0.88,0.105,0.183,0.433,0.396;aaaaaaaa;
a;0.0592,0.844,0.0305,0.965,0.752,0.203,0.881,0.47,0.127,0.269;aaa;
a;0.409,0.728,0.159,0.738,0.861,0.717,0.955,0.271,0.0073,0.566;aaaaaaaa;
a;0.268,0.39,0.534,0.113,0.894,0.43,0.362,0.495,0.756,0.441;aaaaaaaa;
a;0.23,0.0627,0.778,0.581,0.384,0.0727,0.561,0.71,0.00693,0.611;aaaaaaaaa;
a;0.531,0.29,0.667,0.958,0.51,0.0313,0.809,0.962,0.932,0.334;aaaa;
a;0.831,0.906,0.419,0.588,0.486,0.675,0.334,0.641,0.903,0.511;aaaaaa;
a;0.186,0.223,0.5,0.555,0.314,0.34,0.0352,0.131,0.44,0.343;aaaaaaa;
a;0.293,0.2,0.565,0.615,0.16,0.102,0.545,0.344,0.968,0.553;aaaaaaaa;
aa;0.359,0.748,0.463,0.645,0.406,0.46,0.404,0.117,0.686,0.627;aaa;
aa;0.381,0.0352,0.0505,0.322,0.316,0.422,0.162,0.595,0.747,0.156;a;
a;0.523,0.815,0.724,0.0313,0.227,0.994,0.466,0.25,0.543,0.616;aa;
a;0.587,0.446,0.915,0.398,0.926,0.771,0.936,0.684,0.671,0.22;aaaaaaa;
aa;0.351,0.0143,0.218,0.947,0.897,0.224,0.445,0.679,0.435,0.982;aaaaaaaa;
aa;0.869,0.598,0.0763,0.567,0.916,0.581,0.544,0.736,0.343,0.556;aaa;
aa;0.349,0.0691,0.573,0.634,0.354,0.532,0.495,0.299,0.183,0.505;aaaa;
aa;0.322,0.645,0.626,0.739,0.568,0.0361,0.868,0.489,0.869,0.0641;aa;
aa;0.647,0.71,0.232,0.521,0.206,0.352,0.102,0.789,0.779,0.868;aaaa;
aa;0.0858,0.883,0.014,0.0016,0.585,0.771,0.886,0.445,0.891,0.865;aaaaaaaaa;
a;0.547,0.593,0.478,0.289,0.216,0.865,0.0484,0.457,0.963,0.491;aa;
a;0.365,0.43,0.931,0.0378,0.985,0.32,0.43,0.649,0.354,0.809;aa;
a;0.738,0.097,0.645,0.0714,0.415,0.0686,0.517,0.562,0.16,0.251;aaaa;
aa;0.661,0.142,0.318,0.797,0.272,0.167,0.521,0.434,0.0631,0.981;aa;
aa;0.94,0.303,0.896,0.907,0.731,0.44,0.804,0.98,0.483,0.834;aaaa;
aa;0.707,0.783,0.412,0.486,0.553,0.827,0.959,0.874,0.318,0.839;aaaaaaaaaa;
a;0.0959,0.194,0.74,0.659,0.547,0.439,0.888,0.85,0.941,0.188;a;
a;0.84,0.715,0.954,0.457,0.782,0.994,0.133,0.539,0.0498,0.798;aaaaaaa;
aa;0.359,0.831,0.655,0.158,0.324,0.499,0.692,0.283,0.826,0.945;aa;
a;0.228,0.522,0.707,0.999,0.742,0.151,0.739,0.156,0.927,0.269;aa;
a;0.0672,0.998,0.331,0.0812,0.54,0.352,0.797,0.176,0.437,0.812;aaa;
a;0.83,0.916,0.83,0.128,0.963,0.418,0.046,0.844,0.407,0.431;aaaaa;
aa;0.31,0.42,0.729,0.37,0.597,0.371,0.141,0.225,0.648,0.725;aaaaa;
a;0.799,0.596,0.364,0.236,0.013,0.979,0.735,0.305,0.249,0.0584;aaaaa;
aa;0.541,0.474,0.566,0.585,0.25,0.139,0.894,0.237,0.0862,0.00475;aaaaaaaaa;
aa;0.839,0.754,0.124,0.112,0.512,0.0174,0.281,0.692,0.836,0.438;aaaaaaaa;
aa;0.181,0.69,0.271,0.363,0.409,0.199,0.185,0.54,0.325,0.944;a;
aa;0.196,0.42,0.658,0.00137,0.43,0.122,0.544,0.0264,0.835,0.816;aa;
aa;0.0974,0.549,0.171,0.224,0.71,0.947,0.306,0.467,0.609,0.417;aaaaaaa;
a;0.663,0.77,0.0549,0.084,0.696,0.515,0.939,0.325,0.374,0.635;aa;
a;0.957,0.245,0.527,0.00649,0.864,0.409,0.935,0.0626,0.427,0.282;aaaaa;
aa;0.65,0.11,0.384,0.434,0.603,0.596,0.753,0.0721,0.514,0.0482;aaaaaaa;
aa;0.422,0.157,0.871,0.895,0.899,0.382,0.836,0.693,0.0843,0.396;aaaaaaaaa;
aa;0.174,0.52,0.417,0.161,0.932,0.589,0.699,0.802,0.0792,0.31;aa;
aa;0.564,0.463,0.486,0.444,0.353,0.425,0.534,0.784,0.253,0.134;aaaaaaaaa;
a;0.259,0.515,0.368,0.501,0.841,0.189,0.499,0.762,0.471,0.211;aaaaaaa;
aa;0.945,0.981,0.45,0.645,0.622,0.687,0.984,0.945,0.901,0.505;aaaa;
a;0.52,0.693,0.369,0.282,0.908,0.65,0.705,0.25,0.5,0.808;aaa;
a;0.829,0.435,0.289,0.403,0.0563,0.553,0.00247,0.848,0.476,0.506;aaaaaa;
aa;0.634,0.154,0.0474,0.61,0.281,0.164,0.886,0.441,0.437,0.675;aaaaaaaaa;
aa;0.83,0.017,0.471,0.371,0.222,0.986,0.626,0.622,0.0073,0.638;aa;
a;0.000174,0.402,0.904,0.103,0.67,0.943,0.637,0.375,0.876,0.329;aaaa;
a;0.473,0.821,0.572,0.253,0.262,0.177,0.0897,0.239,0.946,0.427;aaaaaaaaaa;
a;0.00216,0.81,0.405,0.247,0.959,0.859,0.25,0.111,0.483,0.373;aaaaaaaaa;
aa;0.786,0.776,0.864,0.663,0.687,0.304,0.201,0.237,0.504,0.318;aaa;
aa;0.752,0.926,0.946,0.0812,0.374,0.556,0.577,0.788,0.437,0.738;aa;
aa;0.389,0.968,0.035,0.553,0.273,0.275,0.877,0.169,0.568,0.801;aaaaaaaaa;
aa;0.0359,0.894,0.334,0.549,0.311,0.851,0.247,0.411,0.754,0.384;a;
a;0.909,0.0368,0.717,0.242,0.21,0.651,0.855,0.473,0.568,0.341;aaa;
a;0.813,0.596,0.775,0.0919,0.408,0.796,0.751,0.841,0.137,0.608;aaaaa;
a;0.235,0.293,0.604,0.694,0.358,0.287,0.611,0.258,0.843,0.449;aaaaaaaa;
a;0.794,0.402,0.046,0.024,0.0476,0.545,0.427,0.538,0.693,0.482;aaaaaaaa;
a;0.0599,0.983,0.562,0.623,0.0775,0.358,0.116,0.438,0.395,0.541;aaa;
a;0.333,0.528,0.529,0.586,0.197,0.608,0.903,0.0925,0.271,0.647;aaaaa;
a;0.0979,0.124,0.333,0.589,0.397,0.703,0.327,0.67,0.679,0.994;aaaa;
a;0.289,0.596,0.721,0.952,0.931,0.424,0.403,0.164,0.584,0.465;aaaaaa;
aa;0.662,0.376,0.435,0.787,0.748,0.837,0.0307,0.173,0.195,0.411;aaaaa;
aa;0.338,0.911,0.889,0.209,0.0426,0.427,0.15,0.112,0.595,0.431;a;
a;0.646,0.31,0.0351,0.814,0.776,0.728,0.386,0.846,0.955,0.312;aaaaaaaa;
a;0.946,0.996,0.468,0.974,0.861,0.342,0.942,0.455,0.00528,0.215;aaa;
a;0.256,0.539,0.842,0.869,0.947,0.296,0.151,0.0329,0.955,0.676;aaaa;
aa;0.504,0.997,0.426,0.921,0.883,0.878,0.765,0.544,0.172,0.724;aaaaaa;
aa;0.294,0.567,0.856,0.0691,0.281,0.12,0.589,0.369,0.92,0.734;aaaaaa;
aa;0.097,0.852,0.0968,0.144,0.142,0.0885,0.8,0.716,0.339,0.874;aaaaaaaa;
aa;0.518,0.52,0.545,0.913,0.214,0.655,0.0983,0.675,0.176,0.426;aaaa;
a;0.776,0.21,0.735,0.694,0.146,0.182,0.871,0.665,0.611,0.346;aaaaaa;
aa;0.83,0.834,0.395,0.695,0.775,0.641,0.0846,0.71,0.667,0.265;aaaaaaaaaa;
aa;0.648,0.753,0.63,0.778,0.148,0.135,0.132,0.462,0.173,0.938;aaaaaa;
aa;0.307,0.204,0.979,0.289,0.99,0.352,0.0635,0.145,0.155,0.14;a;
a;0.726,0.137,0.316,0.145,0.658,0.883,0.798,0.675,0.132,0.59;aaaaaaaaa;
a;0.163,0.453,0.548,0.116,0.911,0.22,0.748,0.545,0.00501,0.115;aa;
aa;0.178,0.709,0.303,0.618,0.0385,0.794,0.98,0.607,0.312,0.673;aa;
aa;0.872,0.683,0.603,0.225,0.0382,0.635,0.579,0.589,0.0861,0.76;aaaaaaaaaa;
aa;0.707,0.642,0.965,0.998,0.85,0.0162,0.525,0.0957,0.914,0.707;aaaaa;
a;0.669,0.442,0.912,0.519,0.232,0.842,0.611,0.837,0.564,0.459;aaaaaaaaa;
a;0.287,0.127,0.918,0.115,0.25,0.623,0.0199,0.152,0.096,0.618;a;
a;0.983,0.0117,0.0477,0.828,0.543,0.746,0.311,0.817,0.664,0.958;aaaaaaaa;
a;0.41,0.177,0.574,0.483,0.574,0.659,0.677,0.488,0.543,0.209;aaaaaa;
a;0.477,0.171,0.764,0.728,0.373,0.961,0.783,0.542,0.769,0.241;aaaa;
aa;0.55,0.372,0.548,0.46,0.508,0.0692,0.0451,0.382,0.394,0.868;aa;
a;0.27,0.68,0.94,0.9,0.682,0.549,0.0626,0.429,0.336,0.769;aaaaa;
aa;0.399,0.811,0.508,0.515,0.46,0.679,0.566,0.583,0.521,0.399;aaaaaaaaa;
a;0.038,0.213,0.943,0.575,0.944,0.127,0.866,0.807,0.53,0.0391;aaaaaaaaaa;
aa;0.35,0.42,0.625,0.517,0.0239,0.491,0.561,0.347,0.917,0.429;aaaa;
a;0.529,0.965,0.635,0.647,0.675,0.00605,0.617,0.792,0.569,0.0868;aaaaaaaa;
a;0.507,0.144,0.79,0.69,0.0433,0.652,0.927,0.743,0.307,0.0223;aa;
a;0.614,0.805,0.118,0.675,0.76,0.0349,0.671,0.28,0.456,0.707;aaaaaaaaaa;
aa;0.222,0.362,0.726,0.655,0.0238,0.199,0.772,0.722,0.00759,0.994;aaaaaaaaaa;
a;0.221,0.673,0.253,0.182,0.678,0.651,0.491,0.176,0.146,0.756;aaaaa;
a;0.924,0.571,0.866,0.22,0.985,0.416,0.386,0.00317,0.782,0.747;aaaaaaaa;
aa;0.718,0.762,0.718,0.493,0.151,0.638,0.946,0.219,0.765,0.537;a;
a;0.407,0.16,0.356,0.13,0.973,0.122,0.273,0.537,0.543,0.233;aaaaa;
aa;0.962,0.738,0.559,0.206,0.818,0.254,0.398,0.833,0.02,0.627;aaaaaaaaaa;
a;0.395,0.86,0.791,0.195,0.264,0.751,0.702,0.818,0.0288,0.289;aaa;
aa;0.48,0.703,0.467,0.429,0.299,0.54,0.38,0.378,0.152,0.115;aaaaa;
a;0.263,0.49,0.768,0.888,0.158,0.785,0.134,0.104,0.561,0.51;aaa;
a;0.128,0.954,0.374,0.971,0.991,0.924,0.625,0.785,0.825,0.186;aaaaaaaaa;
a;0.157,0.339,0.932,0.999,0.954,0.122,0.471,0.455,0.341,0.0776;aaaaa;
a;0.0415,0.0335,0.796,0.949,0.923,0.878,0.0193,0.504,0.689,0.654;aaaaaaaaa;
aa;0.0596,0.285,0.64,0.234,0.413,0.504,0.872,0.535,0.957,0.773;aaaaaa;
aa;0.183,0.825,0.244,0.965,0.564,0.413,0.377,0.822,0.857,0.758;aaaaaaa;
a;0.112,0.97,0.706,0.105,0.926,0.104,0.113,0.0673,0.345,0.506;aaaaaaa;
a;0.204,0.774,0.0499,0.541,0.373,0.224,0.33,0.00676,0.222,0.829;aaaaaaa;
aa;0.758,0.637,0.223,0.84,0.533,0.331,0.15,0.895,0.668,0.819;a;
aa;0.863,0.727,0.304,0.111,0.0897,0.228,0.192,0.336,0.621,0.462;aaaaaaaaaa;
a;0.429,0.461,0.573,0.913,0.055,0.152,0.401,0.546,0.336,0.365;aaaaaa;
a;0.846,0.234,0.447,0.784,0.0587,0.749,0.431,0.272,0.916,0.0464;aaaaaa;
a;0.443,0.766,0.646,0.546,0.591,0.102,0.834,0.43,0.397,0.742;aaaaaaa;
a;0.989,0.372,0.467,0.42,0.212,0.308,0.925,0.132,0.487,0.439;aaaa;
a;0.686,0.813,0.398,0.622,0.877,0.258,0.0106,0.836,0.743,0.54;aaaaa;
a;0.785,0.808,0.779,0.811,0.25,0.665,0.996,0.413,0.0935,0.98;aaaaaaaa;
a;0.231,0.465,0.945,0.589,0.17,0.217,0.968,0.607,0.226,0.718;aaaaaaaaa;
aa;0.852,0.651,0.113,0.806,0.677,0.504,0.0243,0.0169,0.805,0.753;a;
a;0.117,0.818,0.925,0.876,0.0226,0.808,0.0629,0.918,0.696,0.371;aaaaaaaaaa;
a;0.333,0.209,0.936,0.926,0.134,0.342,0.28,0.235,0.647,0.708;aaaa;
aa;0.577,0.671,0.469,0.814,0.203,0.00835,0.519,0.457,0.704,0.385;aaaa;
aa;0.783,0.885,0.347,0.781,0.921,0.533,0.803,0.365,0.426,0.731;aaaaaaa;
a;0.831,0.506,0.774,0.296,0.0349,0.568,0.854,0.728,0.624,0.88;aaaaaaa;
aa;0.458,0.635,0.169,0.483,0.15,0.657,0.673,0.29,0.238,0.397;aaaaaaaa;
aa;0.043,0.667,0.484,0.882,0.032,0.625,0.466,0.742,0.192,0.49;aa;
aa;0.689,0.533,0.16,0.929,0.802,0.2,0.105,0.37,0.598,0.713;aaaaaaaa;
a;0.968,0.487,0.0766,0.761,0.303,0.266,0.686,0.587,0.473,0.763;aaaa;
a;0.399,0.907,0.512,0.674,0.206,0.102,0.127,0.144,0.394,0.565;aaaaa;
aa;0.497,0.283,0.0135,0.198,0.379,0.729,0.807,0.693,0.517,0.672;aaa;
a;0.154,0.736,0.212,0.23,0.457,0.988,0.164,0.89,0.905,0.192;aaaaaaaaa;
aa;0.524,0.62,0.628,0.545,0.827,0.152,0.803,0.615,0.26,0.573;aaaaaaaa;
aa;0.994,0.577,0.697,0.321,0.304,0.62,0.218,0.148,0.316,0.63;aaaaaaaaaa;
a;0.718,0.995,0.891,0.942,0.288,0.0741,0.23,0.874,0.623,0.269;aaaa;
a;0.508,0.0666,0.762,0.0217,0.355,0.348,0.766,0.444,0.729,0.346;a;
aa;0.654,0.301,0.719,0.172,0.705,0.621,0.0852,0.00131,0.0523,0.28;aaaaaaa;
aa;0.497,0.31,0.745,0.0884,0.624,0.904,0.826,0.259,0.209,0.816;aaaa;
a;0.00874,0.773,0.885,0.493,0.818,0.962,0.367,0.836,0.262,0.468;aaaaaa;
a;0.101,0.2,0.6,0.0733,0.779,0.687,0.315,0.523,0.635,0.668;aaaa;
aa;0.2,0.117,0.479,0.177,0.597,0.68,0.325,0.837,0.344,0.384;aaaaa;
aa;0.0384,0.671,0.107,0.175,0.571,0.336,0.751,0.203,0.128,0.257;aaaaa;
aa;0.779,0.135,0.116,0.293,0.315,0.701,0.334,0.797,0.999,0.693;aa;
a;0.166,0.241,0.627,0.0671,0.469,0.899,0.0337,0.751,0.322,0.627;aa;
a;0.385,0.587,0.273,0.734,0.583,0.94,0.913,0.501,0.196,0.443;aaaaaa;
a;0.67,0.702,0.904,0.418,0.000893,0.865,0.429,0.37,0.112,0.495;aaaaaaa;
a;0.939,0.485,0.995,0.302,0.0497,0.689,0.67,0.255,0.69,0.538;aa;
a;0.957,0.771,0.623,0.835,0.72,0.657,0.116,0.918,0.404,0.205;aaaaaa;
aa;0.387,0.804,0.678,0.659,0.748,0.422,0.416,0.391,0.486,0.264;aaaaaaaaaa;
a;0.0933,0.867,0.565,0.986,0.254,0.236,0.611,0.336,0.816,0.221;aaa;
aa;0.169,0.789,0.196,0.431,0.248,0.576,0.836,0.122,0.225,0.25;aa;
aa;0.511,0.692,0.46,0.349,0.65,0.632,0.215,0.0994,0.807,0.353;aaaaaaaa;
a;0.347,0.217,0.212,0.201,0.654,0.347,0.407,0.346,0.892,0.329;aaaaaaa;
a;0.7,0.46,0.356,0.388,0.102,0.809,0.564,0.73,0.78,0.08;aaaaaaa;
a;0.732,0.573,0.216,0.209,0.407,0.187,0.636,0.304,0.592,0.548;aaaaaa;
a;0.617,0.495,0.115,0.0352,0.179,0.665,0.606,0.779,0.307,0.942;aaaaaaaaaa;
aa;0.172,0.869,0.582,0.903,0.0135,0.287,0.633,0.991,0.657,0.224;a;
aa;0.483,0.43,0.737,0.787,0.881,0.303,0.769,0.584,0.1,0.843;a;
aa;0.581,0.325,0.267,0.947,0.809,0.539,0.91,0.888,0.0842,0.817;aaaaaaaaaa;
aa;0.693,0.744,0.879,0.282,0.759,0.202,0.859,0.129,0.841,0.381;aa;
a;0.0222,0.845,0.381,0.73,0.9,0.307,0.0981,0.26,0.743,0.107;aaaaaaaa;
a;0.67,0.684,0.1,0.801,0.15,0.98,0.65,0.945,0.566,0.646;aaaaa;
aa;0.32,0.113,0.417,0.319,0.543,0.996,0.0745,0.662,0.448,0.603;aaaaa;
aa;0.228,0.0117,0.99,0.535,0.804,0.0391,0.114,0.148,0.0724,0.293;aaaaaaaaa;
aa;0.395,0.0766,0.153,0.851,0.724,0.683,0.135,0.138,0.962,0.289;a;
aa;0.188,0.26,0.0354,0.549,0.509,0.463,0.247,0.257,0.229,0.427;aaaaaaa;
a;0.851,0.577,0.846,0.556,0.933,0.19,0.788,0.82,0.175,0.206;aaaaa;
a;0.434,0.809,0.656,0.22,0.257,0.921,0.00796,0.0644,0.105,0.137;aaaaa;
aa;0.632,0.421,0.329,0.101,0.47,0.164,0.441,0.686,0.838,0.43;aaaaaaaaaa;
aa;0.351,0.852,0.909,0.679,0.161,0.407,0.171,0.933,0.227,0.0685;aaaaaaaaaa;
a;0.0343,0.868,0.741,0.758,0.664,0.389,0.677,0.997,0.585,0.468;aaaaaaaaa;
a;0.323,0.546,0.837,0.509,0.649,0.88,0.764,0.86,0.702,0.0672;aaaaaa;
a;0.596,0.0615,0.819,0.662,0.532,0.126,0.984,0.979,0.0131,0.0653;a;
aa;0.468,0.088,0.392,0.289,0.47,0.837,0.197,0.12,0.707,0.305;aaaaaaaaaa;
aa;0.831,0.984,0.684,0.56,0.753,0.0332,0.351,0.0874,0.454,0.654;aaaa;
aa;0.144,0.917,0.0309,0.546,0.541,0.471,0.512,0.911,0.697,0.272;aaaaaaa;
aa;0.254,0.349,0.512,0.635,0.844,0.567,0.292,0.916,0.955,0.944;aaaaaaaa;
a;0.874,0.195,0.304,0.915,0.0733,0.759,0.312,0.0616,0.0447,0.555;a;
aa;0.102,0.607,0.447,0.0497,0.278,0.921,0.0808,0.466,0.0498,0.691;aaaaaaaaa;
aa;0.592,0.0833,0.794,0.52,0.991,0.742,0.542,0.731,0.373,0.498;aaa;
aa;0.123,0.084,0.373,0.228,0.486,0.127,0.78,0.81,0.187,0.397;aaa;
aa;0.136,0.802,0.705,0.0301,0.677,0.749,0.423,0.633,0.555,0.279;aaaaaaaaa;
aa;0.134,0.545,0.106,0.399,0.279,0.673,0.167,0.0101,0.269,0.173;a;
a;0.328,0.687,0.68,0.00598,0.0412,0.123,0.246,0.532,0.668,0.26;aaaaa;
a;0.492,0.00208,0.322,0.424,0.81,0.852,0.97,0.443,0.821,0.903;a;
a;0.827,0.695,0.859,0.0207,0.119,0.341,0.712,0.624,0.959,0.139;aaaaaaaaaa;
a;0.814,0.502,0.173,0.924,0.416,0.119,0.812,0.724,0.339,0.761;aaaaa;
aa;0.733,0.835,0.631,0.252,0.913,0.034,0.154,0.0784,0.664,0.347;aa;
a;0.0666,0.279,0.648,0.576,0.555,0.68,0.381,0.295,0.428,0.155;aaaaaa;
a;0.552,0.627,0.891,0.473,0.321,0.231,0.48,0.187,0.37,0.95;aaaaaaa;
aa;0.302,0.228,0.573,0.025,0.691,0.696,0.0934,0.411,0.878,0.897;a;
aa;0.34,0.202,0.862,0.605,0.1,0.507,0.768,0.0552,0.387,0.856;aaaaaa;
aa;0.294,0.389,0.367,0.473,0.781,0.601,0.748,0.222,0.0293,0.387;aa;
aa;0.853,0.77,0.109,0.976,0.926,0.439,0.462,0.402,0.996,0.749;aaaaa;
aa;0.188,0.405,0.87,0.576,0.0703,0.935,0.52,0.571,0.113,0.132;aaaaaaa;
a;0.305,0.0929,0.297,0.482,0.731,0.467,0.156,0.0256,0.436,0.305;aaaaaaa;
aa;0.275,0.502,0.218,0.649,0.0771,0.437,0.439,0.215,0.609,0.344;a;
a;0.0467,0.907,0.685,0.907,0.0196,0.626,0.85,0.303,0.568,0.924;a;
aa;0.247,0.137,0.828,0.892,0.0245,0.212,0.386,0.669,0.0866,0.302;aaa;
a;0.0629,0.355,0.849,0.00481,0.409,0.236,0.77,0.00272,0.344,0.944;aaaa;
a;0.202,0.504,0.924,0.698,0.588,0.983,0.0397,0.569,0.281,0.91;aaaaaaaaaa;
aa;0.965,0.948,0.649,0.643,0.143,0.0151,0.829,0.465,0.704,0.55;aa;
aa;0.48,0.857,0.461,0.394,0.467,0.409,0.798,0.479,0.888,0.415;aaaaa;
a;0.875,0.0558,0.288,0.0702,0.829,0.346,0.0532,0.819,0.381,0.153;aa;
aa;0.159,0.489,0.51,0.708,0.804,0.418,0.894,0.499,0.27,0.978;aaaa;
aa;0.739,0.346,0.751,0.385,0.928,0.207,0.679,0.972,0.577,0.407;aaaa;
aa;0.0763,0.368,0.991,0.576,0.227,0.316,0.456,0.666,0.897,0.719;aaaaaaa;
aa;0.432,0.841,0.2,0.0823,0.603,0.912,0.211,0.209,0.884,0.691;aaaaaaaaa;
aa;0.45,0.649,0.164,0.619,0.764,0.712,0.754,0.638,0.248,0.0263;aaaaaa;
aa;0.964,0.638,0.254,0.544,0.768,0.257,0.133,0.685,0.702,0.164;aaa;
a;0.287,0.182,0.0145,0.809,0.0837,0.799,0.57,0.0267,0.276,0.719;a;
a;0.328,0.227,0.72,0.358,0.606,0.839,0.583,0.294,0.0736,0.341;aaaa;
aa;0.861,0.855,0.471,0.17,0.76,0.268,0.861,0.171,0.28,0.699;aa;
aa;0.821,0.262,0.864,0.627,0.913,0.325,0.507,0.906,0.991,0.648;aaaaaaaaaa;
aa;0.792,0.696,0.545,0.344,0.945,0.0734,0.777,0.057,0.815,0.632;aaaa;
a;0.292,0.141,0.0196,0.359,0.115,0.323,0.938,0.095,0.0938,0.194;aaaaaaaa;
a;0.43,0.674,0.0234,0.831,0.487,0.0921,0.862,0.106,0.619,0.955;aaaaaaaaa;
a;0.103,0.319,0.849,0.102,0.588,0.16,0.967,0.616,0.317,0.02;aa;
aa;0.631,0.708,0.294,0.661,0.589,0.315,0.571,0.159,0.327,0.908;aaaaa;
a;0.0616,0.457,0.949,0.934,0.257,0.147,0.108,0.0482,0.67,0.817;aa;
a;0.613,0.574,0.532,0.154,0.87,0.251,0.487,0.316,0.661,0.688;a;
a;0.206,0.635,0.88,0.88,0.503,0.332,0.405,0.621,0.965,0.441;aaaaaaaaaa;
aa;0.0717,0.934,0.912,0.617,0.537,0.318,0.522,0.967,0.235,0.849;aa;
a;0.607,0.26,0.401,0.239,0.95,0.563,0.609,0.246,0.783,0.428;a;
a;0.124,0.649,0.0568,0.133,0.836,0.988,0.168,0.983,0.748,0.0488;aaaaaaaaa;
a;0.364,0.153,0.931,0.999,0.0253,0.366,0.962,0.849,0.836,0.755;aaaaaa;
aa;0.763,0.473,0.543,0.223,0.239,0.788,0.313,0.169,0.764,0.466;aaaaaaaa;
aa;0.525,0.303,0.666,0.387,0.698,0.521,0.983,0.664,0.425,0.0422;aaaaaaaaaa;
a;0.296,0.636,0.685,0.0109,0.024,0.0331,0.301,0.0499,0.507,0.332;aaaaaaaaa;
aa;0.0571,0.907,0.901,0.209,0.288,0.106,0.71,0.242,0.929,0.773;aa;
aa;0.979,0.521,0.689,0.834,0.332,0.383,0.205,0.423,0.119,0.713;a;
a;0.621,0.83,0.726,0.217,0.755,0.322,0.815,0.0654,0.31,0.651;aaaaaaa;
aa;0.182,0.555,0.491,0.199,0.978,0.241,0.387,0.381,0.292,0.366;aaa;
a;0.793,0.748,0.128,0.27,0.426,0.844,0.716,0.167,0.272,0.77;aaa;
aa;0.845,0.926,0.659,0.882,0.474,0.709,0.964,0.0447,0.905,0.584;a;
aa;0.859,0.676,0.953,0.412,0.0189,0.101,0.965,0.933,0.202,0.465;aaaaaaaaa;
aa;0.943,0.902,0.975,0.366,0.0696,0.801,0.0566,0.585,0.693,0.961;aaaaaaa;
aa;0.961,0.0324,0.0567,0.737,0.133,0.815,0.371,0.455,0.542,0.505;aaaaaaa;
aa;0.56,0.415,0.236,0.579,0.827,0.555,0.431,0.341,0.832,0.0196;aaa;
a;0.766,0.165,0.0883,0.534,0.169,0.245,0.0753,0.555,0.868,0.732;aa;
a;0.196,0.804,0.759,0.223,0.749,0.884,0.668,0.203,0.565,0.567;aaaaaa;
aa;0.271,0.0533,0.873,0.413,0.093,0.301,0.323,0.839,0.826,0.383;a;
a;0.65,0.825,0.329,0.999,0.624,0.517,0.547,0.701,0.647,0.711;aaaaaaaaa;
a;0.393,0.542,0.203,0.708,0.186,0.633,0.577,0.459,0.623,0.582;aaaa;
aa;0.618,0.882,0.879,0.941,0.0638,0.245,0.218,0.156,0.471,0.911;aaaaaaa;
a;0.828,0.568,0.896,0.325,0.271,0.78,0.921,0.853,0.21,0.917;aaaaaa;
a;0.575,0.384,0.481,0.233,0.266,0.7,0.738,0.11,0.038,0.466;a;
a;0.247,0.416,0.748,0.147,0.0138,0.196,0.927,0.782,0.989,0.755;aa;
a;0.383,0.424,0.671,0.927,0.96,0.664,0.828,0.0238,0.691,0.244;aaaaaaa;
aa;0.329,0.873,0.129,0.91,0.42,0.772,0.079,0.0647,0.136,0.723;aaaaaaaa;
a;0.774,0.913,0.606,0.512,0.0451,0.296,0.757,0.578,0.111,0.226;aaaaaa;
a;0.339,0.14,0.525,0.469,0.0709,0.76,0.825,0.307,0.0342,0.805;aa;
a;0.597,0.659,0.946,0.493,0.464,0.0329,0.555,0.0936,0.0572,0.888;aaaaaa;
aa;0.427,0.912,0.455,0.674,0.551,0.0787,0.211,0.952,0.662,0.323;aa;
aa;0.747,0.732,0.705,0.0781,0.322,0.761,0.983,0.431,0.697,0.522;aaaaaaa;
a;0.4,0.701,0.154,0.101,0.171,0.14,0.434,0.669,0.753,0.613;aaa;
a;0.64,0.041,0.696,0.222,0.429,0.493,0.795,0.507,0.238,0.226;aa;
aa;0.196,0.857,0.0373,0.354,0.111,0.91,0.467,0.0593,0.912,0.537;a;
aa;0.878,0.833,0.0954,0.407,0.715,0.33,0.493,0.654,0.372,0.345;aaaaaaaa;
aa;0.486,0.405,0.893,0.851,0.778,0.792,0.738,0.594,0.138,0.604;aaaa;
aa;0.18,0.796,0.556,0.673,0.263,0.771,0.675,0.738,0.0147,0.658;aaaaaaa;
aa;0.598,0.0143,0.0221,0.364,0.0643,0.38,0.582,0.51,0.458,0.692;aaaaaaa;
a;0.111,0.503,0.359,0.393,0.51,0.125,0.587,0.697,0.491,0.434;aaaaaa;
aa;0.353,0.097,0.185,0.257,0.414,0.395,0.772,0.149,0.97,0.23;aaaaaaaaa;
aa;0.896,0.673,0.185,0.538,0.796,0.319,0.426,0.353,0.515,0.148;aa;
a;0.37,0.114,0.88,0.891,0.667,0.58,0.0481,0.627,0.387,0.745;aaaa;
a;0.285,0.266,0.157,0.0475,0.606,0.868,0.763,0.888,0.546,0.0962;aaaaaaaaa;
aa;0.464,0.253,0.961,0.164,0.122,0.624,0.831,0.417,0.65,0.564;aaa;
aa;0.165,0.224,0.995,0.00946,0.065,0.0776,0.705,0.0769,0.823,0.247;aaaa;
aa;0.333,0.958,0.724,0.608,0.823,0.693,0.848,0.643,0.0764,0.00527;aaaaa;
aa;0.454,0.177,0.381,0.168,0.95,0.943,0.47,0.452,0.646,0.161;aaa;
aa;0.274,0.471,0.42,0.934,0.833,0.908,0.965,0.783,0.975,0.0846;aaa;
aa;0.825,0.649,0.648,0.227,0.564,0.595,0.155,0.743,0.741,0.00578;a;
a;0.348,0.11,0.293,0.872,0.52,0.671,0.984,0.697,0.41,0.0408;aaaaaaaaaa;
aa;0.596,0.603,0.738,0.306,0.787,0.896,0.614,0.319,0.287,0.43;aaaaaaa;
a;0.0938,0.701,0.536,0.937,0.88,0.866,0.887,0.406,0.319,0.363;aaaaaa;
aa;0.806,0.654,0.387,0.0821,0.832,0.921,0.187,0.793,0.353,0.496;aaaaaaaa;
a;0.64,0.208,0.0136,0.48,0.684,0.931,0.988,0.427,0.901,0.864;aaaaaaa;
a;0.36,0.722,0.699,0.101,0.209,0.796,0.17,0.652,0.703,0.141;aaa;
a;0.682,0.836,0.748,0.693,0.747,0.472,0.984,0.729,0.188,0.502;aaaa;
aa;0.923,0.905,0.223,0.758,0.905,0.04,0.792,0.368,0.594,0.638;aa;
a;0.447,0.00598,0.966,0.126,0.762,0.358,0.493,0.402,0.0686,0.872;aaaaaa;
aa;0.957,0.675,0.107,0.35,0.661,0.0447,0.821,0.84,0.00778,0.718;aaa;
a;0.401,0.812,0.717,0.546,0.08,0.403,0.515,0.408,0.456,0.0204;aaaaaa;
a;0.977,0.0728,0.61,0.722,0.992,0.877,0.874,0.376,0.983,0.91;aaaaaaaaaa;
aa;0.0324,0.246,0.611,0.532,0.162,0.808,0.0206,0.239,0.721,0.545;a;
aa;0.531,0.543,0.643,0.876,0.691,0.507,0.193,0.0678,0.215,0.0498;aa;
a;0.326,0.331,0.55,0.154,0.134,0.195,0.612,0.837,0.189,0.744;aaaaaa;
aa;0.723,0.597,0.489,0.65,0.629,0.348,0.155,0.0127,0.892,0.862;aaaaaaaaa;
a;0.704,0.916,0.202,0.508,0.133,0.283,0.105,0.488,0.358,0.272;aaaaaaaa;
a;0.793,0.414,0.156,0.0889,0.176,0.958,0.421,0.246,0.452,0.847;aaaa;
a;0.231,0.15,0.591,0.243,0.369,0.408,0.194,0.474,0.252,0.027;aaaa;
a;0.787,0.782,0.822,0.726,0.373,0.242,0.431,0.674,0.31,0.576;aaaaaaaa;
aa;0.616,0.0904,0.902,0.781,0.674,0.555,0.541,0.223,0.538,0.597;aaaaaaaaa;
aa;0.277,0.855,0.214,0.617,0.552,0.162,0.748,0.962,0.55,0.236;aaaaaa;
aa;0.948,0.126,0.633,0.652,0.901,0.603,0.0567,0.534,0.316,0.611;aa;
a;0.0391,0.414,0.863,0.987,0.938,0.66,0.487,0.12,0.385,0.672;aaaaaaaaa;
a;0.569,0.392,0.113,0.302,0.906,0.762,0.71,0.345,0.406,0.574;aaaaaaaaa;
a;0.57,0.961,0.643,0.0713,0.129,0.0667,0.446,0.00327,0.538,0.441;aaaa;
aa;0.709,0.106,0.962,0.869,0.504,0.788,0.00571,0.881,0.931,0.545;aaaa;
a;0.0847,0.421,0.114,0.551,0.53,0.468,0.142,0.758,0.33,0.903;aaaaaa;
aa;0.742,0.0119,0.967,0.969,0.232,0.919,0.25,0.0524,0.856,0.0364;aaaaaaaaa;
a;0.194,0.302,0.624,0.186,0.0966,0.557,0.838,0.732,0.848,0.4;aaaaaaa;
aa;0.0146,0.522,0.519,0.388,0.334,0.129,0.0425,0.152,0.51,0.958;aaaaaaa;
aa;0.468,0.902,0.825,0.819,0.0631,0.187,0.601,0.312,0.358,0.258;aaa;
a;0.651,0.513,0.516,0.282,0.955,0.263,0.697,0.0253,0.938,0.538;aaaa;
a;0.17,0.831,0.46,0.966,0.763,0.388,0.274,0.727,0.697,0.965;a;
a;0.829,0.371,0.772,0.752,0.873,0.555,0.124,0.666,0.823,0.754;aaaaaaaa;
a;0.391,0.134,0.542,0.292,0.123,0.115,0.867,0.253,0.0442,0.327;aaaaaa;
a;0.618,0.901,0.535,0.836,0.358,0.893,0.518,0.345,0.0523,0.435;a;
aa;0.303,0.0197,0.2,0.423,0.011,0.917,0.737,0.513,0.164,0.659;aaaaaaaaa;
a;0.442,0.0692,0.329,0.514,0.893,0.362,0.974,0.413,0.628,0.0262;aa;
a;0.048,0.656,0.479,0.792,0.682,0.884,0.595,0.228,0.467,0.881;a;
aa;0.961,0.623,0.813,0.331,0.495,0.19,0.869,0.0266,0.605,0.358;aaaaaaaaaa;
a;0.591,0.0546,0.812,0.211,0.951,0.695,0.275,0.993,0.971,0.665;aaaaaaaaaa;
a;0.176,0.314,0.9,0.443,0.548,0.681,0.47,0.354,0.169,0.332;aaaaaaaa;
aa;0.505,0.128,0.722,0.941,0.319,0.696,0.603,0.0858,0.345,0.857;aaaaa;
a;0.815,0.243,0.0634,0.632,0.563,0.271,0.338,0.903,0.24,0.273;aaaaaaaa;
a;0.689,0.717,0.603,0.624,0.302,0.456,0.144,0.389,0.68,0.534;aaaa;
aa;0.177,0.408,0.966,0.508,0.47,0.0683,0.527,0.126,0.995,0.844;aaaaaaa;
aa;0.928,0.751,0.463,0.246,0.118,0.168,0.577,0.981,0.449,0.524;aaaaaaaaaa;
aa;0.984,0.372,0.446,0.295,0.55,0.381,0.169,0.199,0.607,0.721;aaaaaaaa;
aa;0.114,0.6,0.779,0.258,0.347,0.625,0.688,0.478,0.436,0.214;aaaaaaaa;
a;0.0867,0.161,0.304,0.982,0.1,0.182,0.328,0.189,0.0972,0.916;a;
aa;0.326,0.1,0.146,0.649,0.291,0.0276,0.321,0.301,0.405,0.734;aa;
a;0.0734,0.0483,0.0221,0.513,0.602,0.992,0.233,0.0118,0.875,0.577;aaaaa;
aa;0.473,0.0324,0.891,0.302,0.0987,0.948,0.559,0.657,0.523,0.728;aaaaa;
a;0.603,0.345,0.0433,0.292,0.0138,0.655,0.109,0.441,0.834,0.432;aaaaaaa;
a;0.55,0.982,0.875,0.0621,0.717,0.00984,0.958,0.438,0.552,0.48;aaaaaaaa;
aa;0.862,0.93,0.65,0.518,0.749,0.262,0.824,0.434,0.989,0.186;aaaaaaa;
a;0.653,0.771,0.406,0.259,0.45,0.686,0.371,0.739,0.194,0.784;aa;
aa;0.281,0.313,0.844,0.0125,0.897,0.184,0.771,0.74,0.187,0.83;aaaaaaaa;
aa;0.242,0.21,0.54,0.628,0.383,0.108,0.445,0.0308,0.858,0.975;aaaaaaa;
a;0.201,0.509,0.2,0.901,0.897,0.278,0.0985,0.821,0.609,0.175;aaaaa;
aa;0.321,0.359,0.298,0.673,0.285,0.975,0.803,0.602,0.907,0.449;aaaaa;
a;0.648,0.0974,0.263,0.922,0.233,0.86,0.622,0.519,0.695,0.787;a;
aa;0.19,0.808,0.336,0.787,0.505,0.526,0.625,0.176,0.602,0.0197;aaaa;
a;0.12,0.884,0.987,0.629,0.202,0.753,0.226,0.206,0.599,0.572;aaa;
a;0.915,0.787,0.965,0.378,0.368,0.45,0.452,0.305,0.408,0.402;aaaaaaaa;
a;0.797,0.439,0.00188,0.239,0.00063,0.367,0.694,0.0611,0.942,0.383;aaaaaaaa;
aa;0.0914,0.231,0.601,0.777,0.516,0.897,0.281,0.965,0.41,0.855;aaaaa;
a;0.925,0.481,0.0493,0.694,0.645,0.522,0.545,0.714,0.823,0.885;aaaaaa;
aa;0.635,0.371,0.384,0.959,0.646,0.8,0.654,0.0362,0.77,0.906;aa;
a;0.446,0.158,0.6,0.796,0.2,0.39,0.375,0.341,0.286,0.563;aa;
aa;0.942,0.944,0.354,0.218,0.558,0.443,0.68,0.0378,0.467,0.418;a;
aa;0.51,0.0942,0.847,0.435,0.729,0.535,0.551,0.877,0.917,0.673;aaaaa;
a;0.75,0.106,0.213,0.748,0.414,0.616,0.0939,0.422,0.0321,0.394;a;
a;0.708,0.777,0.555,0.546,0.311,0.618,0.68,0.141,0.337,0.553;aa;
aa;0.811,0.881,0.832,0.272,0.205,0.387,0.313,0.223,0.57,0.292;aaaaaaaaa;
a;0.889,0.573,0.577,0.846,0.77,0.418,0.263,0.378,0.959,0.558;aaa;
aa;0.962,0.997,0.625,0.442,0.627,0.795,0.849,0.752,0.287,0.64;aaaaaaaa;
a;0.758,0.358,0.882,0.175,0.604,0.402,0.391,0.685,0.739,0.488;aaa;
aa;0.0891,0.464,0.623,0.596,0.76,0.862,0.477,0.953,0.93,0.203;aaaaaa;
aa;0.0771,0.854,0.261,0.261,0.382,0.716,0.869,0.303,0.0149,0.535;aaaaaaaaa;
aa;0.00668,0.279,0.54,0.906,0.83,0.51,0.865,0.837,0.971,0.0343;a;
aa;0.643,0.617,0.208,0.835,0.362,0.758,0.441,0.46,0.606,0.0222;aaaaaaaaaa;
aa;0.706,0.359,0.158,0.109,0.227,0.0645,0.805,0.852,0.224,0.18;aa;
aa;0.769,0.82,0.789,0.158,0.204,0.777,0.399,0.414,0.729,0.463;aaaaaaaaaa;
aa;0.0771,0.854,0.261,0.261,0.382,0.716,0.869,0.303,0.0149,0.535;aa;
aa;0.00668,0.279,0.54,0.906,0.83,0.51,0.865,0.837,0.971,0.0343;a;
aa;0.643,0.617,0.208,0.835,0.362,0.758,0.441,0.46,0.606,0.0222;aaaaaaa;
aa;0.706,0.359,0.158,0.109,0.227,0.0645,0.805,0.852,0.224,0.18;aaa;
aa;0.769,0.82,0.789,0.158,0.204,0.777,0.399,0.414,0.729,0.463;a;
aa;0.0771,0.854,0.261,0.261,0.382,0.716,0.869,0.303,0.0149,0.535;aaaaaaaaaa;
aa;0.00668,0.279,0.54,0.906,0.83,0.51,0.865,0.837,0.971,0.0343;aa;
aa;0.643,0.617,0.208,0.835,0.362,0.758,0.441,0.46,0.606,0.0222;aaaa;
aa;0.706,0.359,0.158,0.109,0.227,0.0645,0.805,0.852,0.224,0.18;aaaaaa;
aa;0.769,0.82,0.789,0.158,0.204,0.777,0.399,0.414,0.729,0.463;aaaaaa;
aa;0.0771,0.854,0.261,0.261,0.382,0.716,0.869,0.303,0.0149,0.535;aaaaaaaaaa;
aa;0.00668,0.279,0.54,0.906,0.83,0.51,0.865,0.837,0.971,0.0343;aaaaa;
aa;0.643,0.617,0.208,0.835,0.362,0.758,0.441,0.46,0.606,0.0222;aaaaaaaaaa;
aa;0.706,0.359,0.158,0.109,0.227,0.0645,0.805,0.852,0.224,0.18;aaaaaa;
aa;0.769,0.82,0.789,0.158,0.204,0.777,0.399,0.414,0.729,0.463;aaaa;
aa;0.0771,0.854,0.261,0.261,0.382,0.716,0.869,0.303,0.0149,0.535;a;
aa;0.00668,0.279,0.54,0.906,0.83,0.51,0.865,0.837,0.971,0.0343;aaaaa;
aa;0.643,0.617,0.208,0.835,0.362,0.758,0.441,0.46,0.606,0.0222;aaaaaaaaaa;
aa;0.706,0.359,0.158,0.109,0.227,0.0645,0.805,0.852,0.224,0.18;aaaaaaa;
aa;0.769,0.82,0.789,0.158,0.204,0.777,0.399,0.414,0.729,0.463;aaa;
