0	0
1	1,2,7
2	2
3	3
4	4
5	5
6	6
7	7
8	1,8
9	9
10	1,7
11	2
12	0
13	1
14	0,1,5
15	1
16	0
17	0
18	2
19	0
20	0
21	0
22	2,8
23	1
24	2,4,5
25	0
26	1,9
27	2
28	2,3,5,7,9
29	1
30	4
31	3
32	1
33	0,2
34	5,7
35	0
36	2,4
37	0,2,3,5
38	0,2
39	2,3,6
40	1
41	0,5,7
42	8,9
43	0,3,4
44	6
45	2,7
46	1
47	1,2,4
48	3,9
49	0
50	5
51	0
52	0,6
53	0,1,2
54	1
55	1,5
56	1
57	9
58	1
59	1
60	3
61	0
62	3
63	0
64	0
65	0,2,4,5
66	0,8
67	1,4,6
68	1,2
69	1
70	0
71	0
72	1
73	0
74	3,6
75	1
76	1
77	3
78	4
79	0
80	4
81	1,7
82	3
83	0
84	1,2
85	4
86	2
87	0,3
88	8
89	1
90	3
91	2
92	0
93	9
94	6
95	0
96	0
97	1,8
98	3
99	6
100	0
101	4
102	0
103	3
104	1,5
105	3
106	0,2
107	0
108	3
109	1
110	0
111	0
112	4,6
113	1,7
114	1
115	0,7
116	0
117	0,1,9
118	5
119	0
120	2
121	6
122	2
123	3,8
124	1
125	7
126	2
127	0
128	3
129	5
130	0
131	5,6
132	0,2
133	0
134	1,5,7
135	2
136	1
137	0
138	0
139	0,4
140	6
141	0
142	6
143	2,6
144	0
145	6,8
146	0
147	2
148	0
149	0
150	1
151	3
152	0
153	3
154	4,5
155	4
156	1,8
157	0
158	1
159	1
160	4,9
161	3,7
162	2
163	2
164	1
165	4
166	1
167	1,3
168	4
169	6
170	0
171	2
172	0
173	0
174	4
175	0
176	1
177	6
178	2
179	5
180	0
181	0,4
182	0
183	4
184	4
185	0
186	2
187	5
188	0
189	4
190	2
191	0
192	1
193	2
194	2
195	0
196	1
197	0
198	3
199	0
200	3
201	4,6,8
202	0,5
203	2
204	0
205	7
206	2
207	1
208	1
209	0
210	2
211	5
212	0
213	1
214	0
215	2
216	2
217	0
218	2
219	7
220	0
221	1
222	2
223	1
224	3,5
225	2
226	2
227	0,4
228	1
229	2
230	0
231	1
232	2
233	1
234	2
235	6
236	1
237	0
238	0
239	1
240	2
241	1
242	3
243	2
244	8,9
245	4
246	5
247	0
248	1
249	1
250	1
251	0
252	4
253	2
254	4
255	2
256	8
257	4
258	1
259	3
260	6
261	8
262	0
263	3,9
264	2
265	0
266	1
267	0
268	6
269	2
270	2
271	3
272	0
273	0
274	0
275	3
276	6
277	2
278	1,8
279	1
280	2
281	2
282	1
283	1
284	0
285	1
286	4
287	0
288	4
289	1
290	0
291	0
292	0
293	0
294	0
295	0
296	2
297	0
298	0
299	5
300	6
301	0
302	0
303	4
304	1
305	0
306	0,2
307	1
308	0,3,5
309	6
310	1
311	0
312	0
313	1
314	6
315	2
316	1
317	0,4
318	3,8
319	0
320	1
321	1
322	3
323	0
324	2
325	0
326	0
327	2
328	2
329	3
330	1
331	3
332	1
333	1
334	2
335	4
336	5
337	0,3
338	9
339	0
340	5
341	1
342	0
343	9
344	7
345	1
346	4
347	1
348	2
349	0
350	1
351	8
352	8
353	3,6
354	3,6
355	2
356	1
357	1
358	0
359	0
360	0
361	2
362	1
363	1
364	2
365	6
366	5
367	1
368	5
369	4
370	8
371	2
372	2
373	3
374	1
375	2
376	0
377	1
378	2
379	0
380	3
381	0
382	7
383	1
384	3
385	2
386	2
387	2
388	0
389	1
390	5
391	1
392	1
393	0
394	0
395	4
396	1
397	0
398	2
399	1
400	0,7
401	1
402	2
403	0
404	2
405	5
406	0
407	6
408	0
409	0
410	1
411	2
412	2
413	0
414	4
415	5
416	2
417	0
418	4
419	0
420	5
421	3,5
422	2
423	0
424	1
425	1
426	3
427	2
428	5
429	2
430	1
431	2
432	3
433	1
434	2
435	4
436	4
437	3
438	0
439	1
440	3,7
441	0
442	3
443	0
444	2
445	1
446	4
447	2
448	2
449	2
450	0
451	0
452	1
453	2
454	7
455	2
456	1,5
457	0
458	2
459	0
460	0
461	0
462	0
463	0
464	0
465	0
466	3
467	2
468	2
469	4
470	0
471	9
472	4
473	0
474	6
475	2
476	1
477	2
478	2
479	2
480	0
481	0
482	6
483	0
484	1
485	4
486	1
487	3
488	7
489	0
490	0
491	0
492	1
493	3
494	1
495	2
496	0
497	1
498	0
499	1
500	0
501	5,6
502	4
503	2
504	2
505	0
506	0
507	1
508	0
509	0
510	3
511	4
512	0
513	0
514	0
515	0
516	0
517	2
518	3
519	1
520	0
521	9
522	0
523	2
524	6,8
525	4
526	4
527	6
528	2
529	3
530	3
531	0
532	0
533	4
534	0
535	0
536	7
537	1
538	0
539	0,3
540	1
541	1
542	1
543	4
544	0
545	0
546	0
547	5
548	9
549	0
550	1
551	0
552	0
553	1
554	1
555	0
556	3
557	0
558	0
559	6,8
560	0
561	1
562	0
563	1
564	0
565	3
566	4
567	1
568	1
569	0
570	8
571	1
572	0
573	9
574	0
575	0
576	3
577	7
578	1
579	1
580	0
581	2,6,9
582	1
583	0
584	0
585	5
586	2
587	3
588	1
589	0
590	1
591	9
592	1
593	0
594	2
595	5
596	6
597	2
598	2
599	5
600	2
601	1
602	1
603	4
604	8
605	3,4
606	2
607	2,7
608	1
609	5
610	2
611	0
612	8
613	8
614	3
615	3
616	0
617	1
618	0
619	1
620	4
621	1
622	1
623	8
624	1
625	0
626	7
627	0
628	0
629	0
630	2
631	1
632	0
633	4
634	2
635	1
636	0
637	4
638	1
639	2
640	1
641	1
642	5
643	0
644	0
645	0
646	0
647	0
648	3
649	2,6
650	1
651	8
652	5
653	8
654	5
655	0
656	2
657	1
658	3
659	0
660	1
661	2
662	0,2
663	8
664	1
665	0
666	1
667	1
668	1
669	2
670	0
671	1
672	6
673	2
674	0
675	3,5
676	0
677	0
678	1
679	1
680	0
681	0
682	2
683	2
684	1
685	0
686	2
687	1
688	1
689	0
690	1
691	5
692	3
693	7
694	1
695	3
696	0
697	0
698	9
699	2
700	1
701	6
702	6
703	0
704	1,6
705	1
706	2
707	4
708	2
709	3
710	4
711	0
712	3
713	1
714	2
715	6
716	4
717	2
718	5
719	4
720	1
721	2
722	3
723	0
724	2
725	0
726	1
727	0
728	2
729	0
730	1,3
731	4
732	1
733	0
734	4
735	5
736	1
737	1
738	2
739	0
740	4,7
741	1
742	0
743	1
744	3
745	0
746	1
747	3
748	0
749	0
750	1
751	6
752	4
753	1
754	6
755	4
756	0
757	1
758	2
759	1
760	1
761	0
762	1
763	5,9
764	3
765	1
766	0
767	5,6
768	0
769	0
770	5
771	0
772	1
773	1
774	5
775	2
776	0
777	1
778	7
779	7
780	3
781	2
782	5
783	2
784	4
785	3
786	3
787	5
788	4
789	1
790	1
791	2
792	1
793	5
794	0
795	4
796	0
797	2
798	0
799	3
800	0
801	0
802	1
803	1
804	1
805	8
806	1
807	1
808	0
809	0
810	1
811	2
812	0
813	5
814	0
815	1
816	5,7
817	2
818	0
819	2
820	4
821	1
822	4
823	2
824	6
825	2
826	0
827	6
828	0
829	0
830	1
831	0
832	9
833	0
834	2
835	0
836	1
837	2
838	2
839	2
840	7
841	1
842	0
843	0
844	3
845	0
846	2
847	9
848	3
849	9
850	0
851	1
852	6
853	2
854	5
855	9
856	5
857	2
858	4
859	3
860	1
861	1
862	0
863	2
864	3
865	2
866	0
867	6
868	1
869	1
870	3
871	3
872	0
873	7
874	4
875	5
876	1
877	4
878	0
879	3
880	4
881	3
882	0
883	1
884	1
885	1
886	3
887	5
888	1
889	3
890	0
891	1
892	0
893	0
894	0
895	2
896	4
897	4
898	0
899	0
900	2
901	0
902	0
903	1
904	7
905	0
906	4
907	2
908	0
909	4
910	0
911	2
912	0
913	2
914	5
915	1
916	4
917	2
918	1
919	1
920	0
921	3
922	0
923	4
924	6
925	4
926	2
927	4
928	1
929	1
930	6
931	0
932	2
933	9
934	0
935	3
936	6
937	4
938	3
939	1
940	0
941	6
942	1
943	1
944	2
945	3
946	1
947	3
948	0
949	0
950	8
951	0
952	0
953	0
954	4
955	4
956	2
957	8
958	3
959	1
960	4
961	3,8
962	0
963	1
964	0
965	0
966	1
967	4
968	5
969	5
970	0
971	1
972	1
973	8
974	4
975	3
976	1
977	9
978	1
979	1
980	0
981	0
982	2
983	2
984	1
985	2
986	0
987	1
988	4
989	1
990	6
991	6
992	3
993	3
994	8
995	7
996	0
997	3
998	3
999	1
1000	1
1001	3
1002	9
1003	5
1004	2
1005	1
1006	1
1007	7
1008	0
1009	0
1010	3
1011	1
1012	8
1013	0
1014	8
1015	0
1016	2
1017	0
1018	0
1019	0
1020	2
1021	1
1022	1,4
1023	0
1024	0
1025	3
1026	2
1027	2
1028	7
1029	7
1030	2
1031	0
1032	0
1033	1
1034	1
1035	1
1036	4
1037	1
1038	4
1039	3,7
1040	0
1041	0
1042	4
1043	0
1044	0
1045	4
1046	5
1047	3
1048	3
1049	2
1050	3
1051	0
1052	2
1053	1
1054	4
1055	4
1056	0
1057	0
1058	6
1059	1
1060	2
1061	0
1062	2
1063	1
1064	3
1065	4
1066	0
1067	1
1068	0
1069	5
1070	2
1071	0
1072	7
1073	0
1074	2
1075	3
1076	1
1077	2
1078	3
1079	1
1080	2
1081	6
1082	9
1083	3,4
1084	6
1085	0
1086	3
1087	0
1088	2
1089	0
1090	2
1091	0
1092	1,6
1093	1
1094	1
1095	0
1096	2
1097	2
1098	3
1099	2
1100	4
1101	0
1102	3
1103	3
1104	0
1105	2
1106	0
1107	1
1108	0
1109	5
1110	6,8
1111	9
1112	3
1113	8
1114	1
1115	2
1116	0
1117	0
1118	1
1119	1,7
1120	5
1121	5
1122	1
1123	1
1124	5
1125	5
1126	2
1127	0
1128	2
1129	0
1130	2
1131	0
1132	0
1133	0
1134	6
1135	0
1136	7
1137	4
1138	1
1139	2
1140	1
1141	0
1142	0
1143	0
1144	0
1145	1
1146	0
1147	2
1148	2
1149	4
1150	1
1151	5
1152	4
1153	5
1154	0
1155	0
1156	2
1157	3
1158	0
1159	4
1160	6
1161	2
1162	6
1163	0
1164	3
1165	7
1166	2
1167	3
1168	3
1169	6
1170	5
1171	2
1172	2
1173	0
1174	0
1175	2
1176	3
1177	0
1178	1
1179	5
1180	8
1181	9
1182	2
1183	0
1184	5
1185	0
1186	2
1187	0
1188	1
1189	1
1190	2
1191	0
1192	0
1193	6
1194	0
1195	1
1196	8
1197	5
1198	0
1199	2
1200	3
1201	0
1202	3,4,6,7,8,9
1203	2
1204	1
1205	0
1206	1
1207	2
1208	0
1209	0
1210	0
1211	4
1212	4,8
1213	1
1214	1
1215	3
1216	1
1217	0
1218	0
1219	2
1220	2
1221	2
1222	0
1223	0
1224	0
1225	3
1226	0
1227	2
1228	8
1229	6
1230	0
1231	3
1232	2
1233	8
1234	2
1235	4
1236	0
1237	4
1238	1
1239	3
1240	3
1241	2
1242	3
1243	5
1244	1
1245	3
1246	1
1247	0
1248	2
1249	3
1250	0
1251	3
1252	1
1253	6,8
1254	0
1255	3
1256	3
1257	2
1258	4
1259	0
1260	0
1261	2
1262	0
1263	3
1264	0
1265	1
1266	0
1267	1
1268	6
1269	0
1270	0
1271	0
1272	6
1273	6
1274	1
1275	1
1276	6
1277	4
1278	1
1279	0
1280	3
1281	6
1282	2
1283	1
1284	2
1285	3
1286	1
1287	7
1288	3
1289	4
1290	0,4
1291	0
1292	5
1293	1
1294	0
1295	2
1296	2
1297	0
1298	0
1299	3
1300	1
1301	8
1302	0
1303	3
1304	1
1305	0
1306	2
1307	7
1308	4
1309	1
1310	1
1311	2
1312	3
1313	5
1314	0
1315	0
1316	0
1317	2
1318	1
1319	0
1320	3
1321	1
1322	0
1323	1
1324	2
1325	0
1326	2
1327	1,2,3,5,6,7
1328	1
1329	0
1330	0
1331	0
1332	0
1333	4
1334	2
1335	5,6
1336	1
1337	0
1338	0
1339	2
1340	1
1341	1
1342	2
1343	0
1344	2
1345	4
1346	0
1347	0
1348	0,2,7
1349	1
1350	0
1351	1
1352	1
1353	2
1354	3
1355	0
1356	1
1357	1
1358	2
1359	0
1360	6
1361	0
1362	2
1363	6
1364	0
1365	3
1366	1
1367	2
1368	1
1369	1
1370	3
1371	3
1372	0
1373	4
1374	0
1375	0
1376	3
1377	2
1378	0
1379	0
1380	1,4,6,8
1381	2
1382	0
1383	1
1384	0
1385	1
1386	1
1387	0
1388	3
1389	3
1390	0
1391	0
1392	4
1393	1
1394	2
1395	1
1396	1
1397	2,3,4,5,7,8,9
1398	2
1399	0,2,4
1400	2
1401	5
