ATT0(float,1);ATT1(float,10);ATT2(string,10);
0.71;0.127,0.878,0.00142,0.243,0.341,0.939,0.34,0.0931,0.807,0.0882;aaaaa;
0.0674;0.123,0.254,0.491,0.9,0.474,0.862,0.401,0.371,0.475,0.583;aaaaaa;
0.0959;0.926,0.609,0.632,0.617,0.39,0.684,0.24,0.395,0.278,0.438;aa;
0.26;0.351,0.563,0.173,0.525,0.163,0.994,0.429,0.252,0.832,0.368;aaaaaaaaaa;
0.901;0.796,0.641,0.711,0.45,0.102,0.838,0.215,0.642,0.183,0.00346;aaaaaaaaaa;
0.601;0.207,0.897,0.393,0.0876,0.929,0.0544,0.802,0.341,0.224,0.405;aaaaaaaa;
0.464;0.704,0.426,0.325,0.905,0.833,0.907,0.879,0.858,0.689,0.057;aaaaa;
0.156;0.501,0.285,0.316,0.684,0.307,0.0487,0.73,0.52,0.952,0.587;a;
0.468;0.188,0.0993,0.67,0.00457,0.268,0.847,0.857,0.748,0.6,0.304;aaaaaaaaa;
0.267;0.742,0.444,0.802,0.455,0.482,0.856,0.972,0.81,0.592,0.454;aaaaaaa;
0.507;0.673,0.193,0.0261,0.675,0.808,0.927,0.95,0.323,0.441,0.492;a;
0.907;0.341,0.631,0.541,0.233,0.488,0.206,0.149,0.174,0.0723,0.967;aaaa;
0.0739;0.579,0.466,0.647,0.996,0.148,0.997,0.106,0.13,0.591,0.618;aaaaaaa;
0.497;0.916,0.17,0.18,0.29,0.0601,0.554,0.247,0.575,0.681,0.511;aaaaaaaa;
0.0852;0.52,0.247,0.693,0.138,0.511,0.237,0.288,0.268,0.617,0.485;aa;
0.475;0.392,0.114,0.537,0.967,0.0145,0.501,0.467,0.966,0.659,0.0557;a;
0.961;0.119,0.956,0.0924,0.295,0.77,0.923,0.217,0.641,0.636,0.513;aaaaa;
0.271;0.982,0.581,0.309,0.73,0.841,0.237,0.726,0.436,0.795,0.38;aaaaaaaaa;
0.0148;0.89,0.75,0.963,0.991,0.144,0.152,0.13,0.356,0.56,0.92;aaaa;
0.312;0.825,0.0129,0.285,0.155,0.0362,0.103,0.267,0.405,0.661,0.332;aaaaaaaaaa;
0.0588;0.135,0.199,0.193,0.218,0.252,0.528,0.251,0.932,0.777,0.6;aaaaaaaa;
0.345;0.686,0.27,0.672,0.903,0.507,0.712,0.273,0.384,0.698,0.815;aaaaaaa;
0.578;0.121,0.34,0.465,0.744,0.945,0.726,0.308,0.649,0.879,0.295;aaaaaaaa;
0.136;0.129,0.887,0.346,0.843,0.505,0.931,0.336,0.203,0.606,0.627;aaaaaaaaaa;
0.327;0.227,0.874,0.787,0.527,0.122,0.152,0.365,0.267,0.341,0.336;a;
0.838;0.904,0.00491,0.257,0.431,0.19,0.44,0.642,0.436,0.207,0.618;a;
0.516;0.713,0.929,0.705,0.036,0.665,0.836,0.338,0.672,0.522,0.876;aaaaaa;
0.306;0.848,0.227,0.961,0.698,0.117,0.821,0.414,0.873,0.986,0.454;a;
0.907;0.307,0.469,0.313,0.859,0.107,0.0303,0.677,0.552,0.0935,0.93;aaaaaaaa;
0.474;0.818,0.0277,0.885,0.31,0.833,0.374,0.425,0.00987,0.111,0.451;aaa;
0.127;0.763,0.138,0.397,0.402,0.529,0.876,0.262,0.493,0.156,0.619;aaaaaaaaaa;
0.0301;0.844,0.328,0.819,0.564,0.121,0.0824,0.93,0.223,0.774,0.545;aaaaaaa;
0.569;0.0123,0.0609,0.0519,0.612,0.929,0.79,0.921,0.631,0.289,0.871;aa;
0.869;0.579,0.997,0.796,0.394,0.368,0.364,0.877,0.403,0.786,0.664;aaaaa;
0.425;0.693,0.364,0.102,0.0477,0.366,0.858,0.259,0.235,0.409,0.254;aaaaaa;
0.33;0.535,0.124,0.691,0.986,0.0406,0.664,0.324,0.116,0.288,0.225;a;
0.75;0.0784,0.703,0.294,0.551,0.0617,0.797,0.3,0.801,0.477,0.476;aaaaa;
0.196;0.522,0.465,0.116,0.0796,0.531,0.226,0.138,0.896,0.529,0.694;aaaaaa;
0.769;0.669,0.657,0.516,0.0385,0.585,0.563,0.391,0.0417,0.406,0.477;aaaaa;
0.536;0.218,0.718,0.55,0.95,0.374,0.2,0.748,0.545,0.784,0.126;aaaaa;
0.289;0.383,0.0183,0.35,0.0146,0.922,0.0599,0.215,0.935,0.791,0.59;aaaaaaaa;
0.0145;0.985,0.712,0.874,0.6,0.241,0.759,0.129,0.155,0.759,0.373;a;
0.0536;0.387,0.467,0.78,0.674,0.599,0.606,0.787,0.07,0.139,0.184;aaaaaaaaaa;
0.373;0.285,0.0364,0.81,0.459,0.058,0.561,0.7,0.375,0.991,0.49;aaaa;
0.225;0.0709,0.707,0.446,0.701,0.806,0.194,0.98,0.735,0.233,0.601;aaaa;
0.704;0.168,0.44,0.446,0.595,0.804,0.399,0.962,0.646,0.117,0.515;a;
0.521;0.879,0.312,0.012,0.765,0.758,0.435,0.295,0.408,0.66,0.284;aaa;
0.378;0.181,0.785,0.0305,0.472,0.0253,0.544,0.721,0.528,0.709,0.493;aaaaaa;
0.0545;0.642,0.664,0.978,0.539,0.605,0.256,0.107,0.0678,0.792,0.319;aaaa;
0.0936;0.514,0.854,0.227,0.428,0.876,0.165,0.8,0.799,0.943,0.799;aaaaaaa;
0.0641;0.529,0.785,0.106,0.32,0.5,0.138,0.837,0.838,0.406,0.895;aaaaaaaaa;
0.318;0.333,0.878,0.623,0.093,0.0589,0.0115,0.985,0.799,0.372,0.539;aaaa;
0.044;0.649,0.368,0.621,0.688,0.377,0.487,0.831,0.428,0.702,0.653;aaaaaaaaaa;
0.308;0.704,0.757,0.391,0.878,0.0124,0.647,0.0545,0.319,0.0323,0.126;aaaaaa;
0.00547;0.776,0.643,0.992,0.144,0.99,0.618,0.0566,0.617,0.37,0.311;aaaaaaaa;
0.431;0.494,0.626,0.936,0.647,0.172,0.718,0.827,0.388,0.917,0.867;aaaaaaaaa;
0.228;0.287,0.269,0.418,0.69,0.983,0.0206,0.318,0.647,0.408,0.449;aaaa;
0.506;0.196,0.232,0.0884,0.477,0.726,0.366,0.217,0.993,0.571,0.212;aaa;
0.203;0.33,0.144,0.355,0.529,0.453,0.759,0.572,0.559,0.748,0.818;aa;
0.0619;0.98,0.915,0.641,0.836,0.738,0.675,0.744,0.931,0.79,0.454;aaa;
0.554;0.332,0.321,0.235,0.662,0.606,0.67,0.00203,0.624,0.371,0.0322;aaaaaa;
0.979;0.964,0.748,0.72,0.864,0.193,0.248,0.897,0.0135,0.482,0.976;aaaaa;
0.0466;0.968,0.69,0.415,0.68,0.381,0.0613,0.926,0.19,0.949,0.456;aaaaaaaaa;
0.142;0.668,0.501,0.552,0.434,0.385,0.905,0.806,0.823,0.407,0.356;aaaaaaaaa;
0.439;0.0356,0.809,0.972,0.426,0.17,0.262,0.201,0.455,0.737,0.000583;aaaaaaa;
0.851;0.867,0.228,0.0466,0.21,0.103,0.116,0.878,0.29,0.108,0.357;aaaaaaaa;
0.191;0.431,0.801,0.344,0.062,0.64,0.239,0.614,0.431,0.814,0.834;aaaaaa;
0.275;0.279,0.536,0.486,0.672,0.761,0.82,0.524,0.503,0.55,0.333;aaaa;
0.0225;0.876,0.583,0.0496,0.132,0.0464,0.678,0.488,0.784,0.381,0.255;aaaaaa;
0.477;0.708,0.849,0.523,0.828,0.697,0.967,0.0256,0.446,0.639,0.923;aaaa;
0.848;0.793,0.961,0.912,0.656,0.743,0.891,0.998,0.615,0.774,0.0193;aaaaaa;
0.591;0.285,0.559,0.0314,0.494,0.349,0.0612,0.258,0.951,0.622,0.0295;aaaaaaaaaa;
0.425;0.127,0.62,0.707,0.331,0.131,0.336,0.584,0.848,0.482,0.216;aaaaaaaaaa;
0.248;0.416,0.456,0.383,0.942,0.922,0.402,0.309,0.291,0.654,0.383;aaaaa;
0.342;0.162,0.669,0.14,0.212,0.869,0.643,0.708,0.393,0.0454,0.956;aaaaa;
0.439;0.733,0.703,0.858,0.082,0.0135,0.976,0.894,0.579,0.987,0.941;aaaaaaaa;
0.0603;0.281,0.601,0.312,0.416,0.692,0.106,0.977,0.0478,0.0822,0.166;aaaaaaaaa;
0.181;0.411,0.142,0.396,0.186,0.384,0.2,0.101,0.694,0.111,0.254;a;
0.939;0.612,0.626,0.946,0.249,0.686,0.601,0.451,0.444,0.593,0.221;aa;
0.311;0.98,0.296,0.0219,0.855,0.938,0.636,0.804,0.776,0.895,0.543;aaa;
0.435;0.813,0.15,0.541,0.4,0.97,0.651,0.286,0.398,0.266,0.229;aaaaaa;
0.409;0.961,0.359,0.599,0.87,0.228,0.0347,0.711,0.954,0.666,0.639;aaaaaaa;
0.681;0.538,0.591,0.336,0.72,0.239,0.183,0.853,0.751,0.767,0.225;aaaaaaa;
0.951;0.442,0.944,0.971,0.335,0.584,0.596,0.455,0.281,0.246,0.827;a;
0.833;0.572,0.0754,0.161,0.788,0.673,0.119,0.584,0.866,0.454,0.858;aaaaaa;
0.825;0.722,0.151,0.982,0.955,0.979,0.547,0.561,0.0664,0.531,0.27;aaaa;
0.918;0.289,0.607,0.799,0.718,0.0249,0.202,0.219,0.051,0.498,0.937;aaaa;
0.116;0.692,0.774,0.499,0.467,0.0567,0.0929,0.599,0.273,0.319,0.375;aa;
0.0402;0.919,0.589,0.223,0.693,0.818,0.936,0.463,0.0942,0.628,0.2;aa;
0.847;0.511,0.116,0.787,0.965,0.0255,0.948,0.0472,0.619,0.945,0.944;aaaaaa;
0.299;0.813,0.279,0.116,0.739,0.202,0.281,0.381,0.52,0.336,0.844;aaaa;
0.955;0.998,0.816,0.348,0.427,0.117,0.274,0.514,0.748,0.467,0.497;a;
0.365;0.454,0.861,0.768,0.717,0.867,0.484,0.54,0.731,0.915,0.00911;aaaaaaaa;
0.0468;0.754,0.446,0.811,0.725,0.892,0.241,0.416,0.0645,0.163,0.429;aaaaaaa;
0.164;0.877,0.0405,0.261,0.49,0.872,0.11,0.518,0.476,0.663,0.402;aaaaaa;
0.514;0.199,0.117,0.485,0.567,0.731,0.279,0.147,0.0276,0.799,0.703;aaa;
0.48;0.814,0.828,0.906,0.145,0.2,0.151,0.667,0.955,0.0928,0.557;aaaaaaa;
0.163;0.313,0.167,0.742,0.0783,0.213,0.494,0.85,0.866,0.167,0.304;aaaaaaaaaa;
0.946;0.561,0.874,0.104,0.799,0.885,0.713,0.371,0.455,0.451,0.435;aaaaaaa;
0.758;0.576,0.108,0.221,0.238,0.582,0.923,0.481,0.953,0.981,0.593;aaaaaaa;
0.416;0.636,0.759,0.689,0.264,0.392,0.714,0.32,0.838,0.461,0.836;a;
0.749;0.0925,0.0834,0.231,0.255,0.377,0.0546,0.0757,0.83,0.196,0.104;aaaaaa;
0.72;0.971,0.157,0.532,0.943,0.0996,0.992,0.776,0.885,0.323,0.868;aaaaa;
0.122;0.581,0.123,0.43,0.587,0.646,0.154,0.351,0.218,0.182,0.325;aaaaaaaaa;
0.37;0.936,0.958,0.171,0.767,0.811,0.893,0.636,0.327,0.691,0.723;aaaaaaaaaa;
0.396;0.49,0.635,0.88,0.494,0.111,0.244,0.808,0.908,0.839,0.188;aaaaaaa;
0.898;0.854,0.469,0.966,0.857,0.732,0.635,0.351,0.56,0.0509,0.377;aaaaaaa;
0.724;0.584,0.00923,0.949,0.644,0.812,0.304,0.99,0.0576,0.808,0.534;aaaaaaaa;
0.0652;0.665,0.964,0.202,0.872,0.758,0.479,0.195,0.339,0.912,0.858;a;
0.869;0.536,0.404,0.344,0.97,0.545,0.76,0.939,0.879,0.149,0.619;aaaaaaa;
0.405;0.57,0.532,0.424,0.661,0.24,0.0633,0.101,0.593,0.477,0.0304;aaa;
0.624;0.00319,0.229,0.82,0.44,0.462,0.67,0.67,0.472,0.395,0.951;aaaaaaaaaa;
0.536;0.85,0.366,0.128,0.454,0.694,0.24,0.92,0.582,0.408,0.116;aaa;
0.009;0.455,0.515,0.31,0.139,0.818,0.268,0.957,0.0933,0.298,0.663;aaaaaaa;
0.19;0.169,0.926,0.67,0.109,0.167,0.357,0.228,0.72,0.758,0.412;aaaaaaa;
0.393;0.64,0.992,0.137,0.104,0.979,0.652,0.0238,0.274,0.185,0.936;aa;
0.147;0.783,0.975,0.6,0.0609,0.654,0.0532,0.058,0.895,0.0459,0.073;aa;
0.151;0.291,0.0248,0.894,0.348,0.808,0.0662,0.528,0.2,0.436,0.79;aaaaaa;
0.026;0.961,0.39,0.538,0.254,0.735,0.194,0.0115,0.721,0.608,0.0198;aaa;
0.638;0.749,0.147,0.0881,0.357,0.0923,0.436,0.0648,0.415,0.592,0.816;aaa;
0.524;0.232,0.343,0.619,0.428,0.833,0.796,0.629,0.762,0.745,0.406;aaaaaaaaaa;
0.318;0.372,0.452,0.881,0.185,0.381,0.667,0.53,0.158,0.0353,0.607;a;
0.354;0.923,0.178,0.429,0.128,0.699,0.149,0.938,0.989,0.571,0.875;aaaa;
0.446;0.7,0.671,0.000176,0.852,0.323,0.877,0.0831,0.322,0.633,0.046;aaaaaaaa;
0.0212;0.958,0.571,0.919,0.738,0.902,0.883,0.568,0.414,0.858,0.613;aaa;
0.78;0.888,0.47,0.634,0.163,0.504,0.249,0.332,0.826,0.954,0.821;aaaaaaaa;
0.0657;0.0574,0.486,0.322,0.746,0.938,0.173,0.036,0.082,0.224,0.563;aaaaaa;
0.516;0.87,0.25,0.0566,0.617,0.422,0.247,0.559,0.982,0.282,0.329;aaaaaaaaaa;
0.952;0.578,0.436,0.93,0.486,0.493,0.299,0.333,0.421,0.518,0.688;aaaaaaaaaa;
0.856;0.473,0.489,0.612,0.249,0.405,0.242,0.52,0.00373,0.269,0.838;a;
0.508;0.38,0.788,0.405,0.211,0.0879,0.831,0.00494,0.472,0.911,0.461;aaaaaaaa;
0.263;0.28,0.58,0.515,0.389,0.657,0.83,0.122,0.582,0.202,0.955;a;
0.215;0.423,0.19,0.206,0.353,0.13,0.217,0.0705,0.449,0.0018,0.262;aaaaaaaaaa;
0.618;0.175,0.116,0.813,0.3,0.881,0.492,0.453,0.458,0.904,0.994;aaaaaaaaa;
0.23;0.457,0.443,0.211,0.696,0.732,0.561,0.181,0.444,0.513,0.844;aaaa;
0.002;0.0113,0.163,0.774,0.466,0.825,0.924,0.828,0.758,0.556,0.706;aaaaaa;
0.229;0.926,0.381,0.597,0.746,0.664,0.521,0.768,0.43,0.591,0.317;a;
0.853;0.128,0.859,0.59,0.328,0.804,0.183,0.113,0.951,0.699,0.746;aaaaaaaa;
0.703;0.235,0.739,0.583,0.567,0.34,0.182,0.624,0.555,0.566,0.398;aa;
0.412;0.52,0.0292,0.67,0.784,0.451,0.215,0.305,0.245,0.346,0.12;aaaaa;
0.532;0.195,0.759,0.275,0.453,0.339,0.673,0.76,0.909,0.0869,0.765;aa;
0.669;0.22,0.65,0.597,0.829,0.0871,0.256,0.699,0.493,0.342,0.417;aaaaaaaaa;
0.368;0.176,0.0347,0.495,0.567,0.293,0.588,0.91,0.844,0.748,0.567;aaaaaa;
0.278;0.261,0.299,0.88,0.699,0.186,0.0393,0.149,0.101,0.565,0.26;a;
0.897;0.912,0.633,0.114,0.27,0.407,0.321,0.911,0.948,0.293,0.295;aaaaaaaaa;
0.517;0.71,0.239,0.0157,0.285,0.925,0.615,0.638,0.684,0.913,0.447;aaaaaaaaaa;
0.185;0.323,0.576,0.511,0.556,0.75,0.454,0.292,0.706,0.5,0.104;aaaaaaaa;
0.929;0.796,0.109,0.951,0.758,0.649,0.496,0.282,0.505,0.131,0.214;aaaaaaaa;
0.963;0.645,0.465,0.313,0.755,0.511,0.0271,0.803,0.436,0.861,0.873;aaaaa;
0.517;0.693,0.656,0.049,0.985,0.584,0.219,0.0854,0.0648,0.465,0.126;aaaa;
0.834;0.55,0.322,0.00934,0.501,0.405,0.605,0.495,0.436,0.375,0.596;aaaaaaaa;
0.972;0.578,0.0214,0.653,0.327,0.141,0.651,0.539,0.197,0.418,0.293;aaa;
0.73;0.92,0.262,0.78,0.907,0.306,0.00249,0.428,0.705,0.202,0.444;aaaaaaaa;
0.0128;0.465,0.294,0.703,0.327,0.905,0.644,0.245,0.598,0.0226,0.311;aaaaaaa;
0.656;0.0527,0.495,0.796,0.497,0.949,0.0263,0.00594,0.0293,0.701,0.961;a;
0.282;0.998,0.648,0.284,0.836,0.19,0.000281,0.268,0.216,0.432,0.974;aa;
0.169;0.79,0.836,0.717,0.951,0.0787,0.436,0.508,0.737,0.159,0.00373;aaaaaaaaaa;
0.833;0.991,0.931,0.714,0.525,0.968,0.606,0.574,0.907,0.933,0.198;a;
0.361;0.898,0.526,0.924,0.0616,0.895,0.493,0.206,0.133,0.69,0.565;aaaaaaaa;
0.46;0.506,0.498,0.233,0.0848,0.86,0.209,0.872,0.851,0.37,0.554;aaaa;
0.00815;0.884,0.425,0.489,0.909,0.977,0.773,0.205,0.983,0.757,0.0166;aaaaaaaaa;
0.102;0.938,0.299,0.244,0.397,0.82,0.71,0.441,0.656,0.55,0.516;aaaaaa;
0.487;0.406,0.266,0.588,0.00706,0.607,0.118,0.267,0.879,0.266,0.343;aaaaaaaa;
0.871;0.807,0.441,0.542,0.0923,0.597,0.234,0.21,0.206,0.827,0.256;aaaaa;
0.737;0.967,0.602,0.538,0.12,0.681,0.0828,0.0814,0.849,0.179,0.373;aaaa;
0.446;0.136,0.407,0.746,0.636,0.3,0.387,0.699,0.214,0.419,0.0778;aa;
0.509;0.366,0.818,0.133,0.863,0.338,0.0246,0.531,0.118,0.586,0.32;aaaaaaaaa;
0.691;0.517,0.0135,0.457,0.377,0.187,0.176,0.681,0.75,0.646,0.873;aaaaaaaaaa;
0.576;0.87,0.66,0.0496,0.544,0.386,0.824,0.214,0.0552,0.938,0.19;aaaaaa;
0.116;0.714,0.406,0.871,0.767,0.081,0.788,0.125,0.113,0.769,0.981;aa;
0.17;0.0665,0.257,0.724,0.27,0.162,0.459,0.0359,0.82,0.736,0.828;aaaaaa;
0.762;0.393,0.394,0.858,0.97,0.379,0.0797,0.726,0.728,0.69,0.116;aaaaaaaa;
0.817;0.494,0.285,0.921,0.0414,0.92,0.0154,0.87,0.278,0.868,0.512;aa;
0.271;0.666,0.811,0.951,0.0688,0.568,0.504,0.514,0.765,0.199,0.973;aaaaaaaaa;
0.171;0.951,0.859,0.879,0.624,0.345,0.481,0.919,0.917,0.558,0.143;aaaa;
0.446;0.461,0.268,0.576,0.486,0.262,0.755,0.987,0.329,0.566,0.233;aaaa;
0.947;0.654,0.619,0.309,0.0509,0.958,0.309,0.569,0.13,0.279,0.633;aaaa;
0.571;0.899,0.507,0.206,0.881,0.824,0.614,0.451,0.847,0.225,0.0586;aaaaaaaaa;
0.267;0.68,0.79,0.252,0.593,0.693,0.267,0.727,0.838,0.939,0.806;aaaaaa;
0.343;0.819,0.0615,0.686,0.00409,0.258,0.242,0.217,0.502,0.185,0.612;aa;
0.564;0.868,0.254,0.677,0.338,0.913,0.0509,0.947,0.39,0.953,0.0472;aaaaaaaaa;
0.532;0.911,0.23,0.584,0.664,0.559,0.949,0.253,0.111,0.0636,0.675;aaaaaaaa;
0.543;0.336,0.96,0.028,0.386,0.123,0.814,0.983,0.437,0.177,0.523;aaa;
0.51;0.127,0.847,0.954,0.997,0.532,0.276,0.231,0.402,0.036,0.28;aaaaaaaaa;
0.738;0.789,0.899,0.429,0.53,0.711,0.72,0.533,0.413,0.479,0.0185;aaaaaa;
0.424;0.333,0.894,0.641,0.339,0.999,0.776,0.744,0.247,0.451,0.0907;a;
0.153;0.478,0.809,0.75,0.27,0.905,0.791,0.0899,0.191,0.869,0.352;aaaaaaaa;
0.951;0.972,0.668,0.773,0.0115,0.219,0.0708,0.509,0.0472,0.347,0.901;aaaaa;
0.837;0.685,0.0874,0.931,0.553,0.573,0.271,0.986,0.844,0.94,0.78;a;
0.943;0.775,0.314,0.912,0.414,0.265,0.735,0.491,0.328,0.644,0.843;aa;
0.0321;0.742,0.487,0.19,0.564,0.139,0.426,0.166,0.676,0.0225,0.326;aa;
0.99;0.71,0.201,0.00333,0.332,0.544,0.275,0.137,0.89,0.696,0.541;aaaaaaaaa;
0.987;0.798,0.475,0.67,0.184,0.581,0.347,0.788,0.997,0.715,0.0837;aaa;
0.489;0.192,0.329,0.348,0.0822,0.554,0.144,0.693,0.449,0.442,0.853;aaa;
0.275;0.35,0.405,0.0179,0.599,0.0359,0.443,0.0278,0.95,0.331,0.337;aaaaaaaaa;
0.952;0.166,0.921,0.0648,0.607,0.687,0.844,0.745,0.573,0.128,0.0285;aaa;
0.972;0.459,0.535,0.638,0.996,0.423,0.726,0.452,0.998,0.00412,0.657;aaa;
0.159;0.64,0.874,0.159,0.6,0.959,0.504,0.684,0.272,0.992,0.246;aaaaaaaa;
0.574;0.477,0.325,0.454,0.373,0.012,0.792,0.201,0.495,0.474,0.843;aaaaa;
0.818;0.778,0.244,0.0832,0.447,0.547,0.771,0.298,0.0182,0.77,0.493;aaaaaaa;
0.9;0.872,0.376,0.244,0.794,0.154,0.396,0.802,0.429,0.112,0.772;aaaaaa;
0.333;0.058,0.133,0.639,0.99,0.395,0.95,0.0226,0.0597,0.974,0.201;aaaa;
0.608;0.913,0.587,0.965,0.123,0.431,0.356,0.89,0.448,0.827,0.745;aaaaaaaa;
0.478;0.591,0.26,0.922,0.583,0.974,0.895,0.456,0.941,0.85,0.186;a;
0.131;0.638,0.306,0.817,0.54,0.898,0.599,0.267,0.627,0.256,0.658;aa;
0.292;0.609,0.418,0.982,0.351,0.453,0.836,0.686,0.407,0.061,0.55;aaa;
0.0496;0.578,0.791,0.753,0.687,0.726,0.0454,0.825,0.243,0.6,0.23;aaaaaa;
0.293;0.37,0.861,0.859,0.14,0.487,0.757,0.199,0.631,0.829,0.398;a;
0.969;0.89,0.225,0.683,0.77,0.307,0.564,0.416,0.0384,0.216,0.0782;aaaaaaaaaa;
0.184;0.464,0.675,0.578,0.821,0.855,0.0461,0.343,0.577,0.794,0.752;aa;
0.913;0.253,0.13,0.276,0.758,0.55,0.452,0.943,0.146,0.00786,0.557;aaaaa;
0.877;0.255,0.983,0.452,0.595,0.979,0.184,0.476,0.238,0.153,0.263;aaaaaaaaaa;
0.861;0.419,0.483,0.821,0.146,0.2,0.302,0.284,0.547,0.885,0.21;aaa;
0.0234;0.463,0.9,0.142,0.831,0.127,0.475,0.583,0.134,0.734,0.83;aaaaaaaaa;
0.684;0.99,0.174,0.706,0.127,0.979,0.145,0.606,0.575,0.352,0.0433;a;
0.488;0.897,0.905,0.323,0.511,0.0362,0.41,0.387,0.94,0.346,0.182;aaaaaaaaa;
0.0319;0.404,0.706,0.25,0.66,0.0763,0.0406,0.57,0.728,0.689,0.899;aaaa;
0.62;0.46,0.339,0.332,0.279,0.624,0.29,0.904,0.617,0.281,0.976;a;
0.867;0.938,0.412,0.646,0.912,0.0534,0.989,0.818,0.602,0.83,0.206;aaa;
0.866;0.455,0.169,0.538,0.393,0.897,0.386,0.43,0.818,0.0529,0.513;aa;
0.542;0.169,0.0537,0.0776,0.229,0.669,0.323,0.173,0.378,0.141,0.978;aaaaa;
0.312;0.647,0.636,0.0935,0.154,0.596,0.426,0.0617,0.219,0.316,0.151;a;
0.263;0.113,0.733,0.289,0.467,0.589,0.59,0.218,0.653,0.252,0.897;aaaaaaaa;
0.501;0.897,0.679,0.237,0.158,0.304,0.635,0.406,0.347,0.691,0.0484;aa;
0.18;0.895,0.809,0.965,0.339,0.74,0.667,0.132,0.736,0.629,0.642;aaa;
0.324;0.741,0.316,0.516,0.676,0.567,0.488,0.976,0.0186,0.095,0.273;aa;
0.76;0.96,0.0673,0.566,0.186,0.226,0.211,0.817,0.128,0.392,0.472;aaaaaaaa;
0.285;0.344,0.884,0.844,0.436,0.949,0.725,0.548,0.945,0.598,0.626;aaaaaaaa;
0.96;0.461,0.332,0.0858,0.28,0.825,0.215,0.706,0.673,0.346,0.562;aaaa;
0.698;0.566,0.329,0.35,0.0767,0.261,0.957,0.286,0.915,0.286,0.518;aaaaaaaa;
0.678;0.0385,0.122,0.327,0.974,0.404,0.224,0.891,0.104,0.509,0.604;aaa;
0.814;0.434,0.254,0.546,0.35,0.661,0.408,0.0792,0.218,0.251,0.251;aaaaaaaaa;
0.843;0.0434,0.11,0.327,0.621,0.0731,0.56,0.186,0.277,0.0931,0.0509;aaaaaaaa;
0.806;0.631,0.233,0.395,0.975,0.716,0.104,0.857,0.609,0.87,0.404;aaaaaa;
0.462;0.0762,0.794,0.218,0.54,0.155,0.816,0.986,0.735,0.279,0.499;a;
0.916;0.0973,0.333,0.82,0.534,0.523,0.0204,0.283,0.0479,0.299,0.203;aaaa;
0.969;0.36,0.902,0.619,0.334,0.907,0.0145,0.874,0.403,0.0914,0.663;aaaa;
0.573;0.594,0.936,0.871,0.287,0.922,0.978,0.931,0.909,0.486,0.794;aaaaa;
0.0109;0.541,0.866,0.629,0.246,0.827,0.358,0.766,0.0502,0.0994,0.92;aa;
0.316;0.645,0.229,0.797,0.377,0.335,0.115,0.621,0.871,0.271,0.786;aaaaaa;
0.732;0.0814,0.37,0.306,0.618,0.668,0.312,0.0472,0.2,0.493,0.117;aaaaaaa;
0.381;0.0815,0.874,0.472,0.207,0.0844,0.54,0.947,0.902,0.768,0.00605;aaaaa;
0.801;0.343,0.632,0.9,0.441,0.131,0.0802,0.725,0.87,0.294,0.819;aaaaaaaa;
0.901;0.642,0.427,0.564,0.17,0.858,0.753,0.502,0.329,0.695,0.799;aa;
0.665;0.419,0.505,0.311,0.997,0.34,0.924,0.0471,0.75,0.33,0.0134;aaaaaaaa;
0.124;0.744,0.84,0.583,0.284,0.609,0.625,0.318,0.852,0.647,0.752;aaaaaaa;
0.422;0.345,0.31,0.25,0.158,0.625,0.858,0.96,0.145,0.602,0.91;aaaaaaa;
0.663;0.52,0.182,0.0829,0.269,0.77,0.0706,0.267,0.946,0.69,0.232;aaaaaaaaaa;
0.629;0.307,0.186,0.442,0.856,0.814,0.545,0.604,0.394,0.955,0.623;aaaaaaaa;
0.99;0.0633,0.182,0.73,0.235,0.44,0.287,0.461,0.0222,0.716,0.73;aaaaaaaa;
0.263;0.938,0.493,0.636,0.377,0.721,0.388,0.358,0.794,0.24,0.813;aa;
0.508;0.909,0.306,0.917,0.348,0.718,0.135,0.0794,0.509,0.588,0.594;aaaa;
0.82;0.0738,0.687,0.0602,0.941,0.985,0.0271,0.776,0.501,0.288,0.54;aaaa;
0.603;0.672,0.394,0.0105,0.932,0.446,0.356,0.948,0.171,0.687,0.306;aaaaaaaa;
0.0442;0.294,0.889,0.178,0.664,0.12,0.149,0.38,0.13,0.414,0.0978;aaaaaaa;
0.303;0.089,0.989,0.066,0.638,0.0534,0.874,0.14,0.399,0.239,0.695;aaaaaaaaaa;
0.669;0.211,0.484,0.988,0.61,0.476,0.754,0.919,0.836,0.278,0.0294;aaaaaaaaaa;
0.947;0.478,0.952,0.293,0.277,0.648,0.21,0.231,0.102,0.799,0.611;aaaaaaaa;
0.0938;0.378,0.492,0.0851,0.626,0.664,0.396,0.954,0.267,0.415,0.472;aaaaa;
0.0982;0.193,0.154,0.0744,0.356,0.0325,0.632,0.299,0.0633,0.829,0.946;aaaaaaaaaa;
0.814;0.921,0.082,0.6,0.0759,0.421,0.871,0.755,0.072,0.75,0.384;aaaaaaa;
0.832;0.746,0.348,0.338,0.156,0.0778,0.738,0.129,0.82,0.582,0.902;aaa;
0.774;0.382,0.121,0.777,0.835,0.635,0.646,0.471,0.304,0.00313,0.923;aaaaaaaaa;
0.347;0.657,0.355,0.378,0.426,0.486,0.563,0.335,0.0361,0.427,0.176;aaaaa;
0.4;0.647,0.563,0.971,0.0768,0.788,0.942,0.313,0.122,0.165,0.295;aaaaaaaaaa;
0.407;0.0918,0.232,0.709,0.95,0.345,0.85,0.108,0.439,0.977,0.124;aaaaa;
0.92;0.992,0.0453,0.749,0.164,0.911,0.489,0.156,0.445,0.0724,0.375;aaaaaa;
0.728;0.992,0.567,0.42,0.677,0.476,0.947,0.268,0.922,0.552,0.551;aa;
0.763;0.189,0.81,0.356,0.849,0.709,0.323,0.546,0.839,0.293,0.374;aaaaaaaaa;
0.765;0.0263,0.0537,0.777,0.598,0.413,0.631,0.77,0.958,0.695,0.846;aa;
0.651;0.976,0.0896,0.398,0.64,0.615,0.265,0.554,0.278,0.341,0.657;aaaa;
0.307;0.549,0.581,0.895,0.193,0.887,0.943,0.92,0.669,0.46,0.0186;aaaaaaaaaa;
0.383;0.643,0.759,0.183,0.167,0.825,0.495,0.654,0.283,0.869,0.225;aaaaaaaaa;
0.624;0.37,0.115,0.0901,0.662,0.033,0.779,0.752,0.835,0.625,0.113;aaaaaaaa;
0.497;0.621,0.515,0.933,0.205,0.805,0.337,0.0058,0.0895,0.729,0.251;aaaa;
0.0195;0.571,0.873,0.444,0.79,0.631,0.82,0.365,0.676,0.664,0.361;a;
0.592;0.598,0.517,0.375,0.321,0.922,0.0952,0.25,0.599,0.362,0.671;aaaaaaaa;
0.343;0.729,0.457,0.552,0.844,0.805,0.57,0.869,0.716,0.688,0.699;aaaaaaaaa;
0.466;0.594,0.386,0.529,0.172,0.986,0.974,0.444,0.429,0.766,0.303;aaaaaaaaaa;
0.984;0.325,0.744,0.973,0.574,0.735,0.127,0.326,0.896,0.118,0.291;aaaaaaaa;
0.954;0.913,0.576,0.542,0.436,0.474,0.284,0.386,0.469,0.921,0.783;aaaaaaaaa;
0.263;0.435,0.448,0.0526,0.169,0.232,0.208,0.726,0.523,0.178,0.758;aaaaaaaaaa;
0.0509;0.164,0.207,0.249,0.265,0.132,0.24,0.691,0.447,0.359,0.911;aaaaaaaaaa;
0.115;0.853,0.151,0.528,0.607,0.616,0.21,0.161,0.222,0.748,0.412;aaa;
0.727;0.123,0.342,0.779,0.0705,0.526,0.515,0.623,0.623,0.49,0.323;a;
0.495;0.739,0.412,0.217,0.319,0.469,0.2,0.759,0.38,0.393,0.615;aaa;
0.515;0.163,0.798,0.791,0.345,0.018,0.454,0.498,0.165,0.238,0.32;aaaaaaaaa;
0.562;0.989,0.535,0.0541,0.728,0.421,0.421,0.423,0.644,0.772,0.0925;a;
0.277;0.587,0.513,0.826,0.232,0.122,0.916,0.786,0.748,0.953,0.0724;aaaaaaaaaa;
0.337;0.961,0.867,0.623,0.393,0.827,0.019,0.899,0.971,0.524,0.597;aaaaaaaaa;
0.798;0.65,0.139,0.697,0.0563,0.09,0.133,0.42,0.739,0.295,0.496;aaaa;
0.00224;0.42,0.405,0.774,0.306,0.356,0.23,0.471,0.349,0.69,0.216;aaaaaaaaaa;
0.19;0.75,0.773,0.655,0.517,0.038,0.984,0.849,0.0258,0.795,0.507;aaaaaaaaaa;
0.655;0.809,0.696,0.241,0.29,0.705,0.636,0.946,0.07,0.655,0.122;aaaaaaaa;
0.975;0.784,0.504,0.0103,0.949,0.703,0.894,0.068,0.876,0.572,0.0715;aaaaaaaaaa;
0.201;0.763,0.187,0.839,0.16,0.161,0.504,0.341,0.663,0.248,0.622;a;
0.0384;0.455,0.868,0.026,0.276,0.575,0.466,0.359,0.0196,0.766,0.336;aaaaaaaa;
0.36;0.346,0.827,0.658,0.0644,0.474,0.356,0.305,0.719,0.565,0.791;aaaaa;
0.843;0.721,0.14,0.936,0.786,0.705,0.417,0.163,0.833,0.43,0.895;aaaaaaaa;
0.636;0.929,0.0214,0.276,0.899,0.311,0.659,0.0766,0.0426,0.427,0.96;aaa;
0.76;0.786,0.516,0.431,0.173,0.529,0.738,0.374,0.522,0.231,0.862;a;
0.559;0.811,0.498,0.349,0.0108,0.302,0.611,0.096,0.67,0.787,0.677;aaaaaaaaa;
0.698;0.703,0.0704,0.732,0.627,0.0679,0.0739,0.263,0.839,0.581,0.586;aaa;
0.942;0.431,0.397,0.501,0.66,0.138,0.522,0.756,0.0466,0.984,0.206;aaaa;
0.687;0.224,0.405,0.801,0.593,0.242,0.000731,0.871,0.374,0.131,0.511;aaaa;
0.671;0.413,0.12,0.676,0.826,0.0691,0.705,0.624,0.0105,0.957,0.442;aaaa;
0.385;0.0241,0.0466,0.728,0.767,0.339,0.812,0.692,0.875,0.255,0.559;aaaaaaa;
0.174;0.906,0.41,0.00399,0.721,0.938,0.321,0.734,0.32,0.992,0.107;aaaaaaaa;
0.926;0.166,0.486,0.877,0.0751,0.253,0.83,0.91,0.15,0.575,0.857;a;
0.389;0.353,0.717,0.324,0.565,0.0682,0.427,0.33,0.846,0.514,0.624;aaaaa;
0.03;0.581,0.0882,0.12,0.424,0.426,0.289,0.832,0.0514,0.562,0.441;aaaaaaaaa;
0.776;0.967,0.878,0.422,0.148,0.198,0.572,0.2,0.653,0.161,0.295;aaaaaaaaa;
0.51;0.0224,0.57,0.264,0.683,0.841,0.963,0.316,0.0419,0.332,0.63;aaaaaaaaa;
0.114;0.991,0.746,0.537,0.387,0.465,0.309,0.0345,0.397,0.00181,0.0325;aaaaaaaaaa;
0.136;0.721,0.806,0.211,0.709,0.104,0.163,0.356,0.639,0.622,0.56;aa;
0.209;0.486,0.644,0.239,0.367,0.768,0.0491,0.109,0.999,0.956,0.211;a;
0.704;0.214,0.203,0.133,0.0889,0.698,0.319,0.323,0.42,0.503,0.573;aaaaaa;
0.63;0.835,0.722,0.0243,0.774,0.367,0.253,0.349,0.823,0.206,0.138;aaa;
0.974;0.295,0.0653,0.884,0.116,0.639,0.13,0.000996,0.749,0.0492,0.276;aaaaa;
0.413;0.503,0.585,0.0798,0.125,0.0566,0.532,0.775,0.904,0.327,0.698;aaaa;
0.932;0.586,0.969,0.273,0.856,0.845,0.229,0.535,0.55,0.189,0.927;aa;
0.325;0.806,0.183,0.655,0.00794,0.289,0.906,0.541,0.112,0.857,0.186;aaaa;
0.158;0.218,0.891,0.623,0.642,0.952,0.139,0.709,0.863,0.19,0.975;aaaa;
0.825;0.426,0.145,0.53,0.814,0.495,0.62,0.797,0.539,0.392,0.592;aaaa;
0.529;0.831,0.842,0.703,0.37,0.472,0.037,0.335,0.157,0.602,0.856;aaaaa;
0.668;0.802,0.414,0.856,0.955,0.628,0.407,0.839,0.169,0.97,0.561;a;
0.349;0.423,0.405,0.3,0.794,0.554,0.612,0.314,0.0175,0.633,0.114;aaaaa;
0.163;0.928,0.118,0.0457,0.933,0.056,0.103,0.675,0.828,0.0893,0.429;aaaaaaaaa;
0.225;0.144,0.897,0.915,0.285,0.049,0.443,0.973,0.3,0.117,0.235;aaaaaaa;
0.272;0.108,0.304,0.959,0.589,0.366,0.508,0.251,0.643,0.332,0.447;aaaaaaaaaa;
0.372;0.678,0.297,0.74,0.308,0.0996,0.848,0.267,0.98,0.376,0.873;aaaa;
0.33;0.599,0.719,0.447,0.509,0.842,0.997,0.975,0.45,0.992,0.804;aaaa;
0.481;0.375,0.845,0.475,0.502,0.719,0.585,0.305,0.84,0.994,0.746;aaaaaaaa;
0.462;0.122,0.547,0.279,0.36,0.688,0.857,0.109,0.198,0.942,0.125;aaaaaaaaaa;
0.889;0.564,0.766,0.299,0.421,0.386,0.14,0.499,0.222,0.0651,0.502;aaa;
0.633;0.508,0.0854,0.975,0.992,0.118,0.7,0.93,0.185,0.781,0.0808;aaaaaa;
0.808;0.339,0.141,0.348,0.775,0.267,0.905,0.33,0.472,0.745,0.374;aaaa;
0.814;0.7,0.192,0.434,0.747,0.0649,0.71,0.257,0.635,0.389,0.8;aaaaaaaaa;
0.622;0.869,0.0181,0.158,0.704,0.229,0.994,0.0792,0.682,0.354,0.145;aaaa;
0.584;0.89,0.686,0.249,0.163,0.379,0.122,0.726,0.524,0.453,0.204;aaa;
0.578;0.467,0.294,0.204,0.0615,0.652,0.449,0.856,0.238,0.0423,0.0286;a;
0.281;0.69,0.827,0.13,0.237,0.416,0.45,0.229,0.488,0.278,0.167;aaaaa;
0.389;0.284,0.926,0.333,0.404,0.723,0.15,0.593,0.391,0.99,0.518;aaaaa;
0.994;0.017,0.582,0.75,0.167,0.699,0.857,0.529,0.817,0.116,0.921;aaaaaaaaaa;
0.526;0.574,0.419,0.115,0.94,0.14,0.318,0.828,0.828,0.883,0.592;aaaaaaa;
0.355;0.883,0.163,0.331,0.62,0.637,0.434,0.885,0.67,0.639,0.979;aaaaaaaaa;
0.975;0.903,0.811,0.148,0.731,0.961,0.882,0.934,0.377,0.522,0.733;aaaa;
0.926;0.434,0.459,0.512,0.0549,0.593,0.347,0.84,0.513,0.0306,0.0111;aaaaaa;
0.259;0.508,0.478,0.903,0.923,0.807,0.953,0.821,0.847,0.933,0.273;aa;
0.838;0.708,0.332,0.203,0.122,0.882,0.767,0.941,0.155,0.624,0.226;a;
0.379;0.627,0.218,0.788,0.247,0.815,0.691,0.346,0.912,0.0577,0.84;aa;
0.329;0.403,0.864,0.957,0.339,0.209,0.305,0.521,0.239,0.489,0.892;aaaaa;
0.548;0.149,0.504,0.0461,0.733,0.42,0.657,0.167,0.038,0.0775,0.285;a;
0.629;0.814,0.206,0.993,0.231,0.877,0.305,0.203,0.971,0.855,0.969;aaaaaaaaa;
0.953;0.23,0.521,0.393,0.905,0.19,0.788,0.448,0.548,0.162,0.868;aaaaaaaaaa;
0.532;0.971,0.227,0.196,0.552,0.82,0.567,0.765,0.0487,0.869,0.99;aa;
0.508;0.982,0.428,0.164,0.983,0.92,0.546,0.0669,0.146,0.275,0.694;aaa;
0.0567;0.807,0.534,0.693,0.927,0.959,0.56,0.875,0.745,0.301,0.633;aaaaaaaaa;
0.123;0.0227,0.862,0.912,0.9,0.744,0.34,0.135,0.694,0.102,0.146;aaaaaa;
0.474;0.655,0.565,0.568,0.731,0.986,0.787,0.709,0.747,0.39,0.694;aaaaaaa;
0.293;0.0172,0.095,0.281,0.313,0.14,0.0382,0.826,0.558,0.232,0.838;aaaaa;
0.0112;0.103,0.508,0.521,0.824,0.169,0.318,0.552,0.648,0.446,0.163;aa;
0.319;0.796,0.828,0.643,0.482,0.26,0.82,0.556,0.404,0.245,0.318;aaaaaaaaa;
0.849;0.347,0.634,0.719,0.347,0.444,0.457,0.806,0.465,0.855,0.9;aaaaaaaaa;
0.465;0.791,0.88,0.237,0.459,0.482,0.152,0.277,0.548,0.748,0.0545;aaaa;
0.408;0.791,0.0597,0.0448,0.18,0.736,0.452,0.19,0.636,0.73,0.813;aaaaaaaaaa;
0.321;0.0849,0.562,0.441,0.646,0.594,0.282,0.593,0.07,0.445,0.396;a;
0.573;0.217,0.517,0.14,0.0331,0.489,0.712,0.273,0.138,0.9,0.591;aaa;
0.686;0.307,0.348,0.582,0.699,0.711,0.616,0.74,0.579,0.797,0.549;aaaaa;
0.927;0.121,0.0793,0.405,0.267,0.71,0.0953,0.311,0.443,0.735,0.313;aaaaa;
0.479;0.0752,0.876,0.311,0.955,0.802,0.351,0.291,0.0602,0.695,0.305;aaaaaaaa;
0.279;0.419,0.179,0.647,0.956,0.28,0.552,0.84,0.14,0.235,0.871;aaaaaa;
0.328;0.243,0.264,0.199,0.967,0.801,0.196,0.76,0.229,0.491,0.579;aaaaaa;
0.223;0.212,0.36,0.465,0.411,0.261,0.0979,0.788,0.499,0.649,0.946;aaaaaaaa;
0.848;0.546,0.993,0.196,0.229,0.685,0.163,0.317,0.15,0.697,0.768;aaaa;
0.881;0.387,0.283,0.781,0.154,0.346,0.229,0.103,0.184,0.223,0.873;aaaaaaa;
0.461;0.471,0.109,0.471,0.633,0.0291,0.799,0.445,0.418,0.22,0.797;a;
0.375;0.219,0.0837,0.705,0.22,0.626,0.746,0.712,0.631,0.264,0.255;aaaaaaaaaa;
0.209;0.913,0.483,0.961,0.212,0.455,0.233,0.936,0.758,0.884,0.0663;aa;
0.865;0.0737,0.994,0.87,0.911,0.827,0.537,0.392,0.777,0.645,0.294;aaaaaa;
0.558;0.346,0.448,0.518,0.611,0.24,0.395,0.908,0.0748,0.949,0.0957;aaa;
0.34;0.914,0.539,0.534,0.25,0.673,0.959,0.511,0.988,0.557,0.533;aa;
0.901;0.73,0.26,0.0205,0.967,0.935,0.0898,0.837,0.443,0.858,0.967;aaaaa;
0.0983;0.0423,0.98,0.703,0.924,0.512,0.635,0.0783,0.221,0.158,0.0128;aaaaaaaaaa;
0.471;0.216,0.318,0.818,0.549,0.572,0.885,0.284,0.531,0.532,0.928;a;
0.841;0.0542,0.604,0.166,0.234,0.281,0.304,0.499,0.59,0.127,0.888;aaaaa;
0.791;0.961,0.254,0.979,0.512,0.781,0.25,0.907,0.78,0.462,0.692;a;
0.706;0.995,0.906,0.409,0.351,0.921,0.113,0.728,0.114,0.73,0.833;aaa;
0.871;0.469,0.721,0.165,0.901,0.318,0.766,0.604,0.21,0.216,0.809;aa;
0.322;0.0349,0.944,0.912,0.939,0.508,0.177,0.745,0.31,0.153,0.208;aaaaaaaaaa;
0.792;0.782,0.469,0.381,0.668,0.978,0.492,0.847,0.243,0.532,0.766;aaaaaaa;
0.525;0.15,0.221,0.796,0.483,0.991,0.465,0.514,0.507,0.827,0.437;aaaa;
0.686;0.0705,0.118,0.0215,0.482,0.764,0.134,0.737,0.24,0.885,0.613;aaaaaaaaa;
0.92;0.186,0.81,0.0155,0.234,0.645,0.796,0.598,0.4,0.456,0.981;aa;
0.0515;0.43,0.209,0.741,0.292,0.599,0.328,0.297,0.819,0.637,0.778;aaaaaaa;
0.383;0.866,0.539,0.418,0.164,0.111,0.15,0.125,0.0354,0.821,0.781;aaaaaaa;
0.356;0.158,0.00551,0.246,0.366,0.405,0.758,0.0505,0.594,0.0618,0.0228;aaaaaaaaaa;
0.492;0.0104,0.771,0.702,0.206,0.416,0.406,0.088,0.109,0.405,0.536;aaaaaaaaa;
0.377;0.938,0.66,0.853,0.766,0.55,0.163,0.014,0.732,0.247,0.078;aaaaa;
0.289;0.716,0.707,0.818,0.361,0.0721,0.0233,0.54,0.328,0.439,0.939;aaaa;
0.187;0.162,0.0405,0.896,0.226,0.988,0.0491,0.438,0.735,0.612,0.235;aaaaaaaaaa;
0.965;0.62,0.681,0.529,0.397,0.848,0.634,0.902,0.901,0.368,0.806;aaaa;
0.979;0.21,0.721,0.697,0.578,0.281,0.0828,0.7,0.525,0.723,0.718;aaaa;
0.38;0.938,0.678,0.234,0.414,0.204,0.157,0.038,0.867,0.986,0.22;aaaaaaaaa;
0.311;0.0257,0.1,0.077,0.448,0.638,0.437,0.171,0.907,0.674,0.679;aaaaa;
0.13;0.211,0.724,0.585,0.0912,0.988,0.188,0.0661,0.955,0.743,0.268;aaaaaaaaaa;
0.177;0.33,0.706,0.679,0.257,0.385,0.11,0.0999,0.289,0.588,0.554;aaaa;
0.234;0.712,0.782,0.0972,0.0359,0.705,0.939,0.754,0.818,0.147,0.8;a;
0.171;0.833,0.953,0.709,0.698,0.873,0.0523,0.417,0.647,0.186,0.538;aaaaaaaa;
0.955;0.689,0.256,0.246,0.0691,0.709,0.0263,0.787,0.196,0.234,0.248;aaaaaa;
0.525;0.437,0.638,0.607,0.473,0.971,0.417,0.665,0.21,0.363,0.487;aaaaaaa;
0.491;0.444,0.517,0.707,0.0824,0.787,0.193,0.842,0.962,0.162,0.6;aaaaaaaaa;
0.279;0.486,0.637,0.741,0.506,0.82,0.704,0.568,0.123,0.723,0.551;aaa;
0.952;0.0399,0.503,0.518,0.863,0.191,0.484,0.191,0.656,0.983,0.66;aaaaaa;
0.0924;0.724,0.162,0.926,0.652,0.939,0.852,0.937,0.508,0.218,0.261;aa;
0.54;0.339,0.242,0.978,0.172,0.597,0.362,0.476,0.198,0.29,0.726;aaa;
0.425;0.522,0.973,0.0597,0.297,0.986,0.203,0.618,0.745,0.877,0.605;a;
0.097;0.344,0.37,0.73,0.28,0.556,0.443,0.359,0.301,0.768,0.145;aaaaaaaaaa;
0.42;0.882,0.427,0.738,0.857,0.441,0.522,0.0213,0.729,0.601,0.836;aaaaaaa;
0.481;0.264,0.338,0.232,0.306,0.153,0.877,0.942,0.231,0.0967,0.53;aa;
0.346;0.639,0.659,0.74,0.0672,0.251,0.264,0.44,0.579,0.179,0.705;aaaaaaaaaa;
0.365;0.832,0.0247,0.611,0.751,0.291,0.729,0.463,0.301,0.717,0.817;a;
0.562;0.15,0.893,0.0836,0.842,0.812,0.771,0.156,0.36,0.268,0.781;aaaaaaaa;
0.441;0.749,0.666,0.564,0.313,0.631,0.867,0.774,0.372,0.202,0.749;aa;
0.109;0.447,0.48,0.705,0.463,0.884,0.0768,0.476,0.968,0.375,0.861;aaaaaaaa;
0.403;0.566,0.799,0.212,0.954,0.938,0.917,0.99,0.695,0.285,0.385;aaaaaaaa;
0.527;0.722,0.846,0.823,0.259,0.136,0.486,0.818,0.552,0.7,0.466;aa;
0.54;0.00709,0.335,0.789,0.157,0.773,0.943,0.167,0.25,0.087,0.555;aaaaaa;
0.0295;0.697,0.789,0.00242,0.675,0.17,0.681,0.692,0.738,0.617,0.856;aaa;
0.356;0.659,0.289,0.735,0.964,0.559,0.857,0.896,0.64,0.693,0.46;aaaaaa;
0.568;0.0292,0.0475,0.626,0.053,0.108,0.304,0.852,0.567,0.321,0.172;a;
0.651;0.936,0.678,0.527,0.0629,0.872,0.587,0.853,0.268,0.118,0.0675;aaaaaa;
0.695;0.42,0.314,0.564,0.937,0.499,0.834,0.195,0.952,0.117,0.566;aaaaa;
0.115;0.479,0.25,0.67,0.354,0.068,0.435,0.627,0.1,0.339,0.514;aa;
0.599;0.388,0.289,0.926,0.878,0.0785,0.469,0.746,0.256,0.187,0.242;aaaaaaaa;
0.0264;0.664,0.309,0.955,0.463,0.973,0.984,0.382,0.11,0.543,0.0746;aaaaa;
0.472;0.718,0.224,0.259,0.551,0.0833,0.188,0.392,0.378,0.975,0.713;aaa;
0.753;0.422,0.886,0.551,0.0829,0.433,0.264,0.0598,0.435,0.348,0.996;aa;
0.885;0.791,0.0589,0.358,0.887,0.698,0.824,0.482,0.615,0.631,0.956;aaaaaa;
0.188;0.0689,0.568,0.96,0.00274,0.345,0.435,0.272,0.615,0.311,0.0815;aaaa;
0.655;0.418,0.769,0.703,0.775,0.59,0.082,0.119,0.403,0.356,0.143;aaaaaa;
0.945;0.35,0.179,0.521,0.303,0.909,0.292,0.751,0.594,0.464,0.801;aaaaaaaa;
0.318;0.36,0.606,0.184,0.322,0.579,0.928,0.129,0.945,0.945,0.477;aaaaaaa;
0.377;0.982,0.374,0.616,0.16,0.841,0.174,0.151,0.14,0.144,0.811;a;
0.82;0.719,0.524,0.734,0.135,0.845,0.178,0.465,0.95,0.64,0.00724;aa;
0.785;0.793,0.177,0.166,0.0239,0.671,0.811,0.627,0.846,0.931,0.644;aaa;
0.413;0.0133,0.681,0.955,0.804,0.114,0.0934,0.519,0.769,0.909,0.875;aaaaaa;
0.904;0.94,0.393,0.0904,0.262,0.581,0.806,0.505,0.252,0.377,0.957;aaaa;
0.984;0.909,0.389,0.316,0.795,0.824,0.899,0.604,0.0492,0.899,0.12;aaaaaaaaa;
0.505;0.833,0.739,0.251,0.825,0.0498,0.652,0.417,0.599,0.283,0.941;aaaaa;
0.848;0.226,0.173,0.641,0.915,0.477,0.856,0.226,0.833,0.105,0.8;aaaaaaaaa;
0.965;0.267,0.285,0.946,0.158,0.663,0.962,0.176,0.933,0.333,0.762;a;
0.736;0.126,0.511,0.471,0.816,0.848,0.612,0.0268,0.616,0.0987,0.819;aaaaaaaaaa;
0.301;0.831,0.831,0.719,0.27,0.745,0.858,0.444,0.568,0.333,0.0965;aaaa;
0.633;0.935,0.646,0.00966,0.137,0.896,0.473,0.54,0.772,0.259,0.581;aaaaaaaaaa;
0.272;0.0687,0.829,0.444,0.0831,0.938,0.258,0.467,0.504,0.535,0.365;aaaa;
0.159;0.934,0.482,0.224,0.338,0.365,0.195,0.438,0.228,0.229,0.156;aa;
0.627;0.664,0.776,0.315,0.249,0.534,0.166,0.491,0.986,0.455,0.568;aaaaaaaa;
0.0373;0.574,0.252,0.879,0.808,0.616,0.671,0.0733,0.949,0.494,0.852;aaaaa;
0.234;0.517,0.263,0.175,0.43,0.816,0.208,0.00918,0.512,0.888,0.197;aaaaaaaa;
0.384;0.755,0.212,0.213,0.493,0.402,0.568,0.526,0.724,0.16,0.211;aaaa;
0.714;0.934,0.863,0.0459,0.5,0.815,0.847,0.377,0.611,0.166,0.689;aaaaaaaa;
0.503;0.365,0.866,0.22,0.755,0.0548,0.2,0.81,0.714,0.24,0.322;aaa;
0.923;0.997,0.0862,0.396,0.398,0.598,0.0247,0.525,0.528,0.382,0.918;aaaaaaaaa;
0.216;0.557,0.745,0.63,0.768,0.0464,0.795,0.774,0.287,0.391,0.239;aaaaaaaaa;
0.439;0.231,0.422,0.226,0.494,0.315,0.916,0.223,0.3,0.328,0.0382;aaaaaaaaa;
0.591;0.141,0.813,0.819,0.316,0.781,0.92,0.047,0.947,0.406,0.947;aaaa;
0.71;0.582,0.8,0.853,0.65,0.57,0.51,0.0726,0.2,0.543,0.941;aa;
0.831;0.134,0.262,0.0679,0.455,0.0756,0.509,0.384,0.402,0.984,0.484;aaaaaaaaa;
0.071;0.909,0.0675,0.116,0.631,0.117,0.037,0.665,0.237,0.595,0.0783;aaaaaaaaaa;
0.833;0.893,0.185,0.762,0.706,0.706,0.472,0.0713,0.885,0.249,0.262;aaaaa;
0.775;0.248,0.465,0.679,0.106,0.942,0.653,0.622,0.271,0.846,0.399;aaa;
0.743;0.753,0.791,0.246,0.409,0.857,0.56,0.176,0.94,0.229,0.343;aaaaa;
0.734;0.366,0.315,0.597,0.567,0.178,0.599,0.131,0.688,0.816,0.709;aaaaaaaaa;
0.271;0.0374,0.575,0.852,0.0407,0.484,0.318,0.671,0.218,0.425,0.311;aa;
0.263;0.156,0.487,0.782,0.015,0.505,0.686,0.425,0.266,0.00995,0.261;aaaaaaaaa;
0.716;0.561,0.398,0.781,0.718,0.898,0.751,0.911,0.0678,0.0929,0.812;aaa;
0.685;0.786,0.022,0.547,0.552,0.733,0.654,0.418,0.494,0.071,0.658;aaaaaaa;
0.798;0.0865,0.0588,0.811,0.701,0.594,0.957,0.795,0.96,0.514,0.95;aaaaaa;
0.0221;0.268,0.286,0.341,0.015,0.55,0.921,0.751,0.792,0.843,0.817;a;
0.439;0.0493,0.0569,0.513,0.355,0.295,0.33,0.976,0.705,0.469,0.482;aaaaaaaaa;
0.136;0.444,0.391,0.027,0.798,0.941,0.447,0.771,0.601,0.87,0.537;aaaaaaaaa;
0.319;0.0593,0.349,0.34,0.927,0.729,0.822,0.94,0.979,0.993,0.409;aaaaaaaa;
0.185;0.249,0.962,0.729,0.569,0.348,0.593,0.768,0.977,0.628,0.325;aaa;
0.436;0.552,0.79,0.579,0.76,0.761,0.743,0.285,0.0976,0.581,0.226;aa;
0.104;0.681,0.112,0.852,0.586,0.411,0.963,0.737,0.147,0.889,0.0754;aa;
0.72;0.034,0.923,0.311,0.763,0.923,0.747,0.545,0.105,0.575,0.145;a;
0.95;0.2,0.214,0.369,0.749,0.00161,0.466,0.0758,0.277,0.633,0.0494;aaaaaaaaaa;
0.94;0.0134,0.837,0.722,0.457,0.708,0.862,0.486,0.976,0.695,0.503;aaa;
0.315;0.764,0.0724,0.194,0.991,0.808,0.0469,0.103,0.769,0.296,0.162;a;
0.93;0.765,0.146,0.482,0.781,0.861,0.244,0.797,0.663,0.238,0.83;aaa;
0.802;0.159,0.419,0.765,0.459,0.691,0.701,0.2,0.0585,0.0324,0.502;aaaaaaaa;
0.0305;0.108,0.175,0.579,0.718,0.849,0.104,0.259,0.549,0.0273,0.00172;aaaa;
0.983;0.6,0.139,0.692,0.807,0.949,0.505,0.815,0.531,0.938,0.463;aaaaaaaaa;
0.799;0.104,0.0765,0.152,0.136,0.656,0.687,0.329,0.617,0.78,0.379;aaa;
0.188;0.0598,0.502,0.279,0.0445,0.1,0.495,1,0.265,0.462,0.579;aaaaaaaaa;
0.316;0.732,0.733,0.499,0.23,0.409,0.737,0.0787,0.252,0.75,0.926;aa;
0.181;0.319,0.143,0.76,0.4,0.208,0.0063,0.778,0.477,0.669,0.159;aaaaaaaaaa;
0.343;0.171,0.0429,0.151,0.69,0.771,0.952,0.296,0.677,0.0768,0.717;aaaaaaaaaa;
0.619;0.789,0.0765,0.0884,0.127,0.746,0.897,0.902,0.991,0.155,0.207;aaaaaaaaa;
0.698;0.67,0.589,0.085,0.866,0.0792,0.765,0.84,0.184,0.101,0.364;aaa;
0.164;0.962,0.601,0.395,0.451,0.705,0.000749,0.846,0.726,0.989,0.532;aaaaa;
0.492;0.946,0.674,0.748,0.543,0.318,0.939,0.378,0.619,0.316,0.218;aa;
0.531;0.161,0.0499,0.416,0.242,0.776,0.853,0.578,0.379,0.0856,0.114;aaaaaaaaaa;
0.473;0.2,0.748,0.17,0.00471,0.85,0.268,0.223,0.922,0.323,0.263;aaaaaa;
0.873;0.887,0.517,0.626,0.154,0.0119,0.999,0.305,0.444,0.112,0.836;aaaaaa;
0.123;0.266,0.501,0.55,0.119,0.34,0.444,0.523,0.34,0.0726,0.407;aaaaaaaa;
0.186;0.874,0.994,0.409,0.289,0.804,0.148,0.204,0.736,0.291,0.878;a;
0.843;0.683,0.341,0.972,0.543,0.964,0.727,0.728,0.24,0.132,0.679;a;
0.461;0.533,0.0556,0.15,0.548,0.964,0.343,0.0922,0.86,0.196,0.817;aaa;
0.22;0.486,0.79,0.291,0.607,0.809,0.276,0.938,0.541,0.412,0.562;aa;
0.492;0.767,0.769,0.914,0.812,0.646,0.795,0.968,0.977,0.541,0.364;aa;
0.166;0.522,0.117,0.135,0.0447,0.714,0.863,0.701,0.703,0.738,0.717;aaaaaa;
0.526;0.779,0.333,0.435,0.691,0.289,0.0923,0.25,0.728,0.395,0.664;aaaaaaaa;
0.228;0.658,0.543,0.445,0.039,0.575,0.559,0.0513,0.558,0.597,0.742;aaaaa;
0.821;0.64,0.261,0.595,0.697,0.482,0.866,0.494,0.875,0.75,0.55;aaa;
0.164;0.721,0.272,0.466,0.333,0.0384,0.582,0.326,0.894,0.166,0.682;aaaa;
0.985;0.596,0.471,0.835,0.126,0.278,0.168,0.689,0.0942,0.467,0.321;aaaaa;
0.371;0.6,0.595,0.896,0.0621,0.296,0.214,0.597,0.855,0.183,0.651;aaaaaaaaa;
0.653;0.198,0.0327,0.0244,0.704,0.353,0.131,0.825,0.403,0.599,0.144;aaaaaa;
0.952;0.504,0.918,0.157,0.0517,0.142,0.298,0.855,0.0889,0.716,0.232;aaaaaaaaa;
0.504;0.847,0.225,0.734,0.297,0.562,0.0747,0.685,0.761,0.227,0.595;aaaa;
0.561;0.303,0.232,0.466,0.506,0.873,0.625,0.251,0.6,0.963,0.484;aaaaaaaaaa;
0.44;0.844,0.259,0.275,0.387,0.0995,0.247,0.429,0.263,0.372,0.0548;aaaaaaaaa;
0.207;0.298,0.493,0.389,0.333,0.166,0.559,0.271,0.64,0.74,0.48;aa;
0.456;0.779,0.106,0.159,0.798,0.874,0.822,0.0719,0.815,0.524,0.744;aaaaaaaa;
0.366;0.769,0.0429,0.523,0.881,0.0612,0.699,0.67,0.444,0.538,0.677;aaaaaa;
0.209;0.137,0.378,0.261,0.144,0.292,0.38,0.814,0.457,0.546,0.786;aaaaaa;
0.23;0.105,0.404,0.344,0.806,0.416,0.072,0.322,0.959,0.6,0.256;aaaaa;
0.924;0.218,0.165,0.487,0.978,0.416,0.457,0.476,0.021,0.116,0.932;aaaaaa;
0.341;0.585,0.596,0.133,0.556,0.804,0.0231,0.286,0.226,0.257,0.782;a;
0.699;0.807,0.89,0.479,0.0657,0.81,0.846,0.307,0.741,0.56,0.692;aaaa;
0.133;0.778,0.852,0.337,0.272,0.819,0.976,0.512,0.905,0.126,0.538;aaaa;
0.399;0.337,0.57,0.469,0.765,0.123,0.482,0.972,0.998,0.0598,0.913;aaaaaaaaaa;
0.327;0.303,0.994,0.0528,0.0701,0.965,0.936,0.205,0.369,0.664,0.662;aaaaaaaaa;
0.453;0.448,0.193,0.766,0.0339,0.115,0.628,0.243,0.437,0.285,0.617;aaaaaaaaa;
0.909;0.503,0.72,0.619,0.852,0.974,0.167,0.185,0.0589,0.358,0.813;aaaaaaa;
0.455;0.867,0.685,0.387,0.29,0.537,0.272,0.22,0.215,0.987,0.72;a;
0.376;0.46,0.302,0.238,0.766,0.0959,0.498,0.228,0.289,0.322,0.0594;aaaaaaaa;
0.853;0.26,0.516,0.425,0.439,0.93,0.8,0.792,0.473,0.2,0.888;a;
0.218;0.437,0.348,0.653,0.475,0.748,0.113,0.00729,0.0939,0.71,0.467;aaaaaa;
0.106;0.745,0.108,0.168,0.154,0.557,0.371,0.661,0.0601,0.322,0.614;aaaaaaaaaa;
0.572;0.856,0.631,0.888,0.329,0.411,0.624,0.632,0.634,0.631,0.995;aa;
0.62;0.838,0.455,0.173,0.0442,0.846,0.91,0.201,0.59,0.67,0.473;a;
0.139;0.478,0.0567,0.527,0.221,0.718,0.668,0.603,0.19,0.449,0.125;aaaaaa;
0.848;0.0465,0.0897,0.697,0.0157,0.173,0.612,0.273,0.679,0.555,0.248;aaaaaaa;
0.439;0.64,0.668,0.569,0.562,0.828,0.467,0.895,0.353,0.224,0.799;aaaaaaaaaa;
0.601;0.738,0.755,0.0402,0.961,0.343,0.614,0.437,0.868,0.646,0.308;a;
0.486;0.477,0.531,0.271,0.337,0.892,0.094,0.642,0.00251,0.616,0.711;a;
0.442;0.437,0.118,0.181,0.714,0.586,0.507,0.0203,0.137,0.457,0.599;a;
0.794;0.541,0.811,0.963,0.0881,0.843,0.434,0.249,0.297,0.246,0.658;aa;
0.576;0.119,0.238,0.627,0.317,0.652,0.0309,0.0597,0.332,0.298,0.524;aaaaaaaa;
0.626;0.351,0.797,0.547,0.666,0.331,0.692,0.749,0.206,0.691,0.0624;aaaaaa;
0.873;0.855,0.0181,0.231,0.857,0.367,0.289,0.286,0.409,0.0154,0.977;aa;
0.915;0.73,0.602,0.632,0.332,0.483,0.691,0.169,0.542,0.116,0.98;a;
0.0318;0.707,0.067,0.331,0.429,0.884,0.829,0.758,0.788,0.0761,0.341;aaa;
0.69;0.668,0.796,0.0569,0.975,0.871,0.1,0.175,0.489,0.0953,0.868;aaaaaaaaa;
0.435;0.287,0.271,0.0198,0.632,0.336,0.945,0.0323,0.351,0.213,0.553;aaaaaa;
0.29;0.893,0.597,0.287,0.122,0.253,0.401,0.75,0.677,0.405,0.281;aaaaaa;
0.409;0.306,0.994,0.951,0.0805,0.411,0.247,0.689,0.0393,0.667,0.258;aaaaaaa;
0.0152;0.181,0.769,0.284,0.041,0.372,0.699,0.321,0.307,0.937,0.374;aaaaaaaaaa;
0.308;0.62,0.84,0.275,0.813,0.165,0.756,0.377,0.484,0.675,0.11;aaa;
0.59;0.219,0.834,0.337,0.561,0.142,0.472,0.211,0.224,0.719,0.696;aaaa;
0.28;0.786,0.891,0.283,0.537,0.237,0.209,0.843,0.193,0.399,0.706;aaaaaa;
0.972;0.371,0.974,0.497,0.928,0.303,0.883,0.0997,0.624,0.512,0.878;aaaaaaa;
0.804;0.403,0.854,0.232,0.286,0.994,0.579,0.173,0.719,0.936,0.0613;aaaaaa;
0.902;0.933,0.384,0.132,0.65,0.173,0.45,0.928,0.398,0.529,0.851;aaaaaaaa;
0.898;0.993,0.861,0.822,0.104,0.928,0.225,0.914,0.6,0.985,0.689;aaaaaa;
0.0321;0.325,0.639,0.236,0.316,0.403,0.179,0.322,0.949,0.825,0.0212;aaaaa;
0.501;0.31,0.0272,0.634,0.221,0.29,0.0672,0.832,0.933,0.291,0.493;a;
0.207;0.248,0.818,0.532,0.922,0.938,0.949,0.137,0.232,0.542,0.731;aaaaaaa;
0.122;0.167,0.732,0.597,0.111,0.473,0.765,0.192,0.71,0.494,0.0934;aaaaaaaaaa;
0.568;0.464,0.218,0.992,0.804,0.266,0.783,0.776,0.482,0.309,0.0545;aaaaaaaaa;
0.489;0.649,0.462,0.432,0.518,0.448,0.833,0.358,0.168,0.036,0.484;aaaaaaaa;
0.0384;0.492,0.769,0.0272,0.317,0.878,0.138,0.718,0.766,0.00929,0.0655;aaaaaaaaaa;
0.945;0.313,0.862,0.159,0.223,0.179,0.393,0.68,0.296,0.111,0.863;aaaaa;
0.54;0.206,0.757,0.574,0.889,0.299,0.801,0.884,0.357,0.911,0.78;aaaaaaaaa;
0.288;0.28,0.449,0.909,0.306,0.741,0.704,0.509,0.688,0.524,0.622;aaaaaa;
0.0364;0.487,0.493,0.233,0.978,0.832,0.502,0.423,0.208,0.0837,0.388;aaaaaaa;
0.814;0.947,0.0802,0.786,0.67,0.083,0.0343,0.31,0.219,0.991,0.977;aaaaaaa;
0.00631;0.914,0.618,0.203,0.256,0.808,0.913,0.73,0.162,0.678,0.756;aaaaaaaaaa;
0.326;0.28,0.0149,0.776,0.727,0.818,0.598,0.844,0.545,0.176,0.68;aaaaa;
0.592;0.651,0.0599,0.719,0.926,0.436,0.387,0.988,0.238,0.178,0.332;aaaa;
0.83;0.371,0.192,0.411,0.137,0.255,0.417,0.795,0.609,0.994,0.616;aaaaaaaaa;
0.136;0.614,0.236,0.434,0.0687,0.316,0.254,0.753,0.345,0.342,0.301;aaaaa;
0.448;0.152,0.924,0.515,0.767,0.0427,0.326,0.133,0.954,0.382,0.34;aaaaaaaaaa;
0.348;0.446,0.00162,0.772,0.646,0.0773,0.305,0.192,0.166,0.337,0.823;aaaaaaa;
0.195;0.639,0.877,0.537,0.72,0.13,0.132,0.113,0.778,0.196,0.565;aaaa;
0.539;0.649,0.703,0.42,0.659,0.3,0.0277,0.411,0.101,0.67,0.0178;aaaaaaaa;
0.444;0.581,0.955,0.635,0.795,0.0866,0.0965,0.677,0.024,0.332,0.996;aaaaaaaaa;
0.867;0.121,0.155,0.0747,0.149,0.805,0.2,0.635,0.404,0.0213,0.289;aaaaa;
0.994;0.0352,0.199,0.736,0.00821,0.938,0.102,0.282,0.137,0.622,0.228;aaaaaaaa;
0.019;0.0609,0.333,0.281,0.803,0.0422,0.621,0.466,0.432,0.633,0.0902;aa;
0.776;0.725,0.0718,0.197,0.718,0.201,0.827,0.0469,0.815,0.96,0.0613;aaaa;
0.436;0.916,0.95,0.76,0.727,0.184,0.285,0.852,0.0315,0.879,0.496;aaa;
0.803;0.902,0.687,0.65,0.695,0.563,0.653,0.944,0.00406,0.385,0.168;aaaaaaaaa;
0.834;0.305,0.817,0.0117,0.709,0.54,0.367,0.592,0.297,0.814,0.282;aaaaaaaa;
0.696;0.968,0.287,0.0801,0.766,0.767,0.992,0.0389,0.229,0.513,0.155;aaaaaaaaaa;
0.652;0.704,0.158,0.199,0.192,0.683,0.883,0.0662,0.594,0.598,0.398;aa;
0.43;0.371,0.625,0.669,0.936,0.22,0.0634,0.658,0.183,0.224,0.744;aaaaaaaaa;
0.106;0.812,0.203,0.441,0.457,0.87,0.072,0.693,0.694,0.369,0.309;aaaaaaaa;
0.7;0.926,0.451,0.00975,0.0354,0.801,0.906,0.00122,0.532,0.143,0.709;aaaaaaaaa;
0.985;0.464,0.217,0.881,0.583,0.193,0.843,0.945,0.259,0.778,0.224;a;
0.01;0.298,0.412,0.603,0.411,0.435,0.903,0.4,0.41,0.304,0.673;aa;
0.927;0.519,0.116,0.445,0.997,0.571,0.000985,0.248,0.995,0.248,0.565;aaa;
0.318;0.371,0.828,0.16,0.849,0.484,0.717,0.00263,0.145,0.14,0.467;aaaaaaaa;
0.167;0.268,0.29,0.89,0.0957,0.728,0.355,0.74,0.917,0.51,0.8;aaaaaaaa;
0.906;0.231,0.868,0.905,0.518,0.812,0.733,0.557,0.181,0.707,0.727;aa;
0.449;0.321,0.493,0.122,0.302,0.434,0.484,0.407,0.947,0.761,0.13;aaaaaaaaa;
0.489;0.533,0.71,0.849,0.634,0.113,0.517,0.413,0.0507,0.0769,0.316;aa;
0.0447;0.462,0.898,0.301,0.791,0.938,0.36,0.301,0.233,0.335,0.952;aaaaaa;
0.825;0.426,0.917,0.35,0.0541,0.4,0.243,0.871,0.577,0.543,0.484;aaaaaaaaaa;
0.177;0.255,0.414,0.497,0.676,0.962,0.948,0.195,0.151,0.333,0.982;aaaaaa;
0.711;0.827,0.713,0.0417,0.0799,0.764,0.14,0.673,0.181,0.0749,0.793;aaaaaaaa;
0.558;0.233,0.376,0.769,0.365,0.129,0.414,0.707,0.263,0.873,0.686;aaaaaa;
0.129;0.297,0.861,0.715,0.307,0.103,0.0796,0.173,0.432,0.577,0.131;a;
0.692;0.0411,0.6,0.864,0.876,0.101,0.154,0.216,0.778,0.123,0.148;aaaaaaaaaa;
0.647;0.8,0.242,0.487,0.605,0.869,0.845,0.767,0.74,0.474,0.909;aaa;
0.066;0.116,0.999,0.535,0.965,0.52,0.315,0.865,0.0207,0.999,0.38;aaaaa;
0.408;0.259,0.493,0.172,0.966,0.241,0.181,0.216,0.521,0.275,0.578;aaaaaa;
0.693;0.747,0.407,0.171,0.539,0.99,0.427,0.937,0.723,0.101,0.473;aaaaaaaaa;
0.494;0.073,0.899,0.945,0.83,0.0282,0.815,0.146,0.257,0.983,0.521;aaa;
0.728;0.466,0.953,0.932,0.542,0.391,0.278,0.929,0.169,0.752,0.218;aaaaa;
0.275;0.648,0.366,0.176,0.277,0.538,0.604,0.591,0.822,0.408,0.888;aaaaa;
0.923;0.872,0.154,0.936,0.389,0.357,0.525,0.495,0.656,0.9,0.417;aaaaaaaaa;
0.846;0.855,0.202,0.59,0.712,0.061,0.257,0.461,0.318,0.796,0.644;aaaaaaaaaa;
0.251;0.92,0.645,0.646,0.219,0.168,0.533,0.748,0.531,0.708,0.987;aaaaaaa;
0.666;0.442,0.821,0.875,0.98,0.126,0.997,0.895,0.179,0.3,0.574;aaaaaaaaa;
0.23;0.361,0.137,0.271,0.589,0.0221,0.37,0.767,0.738,0.322,0.268;aaaaaa;
0.21;0.817,0.609,0.392,0.473,0.925,0.108,0.408,0.804,0.786,0.822;aaaaaaa;
0.128;0.239,0.173,0.521,0.211,0.434,0.081,0.84,0.242,0.226,0.282;aaaaaaaaa;
0.341;0.73,0.749,0.0954,0.362,0.939,0.246,0.267,0.516,0.664,0.195;aaaaaaa;
0.682;0.754,0.0275,0.652,0.473,0.485,0.22,0.0658,0.811,0.959,0.274;aaaaaaaa;
0.978;0.0168,0.927,0.0263,0.956,0.819,0.786,0.507,0.232,0.715,0.905;aaaaaaaaaa;
0.854;0.427,0.38,0.226,0.268,0.0422,0.381,0.156,0.151,0.725,0.122;aaaa;
0.947;0.123,0.0148,0.245,0.199,0.272,0.412,0.32,0.167,0.486,0.702;aa;
0.558;0.357,0.473,0.31,0.782,0.999,0.00351,0.474,0.881,0.885,0.67;aa;
0.99;0.837,0.874,0.32,0.113,0.295,0.527,0.353,0.423,0.275,0.988;aaaaa;
0.031;0.191,0.674,0.398,0.0987,0.402,0.0335,0.165,0.0863,0.908,0.814;aaaaaaaaa;
0.686;0.785,0.73,0.527,0.796,0.93,0.87,0.41,0.146,0.549,0.0297;aa;
0.712;0.168,0.207,0.482,0.227,0.487,0.4,0.969,0.641,0.211,0.938;aaa;
0.43;0.803,0.603,0.18,0.373,0.892,0.656,0.887,0.484,0.348,0.586;aaa;
0.392;0.445,0.0867,0.552,0.557,0.641,0.0909,0.109,0.104,0.538,0.943;aaaaaa;
0.139;0.992,0.0948,0.0194,0.144,0.145,0.79,0.326,0.599,0.382,0.0966;aaaaaa;
0.838;0.976,0.467,0.855,0.948,0.937,0.131,0.00735,0.564,0.433,0.931;a;
0.697;0.507,0.476,0.851,0.842,0.487,0.203,0.38,0.138,0.577,0.695;aaaa;
0.829;0.67,0.661,0.364,0.191,0.373,0.0211,0.466,0.347,0.389,0.354;aaa;
0.0752;0.938,0.0485,0.169,0.083,0.465,0.497,0.471,0.763,0.898,0.987;aaaaaaaa;
0.679;0.32,0.126,0.275,0.993,0.32,0.816,0.59,0.918,0.27,0.0583;aaaa;
0.731;0.886,0.0274,0.387,0.0815,0.679,0.738,0.816,0.441,0.801,0.127;aaaaaa;
0.866;0.126,0.454,0.859,0.328,0.688,0.557,0.26,0.312,0.806,0.67;aaaaa;
0.127;0.52,0.00463,0.689,0.958,0.566,0.0601,0.479,0.213,0.141,0.909;aaa;
0.286;0.242,0.48,0.369,0.31,0.398,0.192,0.647,0.53,0.933,0.0184;aaaa;
0.608;0.414,0.962,0.754,0.327,0.704,0.272,0.585,0.108,0.698,0.52;aaaaaa;
0.996;0.986,0.00755,0.936,0.865,0.508,0.824,0.793,0.551,0.694,0.542;aaaa;
0.77;0.502,0.153,0.862,0.872,0.762,0.216,0.731,0.653,0.669,0.496;aaaaaaa;
0.435;0.793,0.206,0.11,0.595,0.491,0.147,0.865,0.853,0.94,0.224;aaaaaaa;
0.203;0.455,0.74,0.28,0.658,0.631,0.159,0.719,0.734,0.0165,0.225;a;
0.027;0.964,0.496,0.24,0.341,0.801,0.671,0.727,0.819,0.0032,0.927;aaa;
0.152;0.947,0.608,0.0464,0.658,0.797,0.329,0.195,0.539,0.177,0.816;a;
0.221;0.801,0.139,0.0507,0.84,0.091,0.6,0.304,0.609,0.211,0.55;a;
0.0187;0.685,0.979,0.134,0.759,0.483,0.479,0.0106,0.8,0.472,0.977;aaaaaaaaaa;
0.504;0.902,0.238,0.355,0.403,0.47,0.521,0.655,0.684,0.161,0.902;aaaaaaa;
0.44;0.47,0.838,0.385,0.733,0.016,0.597,0.798,0.107,0.832,0.339;aaaaa;
0.718;0.526,0.132,0.0855,0.429,0.784,0.87,0.697,0.888,0.846,0.907;aaaa;
0.631;0.31,0.876,0.0623,0.376,0.485,0.32,0.406,0.316,0.242,0.438;aaaaaaaaa;
0.365;0.904,0.725,0.97,0.446,0.0997,0.572,0.25,0.529,0.779,0.679;aaaaaaaaa;
0.885;0.229,0.00355,0.0167,0.391,0.87,0.428,0.258,0.354,0.628,0.717;aaaaaa;
0.0173;0.621,0.495,0.626,0.57,0.575,0.284,0.558,0.32,0.678,0.486;a;
0.966;0.613,0.609,0.109,0.664,0.411,0.473,0.119,0.989,0.452,0.201;aaaaaaaa;
0.874;0.914,0.754,0.111,0.857,0.297,0.469,0.555,0.483,0.951,0.174;aaa;
0.403;0.71,0.427,0.647,0.0495,0.198,0.923,0.883,0.174,0.866,0.851;a;
0.38;0.706,0.217,0.823,0.141,0.364,0.206,0.986,0.671,0.552,0.886;aaaaaaa;
0.31;0.0409,0.268,0.388,0.439,0.532,0.518,0.62,0.799,0.985,0.0409;aaaa;
0.596;0.431,0.788,0.725,0.865,0.741,0.552,0.283,0.631,0.723,0.997;aaa;
0.104;0.67,0.0322,0.322,0.182,0.401,0.0753,0.268,0.76,0.145,0.53;aaaaa;
0.516;0.216,0.222,0.304,0.752,0.503,0.838,0.659,0.134,0.358,0.716;aaaaaaaaa;
0.417;0.0499,0.462,0.15,0.869,0.36,0.622,0.12,0.575,0.534,0.754;aaaaaa;
0.486;0.568,0.679,0.84,0.815,0.271,0.677,0.567,0.886,0.151,0.92;aaaaaaaaa;
0.0733;0.0463,0.0908,0.581,0.634,0.421,0.375,0.692,0.902,0.0824,0.169;aaaaaaaaaa;
0.0674;0.64,0.121,0.277,0.885,0.166,0.458,0.499,0.0738,0.461,0.0438;aaaaa;
0.842;0.104,0.556,0.0949,0.0354,0.772,0.748,0.468,0.913,0.364,0.927;aaaaa;
0.36;0.111,0.902,0.813,0.208,0.443,0.92,0.792,0.8,0.69,0.164;aaaaaaa;
0.0114;0.663,0.538,0.273,0.444,0.674,0.508,0.345,0.669,0.429,0.553;aaaaaaaaaa;
0.556;0.266,0.195,0.277,0.366,0.888,0.808,0.00646,0.692,0.387,0.426;aaaaaaaa;
0.281;0.102,0.035,0.862,0.345,0.0397,0.812,0.681,0.286,0.537,0.42;a;
0.719;0.0982,0.606,0.895,0.784,0.533,0.426,0.429,0.535,0.75,0.528;aa;
0.605;0.0381,0.719,0.00788,0.788,0.666,0.196,0.242,0.0109,0.155,0.18;aaaaaaaaa;
0.506;0.0553,0.251,0.715,0.598,0.0569,0.867,0.642,0.00692,0.562,0.923;aaaa;
0.734;0.165,0.403,0.583,0.18,0.157,0.0435,0.42,0.43,0.773,0.0941;aaaaa;
0.559;0.116,0.384,0.93,0.799,0.726,0.142,0.179,0.0381,0.947,0.601;aaaaa;
0.000123;0.31,0.167,0.181,0.259,0.0256,0.0541,0.159,0.353,0.767,0.575;aaaa;
0.931;0.918,0.0188,0.508,0.509,0.605,0.958,0.229,0.335,0.00761,0.046;aaaaaaaaa;
0.532;0.659,0.676,0.838,0.552,0.942,0.585,0.279,0.287,0.0128,0.941;a;
0.858;0.58,0.0778,0.107,0.509,0.808,0.296,0.75,0.442,0.897,0.846;aaaaaaaa;
0.509;0.75,0.182,0.596,0.237,0.968,0.0802,0.176,0.2,0.281,0.386;aaaaa;
0.477;0.684,0.622,0.618,0.657,0.18,0.701,0.952,0.783,0.555,0.262;aaaaaaaaa;
0.813;0.0805,0.722,0.808,0.417,0.647,0.154,0.96,0.0634,0.0534,0.576;aaaaaa;
0.671;0.278,0.994,0.866,0.91,0.276,0.769,0.406,0.458,0.94,0.606;aaa;
0.612;0.341,0.0242,0.573,0.552,0.371,0.108,0.443,0.962,0.752,0.0285;aaaaaaaa;
0.565;0.349,0.525,0.3,0.594,0.523,0.209,0.252,0.702,0.304,0.466;a;
0.786;0.991,0.8,0.711,0.565,0.0853,0.188,0.529,0.151,0.417,0.836;aaaa;
0.134;0.528,0.398,0.238,0.455,0.861,0.105,0.862,0.781,0.958,0.503;aaaaaaa;
0.814;0.667,0.736,0.036,0.283,0.803,0.0393,0.96,0.278,0.0913,0.0662;aaa;
0.718;0.243,0.0497,0.296,0.451,0.837,0.946,0.667,0.372,0.0853,0.643;aaaa;
0.896;0.213,0.978,0.829,0.873,0.958,0.0787,0.764,0.372,0.654,0.0037;aaaaaaaaa;
0.45;0.806,0.557,0.169,0.544,0.0171,0.88,0.318,0.632,0.215,0.544;a;
0.516;0.34,0.216,0.253,0.941,0.208,0.714,0.287,0.486,0.926,0.681;aaaaaaaaa;
0.448;0.308,0.684,0.124,0.433,0.891,0.994,0.563,0.643,0.754,0.834;aaaaaaaa;
0.812;0.552,0.684,0.411,0.22,0.261,0.777,0.575,0.0835,0.532,0.416;a;
0.625;0.906,0.0885,0.154,0.685,0.737,0.932,0.454,0.945,0.901,0.78;aaaaa;
0.413;0.106,0.848,0.505,0.979,0.697,0.243,0.633,0.346,0.949,0.093;aaaaaa;
0.211;0.0341,0.414,0.507,0.821,0.0184,0.103,0.984,0.0205,0.527,0.809;aaaaaa;
0.789;0.209,0.178,0.162,0.059,0.557,0.44,0.0886,0.0507,0.481,0.0917;aa;
0.391;0.272,0.0599,0.293,0.882,0.987,0.0577,0.525,0.495,0.0812,0.501;aaaaaaaa;
0.0223;0.545,0.827,0.879,0.984,0.441,0.03,0.151,0.0755,0.727,0.324;aaaa;
0.192;0.69,0.115,0.652,0.426,0.789,0.129,0.314,0.569,0.0249,0.401;aa;
0.254;0.663,0.735,0.885,0.537,0.949,0.565,0.208,0.623,0.595,0.183;aaaaaaaa;
0.847;0.86,0.855,0.962,0.34,0.122,0.769,0.0162,0.0736,0.238,0.409;aaaa;
0.449;0.00751,0.571,0.159,0.363,0.957,0.122,0.651,0.0988,0.227,0.795;aa;
0.572;0.231,0.282,0.206,0.366,0.451,0.231,0.906,0.221,0.536,0.67;aaa;
0.717;0.315,0.881,0.821,0.7,0.18,0.577,0.502,0.64,0.188,0.898;aaaaaa;
0.303;0.363,0.636,0.0776,0.422,0.168,0.38,0.413,0.78,0.199,0.984;aaaaaaaaa;
0.598;0.247,0.868,0.297,0.352,0.69,0.659,0.625,0.042,0.645,0.885;aaaaaaaaa;
0.399;0.442,0.894,0.416,0.127,0.531,0.0773,0.686,0.988,0.245,0.343;aaaa;
0.239;0.684,0.708,0.775,0.856,0.447,0.491,0.795,0.269,0.472,0.48;aaaaaaaaaa;
0.112;0.213,0.604,0.857,0.285,0.945,0.903,0.0317,0.799,0.0393,0.874;aa;
0.841;0.736,0.0344,0.0448,0.945,0.958,0.155,0.607,0.402,0.684,0.221;aa;
0.316;0.355,0.885,0.409,0.349,0.92,0.869,0.75,0.501,0.252,0.648;aa;
0.332;0.514,0.925,0.797,0.142,0.731,0.141,0.283,0.5,0.301,0.00338;aaaaa;
0.183;0.909,0.0374,0.359,0.755,0.767,0.851,0.965,0.0202,0.209,0.166;aaaaaaaaa;
0.789;0.288,0.962,0.176,0.662,0.144,0.0652,0.356,0.18,0.623,0.301;aaaaaaa;
0.492;0.999,0.867,0.478,0.584,0.294,0.107,0.395,0.827,0.231,0.118;a;
0.189;0.943,0.059,0.455,0.759,0.938,0.443,0.0975,0.074,0.177,0.575;aaaaaaaaaa;
0.967;0.674,0.839,0.827,0.0576,0.786,0.4,0.75,0.365,0.697,0.00244;a;
0.262;0.063,0.0229,0.0779,0.485,0.245,0.884,0.187,0.199,0.00929,0.0945;aa;
0.917;0.22,0.65,0.684,0.366,0.196,0.74,0.937,0.83,0.153,0.288;a;
0.206;0.779,0.168,0.929,0.695,0.636,0.344,0.532,0.487,0.934,0.721;aaaaaaaaaa;
0.728;0.699,0.333,0.753,0.925,0.0149,0.383,0.597,0.607,0.0102,0.188;aaaaa;
0.549;0.653,0.131,0.381,0.9,0.461,0.244,0.202,0.292,0.389,0.209;aa;
0.326;0.894,0.795,0.214,0.316,0.0548,0.353,0.522,0.736,0.284,0.305;a;
0.686;0.495,0.557,0.557,0.405,0.874,0.143,0.349,0.498,0.386,0.701;aaaaaaaaa;
0.175;0.0865,0.288,0.3,0.318,0.326,0.81,0.431,0.496,0.617,0.311;aa;
0.308;0.331,0.76,0.635,0.601,0.309,0.455,0.63,0.605,0.717,0.117;aaaaaa;
0.881;0.343,0.387,0.163,0.286,0.827,0.4,0.458,0.011,0.1,0.932;aaaaa;
0.921;0.999,0.571,0.0356,0.106,0.353,0.239,0.673,0.911,0.731,0.362;aaaa;
0.813;0.0269,0.291,0.166,0.483,0.332,0.589,0.0744,0.597,0.308,0.0731;aaaaaaaaa;
0.663;0.273,0.621,0.485,0.641,0.189,0.437,0.0471,0.82,0.601,0.996;aaaaaaaa;
0.117;0.166,0.871,0.96,0.00685,0.513,0.00938,0.692,0.669,0.895,0.437;aaaa;
0.321;0.234,0.194,0.0955,0.662,0.922,0.82,0.364,0.932,0.786,0.812;aaaaa;
0.789;0.992,0.3,0.535,0.695,0.982,0.73,0.495,0.922,0.25,0.239;a;
0.739;0.683,0.58,0.332,0.496,0.409,0.143,0.257,0.934,0.819,0.903;aaaaaa;
0.962;0.327,0.829,0.232,0.407,0.779,0.95,0.808,0.0137,0.213,0.599;aaaaaaaaa;
0.179;0.769,0.0603,0.686,0.161,0.985,0.184,0.714,0.607,0.773,0.429;aaaa;
0.81;0.287,0.665,0.585,0.0992,0.943,0.196,0.654,0.000983,0.197,0.404;aaaaaa;
0.835;0.0345,0.65,0.776,0.0875,0.308,0.189,0.305,0.0658,0.268,0.276;aaaaaaaaa;
0.31;0.965,0.0908,0.866,0.473,0.793,0.503,0.399,0.513,0.828,0.464;aaaaaaaaaa;
0.534;0.573,0.892,0.00559,0.155,0.506,0.32,0.264,0.666,0.274,0.565;aaaaaaaaa;
0.843;0.195,0.513,0.823,0.995,0.146,0.468,0.127,0.696,0.31,0.744;aaa;
0.79;0.817,0.503,0.166,0.777,0.851,0.299,0.186,0.691,0.633,0.664;a;
0.147;0.514,0.374,0.207,0.886,0.237,0.0433,0.234,0.293,0.245,0.78;aaaa;
0.363;0.686,0.00073,0.985,0.656,0.194,0.291,0.567,0.709,0.453,0.123;aaaaaaaaaa;
0.965;0.0184,0.23,0.00338,0.932,0.259,0.198,0.703,0.328,0.113,0.229;aa;
0.496;0.166,0.393,0.596,0.261,0.871,0.94,0.107,0.877,0.541,0.38;aaaaaa;
0.666;0.208,0.692,0.0317,0.399,0.0149,0.463,0.188,0.758,0.336,0.474;aaaa;
0.108;0.0509,0.00325,0.832,0.358,0.544,0.241,0.741,0.00374,0.38,0.487;aaaaaaa;
0.676;0.103,0.391,0.724,0.321,0.604,0.111,0.834,0.627,0.665,0.391;aaaaa;
0.0595;0.0888,0.11,0.522,0.4,0.768,0.62,0.221,0.642,0.594,0.546;aaaaaa;
0.497;0.894,0.289,0.543,0.755,0.0392,0.447,0.679,0.716,0.266,0.591;aa;
0.942;0.0673,0.847,0.903,0.36,0.282,0.185,0.835,0.152,0.56,0.364;aaaaaa;
0.738;0.787,0.199,0.674,0.801,0.0977,0.0119,0.0788,0.339,0.821,0.342;aaa;
0.919;0.557,0.446,0.247,0.483,0.0419,0.642,0.733,0.655,0.865,0.463;aaaa;
0.168;0.438,0.423,0.461,0.192,0.281,0.309,0.658,0.551,0.809,0.123;aaaa;
0.131;0.107,0.461,0.199,0.384,0.766,0.00591,0.0969,0.441,0.157,0.168;a;
0.99;0.0951,0.352,0.877,0.697,0.959,0.113,0.337,0.76,0.329,0.666;aaaaaaaaaa;
0.0377;0.137,0.68,0.693,0.319,0.223,0.927,0.378,0.959,0.576,0.924;a;
0.115;0.429,0.376,0.999,0.97,0.749,0.668,0.366,0.545,0.759,0.374;aaaaaaaaaa;
0.88;0.217,0.594,0.017,0.294,0.238,0.381,0.984,0.377,0.379,0.368;aaaaaaaa;
0.227;0.0897,0.937,0.511,0.616,0.65,0.505,0.641,0.335,0.061,0.358;aaaaaaa;
0.407;0.131,0.616,0.45,0.878,0.194,0.172,0.861,0.425,0.272,0.0588;aaaaaaa;
0.783;0.563,0.25,0.948,0.884,0.974,0.523,0.0235,0.489,0.121,0.441;aaaaaaaa;
0.446;0.179,0.193,0.673,0.849,0.138,0.952,0.86,0.487,0.6,0.628;aaaaa;
0.142;0.526,0.4,0.131,0.213,0.0439,0.0249,0.601,0.434,0.61,0.428;aaaaaaa;
0.62;0.52,0.964,0.0402,0.648,0.611,0.452,0.253,0.0976,0.483,0.686;aaa;
0.252;0.353,0.797,0.0378,0.135,0.185,0.19,0.031,0.57,0.0862,0.761;aaaaaa;
0.844;0.922,0.228,0.285,0.965,0.672,0.999,0.496,0.33,0.123,0.775;aaaaaaaaa;
0.816;0.527,0.0276,1,0.911,0.898,0.812,0.291,0.206,0.878,0.353;aaaa;
0.641;0.945,0.279,0.763,0.845,0.675,0.254,0.571,0.657,0.302,0.766;aaaaaaaaa;
0.901;0.754,0.819,0.0518,0.2,0.832,0.652,0.0541,0.521,0.638,0.41;aaa;
0.197;0.0467,0.472,0.502,0.768,0.601,0.999,0.189,0.328,0.695,0.525;aaaaaaaaaa;
0.0557;0.63,0.11,0.548,0.868,0.808,0.359,0.733,0.864,0.72,0.308;aaaaa;
0.167;0.443,0.297,0.403,0.576,0.764,0.359,0.265,0.239,0.196,0.902;aaaaaa;
0.251;0.504,0.421,0.622,0.842,0.226,0.714,0.119,0.922,0.828,0.326;aaaaaaaaaa;
0.391;0.485,0.142,0.599,0.142,0.812,0.494,0.516,0.0835,0.564,0.0543;aaaaaaaaaa;
0.472;0.886,0.529,0.222,0.934,0.483,0.107,0.0224,0.573,0.829,0.577;aaaaaaaa;
0.846;0.419,0.334,0.351,0.643,0.768,0.843,0.22,0.0482,0.317,0.857;aaaaa;
0.916;0.355,0.946,0.154,0.632,0.256,0.599,0.305,0.395,0.231,0.153;a;
0.691;0.336,0.443,0.637,0.139,0.0897,0.155,0.542,0.59,0.688,0.143;aa;
0.699;0.9,0.00187,0.179,0.978,0.705,0.52,0.712,0.0584,0.341,0.538;aa;
0.738;0.729,0.49,0.147,0.368,0.0458,0.707,0.459,0.324,0.351,0.486;aaaaaaa;
0.831;0.995,0.0216,0.711,0.0976,0.808,0.259,0.0865,0.0752,0.882,0.951;aaaaaaa;
0.472;0.305,0.156,0.362,0.0573,0.133,0.356,0.936,0.88,0.241,0.935;aaaaaaaaa;
0.512;0.315,0.38,0.304,0.795,0.0936,0.738,0.848,0.345,0.341,0.763;aaaaaaaa;
0.35;0.0975,0.153,0.856,0.176,0.955,0.555,0.758,0.128,0.431,0.0177;aaaaaaaaa;
0.912;0.31,0.88,0.194,0.48,0.527,0.022,0.302,0.7,0.717,0.114;aaaaa;
0.729;0.494,0.59,0.0716,0.566,0.658,0.0123,0.843,0.0569,0.422,0.0326;aaaaaaaaaa;
0.987;0.499,0.983,0.47,0.357,0.933,0.999,0.546,0.391,0.781,0.865;aaaa;
0.452;0.837,0.121,0.142,0.436,0.576,0.00186,0.367,0.0456,0.236,0.703;aaaaaaaaa;
0.498;0.0814,0.845,0.811,0.581,0.86,0.403,0.022,0.645,0.88,0.334;aa;
0.449;0.0855,0.858,0.25,0.466,0.059,0.0849,0.14,0.952,0.522,0.634;a;
0.129;0.769,0.392,0.564,0.357,0.104,0.86,0.129,0.712,0.66,0.843;aaaaaaa;
0.931;0.851,0.871,0.299,0.0814,0.633,0.524,0.43,0.233,0.814,0.675;aaaa;
0.676;0.469,0.763,0.851,0.713,0.511,0.182,0.755,0.511,0.655,0.613;aaaaaaa;
0.598;0.888,0.82,0.917,0.198,0.0374,0.732,0.413,0.218,0.253,0.418;aa;
0.137;0.669,0.473,0.0218,0.757,0.568,0.0582,0.116,0.807,0.847,0.301;aaaa;
0.4;0.458,0.539,0.694,0.945,0.233,0.0152,0.185,0.544,0.327,0.67;aaaaa;
0.394;0.541,0.966,0.781,0.106,0.814,0.93,0.609,0.594,0.509,0.179;aaaa;
0.343;0.0313,0.766,0.535,0.101,0.716,0.942,0.0649,0.183,0.76,0.724;aa;
0.796;0.697,0.0366,0.644,0.235,0.25,0.872,0.198,0.383,0.804,0.867;aaaaaaa;
0.533;0.552,0.585,0.781,0.208,0.0638,0.316,0.946,0.24,0.309,0.048;aaaaaa;
0.265;0.828,0.432,0.942,0.768,0.377,0.464,0.358,0.737,0.135,0.0358;aaa;
0.567;0.505,0.293,0.585,0.395,0.852,0.231,0.365,0.00111,0.819,0.601;a;
0.629;0.29,0.451,0.795,0.546,0.878,0.736,0.565,0.452,0.895,0.415;aaaa;
0.954;0.6,0.849,0.612,0.978,0.762,0.663,0.197,0.0281,0.988,0.266;aaa;
0.18;0.212,0.959,0.564,0.777,0.693,0.817,0.214,0.298,0.892,0.614;aaaaaaaaa;
0.893;0.12,0.92,0.616,0.445,0.764,0.369,0.354,0.423,0.441,0.644;aaaaaaaa;
0.0453;0.0742,0.0417,0.798,0.943,0.632,0.725,0.181,0.113,0.683,0.11;aaaaaaaa;
0.0643;0.392,0.455,0.983,0.272,0.138,0.558,0.266,0.633,0.187,0.904;aaaaaaa;
0.419;0.19,0.175,0.242,0.334,0.365,0.84,0.209,0.711,0.926,0.996;aaaaaaa;
0.486;0.0932,0.864,0.645,0.0295,0.86,0.16,0.715,0.916,0.51,0.923;a;
0.845;0.815,0.882,0.297,0.616,0.0233,0.126,0.919,0.035,0.492,0.00191;aaaaaaaaa;
0.535;0.601,0.488,0.523,0.469,0.773,0.305,0.0848,0.689,0.287,0.283;aaaaaaaaa;
0.249;0.44,0.679,0.996,0.162,0.856,0.286,0.198,0.927,0.148,0.519;aaaaaaaaaa;
0.798;0.303,0.991,0.9,0.0795,0.5,0.485,0.206,0.0697,0.0595,0.583;aaaaaaaaaa;
0.853;0.675,0.716,0.0999,0.241,0.52,0.915,0.259,0.738,0.438,0.69;aaa;
0.0613;0.033,0.385,0.494,0.899,0.916,0.00214,0.184,0.0587,0.0752,0.987;aaaaaaaa;
0.338;0.24,0.0899,0.42,0.24,0.982,0.0881,0.56,0.0743,0.356,0.0462;aaaa;
0.503;0.734,0.847,0.319,0.708,0.0895,0.102,0.691,0.886,0.0358,0.927;aaaaaaaaa;
0.0235;0.439,0.621,0.23,0.265,0.628,0.714,0.931,0.265,0.472,0.745;aaaaaa;
0.181;0.573,0.492,0.76,0.44,0.99,0.198,0.86,0.57,0.379,0.882;aaaaaaa;
0.0332;0.0278,0.73,0.267,0.973,0.985,0.42,0.645,0.447,0.189,0.0724;aaaaa;
0.649;0.136,0.735,0.306,0.0356,0.243,0.891,0.375,0.414,0.679,0.122;aaaaa;
0.932;0.891,0.84,0.319,0.18,0.889,0.909,0.567,0.362,0.126,0.858;aaaaaaa;
0.906;0.523,0.0175,0.0789,0.468,0.971,0.809,0.735,0.885,0.6,0.315;aaaaaaa;
0.187;0.622,0.0762,0.896,0.66,0.494,0.00353,0.788,0.312,0.118,0.507;aa;
0.302;0.232,0.289,0.574,0.231,0.89,0.868,0.297,0.635,0.491,0.935;aaaa;
0.646;0.0983,0.0691,0.393,0.141,0.947,0.511,0.0314,0.0731,0.698,0.214;aaaaaaa;
0.569;0.657,0.71,0.328,0.858,0.788,0.228,0.224,0.0842,0.438,0.774;aaaaaaaaa;
0.938;0.305,0.31,0.16,0.886,0.116,0.67,0.701,0.991,0.49,0.554;aaaaaaaaa;
0.884;0.411,0.376,0.551,0.821,0.0284,0.226,0.852,0.0229,0.0128,0.533;aaaaa;
0.701;0.871,0.801,0.718,0.0833,0.662,0.609,0.577,0.787,0.448,0.123;aaaaa;
0.218;0.405,0.819,0.594,0.321,0.751,0.0449,0.41,0.317,0.611,0.877;aaaaa;
0.242;0.877,0.738,0.0492,0.961,0.103,0.149,0.331,0.0807,0.465,0.651;aaaaaaaaaa;
0.42;0.13,0.453,0.356,0.7,0.919,0.213,0.345,0.736,0.91,0.911;aaaaaaaa;
0.285;0.418,0.95,0.355,0.364,0.262,0.716,0.36,0.217,0.116,0.767;aa;
0.865;0.494,0.128,0.114,0.451,0.459,0.471,0.623,0.33,0.361,0.578;aaaaa;
0.423;0.362,0.743,0.147,0.0982,0.109,0.532,0.369,0.124,0.817,0.0534;aaaaaaa;
0.258;0.11,0.832,0.63,0.535,0.645,0.336,0.485,0.633,0.0577,0.353;aaaaaa;
0.936;0.0496,0.78,0.507,0.0297,0.793,0.00989,0.191,0.293,0.046,0.594;aaaaaaaaaa;
0.889;0.585,0.138,0.562,0.462,0.498,0.412,0.698,0.587,0.565,0.678;aa;
0.255;0.368,0.623,0.935,0.316,0.341,0.873,0.985,0.0415,0.478,0.433;aa;
0.773;0.196,0.419,0.635,0.733,0.627,0.452,0.136,1,0.12,0.56;aaaa;
0.538;0.854,0.85,0.605,0.0224,0.593,0.482,0.0781,0.566,0.664,0.564;aa;
0.875;0.458,0.131,0.853,0.0652,0.498,0.113,0.806,0.215,0.431,0.365;aaaaaa;
0.336;0.646,0.548,0.998,0.531,0.358,0.762,0.542,0.352,0.96,0.868;aaaaaa;
0.768;0.402,0.488,0.37,0.0467,0.182,0.282,0.0581,0.928,0.432,0.536;aaaaaaaaaa;
0.721;0.199,0.266,0.938,0.659,0.0657,0.128,0.825,0.804,0.484,0.0937;aaa;
0.648;0.244,0.125,0.115,0.0529,0.52,0.0651,0.552,0.935,0.592,0.738;aaa;
0.273;0.407,0.75,0.552,0.806,0.379,0.913,0.773,0.208,0.875,0.962;aaaaaa;
0.361;0.0107,0.107,0.0785,0.0795,0.224,0.209,0.425,0.117,0.343,0.717;aa;
0.348;0.0677,0.228,0.0414,0.551,0.368,0.00654,0.466,0.0829,0.553,0.38;aaaa;
0.864;0.622,0.48,0.346,0.212,0.723,0.846,0.741,0.892,0.952,0.126;aaaaaa;
0.26;0.822,0.134,0.925,0.171,0.104,0.618,0.112,0.384,0.911,0.816;aaaaa;
0.992;0.135,0.779,0.921,0.71,0.522,0.415,0.943,0.602,0.765,0.837;aaaaaaaa;
0.0672;0.987,0.0585,0.939,0.336,0.275,0.53,0.854,0.392,0.626,0.882;aaaa;
0.923;0.522,0.693,0.268,0.813,0.276,0.921,0.819,0.348,0.5,0.552;aaaaaaa;
0.606;0.673,0.414,0.386,0.337,0.235,0.0881,0.111,0.199,0.0138,0.706;a;
0.731;0.599,0.231,0.329,0.757,0.545,0.789,0.0951,0.255,0.367,0.506;a;
0.476;0.233,0.785,0.183,0.101,0.412,0.858,0.0306,0.437,0.313,0.378;aa;
0.0262;0.617,0.33,0.0724,0.623,0.656,0.212,0.631,0.772,0.973,0.0699;aaaaaaaa;
0.528;0.677,0.0768,0.115,0.243,0.765,0.281,0.327,0.672,0.645,0.346;aaaaaaaa;
0.35;0.159,0.429,0.622,0.5,0.0581,0.576,0.657,0.519,0.131,0.547;aaaaaaaaaa;
0.911;0.608,0.405,0.628,0.952,0.0103,0.167,0.468,0.473,0.115,0.588;aaaaaaa;
0.173;0.584,0.737,0.758,0.591,0.534,0.862,0.0821,0.982,0.196,0.923;aaaaaaaa;
0.958;0.629,0.9,0.0235,0.513,0.546,0.118,0.96,0.531,0.153,0.325;aaaaaa;
0.183;0.946,0.123,0.851,0.451,0.911,0.974,0.817,0.39,0.235,0.975;aaaa;
0.284;0.158,0.91,0.641,0.173,0.957,0.883,0.381,0.164,0.543,0.0978;aaaaaaa;
0.301;0.0703,0.651,0.25,0.21,0.0288,0.284,0.678,0.0684,0.849,0.917;a;
0.848;0.144,0.258,0.604,0.654,0.764,0.728,0.576,0.538,0.0307,0.835;aaa;
0.722;0.232,0.505,0.9,0.271,0.649,0.379,0.612,0.33,0.879,0.199;aaaaaaaaaa;
0.591;0.198,0.865,0.517,0.178,0.789,0.136,0.0998,0.872,0.187,0.0636;aaaaaa;
0.035;0.899,0.892,0.388,0.71,0.629,0.373,0.714,0.153,0.158,0.197;aaaaa;
0.743;0.716,0.133,0.156,0.485,0.382,0.0578,0.765,0.0534,0.988,0.178;aaa;
0.136;0.475,0.513,0.605,0.0301,0.726,0.915,0.188,0.64,0.618,0.16;aaaaaaaaa;
0.187;0.981,0.000798,0.185,0.216,0.225,0.933,0.795,0.42,0.936,0.513;aaaaaa;
0.0686;0.906,0.822,0.517,0.565,0.846,0.39,0.0181,0.874,0.0527,0.0357;a;
0.861;0.954,0.855,0.721,0.561,0.966,0.898,0.551,0.507,0.412,0.574;aaaa;
0.882;0.585,0.498,0.0689,0.0371,0.796,0.439,0.411,0.601,0.0414,0.224;aaaa;
0.605;0.0013,0.0777,0.319,0.916,0.517,0.919,0.348,0.401,0.974,0.844;aaaaaaa;
0.0361;0.362,0.783,0.349,0.122,0.634,0.908,0.524,0.851,0.84,0.295;aaa;
0.993;0.343,0.471,0.815,0.428,0.0668,0.933,0.932,0.615,0.405,0.705;aaaaa;
0.797;0.615,0.0996,0.182,0.443,0.341,0.748,0.306,0.696,0.942,0.296;aaaa;
0.549;0.0253,0.504,0.418,0.975,0.677,0.299,0.676,0.752,0.024,0.297;a;
0.0706;0.0776,0.316,0.132,0.0257,0.333,0.632,0.0569,0.147,0.446,0.504;aaaaaaaaaa;
0.225;0.021,0.113,0.932,0.304,0.554,0.0279,0.773,0.837,0.743,0.478;aaa;
0.685;0.292,0.236,0.973,0.15,0.467,0.231,0.427,0.745,0.899,0.139;aa;
0.762;0.368,0.0287,0.492,0.0368,0.517,0.531,0.0425,0.847,0.719,0.213;aaaaaaaaa;
0.0969;0.533,0.866,0.398,0.582,0.39,0.926,0.0393,0.215,0.377,0.437;aa;
0.713;0.287,0.309,0.649,0.748,0.252,0.09,0.487,0.0655,0.351,0.397;aaaaaaaaaa;
0.348;0.0925,0.796,0.307,0.979,0.697,0.375,0.961,0.17,0.426,0.908;aa;
0.533;0.658,0.697,0.886,0.194,0.421,0.69,0.229,0.954,0.994,0.823;aaaaaaaaaa;
0.04;0.549,0.362,0.14,0.375,0.844,0.198,0.287,0.233,0.135,0.959;aaaa;
0.596;0.46,0.204,0.346,0.327,0.0864,0.048,0.0915,0.496,0.253,0.512;aa;
0.622;0.796,0.0154,0.19,0.144,0.283,0.573,0.288,0.413,0.775,0.0793;aaaaaaaa;
0.842;0.553,0.00661,0.125,0.549,0.878,0.524,0.196,0.84,0.918,0.937;aa;
0.845;0.526,0.826,0.66,0.435,0.398,0.495,0.932,0.611,0.847,0.527;aaaaa;
0.18;0.641,0.346,0.222,0.00563,0.8,0.0203,0.662,0.773,0.918,0.365;aaaaaaa;
0.598;0.535,0.885,0.473,0.374,0.0254,0.155,0.576,0.73,0.791,0.777;aa;
0.047;0.469,0.228,0.727,0.549,0.31,0.201,0.721,0.851,0.324,0.846;aaaa;
0.0873;0.78,0.961,0.702,0.953,0.602,0.348,0.00694,0.612,0.946,0.859;aaaaaaaaaa;
0.106;0.258,0.262,0.625,0.391,0.884,0.338,0.163,0.802,0.775,0.648;aaaa;
0.918;0.113,0.318,0.139,0.984,0.718,0.914,0.734,0.0859,0.523,0.503;aaaaaaaaaa;
0.692;0.943,0.528,0.0847,0.176,0.603,0.595,0.396,0.0361,0.188,0.238;aaaaaaaa;
0.934;0.0665,0.901,0.215,0.488,0.664,0.388,0.416,0.183,0.303,0.858;aaaaaaa;
0.917;0.702,0.219,0.986,0.341,0.0967,0.516,0.158,0.502,0.889,0.0886;a;
0.0225;0.891,0.495,0.573,0.669,0.98,0.137,0.588,0.0565,0.831,0.842;a;
0.285;0.01,0.955,0.727,0.974,0.939,0.251,0.5,0.111,0.763,0.837;aaaa;
0.618;0.448,0.198,0.812,0.0949,0.853,0.838,0.736,0.307,0.445,0.67;a;
0.217;0.147,0.773,0.851,0.75,0.903,0.693,0.498,0.573,0.276,0.526;aaa;
0.671;0.00739,0.239,0.662,0.564,0.28,0.0674,0.532,0.985,0.627,0.884;aaaaaaaa;
0.793;0.643,0.0995,0.165,0.528,0.566,0.521,0.875,0.895,0.767,0.84;aaaaaaaa;
0.662;0.388,0.0405,0.339,0.284,0.195,0.727,0.00161,0.606,0.855,0.229;aaaaaaaaa;
0.287;0.281,0.115,0.826,0.835,0.0971,0.0826,0.733,0.104,0.442,0.688;aaaa;
0.528;0.808,0.714,0.65,0.571,0.0906,0.0363,0.127,0.789,0.698,0.216;aaaaaa;
0.612;0.187,0.157,0.358,0.43,0.392,0.854,0.495,0.818,0.144,0.151;aa;
0.192;0.872,0.766,0.503,0.255,0.976,0.727,0.0929,0.661,0.544,0.438;aaa;
0.118;0.27,0.737,0.141,0.929,0.561,0.288,0.671,0.636,0.919,0.598;aa;
0.464;0.571,0.482,0.159,0.514,0.965,0.0901,0.703,0.756,0.781,0.707;aaa;
0.0134;0.101,0.518,0.161,0.416,0.628,0.455,0.378,0.279,0.294,0.75;aaaaaaa;
0.448;0.423,0.867,0.954,0.844,0.769,0.337,0.726,0.718,0.779,0.127;aaaaaaaa;
0.97;0.366,0.76,0.539,0.938,0.759,0.864,0.722,0.4,0.189,0.668;a;
0.501;0.92,0.693,0.926,0.33,0.592,0.0102,0.162,0.446,0.513,0.837;aaaaaaa;
0.801;0.218,0.806,0.476,0.337,0.119,0.161,0.205,0.187,0.978,0.14;aaaaaa;
0.361;0.437,0.842,0.0188,0.946,0.369,0.0527,0.865,0.23,0.732,0.609;aa;
0.613;0.419,0.024,0.86,0.0106,0.862,0.97,0.455,0.545,0.355,0.61;aaa;
0.075;0.187,0.446,0.242,0.989,0.505,0.324,0.556,0.891,0.943,0.538;aaaaaaa;
0.448;0.82,0.743,0.0701,0.471,0.278,0.906,0.521,0.208,0.595,0.482;aaaaaaa;
0.651;0.133,0.88,0.0815,0.738,0.415,0.384,0.771,0.577,0.749,0.582;a;
0.854;0.485,0.937,0.979,0.0024,0.214,0.544,0.655,0.051,0.644,0.445;aaaaaaaaa;
0.954;0.162,0.311,0.448,0.411,0.939,0.909,0.904,0.0852,0.558,0.128;aaa;
0.676;0.856,0.02,0.999,0.646,0.231,0.356,0.34,0.31,0.877,0.908;aa;
0.689;0.132,0.474,0.352,0.553,0.796,0.363,0.077,0.565,0.609,0.172;aaaaa;
0.0977;0.0498,0.375,0.859,0.116,0.0117,0.704,0.245,0.653,0.593,0.518;aaaaa;
0.723;0.806,0.688,0.000835,0.00817,0.724,0.889,0.417,0.336,0.442,0.851;aa;
0.614;0.197,0.179,0.391,0.286,0.603,0.558,0.188,0.253,0.117,0.627;aaaaa;
0.188;0.968,0.948,0.0697,0.911,0.961,0.266,0.935,0.724,0.674,0.394;aaaaaaa;
0.535;0.436,0.347,0.101,0.796,0.688,0.403,0.638,0.978,0.719,0.884;aaaaaaaa;
0.167;0.529,0.835,0.636,0.818,0.965,0.859,0.867,0.093,0.393,0.423;aaaaaaaaaa;
0.211;0.274,0.198,0.249,0.183,0.598,0.618,0.441,0.299,0.832,0.484;aaaaa;
0.68;0.0525,0.564,0.48,0.236,0.16,0.829,0.978,0.301,0.089,0.285;aaaaaaa;
0.191;0.651,0.472,0.668,0.316,0.526,0.607,0.152,0.348,0.173,0.18;aaaaa;
0.477;0.402,0.125,0.359,0.338,0.0129,0.988,0.0988,0.15,0.0751,0.98;a;
0.349;0.422,0.743,0.783,0.34,0.163,0.676,0.467,0.659,0.516,0.74;aaaaaa;
0.475;0.12,0.77,0.307,0.744,0.392,0.249,0.539,0.678,0.234,0.0962;aaaaaaaa;
0.889;0.342,0.506,0.944,0.174,0.748,0.938,0.042,0.821,0.677,0.524;aaaaaaaaaa;
0.505;0.108,0.944,0.154,0.712,0.808,0.16,0.198,0.841,0.254,0.219;aaaaaaaaaa;
0.666;0.139,0.952,0.642,0.567,0.339,0.662,0.442,0.33,0.895,0.741;a;
0.0656;0.477,0.405,0.662,0.39,0.283,0.282,0.276,0.806,0.956,0.626;a;
0.884;0.315,0.491,0.231,0.456,0.612,0.943,0.0172,0.24,0.568,0.0207;aaa;
0.249;0.00252,0.639,0.101,0.204,0.349,0.205,0.0251,0.785,0.0139,0.195;aaaaa;
0.2;0.612,0.395,0.145,0.335,0.356,0.597,0.466,0.991,0.35,0.182;aaa;
0.986;0.569,0.403,0.887,0.906,0.267,0.34,0.171,0.923,0.104,0.73;aaa;
0.132;0.457,0.242,0.471,0.237,0.591,0.765,0.769,0.129,0.733,0.488;aaa;
0.0295;0.765,0.526,0.961,0.131,0.332,0.55,0.422,0.599,0.39,0.148;aaaaaa;
0.9;0.0843,0.954,0.479,0.0486,0.266,0.0911,0.567,0.402,0.45,0.0928;aaaaaaaaa;
0.814;0.719,0.812,0.373,0.18,0.471,0.0203,0.721,0.0206,0.685,0.479;aaaaaaaaa;
0.434;0.916,0.975,0.445,0.791,0.45,0.792,0.18,0.81,0.104,0.0153;aaaaaaaaaa;
0.77;0.671,0.00249,0.621,0.287,0.486,0.764,0.496,0.347,0.923,0.676;a;
0.187;0.621,0.17,0.102,0.55,0.815,0.211,0.0999,0.421,0.731,0.431;aaaaaaaa;
0.226;0.54,0.785,0.52,0.339,0.241,0.685,0.674,0.475,0.439,0.0418;a;
0.521;0.183,0.54,0.0344,0.948,0.713,0.613,0.721,0.593,0.613,0.341;aaaaaaa;
0.786;0.587,0.538,0.427,0.559,0.197,0.152,0.514,0.786,0.0686,0.311;a;
0.643;0.606,0.833,0.932,0.482,0.763,0.159,0.245,0.449,0.115,0.632;aaaaaaaa;
0.598;0.556,0.642,0.591,0.728,0.331,0.0232,0.21,0.878,0.588,0.0687;aaaaaaaaa;
0.199;0.205,0.181,0.403,0.185,0.519,0.705,0.104,0.492,0.0475,0.992;aaaaaaaaaa;
0.447;0.342,0.255,0.935,0.429,0.786,0.94,0.869,0.591,0.513,0.0912;aaaaaaaaaa;
0.855;0.315,0.849,0.0719,0.506,0.164,0.577,0.869,0.835,0.531,0.936;aaa;
0.668;0.0725,0.47,0.11,0.142,0.857,0.787,0.0973,0.181,0.0894,0.209;aaa;
0.0262;0.0874,0.311,0.387,0.209,0.969,0.129,0.855,0.786,0.256,0.00312;aaaaaaaaaa;
0.478;0.702,0.0614,0.259,0.177,0.792,0.751,0.151,0.494,0.136,0.728;a;
0.134;0.52,0.657,0.489,0.887,0.507,0.64,0.0422,0.0653,0.737,0.949;a;
0.711;0.459,0.492,0.888,0.522,0.801,0.391,0.0141,0.577,0.0512,0.569;aaaaaa;
0.173;0.542,0.232,0.1,0.825,0.0426,0.82,0.12,0.8,0.881,0.116;aa;
0.805;0.0168,0.645,0.585,0.874,0.976,0.483,0.585,0.23,0.76,0.243;aaa;
0.241;0.296,0.525,0.716,0.235,0.185,0.247,0.469,0.165,0.672,0.164;aaaaaaaaaa;
0.407;0.0908,0.0436,0.702,0.226,0.871,0.453,0.635,0.775,0.15,0.485;aaa;
0.313;0.198,0.152,0.785,0.536,0.978,0.584,0.296,0.816,0.0609,0.225;aaaa;
0.226;0.733,0.75,0.952,0.585,0.277,0.246,0.596,0.323,0.158,0.229;aaaaaaa;
0.62;0.61,0.362,0.709,0.969,0.437,0.211,0.332,0.975,0.489,0.362;aaaaaaaaaa;
0.764;0.999,0.72,0.214,0.445,0.967,0.544,0.561,0.458,0.463,0.439;aaaaaaa;
0.207;0.894,0.284,0.778,0.296,0.363,0.267,0.825,0.699,0.979,0.301;aaaaa;
0.715;0.0554,0.0202,0.753,0.509,0.743,0.134,0.256,0.447,0.302,0.423;aaa;
0.128;0.611,0.62,0.803,0.413,0.941,0.541,0.527,0.743,0.919,0.364;aaaaaaaaaa;
0.77;0.186,0.579,0.597,0.308,0.175,0.708,0.219,0.405,0.843,0.687;aaaaaaaaa;
0.324;0.0614,0.267,0.481,0.222,0.724,0.177,0.232,0.305,0.104,0.685;aa;
0.207;0.894,0.284,0.778,0.296,0.363,0.267,0.825,0.699,0.979,0.301;aaaaaa;
0.715;0.0554,0.0202,0.753,0.509,0.743,0.134,0.256,0.447,0.302,0.423;aaaaa;
0.128;0.611,0.62,0.803,0.413,0.941,0.541,0.527,0.743,0.919,0.364;aa;
0.77;0.186,0.579,0.597,0.308,0.175,0.708,0.219,0.405,0.843,0.687;aaaaaa;
0.324;0.0614,0.267,0.481,0.222,0.724,0.177,0.232,0.305,0.104,0.685;aaa;
0.207;0.894,0.284,0.778,0.296,0.363,0.267,0.825,0.699,0.979,0.301;aa;
0.715;0.0554,0.0202,0.753,0.509,0.743,0.134,0.256,0.447,0.302,0.423;aaaaaaa;
0.128;0.611,0.62,0.803,0.413,0.941,0.541,0.527,0.743,0.919,0.364;aaa;
0.77;0.186,0.579,0.597,0.308,0.175,0.708,0.219,0.405,0.843,0.687;aaaaaaa;
0.324;0.0614,0.267,0.481,0.222,0.724,0.177,0.232,0.305,0.104,0.685;aaa;
0.207;0.894,0.284,0.778,0.296,0.363,0.267,0.825,0.699,0.979,0.301;aa;
0.715;0.0554,0.0202,0.753,0.509,0.743,0.134,0.256,0.447,0.302,0.423;aaaaaaaaa;
0.128;0.611,0.62,0.803,0.413,0.941,0.541,0.527,0.743,0.919,0.364;aaaaa;
0.77;0.186,0.579,0.597,0.308,0.175,0.708,0.219,0.405,0.843,0.687;aaaaaaaaa;
0.324;0.0614,0.267,0.481,0.222,0.724,0.177,0.232,0.305,0.104,0.685;aaaaa;
0.207;0.894,0.284,0.778,0.296,0.363,0.267,0.825,0.699,0.979,0.301;aaaaaaaaaa;
0.715;0.0554,0.0202,0.753,0.509,0.743,0.134,0.256,0.447,0.302,0.423;a;
0.128;0.611,0.62,0.803,0.413,0.941,0.541,0.527,0.743,0.919,0.364;aaaaaaaa;
0.77;0.186,0.579,0.597,0.308,0.175,0.708,0.219,0.405,0.843,0.687;aaa;
0.324;0.0614,0.267,0.481,0.222,0.724,0.177,0.232,0.305,0.104,0.685;aaaaaa;
