ATT0(float,1);ATT1(float,10);ATT2(string,10);
0.526;0.0522,0.752,0.887,0.641,0.703,0.287,0.398,0.524,0.363,0.806;aaaaaa;
0.0858;0.158,0.896,0.0697,0.526,0.441,0.899,0.198,0.0142,0.149,0.54;a;
0.828;0.0454,0.122,0.9,0.466,0.558,0.281,0.609,0.881,0.337,0.949;aaaaaaa;
0.389;0.254,0.0219,0.099,0.235,0.626,0.387,0.417,0.679,0.98,0.862;aaaaaa;
0.278;0.829,0.75,0.285,0.0503,0.547,0.577,0.416,0.718,0.951,0.512;aaaaaa;
0.897;0.562,0.405,0.945,0.303,0.294,0.1,0.939,0.736,0.853,0.238;aaaaaaaaaa;
0.665;0.54,0.752,0.0286,0.959,0.188,0.848,0.9,0.686,0.245,0.896;aa;
0.0544;0.999,0.254,0.29,0.739,0.352,0.736,0.576,0.598,0.142,0.385;aaaa;
0.453;0.362,0.91,0.72,0.781,0.441,0.458,0.746,0.679,0.0395,0.62;aaaaaa;
0.0139;0.808,0.814,0.143,0.255,0.276,0.282,0.0417,0.214,0.285,0.504;aaaaaaaaa;
0.537;0.662,0.869,0.283,0.466,0.406,0.604,0.912,0.942,0.658,0.052;aaaa;
0.108;0.71,0.0932,0.782,0.147,0.363,0.895,0.939,0.783,0.262,0.261;aaaaaaaaa;
0.424;0.51,0.503,0.171,0.598,0.376,0.713,0.101,0.36,0.492,0.182;aa;
0.147;0.485,0.739,0.259,0.826,0.559,0.846,0.912,0.999,0.657,0.822;a;
0.771;0.343,0.878,0.415,0.102,0.663,0.967,0.0748,0.621,0.942,0.715;aaaaa;
0.839;0.0239,0.773,0.578,0.0252,0.248,0.224,0.424,0.835,0.162,0.86;aaaaaa;
0.322;0.795,0.171,0.994,0.227,0.367,0.861,0.025,0.734,0.337,0.916;aaaaaaaaaa;
0.376;0.198,0.0407,0.645,0.235,0.409,0.926,0.182,0.369,0.792,0.31;aaa;
0.467;0.254,0.0825,0.921,0.468,0.954,0.537,0.0919,0.695,0.128,0.76;aaaa;
0.0487;0.0292,0.242,0.995,0.0291,0.17,0.729,0.854,0.417,0.787,0.907;a;
0.324;0.52,0.086,0.15,0.825,0.439,0.495,0.151,0.456,0.375,0.947;aaa;
0.571;0.0553,0.712,0.399,0.0663,0.443,0.0927,0.583,0.75,0.182,0.531;aaaaaaaaa;
0.0367;0.859,0.574,0.869,0.472,0.554,0.976,0.989,0.0398,0.769,0.00988;aaaaaaaaaa;
0.885;0.423,0.25,0.215,0.992,0.196,0.601,0.684,0.375,0.408,0.621;aaaaaaaaa;
0.574;0.572,0.493,0.522,0.759,0.765,0.899,0.448,0.0931,0.364,0.652;aaaaaaaa;
0.232;0.624,0.883,0.291,0.41,0.174,0.862,0.906,0.531,0.00985,0.108;aaa;
0.0906;0.212,0.507,0.0631,0.233,0.895,0.612,0.756,0.115,0.168,0.269;aaaaa;
0.173;0.658,0.161,0.686,0.154,0.637,0.0355,0.448,0.268,0.215,0.254;aaaaaaaaa;
0.206;0.798,0.883,0.351,0.789,0.424,0.854,0.137,0.796,0.839,0.0742;aaaaa;
0.845;0.229,0.768,0.625,0.75,0.284,0.0142,0.589,0.528,0.673,0.142;aaaaaaaaa;
0.631;0.664,0.404,0.801,0.845,0.496,0.965,0.608,0.154,0.416,0.348;aaaa;
0.733;0.0839,0.229,0.562,0.437,0.36,0.731,0.414,0.91,0.298,0.136;aaaaaa;
0.0956;0.049,0.63,0.996,0.0742,0.965,0.382,0.451,0.00363,0.851,0.687;aaaaaaaaa;
0.362;0.893,0.867,0.0263,0.741,0.763,0.273,0.793,0.811,0.808,0.358;aaaaaaaa;
0.961;0.696,0.494,0.172,0.345,0.956,0.634,0.133,0.286,0.733,0.665;aaaaaaa;
0.076;0.455,0.312,0.76,0.428,0.183,0.522,0.0878,0.712,0.431,0.939;a;
0.197;0.763,0.386,0.694,0.842,0.216,0.453,0.857,0.857,0.791,0.0922;aaaaaaa;
0.25;0.351,0.412,0.262,0.847,0.626,0.438,0.901,0.01,0.63,0.337;a;
0.159;0.56,0.386,0.41,0.872,0.411,0.466,0.291,0.6,0.178,0.207;aaaaaa;
0.687;0.558,0.863,0.188,0.405,0.105,0.267,0.0299,0.012,0.532,0.734;aa;
0.858;0.767,0.288,0.599,0.359,0.923,0.182,0.628,0.851,0.368,0.0937;aaaaaaaaaa;
0.683;0.105,0.977,0.37,0.563,0.353,0.702,0.628,0.561,0.869,0.773;aaaaaaaa;
0.333;0.122,0.192,0.576,0.866,0.26,0.435,0.167,0.532,0.479,0.216;aaaaaaa;
0.63;0.217,0.85,0.236,0.843,0.555,0.459,0.345,0.721,0.119,0.878;aaaaaaaaa;
0.621;0.781,0.634,0.0268,0.81,0.117,0.388,0.519,0.63,0.713,0.156;a;
0.265;0.396,0.92,0.845,0.477,0.489,0.998,0.058,0.214,0.945,0.356;aaaaaaaaaa;
0.302;0.44,0.734,0.839,0.554,0.589,0.00173,0.0236,0.501,0.0472,0.7;aaa;
0.27;0.453,0.578,0.238,0.797,0.471,0.701,0.393,0.819,0.0162,0.568;aaaaaaaa;
0.649;0.0576,0.582,0.535,0.218,0.521,0.92,0.252,0.735,0.523,0.76;aaaaaaaaaa;
0.792;0.539,0.368,0.97,0.686,0.82,0.0419,0.497,0.965,0.635,0.391;aaaaaaaaaa;
0.911;0.964,0.368,0.974,0.431,0.534,0.0647,0.16,0.816,0.975,0.81;a;
0.835;0.024,0.394,0.454,0.206,0.774,0.958,0.165,0.44,0.114,0.0135;aa;
0.588;0.201,0.175,0.971,0.946,0.431,0.194,0.813,0.438,0.322,0.118;aaaaaa;
0.343;0.783,0.313,0.687,0.448,0.201,0.831,0.527,0.862,0.678,0.00753;aaaaaa;
0.119;0.407,0.15,0.696,0.484,0.688,0.0737,0.9,0.855,0.692,0.956;aaaaa;
0.228;0.474,0.383,0.517,0.48,0.904,0.73,0.633,0.454,0.564,0.624;a;
0.537;0.52,0.625,0.677,0.663,0.0174,0.609,0.0791,0.694,0.925,0.968;aaaaaaaaaa;
0.861;0.181,0.791,0.961,0.317,0.977,0.708,0.683,0.811,0.468,0.106;aaaaaaaaaa;
0.00356;0.345,0.727,0.0376,0.753,0.486,0.9,0.936,0.0164,0.562,0.261;aaaaaaaaa;
0.249;0.0924,0.714,0.833,0.222,0.208,0.668,0.763,0.861,0.604,0.22;aaaaaaaaa;
0.212;0.278,0.535,0.638,0.383,0.444,0.886,0.722,0.308,0.38,0.535;a;
0.344;0.723,0.27,0.787,0.762,0.624,0.0703,0.112,0.776,0.575,0.902;aaa;
0.465;0.48,0.973,0.948,0.128,0.518,0.733,0.854,0.823,0.351,0.203;aaaaaa;
0.424;0.673,0.281,0.519,0.129,0.0898,0.738,0.828,0.751,0.985,0.545;aaaaa;
0.799;0.791,0.344,0.731,0.202,0.529,0.777,0.363,0.023,0.717,0.81;aaaa;
0.613;0.111,0.249,0.482,0.884,0.699,0.0781,0.424,0.197,0.963,0.632;aaaaa;
0.672;0.00305,0.521,0.598,0.301,0.533,0.64,0.804,0.103,0.49,0.781;aaaaaa;
0.477;0.141,0.746,0.401,0.162,0.0554,0.258,0.773,0.165,0.414,0.877;aaaaaa;
0.299;0.38,0.682,0.556,0.966,0.97,0.0681,0.827,0.0738,0.071,0.0958;aaa;
0.384;0.5,0.421,0.212,0.129,0.881,0.694,0.904,0.173,0.863,0.269;aaaaaaaaa;
0.318;0.421,0.069,0.721,0.334,0.704,0.159,0.146,0.499,0.704,0.174;aaa;
0.801;0.116,0.331,0.896,0.238,0.613,0.436,0.988,0.0408,0.298,0.437;aaaaaa;
0.491;0.588,0.361,0.745,0.906,0.631,0.804,0.279,0.279,0.816,0.725;aaaa;
0.416;0.494,0.698,0.849,0.277,0.924,0.208,0.478,0.429,0.406,0.424;aaaaaa;
0.673;0.0756,0.825,0.523,0.0581,0.0611,0.992,0.119,0.053,0.32,0.293;aaaaa;
0.477;0.581,0.845,0.815,0.426,0.439,0.124,0.955,0.349,0.747,0.458;aaaa;
0.179;0.0747,0.485,0.0802,0.909,0.0693,0.0143,0.0302,0.565,0.106,0.398;a;
0.757;0.746,0.749,0.774,0.778,0.241,0.523,0.507,0.871,0.194,0.153;aaaaaaaaaa;
0.0159;0.759,0.94,0.83,0.605,0.109,0.772,0.107,0.0556,0.945,0.298;aaaaaaaa;
0.0802;0.395,0.0268,0.434,0.536,0.273,0.904,0.814,0.0661,0.674,0.833;aa;
0.403;0.113,0.243,0.683,0.877,0.423,0.428,0.685,0.326,0.0164,0.939;aaaaaaaa;
0.66;0.925,0.254,0.27,0.58,0.663,0.937,0.215,0.856,0.0358,0.403;a;
0.18;0.959,0.52,0.751,0.043,0.13,0.0223,0.28,0.452,0.695,0.111;aaa;
0.178;0.667,0.0307,0.133,0.0764,0.629,0.417,0.393,0.126,0.738,0.262;aaaaaa;
0.286;0.489,0.62,0.484,0.404,0.319,0.144,0.551,0.424,0.0439,0.243;aaa;
0.941;0.953,0.477,0.424,0.923,0.422,0.177,0.547,0.934,0.717,0.936;aaaa;
0.843;0.71,0.365,0.458,0.192,0.929,0.631,0.244,0.78,0.257,0.378;aaaaa;
0.713;0.862,0.394,0.588,0.564,0.716,0.344,0.346,0.367,0.913,0.828;aaaaaaa;
0.816;0.499,0.14,0.0794,0.101,0.875,0.377,0.944,0.657,0.557,0.0144;aaaaaaa;
0.352;0.844,0.876,0.523,0.161,0.945,0.245,0.074,0.0271,0.637,0.793;aaaaaaaaaa;
0.0836;0.217,0.653,0.963,0.0442,0.688,0.555,0.821,0.466,0.467,0.185;aa;
0.157;0.348,0.636,0.364,0.562,0.258,0.273,0.0154,0.423,0.623,0.948;aaaaaaaa;
0.431;0.933,0.501,0.0209,0.717,0.838,0.338,0.0769,0.962,0.443,0.0988;aaa;
0.76;0.413,0.621,0.875,0.982,0.825,0.424,0.758,0.459,0.787,0.888;aaaaaaaa;
0.704;0.665,0.176,0.439,0.416,0.908,0.978,0.0662,0.764,0.862,0.398;aaaaaaaa;
0.956;0.875,0.63,0.0742,0.898,0.372,0.861,0.771,0.325,0.298,0.696;aaaaaaaa;
0.869;0.382,0.0223,0.571,0.341,0.234,0.775,0.879,0.535,0.0704,0.154;aaaaaaa;
0.262;0.801,0.984,0.124,0.529,0.174,0.524,0.786,0.0211,0.843,0.569;a;
0.19;0.862,0.968,0.837,0.962,0.349,0.44,0.881,0.247,0.211,0.878;aaaaaaa;
0.732;0.145,0.272,0.535,0.697,0.498,0.416,0.0631,0.547,0.29,0.0545;aaaaaaaaa;
0.323;0.162,0.329,0.485,0.174,0.192,0.842,0.605,0.83,0.472,0.764;aa;
0.676;0.696,0.995,0.567,0.819,0.957,0.214,0.5,0.889,0.666,0.397;a;
0.828;0.859,0.00327,0.114,0.982,0.383,0.0917,0.355,0.375,0.907,0.507;aa;
0.127;0.0614,0.44,0.954,0.532,0.741,0.359,0.698,0.268,0.419,0.629;aaaaaaa;
0.65;0.823,0.368,0.956,0.26,0.0532,0.979,0.888,0.569,0.551,0.262;aaa;
0.16;0.47,0.114,0.0348,0.544,0.296,0.442,0.393,0.397,0.375,0.366;aaaa;
0.667;0.361,0.135,0.147,0.032,0.98,0.858,0.539,0.711,0.391,0.399;aaaaa;
0.0243;0.0942,0.923,0.447,0.552,0.0147,0.964,0.163,0.392,0.753,0.607;aaaaaaa;
0.141;0.407,0.332,0.391,0.69,0.412,0.36,0.89,0.417,0.542,0.495;aaa;
0.141;0.566,0.688,0.382,0.476,0.234,0.0218,0.213,0.117,0.16,0.712;aaaa;
0.231;0.146,0.321,0.507,0.867,0.214,0.907,0.823,0.954,0.101,0.419;a;
0.282;0.272,0.864,0.783,0.73,0.866,0.48,0.0951,0.536,0.0699,0.465;aaaaaaaa;
0.197;0.464,0.943,0.982,0.736,0.495,0.944,0.15,0.635,0.539,0.491;a;
0.388;0.798,0.0593,0.559,0.718,0.62,0.892,0.476,0.615,0.222,0.96;aa;
0.488;0.988,0.927,0.774,0.286,0.402,0.59,0.725,0.262,0.989,0.486;aa;
0.428;0.238,0.216,0.0242,0.481,0.426,0.276,0.24,0.405,0.714,0.0842;aaaaaaaaa;
0.226;0.194,0.0555,0.664,0.126,0.516,0.347,0.817,0.75,0.625,0.534;aa;
0.00753;0.747,0.623,0.405,0.514,0.642,0.509,0.847,0.279,0.687,0.491;aaaa;
0.762;0.979,0.0202,0.899,0.551,0.604,0.0473,0.594,0.711,0.462,0.815;aaaaaaa;
0.164;0.859,0.0149,0.574,0.0365,0.89,0.0616,0.818,0.861,0.174,0.283;aa;
0.655;0.00458,0.387,0.0452,0.472,0.708,0.211,0.742,0.236,0.303,0.213;aaaaaaaaa;
0.112;0.848,0.871,0.0913,0.102,0.302,0.421,0.584,0.672,0.775,0.201;a;
0.935;0.887,0.605,0.543,0.81,0.215,0.45,0.774,0.406,0.726,0.667;aaaaaaaa;
0.617;0.787,0.0869,0.915,0.146,0.75,0.477,0.497,0.733,0.841,0.895;aaaaaaaaa;
0.283;0.872,0.564,0.517,0.849,0.637,0.223,0.32,0.493,0.596,0.142;aaaaaa;
0.163;0.0201,0.95,0.0941,0.991,0.721,0.488,0.878,0.766,0.774,0.531;a;
0.401;0.527,0.316,0.13,0.208,0.981,0.277,0.0225,0.129,0.444,0.468;aaaaaaaaa;
0.731;0.819,0.742,0.199,0.339,0.904,0.322,0.0764,0.968,0.194,0.721;aaaaaaa;
0.531;0.175,0.0472,0.256,0.974,0.557,0.444,0.367,0.677,0.476,0.126;aaaaaaa;
0.677;0.965,0.545,0.939,0.815,0.444,0.0293,0.948,0.139,0.111,0.12;aaaaaaa;
0.374;0.978,0.327,0.571,0.594,0.94,0.968,0.237,0.587,0.866,0.551;aaaaaaaa;
0.787;0.921,0.259,0.823,0.12,0.567,0.323,0.985,0.805,0.322,0.882;aaaaaaaaaa;
0.491;0.117,0.314,0.921,0.851,0.8,0.709,0.745,0.237,0.263,0.41;aaaaaa;
0.933;0.808,0.409,0.0218,0.254,0.778,0.403,0.273,0.387,0.159,0.335;aaaaaaa;
0.268;0.925,0.293,0.635,0.986,0.552,0.503,0.014,0.99,0.903,0.123;aaaaaaaaaa;
0.0584;0.486,0.172,0.652,0.213,0.871,0.312,0.777,0.404,0.414,0.245;aaaaa;
0.792;0.653,0.59,0.58,0.344,0.168,0.993,0.267,0.0338,0.118,0.115;aaa;
0.0207;0.407,0.697,0.415,0.833,0.814,0.0215,0.213,0.113,0.182,0.192;aaaaaaaaaa;
0.672;0.644,0.255,0.0877,0.946,0.345,0.472,0.894,0.0935,0.946,0.82;aa;
0.893;0.752,0.0228,0.765,0.382,0.897,0.288,0.964,0.953,0.469,0.113;aaaaaaaa;
0.873;0.457,0.0837,0.841,0.771,0.94,0.101,0.494,0.217,0.385,0.984;aaaaaaaaa;
0.44;0.959,0.64,0.0222,0.0848,0.161,0.0221,0.256,0.696,0.894,0.983;aaaa;
0.294;0.364,0.209,0.0856,0.125,0.548,0.296,0.724,0.357,0.168,0.288;aaa;
0.225;0.105,0.559,0.211,0.0733,0.967,0.749,0.704,0.898,0.604,0.511;a;
0.231;0.36,0.321,0.272,0.442,0.949,0.946,0.883,0.35,0.624,0.236;aaaaaaa;
0.416;0.155,0.901,0.481,0.601,0.853,0.777,0.928,0.923,0.953,0.683;aaaaaaaa;
0.387;0.0256,0.467,0.902,0.355,0.858,0.973,0.71,0.271,0.715,0.694;aaaaaaa;
0.0156;0.266,0.691,0.865,0.551,0.537,0.714,0.63,0.687,0.426,0.711;aaaaaaa;
0.218;0.986,0.856,0.17,0.475,0.351,0.933,0.0369,0.868,0.386,0.777;aaaaa;
0.0279;0.782,0.286,0.522,0.204,0.713,0.809,0.444,0.53,0.856,0.251;aaaaaa;
0.742;0.264,0.178,0.558,0.638,0.949,0.571,0.958,0.856,0.519,0.156;aaaaaaa;
0.319;0.573,0.794,0.0295,0.181,0.0531,0.12,0.69,0.59,0.406,0.666;a;
0.413;0.187,0.074,0.622,0.469,0.71,0.979,0.257,0.684,0.724,0.471;aaaaaaaa;
0.0432;0.743,0.028,0.131,0.134,0.599,0.326,0.698,0.963,0.373,0.184;aaaaaaaaaa;
0.734;0.412,0.0758,0.216,0.759,0.619,0.981,0.0212,0.678,0.662,0.191;aaaaaa;
0.547;0.811,0.222,0.906,0.23,0.635,0.459,0.892,0.836,0.15,0.466;a;
0.494;0.601,0.548,0.885,0.567,0.387,0.415,0.723,0.94,0.0697,0.737;aaa;
0.0728;0.618,0.121,0.832,0.1,0.801,0.136,0.273,0.411,0.825,0.101;aaa;
0.705;0.0339,0.539,0.851,0.465,0.306,0.882,0.407,0.602,0.203,0.912;aaaaaaa;
0.747;0.11,0.752,0.726,0.823,0.956,0.0381,0.714,0.452,0.934,0.425;aa;
0.92;0.714,0.79,0.866,0.959,0.463,0.106,0.885,0.0207,0.157,0.173;aaaaaaa;
0.752;0.167,0.0701,0.199,0.614,0.717,0.00834,0.4,0.691,0.8,0.247;aaaaa;
0.67;0.289,0.474,0.49,0.305,0.382,0.731,0.253,0.377,0.947,0.854;aaaaaa;
0.346;0.256,0.671,0.444,0.69,0.749,0.531,0.102,0.149,0.665,0.284;aaa;
0.879;0.682,0.675,0.847,0.931,0.407,0.826,0.072,0.337,0.0251,0.216;aaaa;
0.954;0.502,0.568,0.0564,0.82,0.762,0.749,0.705,0.795,0.0886,0.539;aaaaa;
0.887;0.744,0.515,0.516,0.329,0.485,0.898,0.305,0.398,0.29,0.0247;aaaaaaaa;
0.879;0.361,0.359,0.0155,0.947,0.181,0.689,0.86,0.677,0.0689,0.134;aaaaaaaaa;
0.481;0.193,0.869,0.396,0.207,0.953,0.887,0.682,0.912,0.674,0.765;aaaaaaaa;
3.25e-05;0.624,0.0734,0.0132,0.566,0.691,0.0508,0.503,0.898,0.964,0.075;aaaa;
0.944;0.921,0.264,0.639,0.187,0.312,0.898,0.862,0.488,0.471,0.915;aaaaaaaaa;
0.28;0.488,0.995,0.918,0.35,0.76,0.617,0.709,0.549,0.995,0.967;aa;
0.671;0.763,0.999,0.467,0.663,0.619,0.757,0.366,0.94,0.748,0.312;aaaaaaaaaa;
0.189;0.0159,0.501,0.0331,0.303,0.985,0.769,0.473,0.684,0.491,0.199;a;
0.791;0.593,0.405,0.885,0.564,0.352,0.33,0.792,0.28,0.336,0.0108;aaaaaaaaaa;
0.814;0.463,0.889,0.726,0.781,0.891,0.182,0.307,0.985,0.685,0.202;aaaaa;
0.984;0.918,0.784,0.222,0.796,0.23,0.936,0.761,0.813,0.115,0.208;aaaaaa;
0.678;0.53,0.864,0.772,0.136,0.932,0.513,0.303,0.705,0.966,0.786;aaaa;
0.635;0.635,0.524,0.359,0.367,0.986,0.757,0.739,0.427,0.694,0.477;aaaaaa;
0.314;0.198,0.635,0.804,0.53,0.86,0.112,0.638,0.821,0.204,0.413;aa;
0.0553;0.788,0.141,0.182,0.789,0.923,0.332,0.14,0.309,0.643,0.986;aaaaa;
0.156;0.289,0.231,0.915,0.935,0.218,0.765,0.445,0.632,0.451,0.75;aaaaa;
0.999;0.746,0.0414,0.49,0.532,0.629,0.357,0.416,0.459,0.835,0.119;aaaaaa;
0.854;0.142,0.737,0.246,0.573,0.0966,0.195,0.198,0.398,0.0063,0.663;aaa;
0.758;0.723,0.0811,0.834,0.731,0.0303,0.564,0.325,0.406,0.0892,0.949;aaaaaaaa;
0.797;0.232,0.738,0.65,0.568,0.0581,0.224,0.331,0.576,0.195,0.553;aaaaaaaaaa;
0.437;0.0657,0.328,0.599,0.917,0.0924,0.793,0.88,0.358,0.22,0.269;aaaaaaaa;
0.719;0.432,0.578,0.191,0.942,0.776,0.423,0.506,0.49,0.285,0.573;aaaaaaaaaa;
0.188;0.704,0.901,0.0613,0.381,0.88,0.0944,0.455,0.238,0.00722,0.369;aaaaa;
0.674;0.443,0.335,0.968,0.305,0.536,0.383,0.495,0.379,0.268,0.995;a;
0.197;0.96,0.105,0.496,0.436,0.357,0.272,0.0697,0.623,0.896,0.415;aaaaaaaaaa;
0.775;0.337,0.41,0.014,0.47,0.761,0.853,0.677,0.309,0.99,0.413;aa;
0.783;0.905,0.291,0.1,0.251,0.716,0.602,0.739,0.721,0.765,0.331;aaaaaaaaa;
0.943;0.451,0.937,0.129,0.663,0.767,0.319,0.484,0.57,0.0401,0.884;aaaa;
0.768;0.437,0.969,0.732,0.371,0.0209,0.652,0.543,0.156,0.926,0.152;aa;
0.804;0.801,0.529,0.327,0.156,0.876,0.104,0.269,0.654,0.973,0.629;aaaaaaaaaa;
0.0216;0.637,0.771,0.668,0.34,0.592,0.57,0.563,0.276,0.436,0.214;aaaaaaaaaa;
0.485;0.5,0.651,0.323,0.373,0.504,0.0274,0.116,0.151,0.866,0.744;a;
0.0816;0.166,0.533,0.0817,0.027,0.566,0.818,0.42,0.137,0.764,0.512;aaaaaaaa;
0.938;0.172,0.605,0.604,0.744,0.272,0.522,0.548,0.91,0.732,0.107;aaaaa;
0.357;0.274,0.672,0.46,0.547,0.294,0.173,0.961,0.64,0.787,0.851;aaaaaaa;
0.818;0.862,0.671,0.00685,0.906,0.689,0.725,0.159,0.702,0.643,0.0398;aaaaa;
0.834;0.28,0.476,0.939,0.832,0.535,0.677,0.14,0.935,0.215,0.799;aaaa;
0.0449;0.489,0.172,0.417,0.898,0.344,0.68,0.492,0.595,0.382,0.0105;aaaaaa;
0.603;0.104,0.583,0.0681,0.415,0.34,0.65,0.0753,0.0296,0.585,0.872;aaaaa;
0.239;0.524,0.0481,0.639,0.977,0.239,0.0902,0.753,0.21,0.433,0.239;aaaaaaaaaa;
0.213;0.688,0.096,0.499,0.946,0.395,0.432,0.691,0.663,0.778,0.656;aaaaaa;
0.154;0.112,0.328,0.397,0.52,0.368,0.64,0.848,0.123,0.665,0.804;aaaaaaaaaa;
0.321;0.907,0.408,0.547,0.702,0.487,0.678,0.368,0.864,0.386,0.933;aaaaaaaaa;
0.517;0.66,0.87,0.477,0.744,0.985,0.71,0.906,0.99,0.539,0.0987;aaa;
0.591;0.798,0.0774,0.743,0.787,0.647,0.544,0.141,0.966,0.25,0.381;aaaaaaaaa;
0.92;0.991,0.782,0.138,0.391,0.703,0.0582,0.537,0.0189,0.681,0.526;aaaaaaaa;
0.835;0.646,0.92,0.479,0.996,0.153,0.937,0.807,0.524,0.835,0.813;aaaaaaaa;
0.805;0.947,0.265,0.306,0.0989,0.886,0.326,0.44,0.396,0.133,0.863;aaaa;
0.0663;0.618,0.0642,0.0591,0.199,0.0869,0.445,0.606,0.94,0.715,0.333;aa;
0.472;0.86,0.315,0.201,0.953,0.306,0.797,0.121,0.984,0.501,0.0944;aa;
0.392;0.942,0.611,0.897,0.732,0.707,0.518,0.833,0.326,0.0976,0.55;aaaa;
0.158;0.97,0.332,0.393,0.248,0.105,0.942,0.154,0.589,0.511,0.319;aaaaaaaaaa;
0.778;0.902,0.875,0.437,0.798,0.86,0.186,0.466,0.801,0.92,0.395;aaaaa;
0.487;0.968,0.656,0.373,0.284,0.0218,0.00285,0.73,0.0244,0.61,0.476;aa;
0.785;0.609,0.861,0.448,0.747,0.439,0.217,0.752,0.35,0.659,0.399;a;
0.281;0.554,0.942,0.195,0.183,0.447,0.488,0.745,0.616,0.599,0.0627;aaaaaa;
0.822;0.396,0.987,0.688,0.257,0.44,0.541,0.291,0.0184,0.724,0.0237;aaa;
0.308;0.629,0.722,0.601,0.00944,0.107,0.92,0.746,0.773,0.864,0.864;aaaaa;
0.974;0.251,0.531,0.218,0.581,0.394,0.729,0.336,0.364,0.326,0.119;aaaaaaa;
0.873;0.873,0.0514,0.643,0.599,0.0237,0.387,0.186,0.568,0.779,0.175;aaaaaaaa;
0.0574;0.0422,0.0506,0.646,0.848,0.00377,0.919,0.365,0.584,0.0779,0.379;aaaaaaaaa;
0.244;0.0929,0.874,0.223,0.403,0.722,0.432,0.605,0.951,0.0889,0.476;aaaaaaa;
0.631;0.99,0.446,0.0898,0.329,0.239,0.509,0.0588,0.158,0.0518,0.628;aaaaaa;
0.441;0.993,0.514,0.201,0.786,0.179,0.373,0.958,0.225,0.238,0.264;aaaaaaaaa;
0.96;0.676,0.0734,0.0885,0.322,0.54,0.143,0.514,0.89,0.0617,0.928;a;
0.663;0.922,0.626,0.00291,0.649,0.262,0.643,0.765,0.381,0.209,0.0465;aaaaaaaa;
0.917;0.764,0.668,0.813,0.698,0.143,0.486,0.582,0.533,0.529,0.904;aaaaaaaa;
0.218;0.405,0.651,0.708,0.267,0.552,0.305,0.341,0.62,0.705,0.888;aaaaaaa;
0.311;0.745,0.274,0.301,0.44,0.0446,0.772,0.935,0.373,0.575,0.091;aaaaaa;
0.234;0.64,0.357,0.459,0.606,0.906,0.717,0.832,0.893,0.241,0.353;aaaaaaa;
0.782;0.606,0.631,0.432,0.508,0.318,0.11,0.392,0.624,0.0197,0.219;aaaaaaaaaa;
0.975;0.25,0.238,0.853,0.704,0.599,0.437,0.326,0.113,0.878,0.507;aaa;
0.795;0.894,0.217,0.693,0.117,0.637,0.0393,0.405,0.801,0.647,0.146;aa;
0.8;0.898,0.779,0.147,0.0827,0.968,0.688,0.737,0.0519,0.819,0.655;aaaaaa;
0.976;0.856,0.241,0.495,0.916,0.383,0.418,0.499,0.97,0.26,0.729;aa;
0.887;0.868,0.577,0.527,0.265,0.904,0.634,0.731,0.731,0.186,0.241;aa;
0.465;0.419,0.345,0.749,0.318,0.195,0.309,0.712,0.859,0.682,0.786;aaaaaaaaaa;
0.0619;0.999,0.713,0.9,0.385,0.105,0.699,0.784,0.718,0.956,0.866;aaaaaaaa;
0.88;0.378,0.843,0.71,0.631,0.826,0.537,0.062,0.953,0.704,0.615;aaaaa;
0.122;0.415,0.315,0.581,0.254,0.485,0.348,0.712,0.0408,0.177,0.947;aaaaaaa;
0.439;0.696,0.373,0.194,0.472,0.734,0.528,0.117,0.88,0.376,0.692;aaaaaaaaaa;
0.899;0.325,0.0913,0.224,0.134,0.117,0.961,0.773,0.581,0.647,0.959;aaa;
0.999;0.546,0.693,0.528,0.974,0.572,0.81,0.496,0.945,0.22,0.193;aaaaaaaa;
0.0479;0.469,0.961,0.774,0.421,0.77,0.652,0.00711,0.201,0.728,0.839;aa;
0.46;0.0513,0.828,0.429,0.743,0.175,0.715,0.329,0.427,0.193,0.767;aaaaaaa;
0.0107;0.123,0.653,0.165,0.0574,0.875,0.147,0.856,0.223,0.464,0.616;aaa;
0.839;0.658,0.774,0.297,0.436,0.374,0.878,0.675,0.229,0.602,0.66;aaaaaa;
0.957;0.846,0.994,0.0558,0.759,0.0764,0.199,0.621,0.803,0.955,0.693;aaaa;
0.622;0.727,0.892,0.25,0.236,0.774,0.961,0.905,0.698,0.0248,0.107;aaa;
0.774;0.592,0.211,0.0133,0.91,0.774,0.718,0.921,0.0731,0.298,0.0741;aaa;
0.0136;0.884,0.73,0.0755,0.665,0.164,0.074,0.149,0.357,0.101,0.943;aaaaaa;
0.36;0.566,0.452,0.687,0.287,0.182,0.499,0.895,0.533,0.301,0.47;aaaaaaaaaa;
0.971;0.111,0.532,0.637,0.682,0.883,0.296,0.187,0.048,0.89,0.284;aaaaa;
0.65;0.11,0.718,0.434,0.181,0.777,0.731,0.987,0.427,0.689,0.0648;aaaaaa;
0.015;0.528,0.923,0.925,0.133,0.503,0.225,0.892,0.991,0.0238,0.221;aaaaaaa;
0.524;0.0363,0.574,0.982,0.178,0.67,0.742,0.419,0.585,0.978,0.91;aaaaaaa;
0.0544;0.084,0.296,0.026,0.59,0.681,0.366,0.799,0.917,0.499,0.361;aa;
0.253;0.433,0.0512,0.772,0.81,0.284,0.569,0.481,0.277,0.483,0.497;aaaaaaa;
0.197;0.736,0.301,0.627,0.216,0.424,0.737,0.783,0.184,0.327,0.0567;aaaaaa;
0.382;0.863,0.533,0.131,0.726,0.289,0.343,0.322,0.836,0.843,0.304;aaaa;
0.887;0.104,0.318,0.668,0.566,0.661,0.621,0.289,0.629,0.985,0.000808;aaaaaaaaaa;
0.901;0.412,0.0834,0.244,0.928,0.569,0.506,0.373,0.113,0.297,0.148;a;
0.333;0.978,0.295,0.157,0.227,0.991,0.00569,0.71,0.284,0.338,0.816;aaa;
0.127;0.632,0.573,0.84,0.306,0.531,0.172,0.759,0.355,0.141,0.5;aaa;
0.715;0.0293,0.384,0.209,0.948,0.619,0.822,0.831,0.745,0.494,0.0768;a;
0.0244;0.165,0.733,0.675,0.215,0.588,0.079,0.614,0.173,0.452,0.843;aaaaaa;
0.179;0.977,0.43,0.379,0.319,0.0707,0.727,0.891,0.166,0.306,0.278;a;
0.147;0.894,0.693,0.665,0.618,0.593,0.453,0.539,0.746,0.593,0.411;aaaaaa;
0.479;0.864,0.178,0.171,0.0706,0.517,0.331,0.869,0.893,0.741,0.507;aaa;
0.702;0.352,0.332,0.948,0.0134,0.254,0.718,0.124,0.0554,0.825,0.624;aaaaaaaaa;
0.0515;0.772,0.425,0.246,0.328,0.196,0.00783,0.339,0.45,0.157,0.364;a;
0.0866;0.219,0.913,0.29,0.658,0.238,0.938,0.7,0.388,0.333,0.632;aaaaa;
0.65;0.769,0.946,0.519,0.0153,0.269,0.604,0.426,0.121,0.841,0.882;aaaaaaaa;
0.911;0.258,0.22,0.882,0.691,0.578,0.581,0.368,0.884,0.343,0.378;aaaaaaaaaa;
0.683;0.851,0.742,0.462,0.684,0.219,0.915,0.787,0.121,0.535,0.567;aaaaaaaaa;
0.004;0.599,0.845,0.658,0.315,0.998,0.939,0.72,0.964,0.282,0.901;aa;
0.944;0.0382,0.389,0.375,0.318,0.697,0.651,0.762,0.768,0.248,0.597;aaaaaaa;
0.6;0.17,0.314,0.0824,0.382,0.249,0.804,0.121,0.383,0.692,0.803;aaaaaaaa;
0.862;0.312,0.269,0.358,0.316,0.742,0.323,0.533,0.0711,0.339,0.74;aaa;
0.818;0.231,0.574,0.332,0.384,0.636,0.635,0.0716,0.359,0.638,0.21;aaaaaaaa;
0.258;0.243,0.674,0.773,0.261,0.94,0.977,0.87,0.183,0.837,0.249;aaaa;
0.612;0.1,0.102,0.0892,0.776,0.566,0.447,0.848,0.838,0.626,0.0316;aa;
0.904;0.539,0.726,0.445,0.665,0.111,0.69,0.422,0.436,0.572,0.447;aaaaa;
0.824;0.343,0.736,0.171,0.403,0.936,0.116,0.587,0.89,0.509,0.217;aaaaa;
0.112;0.558,0.221,0.276,0.518,0.0537,0.927,0.0549,0.674,0.994,0.757;aaaaaaaaa;
0.834;0.731,0.741,0.926,0.64,0.383,0.937,0.522,0.951,0.302,0.0956;aaaaaa;
0.596;0.256,0.69,0.278,0.582,0.327,0.0405,0.134,0.525,0.366,0.622;aaaaa;
0.939;0.896,0.767,0.847,0.145,0.915,0.307,0.284,0.619,0.157,0.926;aaaa;
0.245;0.67,0.0308,0.172,0.824,0.169,0.0296,0.922,0.43,0.959,0.93;aaaaa;
0.555;0.135,0.478,0.565,0.595,0.495,0.191,0.0314,0.99,0.945,0.54;aaaaaaaaa;
0.0504;0.216,0.766,0.844,0.711,0.142,0.0556,0.178,0.684,0.89,0.835;aaaaaaa;
0.531;0.986,0.199,0.223,0.664,0.38,0.775,0.398,0.28,0.836,0.925;aaaaaaaaaa;
0.423;0.183,0.781,0.0505,0.874,0.281,0.0617,0.388,0.274,0.851,0.403;aa;
0.892;0.411,0.62,0.844,0.981,0.0734,0.268,0.0805,0.18,0.292,0.528;aaa;
0.556;0.506,0.188,0.109,0.0527,0.0757,0.396,0.932,0.937,0.927,0.771;aaaaaa;
0.972;0.664,0.212,0.2,0.111,0.218,0.333,0.542,0.373,0.73,0.37;aaaaaaaa;
0.646;0.411,0.999,0.0674,0.388,0.576,0.749,0.936,0.659,0.817,0.786;aaaaaa;
0.209;0.033,0.648,0.555,0.488,0.395,0.333,0.488,0.121,0.142,0.243;a;
0.0578;0.592,0.596,0.828,0.919,0.205,0.0939,0.786,0.268,0.056,0.299;aaaaa;
0.593;0.175,0.155,0.152,0.17,0.454,0.314,0.666,0.557,0.0458,0.633;a;
0.189;0.0467,0.788,0.162,0.368,0.317,0.463,0.781,0.693,0.405,0.954;aaaaa;
0.294;0.174,0.923,0.4,0.477,0.712,0.476,0.325,0.65,0.019,0.195;aaaaaaaaaa;
0.0799;0.177,0.928,0.0279,0.142,0.232,0.666,0.36,0.369,0.389,0.0699;aaaaaaa;
0.548;0.245,0.296,0.0773,0.839,0.00175,0.106,0.412,0.0714,0.44,0.443;aaaa;
0.641;0.444,0.49,0.414,0.542,0.871,0.868,0.839,0.9,0.63,0.887;aaaaaaa;
0.93;0.757,0.383,0.982,0.763,0.996,0.0791,0.0681,0.48,0.27,0.51;aaaa;
0.434;0.864,0.0679,0.0263,0.943,0.422,0.551,0.948,0.2,0.00409,0.818;a;
0.772;0.78,0.921,0.0324,0.112,0.548,0.903,0.443,0.441,0.0132,0.485;aaaaaaa;
0.736;0.999,0.397,0.0268,0.279,0.56,0.63,0.314,0.259,0.013,0.847;aa;
0.957;0.294,0.794,0.876,0.274,0.58,0.313,0.801,0.117,0.415,0.0426;aaaaaaaaa;
0.795;0.531,0.54,0.486,0.874,0.352,0.822,0.446,0.99,0.552,0.249;aaaaaaaaa;
0.305;0.361,0.413,0.993,0.745,0.065,0.896,0.79,0.989,0.761,0.0734;aaaaaaaa;
0.65;0.337,0.585,0.639,0.703,0.49,0.972,0.704,0.689,0.124,0.94;a;
0.25;0.503,0.0821,0.796,0.277,0.201,0.508,0.809,0.835,0.659,0.733;aaaaaaaaa;
0.00479;0.285,0.675,0.426,0.726,0.604,0.796,0.783,0.561,0.339,0.079;aaaaaaaaaa;
0.595;0.093,0.763,0.152,0.135,0.267,0.162,0.0394,0.0596,0.565,0.757;aa;
0.814;0.333,0.525,0.617,0.163,0.919,0.281,0.0687,0.969,0.392,0.449;aaa;
0.811;0.129,0.531,0.807,0.23,0.821,0.314,0.237,0.611,0.276,0.468;aaaaaaaaaa;
0.955;0.575,0.515,0.735,0.956,0.872,0.308,0.25,0.935,0.735,0.539;aaaaaa;
0.833;0.516,0.621,0.757,0.786,0.951,0.62,0.962,0.76,0.0771,0.41;aaaaaaaaaa;
0.61;0.799,0.457,0.456,0.756,0.000938,0.975,0.715,0.164,0.835,0.776;a;
0.21;0.921,0.895,0.681,0.884,0.78,0.469,0.133,0.639,0.294,0.707;aaaaaaaaaa;
0.757;0.139,0.244,0.289,0.223,0.36,0.589,0.62,0.232,0.221,0.98;aaaa;
0.551;0.115,0.255,0.782,0.0302,0.149,0.832,0.954,0.361,0.334,0.403;aaaaaaaaaa;
0.358;0.462,0.129,0.6,0.142,0.661,0.519,0.16,0.152,0.69,0.129;aaaa;
0.271;0.837,0.896,0.464,0.47,0.81,0.533,0.0944,0.0845,0.781,0.578;aaa;
0.172;0.0205,0.414,0.807,0.431,0.888,0.0102,0.603,0.775,0.627,0.414;aaaaaaaaa;
0.676;0.609,0.103,0.775,0.336,0.445,0.673,0.731,0.662,0.289,0.874;aa;
0.393;0.996,0.791,0.438,0.616,0.279,0.721,0.328,0.287,0.949,0.994;aaaaaaaa;
0.452;0.0997,0.706,0.795,0.574,0.638,0.273,0.978,0.386,0.888,0.152;aaaaa;
0.0565;0.0239,0.243,0.289,0.436,0.2,0.218,0.939,0.569,0.615,0.611;aaaaaaaaa;
0.443;0.783,0.404,0.901,0.0748,0.279,0.237,0.787,0.703,0.957,0.273;aaaaaaaaa;
0.894;0.0363,0.148,0.0433,0.199,0.645,0.811,0.335,0.215,0.689,0.548;aaaaaaa;
0.636;0.592,0.981,0.484,0.262,0.899,0.445,0.0463,0.259,0.58,0.93;aaaaaaa;
0.598;0.588,0.665,0.114,0.945,0.573,0.45,0.493,0.296,0.155,0.411;aaaaaaaa;
0.569;0.0105,0.837,0.464,0.3,0.571,0.786,0.922,0.453,0.647,0.718;aaaaaaa;
0.833;0.866,0.0462,0.259,0.717,0.416,0.456,0.958,0.263,0.404,0.566;aa;
0.0274;0.879,0.648,0.732,0.705,0.628,0.101,0.0119,0.831,0.804,0.643;aaaaaaaaa;
0.467;0.917,0.995,0.443,0.843,0.6,0.985,0.354,0.401,0.692,0.511;aaaaaaaaaa;
0.924;0.595,0.0268,0.5,0.759,0.0238,0.667,0.431,0.384,0.0624,0.492;aaa;
0.445;0.227,0.147,0.301,0.517,0.744,0.327,0.546,0.215,0.535,0.275;aaaaaaaaa;
0.259;0.369,0.00489,0.554,0.475,0.922,0.732,0.135,0.406,0.49,0.671;aaaaa;
0.575;0.844,0.785,0.0127,0.619,0.529,0.526,0.756,0.132,0.806,0.569;aaaaa;
0.689;0.305,0.126,0.576,0.884,0.837,0.284,0.428,0.665,0.911,0.606;a;
0.0999;0.873,0.146,0.197,0.37,0.181,0.458,0.863,0.969,0.403,0.104;aaaaaa;
0.508;0.188,0.381,0.266,0.204,0.84,0.858,0.563,0.326,0.835,0.237;aaaaa;
0.426;0.843,0.681,0.251,0.0689,0.32,0.91,0.695,0.925,0.498,0.835;aaaaaa;
0.134;0.137,0.0926,0.681,0.458,0.121,0.156,0.328,0.383,0.0847,0.679;aaaaaaaaa;
0.73;0.992,0.13,0.774,0.994,0.991,0.824,0.478,0.292,0.625,0.554;aaaaaa;
0.519;0.0265,0.599,0.98,0.197,0.707,0.608,0.98,0.478,0.714,0.979;aaaaaaa;
0.485;0.596,0.344,0.452,0.571,0.601,0.914,0.131,0.892,0.781,0.4;a;
0.405;0.171,0.798,0.427,0.386,0.537,0.049,0.36,0.14,0.068,0.334;aaaaaaaa;
0.0127;0.842,0.068,0.483,0.604,0.207,0.846,0.169,0.596,0.86,0.377;aa;
0.992;0.547,0.672,0.466,0.709,0.422,0.149,0.534,0.386,0.938,0.774;aaaaaaa;
0.53;0.213,0.454,0.0991,0.676,0.736,0.026,0.82,0.667,0.434,0.813;aaaaaaaaa;
0.507;0.523,0.224,0.831,0.479,0.578,0.647,0.383,0.339,0.095,0.0338;aaaaaaaa;
0.452;0.705,0.905,0.294,0.424,0.536,0.169,0.162,0.501,0.916,0.726;a;
0.794;0.819,0.429,0.441,0.417,0.242,0.903,0.494,0.202,0.803,0.387;aaaaaaaaa;
0.683;0.217,0.271,0.678,0.88,0.992,0.991,0.852,0.136,0.756,0.649;aaaaaaaa;
0.408;0.0251,0.0475,0.276,0.216,0.34,0.518,0.827,0.241,0.842,0.712;aaaaaaaaaa;
0.565;0.729,0.835,0.395,0.123,0.729,0.632,0.238,0.583,0.661,0.0836;aaa;
0.275;0.55,0.259,0.0286,0.25,0.765,0.631,0.584,0.105,0.958,0.169;aaaaaaaaaa;
0.463;0.437,0.453,0.377,0.271,0.0145,0.675,0.901,0.613,0.52,0.77;aaaaaaaaa;
0.656;0.131,0.271,0.39,0.209,0.314,0.894,0.701,0.512,0.312,0.723;aaaaaaaa;
0.914;0.606,0.381,0.49,0.17,0.544,0.826,0.166,0.649,0.795,0.264;aaaaaaaa;
0.689;0.268,0.793,0.0143,0.563,0.16,0.34,0.203,0.498,0.339,0.195;aaaaaaaaaa;
0.874;0.576,0.299,0.296,0.421,0.0243,0.815,0.424,0.285,0.0658,0.255;aaa;
0.167;0.647,0.646,0.858,0.0235,0.47,0.54,0.329,0.449,0.196,0.864;aa;
0.239;0.135,0.349,0.715,0.194,0.724,0.734,0.915,0.117,0.221,0.00302;aaaaaaa;
0.125;0.117,0.87,0.92,0.533,0.0667,0.687,0.754,0.0626,0.0171,0.741;aaaaaaaaa;
0.898;0.224,0.58,0.463,0.284,0.915,0.62,0.584,0.494,0.86,0.301;aaaaaaa;
0.0395;0.0733,0.0183,0.75,0.758,0.739,0.918,0.749,0.835,0.274,0.134;a;
0.0381;0.454,0.394,0.652,0.904,0.99,0.656,0.113,0.55,0.957,0.962;aaaaaaaa;
0.135;0.579,0.859,0.824,0.797,0.13,0.878,0.983,0.158,0.467,0.623;aaaaaaaa;
0.919;0.189,0.284,0.812,0.474,0.78,0.0551,0.768,0.167,0.553,0.351;aa;
0.621;0.195,0.576,0.909,0.327,0.453,0.243,0.18,0.227,0.811,0.691;aaaaaaa;
0.0413;0.101,0.547,0.882,0.00602,0.951,0.485,0.345,0.32,0.452,0.624;aaaaaaaa;
0.763;0.206,0.137,0.701,0.316,0.587,0.431,0.63,0.957,0.4,0.569;a;
0.0101;0.00471,0.165,0.135,0.0751,0.179,0.211,0.991,0.363,0.781,0.932;aaaaaaaaaa;
0.145;0.455,0.156,0.198,0.313,0.832,0.909,0.404,0.00759,0.266,0.967;aaaaa;
0.853;0.879,0.677,0.628,0.613,0.533,0.506,0.846,0.0579,0.879,0.958;aaaaaa;
0.557;0.732,0.378,0.471,0.992,0.297,0.769,0.499,0.412,0.267,0.479;aaaaaaa;
0.934;0.0855,0.263,0.496,0.0196,0.525,0.0758,0.237,0.643,0.308,0.694;aaaaaaa;
0.967;0.00199,0.898,0.389,0.214,0.126,0.335,0.425,0.28,0.778,0.443;aaaaaaaaa;
0.914;0.417,0.0235,0.0593,0.392,0.489,0.575,0.442,0.7,0.191,0.876;aaaaaaa;
0.828;0.21,0.171,0.926,0.893,0.299,0.784,0.0853,0.723,0.646,0.663;aaaaaa;
0.241;0.745,0.457,0.965,0.926,0.694,0.802,0.827,0.584,0.484,0.235;a;
0.248;0.641,0.0475,0.125,0.723,0.878,0.294,0.13,0.608,0.394,0.0287;a;
0.916;0.0324,0.742,0.113,0.229,0.69,0.492,0.395,0.128,0.669,0.651;aaaaaaaaa;
0.0277;0.262,0.335,0.465,0.0924,0.821,0.648,0.226,0.736,0.259,0.478;a;
0.599;0.139,0.319,0.246,0.482,0.34,0.926,0.336,0.259,0.353,0.265;aaaaaaaaaa;
0.803;0.172,0.694,0.0211,0.0769,0.291,0.354,0.381,0.229,0.218,0.274;aaaaaaaaa;
0.194;0.398,0.115,0.615,0.768,0.838,0.311,0.0367,0.189,0.631,0.802;aa;
0.732;0.479,0.58,0.336,0.462,0.841,0.355,0.931,0.0756,0.996,0.949;aaaaa;
0.39;0.154,0.959,0.864,0.525,0.185,0.626,0.956,0.518,0.94,0.483;aaa;
0.381;0.543,0.0252,0.415,0.197,0.393,0.242,0.567,0.23,0.877,0.42;aaaaaaaaa;
0.513;0.209,0.756,0.157,0.458,0.772,0.201,0.524,0.74,0.159,0.859;aaaaaaaaa;
0.214;0.538,0.631,0.318,0.677,0.495,0.115,0.8,0.907,0.362,0.94;aaaaaaaaaa;
0.737;0.285,0.87,0.821,0.527,0.804,0.0425,0.075,0.711,0.147,0.0236;aaaaaa;
0.873;0.0573,0.318,0.27,0.314,0.48,0.685,0.634,0.821,0.0357,0.706;aaaaaaaaaa;
0.481;0.432,0.137,0.434,0.709,0.623,0.879,0.332,0.41,0.529,0.495;aaaaaaaaa;
0.299;0.0979,0.191,0.342,0.189,0.428,0.191,0.185,0.513,0.329,0.618;a;
0.0495;0.327,0.726,0.644,0.784,0.563,0.802,0.021,0.41,0.273,0.944;aaaaaa;
0.731;0.406,0.292,0.276,0.362,0.619,0.143,0.498,0.187,0.246,0.883;aaa;
0.242;0.893,0.991,0.126,0.114,0.0813,0.967,0.32,0.184,0.478,0.848;a;
0.811;0.469,0.0644,0.323,0.842,0.598,0.0363,0.861,0.00749,0.783,0.87;aaaa;
0.964;0.452,0.0709,0.596,0.146,0.971,0.306,0.151,0.831,0.544,0.324;a;
0.553;0.324,0.644,0.501,0.345,0.231,0.55,0.985,0.041,0.335,0.0412;aaaaaa;
0.524;0.606,0.725,0.0702,0.688,0.0044,0.192,0.402,0.72,0.276,0.87;aaaaaaaaaa;
0.0588;0.346,0.557,0.913,0.572,0.36,0.488,0.527,0.555,0.539,0.931;aaaaaaaaa;
0.795;0.545,0.954,0.0178,0.723,0.413,0.328,0.345,0.335,0.599,0.17;aaaaaaaaa;
0.237;0.621,0.489,0.809,0.676,0.891,0.676,0.364,0.568,0.663,0.505;aaa;
0.192;0.558,0.834,0.27,0.915,0.0349,0.000708,0.798,0.297,0.327,0.994;aaaaaa;
0.0642;0.934,0.903,0.945,0.228,0.246,0.82,0.451,0.951,0.593,0.098;aaaa;
0.645;0.688,0.49,0.555,0.353,0.548,0.114,0.545,0.708,0.0347,0.764;aaaaaaaa;
0.271;0.232,0.0744,0.474,0.0385,0.688,0.174,0.247,0.0982,0.556,0.869;aaaaaa;
0.565;0.839,0.0788,0.873,0.618,0.546,0.487,0.00517,0.439,0.319,0.174;aaaaaaaaa;
0.946;0.0557,0.497,0.534,0.364,0.146,0.0658,0.389,0.549,0.825,0.829;aaaaaaaa;
0.521;0.375,0.893,0.0817,0.654,0.282,0.708,0.338,0.279,0.417,0.126;aaaaaaaaaa;
0.000206;0.303,0.336,0.0264,0.542,0.611,0.506,0.522,0.998,0.638,0.513;aa;
0.861;0.0594,0.553,0.684,0.472,0.57,0.886,0.761,0.62,0.741,0.303;aaaaaaaaaa;
0.805;0.446,0.246,0.104,0.77,0.0192,0.369,0.169,0.94,0.531,0.114;aaaaa;
0.544;0.399,0.428,0.324,0.916,0.405,0.036,0.98,0.497,0.407,0.193;aaaaaaa;
0.428;0.152,0.327,0.488,0.372,0.662,0.473,0.969,0.679,0.571,0.709;aaaa;
0.404;0.885,0.857,0.898,0.226,0.952,0.548,0.153,0.484,0.451,0.613;aaaaaaaa;
0.418;0.41,0.599,0.796,0.618,0.624,0.775,0.624,0.804,0.318,0.664;aaaaaaaaaa;
0.336;0.812,0.19,0.943,0.11,0.627,0.609,0.576,0.112,0.524,0.984;aaaaaaa;
0.759;0.421,0.179,0.169,0.397,0.319,0.0913,0.0999,0.834,0.752,0.623;aaaaaa;
0.961;0.463,0.253,0.00206,0.813,0.00875,0.513,0.138,0.85,0.037,0.372;aaaaaaa;
0.733;0.841,0.894,0.869,0.525,0.0982,0.00153,0.317,0.652,0.335,0.444;aaaa;
0.245;0.12,0.46,0.171,0.987,0.39,0.022,0.702,0.97,0.693,0.803;aa;
0.606;0.639,0.323,0.555,0.0621,0.35,0.731,0.397,0.341,0.495,0.521;a;
0.256;0.197,0.805,0.264,0.773,0.727,0.729,0.897,0.799,0.126,0.583;aaaaaa;
0.825;0.675,0.677,0.644,0.97,0.719,0.269,0.299,0.0472,0.576,0.0817;aaaa;
0.53;0.964,0.704,0.468,0.343,0.388,0.37,0.667,0.121,0.253,0.616;aaaaaaaaa;
0.882;0.871,0.112,0.693,0.997,0.797,0.0674,0.369,0.629,0.892,0.454;aaaaaaaa;
0.0471;0.0581,0.584,0.26,0.762,0.754,0.726,0.908,0.0666,0.383,0.17;aaaa;
0.773;0.445,0.779,0.957,0.0229,0.913,0.013,0.397,0.541,0.383,0.156;aaa;
0.269;0.193,0.343,0.52,0.494,0.218,0.711,0.87,0.671,0.0114,0.248;aaaaaa;
0.812;0.838,0.866,0.436,0.911,0.987,0.765,0.166,0.192,0.319,0.516;aaa;
0.326;0.792,0.464,0.929,0.119,0.807,0.287,0.479,0.349,0.357,0.985;aa;
0.778;0.15,0.41,0.469,0.938,0.0721,0.399,0.516,0.989,0.811,0.908;aaaaa;
0.906;0.182,0.372,0.177,0.878,0.823,0.489,0.602,0.436,0.525,0.0171;aaa;
0.835;0.98,0.84,0.321,0.939,0.0448,0.804,0.933,0.531,0.514,0.788;aaaa;
0.664;0.429,0.825,0.43,0.551,0.49,0.599,0.798,0.374,0.522,0.44;aaaaaaaaaa;
0.664;0.807,0.825,0.855,0.721,0.0874,0.00837,0.0413,0.813,0.843,0.146;aaaaaaaaaa;
0.47;0.278,0.596,0.535,0.318,0.874,0.428,0.357,0.756,0.764,0.215;aaaaa;
0.885;0.915,0.791,0.527,0.354,0.0328,0.468,0.259,0.5,0.214,0.643;aaaaaaaa;
0.827;0.146,0.461,0.0874,0.309,0.84,0.204,0.825,0.137,0.751,0.956;aaaa;
0.36;0.553,0.634,0.95,0.971,0.362,0.168,0.325,0.0819,0.777,0.835;aaaaaaaa;
0.138;0.634,0.659,0.0176,0.409,0.328,0.721,0.114,0.94,0.158,0.959;aaa;
0.0148;0.377,0.528,0.402,0.761,0.118,0.214,0.148,0.53,0.258,0.164;aa;
0.986;0.84,0.222,0.655,0.783,0.656,0.0606,0.121,0.229,0.393,0.336;aaaaaaa;
0.823;0.912,0.522,0.288,0.491,0.993,0.823,0.113,0.896,0.042,0.858;aaa;
0.177;0.903,0.112,0.213,0.888,0.854,0.0771,0.888,0.0661,0.76,0.17;aaaaa;
0.611;0.592,0.456,0.578,0.0716,0.341,0.812,0.848,0.937,0.9,0.671;aaaaaaaaaa;
0.386;0.738,0.344,0.888,0.985,0.742,0.734,0.971,0.473,0.244,0.518;aaaa;
0.675;0.934,0.029,0.718,0.0737,0.316,0.937,0.0961,0.781,0.198,0.13;aaaaaaaa;
0.905;0.379,0.722,0.206,0.362,0.676,0.274,0.694,0.808,0.615,0.323;aaaaaaa;
0.534;0.33,0.533,0.771,0.611,0.919,0.709,0.69,0.835,0.599,0.513;aa;
0.589;0.585,0.689,0.825,0.523,0.968,0.291,0.378,0.734,0.537,0.517;aaaaaaaaa;
0.123;0.607,0.831,0.872,0.75,0.491,0.954,0.563,0.6,0.0971,0.259;aaaaaaa;
0.578;0.0272,0.089,0.000632,0.988,0.874,0.276,0.353,0.906,0.474,0.433;aaa;
0.195;0.331,0.775,0.985,0.984,0.742,0.919,0.144,0.398,0.587,0.187;aaaaaaa;
0.766;0.237,0.873,0.271,0.631,0.636,0.811,0.843,0.891,0.306,0.0707;a;
0.886;0.921,0.479,0.646,0.817,0.198,0.787,0.771,0.847,0.742,0.892;aaaaaaa;
0.212;0.753,0.696,0.0224,0.947,0.732,0.392,0.657,0.659,0.0569,0.995;a;
0.612;0.418,0.771,0.171,0.893,0.605,0.122,0.443,0.649,0.294,0.9;a;
0.295;0.537,0.326,0.0508,0.181,0.0706,0.181,0.924,0.824,0.34,0.548;a;
0.799;0.366,0.156,0.418,0.946,0.434,0.301,0.348,0.757,0.176,0.294;a;
0.538;0.831,0.625,0.645,0.512,0.435,0.124,0.0528,0.452,0.896,0.299;aaaaaaaaa;
0.316;0.378,0.4,0.546,0.128,0.108,0.349,0.737,0.473,0.475,0.366;aaaaa;
0.368;0.246,0.00897,0.417,0.47,0.202,0.61,0.848,0.563,0.14,0.938;aaaaaaa;
0.705;0.115,0.538,0.618,0.233,0.84,0.392,0.33,0.139,0.0961,0.136;aaaaaaaaaa;
0.288;0.523,0.278,0.786,0.511,0.189,0.52,0.339,0.337,0.982,0.451;aaaaaaaa;
0.00466;0.224,0.602,0.887,0.141,0.275,0.45,0.692,0.633,0.57,0.0883;aaaaaaaaa;
0.0378;0.96,0.459,0.653,0.613,0.949,0.656,0.205,0.123,0.086,0.661;aaaaaaa;
0.0642;0.588,0.265,0.689,0.553,0.476,0.00953,0.104,0.62,0.757,0.978;aaaaaaa;
0.622;0.95,0.997,0.211,0.273,0.694,0.46,0.142,0.392,0.281,0.0175;aaaaa;
0.886;0.652,0.47,0.939,0.975,0.11,0.306,0.743,0.631,0.145,0.338;aaaaaa;
0.879;0.926,0.114,0.543,0.264,0.354,0.115,0.0687,0.152,0.988,0.536;aaaaaaaaa;
0.626;0.861,0.309,0.457,0.474,0.639,0.68,0.222,0.077,0.861,0.146;aaaaaaaaaa;
0.0771;0.267,0.789,0.763,0.607,0.933,0.703,0.283,0.871,0.941,0.649;aaaaa;
0.0911;0.476,0.798,0.901,0.422,0.769,0.622,0.761,0.433,0.531,0.833;aaaaa;
0.387;0.958,0.541,0.759,0.881,0.0752,0.486,0.795,0.282,0.608,0.0224;aaaaaaaaaa;
0.767;0.661,0.213,0.359,0.322,0.486,0.0861,0.51,0.139,0.897,0.0575;a;
0.664;0.933,0.674,0.482,0.396,0.515,0.604,0.254,0.0486,0.0584,0.372;aaaaaaaa;
0.969;0.926,0.279,0.489,0.428,0.955,0.779,0.797,0.312,0.529,0.47;aaaaa;
0.528;0.556,0.45,0.29,0.998,0.363,0.552,0.835,0.226,0.962,0.359;aa;
0.54;0.951,0.69,0.671,0.582,0.175,0.523,0.258,0.628,0.825,0.741;aaaaaaaa;
0.23;0.505,0.793,0.392,0.674,0.0303,0.745,0.164,0.0018,0.234,0.915;aaaaaaaaa;
0.0194;0.751,0.864,0.557,0.412,0.406,0.961,0.45,0.882,0.74,0.393;a;
0.432;0.671,0.979,0.503,0.606,0.0862,0.0819,0.0396,0.837,0.746,0.637;aaaaaa;
0.255;0.573,0.862,0.236,0.779,0.819,0.831,0.44,0.8,0.481,0.839;a;
0.3;0.786,0.538,0.263,0.429,0.86,0.534,0.913,0.742,0.00443,0.121;aaaa;
0.738;0.0469,0.258,0.854,0.00765,0.477,0.91,0.134,0.00351,0.366,0.93;aaaaaaa;
0.134;0.186,0.498,0.187,0.725,0.53,0.327,0.455,0.998,0.174,0.158;aaa;
0.0624;0.634,0.18,0.808,0.505,0.921,0.379,0.297,0.0275,0.511,0.168;aaaaaaaaa;
0.624;0.0232,0.647,0.393,0.513,0.657,0.815,0.91,0.565,0.716,0.204;aaaaaaaaaa;
0.587;0.346,0.891,0.389,0.769,0.362,0.556,0.0257,0.0576,0.118,0.351;a;
0.494;0.0387,0.757,0.805,0.971,0.795,0.362,0.0889,0.809,0.486,0.854;aaaa;
0.17;0.954,0.703,0.652,0.109,0.0689,0.995,0.344,0.379,0.967,0.245;aaa;
0.828;0.514,0.591,0.662,0.957,0.791,0.838,0.508,0.82,0.608,0.279;aaaaa;
0.676;0.281,0.233,0.321,0.14,0.826,0.879,0.26,0.476,0.294,0.19;aaaaaa;
0.691;0.873,0.314,0.103,0.743,0.907,0.644,0.967,0.342,0.967,0.985;aa;
0.481;0.0902,0.681,0.511,0.668,0.827,0.235,0.546,0.912,0.466,0.68;a;
0.178;0.185,0.998,0.908,0.164,0.66,0.306,0.897,0.448,0.059,0.994;aaaaaaaaa;
0.983;0.286,0.947,0.583,0.829,0.0794,0.743,0.153,0.148,0.431,1;aaaaaaa;
0.757;0.072,0.281,0.776,0.528,0.0549,0.0803,0.919,0.285,0.127,0.145;aaaaaaaaa;
0.257;0.902,0.796,0.455,0.328,0.952,0.188,0.741,0.317,0.717,0.865;aaaaaa;
0.114;0.598,0.23,0.822,0.406,0.555,0.213,0.363,0.118,0.435,0.995;aaaaaa;
0.185;0.356,0.184,0.666,0.557,0.825,0.523,0.862,0.887,0.0638,0.0908;aaaaaaaaa;
0.361;0.791,0.118,0.176,0.912,0.065,0.243,0.568,0.322,0.223,0.446;aa;
0.0101;0.84,0.137,0.0656,0.846,0.0361,0.132,0.95,0.355,0.966,0.0456;aa;
0.963;0.439,0.416,0.172,0.297,0.0964,0.273,0.359,0.289,0.346,0.193;aaaaaaa;
0.235;0.998,0.296,0.114,0.24,0.637,0.413,0.362,0.825,0.854,0.266;aaaaaaaaaa;
0.6;0.302,0.35,0.718,0.798,0.128,0.94,0.226,0.384,0.0517,0.508;a;
0.347;0.675,0.236,0.624,0.252,0.254,0.336,0.761,0.996,0.143,0.0342;aaaaaaaaa;
0.328;0.583,0.0753,0.699,0.446,0.278,0.781,0.4,0.281,0.77,0.123;aaaaa;
0.492;0.922,0.734,0.953,0.903,0.0821,0.396,0.588,0.876,0.996,0.6;aaaaaaaaa;
0.92;0.238,0.0337,0.168,0.339,0.47,0.971,0.361,0.155,0.729,0.675;a;
0.752;0.768,0.831,0.0462,0.794,0.841,0.807,0.831,0.329,0.107,0.929;a;
0.578;0.759,0.402,0.0677,0.421,0.282,0.159,0.215,0.891,0.575,0.0982;aa;
0.852;0.778,0.532,0.779,0.797,0.675,0.554,0.399,0.161,0.977,0.572;aaaaaaa;
0.467;0.0597,0.726,0.988,0.554,0.0412,0.439,0.573,0.881,0.763,0.615;aaaaaa;
0.108;0.0388,0.0829,0.198,0.304,0.274,0.878,0.484,0.861,0.565,0.577;aaaaaa;
0.69;0.447,0.389,0.343,0.356,0.42,0.536,0.459,0.671,0.36,0.0361;aaaaa;
0.0152;0.629,0.0925,0.684,0.825,0.549,0.906,0.339,0.877,0.8,0.456;aaaaaaaaaa;
0.292;0.105,0.621,0.672,0.365,0.56,0.161,0.113,0.106,0.818,0.154;aaaaaaaaa;
0.631;0.26,0.789,0.831,0.456,0.998,0.108,0.352,0.728,0.622,0.81;aaaa;
0.104;0.0477,0.745,0.131,0.89,0.574,0.718,0.798,0.87,0.284,0.0931;aa;
0.59;0.516,0.884,0.716,0.36,0.285,0.791,0.403,0.833,0.63,0.948;a;
0.747;0.159,0.758,0.475,0.907,0.608,0.927,0.391,0.672,0.292,0.394;aaaaa;
0.419;0.804,0.0913,0.371,0.0809,0.164,0.311,0.515,0.94,0.23,0.334;aaaaaaaaa;
0.13;0.789,0.596,0.289,0.489,0.384,0.21,0.696,0.507,0.133,0.162;aaa;
0.122;0.59,0.864,0.128,0.737,0.607,0.423,0.0713,0.177,0.84,0.823;aaaaa;
0.0324;0.875,0.776,0.933,0.399,0.822,0.786,0.108,0.991,0.75,0.778;aaaaaaa;
0.486;0.591,0.192,0.652,0.215,0.0513,0.492,0.493,0.202,0.874,0.216;a;
0.659;0.492,0.32,0.38,0.905,0.544,0.828,0.259,0.878,0.0873,0.949;aaaaaaaaaa;
0.456;0.00157,0.0364,0.131,0.3,0.0249,0.924,0.951,0.406,0.132,0.999;aaaaaaaaa;
0.669;0.104,0.694,0.343,0.927,0.654,0.216,0.645,0.479,0.619,0.576;a;
0.915;0.554,0.855,0.258,0.629,0.388,0.00277,0.463,0.402,0.242,0.213;a;
0.102;0.194,0.622,0.169,0.224,0.857,0.402,0.111,0.00213,0.657,0.586;aaaaaaaa;
0.556;0.709,0.234,0.369,0.101,0.431,0.28,0.671,0.332,0.987,0.417;aaaaaaaa;
0.806;0.213,0.0137,0.329,0.326,0.352,0.381,0.203,0.949,0.61,0.553;aaaaaaaaa;
0.921;0.626,0.728,0.131,0.621,0.721,0.702,0.184,0.525,0.605,0.0595;aaaaaaaa;
0.336;0.979,0.47,0.624,0.159,0.508,0.258,0.934,0.269,0.17,0.424;aaaaaa;
0.157;0.123,0.852,0.0722,0.289,0.527,0.0688,0.528,0.995,0.934,0.291;aaaaaaaa;
0.905;0.755,0.37,0.301,0.458,0.866,0.823,0.889,0.594,0.441,0.371;aaaaaaaaa;
0.556;0.223,0.718,0.437,0.235,0.987,0.172,0.557,0.301,0.228,0.301;aaaaaa;
0.865;0.103,0.898,0.307,0.673,0.983,0.95,0.0997,0.11,0.623,0.129;aaaaaaaaaa;
0.877;0.883,0.322,0.498,0.0363,0.366,0.357,0.699,0.21,0.433,0.505;aaaaaaaa;
0.0418;0.013,0.61,0.573,0.404,0.0166,0.115,0.229,0.0988,0.113,0.714;aaaaaaaa;
0.488;0.421,0.489,0.563,0.431,0.113,0.0534,0.248,0.759,0.0108,0.498;aaaaaaaaa;
0.0242;0.0102,0.937,0.462,0.211,0.855,0.526,0.896,0.684,0.758,0.179;aaaaaa;
0.292;0.241,0.781,0.559,0.595,0.672,0.825,0.806,0.161,0.928,0.496;aaaaa;
0.784;0.175,0.933,0.0399,0.0672,0.624,0.416,0.895,0.514,0.715,0.543;aaaaa;
0.382;0.91,0.0283,0.72,0.137,0.653,0.451,0.641,0.685,0.918,0.78;aaa;
0.536;0.427,0.547,0.0511,0.795,0.892,0.499,0.55,0.305,0.301,0.819;aaaaa;
0.551;0.682,0.69,0.0541,0.32,0.267,0.415,0.724,0.842,0.863,0.817;aaa;
0.719;0.712,0.938,0.954,0.264,0.274,0.135,0.939,0.351,0.378,0.287;aaa;
0.0781;0.178,0.877,0.485,0.961,0.661,0.439,0.818,0.0754,0.308,0.142;aa;
0.263;0.817,0.921,0.908,0.505,0.575,0.0409,0.344,0.145,0.802,0.412;aaaa;
0.817;0.116,0.342,0.778,0.723,0.373,0.342,0.209,0.755,0.278,0.865;aaaaaaaa;
0.585;0.541,0.356,0.215,0.684,0.986,0.147,0.103,0.23,0.81,0.22;aaaaaaaaa;
0.726;0.00343,0.123,0.278,0.776,0.197,0.437,0.949,0.758,0.703,0.237;aaa;
0.502;0.899,0.533,0.618,0.761,0.11,0.506,0.209,0.268,0.877,0.91;aaaaaa;
0.788;0.936,0.509,0.696,0.931,0.816,0.463,0.247,0.957,0.716,0.69;aaaaaaaaaa;
0.0415;0.835,0.538,0.448,0.733,0.946,0.18,0.0139,0.909,0.828,0.998;aaaaaaaa;
0.924;0.995,0.628,0.738,0.634,0.535,0.0708,0.58,0.314,0.746,0.902;a;
0.599;0.961,0.825,0.195,0.265,0.487,0.149,0.664,0.61,0.531,0.242;aa;
0.156;0.0359,0.688,0.725,0.925,0.581,0.891,0.389,0.675,0.893,0.243;aaa;
0.584;0.974,0.775,0.83,0.433,0.468,0.634,0.239,0.247,0.524,0.434;a;
0.547;0.193,0.579,0.752,0.51,0.337,0.312,0.835,0.0302,0.827,0.131;aaaaaaaa;
0.594;0.274,0.375,0.977,0.483,0.513,0.387,0.726,0.713,0.0367,0.723;aa;
0.0272;0.706,0.0647,0.0633,0.309,0.292,0.233,0.727,0.578,0.974,0.615;aa;
0.133;0.665,0.432,0.349,0.931,0.437,0.226,0.782,0.355,0.0099,0.118;aaaaaa;
0.701;0.0147,0.0984,0.138,0.0124,0.532,0.2,0.651,0.536,0.495,0.945;aaa;
0.239;0.836,0.189,0.471,0.126,0.303,0.0156,0.985,0.0724,0.123,0.856;aaa;
0.493;0.821,0.439,0.869,0.441,0.673,0.697,0.136,0.568,0.37,0.719;aaaaaaaa;
0.783;0.329,0.00746,0.281,0.133,0.397,0.787,0.157,0.956,0.963,0.546;aaa;
0.336;0.313,0.285,0.755,0.341,0.154,0.297,0.339,0.336,0.796,0.791;aaaa;
0.546;0.689,0.373,0.125,0.157,0.578,0.677,0.307,0.878,0.594,0.243;aaaaaaaaaa;
0.77;0.2,0.0949,0.88,0.0588,0.57,0.916,0.911,0.584,0.56,0.842;aaaaaaaaa;
0.391;0.892,0.815,0.738,0.35,0.032,0.167,0.489,0.344,0.223,0.351;aaaa;
0.0768;0.473,0.306,0.362,0.088,0.282,0.818,0.759,0.0275,0.27,0.0704;aa;
0.374;0.686,0.194,0.673,0.662,0.198,0.637,0.554,0.687,0.287,0.869;aaaaaaaaa;
0.473;0.728,0.159,0.336,0.364,0.625,0.735,0.194,0.193,0.666,0.19;aa;
0.741;0.289,0.0995,0.81,0.922,0.975,0.404,0.747,0.265,0.672,0.741;a;
0.0334;0.032,0.257,0.984,0.79,0.86,0.944,0.332,0.0385,0.182,0.476;aaaaa;
0.215;0.183,0.19,0.509,0.888,0.922,0.106,0.747,0.15,0.064,0.932;aaa;
0.628;0.466,0.768,0.768,0.793,0.104,0.671,0.102,0.145,0.587,0.305;aaaaaaa;
0.00173;0.991,0.824,0.702,0.747,0.736,0.514,0.69,0.482,0.693,0.32;a;
0.698;0.432,0.571,0.103,0.87,0.61,0.322,0.929,0.0989,0.914,0.939;aaaaaaaaa;
0.689;0.866,0.681,0.571,0.709,0.535,0.646,0.886,0.0617,0.493,0.292;aaaaaaa;
0.514;0.668,0.31,0.239,0.212,0.628,0.875,0.292,0.42,0.175,0.908;a;
0.434;0.0173,0.0684,0.503,0.202,0.962,0.73,0.703,0.534,0.939,0.991;aaa;
0.27;0.615,0.411,0.125,0.936,0.452,0.574,0.502,0.8,0.693,0.641;aaaaaaaa;
0.27;0.45,0.26,0.72,0.885,0.836,0.568,0.967,0.813,0.695,0.824;aaaaaaaa;
0.504;0.39,0.79,0.872,0.364,0.896,0.283,0.376,0.665,0.847,0.842;aaaa;
0.442;0.625,0.755,0.166,0.517,0.547,0.94,0.088,0.312,0.305,0.154;aaaaaaa;
0.427;0.649,0.736,0.796,0.495,0.175,0.139,0.733,0.962,0.415,0.695;aaaaaa;
0.538;0.649,0.316,0.95,0.918,0.342,0.938,0.886,0.169,0.581,0.543;aaaaaaaa;
0.456;0.0187,0.205,0.613,0.699,0.122,0.498,0.295,0.595,0.981,0.824;aaaaaaaa;
0.356;0.773,0.295,0.5,0.874,0.0808,0.527,0.777,0.901,0.893,0.0525;aaaaaaaa;
0.982;0.569,0.508,0.971,0.586,0.537,0.899,0.663,0.221,0.862,0.963;aaaaa;
0.703;0.893,0.399,0.0547,0.775,0.611,0.81,0.383,0.834,0.881,0.246;aaaaa;
0.593;0.146,0.348,0.824,0.679,0.674,0.826,0.345,0.527,0.474,0.239;a;
0.118;0.196,0.35,0.824,0.594,0.69,0.23,0.551,0.398,0.251,0.0359;aaaaaa;
0.466;0.211,0.407,0.163,0.707,0.817,0.27,0.272,0.801,0.0387,0.346;aa;
0.769;0.00791,0.975,0.0967,0.852,0.619,0.0397,0.493,0.804,0.54,0.131;aaaaaaa;
0.39;0.0899,0.595,0.113,0.843,0.46,0.0351,0.171,0.307,0.595,0.769;aaaaaaaa;
0.866;0.348,0.382,0.766,0.834,0.338,0.165,0.302,0.551,0.454,0.677;a;
0.666;0.961,0.795,0.707,0.968,0.783,0.343,0.0625,0.685,0.265,0.557;aaaaaaa;
0.412;0.454,0.115,0.157,0.295,0.246,0.831,0.846,0.0151,0.0119,0.258;aaa;
0.771;0.444,0.587,0.064,0.997,0.191,0.431,0.876,0.0471,0.0927,0.0113;aaaaa;
0.536;0.124,0.372,0.688,0.695,0.0152,0.342,0.945,0.146,0.294,0.716;aaaaaa;
0.649;0.109,0.835,0.145,0.596,0.966,0.358,0.587,0.395,0.099,0.962;aaaaaaaaa;
0.849;0.38,0.828,0.946,0.38,0.214,0.476,0.919,0.119,0.947,0.239;aaaaaaaaaa;
0.551;0.662,0.444,0.184,0.822,0.0998,0.317,0.619,0.774,0.268,0.988;aaaaaa;
0.901;0.0913,0.0153,0.0708,0.378,0.145,0.457,0.135,0.809,0.186,0.641;aaaa;
0.09;0.544,0.203,0.0107,0.874,0.077,0.908,0.685,0.81,0.102,0.986;aaaaaaaaa;
0.399;0.175,0.43,0.196,0.481,0.891,0.896,0.0155,0.787,0.204,0.839;aaaaaaa;
0.864;0.204,0.0562,0.585,0.0524,0.635,0.24,0.813,0.751,0.417,0.703;aa;
0.128;0.807,0.329,0.675,0.396,0.681,0.68,0.974,0.0655,0.141,0.224;aaaaa;
0.59;0.727,0.686,0.639,0.751,0.37,0.76,0.353,0.597,0.439,0.138;aaaaaaaaa;
0.388;0.318,0.86,0.259,0.947,0.412,0.455,0.425,0.166,0.418,0.727;aaaaaaaaaa;
0.466;0.649,0.966,0.956,0.457,0.998,0.617,0.548,0.35,0.675,0.263;aaaaaaaaaa;
0.706;0.346,0.955,0.192,0.6,0.986,0.902,0.0241,0.338,0.876,0.775;a;
0.748;0.93,0.343,0.0843,0.678,0.0538,0.167,0.676,0.705,0.00564,0.37;aaaaaaaaa;
0.545;0.442,0.251,0.242,0.407,0.708,0.968,0.863,0.794,0.969,0.717;aa;
0.408;0.478,0.291,0.206,0.405,0.708,0.568,0.654,0.595,0.271,0.956;aaaa;
0.816;0.0236,0.864,0.507,0.967,0.643,0.95,0.0774,0.3,0.739,0.368;a;
0.338;0.875,0.862,0.913,0.498,0.199,0.68,0.679,0.947,0.826,0.464;a;
0.263;0.0704,0.439,0.137,0.686,0.045,0.42,0.0516,0.773,0.408,0.348;aaaaaaa;
0.7;0.472,0.471,0.0162,0.92,0.787,0.881,0.0211,0.434,0.732,0.0488;aaaaaa;
0.772;0.256,0.0516,0.873,0.381,0.436,0.61,0.464,0.391,0.327,0.673;aaaa;
0.0312;0.846,0.156,0.608,0.504,0.225,0.68,0.832,0.693,0.869,0.885;a;
0.345;0.0157,0.194,0.429,0.832,0.507,0.836,0.372,0.457,0.654,0.84;aaaaaaaaa;
0.138;0.556,0.755,0.114,0.574,0.716,0.875,0.652,0.364,0.668,0.913;aaaaaaaa;
0.529;0.948,0.05,0.114,0.97,0.543,0.446,0.453,0.164,0.914,0.522;aaaaa;
0.599;0.424,0.101,0.232,0.377,0.922,0.0459,0.311,0.854,0.434,0.271;aaaaaaa;
0.373;0.0738,0.956,0.616,0.0343,0.162,0.758,0.86,0.634,0.465,0.407;aaaaaa;
0.457;0.0521,0.823,0.317,0.997,0.801,0.374,0.223,0.64,0.668,0.118;aaa;
0.57;0.201,0.223,0.367,0.503,0.263,0.727,0.128,0.834,0.2,0.615;aaa;
0.37;0.397,0.954,0.686,0.323,0.825,0.759,0.665,0.0581,0.909,0.574;aaaaaaaaaa;
0.141;0.047,0.037,0.114,0.303,0.285,0.757,0.51,0.425,0.0433,0.93;aaaaaa;
0.571;0.116,0.126,0.691,0.165,0.154,0.324,0.371,0.243,0.139,0.132;aaaa;
0.499;0.932,0.712,0.122,0.0618,0.759,0.968,0.136,0.256,0.177,0.597;aaa;
0.862;0.821,0.269,0.909,0.263,0.0794,0.828,0.707,0.201,0.283,0.582;aa;
0.827;0.439,0.0236,0.62,0.36,0.268,0.956,0.947,0.857,0.322,0.864;aaaaaaaaa;
0.961;0.694,0.537,0.308,0.52,0.757,0.591,0.484,0.793,0.501,0.322;aaaaaaaaa;
0.111;0.148,0.23,0.123,0.92,0.825,0.502,0.111,0.174,0.797,0.581;aa;
0.262;0.954,0.998,0.0721,0.449,0.705,0.33,0.556,0.964,0.813,0.27;aaaaaaaa;
0.0824;0.126,0.756,0.259,0.307,0.933,0.203,0.088,0.963,0.461,0.307;aaaaaa;
0.932;0.783,0.978,0.0817,0.71,0.467,0.713,0.73,0.762,0.546,0.983;aaa;
0.363;0.893,0.557,0.741,0.298,0.356,0.043,0.851,0.148,0.113,0.652;aaaaaaaaaa;
0.037;0.257,0.0742,0.814,0.267,0.906,0.961,0.688,0.121,0.122,0.192;aaaaaaa;
0.799;0.0982,0.401,0.345,0.878,0.457,0.93,0.152,0.954,0.405,0.33;aaaaaa;
0.836;0.998,0.62,0.193,0.207,0.5,0.0451,0.972,0.357,0.568,0.916;aaaaaaaa;
0.247;0.581,0.449,0.675,0.518,0.3,0.939,0.188,0.3,0.118,0.826;aaaaaaaaaa;
0.453;0.906,0.207,0.886,0.798,0.473,0.599,0.142,0.264,0.588,0.0555;aaa;
0.105;0.0423,0.138,0.244,0.171,0.934,0.00806,0.15,0.288,0.334,0.716;aaaaaaa;
0.469;0.44,0.474,0.326,0.675,0.199,0.725,0.124,0.246,0.2,0.743;aaaaaaaa;
0.461;0.361,0.207,0.261,0.971,0.4,0.0304,0.228,0.0795,0.132,0.169;aaaaaaaaa;
0.773;0.943,0.637,0.357,0.293,0.515,0.405,0.515,0.0871,0.519,0.0593;aa;
0.895;0.588,0.563,0.169,0.77,0.0423,0.567,0.653,0.97,0.0394,0.976;aaaaa;
0.475;0.545,0.408,0.232,0.0387,0.266,0.191,0.0835,0.883,0.623,0.201;aaaaaaaaa;
0.77;0.655,0.99,0.569,0.426,0.402,0.365,0.611,0.0396,0.157,0.274;aaa;
0.481;0.734,0.0385,0.321,0.0785,0.287,0.198,0.403,0.657,0.00126,0.118;aaaaaa;
0.12;0.543,0.641,0.133,0.263,0.399,0.517,0.026,0.989,0.726,0.598;aaaaaaaaaa;
0.301;0.456,0.451,0.957,0.124,0.604,0.834,0.199,0.0125,0.618,0.961;aaaaa;
0.0106;0.676,0.163,0.523,0.128,0.0491,0.762,0.0587,0.602,0.964,0.000593;a;
0.554;0.412,0.513,0.735,0.85,0.823,0.856,0.32,0.345,0.657,0.928;aaaaaaaa;
0.146;0.23,0.686,0.258,0.0634,0.236,0.441,0.264,0.746,0.128,0.784;aaa;
0.706;0.674,0.833,0.811,0.898,0.667,0.486,0.299,0.313,0.309,0.0644;a;
0.619;0.85,0.223,0.323,0.706,0.388,0.602,0.779,0.956,0.46,0.89;aaaaaaaa;
0.846;0.506,0.366,0.703,0.169,0.435,0.551,0.0175,0.929,0.64,0.0734;aaaaaa;
0.156;0.322,0.842,0.364,0.62,0.742,0.494,0.25,0.861,0.55,0.0847;aaaaaaa;
0.484;0.749,0.774,0.28,0.785,0.526,0.264,0.975,0.706,0.0308,0.689;aaaaaaaaaa;
0.169;0.518,0.851,0.0316,0.0709,0.048,0.0279,0.539,0.241,0.168,0.468;aaaaaaaaaa;
0.796;0.912,0.075,0.671,0.695,0.924,0.824,0.778,0.529,0.266,0.967;aaa;
0.889;0.258,0.87,0.944,0.803,0.805,0.975,0.481,0.666,0.393,0.551;aaaaaaaaaa;
0.193;0.921,0.787,0.959,0.51,0.68,0.0705,0.812,0.955,0.49,0.177;aaaa;
0.866;0.523,0.589,0.308,0.741,0.579,0.883,0.568,0.0534,0.892,0.443;aaaaaaaaa;
0.488;0.425,0.388,0.878,0.995,0.307,0.477,0.97,0.997,0.142,0.474;aaaaaaa;
0.627;0.0555,0.95,0.0438,0.684,0.355,0.594,0.104,0.61,0.102,0.695;aaaaa;
0.382;0.798,0.153,0.443,0.16,0.193,0.886,0.612,0.677,0.131,0.0932;aaaaa;
0.736;0.488,0.351,0.0984,0.0585,0.606,0.762,0.541,0.68,0.0208,0.364;aaaaa;
0.105;0.495,0.797,0.0371,0.689,0.148,0.135,0.143,0.96,0.955,0.658;aaaaaa;
0.219;0.819,0.754,0.0813,0.0657,0.571,0.558,0.372,0.0841,0.743,0.919;aaaaaaaa;
0.82;0.229,0.626,0.794,0.214,0.526,0.0286,0.356,0.573,0.413,0.683;aaaaaa;
0.974;0.771,0.858,0.741,0.14,0.129,0.366,0.887,0.975,0.159,0.869;aaaaaaaaa;
0.181;0.754,0.21,0.737,0.987,0.0557,0.906,0.0463,0.404,0.657,0.339;aaaaaaaaa;
0.0596;0.322,0.474,0.285,0.676,0.88,0.312,0.837,0.746,0.254,0.38;aaaa;
0.411;0.0611,0.106,0.214,0.632,0.107,0.958,0.217,0.588,0.265,0.308;aaaaaaa;
0.988;0.164,0.0823,0.365,0.614,0.521,0.379,0.967,0.715,0.254,0.886;aaaaaaaa;
0.252;0.322,0.781,0.927,0.114,0.84,0.915,0.183,0.859,0.75,0.0953;aaaaaaaa;
0.17;0.576,0.422,0.0904,0.635,0.301,0.785,0.208,0.302,0.727,0.627;aaaaa;
0.369;0.683,0.656,0.615,0.475,0.53,0.0957,0.471,0.619,0.505,0.94;aa;
0.878;0.813,0.912,0.49,0.472,0.891,0.925,0.485,0.764,0.993,0.0293;aaa;
0.365;0.746,0.574,0.986,0.0104,0.544,0.292,0.361,0.0302,0.49,0.211;a;
0.0489;0.904,0.169,0.437,0.258,0.726,0.327,0.278,0.913,0.668,0.409;aaaaaa;
0.907;0.856,0.111,0.615,0.626,0.861,0.673,0.291,0.756,0.464,0.45;aa;
0.715;0.381,0.544,0.647,0.847,0.563,0.398,0.711,0.105,0.74,0.22;aaaaaaaaaa;
0.178;0.279,0.74,0.131,0.619,0.803,0.688,0.663,0.296,0.274,0.73;aaaaaaaaaa;
0.0616;0.734,0.157,0.778,0.622,0.519,0.737,0.491,0.223,0.832,0.117;aaaaaaaaaa;
0.538;0.325,0.102,0.159,0.664,0.423,0.0402,0.846,0.0492,0.286,0.337;aa;
0.668;0.648,0.111,0.48,0.545,0.787,0.58,0.0269,0.725,0.677,0.178;aaaaaaa;
0.811;0.277,0.832,0.835,0.533,0.652,0.3,0.00468,0.853,0.0926,0.964;aaaaaaaa;
0.138;0.676,0.152,0.42,0.0283,0.898,0.258,0.945,0.946,0.784,0.371;aaaaaa;
0.088;0.623,0.116,0.958,0.232,0.25,0.329,0.182,0.162,0.956,0.445;a;
0.55;0.959,0.568,0.457,0.344,0.748,0.787,0.132,0.426,0.502,0.998;aaaa;
0.934;0.386,0.229,0.77,0.875,0.746,0.654,0.741,0.828,0.137,0.762;aaaaaaaaa;
0.624;0.663,0.968,0.863,0.639,0.787,0.972,0.612,0.938,0.455,0.651;aaaaaaa;
0.947;0.794,0.723,0.141,0.486,0.89,0.967,0.996,0.438,0.645,0.603;a;
0.206;0.992,0.0982,0.331,0.747,0.939,0.382,0.945,0.773,0.622,0.125;aaaaaaaa;
0.433;0.749,0.717,0.236,0.733,0.786,0.781,0.0625,0.407,0.34,0.71;aaaaaa;
0.181;0.27,0.995,0.116,0.108,0.746,0.326,0.7,0.0854,0.602,0.0535;aaaaaaaa;
0.754;0.682,0.458,0.445,0.47,0.321,0.119,0.898,0.861,0.768,0.234;a;
0.86;0.191,0.74,0.27,0.696,0.689,0.298,0.799,0.608,0.394,0.477;aaaaaa;
0.598;0.0094,0.57,0.0175,0.279,0.254,0.179,0.391,0.971,0.405,0.0107;a;
0.249;0.502,0.964,0.151,0.867,0.989,0.968,0.317,0.328,0.793,0.88;aaaa;
0.78;0.687,0.218,0.284,0.876,0.258,0.75,0.574,0.277,0.259,0.103;aaaa;
0.0229;0.0895,0.611,0.285,0.986,0.248,0.268,0.887,0.666,0.262,0.51;aaa;
0.346;0.102,0.727,0.185,0.14,0.185,0.884,0.855,0.442,0.651,0.101;aaa;
0.84;0.355,0.801,0.603,0.843,0.038,0.591,0.529,0.728,0.25,0.278;aaaaa;
0.274;0.0424,0.00423,0.974,0.449,0.947,0.557,0.614,0.0271,0.0945,0.993;a;
0.52;0.269,0.92,0.137,0.369,0.959,0.197,0.0217,0.285,0.5,0.166;aa;
0.584;0.92,0.318,0.451,0.817,0.409,0.665,0.377,0.0731,0.837,0.0636;aaaaaaaa;
0.0404;0.509,0.331,0.0437,0.245,0.797,0.176,0.988,0.802,0.468,0.352;aaaaaaaa;
0.334;0.213,0.0619,0.483,0.295,0.806,0.836,0.783,0.828,0.428,0.492;aaaaa;
0.0868;0.954,0.418,0.181,0.744,0.401,0.635,0.618,0.309,0.0726,0.632;aaaaa;
0.0389;0.42,0.256,0.243,0.875,0.538,0.0619,0.506,0.969,0.163,0.372;aaaa;
0.766;0.457,0.632,0.491,0.151,0.927,0.483,0.534,0.33,0.0468,0.468;aaaaa;
0.965;0.532,0.577,0.0744,0.473,0.0778,0.338,0.798,0.931,0.9,0.389;aaaaaaaa;
0.941;0.675,0.178,0.63,0.983,0.0814,0.112,0.212,0.246,0.172,0.202;aaaaaaaaaa;
0.554;0.768,0.25,0.474,0.346,0.454,0.308,0.694,0.958,0.485,0.234;aaaaaa;
0.332;0.429,0.776,0.895,0.42,0.289,0.404,0.164,0.42,0.905,0.701;aaa;
0.493;0.3,0.96,0.546,0.872,0.56,0.262,0.00393,0.969,0.942,0.299;aaaa;
0.498;0.529,0.0523,0.752,0.965,0.0573,0.406,0.537,0.225,0.155,0.0222;aa;
0.809;0.898,0.0801,0.341,0.59,0.719,0.0492,0.514,0.752,0.208,0.368;aaa;
0.883;0.581,0.331,0.159,0.435,0.708,0.739,0.593,0.369,0.276,0.324;aaa;
0.389;0.915,0.902,0.562,0.522,0.161,0.565,0.859,0.542,0.798,0.493;aaa;
0.91;0.229,0.831,0.457,0.829,0.965,0.667,0.301,0.327,0.915,0.0479;aaaaaaaaa;
0.291;0.866,0.279,0.525,0.75,0.829,0.034,0.261,0.672,0.605,0.78;aa;
0.809;0.293,0.481,0.739,0.11,0.807,0.123,0.591,0.773,0.0849,0.103;aa;
0.812;0.925,0.551,0.913,0.951,0.782,0.201,0.983,0.284,0.279,0.784;aa;
0.302;0.445,0.0288,0.277,0.511,0.237,0.992,0.0232,0.204,0.896,0.491;aaaaaa;
0.54;0.372,0.903,0.304,0.461,0.145,0.928,0.876,0.096,0.0684,0.83;aaaaaaa;
0.602;0.748,0.543,0.55,0.984,0.964,0.29,0.511,0.569,0.606,0.9;aaaa;
0.581;0.828,0.0698,0.758,0.0284,0.413,0.0641,0.495,0.685,0.0492,0.439;a;
0.184;0.414,0.326,0.249,0.735,0.796,0.654,0.224,0.2,0.386,0.0753;aaa;
0.748;0.892,0.986,0.696,0.647,0.00952,0.656,0.565,0.212,0.602,0.348;a;
0.143;0.202,0.641,0.741,0.754,0.577,0.561,0.786,0.376,0.204,0.187;aaaaaaaa;
0.584;0.728,0.801,0.959,0.81,0.897,0.453,0.444,0.367,0.911,0.671;aaaaa;
0.947;0.656,0.283,0.255,0.792,0.43,0.692,0.0132,0.376,0.0829,0.645;aaaaaaaa;
0.66;0.438,0.558,0.472,0.948,0.59,0.642,0.263,0.591,0.506,0.185;a;
0.74;0.568,0.0607,0.93,0.484,0.303,0.101,0.0845,0.379,0.31,0.661;aaa;
0.103;0.421,0.641,0.72,0.514,0.197,0.868,0.68,0.408,0.32,0.686;aaaaaaa;
0.717;0.0209,0.883,0.161,0.394,0.13,0.164,0.376,0.0528,0.896,0.197;aaaaa;
0.979;0.949,0.239,0.64,0.533,0.622,0.226,0.452,0.812,0.844,0.444;aaa;
0.0104;0.371,0.376,0.352,0.000862,0.905,0.636,0.0768,0.606,0.816,0.172;aaaaaaaaa;
0.447;0.539,0.221,0.428,0.883,0.0747,0.548,0.986,0.0444,0.11,0.289;aaaa;
0.371;0.44,0.285,0.88,0.483,0.17,0.72,0.342,0.59,0.234,0.0949;aaaaaaaaaa;
0.894;0.461,0.928,0.00559,0.961,0.894,0.747,0.473,0.809,0.539,0.686;aaaaaaaaaa;
0.8;0.953,0.0748,0.692,0.213,0.0431,0.0509,0.552,0.0951,0.0422,0.513;aaaaaa;
0.803;0.0352,0.388,0.0625,0.23,0.842,0.0104,0.165,0.247,0.926,0.583;aaa;
0.423;0.415,0.48,0.776,0.277,0.95,0.498,0.607,0.957,0.00156,0.574;aaaaaa;
0.438;0.39,0.662,0.0197,0.33,0.0513,0.622,0.531,0.841,0.853,0.279;aaaaaaaaa;
0.86;0.656,0.985,0.853,0.517,0.205,0.325,0.392,0.27,0.0634,0.103;aaaaaa;
0.249;0.451,0.792,0.309,0.187,0.47,0.208,0.812,0.504,0.359,0.902;aa;
0.626;0.98,0.562,0.256,0.53,0.523,0.381,0.989,0.811,0.221,0.108;aaa;
0.757;0.293,0.991,0.377,0.43,0.0976,0.693,0.777,0.154,0.252,0.977;aaaaaa;
0.819;0.986,0.788,0.197,0.0883,0.53,0.108,0.135,0.795,0.979,0.355;aaaaaa;
0.197;0.699,0.407,0.575,0.88,0.748,0.515,0.748,0.776,0.848,0.142;aaaaaaaaa;
0.519;0.825,0.18,0.549,0.394,0.69,0.94,0.85,0.716,0.835,0.153;aaaaa;
0.188;0.294,0.273,0.11,0.164,0.836,0.904,0.849,0.681,0.427,0.381;aaaaaaaaa;
0.384;0.56,0.287,0.41,0.426,0.955,0.782,0.0836,0.36,0.911,0.567;aaaaaaaaaa;
0.0901;0.12,0.437,0.759,0.112,0.532,0.772,0.621,0.175,0.347,0.7;aaaaaaaa;
0.646;0.882,0.611,0.451,0.772,0.839,0.349,0.637,0.252,0.77,0.36;aaaaa;
0.362;0.849,0.982,0.87,0.163,0.695,0.0667,0.906,0.467,0.486,0.728;aaaaaaaa;
0.697;0.434,0.39,0.839,0.423,0.816,0.945,0.172,0.453,0.739,0.35;aaaaaaaaaa;
0.561;0.932,0.692,0.548,0.553,0.0949,0.666,0.873,0.601,0.583,0.233;a;
0.194;0.635,0.216,0.576,0.85,0.0866,0.0349,0.862,0.721,0.0713,0.527;aaaaaaaaaa;
0.276;0.109,0.861,0.389,0.483,0.335,0.972,0.184,0.337,0.0151,0.765;aaaaaaaaaa;
0.743;0.324,0.51,0.64,0.17,0.493,0.507,0.793,0.372,0.254,0.767;aaaaaaaa;
0.549;0.542,0.444,0.798,0.129,0.24,0.215,0.0229,0.388,0.942,0.0474;aaaaaaaaaa;
0.127;0.44,0.922,0.0486,0.205,0.443,0.48,0.272,0.203,0.878,0.58;aaaaaa;
0.384;0.9,0.354,0.783,0.799,0.67,0.239,0.631,0.397,0.264,0.325;aaaaaaa;
0.422;0.0584,0.713,0.118,0.189,0.227,0.233,0.844,0.96,0.771,0.571;aaaaaaaaaa;
0.273;0.993,0.434,0.208,0.855,0.263,0.247,0.993,0.689,0.149,0.352;aaaaaa;
0.554;0.475,0.884,0.326,0.491,0.337,0.309,0.422,0.295,0.584,0.175;aaaaaaaaa;
0.441;0.0701,0.299,0.0679,0.523,0.613,0.569,0.547,0.948,0.947,0.256;aaaaa;
0.00338;0.644,0.0295,0.162,0.277,0.588,0.953,0.318,0.00454,0.69,0.643;a;
0.15;0.314,0.232,0.236,0.313,0.39,0.968,0.802,0.0246,0.722,0.977;aaaaaa;
0.166;0.636,0.796,0.784,0.801,0.368,0.677,0.4,0.638,0.374,0.319;aaaaaaa;
0.47;0.00716,0.0755,0.656,0.251,0.734,0.44,0.253,0.909,0.199,0.885;aaaaaaaa;
0.0386;0.488,0.298,0.229,0.473,0.0142,0.934,0.883,0.393,0.161,0.938;aaaaaaa;
0.493;0.0634,0.0752,0.154,0.387,0.61,0.898,0.684,0.147,0.839,0.881;aa;
0.566;0.399,0.0194,0.482,0.222,0.781,0.404,0.949,0.164,0.917,0.569;aaaa;
0.65;0.537,0.45,0.0146,0.482,0.499,0.984,0.101,0.913,0.898,0.851;aaaaaaaaaa;
0.471;0.112,0.348,0.242,0.868,0.58,0.212,0.204,0.336,0.659,0.596;aaaaaaaa;
0.639;0.921,0.516,0.313,0.961,0.864,0.0982,0.352,0.701,0.92,0.833;aaaaaa;
0.431;0.466,0.374,0.0914,0.659,0.492,0.738,0.736,0.795,0.148,0.591;aaaaaa;
0.88;0.583,0.98,0.321,0.439,0.221,0.254,0.207,0.0143,0.866,0.345;aaaaa;
0.419;0.625,0.763,0.433,0.378,0.08,0.0764,0.377,0.621,0.0373,0.92;aaa;
0.583;0.208,0.579,0.132,0.87,0.375,0.913,0.932,0.854,0.232,0.153;a;
0.849;0.429,0.0847,0.477,0.477,0.569,0.00645,0.835,0.145,0.37,0.283;aaaaaaaaa;
0.71;0.313,0.523,0.845,0.399,0.785,0.349,0.815,0.809,0.0367,0.283;aaaaaaaaaa;
0.138;0.955,0.503,0.438,0.587,0.128,0.6,0.105,0.179,0.323,0.096;aaaaaaa;
0.892;0.92,0.0774,0.542,0.495,0.885,0.517,0.514,0.803,0.138,0.744;a;
0.493;0.134,0.108,0.649,0.823,0.765,0.416,0.958,0.292,0.00683,0.325;aaaaaaaa;
0.929;0.47,0.874,0.0762,0.0101,0.0811,0.626,0.321,0.135,0.885,0.0222;aaaaaaaaa;
0.766;0.457,0.413,0.586,0.832,0.587,0.744,0.0167,0.754,0.64,0.348;aaaa;
0.971;0.452,0.942,0.387,0.982,0.956,0.667,0.572,0.907,0.634,0.866;aaaaaaaaa;
0.556;0.653,0.684,0.0383,0.415,0.966,0.219,0.0188,0.079,0.929,0.146;aaaaaaaaa;
0.619;0.0801,0.311,0.464,0.239,0.657,0.819,0.812,0.648,0.0281,0.265;aaaaaaaa;
0.504;0.0702,0.8,0.945,0.213,0.199,0.655,0.86,0.357,0.166,0.753;aa;
0.905;0.496,0.176,0.345,0.98,0.334,0.686,0.858,0.897,0.503,0.3;a;
0.979;0.548,0.0576,0.761,0.429,0.302,0.348,0.634,0.12,0.658,0.427;aaaaaaaaa;
0.717;0.664,0.984,0.0664,0.13,0.365,0.971,0.145,0.97,0.0327,0.386;aaaaa;
0.0475;0.194,0.583,0.116,0.287,0.014,0.702,0.549,0.868,0.723,0.511;aaaaaaaaaa;
0.107;0.442,0.609,0.533,0.88,0.547,0.379,0.948,0.703,0.394,0.539;aaaaaaaa;
0.983;0.508,0.929,0.904,0.828,0.926,0.893,0.975,0.741,0.889,0.915;aaaa;
0.0972;0.148,0.971,0.286,0.275,0.281,0.715,0.462,0.345,0.0949,0.00703;aaaa;
0.898;0.839,0.648,0.856,0.813,0.0173,0.369,0.873,0.339,0.767,0.718;aaaaaaaaaa;
0.62;0.101,0.65,0.651,0.484,0.511,0.42,0.806,0.721,0.185,0.279;aaaaaaaa;
0.783;0.701,0.625,0.907,0.804,0.183,0.284,0.366,0.8,0.301,0.192;aaa;
0.144;0.461,0.079,0.808,0.817,0.869,0.159,0.68,0.627,0.442,0.452;aaaaaa;
0.363;0.63,0.806,0.627,0.334,0.553,0.656,0.192,0.161,0.957,0.57;aaaaa;
0.506;0.295,0.26,0.175,0.297,0.197,0.253,0.494,0.73,0.774,0.523;aaaaaa;
0.0959;0.399,0.263,0.744,0.947,0.427,0.676,0.689,0.0365,0.308,0.315;aaaaaaaaa;
0.413;0.109,0.159,0.701,0.19,0.928,0.0935,0.238,0.593,0.164,0.32;aaaaaaaa;
0.433;0.204,0.194,0.385,0.0637,0.845,0.718,0.668,0.84,0.858,0.721;aaaaaaaaaa;
0.562;0.79,0.14,0.673,0.774,0.662,0.971,0.616,0.933,0.572,0.548;aaaaaaaaa;
0.272;0.761,0.902,0.87,0.622,0.237,0.348,0.976,0.641,0.263,0.895;aaaaaa;
0.0849;0.468,0.184,0.422,0.531,0.967,0.775,0.447,0.711,0.252,0.679;aa;
0.358;0.755,0.597,0.62,0.0391,0.971,0.375,0.779,0.595,0.576,0.663;aa;
0.566;0.51,0.61,0.191,0.152,0.168,0.989,0.906,0.873,0.281,0.769;aaaaaaaaaa;
0.201;0.0569,0.734,0.578,0.377,0.421,0.0122,0.0431,0.755,0.384,0.114;aaaaaaaa;
0.338;0.482,0.422,0.062,0.171,0.867,0.837,0.0599,0.578,0.0455,0.52;aaaaa;
0.373;0.413,0.469,0.603,0.429,0.603,0.489,0.609,0.972,0.362,0.742;aa;
0.274;0.962,0.894,0.0085,0.478,0.818,0.778,0.929,0.295,0.546,0.935;aaaa;
0.732;0.77,0.845,0.752,0.182,0.535,0.655,0.864,0.0295,0.997,0.495;aaaaaaaaaa;
0.474;0.685,0.0752,0.35,0.136,0.739,0.566,0.1,0.128,0.223,0.999;aaaaa;
0.351;0.112,0.598,0.244,0.699,0.585,0.326,0.539,0.975,0.825,0.204;a;
0.193;0.33,0.0135,0.704,0.388,0.21,0.125,0.85,0.652,0.174,0.371;aaa;
0.331;0.498,0.215,0.553,0.548,0.889,0.791,0.319,0.784,0.34,0.147;aaaaa;
0.526;0.975,0.134,0.192,0.411,0.214,0.862,0.381,0.533,0.74,0.835;aaaaaa;
0.321;0.746,0.22,0.946,0.632,0.779,0.835,0.584,0.174,0.184,0.958;aaaaaaaa;
0.243;0.0792,0.27,0.177,0.359,0.799,0.519,0.585,0.517,0.306,0.504;aaaaaaaaa;
0.533;0.33,0.222,0.946,0.871,0.851,0.645,0.842,0.494,0.244,0.18;aaaaa;
0.855;0.759,0.172,0.18,0.912,0.46,0.831,0.911,0.647,0.294,0.2;aaaaaaaaa;
0.669;0.955,0.648,0.23,0.0568,0.892,0.402,0.972,0.616,0.461,0.408;aaaaaa;
0.977;0.826,0.615,0.295,0.759,0.71,0.843,0.465,0.301,0.0761,0.414;aaaaaaaa;
0.422;0.685,0.0648,0.498,0.791,0.855,0.734,0.128,0.813,0.835,0.578;aaaaaa;
0.862;0.546,0.0485,0.195,0.34,0.27,0.667,0.816,0.254,0.579,0.164;aaaa;
0.361;0.792,0.534,0.689,0.416,0.507,0.578,0.416,0.725,0.505,0.846;aaaaaaaaaa;
0.172;0.974,0.12,0.232,0.14,0.67,0.86,0.555,0.471,0.549,0.0557;aaaaaaa;
0.25;0.477,0.32,0.0749,0.449,0.579,0.103,0.88,0.969,0.968,0.626;aaaaa;
0.917;0.354,0.299,0.706,0.611,0.126,0.641,0.065,0.633,0.587,0.393;aaaaa;
0.476;0.349,0.378,0.246,0.711,0.444,0.348,0.408,0.677,0.727,0.279;aaaaaaaaaa;
0.63;0.0765,0.974,0.151,0.172,0.557,0.431,0.0382,0.0943,0.898,0.148;aaaaaa;
0.323;0.611,0.165,0.0696,0.399,0.949,0.328,0.0728,0.311,0.476,0.083;aaaaaaa;
0.188;0.887,0.862,0.69,0.605,0.521,0.905,0.489,0.272,0.313,0.68;aaaaaaa;
0.753;0.818,0.357,0.145,0.893,0.718,0.12,0.698,0.0208,0.332,0.54;a;
0.0144;0.953,0.944,0.393,0.313,0.398,0.601,0.708,0.0847,0.804,0.543;aaaa;
0.407;0.52,0.409,0.718,0.305,0.647,0.128,0.208,0.0889,0.85,0.528;aaaaaaa;
0.383;0.637,0.32,0.489,0.875,0.221,0.521,0.331,0.922,0.863,0.378;aaaaaa;
0.439;0.751,0.863,0.892,0.561,0.21,0.392,0.572,0.96,0.0469,0.354;aa;
0.515;0.0237,0.793,0.28,0.169,0.132,0.38,0.882,0.518,0.15,0.593;aaaaaaaa;
0.191;0.314,0.314,0.927,0.839,0.473,0.283,0.145,0.952,0.795,0.067;aaaaaaaaaa;
0.143;0.482,0.605,0.113,0.0954,0.883,0.0868,0.472,0.381,0.734,0.9;aaaaaaa;
0.585;0.287,0.278,0.908,0.208,0.74,0.102,0.54,0.534,0.164,0.917;aaaaaaaa;
0.984;0.447,0.76,0.858,0.189,0.0424,0.74,0.884,0.289,0.135,0.939;aaaaaaaa;
0.442;0.0947,0.462,0.829,0.677,0.952,0.47,0.0196,0.0689,0.631,0.438;aaaaa;
0.919;0.0726,0.915,0.16,0.465,0.388,0.74,0.981,0.948,0.496,0.993;aa;
0.528;0.46,0.669,0.952,0.0132,0.716,0.0835,0.492,0.811,0.691,0.0728;a;
0.695;0.0742,0.685,0.836,0.702,0.481,0.694,0.319,0.164,0.392,0.796;aaa;
0.13;0.109,0.639,0.788,0.0641,0.121,0.0978,0.823,0.104,0.117,0.0798;aaaaa;
0.853;0.915,0.827,0.56,0.903,0.341,0.0214,0.746,0.306,0.73,0.602;aaaaaaaa;
0.0661;0.976,0.249,0.0177,0.687,0.253,0.497,0.827,0.949,0.877,0.344;aaaaaaa;
0.122;0.721,0.354,0.316,0.851,0.115,0.181,0.87,0.393,0.56,0.135;aaaaaaaa;
0.575;0.972,0.138,0.0507,0.613,0.987,0.8,0.745,0.907,0.96,0.868;aa;
0.127;0.889,0.794,0.361,0.956,0.69,0.269,0.768,0.268,0.458,0.841;aaaaaaaa;
0.0476;0.394,0.0746,0.972,0.554,0.879,0.124,0.83,0.341,0.914,0.315;aaa;
0.435;0.849,0.509,0.435,0.00941,0.718,0.752,0.876,0.0658,0.528,0.633;aaaaa;
0.202;0.502,0.971,0.955,0.573,0.295,0.959,0.831,0.134,0.69,0.653;aa;
0.837;0.407,0.62,0.644,0.0156,0.227,0.0221,0.897,0.979,0.595,0.547;aaaaaaaaaa;
0.0107;0.364,0.194,0.275,0.145,0.326,0.205,0.891,0.787,0.313,0.483;aaaa;
0.799;0.0536,0.0328,0.972,0.754,0.41,0.166,0.662,0.0943,0.422,0.66;aaaaaaaaaa;
0.916;0.882,0.761,0.622,0.596,0.462,0.89,0.115,0.261,0.881,0.0431;aaa;
0.562;0.604,0.954,0.871,0.158,0.582,0.758,0.33,0.571,0.867,0.289;aaaaa;
0.863;0.776,0.415,0.902,0.373,0.934,0.811,0.697,0.993,0.283,0.171;aaa;
0.812;0.104,0.0639,0.338,0.156,0.585,0.753,0.633,0.712,0.931,0.478;aaaaaaaaa;
0.194;0.741,0.227,0.787,0.131,0.0726,0.373,0.314,0.344,0.572,0.372;aaa;
0.903;0.9,0.365,0.496,0.176,0.314,0.487,0.315,0.442,0.433,0.824;aaaaaaaaa;
0.559;0.171,0.764,0.0588,0.592,0.445,0.664,0.736,0.375,0.0834,0.6;a;
0.0137;0.168,0.822,0.451,0.309,0.283,0.142,0.0441,0.153,0.425,0.37;aaaaaaaaaa;
0.965;0.958,0.951,0.639,0.595,0.201,0.548,0.314,0.115,0.328,0.303;aaaaa;
0.648;0.65,0.6,0.687,0.23,0.19,0.375,0.583,0.869,0.613,0.105;aaa;
0.857;0.504,0.495,0.321,0.696,0.0209,0.484,0.000567,0.795,0.896,0.542;aaaaaaaaa;
0.572;0.502,0.942,0.482,0.503,0.465,0.291,0.664,0.751,0.484,0.735;aaaaaaaaaa;
0.657;0.464,0.526,0.864,0.566,0.763,0.937,0.207,0.809,0.782,0.153;aaaaaaaa;
0.484;0.697,0.307,0.618,0.468,1,0.803,0.655,0.234,0.0228,0.38;aaaaa;
0.172;0.544,0.259,0.585,0.965,0.579,0.804,0.58,0.951,0.878,0.682;aaaaaaaaaa;
0.676;0.508,0.66,0.971,0.282,0.287,0.612,0.978,0.53,0.672,0.109;aa;
0.691;0.702,0.395,0.0184,0.966,0.988,0.949,0.497,0.337,0.0911,0.709;a;
0.22;0.489,0.607,0.0871,0.736,0.671,0.752,0.693,0.354,0.671,0.415;aaa;
0.684;0.496,0.0246,0.887,0.269,0.969,0.604,0.902,0.704,0.222,0.83;aaaaaa;
0.668;0.154,0.58,0.325,0.315,0.981,0.587,0.344,0.321,0.302,0.606;aa;
0.767;0.12,0.424,0.926,0.203,0.805,0.0351,0.246,0.233,0.232,0.384;aaaaaaaa;
0.723;0.858,0.47,0.345,0.12,0.464,0.0244,0.299,0.803,0.381,0.992;aaaaaa;
0.0859;0.033,0.703,0.994,0.496,0.249,0.633,0.772,0.838,0.426,0.922;aaaaa;
0.556;0.774,0.572,0.578,0.808,0.6,0.112,0.172,0.847,0.359,0.895;aaaaaa;
0.238;0.661,0.916,0.397,0.913,0.763,0.091,0.807,0.984,0.0767,0.13;a;
0.873;0.103,0.00815,0.00433,0.833,0.272,0.727,0.265,0.45,0.262,0.205;aaaaaaaaa;
0.929;0.339,0.661,0.505,0.0284,0.419,0.686,0.757,0.701,0.0846,0.93;aaaaa;
0.274;0.479,0.11,0.679,0.404,0.869,0.159,0.742,0.578,0.98,0.609;aaaaaa;
0.544;0.987,0.865,0.413,0.46,0.169,0.325,0.0323,0.817,0.394,0.854;aaaaaaa;
0.136;0.166,0.233,0.431,0.689,0.247,0.992,0.72,0.599,0.773,0.264;aaaaaaaa;
0.38;0.355,0.301,0.328,0.084,0.852,0.865,0.999,0.585,0.46,0.0383;aaaaaaaa;
0.246;0.958,0.531,0.214,0.563,0.113,0.228,0.324,0.0781,0.139,0.269;aaaaaaaaaa;
0.913;0.859,0.479,0.701,0.261,0.83,0.371,0.924,0.28,0.0294,0.151;aaaaaaaaaa;
0.485;0.933,0.917,0.853,0.524,0.562,0.0685,0.941,0.627,0.409,0.0362;aaaaaaa;
0.138;0.953,0.948,0.144,0.746,0.189,0.384,0.872,0.61,0.313,0.692;aaaaa;
0.646;0.0951,0.887,0.317,0.472,0.303,0.943,0.277,0.174,0.447,0.782;aaaa;
0.0245;0.735,0.418,0.583,0.853,0.696,0.258,0.22,0.279,0.193,0.46;aaaaaaaaa;
0.225;0.273,0.0827,0.936,0.141,0.196,0.163,0.586,0.785,0.0238,0.326;a;
0.441;0.988,0.62,0.455,0.381,0.337,0.506,0.284,0.324,0.963,0.083;aaaaaaaaaa;
0.0687;0.575,0.592,0.193,0.933,0.995,0.416,0.718,0.255,0.99,0.23;aaaa;
0.194;0.285,0.00389,0.395,0.715,0.683,0.649,0.118,0.974,0.458,0.0839;aa;
0.846;0.67,0.954,0.142,0.436,0.253,0.435,0.0784,0.703,0.225,0.475;aaaaaaaaaa;
0.154;0.819,0.333,0.601,0.458,0.52,0.488,0.318,0.84,0.711,0.761;aaaaa;
0.886;0.422,0.0308,0.0661,0.226,0.369,0.16,0.4,0.731,0.399,0.605;aa;
0.0546;0.0786,0.552,0.886,0.0909,0.979,0.475,0.252,0.524,0.345,0.605;a;
0.318;0.223,0.422,0.558,0.383,0.382,0.25,0.418,0.934,0.719,0.462;aaaa;
0.0926;0.0968,0.901,0.794,0.707,0.121,0.144,0.424,0.855,0.665,0.307;aaaaaaa;
0.712;0.68,0.28,0.162,0.904,0.468,0.148,0.975,0.306,0.958,0.779;aaaaaaaa;
0.87;0.341,0.261,0.369,0.146,0.799,0.403,0.188,0.914,0.253,0.431;aaaaaaa;
0.505;0.263,0.917,0.522,0.965,0.166,0.0717,0.606,0.634,0.319,0.156;aaaaa;
0.964;0.633,0.522,0.477,0.974,0.18,0.743,0.451,0.00102,0.696,0.247;aaaaaaa;
0.00446;0.983,0.717,0.822,0.0666,0.238,0.307,0.408,0.0625,0.976,0.691;aaaaaaaaa;
0.93;0.924,0.263,0.13,0.0186,0.869,0.37,0.755,0.779,0.147,0.372;a;
0.0933;0.134,0.0881,0.0686,0.43,0.267,0.589,0.219,0.0761,0.279,0.108;aaaaaaaaaa;
0.834;0.811,0.992,0.0992,0.407,0.0999,0.966,0.58,0.884,0.884,0.505;aaaa;
0.56;0.729,0.734,0.348,0.315,0.659,0.75,0.647,0.243,0.645,0.634;aaaaaaaa;
0.598;0.299,0.0312,0.22,0.454,0.201,0.406,0.931,0.378,0.908,0.768;aaaaaa;
0.731;0.548,0.656,0.244,0.966,0.179,0.905,0.712,0.263,0.469,0.524;aaaaa;
0.336;0.203,0.169,0.688,0.429,0.763,0.645,0.692,0.949,0.404,0.353;aaaaaaaa;
0.0531;0.72,0.921,0.699,0.914,0.785,0.541,0.922,0.631,0.151,0.981;aaaaaaaaaa;
0.75;0.0102,0.291,0.675,0.666,0.764,0.991,0.039,0.586,0.275,0.816;aaaa;
0.172;0.156,0.237,0.921,0.107,0.263,0.402,0.0054,0.844,0.851,0.516;a;
0.123;0.689,0.403,0.814,0.296,0.889,0.569,0.987,0.748,0.964,0.559;aaaaaa;
0.996;0.963,0.385,0.651,0.0766,0.916,0.64,0.546,0.249,0.277,0.189;aaaa;
0.439;0.744,0.914,0.224,0.908,0.207,0.231,0.569,0.386,0.78,0.859;aaaaaaaaa;
0.477;0.891,0.357,0.21,0.995,0.836,0.557,0.979,0.336,0.787,0.604;aaa;
0.898;0.688,0.603,0.596,0.237,0.184,0.0415,0.427,0.303,0.138,0.582;aaaaaaaa;
0.416;0.181,0.276,0.484,0.871,0.906,0.427,0.474,0.802,0.487,0.651;aa;
0.425;0.975,0.611,0.262,0.84,0.463,0.383,0.361,0.153,0.132,0.399;aaa;
0.907;0.121,0.977,0.107,0.887,0.224,0.685,0.321,0.662,0.543,0.308;aaaaaa;
0.0374;0.24,0.969,0.569,0.0917,0.594,0.0833,0.06,0.769,0.422,0.526;aaaaaaaaaa;
0.221;0.277,0.97,0.437,0.0933,0.0893,0.16,0.796,0.393,0.192,0.11;aaaaaaaa;
0.299;0.626,0.834,0.505,0.559,0.158,0.777,0.698,0.729,0.0775,0.13;aaa;
0.763;0.279,0.779,0.54,0.904,0.668,0.442,0.484,0.566,0.937,0.966;aaa;
0.544;0.497,0.197,0.943,0.511,0.168,0.414,0.609,0.905,0.0881,0.189;aaa;
0.185;0.229,0.782,0.107,0.847,0.0234,0.569,0.537,0.301,0.773,0.692;aaaaaaaaa;
0.0921;0.559,0.997,0.0851,0.364,0.378,0.223,0.131,0.733,0.643,0.424;aaaaa;
0.695;0.667,0.521,0.0549,0.713,0.0271,0.862,0.477,0.794,0.939,0.781;aaa;
0.234;0.845,0.68,0.308,0.781,0.0611,0.259,0.76,0.144,0.26,0.654;aa;
0.928;0.314,0.692,0.843,0.52,0.263,0.0284,0.171,0.61,0.495,0.83;aaaa;
0.174;0.43,0.91,0.21,0.0628,0.494,0.0278,0.0209,0.997,0.251,0.859;a;
0.355;0.209,0.362,0.842,0.418,0.337,0.148,0.853,0.36,0.0294,0.638;aaaaaaaa;
0.706;0.258,0.786,0.0956,0.875,0.371,0.00375,0.844,0.208,0.709,0.217;aaa;
0.488;0.0227,0.779,0.444,0.191,0.029,0.529,0.959,0.946,0.11,0.481;aaaa;
0.912;0.508,0.0637,0.396,0.471,0.449,0.701,0.516,0.934,0.267,0.57;a;
0.237;0.857,0.181,0.865,0.417,0.182,0.0414,0.0446,0.855,0.787,0.0289;aaaaaaaa;
0.89;0.112,0.476,0.00657,0.87,0.137,0.558,0.339,0.0594,0.433,0.00811;aaaaaaa;
0.0131;0.245,0.763,0.471,0.936,0.567,0.489,0.993,0.985,0.263,0.189;aaaaaa;
0.321;0.201,0.966,0.0667,0.474,0.68,0.618,0.398,0.603,0.838,0.984;aaaaaaaaaa;
0.841;0.684,0.299,0.53,0.879,0.109,0.879,0.861,0.107,0.437,0.528;aaaaa;
0.000762;0.494,0.154,0.233,0.649,0.0603,0.972,0.0487,0.647,0.828,0.281;aaa;
0.546;0.249,0.689,0.801,0.367,0.142,0.832,0.15,0.872,0.517,0.488;aaaaa;
0.899;0.57,0.955,0.418,0.198,0.606,0.544,0.597,0.819,0.396,0.914;aaaaaa;
0.834;0.324,0.0536,0.587,0.918,0.444,0.156,0.902,0.816,0.886,0.639;aaaaaaaa;
0.0699;0.909,0.625,0.913,0.228,0.46,0.112,0.00886,0.585,0.76,0.617;aaaaaaa;
0.435;0.762,0.197,0.101,0.00597,0.761,0.983,0.85,0.252,0.914,0.693;a;
0.991;0.534,0.312,0.207,0.408,0.307,0.391,0.921,0.235,0.123,0.907;aaaaaaaa;
0.35;0.841,0.414,0.694,0.215,0.89,0.724,0.688,0.76,0.591,0.766;aaa;
0.808;0.894,0.754,0.591,0.273,0.761,0.637,0.982,0.789,0.00101,0.816;aaaaaaa;
0.369;0.768,0.558,0.244,0.554,0.859,0.66,0.198,0.757,0.597,0.608;aaaaaaaa;
0.0225;0.131,0.621,0.0172,0.963,0.015,0.0327,0.542,0.13,0.914,0.406;aa;
0.374;0.808,0.356,0.398,0.603,0.613,0.307,0.742,0.083,0.689,0.603;aaaaaaa;
0.401;0.306,0.981,0.881,0.533,0.762,0.91,0.334,0.983,0.0343,0.821;aaaaaaaa;
0.176;0.849,0.579,0.792,0.244,0.369,0.168,0.765,0.639,0.105,0.679;aaaaaaaa;
0.799;0.829,0.973,0.0154,0.0546,0.206,0.387,0.525,0.73,0.472,0.263;a;
0.167;0.422,0.891,0.204,0.245,0.364,0.512,0.601,0.565,0.442,0.849;aa;
0.452;0.538,0.121,0.408,0.299,0.942,0.0372,0.418,0.811,0.454,0.139;aaa;
0.651;0.995,0.341,0.799,0.667,0.986,0.102,0.305,0.731,0.532,0.621;aa;
0.842;0.284,0.061,0.681,0.952,0.267,0.908,0.1,0.176,0.869,0.38;aaa;
0.986;0.325,0.619,0.26,0.958,0.741,0.42,0.0365,0.212,0.638,0.363;aaaaaaaaaa;
0.00162;0.369,0.302,0.806,0.286,0.63,0.504,0.46,0.579,0.164,0.484;aaa;
0.717;0.618,0.614,0.225,0.478,0.247,0.744,0.893,0.584,0.326,0.378;aaaaaa;
0.437;0.624,0.176,0.307,0.135,0.68,0.544,0.497,0.596,0.116,0.336;aaaaaaaaaa;
0.401;0.306,0.981,0.881,0.533,0.762,0.91,0.334,0.983,0.0343,0.821;aaaaaaa;
0.176;0.849,0.579,0.792,0.244,0.369,0.168,0.765,0.639,0.105,0.679;aaa;
0.799;0.829,0.973,0.0154,0.0546,0.206,0.387,0.525,0.73,0.472,0.263;aaaaaaaaa;
0.167;0.422,0.891,0.204,0.245,0.364,0.512,0.601,0.565,0.442,0.849;aaaaaaa;
0.452;0.538,0.121,0.408,0.299,0.942,0.0372,0.418,0.811,0.454,0.139;aaaaaaaaaa;
0.651;0.995,0.341,0.799,0.667,0.986,0.102,0.305,0.731,0.532,0.621;aaaaa;
0.842;0.284,0.061,0.681,0.952,0.267,0.908,0.1,0.176,0.869,0.38;aaaaaaaa;
0.986;0.325,0.619,0.26,0.958,0.741,0.42,0.0365,0.212,0.638,0.363;aaaa;
0.00162;0.369,0.302,0.806,0.286,0.63,0.504,0.46,0.579,0.164,0.484;aaaaaaaa;
0.717;0.618,0.614,0.225,0.478,0.247,0.744,0.893,0.584,0.326,0.378;aaa;
0.437;0.624,0.176,0.307,0.135,0.68,0.544,0.497,0.596,0.116,0.336;aaaa;
0.401;0.306,0.981,0.881,0.533,0.762,0.91,0.334,0.983,0.0343,0.821;aa;
0.176;0.849,0.579,0.792,0.244,0.369,0.168,0.765,0.639,0.105,0.679;aaaaa;
0.799;0.829,0.973,0.0154,0.0546,0.206,0.387,0.525,0.73,0.472,0.263;aaa;
0.167;0.422,0.891,0.204,0.245,0.364,0.512,0.601,0.565,0.442,0.849;aaaaaaaa;
0.452;0.538,0.121,0.408,0.299,0.942,0.0372,0.418,0.811,0.454,0.139;aaaa;
0.651;0.995,0.341,0.799,0.667,0.986,0.102,0.305,0.731,0.532,0.621;aaaaaaa;
0.842;0.284,0.061,0.681,0.952,0.267,0.908,0.1,0.176,0.869,0.38;aaaaaaa;
0.986;0.325,0.619,0.26,0.958,0.741,0.42,0.0365,0.212,0.638,0.363;aaaaaaaa;
0.00162;0.369,0.302,0.806,0.286,0.63,0.504,0.46,0.579,0.164,0.484;aaaaaaaaa;
0.717;0.618,0.614,0.225,0.478,0.247,0.744,0.893,0.584,0.326,0.378;aaaaaaaaaa;
0.437;0.624,0.176,0.307,0.135,0.68,0.544,0.497,0.596,0.116,0.336;a;
0.401;0.306,0.981,0.881,0.533,0.762,0.91,0.334,0.983,0.0343,0.821;aaaaaaa;
0.176;0.849,0.579,0.792,0.244,0.369,0.168,0.765,0.639,0.105,0.679;aaaaaaaaaa;
0.799;0.829,0.973,0.0154,0.0546,0.206,0.387,0.525,0.73,0.472,0.263;aaaa;
0.167;0.422,0.891,0.204,0.245,0.364,0.512,0.601,0.565,0.442,0.849;aaaaa;
0.452;0.538,0.121,0.408,0.299,0.942,0.0372,0.418,0.811,0.454,0.139;aaaaaaa;
0.651;0.995,0.341,0.799,0.667,0.986,0.102,0.305,0.731,0.532,0.621;aa;
0.842;0.284,0.061,0.681,0.952,0.267,0.908,0.1,0.176,0.869,0.38;aaaaaaaa;
0.986;0.325,0.619,0.26,0.958,0.741,0.42,0.0365,0.212,0.638,0.363;a;
0.00162;0.369,0.302,0.806,0.286,0.63,0.504,0.46,0.579,0.164,0.484;a;
0.717;0.618,0.614,0.225,0.478,0.247,0.744,0.893,0.584,0.326,0.378;aaa;
0.437;0.624,0.176,0.307,0.135,0.68,0.544,0.497,0.596,0.116,0.336;aa;
0.401;0.306,0.981,0.881,0.533,0.762,0.91,0.334,0.983,0.0343,0.821;aaaaaa;
0.176;0.849,0.579,0.792,0.244,0.369,0.168,0.765,0.639,0.105,0.679;aaaaaaa;
0.799;0.829,0.973,0.0154,0.0546,0.206,0.387,0.525,0.73,0.472,0.263;aaaa;
0.167;0.422,0.891,0.204,0.245,0.364,0.512,0.601,0.565,0.442,0.849;aaaaa;
0.452;0.538,0.121,0.408,0.299,0.942,0.0372,0.418,0.811,0.454,0.139;aa;
0.651;0.995,0.341,0.799,0.667,0.986,0.102,0.305,0.731,0.532,0.621;a;
0.842;0.284,0.061,0.681,0.952,0.267,0.908,0.1,0.176,0.869,0.38;aa;
0.986;0.325,0.619,0.26,0.958,0.741,0.42,0.0365,0.212,0.638,0.363;aaaaaaaa;
0.00162;0.369,0.302,0.806,0.286,0.63,0.504,0.46,0.579,0.164,0.484;aaaaa;
0.717;0.618,0.614,0.225,0.478,0.247,0.744,0.893,0.584,0.326,0.378;aaaaaaaaaa;
0.437;0.624,0.176,0.307,0.135,0.68,0.544,0.497,0.596,0.116,0.336;aaaaa;
