0	0
1	1
2	2
3	3
4	4,11
5	5
6	6
7	7
8	8
9	9
10	1,10
11	11
12	9,11,12
13	8,13,14
14	6,12,14
15	1,9
16	4
17	1
18	3
19	0
20	5,12
21	0,13
22	4,5,8
23	7
24	4,12,13
25	5
26	1,5
27	14
28	1,10
29	1
30	0
31	11
32	3
33	2,12
34	0,10,11
35	1,7,13
36	0,3
37	0
38	0
39	2
40	1
41	2
42	1
43	7
44	3,4
45	0,3
46	6
47	0
48	0
49	0
50	2
51	0,7,8,11
52	10
53	3
54	1
55	5
56	1
57	10
58	4
59	5
60	2
61	0
62	13
63	3,9
64	2
65	2
66	2
67	4,9,12,13
68	2,11
69	0
70	8
71	0
72	0,5,9
73	2
74	1
75	1
76	4,5
77	0
78	4
79	0
80	9,13
81	5
82	2
83	7
84	0
85	0
86	1
87	2
88	13
89	4
90	7
91	0
92	0
93	6,7
94	8
95	5
96	4
97	1
98	6
99	3,7
100	2
101	1
102	3
103	2
104	1
105	6
106	6
107	3
108	0
109	10
110	4
111	2
112	0
113	0
114	2
115	0
116	0
117	1,7
118	1
119	2
120	10
121	1,4
122	14
123	1
124	5
125	3
126	6
127	2,10
128	1
129	0
130	3
131	6
132	9,12,13
133	6,12,13
134	3
135	1
136	0,3
137	4
138	1
139	0,3,10
140	1
141	0
142	5
143	0,5,6
144	7
145	2
146	2
147	3
148	5
149	1
150	0
151	1
152	13
153	2
154	0
155	2
156	5
157	2
158	1,6
159	2
160	3
161	13
162	6,10
163	0
164	2
165	0
166	2
167	5
168	2
169	4
170	9
171	0
172	5
173	5
174	5
175	3
176	1,7
177	8
178	2
179	3,8
180	0
181	0
182	0
183	2,10
184	6
185	1,11
186	11
187	2,9
188	6
189	1
190	2
191	2
192	5
193	1
194	3
195	7
196	3
197	4,13
198	5
199	0
200	1
201	5
202	0
203	10
204	0
205	2
206	1
207	3,11
208	5
209	3
210	3
211	2
212	4
213	3
214	1
215	0
216	1
217	5
218	2
219	3
220	0
221	5
222	0
223	11
224	1
225	8
226	4
227	0
228	11
229	6
230	0
231	5
232	2
233	5
234	2
235	2
236	1
237	5
238	3
239	0
240	3
241	0
242	2
243	5
244	1
245	1
246	8
247	2
248	0
249	0
250	6
251	5
252	1
253	2
254	6
255	12
256	3
257	0
258	4
259	1
260	5
261	5
262	6
263	7,11
264	2
265	5
266	10
267	0
268	0
269	6
270	0
271	6
272	1
273	10
274	7
275	2
276	2
277	2
278	11
279	2
280	10
281	0,9
282	8
283	3
284	2
285	5
286	0
287	1
288	1
289	3,7
290	1
291	0
292	3
293	1
294	0
295	0
296	4
297	5
298	2
299	6,9,10
300	0
301	5
302	3
303	1
304	11
305	1
306	6
307	0
308	3
309	4
310	3,4,13
311	2
312	1
313	0
314	0
315	1
316	7
317	3,10,14
318	12
319	1,14
320	3
321	5
322	0
323	10
324	0
325	4,6
326	7,14
327	2
328	5
329	0
330	4
331	14
332	2
333	5
334	5
335	2
336	7
337	0
338	7
339	3
340	1,5
341	4
342	2
343	3
344	1
345	6
346	2
347	5
348	0
349	0
350	4
351	7
352	1
353	1
354	0
355	1
356	4
357	14
358	0
359	7
360	3
361	4
362	1
363	0
364	3
365	2
366	4
367	4
368	0
369	3
370	0
371	5
372	1,11
373	3
374	10
375	0
376	2
377	0
378	1
379	2
380	1
381	8
382	1
383	5
384	3
385	1
386	1
387	6
388	4
389	4
390	4
391	2
392	5
393	3
394	2
395	3
396	0
397	0,8
398	5
399	6
400	5
401	8
402	13
403	4
404	7
405	10
406	7
407	13
408	1
409	2
410	3
411	1
412	2
413	1
414	0
415	0
416	5
417	0
418	4
419	0
420	7
421	0
422	1
423	1
424	2
425	3
426	4
427	2
428	6
429	0
430	1
431	3
432	0
433	1
434	8
435	10
436	3
437	1
438	0
439	2
440	2
441	0
442	2
443	9
444	0
445	4
446	0
447	0
448	2
449	11
450	0
451	1
452	4
453	4
454	1
455	1
456	2
457	4
458	0
459	5
460	5
461	2
462	3,6
463	7,14
464	3
465	4
466	1,10
467	3
468	1
469	3
470	2
471	9
472	1
473	8
474	9
475	3
476	0
477	9
478	0
479	0
480	0
481	2
482	1
483	4
484	0
485	2
486	0
487	3
488	0
489	5
490	1
491	1
492	2
493	2
494	3
495	4
496	1
497	6
498	0
499	4
500	1
501	4
502	4
503	1
504	1
505	0
506	9,13
507	0
508	2
509	6
510	1
511	2
512	6
513	2
514	3
515	5
516	0
517	8
518	0
519	1
520	0
521	1
522	0
523	0
524	1
525	4
526	4
527	0
528	0
529	2
530	9
531	3
532	0
533	0
534	9
535	0
536	0
537	1
538	2
539	1
540	1
541	3
542	4
543	7
544	6
545	0
546	13
547	12
548	2
549	5
550	3
551	3
552	5
553	1
554	4
555	0
556	4
557	0
558	4
559	4
560	4
561	13
562	8
563	1
564	14
565	5
566	2
567	6
568	2
569	2
570	0
571	2
572	1
573	4
574	1
575	0,7,11
576	0
577	4
578	5
579	6,11,12
580	2
581	2
582	5
583	8
584	1
585	0
586	6
587	1
588	0
589	2
590	0
591	0
592	6
593	1
594	2
595	4
596	0
597	2
598	2
599	1
600	6
601	4
602	8
603	0
604	1
605	0
606	7
607	8
608	4
609	1
610	1
611	0
612	0
613	1
614	0
615	5
616	5
617	1
618	4
619	1
620	0
621	2
622	3
623	5
624	8
625	0
626	3
627	1
628	5,11
629	1
630	3
631	4
632	7
633	0
634	6
635	5
636	10
637	1
638	4
639	1
640	1
641	1
642	0
643	6
644	1
645	5
646	0
647	3
648	2
649	2
650	3
651	1
652	5
653	0
654	11
655	7
656	8
657	4
658	1
659	4
660	5,9
661	0
662	10
663	0
664	14
665	0
666	5
667	2
668	0
669	8
670	5
671	3
672	2
673	3
674	8
675	2
676	3
677	2
678	1
679	4
680	0
681	7
682	0
683	7
684	7
685	1
686	4
687	1
688	0
689	1
690	1
691	0
692	6
693	3
694	10
695	1
696	0
697	0
698	1
699	3
700	2
701	4,6
702	2
703	3
704	1
705	6
706	2
707	1
708	2
709	0
710	2
711	6
712	9
713	7
714	6
715	12
716	0
717	0
718	2,14
719	0
720	10,11,12
721	2
722	9
723	2
724	1
725	5
726	0
727	2
728	9
729	1
730	7
731	5
732	3
733	5
734	0
735	5,10
736	2
737	0
738	0
739	6
740	7
741	0
742	9
743	10
744	0
745	0
746	6
747	9
748	3
749	1
750	2
751	4
752	2
753	8
754	9
755	4
756	4
757	4
758	1
759	4
760	8
761	0
762	10
763	0
764	0
765	5
766	5
767	2,7
768	3
769	12
770	5
771	1
772	2
773	2
774	4
775	5
776	2
777	2
778	7
779	5
780	1
781	2
782	0
783	0
784	0
785	0
786	5
787	2
788	2
789	0
790	0
791	5
792	3
793	1
794	2
795	4
796	4
797	0
798	3
799	0
800	1
801	7
802	3
803	4
804	3
805	0
806	2
807	2
808	2
809	3
810	5
811	0
812	2
813	2
814	3
815	0
816	9
817	2
818	3
819	4
820	0
821	7
822	0
823	0
824	0
825	8
826	4
827	1
828	4
829	0
830	3
831	3
832	14
833	1
834	1
835	8
836	8
837	2
838	9
839	3
840	3,9
841	7
842	2
843	0
844	1
845	2
846	7
847	2
848	3
849	1
850	0
851	3
852	0
853	9
854	3
855	1
856	2
857	1
858	1
859	0
860	4
861	3
862	5
863	2
864	4
865	0
866	2
867	3
868	3
869	1
870	3
871	13
872	1
873	1
874	4
875	1
876	2
877	6
878	1
879	3
880	0
881	3
882	6
883	0
884	0
885	2
886	3
887	1
888	5
889	6
890	8
891	2
892	1
893	1
894	9
895	7
896	3
897	1
898	1
899	2
900	4
901	6
902	2
903	5
904	1
905	3
906	4
907	9
908	1
909	7
910	0
911	0,7
912	2
913	0
914	2
915	5
916	2
917	2
918	2
919	3,12
920	2
921	0
922	6
923	0
924	3
925	3
926	1
927	2
928	7
929	0
930	7
931	0
932	3
933	1
934	8
935	9
936	7
937	11
938	3
939	12
940	2
941	3
942	6
943	11
944	5
945	4
946	8
947	5
948	0
949	0
950	8
951	7
952	1
953	0
954	2
955	5
956	12
957	0
958	8
959	2
960	0,2,10,11,14
961	3
962	2
963	0
964	0
965	3
966	0
967	0
968	5
969	2
970	2
971	3
972	4
973	11
974	1
975	0
976	11,12
977	2
978	0
979	4
980	11
981	1,9
982	8
983	4
984	1
985	0
986	7
987	3
988	11
989	6
990	1
991	0
992	1
993	4
994	2
995	0
996	1
997	0
998	3
999	5
1000	0
1001	0
1002	0
1003	0
1004	0
1005	2
1006	2
1007	2
1008	2
1009	2
1010	6
1011	6
1012	6
1013	6
1014	6
1015	13
1016	13
1017	13
1018	13
1019	13
1020	14
1021	14
1022	14
1023	14
1024	14
1025	12
1026	12
1027	12
1028	12
1029	12
1030	11
1031	11
1032	11
1033	11
1034	11
1035	10
1036	10
1037	10
1038	10
1039	10
