ATT0(string,10);ATT1(float,5);ATT2(string,10);
a;0.238,0.0475,0.844,0.0266,0.394;aaaaaa;
a;0.561,0.744,0.189,0.658,0.719;aaa;
a;0.223,0.122,0.0477,0.493,0.74;aaaaaaa;
aaaa;0.78,0.462,0.223,0.564,0.912;aaaa;
aaaaaaaaa;0.963,0.994,0.43,0.267,0.657;aa;
a;0.516,0.0344,0.721,0.121,0.341;aaaa;
aaaaaaa;0.591,0.35,0.903,0.0175,0.874;aaaa;
aaaa;0.178,0.628,0.222,0.86,0.618;aaaaaaa;
aaaaaaaa;0.734,0.76,0.35,0.182,0.205;a;
aaaa;0.0433,0.436,0.739,0.839,0.0988;aaa;
aaa;0.294,0.438,0.023,0.57,0.437;a;
aaa;0.409,0.861,0.959,0.816,0.658;aa;
aaa;0.44,0.637,0.499,0.0464,0.133;aaaaaaa;
aaa;0.0438,0.849,0.639,0.0212,0.699;aaaaaaaaaa;
aaaaaaaa;0.976,0.991,0.507,0.429,0.982;aa;
aa;0.787,0.0615,0.705,0.838,0.755;a;
aaaaaaa;0.218,0.0478,0.602,0.876,0.983;aaaaaa;
aaaaaaa;0.721,0.337,0.235,0.444,0.143;aa;
aaa;0.229,0.46,0.296,0.546,0.3;aaaa;
a;0.507,0.905,0.811,0.951,0.885;aaaaaaaaaa;
aaaaaaaa;0.886,0.632,0.438,0.461,0.662;aaaaaaaaa;
aaaaaaa;0.802,0.0874,0.578,0.465,0.981;aaaaaaaaaa;
aaaaa;0.379,0.966,0.0796,0.797,0.154;aaaaa;
aa;0.519,0.745,0.417,0.913,0.824;aaaaa;
a;0.659,0.106,0.635,0.462,0.0909;aaaaaaaa;
aa;0.0382,0.623,0.237,0.4,0.866;aa;
aaaaaaaaaa;0.298,0.578,0.76,0.517,0.0519;aaaaa;
aaaaaaaaaa;0.9,0.714,0.608,0.165,0.664;aa;
aaaaaaa;0.846,0.73,0.501,0.149,0.101;aaaaaaa;
aaaaa;0.862,0.802,0.058,0.376,0.681;a;
aaaaaa;0.915,0.369,0.172,0.884,0.913;aaa;
aaaaa;0.219,0.385,0.239,0.0575,0.567;aaa;
aaa;0.384,0.46,0.283,0.869,0.361;aaaaaaaa;
aaaaaa;0.0566,0.529,0.341,0.358,0.101;aaaaaaa;
aaaaaaaa;0.333,0.363,0.653,0.938,0.23;aaaaaaa;
aaaaaa;0.203,0.0946,0.222,0.0286,0.324;aaaaaa;
a;0.802,0.969,0.844,0.949,0.403;aaa;
aa;0.0277,0.89,0.872,0.719,0.68;aaaa;
a;0.865,0.725,0.938,0.486,0.504;aaaaaaaa;
aaaaaaaa;0.882,0.694,0.585,0.947,0.227;aaaaaaa;
aaaaaa;0.874,0.189,0.0757,0.628,0.884;aaaaaaaaa;
aaaaaaaaa;0.0828,0.431,0.396,0.146,0.532;aaaaaaaaaa;
aaaaaaa;0.614,0.476,0.0309,0.996,0.161;a;
aaaaaaaaa;0.197,0.811,0.915,0.914,0.636;aaaaaaaaa;
aa;0.789,0.813,0.523,0.725,0.171;aa;
aaaaaaaa;0.00723,0.654,0.919,0.34,0.329;aaaaaaaaaa;
aaaaaaaa;0.302,0.894,0.387,0.726,0.471;aaaa;
aaaa;0.893,0.46,0.444,0.826,0.854;aaaaaaaa;
aaaaaaaa;0.0596,0.842,0.941,0.3,0.63;aaa;
aaaa;0.867,0.293,0.935,0.0465,0.82;aaaaa;
aaaaa;0.601,0.375,0.607,0.944,0.822;aaaaaaaaa;
aa;0.805,0.356,0.233,0.661,0.425;aa;
aa;0.832,0.172,0.321,0.269,0.114;aaaaaaa;
aaaaa;0.464,0.914,0.577,0.856,0.629;a;
aaaaaaaaa;0.978,0.757,0.205,0.826,0.151;aaaaaaaa;
aaaaa;0.695,0.528,0.948,0.103,0.186;aaaaa;
aaaa;0.0505,0.444,0.491,0.863,0.0242;aa;
aaaaaaa;0.453,0.637,0.107,0.0358,0.584;a;
aaaaaaaaaa;0.548,0.996,0.254,0.435,0.902;aaa;
aaaaaaaa;0.781,0.546,0.17,0.486,0.0296;aaaaaaa;
aaa;0.604,0.0011,0.0591,0.54,0.742;aaaaaaaa;
aaaaaaaaa;0.922,0.303,0.253,0.483,0.745;aaaaaa;
aaaaaaa;0.0649,0.826,0.561,0.953,0.52;aaaaaaa;
aaaa;0.893,0.558,0.144,0.544,0.938;a;
aaaaaaa;0.484,0.767,0.834,0.285,0.665;aaaaaa;
aaaaa;0.694,0.247,0.224,0.501,0.329;aaaaa;
aaaa;0.0288,0.611,0.372,0.4,0.00477;aaaaaaaa;
a;0.954,0.646,0.761,0.531,0.224;aaaaa;
a;0.196,0.574,0.509,0.358,0.714;aaaaaaaaaa;
aaaaaa;0.876,0.341,0.903,0.841,0.456;aaaaaaa;
aaaaa;0.145,0.447,0.561,0.264,0.509;aaaaa;
aaaaaaaaaa;0.857,0.967,0.13,0.617,0.436;a;
aaa;0.857,0.676,0.651,0.394,0.951;aaaaa;
aaaaaaaaa;0.523,0.192,0.934,0.86,0.725;aaaaaaaaa;
aaaaaaaa;0.591,0.048,0.653,0.547,0.96;aaaaaa;
aaaaaaaaa;0.82,0.653,0.358,0.442,0.873;aaaaaa;
aaaaaaa;0.017,0.359,0.195,0.452,0.86;aaaaa;
aaaaa;0.902,0.224,0.466,0.406,0.926;aaaaaaaa;
aaaaaaaaaa;0.78,0.112,0.563,0.702,0.251;aaa;
aaaaaaaaaa;0.949,0.933,0.749,0.885,0.75;aaaaaaaa;
aa;0.307,0.733,0.294,0.867,0.393;aaaaaa;
aa;0.419,0.204,0.782,0.91,0.923;aaaaa;
aaaaa;0.961,0.765,0.425,0.157,0.615;aaaaaaaa;
aaaaa;0.486,0.205,0.773,0.538,0.634;aaaaaa;
aaaa;0.372,0.815,0.959,0.617,0.508;aaa;
aaaaaaa;0.591,0.478,0.522,0.771,0.994;aaaaa;
aaaaa;0.469,0.653,0.999,0.328,0.231;a;
a;0.935,0.615,0.971,0.808,0.52;aaaaaaa;
aaaaaaa;0.476,0.0273,0.88,0.103,0.934;aaaaaaaaa;
aaaaaa;0.325,0.702,0.908,0.32,0.59;a;
aaaa;0.849,0.633,0.843,0.754,0.511;aaaaaaaaa;
aaaaaa;0.982,0.353,0.667,0.477,0.0411;aaaaaaa;
a;0.288,0.797,0.794,0.649,0.252;aaaaa;
aaaaaa;0.414,0.625,0.126,0.636,0.436;aaaaaaaa;
aaaaa;0.707,0.263,0.832,0.898,0.116;aaa;
aaaa;0.682,0.9,0.401,0.749,0.0947;aaaaaaaaaa;
aaaaaaa;0.743,0.0209,0.591,0.0943,0.267;aaaaa;
aaaaaaaaa;0.622,0.67,0.937,0.617,0.915;aa;
aaaaa;0.978,0.0608,0.356,0.583,0.285;aaaaaaaa;
aaaaa;0.455,0.729,0.884,0.961,0.485;aaaaaaaaa;
aa;0.97,0.476,0.0538,0.487,0.375;aaaa;
aa;0.591,0.438,0.13,0.906,0.39;aaa;
aaaaaa;0.287,0.542,0.0517,0.66,0.465;aaaaaa;
aaaaa;0.768,0.195,0.71,0.727,0.632;aaaaaa;
aa;0.681,0.373,0.176,0.117,0.275;a;
aa;0.293,0.896,0.796,0.453,0.473;aaaaaaaa;
aaa;0.005,0.144,0.389,0.673,0.638;aaaaaaaaa;
aaa;0.529,0.1,0.749,0.333,0.544;aaaaaa;
aaa;0.00626,0.724,0.957,0.641,0.086;aaaa;
aaa;0.999,0.00947,0.49,0.471,0.104;aaaa;
aaaa;0.517,0.0389,0.771,0.866,0.0951;aaaa;
aaaa;0.404,0.848,0.496,0.682,0.789;a;
a;0.388,0.141,0.524,0.504,0.00358;aaaaaaaaa;
aaa;0.314,0.528,0.381,0.935,0.8;aaaaaaa;
aaaaaaa;0.847,0.325,0.872,0.853,0.748;aaaaa;
aaaaaaaaaa;0.819,0.579,0.33,0.389,0.716;aaaaaaaaa;
aaaaaaa;0.323,0.906,0.166,0.698,0.713;aaaaaaaaa;
aaaaaaaaa;0.122,0.439,0.323,0.4,0.779;aaaaaaaaa;
aaa;0.301,0.189,0.00546,0.56,0.847;aaaaaaa;
aaaaa;0.251,0.647,0.237,0.102,0.922;aaa;
aaaaaaaaaa;0.605,0.746,0.647,0.4,0.236;aaaaaaa;
aaaaaaaa;0.947,0.633,0.396,0.802,0.127;aaaaaaaa;
aaaaaaaaa;0.471,0.53,0.492,0.0338,0.616;aa;
aaaaaaaa;0.609,0.0456,0.862,0.553,0.719;aaaaaaaaaa;
aaaa;0.182,0.0399,0.782,0.904,0.64;aaaaaa;
aaaaa;0.569,0.411,0.609,0.286,0.45;aaa;
aaaaa;0.638,0.202,0.376,0.215,0.939;aaa;
aaaaaaaaa;0.952,0.125,0.766,0.326,0.377;a;
aaaaaa;0.469,0.242,0.866,0.602,0.491;aaaaa;
aa;0.941,0.108,0.726,0.555,0.395;aaaaaa;
aa;0.9,0.44,0.411,0.0277,0.957;aaaaa;
aaaaaaaaaa;0.94,0.962,0.934,0.598,0.365;aaaa;
aaaa;0.879,0.356,0.0874,0.318,0.305;aaaaaaaaa;
aaaaaa;0.994,0.49,0.111,0.0903,0.776;aaaa;
aaaaaaaa;0.241,0.44,0.708,0.183,0.353;aaa;
aaaaaa;0.594,0.0655,0.8,0.0696,0.326;aaaaaaaaaa;
aaa;0.949,0.479,0.952,0.827,0.673;aaaaaa;
aaaa;0.34,0.985,0.55,0.946,0.548;aaaaaa;
aa;0.356,0.911,0.127,0.591,0.529;aa;
aaaaaaaaaa;0.684,0.885,0.621,0.686,0.413;aa;
aaa;0.0966,0.902,0.563,0.17,0.187;aa;
aaaa;0.0912,0.371,0.623,0.309,0.15;aaaaaaaaaa;
aaaaaaaa;0.211,0.909,0.602,0.732,0.691;aaaaaaa;
aaaa;0.679,0.872,0.693,0.437,0.355;aaaaaaaaa;
aaaaa;0.82,0.0781,0.842,0.988,0.131;aaa;
aaaa;0.729,0.763,0.87,0.306,0.957;aaaa;
aaaaaaaaaa;0.0751,0.485,0.186,1,0.926;aaaaaaaaa;
aaaaaa;0.339,0.488,0.489,0.295,0.266;aaaaaaaa;
a;0.919,0.73,0.342,0.341,0.999;aaaaaaaa;
aaa;0.722,0.606,0.559,0.625,0.471;aaaaaaaaa;
aaaaaaaaa;0.667,0.611,0.156,0.608,0.777;aaaaaa;
aa;0.959,0.0369,0.0579,0.497,0.574;aaaaaaaaa;
aaa;0.559,0.934,0.374,0.789,0.173;aaaaaaaaaa;
a;0.326,0.381,0.635,0.575,0.0768;aaaa;
aaaaa;0.288,0.0135,0.243,0.822,0.992;aaaa;
aaaaa;0.789,0.0783,0.0545,0.596,0.108;a;
aa;0.49,0.124,0.423,0.325,0.929;aaaaaaa;
aaaa;0.0524,0.37,0.709,0.639,0.0846;aa;
aaaaaaaaaa;0.429,0.57,0.055,0.973,0.471;aaaaaaaaa;
aa;0.184,0.108,0.196,0.404,0.0504;aaaa;
aaa;0.373,0.971,0.447,0.0234,0.0843;aaaaaaaa;
aaaaaaaaaa;0.81,0.188,0.444,0.449,0.215;aaaaaaaaaa;
aaa;0.876,0.714,0.845,0.0246,0.747;aaaaa;
aaaa;0.655,0.175,0.295,0.349,0.89;aaaaaaaaa;
aaaaaa;0.304,0.39,0.892,0.227,0.388;aaaaaaaaa;
aaaa;0.871,0.806,0.948,0.0174,0.302;aaaa;
aaaaaa;0.422,0.457,0.653,0.576,0.263;a;
aaa;0.373,0.535,0.0552,0.333,0.506;aaaaaaaa;
aaa;0.924,0.819,0.801,0.148,0.902;aaaaa;
aaaaa;0.0655,0.848,0.0267,0.112,0.207;aaaaaaa;
aaa;0.678,0.321,0.536,0.318,0.678;aaaaa;
aaaaa;0.812,0.26,0.64,0.934,0.994;aaaaaaaaa;
aaaaa;0.072,0.682,0.574,0.147,0.227;a;
aaa;0.0518,0.354,0.659,0.42,0.785;a;
aaaaa;0.0562,0.347,0.862,0.166,0.606;aaaaaaaaa;
a;0.93,0.79,0.587,0.662,0.831;aaaaaaaa;
aaaaaa;0.674,0.472,0.966,0.477,0.856;a;
aaa;0.387,0.561,0.315,0.299,0.22;aaa;
aaaaaaaaa;0.718,0.96,0.993,0.585,0.201;aa;
aaaaaaaa;0.161,0.735,0.46,0.986,0.475;a;
aaaa;0.669,0.963,0.539,0.552,0.996;aaaaaaaa;
a;0.0912,0.868,0.923,0.766,0.305;aaaaa;
aaaaaaa;0.481,0.869,0.75,0.332,0.436;aaaaa;
aaaaaa;0.842,0.804,0.5,0.927,0.184;aaaa;
aaaaaaa;0.751,0.712,0.739,0.694,0.869;aaaa;
aaa;0.133,0.653,0.19,0.358,0.971;aaaaa;
a;0.293,0.164,0.978,0.561,0.404;aa;
aaaaaaaaaa;0.442,0.0873,0.572,0.638,0.944;aaaaaaaaa;
aaaaaa;0.727,0.888,0.71,0.882,0.847;aaaaaaaaa;
aaa;0.263,0.162,0.835,0.794,0.236;aaaaaaaaa;
aa;0.678,0.275,0.14,0.907,0.238;aaaaaaa;
aaaaaaaaaa;0.87,0.224,0.891,0.466,0.373;aaa;
aaaaaaaa;0.211,0.713,0.651,0.679,0.93;aaaaa;
a;0.146,0.0109,0.027,0.705,0.329;aaa;
aa;0.374,0.101,0.542,0.892,0.0085;a;
aaaaaaaaa;0.869,0.108,0.741,0.533,0.124;a;
aaa;0.842,0.492,0.348,0.703,0.31;aaaaaaaaaa;
aaa;0.157,0.813,0.91,0.291,0.186;aaa;
aaaaaa;0.604,0.638,0.847,0.798,0.312;aaaa;
aaaaaaaaaa;0.75,0.411,0.527,0.0104,0.872;aaaaaa;
aaaaaaaa;0.258,0.229,0.62,0.511,0.739;aaaaaa;
aa;0.628,0.667,0.454,0.981,0.892;aa;
aaaaaaaa;0.278,0.798,0.0366,0.438,0.252;aa;
aa;0.815,0.849,0.435,0.251,0.655;aa;
aaaaaa;0.0253,0.286,0.67,0.226,0.534;a;
aa;0.00762,0.264,0.798,0.113,0.687;aaa;
aaaaaa;0.579,0.876,0.71,0.842,0.275;aa;
aaa;0.0506,0.0531,0.399,0.0907,0.821;aaaaaaaaaa;
aaaaa;0.551,0.566,0.647,0.5,0.37;a;
aaaaaaa;0.979,0.833,0.073,0.914,0.595;aaaaaaaa;
aaaaaaaa;0.84,0.785,0.887,0.886,0.866;aaa;
aaaaaaaa;0.147,0.529,0.42,0.319,0.041;aa;
aaaaaaaa;0.165,0.258,0.736,0.974,0.616;aaaa;
aaaaaa;0.989,0.933,0.361,0.773,0.578;aaaaaaa;
aa;0.984,0.442,0.539,0.569,0.203;aaaaaaaaa;
aaa;0.0894,0.608,0.879,0.946,0.579;aaaaaa;
a;0.415,0.0906,0.242,0.537,0.871;aaaaaaaaaa;
aaaaaaa;0.304,0.104,0.942,0.719,0.172;aa;
aaaaaaaaaa;0.855,0.145,0.413,0.632,0.151;aaaaa;
aaaaaaaaaa;0.906,0.438,0.0836,0.993,0.222;aaaaa;
a;0.0551,0.811,0.163,0.0237,0.946;a;
aaaaa;0.433,0.124,0.709,0.964,0.609;aaa;
aaaaaaa;0.0926,0.46,0.721,0.89,0.997;aaaaaa;
aaaaaaaaaa;0.0872,0.538,0.681,0.408,0.0924;aaaaaaaa;
aaaaaaaa;0.598,0.313,0.305,0.729,0.38;aaaaaaa;
aaa;0.881,0.884,0.516,0.844,0.1;aaaa;
aaaaaaaaa;0.859,0.834,0.285,0.233,0.595;aaaa;
a;0.484,0.631,0.486,0.557,0.917;aaaaaaaa;
aaaaa;0.903,0.155,0.136,0.791,0.643;aaaa;
aaa;0.214,0.384,0.956,0.126,0.204;a;
aaaaaaaaaa;0.406,0.412,0.16,0.282,0.616;aaaaaaaa;
aaaaaa;0.0217,0.0444,0.0871,0.558,0.115;aaaaaaaaa;
aaaa;0.367,0.563,0.0271,0.13,0.204;aa;
aaaaaaaaaa;0.555,0.907,0.0858,0.0162,0.435;aaaaaaaaaa;
aaaaaaaa;0.456,0.181,0.922,0.663,0.0958;aaaa;
aaa;0.358,0.337,0.322,0.708,0.727;aaaaaaaa;
a;0.416,0.647,0.275,0.625,0.657;aaaaaaaa;
aaaaaaaaaa;0.486,0.224,0.179,0.789,0.445;aaaaaaaa;
aaaa;0.479,0.76,0.324,0.181,0.951;aaaaaaa;
aa;0.396,0.85,0.0123,0.736,0.176;aaaaaaaaaa;
aaaaaaaaaa;0.228,0.671,0.435,0.695,0.416;aa;
aaaaa;0.284,0.142,0.873,0.177,0.148;aaaa;
aaaaaaaaaa;0.164,0.237,0.00623,0.963,0.234;aaa;
aaaaaaaa;0.479,0.468,0.662,0.125,0.259;aaaaaaaaaa;
aa;0.00986,0.31,0.329,0.692,0.671;aaaaaaaaaa;
aaaaaaaaa;0.735,0.365,0.509,0.474,0.156;aaaaa;
aaaaaa;0.167,0.341,0.323,0.179,0.625;aaaaaaaaa;
aa;0.687,0.271,0.836,0.509,0.68;aaaaaa;
aaaaaa;0.34,0.706,0.254,0.31,0.711;aaaaaaaaaa;
aaa;0.748,0.723,0.239,0.352,0.041;a;
aaaaa;0.801,0.525,0.712,0.782,0.584;aaaaaaa;
aaaa;0.572,0.298,0.542,0.566,0.865;aaaaaaaa;
aaaaaaaa;0.884,0.79,0.438,0.799,0.125;a;
aa;0.143,0.854,0.14,0.918,0.519;aaaaaaaaaa;
aaaaaaa;0.592,0.629,0.926,0.929,0.0707;a;
aaa;0.201,0.587,0.925,0.774,0.923;aaaaaa;
aaaaaa;0.312,0.838,0.248,0.917,0.0391;aaaaaa;
aaaaaaaaaa;0.877,0.437,0.621,0.355,0.673;aaaaaaa;
aaaaa;0.651,0.0702,0.17,0.102,0.917;aaaaaaaa;
aaaaaa;0.298,0.137,0.909,0.694,0.796;aaaaaaaa;
aaaaaaaa;0.0203,0.468,0.499,0.915,0.224;aaa;
aa;0.853,0.925,0.129,0.416,0.686;aaaaaa;
aaaaaaa;0.743,0.132,0.3,0.671,0.224;aaa;
aaaaaaaaa;0.344,0.172,0.0674,0.245,0.716;aaaaaaaaaa;
aaaaaaa;0.134,0.978,0.354,0.43,0.759;aaaaa;
aaaa;0.117,0.239,0.511,0.0706,0.649;aa;
a;0.0343,0.559,0.99,0.0359,0.0345;aaaaaaaaaa;
aaaaaaaaa;0.764,0.219,0.594,0.781,0.153;aaa;
aa;0.956,0.349,0.319,0.692,0.852;aaaaaaa;
aaaaaaaa;0.76,0.761,0.607,0.778,0.166;aaaa;
aaaaa;0.014,0.592,0.535,0.884,0.303;aaaaaaa;
aaaa;0.806,0.863,0.401,0.163,0.205;aaaaaaaaaa;
aaaa;0.432,0.765,0.543,0.0314,0.632;aaaa;
aaa;0.625,0.422,0.98,0.0659,0.494;aaaaaaaaa;
aaa;0.957,0.295,0.443,0.364,0.209;aaaaaa;
aaaa;0.635,0.703,0.152,0.283,0.951;aaaaaaaaa;
aaa;0.0565,0.567,0.966,0.165,0.927;aaaaaa;
aa;0.298,0.863,0.763,0.928,0.942;aaaaaa;
aaaaaaaaa;0.436,0.376,0.716,0.585,0.608;aaaaa;
aaaaaaaa;0.42,0.591,0.743,0.502,0.938;aaaa;
aaaaa;0.865,0.601,0.125,0.305,0.34;aaaa;
aaaaaaaaaa;0.886,0.658,0.178,0.21,0.699;aaaaaaaaa;
aaa;0.83,0.832,0.669,0.943,0.128;aaaaaaaa;
aa;0.988,0.506,0.463,0.985,0.859;aaaaa;
aaaaa;0.618,0.639,0.909,0.271,0.378;a;
a;0.396,0.725,0.364,0.483,0.12;aaa;
aaaaaaa;0.247,0.69,0.667,0.887,0.312;a;
aaaaaaaa;0.75,0.341,0.434,0.178,0.197;aa;
aaaaa;0.767,0.73,0.404,0.0899,0.455;aa;
a;0.731,0.196,0.196,0.0357,0.0606;aaaaa;
a;0.451,0.501,0.698,0.989,0.211;aaaaa;
aaaaaaa;0.94,0.798,0.83,0.9,0.0669;aa;
aaaaaaaaaa;0.192,0.866,0.376,0.0987,0.641;aaaaaaaaa;
a;0.665,0.912,0.833,0.74,0.183;aaa;
aaaa;0.207,0.731,0.214,0.866,0.406;aaaaaa;
aaaaaaaaa;0.529,0.0463,0.298,0.373,0.755;aaaaaaaaa;
a;0.765,0.232,0.714,0.522,0.0441;aaaaaaa;
aaaaa;0.0514,0.148,0.555,0.5,0.855;aaaa;
aaaa;0.286,0.572,0.695,0.429,0.566;aaaaaaa;
a;0.764,0.958,0.624,0.702,0.485;aaaaa;
aaaaaaa;0.353,0.557,0.205,0.87,0.168;aaaaaaaaa;
aa;0.17,0.29,0.255,0.292,0.397;aaaaaa;
aaaa;0.996,0.778,0.765,0.814,0.958;aa;
aaaaaaaa;0.633,0.529,0.672,0.821,0.606;aaaaaaa;
a;0.972,0.241,0.734,0.78,0.918;aaaaaaa;
aaaaaa;0.961,0.11,0.254,0.041,0.554;a;
aaa;0.828,0.61,0.302,0.534,0.166;aaaaaaaa;
aaaaaaa;0.73,0.876,0.255,0.19,0.666;aaaaaaaaaa;
a;0.253,0.462,0.0408,0.614,0.112;aaaaaaaaaa;
aaaaaaa;0.84,0.223,0.0995,0.853,0.184;aaaaaaaa;
aaaaaa;0.687,0.694,0.777,0.228,0.691;aaaa;
aaaaaaaa;0.113,0.237,0.0719,0.0739,0.112;aaaaaaaaaa;
aaaaaaaa;0.884,0.478,0.722,0.18,0.766;aaaaaa;
aaaaaaaa;0.101,0.245,0.662,0.752,0.611;aaaaa;
aaaaaaaa;0.505,0.202,0.927,0.00362,0.253;aaaaa;
aaaaaa;0.0217,0.00239,0.733,0.126,0.25;aaaaa;
aaa;0.36,0.228,0.452,0.0355,0.549;a;
aaaaa;0.905,0.864,0.839,0.211,0.444;aaaaa;
aaaa;0.238,0.695,0.8,0.0112,0.425;aaaaaaa;
aaaaaaaaaa;0.0404,0.00235,0.316,0.903,0.465;aaaaaaaaa;
aaaaaaaaaa;0.77,0.935,0.145,0.598,0.699;aaaaa;
aaaa;0.64,0.931,0.551,0.388,0.68;aaaaaaaa;
a;0.406,0.832,0.642,0.0809,0.44;aaaaaaaaa;
aa;0.212,0.684,0.152,0.248,0.32;aaaaaaaaa;
aa;0.862,0.121,0.166,0.399,0.311;aaaaaaa;
a;0.181,0.528,0.65,0.575,0.131;aaaaa;
aaaaaaa;0.931,0.548,0.644,0.666,0.364;aa;
aaaa;0.522,0.773,0.894,0.617,0.102;aaaaaaaaa;
aaaaaaaaa;0.275,0.555,0.671,0.401,0.0666;aaaa;
aaaaaaa;0.51,0.823,0.371,0.0745,0.335;aaaaaaaa;
aaaaa;0.409,0.193,0.293,0.0486,0.892;aaaa;
aaaaa;0.106,0.899,0.799,0.118,0.271;aaaa;
aa;0.778,0.259,0.649,0.48,0.557;aa;
aaaaaaaaa;0.762,0.443,0.88,0.949,0.582;aa;
aaa;0.633,0.732,0.583,0.306,0.482;aaaaaaaa;
aaaaaaaaa;0.822,0.881,0.934,0.656,0.289;aaa;
aaaaaaaaa;0.593,0.46,0.195,0.852,0.798;aaaaaaaa;
aaaaaaaa;0.502,0.334,0.87,0.774,0.898;aaaaaaaaa;
aaaaaaaaa;0.781,0.871,0.882,0.755,0.538;aaaaaa;
aaaaaaaaaa;0.338,0.272,0.345,0.845,0.716;aaaaaaa;
aaaaa;0.362,0.753,0.473,0.506,0.617;aa;
aa;0.474,0.635,0.323,0.256,0.271;aaaaaaaa;
aaaaa;0.56,0.711,0.861,0.807,0.354;aaaaaaa;
aaaaaaaaaa;0.528,0.31,0.406,0.313,0.463;aaaa;
aaaaaa;0.639,0.087,0.281,0.847,0.22;aaa;
aaaaaaa;0.973,0.22,0.058,0.423,0.00464;aaaa;
aaaaaaa;0.725,0.377,0.955,0.0968,0.674;aaaaaaa;
a;0.311,0.343,0.231,0.544,0.432;aaaa;
aa;0.562,0.782,0.929,0.0682,0.316;aaaaaaaaaa;
aaaa;0.24,0.41,0.763,0.545,0.555;aaa;
aaaaaaaaa;0.446,0.724,0.179,0.728,0.319;aaaaaaaaa;
aaaaaa;0.0283,0.0337,0.236,0.798,0.817;aaaaaa;
aa;0.56,0.0655,0.625,0.959,0.782;aaa;
a;0.422,0.0846,0.413,0.48,0.511;aa;
aaaaaaa;0.745,0.919,0.787,0.168,0.168;aaaaaa;
aaaaaaaaa;0.659,0.801,0.641,0.307,0.048;aaaaaaa;
aaaaa;0.705,0.996,0.417,0.793,0.486;aa;
a;0.251,0.879,0.231,0.0728,0.843;aaaaa;
aaaaa;0.917,0.397,0.964,0.52,0.12;aaaaaa;
aa;0.672,0.444,0.417,0.392,0.313;a;
aaa;0.71,0.49,0.607,0.695,0.341;aaaaaa;
aaa;0.601,0.391,0.967,0.273,0.705;aaaaa;
aaa;0.53,0.338,0.672,0.813,0.411;aaaaa;
aaaaaaaa;0.372,0.894,0.555,0.926,0.635;aaaaaaaaa;
aaaaaaaaaa;0.842,0.562,0.829,0.763,0.327;aa;
aaa;0.182,0.188,0.549,0.405,0.0316;aaaa;
aaaaaaa;0.44,0.8,0.611,0.0821,0.904;aaaaaaa;
a;0.023,0.224,0.391,0.592,0.878;aaa;
aaaaaaaaaa;0.799,0.36,0.425,0.713,0.717;aaaaaaa;
aaaaaaaaa;0.543,0.491,0.274,0.756,0.931;aaaaaaaaa;
aaaaaa;0.636,0.871,0.0921,0.0665,0.226;aaa;
aaaaaaaa;0.465,0.298,0.491,0.213,0.0548;aaa;
aaaaaaaaaa;0.135,0.891,0.358,0.354,0.107;aaa;
aaaaa;0.286,0.633,0.206,0.113,0.409;aaaaaaaaa;
a;0.11,0.48,0.774,0.431,0.362;a;
aaaaaaaaa;0.419,0.171,0.393,0.00293,0.844;aaaaaa;
aaaaaaaa;0.693,0.511,0.665,0.217,0.52;aaaaaaa;
aaaaaaaaa;0.811,0.691,0.251,0.124,0.738;aaa;
a;0.44,0.143,0.0628,0.542,0.099;aaaaaaaa;
aaaaaaa;0.959,0.799,0.597,0.651,0.266;aaaaaaaaa;
a;0.817,0.78,0.0889,0.27,0.944;aaaa;
a;0.483,0.257,0.688,0.0174,0.00732;aaaaaaaaaa;
aaaaaaaa;0.941,0.113,0.173,0.895,0.591;aaaaa;
a;0.863,0.594,0.389,0.671,0.586;aaaaaa;
aaaaaaa;0.00908,0.381,0.371,0.524,0.171;aaaaa;
aaaaaaa;0.525,0.0362,0.191,0.445,0.868;aa;
aaaa;0.348,0.961,0.943,0.755,0.00175;aaaaaaa;
aaaaaaa;0.595,0.578,0.636,0.26,0.329;aaaaaaaa;
aaa;0.459,0.621,0.629,0.677,0.703;aaa;
aaaa;0.799,0.584,0.608,0.538,0.31;aaaaaa;
a;0.534,0.817,0.318,0.326,0.867;aa;
aa;0.556,0.0943,0.956,0.806,0.0428;aa;
aaaaaaaa;0.335,0.219,0.467,0.464,0.292;a;
aaaaaaaaa;0.398,0.00554,0.959,0.572,0.982;aaaaaaaaaa;
aaa;0.518,0.427,0.12,0.32,0.705;aaaaa;
aa;0.657,0.0814,0.446,0.439,0.866;aaaaaaaa;
aaaaaa;0.23,0.411,0.677,0.996,0.291;aaaaaaa;
aaaaaaa;0.941,0.692,0.955,0.199,0.771;aaaa;
aa;0.169,0.262,0.68,0.745,0.193;aaaaaaaaaa;
aaaaaa;0.475,0.594,0.0572,0.479,0.926;aaaaaaaa;
aa;0.951,0.499,0.834,0.968,0.995;aaaaaaa;
aaaa;0.613,0.889,0.43,0.00712,0.53;aaaaa;
aaaaaaaa;0.595,0.853,0.537,0.17,0.313;a;
aaaaa;0.619,0.262,0.203,0.497,0.939;aaaa;
aaaaa;0.984,0.48,0.476,0.483,0.0331;a;
aaaaaaa;0.622,0.832,0.922,0.975,0.529;aaaaaaaaa;
aaaaa;0.0873,0.543,0.226,0.122,0.381;aaaaaaaaa;
aaaaaaaaaa;0.35,0.0581,0.404,0.678,0.294;aaaa;
aaaa;0.763,0.57,0.797,0.742,0.652;aa;
aaaaa;0.261,0.581,0.979,0.204,0.402;aaaaaaaaaa;
aaaaaaaa;0.34,0.738,0.61,0.802,0.525;aaaaaaaaaa;
aaaaaaaaaa;0.0105,0.798,0.737,0.29,0.927;aaaaaaaaa;
aaaa;0.0967,0.655,0.571,0.0603,0.806;aaaaaaaaa;
aaaaaaaa;0.536,0.249,0.669,0.731,0.266;aaaaaa;
aaaaaaaaa;0.278,0.632,0.463,0.502,0.906;aaaaaa;
a;0.689,0.775,0.691,0.191,0.926;aaaaaaaaaa;
aaaa;0.6,0.372,0.677,0.341,0.274;aaaaaaa;
aaaaaaa;0.879,0.94,0.00706,0.0878,0.518;aa;
aaaaaaaaa;0.717,0.462,0.63,0.128,0.941;aa;
aaaaaa;0.62,0.538,0.692,0.431,0.316;aaa;
aaaaaaaaaa;0.942,0.217,0.72,0.0502,0.821;aaaaaa;
aaaaa;0.262,0.798,0.523,0.8,0.672;aaaaaa;
aa;0.669,0.856,0.0201,0.403,0.929;aaaaaa;
aaaaaaaa;0.0043,0.81,0.377,0.848,0.664;aaaa;
a;0.822,0.279,0.48,0.167,0.00715;aaaaaaa;
aaaaaaaaa;0.455,0.598,0.393,0.0948,0.58;aaaaaaaaa;
aaaaaa;0.98,0.571,0.117,0.726,0.514;aaaaaaa;
aaaaaaaaa;0.0726,0.703,0.59,0.261,0.593;aaaaaaaa;
a;0.245,0.573,0.758,0.534,0.457;aaaaaaa;
a;0.963,0.705,0.198,0.99,0.156;aaaaaaaaaa;
aaaaaaaa;0.462,0.216,0.346,0.523,0.459;aa;
aaaaaa;0.42,0.253,0.679,0.781,0.197;aaa;
aaa;0.857,0.315,0.374,0.526,0.767;a;
a;0.811,0.924,0.927,0.519,0.861;aaaa;
aa;0.327,0.58,0.493,0.0992,0.176;aaa;
aaaaaaaaaa;0.249,0.719,0.00309,0.388,0.609;aa;
aaaaa;0.513,0.658,0.675,0.0649,0.816;aaaaaaaaa;
aaaaaa;0.0953,0.3,0.377,0.837,0.734;aaaaaaaa;
aaaaaaaaa;0.821,0.633,0.513,0.733,0.864;aaaaaaaaa;
a;0.26,0.629,0.046,0.419,0.661;aaaaaaaa;
aaaaaaa;0.286,0.541,0.375,0.335,0.181;aaaaa;
aaaaaaa;0.456,0.236,0.391,0.894,0.997;aaaaaaaa;
aaa;0.0869,0.877,0.924,0.0362,0.376;aa;
aaaaaaaa;0.299,0.852,0.398,0.0522,0.735;aaaaaaa;
aaaaaaaaaa;0.466,0.601,0.827,0.142,0.463;aaaa;
aa;0.0754,0.713,0.135,0.9,0.108;aaaaaa;
aaaa;0.0207,0.978,0.49,0.295,0.799;aaaaaaaaa;
aa;0.153,0.292,0.873,0.0595,0.532;aaaa;
aaaaaaaaaa;0.378,0.87,0.0204,0.445,0.45;aaaaaa;
aaaaaa;0.233,0.806,0.126,0.244,0.708;aaaaaaaaa;
aaaaaaaaaa;0.405,0.377,0.829,0.182,0.0316;a;
aaaaaaaa;0.0811,0.992,0.919,0.715,0.723;aaaaaaa;
aaaaaaaa;0.158,0.542,0.899,0.683,0.133;aaaaaaaaa;
aa;0.951,0.623,0.253,0.689,0.274;aaaaaaaaa;
aaaaaa;0.535,0.813,0.909,0.107,0.862;aaa;
aaaaaaaaa;0.0305,0.322,0.99,0.358,0.0463;aaaa;
aaa;0.123,0.526,0.924,0.595,0.581;a;
aaaaaaaa;0.706,0.686,0.965,0.23,0.728;aaaaaaa;
aaaa;0.0827,0.627,0.317,0.263,0.645;aaaaaa;
aaaaaaa;0.795,0.622,0.308,0.745,0.848;aaaaaa;
aaaaaa;0.104,0.62,0.989,0.332,0.424;aaaaaaaa;
aaaaaaaaa;0.616,0.6,0.651,0.464,0.674;aaaaaaaaaa;
aaaaaa;0.124,0.325,0.828,0.554,0.716;aaaaaaa;
aaa;0.224,0.321,0.605,0.682,0.22;aaaaaaaaa;
a;0.505,0.333,0.0702,0.259,0.338;aaaaaaaaaa;
aaaaa;0.136,0.389,0.503,0.85,0.981;aaaaaaa;
aaaaaaa;0.624,0.925,0.273,0.165,0.384;aaaaaaaa;
aaa;0.104,0.873,0.435,0.37,0.859;aaa;
a;0.913,0.405,0.272,0.701,0.136;aaaaaaaa;
aaaa;0.724,0.444,0.791,0.0278,0.309;aaaaaa;
aaaaaaaa;0.555,0.648,0.146,0.429,0.894;aaaaaaa;
aaaaaaaaa;0.095,0.405,0.436,0.00186,0.158;aaaaaaa;
a;0.546,0.0688,0.0476,0.278,0.0469;aaaaaaaa;
aaaaaaaaaa;0.459,0.451,0.0881,0.0705,0.238;aa;
aa;0.114,0.552,0.62,0.061,0.513;aaaaaaa;
aaaa;0.733,0.129,0.68,0.269,0.119;aaaaaa;
aaaaaaaa;0.75,0.679,0.4,0.295,0.221;aaaaaaaaaa;
a;0.307,0.228,0.291,0.61,0.569;aaaa;
aaa;0.567,0.621,0.0254,0.391,0.219;aaaaaaaaa;
aa;0.756,0.973,0.905,0.629,0.652;aaa;
aaaa;0.358,0.823,0.775,0.833,0.575;aaaaaa;
a;0.432,0.0565,0.541,0.485,0.409;aaaaaaaaa;
aaaaaaa;0.469,0.465,0.778,0.801,0.676;aaaaaaaaa;
a;0.34,0.412,0.778,0.636,0.309;aaaaaaa;
aaaaaaaa;0.814,0.945,0.447,0.504,0.0285;aaaaaaa;
aaaaaaaa;0.342,0.79,0.944,0.255,0.994;aaaaaa;
a;0.713,0.484,0.842,0.572,0.332;aaaaaaa;
aaaaaa;0.859,0.799,0.727,0.33,0.941;aaaaaaa;
aaaaaaaaa;0.481,0.491,0.365,0.929,0.638;aaaaaaaa;
aaa;0.771,0.881,0.436,0.738,0.668;aaaaaaaaa;
aaaaaa;0.465,0.204,0.249,0.147,0.718;aaaaaaaaa;
aa;0.227,0.921,0.157,0.0788,0.909;aaaaaaaaaa;
aa;0.377,0.93,0.249,0.18,0.448;aa;
aaaa;0.278,0.879,0.73,0.503,0.47;aaaaaaaaaa;
a;0.605,0.612,0.613,0.347,0.167;a;
aa;0.0165,0.513,0.209,0.306,0.801;aaaaaaaaaa;
aaaaaa;0.32,0.8,0.342,0.387,0.349;a;
aa;0.863,0.363,0.282,0.504,0.166;aaaaa;
a;0.971,0.942,0.171,0.595,0.687;aaaaaaaaa;
aaaaaaaaaa;0.0644,0.00694,0.725,0.977,0.846;aaaaa;
aaaaaaaaaa;0.166,0.0561,0.778,0.459,0.549;aaaaaaaaa;
aaaaaa;0.61,0.644,0.812,0.412,0.0302;aaaa;
aaaaaa;0.834,0.437,0.92,0.786,0.854;aa;
aa;0.923,0.0467,0.337,0.327,0.876;aaaaaaaa;
aaaaaaaaaa;0.418,0.605,0.0339,0.825,0.0454;aaaa;
aaa;0.0306,0.902,0.628,0.65,0.132;aa;
aaaaaaaaaa;0.115,0.883,0.361,0.93,0.437;aaaaaaa;
aaaaa;0.887,0.495,0.549,0.965,0.962;aaaaaaaa;
aaaaaa;0.0307,0.594,0.826,0.342,0.173;aaaaaaaaa;
aa;0.291,0.579,0.891,0.0254,0.641;aaaaaaaa;
aaaaaa;0.215,0.801,0.793,0.758,0.211;a;
aaaaaa;0.663,0.201,0.00224,0.176,0.243;aa;
aa;0.642,0.152,0.551,0.486,0.909;aaaaaaaaa;
aaaaa;0.0237,0.123,0.457,0.573,0.864;aa;
aaaaa;0.409,0.507,0.528,0.577,0.61;aaaaaaaa;
aaaaaaaaaa;0.0188,0.00152,0.477,0.377,0.284;aaaa;
aaaa;0.872,0.0593,0.526,0.25,0.476;aaaaaaaa;
aaaaaaa;0.906,0.978,0.868,0.924,0.21;aaaaa;
aaaaaaaaaa;0.062,0.766,0.664,0.442,1;aa;
aaaaaaa;0.966,0.436,0.524,0.0676,0.938;aaaaaa;
aaaaaaaaa;0.711,0.0848,0.291,0.947,0.724;aaaaaaaaa;
aaaaaaaaa;0.00188,0.555,0.114,0.869,0.363;aaaaaaaaa;
aaaaaaaaa;0.355,0.278,0.513,0.32,0.587;aa;
aaaa;0.769,0.152,0.978,0.552,0.95;aaaaaaaaaa;
aaa;0.115,0.595,0.936,0.739,0.365;a;
aaaaaaa;0.934,0.764,0.788,0.984,0.191;aaa;
aaaaa;0.172,0.222,0.548,0.567,0.227;aa;
aaaaa;0.43,0.734,0.794,0.672,0.021;aaaaaaaa;
a;0.327,0.992,0.267,0.559,0.991;aaaa;
aaaa;0.835,0.647,0.603,0.238,0.583;aaaaaa;
aaaaaa;0.158,0.176,0.958,0.47,0.249;a;
aaaaaaaa;0.28,0.506,0.929,0.331,0.976;aaaaaaaaaa;
aaaaaa;0.708,0.668,0.979,0.653,0.282;aaaaa;
aaaaaaaaaa;0.388,0.415,0.872,0.88,0.346;aaaaa;
a;0.19,0.635,0.193,0.966,0.92;aaaaaa;
aa;0.88,0.937,0.874,0.4,0.849;aaaaaaaa;
aaaaaaaa;0.736,0.497,0.45,0.909,0.252;aa;
aaaaaaaaa;0.228,0.358,0.909,0.307,0.616;aaaaaaa;
aaaa;0.502,0.596,0.939,0.291,0.997;a;
aaaaa;0.569,0.295,0.465,0.934,0.888;aaaaaaaaaa;
aaaaaaaaa;0.964,0.039,0.388,0.403,0.392;aaaaaaaa;
aaaaaaaaaa;0.855,0.583,0.95,0.744,0.683;aaaaaaa;
aaaa;0.0752,0.576,0.804,0.744,0.676;aaaa;
aaa;0.065,0.652,0.882,0.266,0.812;aaaaaaaaaa;
a;0.915,0.922,0.22,0.496,0.833;aaaaa;
aaa;0.288,0.0276,0.288,0.682,0.572;aaaaaa;
aaaaaaaaa;0.586,0.692,0.416,0.457,0.381;a;
aaaaaaaaaa;0.256,0.0573,0.254,0.0759,0.0863;aaaaaaaaa;
aaaaaaaa;0.307,0.402,0.847,0.854,0.693;aaaaa;
aaaa;0.892,0.43,0.382,0.344,0.942;aaaaaaa;
aaaaaaaa;0.331,0.236,0.286,0.108,0.0757;a;
aaaaaa;0.281,0.127,0.211,0.696,0.793;aaaaaaaaaa;
a;0.615,0.728,0.296,0.0132,0.656;a;
aaaaaaaa;0.781,0.411,0.871,0.894,0.44;a;
aaaaaaa;0.0949,0.089,0.636,0.614,0.317;aaaa;
aaaaa;0.882,0.64,0.603,0.496,0.959;aaa;
aaaaaaa;0.0806,0.284,0.0468,0.797,0.435;aaaaaaaaaa;
a;0.425,0.317,0.071,0.676,0.294;aaa;
a;0.88,0.838,0.435,0.317,0.913;aa;
aa;0.674,0.354,0.533,0.689,0.418;aaaa;
a;0.243,0.463,0.602,0.176,0.37;aa;
a;0.954,0.317,0.566,0.375,0.464;aaaaaa;
aaaaaaaa;0.292,0.483,0.595,0.123,0.0935;aaaaaa;
aaaaaaaaaa;0.725,0.249,0.822,0.0645,0.803;aaa;
aaa;0.826,0.421,0.794,0.449,0.341;aaaaaa;
a;0.0503,0.437,0.0782,0.187,0.00706;aa;
a;0.544,0.036,0.263,0.501,0.0114;aa;
aaaaaaaa;0.265,0.858,0.0222,0.0088,0.786;aaaaaaa;
aaaaaaaaa;0.544,0.0592,0.668,0.412,0.3;aaaaaaa;
aaaaaaa;0.219,0.114,0.47,0.828,0.112;a;
aaaaa;0.322,0.134,0.359,0.0895,0.672;aaaaaaaa;
a;0.163,0.462,0.949,0.00754,0.124;a;
aaaaaaaa;0.719,0.43,0.621,0.2,0.366;aaaaaaaaa;
aaa;0.432,0.428,0.196,0.109,0.384;aaa;
aaaaaaa;0.428,0.1,0.496,0.116,0.329;aa;
aaaaaaa;0.673,0.303,0.272,1,0.655;aaaaaaaa;
aaaaaaaa;0.117,0.607,0.735,0.353,0.675;aaaaaaaaa;
aaaaaaaaaa;0.963,0.945,0.252,0.572,0.0755;aa;
aaaaaaa;0.183,0.284,0.976,0.13,0.501;aaaaaaa;
aaaaaaa;0.0186,0.974,0.388,0.719,0.781;a;
aaaa;0.85,0.39,0.891,0.0519,0.994;a;
aa;0.551,0.598,0.855,0.535,0.92;aaaaaaaaa;
aaaaaaa;0.635,0.593,0.139,0.729,0.508;aaaaaaa;
a;0.397,0.703,0.0458,0.962,0.89;a;
aaaaaa;0.0529,0.383,0.248,0.699,0.837;aaaaaaaa;
aaaaaaaaa;0.653,0.582,0.045,0.72,0.0161;aaaaa;
aaaa;0.691,0.513,0.00852,0.939,0.331;aaaaaaaaaa;
aaaaaa;0.252,0.0655,0.615,0.244,0.866;aaaaaaaa;
aaaaaaaaaa;0.168,0.168,0.509,0.0979,0.354;aaaaaaa;
aa;0.714,0.918,0.664,0.904,0.326;a;
aaaaa;0.405,0.954,0.0953,0.00608,0.419;aaaa;
aaa;0.346,0.889,0.876,0.245,0.0545;aaaaaaaa;
aaaaaaaaa;0.796,0.457,0.304,0.985,0.0253;aaaaaa;
aaaa;0.559,0.949,0.0052,0.454,0.193;aaa;
aaa;0.792,0.775,0.485,0.841,0.0265;aaa;
aaaaaaaa;0.877,0.172,0.323,0.717,0.456;a;
aaaaaaaaaa;0.809,0.284,0.295,0.232,0.228;aaaaa;
aaaa;0.281,0.0501,0.125,0.525,0.375;aaa;
aa;0.0896,0.736,0.639,0.0924,0.426;aaaaaa;
aaa;0.00668,0.665,0.137,0.0131,0.342;aaaa;
aaaaaaaa;0.746,0.471,0.305,0.744,0.855;a;
aaaa;0.413,0.858,0.485,0.903,0.605;aaa;
aaaaaaaaa;0.464,0.87,0.409,0.138,0.117;aaaaaaa;
aaaaaa;0.831,0.583,0.0978,0.477,0.687;aaaaaaa;
aaaaaaaaaa;0.0292,0.428,0.62,0.934,0.289;aaaaaa;
aaaaa;0.169,0.0478,0.506,0.989,0.831;aaaaa;
aaaa;0.487,0.628,0.9,0.0675,0.717;aaaaaaaaaa;
aaaaaaaaa;0.592,0.98,0.276,0.822,0.924;aaaaaaaa;
aaaaaaa;0.255,0.826,0.902,0.184,0.183;aaaaaaa;
aaa;0.33,0.525,0.556,0.703,0.966;aaaaaaaa;
aaaa;0.891,0.674,0.664,0.448,0.335;aaa;
aaa;0.385,0.622,0.0905,0.123,0.697;aaaaaa;
aaaa;0.863,0.736,0.803,0.309,0.849;aaaaa;
aaaaaa;0.543,0.79,0.713,0.011,0.451;a;
aaaaaaaa;0.0967,0.359,0.167,0.957,0.295;aa;
aaaaaaa;0.378,0.0847,0.318,0.364,0.896;aaaaaaaa;
aaaaaaaa;0.162,0.734,0.511,0.561,0.453;aaaaaaa;
aaaaaaaaaa;0.142,0.336,0.414,0.615,0.578;aaaa;
aaaaaaaaa;0.769,0.6,0.62,0.634,0.0145;aaaaaaaaaa;
aaa;0.336,0.548,0.573,0.0827,0.949;aaaaaaaaaa;
aaaaaa;0.924,0.368,0.922,0.662,0.233;aaaa;
a;0.912,0.252,0.411,0.32,0.56;aa;
aaaaaa;0.153,0.404,0.0954,0.318,0.0166;aaaaaa;
aaaaaaaa;0.0471,0.65,0.763,0.11,0.179;aaa;
aaaaaaaaa;0.225,0.707,0.28,0.106,0.112;aaaaaaaa;
a;0.936,0.492,0.663,0.747,0.499;aaaa;
aaaa;0.88,0.877,0.0744,0.199,0.358;aaaaa;
aaa;0.0299,0.596,0.166,0.0827,0.699;aa;
a;0.505,0.935,0.53,0.397,0.491;aaaaaaaa;
aaaaaaaaa;0.268,0.288,0.0491,0.76,0.042;aaaaaaa;
aaaaaaaaaa;0.964,0.627,0.465,0.68,0.199;aaaaaaaaa;
aaaaaaa;0.844,0.0869,0.409,0.163,0.86;aaaa;
aaaaaaa;0.272,0.81,0.848,0.265,0.479;aaaa;
aaaaa;0.203,0.151,0.406,0.0433,0.139;aaaa;
a;0.251,0.779,0.0302,0.163,0.272;aaaaaa;
aaaaaaaa;0.00196,0.433,0.84,0.213,0.107;aa;
aaa;0.822,0.414,0.261,0.0943,0.39;aaaaaaaa;
aa;0.424,0.497,0.872,0.137,0.724;aaaaaaa;
aaaaaaaaa;0.494,0.708,0.481,0.955,0.632;aaa;
aa;0.475,0.0241,0.448,0.84,0.233;aa;
aaaaaa;0.972,0.915,0.12,0.209,0.328;aaa;
aaaa;0.331,0.0741,0.365,0.0651,0.257;aaaaaaaaaa;
aaaa;0.32,0.531,0.763,0.539,0.0698;aaaaa;
a;0.577,0.253,0.114,0.676,0.417;aaaaa;
a;0.421,0.142,0.872,0.303,0.077;aaaaaaaa;
aaaaaaaaa;0.0989,0.0398,0.447,0.995,0.29;aaa;
aa;0.0862,0.827,0.787,0.25,0.0269;aaaaaaaaa;
aaaaaaaaaa;0.868,0.971,0.351,0.83,0.98;aaaaaa;
aaaaaaa;0.764,0.76,0.894,0.366,0.926;aaaa;
aaa;0.00532,0.558,0.71,0.573,0.01;aaa;
aaaaaaaa;0.946,0.0301,0.82,0.644,0.906;aaaaaaaaaa;
aaaaaa;0.728,0.191,0.767,0.661,0.832;aaaaaa;
aaaaaaaaa;0.755,0.759,0.846,0.822,0.777;aaaaaaa;
aaaaaa;0.901,0.904,0.994,0.213,0.845;aaaaaaaaa;
aaaaaaaa;0.221,0.396,0.465,0.954,0.964;aaaaaaaaaa;
aaaaaaaa;0.745,0.13,0.0914,0.889,0.916;aaa;
aaaaaaaaaa;0.611,0.0182,0.319,0.0412,0.188;aaaaaaaaaa;
aaaa;0.834,0.0208,0.201,0.832,0.431;aaaaaaaaaa;
aaaa;0.606,0.123,0.178,0.589,0.976;aaaa;
aaaaa;0.506,0.0471,0.971,0.0407,0.145;aaaaaaa;
aaa;0.398,0.00576,0.831,0.805,0.228;aaa;
aaa;0.535,0.85,0.794,0.514,0.193;aa;
aaa;0.175,0.53,0.756,0.783,0.895;aaaa;
aaa;0.66,0.112,0.992,0.758,0.665;aaaaaa;
aaaaa;0.219,0.0768,0.417,0.957,0.751;aaaaaaaaa;
aaaaaaaa;0.547,0.78,0.918,0.84,0.0364;a;
aaaaaaa;0.937,0.682,0.388,0.65,0.38;aaaaaaaaaa;
aaaaaaa;0.342,0.292,0.656,0.0238,0.427;aaaaaa;
aa;0.231,0.0584,0.876,0.382,0.306;a;
aaaaa;0.752,0.215,0.971,0.981,0.274;aaaa;
aaaaaaaa;0.962,0.356,0.634,0.349,0.462;aaa;
aaa;0.406,0.537,0.698,0.433,0.56;aaaaaaaaa;
aaa;0.288,0.431,0.225,0.655,0.785;aaaaaaaa;
a;0.336,0.293,0.779,0.949,0.943;aaaaaa;
aaa;0.653,0.285,0.789,0.532,0.731;aaaaaa;
aa;0.235,0.498,0.323,0.191,0.249;aaaa;
aaaaaaaaa;0.0306,0.915,0.58,0.337,0.329;aaaaa;
aa;0.785,0.761,0.308,0.25,0.846;aaaaaaaaa;
a;0.0994,0.475,0.951,0.979,0.935;aaaaaa;
aaaaaaaaaa;0.0894,0.207,0.432,0.875,0.135;aa;
aaaaaa;0.0995,0.335,0.37,0.278,0.179;aaaaaaaa;
a;0.848,0.751,0.595,0.417,0.65;aaa;
aaaaaaaa;0.582,0.476,0.0812,0.284,0.747;aaaaaaaa;
aaaaa;0.619,0.621,0.98,0.13,0.36;aaaaaaaaaa;
aaaaaa;0.388,0.466,0.107,0.0634,0.201;aaaaaaa;
aaaaaaaa;0.134,0.434,0.971,0.487,0.67;aaaa;
aaaaaaaa;0.236,0.685,0.934,0.214,0.196;aa;
aaaa;0.344,0.43,0.00919,0.845,0.347;aaaaaaa;
aa;0.528,0.966,0.476,0.357,0.549;aaa;
aaa;0.449,0.537,0.0972,0.726,0.909;aaaaaaaa;
aaaa;0.25,0.0741,0.495,0.344,0.66;aaaaaaaaaa;
aaaaaaa;0.174,0.803,0.397,0.37,0.115;a;
aaaaaaaa;0.48,0.503,0.848,0.375,0.107;aaaaaaaaaa;
aa;0.47,0.88,0.814,0.538,0.00531;aaaaaaaaaa;
aaaaaaaaaa;0.897,0.317,0.499,0.0754,0.961;aaaaaaaaa;
aaaaa;0.72,0.527,0.679,0.731,0.171;aaaaaaaaa;
aaaaaaa;0.134,0.367,0.698,0.273,0.519;aaaaaaaa;
aaaaaaaaa;0.501,0.711,0.102,0.196,0.674;aaaaaaaa;
aaaaaaaaa;0.807,0.157,0.722,0.448,0.31;aa;
aaaa;0.744,0.813,0.116,0.704,0.191;aaaaaaaaaa;
aaaaaaaaaa;0.764,0.302,0.638,0.635,0.43;aaaaaaaa;
aaaaaaaa;0.881,0.202,0.74,0.591,0.858;aa;
aaa;0.761,0.86,0.409,0.506,0.95;aaaaaa;
aaaaaaa;0.8,0.468,0.29,0.059,0.615;aaaaaaa;
aaaaaaaa;0.623,0.063,0.322,0.682,0.981;aaa;
aaaa;0.411,0.983,0.206,0.536,0.0616;aaaaaaa;
aaaa;0.74,0.784,0.0346,0.396,0.0842;aaaaaa;
aaaaaa;0.674,0.38,0.608,0.88,0.951;aaaaaaaaaa;
aaaa;0.108,0.92,0.733,0.705,0.948;aaaaaaaaaa;
a;0.112,0.982,0.414,0.211,0.376;aa;
aaaa;0.629,0.633,0.0875,0.963,0.156;aaaaaaaaa;
aaaaaaaaaa;0.362,0.487,0.0641,0.21,0.987;aaaa;
aaaaa;0.379,0.128,0.701,0.835,0.093;aaaaaaaaa;
aaaaa;0.614,0.71,0.0952,0.695,0.417;aaaa;
a;0.715,0.127,0.4,0.0577,0.158;aaaaa;
aaaaaaaaaa;0.831,0.329,0.712,0.845,0.448;aaa;
aa;0.493,0.102,0.246,0.964,0.486;aa;
aaaaaaaaa;0.77,0.208,0.631,0.608,0.852;aaa;
aaaaaa;0.817,0.382,0.00079,0.268,0.201;aaa;
aa;0.4,0.914,0.167,0.117,0.347;aaaaaaa;
aaaaa;0.0966,0.576,0.495,0.62,0.126;aaaaaa;
aaaa;0.393,0.865,0.706,0.293,0.265;aaaaaaaaaa;
aaa;0.873,0.0232,0.49,0.568,0.741;aa;
aaaaaaaaa;0.988,0.523,0.814,0.741,0.82;aaaaaaaaa;
aaaaaaaa;0.407,0.00103,0.0914,0.431,0.467;aa;
aaaaaaaa;0.111,0.473,0.939,0.204,0.358;aaaaa;
aaaaaaaa;0.104,0.239,0.388,0.139,0.915;aaaaaa;
aaa;0.271,0.995,0.623,0.283,0.4;aaaaaaaa;
aaaaa;0.338,0.419,0.382,0.955,0.944;aaaaa;
aaaaaaaa;0.162,0.607,0.0129,0.192,0.0497;aaaaaa;
aaaa;0.512,0.325,0.483,0.915,0.0543;aaaaaaaaa;
a;0.432,0.317,0.713,0.684,0.249;aaaa;
aa;0.526,0.566,0.739,0.0486,0.516;aa;
aaa;0.293,0.79,0.434,0.266,0.755;aaaaaaaa;
a;0.938,0.566,0.193,0.304,0.301;aaaaa;
aaaaaa;0.698,0.698,0.354,0.358,0.75;aaaaa;
aaaaaaa;0.584,0.173,0.575,0.635,0.936;a;
aaaaaaaa;0.971,0.275,0.655,0.602,0.123;aaa;
aa;0.566,0.285,0.377,0.317,0.388;aaa;
aaaaaaaa;0.861,0.547,0.0737,0.783,0.539;aaaa;
aaaaaaa;0.716,0.128,0.667,0.64,0.595;aaaaaaaa;
aaaaaaaaaa;0.855,0.755,0.237,0.412,0.202;aaaaa;
aaa;0.0817,0.167,0.184,0.451,0.951;aaaaaaaa;
aaa;0.27,0.0427,0.398,0.934,0.86;aaaaaaaaa;
aa;0.325,0.536,0.678,0.883,0.308;aaa;
aaa;0.339,0.281,0.19,0.972,0.911;aaaa;
aaaaaaa;0.615,0.559,0.244,0.405,0.659;aaa;
aaaaaaa;0.457,0.972,0.0508,0.373,0.707;aaaaaaa;
aaaaaaaaa;0.47,0.255,0.0447,0.784,0.611;aaaaaaa;
aa;0.661,0.618,0.0826,0.234,0.912;aaaaaaaaaa;
aaa;0.218,0.439,0.688,0.564,0.0304;aaaaaaaa;
aaa;0.46,0.288,0.805,0.232,0.953;aaaaaaaa;
aaa;0.706,0.419,0.908,0.718,0.569;aaaaaaaaa;
aaaaaa;0.204,0.383,0.853,0.768,0.122;aaa;
aaaaaaaaaa;0.282,0.667,0.136,0.305,0.211;aaa;
aaaa;0.37,0.414,0.344,0.423,0.835;aaaa;
aaaaaaa;0.235,0.273,0.421,0.494,0.28;aaaaaaaaaa;
a;0.908,0.889,0.431,0.546,0.117;aaaaaa;
aaaaaa;0.853,0.717,0.0609,0.743,0.886;aaaaaaaaaa;
aaaaaaa;0.128,0.23,0.307,0.775,0.892;aaaa;
aaaaa;0.992,0.138,0.563,0.861,0.27;aaaa;
aaa;0.0785,0.608,0.542,0.729,0.787;aaaaa;
aaa;0.703,0.833,0.198,0.592,0.286;aaaaaaaa;
aaaaa;0.238,0.827,0.74,0.599,0.207;aaaaaaaaa;
aaaaaaaa;0.763,0.94,0.983,0.956,0.79;aaaa;
aaaaaaaa;0.902,0.884,0.609,0.138,0.394;aaaaaaa;
aaaaa;0.148,0.163,0.442,0.769,0.263;aaa;
aaaaa;0.114,0.774,0.0541,0.0818,0.249;aaaaaaa;
aaaaa;0.419,0.943,0.547,0.867,0.134;aaaaaaaaaa;
aaa;0.15,0.324,0.427,0.261,0.976;aaaa;
aaaaaaa;0.601,0.716,0.758,0.261,0.52;a;
aaaaaa;0.641,0.0328,0.195,0.276,0.00173;aa;
aaaaaa;0.144,0.0845,0.338,0.58,0.368;aa;
aaaaaaaa;0.956,0.129,0.866,0.428,0.413;aaaa;
aaaaa;0.131,0.774,0.362,0.45,0.809;aaaaa;
aaaaaaaaaa;0.0464,0.541,0.311,0.957,0.109;aaaaaaaaaa;
aaaaaaa;0.587,0.303,0.923,0.977,0.578;aaaaaaaaaa;
aaaaaaaaa;0.492,0.539,0.547,0.038,0.678;aa;
aaaaaa;0.578,0.349,0.177,0.6,0.832;aaaaaaaaaa;
aaaaaaaaaa;0.365,0.371,0.905,0.542,0.0872;aaaaa;
aaa;0.943,0.0363,0.477,0.714,0.106;aaaaaaaaaa;
aaaaaaaaa;0.103,0.115,0.534,0.917,0.0725;aaaaaaaaa;
aaaaaaaaa;0.958,0.165,0.756,0.575,0.52;aaaa;
aaaaaaaa;0.749,0.307,0.993,0.0843,0.548;aaaaa;
aaaaa;0.864,0.627,0.0171,0.603,0.311;aaaaaaaa;
aaaaaa;0.676,0.0218,0.848,0.896,0.249;aaaaaaa;
aaaaaaaa;0.503,0.294,0.799,0.102,0.795;aaaaaaaaa;
aaaa;0.74,0.644,0.616,0.941,0.111;aaa;
aaa;0.544,0.0321,0.526,0.163,0.245;aaaaa;
aaa;0.379,0.441,0.511,0.75,0.918;aaaaaa;
aaaaaaaaa;0.91,0.928,0.714,0.892,0.337;aaaaaaaa;
aa;0.597,0.216,0.532,0.0221,0.543;aaa;
aaaaaaaa;0.263,0.102,0.702,0.579,0.441;a;
aaaaaaaaaa;0.278,0.563,0.885,0.642,0.841;aaaaaaa;
aaa;0.0648,0.0903,0.548,0.726,0.467;aaaaaa;
a;0.74,0.645,0.86,0.627,0.797;aaaaaaaa;
aaaaaaaaa;0.916,0.898,0.707,0.161,0.794;aaaaaa;
aaaaaaa;0.75,0.0718,0.3,0.896,0.438;aaaaaa;
aaaaaaa;0.0309,0.77,0.876,0.729,0.786;aaaaaaaaa;
aaaaaaaaaa;0.758,0.824,0.505,0.676,0.46;aaaaaaaaaa;
aaaaaaaaa;0.928,0.16,0.261,0.647,0.141;aaa;
aaaaa;0.258,0.492,0.448,0.23,0.32;aaaaaa;
aaa;0.657,0.513,0.849,0.347,0.0585;aa;
aaaaaaaa;0.944,0.56,0.0837,0.256,0.654;aaaaa;
aaaaaaaa;0.633,0.772,0.332,0.00405,0.402;aaaaaaaaa;
aaa;0.455,0.179,0.67,0.0815,0.912;aaaaaaaaa;
aaaaaaaa;0.161,0.657,0.902,0.55,0.176;aaaaa;
a;0.98,0.545,0.727,0.774,0.675;aaaaaaaa;
aa;0.296,0.863,0.353,0.221,0.362;aaaa;
aaaaaaaaa;0.803,0.769,0.0708,0.893,0.0369;aaaa;
aa;0.133,0.634,0.194,0.932,0.117;aaaaaaaaaa;
aaaa;0.516,0.951,0.514,0.111,0.956;aaaaaa;
aaaaaaa;0.818,0.285,0.0627,0.83,0.903;aa;
aaaaaaaaaa;0.0804,0.615,0.53,0.0634,0.406;aaaaaaaaaa;
aaaa;0.969,0.968,0.169,0.21,0.84;a;
aaaaaaaaa;0.068,0.628,0.581,0.154,0.681;a;
aaaaaaa;0.347,0.421,0.804,0.454,0.758;aaaaaaaa;
a;0.592,0.27,0.318,0.554,0.302;aaaaaaa;
aaaaa;0.126,0.265,0.64,0.511,0.785;aaaaaaaa;
aaaaaaa;0.789,0.145,0.251,0.165,0.188;a;
aaa;0.86,0.604,0.12,0.446,0.818;aaaa;
aaaaaaaaaa;0.0334,0.753,0.489,0.419,0.229;aaaaaaaaa;
aaaaaaaaa;0.293,0.178,0.294,0.203,0.326;aaaaaaaaaa;
aaaaaaaa;0.768,0.687,0.8,0.206,0.887;aaaaaaaaa;
aaaaaaaa;0.608,0.433,0.638,0.419,0.242;aaaaaa;
aa;0.641,0.982,0.656,0.463,0.504;aaaa;
aaaaaa;0.253,0.32,0.341,0.869,0.3;aaa;
aaaaaaaa;0.934,0.706,0.685,0.274,0.328;aaaaa;
aaaaaaa;0.484,0.34,0.325,0.408,0.745;aaaaaaaaa;
aaaaaaa;0.499,0.174,0.458,0.566,0.769;aaa;
aaaaaaaa;0.479,0.174,0.344,0.976,0.494;aaaaaaaaa;
aaaaaaaa;0.337,0.606,0.821,0.0985,0.67;aaa;
aaa;0.812,0.528,0.985,0.115,0.875;aaa;
aaaaaaaa;0.0237,0.567,0.323,0.24,0.219;aaaaaa;
aaaaa;0.632,0.744,0.695,0.383,0.0693;aaaaaaaaa;
aaa;0.358,0.508,0.778,0.709,0.124;aaaaaa;
aa;0.0562,0.525,0.812,0.699,0.876;aa;
aaaaaa;0.627,0.546,0.43,0.582,0.313;aaaaaaaaa;
aaaaaaaa;0.0793,0.33,0.0843,0.299,0.0842;aaaa;
aaa;0.705,0.178,0.0742,0.311,0.691;aaaaaa;
aa;0.986,0.347,0.221,0.765,0.858;aa;
aaaa;0.958,0.422,0.628,0.406,0.994;aaaaaaaaa;
aa;0.625,0.324,0.728,0.27,0.363;aaaaaa;
aaaaaaaaaa;0.556,0.796,0.168,0.271,0.21;aaaaaa;
aaaaaaaaaa;0.799,0.512,0.754,0.33,0.386;aaa;
aaa;0.835,0.652,0.685,0.189,0.298;aaaaaaaaa;
a;0.625,0.653,0.646,0.245,0.123;aaaaaaaaa;
aaaaaaaaa;0.935,0.649,0.899,0.727,0.322;aa;
aaaa;0.893,0.576,0.294,0.853,0.26;aaaa;
aaaa;0.486,0.99,0.292,0.549,0.377;aaaaaaaa;
aaaaaaaa;0.452,0.674,0.873,0.761,0.47;aaaaaaaa;
aaaaa;0.978,0.867,0.0691,0.263,0.956;aaa;
aaaaa;0.208,0.977,0.668,0.992,0.945;aaa;
aaaaaaa;0.274,0.88,0.33,0.438,0.868;aaaaaaa;
aaaaaaaaaa;0.0293,0.0645,0.729,0.553,0.635;aaaa;
a;0.222,0.557,0.835,0.351,0.818;aaa;
aaaaa;0.982,0.823,0.966,0.698,0.516;aaaaaaa;
aaaaaaa;0.697,0.29,0.935,0.288,0.576;aaaaaa;
aa;0.0709,0.696,0.985,0.528,0.0157;aaaaa;
aa;0.625,0.777,0.524,0.464,0.556;aaaaaaa;
aaaaaaaa;0.29,0.0304,0.669,0.684,0.234;a;
aaaaaa;0.639,0.306,0.603,0.752,0.624;aaaaaaaaaa;
aaaaaaa;0.631,0.554,0.813,0.194,0.816;aaaaaaa;
aaa;0.56,0.874,0.496,0.451,0.671;aaaaaa;
aaaaaaaa;0.462,0.445,0.544,0.967,0.499;aaaaaaaaa;
aaaa;0.871,0.0779,0.777,0.984,0.893;aaaa;
aaaaaaaaaa;0.0496,0.89,0.835,0.916,0.441;aaaaaaaa;
aaaaa;0.618,0.376,0.028,0.708,0.131;aaaaaaa;
aaaaaaa;0.479,0.397,0.172,0.833,0.221;aaaaaaaaa;
aaa;0.115,0.417,0.0456,0.399,0.243;aaaaaaaaa;
aa;0.422,0.199,0.00562,0.452,0.901;aaaaaaaa;
a;0.703,0.969,0.159,0.461,0.263;aaaaaaaa;
aaaaa;0.597,0.477,0.138,0.204,0.631;aaaaaaaaaa;
aaaaaa;0.916,0.408,0.752,0.929,0.186;aa;
aaaaaaaaa;0.736,0.437,0.132,0.0545,0.296;aaaaaaaaa;
aaaaaaaaa;0.163,0.425,0.96,0.413,0.351;aaaaaaaaa;
aaaaa;0.833,0.11,0.629,0.108,0.22;aaaaa;
aaaaaaa;0.411,0.882,0.914,0.476,0.744;a;
a;0.608,0.951,0.654,0.29,0.958;aaaaaaaaaa;
a;0.879,0.168,0.498,0.406,0.0535;aaaaa;
aaaaaa;0.111,0.301,0.198,0.481,0.156;aaaaaa;
aaaaaaaaaa;0.523,0.041,0.197,0.372,0.823;aaaaaaa;
aaaaaa;0.665,0.197,0.459,0.173,0.163;a;
aaaaaaaaaa;0.453,0.207,0.603,0.579,0.227;aaaaaaaaaa;
aaaaaaaaa;0.203,0.93,0.975,0.494,0.338;aaaaaaa;
aa;0.504,0.964,0.335,0.159,0.499;aaaaaa;
aaaaaaaaa;0.576,0.559,0.569,0.552,0.665;aa;
aaaaaaaaaa;0.222,0.0515,0.299,0.348,0.493;aaaaaa;
a;0.248,0.777,0.0568,0.153,0.283;aaa;
aaaaaaa;0.622,0.816,0.761,0.781,0.415;aaaaa;
aaaaaaa;0.439,0.114,0.255,0.403,0.311;aaaaaa;
aaaaa;0.292,0.688,0.45,0.516,0.916;aaaaaa;
aaaaaaaa;0.719,0.723,0.109,0.592,0.563;aaaaaa;
aaaaaaa;0.625,0.746,0.239,0.964,0.285;aaaaaaaaa;
aaa;0.317,0.353,0.311,0.406,0.0701;aa;
aaaaaaaaaa;0.481,0.456,0.46,0.346,0.178;aaa;
aaa;0.0732,0.573,0.945,0.828,0.907;aaaaaaaaa;
aaaaaaaa;0.0817,0.241,0.273,0.414,0.964;aaaaaaaaaa;
aa;0.426,0.377,0.809,0.802,0.26;aaaaaaaa;
aaaa;0.858,0.475,0.439,0.488,0.27;aaaa;
a;0.0746,0.452,0.705,0.53,0.782;aaaa;
aa;0.163,0.905,0.779,0.367,0.389;aaaaaaaaaa;
aaaaa;0.336,0.758,0.43,0.415,0.88;aaa;
aaaaaaaaaa;0.354,0.964,0.221,0.49,0.934;aaaaaaaaaa;
aaaaa;0.462,0.849,0.805,0.914,0.98;aaa;
a;0.757,0.499,0.785,0.544,0.498;aa;
aaaaaaaaaa;0.182,0.673,0.681,0.72,0.827;a;
aaaaaaaa;0.178,0.533,0.683,0.801,0.975;aaaa;
aaaaa;0.349,0.987,0.599,0.91,0.124;aaaaaaaaa;
aaaa;0.609,0.382,0.841,0.145,0.414;aaa;
aaaaaaaa;0.605,0.718,0.849,0.432,0.152;aaaa;
aaaaaaaa;0.167,0.804,0.65,0.938,0.198;a;
aaaaaaaaaa;0.939,0.988,0.42,0.816,0.0854;aaaaa;
aaaaaaaaaa;0.659,0.892,0.498,0.721,0.53;aaaaaaa;
a;0.385,0.147,0.0724,0.917,0.59;aaaaaa;
aaaaaa;0.391,0.353,0.574,0.8,0.901;aaaaa;
aaaaaaaaaa;0.561,0.419,0.474,0.502,0.0191;aa;
a;0.856,0.623,0.183,0.365,0.0155;aaa;
aaa;0.695,0.205,0.256,0.866,0.985;a;
aaaaaaaaa;0.132,0.99,0.941,0.584,0.0344;aaa;
aaaaaaaaa;0.22,0.842,0.932,0.715,0.618;aaa;
aaa;0.877,0.733,0.887,0.809,0.0478;aaaa;
aaaaaaa;0.115,0.644,0.756,0.24,0.468;aaaaaa;
aaaaaaaa;0.908,0.286,0.628,0.169,0.919;aa;
aaaa;0.392,0.815,0.416,0.182,0.375;a;
aaa;0.825,0.175,0.0341,0.735,0.566;aa;
a;0.0324,0.747,0.528,0.862,0.0141;aaaaaa;
aaaaaaaaaa;0.138,0.96,0.17,0.708,0.407;aaaaaaa;
aa;0.749,0.677,0.851,0.943,0.576;aaaaa;
a;0.191,0.116,0.507,0.917,0.175;aaaa;
a;0.597,0.211,0.662,0.836,0.63;aaaaaaaaa;
aaaaa;0.694,0.762,0.347,0.602,0.413;aaaaaaa;
aaaa;0.427,0.63,0.557,0.304,0.641;aaaa;
aaaaaaaaa;0.103,0.859,0.292,0.431,0.547;aa;
aaaaaaaa;0.205,0.942,0.597,0.175,0.2;aaa;
aaaaa;0.569,0.0167,0.0607,0.9,0.502;aa;
aaaaa;0.285,0.44,0.291,0.0249,0.858;aaaa;
aaaaaaaaa;0.812,0.625,0.755,0.506,0.234;a;
aaaaaaaaa;0.0662,0.879,0.995,0.752,0.137;a;
aaaa;0.527,0.729,0.49,0.358,0.727;aaaaaa;
aaaaaaaa;0.741,0.342,0.875,0.132,0.145;aaaaa;
aaaaaaaa;0.239,0.882,0.456,0.684,0.804;aaaaaaa;
aaaaaaaaa;0.194,0.18,0.468,0.11,0.822;aaaaa;
aaaaaaaa;0.767,0.656,0.758,0.546,0.975;a;
aaaa;0.513,0.296,0.465,0.234,0.0975;aaaaaa;
aaaaaaaaaa;0.0583,0.481,0.371,0.625,0.739;aaaaaa;
aaaaa;0.314,0.235,0.384,0.672,0.24;aaaaaaaaaa;
aaaaaaa;0.034,0.995,0.675,0.424,0.966;aaaaaaaaaa;
aaaaaa;0.786,0.212,0.977,0.252,0.514;aaaaaaa;
aaaaa;0.605,0.832,0.188,0.459,0.779;aa;
aaa;0.613,0.838,0.23,0.522,0.0532;aaaaaaaa;
aaaa;0.848,0.92,0.447,0.178,0.484;aaaaa;
aaaaaaaaa;0.0531,0.395,0.48,0.568,0.271;aaaaa;
aaaaaaa;0.791,0.74,0.218,0.173,0.0941;aaaaa;
aaaaa;0.697,0.609,0.283,0.208,0.238;a;
aa;0.927,0.741,0.693,0.85,0.72;aaaaaaaa;
aaaaaaa;0.93,0.237,0.706,0.243,0.926;aaaaaaaa;
aaaaaaaaa;0.0718,0.509,0.492,0.0484,0.883;aaaaaaaaa;
aaaaaaaa;0.782,0.517,0.36,0.477,0.975;aaaaaaa;
aaaaaaaaa;0.163,0.00592,0.633,0.291,0.662;aaaa;
aaaaaa;0.588,0.371,0.122,0.946,0.251;aaa;
aaaaaaaaaa;0.552,0.565,0.922,0.655,0.241;aaaaaaa;
aa;0.781,0.397,0.897,0.889,0.603;aaaaa;
aaaaaa;0.193,0.884,0.589,0.0414,0.336;aaaaa;
aaaaaa;0.484,0.488,0.357,0.833,0.33;aaaaaaaaaa;
aa;0.32,0.359,0.471,0.761,0.0666;aa;
a;0.616,0.608,0.198,0.739,0.223;aaaaaaa;
a;0.567,0.268,0.154,0.352,0.669;aaaaaa;
aaaaaaaaa;0.296,0.322,0.109,0.184,0.77;aaaaaaaaaa;
aaaaaa;0.398,0.78,0.18,0.777,0.279;aaaaaaa;
aaaaaa;0.976,0.847,0.616,0.789,0.708;aaaaaa;
aaa;0.977,0.441,0.0795,0.711,0.0531;aaaaaaaaa;
aaaaaa;0.419,0.268,0.62,0.339,0.0357;aaaaaaa;
a;0.842,0.501,0.367,0.0331,0.524;aaaaaa;
aaaaaaa;0.677,0.358,0.543,0.134,0.197;aaaa;
aaaaaaaa;0.371,0.385,0.979,0.477,0.845;aaaaaaaaa;
aaaa;0.306,0.766,0.258,0.941,0.333;aaa;
aaaaa;0.341,0.993,0.0277,0.232,0.919;aaaaaaaaaa;
aa;0.317,0.825,0.639,0.851,0.593;aa;
aaaaa;0.818,0.22,0.077,0.082,0.818;aaaaaaaaaa;
aa;0.163,0.0208,0.789,0.842,0.98;aaa;
aaaaaaaaaa;0.587,0.83,0.269,0.877,0.36;aaaaaaaaaa;
aaaaaa;0.229,0.557,0.0791,0.777,0.417;aa;
aaaaaaaa;0.891,0.556,0.0555,0.797,0.0438;aaaaaaa;
aaaaaaaaaa;0.538,0.993,0.684,0.77,0.559;aaaa;
aaaaa;0.289,0.722,0.981,0.649,0.713;aaaaaa;
aaaaaa;0.586,0.349,0.0945,0.14,0.885;aaaaaa;
a;0.69,0.0184,0.308,0.566,0.239;aaaaaaaaaa;
aaaaaa;0.0498,0.596,0.2,0.209,0.822;aaaaaa;
aaaaaaaa;0.69,0.188,0.766,0.298,0.873;aaa;
aaaaaaaaaa;0.286,0.131,0.9,0.345,0.819;a;
aaaa;0.732,0.327,0.0784,0.76,0.945;aaaaaa;
aaa;0.373,0.164,0.934,0.613,0.235;aaa;
a;0.567,0.526,0.657,0.942,0.688;a;
aaa;0.516,0.675,0.563,0.475,0.338;aaa;
aaaa;0.99,0.421,0.751,0.665,0.557;aaaaaaaa;
aaaa;0.179,0.923,0.925,0.286,0.991;aaaaaaa;
aaaaa;0.558,0.652,0.962,0.481,0.91;aaaaaaaaa;
aaaaaaaaa;0.0034,0.794,0.856,0.822,0.667;aaaaaaaaaa;
aaaaaaa;0.156,0.431,0.301,0.228,0.951;a;
aaaaaaaa;0.87,0.371,0.789,0.593,0.817;aaaaaaa;
aaaaaaa;0.62,0.395,0.99,0.916,0.156;aaaaa;
aaa;0.874,0.596,0.799,0.18,0.855;aaaaaaaaaa;
aaaaaaaaaa;0.0133,0.694,0.298,0.559,0.722;aaaaaa;
aa;0.739,0.625,0.743,0.856,0.861;aaaaaaaa;
aaaaaa;0.419,0.635,0.245,0.321,0.266;aaaaa;
aaaaaa;0.647,0.46,0.321,0.785,0.371;a;
aaaaaa;0.357,0.638,0.983,0.534,0.55;aaaa;
aa;0.413,0.731,0.152,0.449,0.461;aaaaaa;
aaa;0.359,0.524,0.544,0.735,0.95;aaaaaaaa;
a;0.405,0.105,0.983,0.0444,0.554;aaaaaaaaaa;
aaaa;0.161,0.138,0.254,0.669,0.623;aa;
a;0.214,0.241,0.222,0.328,0.836;aaaaaa;
aaaaaaa;0.653,0.551,0.00517,0.456,0.146;a;
aaaaaaaaaa;0.473,0.255,0.998,0.966,0.588;aaa;
a;0.0822,0.835,0.544,0.913,0.661;aaaa;
aaaaaaaa;0.283,0.71,0.637,0.0724,0.384;aaaaaaaaa;
aaaa;0.741,0.374,0.0799,0.352,0.948;aaaaaaa;
aaaaaaaaa;0.288,0.0647,0.916,0.614,0.209;aa;
aaaaaaaaa;0.173,0.822,0.938,0.987,0.271;aaaaa;
aaa;0.501,0.961,0.0141,0.212,0.871;a;
aaaaaa;0.758,0.678,0.83,0.637,0.942;aaaaaaaa;
a;0.945,0.636,0.0125,0.844,0.519;aaaaaaaa;
aa;0.134,0.376,0.618,0.622,0.104;aaaa;
aaaaaa;0.949,0.108,0.625,0.555,0.69;aaaaa;
a;0.949,0.919,0.434,0.768,0.956;aaa;
aaa;0.217,0.325,0.0436,0.952,0.052;a;
aaaaaaa;0.713,0.901,0.82,0.897,0.155;a;
aaa;0.0165,0.515,0.888,0.132,0.538;aaaaaaaaaa;
aa;0.14,0.123,0.0947,0.881,0.919;aaaaaaaaa;
aaaa;0.0948,0.283,0.905,0.888,0.288;aaaaaa;
a;0.646,0.51,0.979,0.669,0.176;aaaa;
aaaaaaaaaa;0.826,0.404,0.651,0.418,0.487;aaa;
aaaa;0.372,0.265,0.31,0.723,0.283;aa;
aaa;0.559,0.771,0.942,0.543,0.83;aaaaa;
aaa;0.719,0.856,0.848,0.0252,0.441;aaaaaa;
aaaaaa;0.577,0.0635,0.214,0.21,0.427;aa;
aaaaaaaaaa;0.717,0.409,0.263,0.771,0.277;aaaaa;
aa;0.191,0.716,0.285,0.899,0.623;aaaa;
aaaaa;0.812,0.00447,0.911,0.92,0.93;aaaaaaaa;
a;0.396,0.202,0.306,0.239,0.312;aaaa;
aaaaaaa;0.285,0.0092,0.822,0.0897,0.857;aaaaaaaaa;
aaa;0.871,0.472,0.831,0.38,0.0123;aaaaa;
aaaaaaaaa;0.481,0.00929,0.761,0.434,0.575;aaaaa;
aaaaa;0.228,0.735,0.923,0.612,0.668;aaaaaaaa;
aaaa;0.317,0.763,0.627,0.34,0.488;aaaaaaaa;
aaaaaaaa;0.103,0.477,0.5,0.16,0.0782;aaaaaa;
aaa;0.0816,0.266,0.0195,0.739,0.976;aaaaaaaaa;
aaaaaaaa;0.903,0.366,0.278,0.974,0.102;aaaa;
aaaaaa;0.356,0.268,0.204,0.163,0.261;aaaaaaaaaa;
aaaaaaaa;0.968,0.949,0.08,0.837,0.98;aaaa;
aaaaaaaa;0.159,0.405,0.454,0.775,0.731;aaaaa;
a;0.169,0.00341,0.181,0.408,0.476;aaaaaaaa;
aaa;0.703,0.283,0.922,0.993,0.336;aaaaaaa;
aaa;0.2,0.831,0.338,0.177,0.982;aaaa;
aaaaa;0.0964,0.526,0.0597,0.526,0.891;aaaaaaa;
aaaa;0.465,0.00338,0.319,0.121,0.177;aaa;
aaaa;0.298,0.656,0.811,0.447,0.302;aaaaaaa;
aaaaaa;0.85,0.234,0.504,0.13,0.409;aaaaaa;
a;0.432,0.363,0.581,0.867,0.391;aaaaaaaaa;
aaaaaaaa;0.952,0.876,0.108,0.926,0.421;aaaaaaaa;
aa;0.802,0.73,0.155,0.00407,0.589;aaa;
aaaaaaaaa;0.276,0.657,0.128,0.962,0.797;aaaaaa;
aaaaaaaaaa;0.737,0.68,0.96,0.0564,0.0555;aa;
aaaa;0.822,0.194,0.512,0.953,0.539;aa;
aaa;0.635,0.458,0.00741,0.177,0.758;aa;
a;0.689,0.764,0.345,0.797,0.495;aa;
aaaaa;0.537,0.272,0.948,0.9,0.785;aa;
aaaaaaaaa;0.26,0.922,0.195,0.588,0.691;aaaaa;
aaa;0.498,0.504,0.163,0.234,0.128;aaaaa;
aaaaa;0.753,0.346,0.0111,0.608,0.0858;aaa;
aaaaaaaaaa;0.291,0.985,0.793,0.349,0.476;a;
aa;0.592,0.522,0.92,0.0532,0.35;aaaaaaaa;
aaaaaaaa;0.231,0.322,0.411,0.847,0.0985;aaaaaaaa;
aaaaaa;0.431,0.671,0.581,0.963,0.509;aaaaaaaaa;
aa;0.926,0.952,0.276,0.651,0.572;aaaa;
aaaaaaaaa;0.0111,0.667,0.63,0.291,0.654;aaa;
aaaa;0.43,0.265,0.504,0.8,0.466;aa;
a;0.249,0.147,0.303,0.604,0.915;aaa;
aaaaaaa;0.746,0.334,0.986,0.345,0.675;aaa;
aaaaa;0.891,0.863,0.225,0.947,0.953;aaaaaa;
aaa;0.0129,0.871,0.346,0.107,0.752;aaaaaaaaaa;
aaaaaa;0.057,0.3,0.878,0.547,0.167;aaaaaaaaaa;
aa;0.0373,0.704,0.822,0.419,0.743;aaaa;
aaaaa;0.194,0.583,0.327,0.917,0.667;aaaa;
aaaaaaaaaa;0.278,0.96,0.964,0.91,0.216;aaaaaa;
aaaaa;0.964,0.935,0.569,0.0656,0.777;aaaaaaaa;
aaaa;0.841,0.433,0.0983,0.693,0.042;aaaaaaaa;
aaaaaa;0.323,0.9,0.222,0.531,0.93;aaaaaaa;
aaaaaaaa;0.437,0.733,0.598,0.898,0.439;aaaaaaaa;
aaaaaaaaa;0.714,0.648,0.171,0.934,0.878;a;
aaaaa;0.494,0.00257,0.165,0.709,0.43;aaaaaaaa;
aaa;0.263,0.327,0.56,0.911,0.924;aaaaaaaa;
aaaaaaa;0.418,0.713,0.681,0.558,0.722;aaaa;
aaaaaaaaa;0.755,0.726,0.116,0.183,0.952;aaaaaaaa;
a;0.344,0.972,0.917,0.0466,0.0603;aaaaaa;
aaaaaaa;0.66,0.386,0.389,0.586,0.689;aaaaaaaaaa;
a;0.997,0.732,0.498,0.943,0.714;aaaaaaaaa;
aaaaaa;0.954,0.186,0.979,0.598,0.964;aaaaaaaaa;
aaaa;0.828,0.802,0.869,0.284,0.84;aa;
a;0.709,0.933,0.316,0.991,0.189;aaaa;
aaaaa;0.565,0.534,0.663,0.398,0.917;aaaaaaaaa;
a;0.199,0.102,0.809,0.412,0.243;aaaaaaaaa;
aaaa;0.972,0.249,0.0934,0.163,0.946;aa;
aaaaaaaaaa;0.147,0.794,0.839,0.591,0.0492;aaaaaa;
aaaaaaa;0.229,0.443,0.435,0.504,0.391;aaa;
aaaaaaa;0.193,0.293,0.643,0.159,0.259;aa;
aaaaaaaaa;0.739,0.812,0.277,0.809,0.866;aaaaaaaaa;
aaaaaaa;0.397,0.467,0.863,0.462,0.246;aaaa;
aaa;0.186,0.688,0.556,0.615,0.49;aaaaaaaa;
aa;0.35,0.15,0.784,0.0825,0.341;aaaaaaa;
aaaaaaaaa;0.286,0.739,0.545,0.286,0.99;aaaaaaaaaa;
aaaaaaaaa;0.695,0.534,0.456,0.0786,0.591;aa;
aaaaaaaaaa;0.907,0.124,0.0435,0.854,0.201;aaaaaaa;
aaaaaaaa;0.0664,0.832,0.191,0.164,0.156;aaaaaaaa;
aaaaaa;0.378,0.998,0.583,0.22,0.834;a;
aaa;0.186,0.471,0.566,0.553,0.517;aaa;
aaaaaa;0.398,0.246,0.0656,0.237,0.573;aaaaaaaaaa;
aaaaaaaaa;0.788,0.421,0.578,0.14,0.461;aa;
aa;0.51,0.404,0.929,0.74,0.865;aaaaaaa;
aa;0.185,0.0947,0.196,0.256,0.241;aaaaaaaaaa;
aaa;0.865,0.623,0.846,0.849,0.745;aaaaa;
aa;0.34,0.0607,0.285,0.968,0.357;aaaaaaa;
aaa;0.812,0.0693,0.446,0.376,0.845;a;
aa;0.955,0.0912,0.756,0.806,0.665;aaaaa;
aaaaaaa;0.324,0.524,0.0946,0.217,0.595;a;
aaaaa;0.373,0.682,0.653,0.74,0.88;aaaaaaaaaa;
aaaaaaaaa;0.613,0.625,0.871,0.064,0.017;aaaaaaaa;
a;0.0154,0.61,0.426,0.682,0.076;aaaaaa;
aaaaaa;0.393,0.524,0.244,0.342,0.589;aaaaaaaaaa;
aaa;0.0791,0.215,0.457,0.331,0.244;aa;
aaaa;0.597,0.884,0.203,0.324,0.832;aaaaaa;
aa;0.71,0.43,0.248,0.711,0.49;a;
aaaaaaaaa;0.743,0.763,0.992,0.777,0.715;aaaaa;
aaaaaa;0.889,0.979,0.0899,0.653,0.13;aaaaaaaaa;
aaaaaaaaa;0.158,0.588,0.663,0.449,0.941;a;
aaaaaaaaa;0.337,0.312,0.789,0.99,0.166;aaaaaaaaa;
aaaaaaa;0.874,0.881,0.856,0.349,0.419;aaaaaa;
aa;0.323,0.541,0.562,0.837,0.383;aaaaa;
aaaa;0.732,0.014,0.973,0.056,0.00373;aa;
aaaaaa;0.798,0.628,0.995,0.315,0.426;aaaaaaa;
a;0.864,0.615,0.376,0.523,0.0319;aaaaaaa;
aaaaaaa;0.479,0.0237,0.264,0.138,0.472;aaa;
aaaaaaa;0.776,0.623,0.251,0.0397,0.381;aaaa;
aaa;0.771,0.147,0.41,0.0479,0.325;aaaa;
aaa;0.714,0.811,0.836,0.106,0.493;aaaaaaa;
aaaaaaaaa;0.92,0.311,0.123,0.442,0.909;a;
aaaaaaaa;0.877,0.283,0.712,0.888,0.574;aaaaa;
aa;0.219,0.651,0.527,0.45,0.404;aaaaaaaa;
aaaaaaaa;0.51,0.85,0.598,0.873,0.52;aaaaaaaa;
aaa;0.241,0.182,0.575,0.933,0.133;aaaaaaaaaa;
aa;0.376,0.317,0.443,0.734,0.0847;aaaaaaa;
aaaaaaaaaa;0.243,0.92,0.41,0.156,0.989;aaaaaaaa;
aa;0.922,0.453,0.624,0.0932,0.311;aaa;
aaaa;0.567,0.899,0.496,0.621,0.13;aaaaaaaaa;
aaaaaaa;0.914,0.536,0.916,0.416,0.645;aaaaaa;
aaaaaaaa;0.497,0.131,0.535,0.371,0.808;aaaaaaa;
aaaaaaaaa;0.296,0.0576,0.899,0.483,0.507;aaaaaa;
aaaaa;0.0337,0.328,0.679,0.901,0.837;a;
aaaaa;0.289,0.295,0.278,0.933,0.638;aaa;
a;0.497,0.657,0.00858,0.622,0.64;aaaaaaa;
aaaaa;0.68,0.987,0.814,0.18,0.407;aaa;
aa;0.817,0.314,0.106,0.439,0.0231;aaaaaa;
aaaaa;0.0767,0.595,0.514,0.472,0.0783;aaaaaaaaaa;
aaaaaaa;0.627,0.723,0.645,0.577,0.863;aaaa;
aaaaaaaa;0.279,0.884,0.347,0.67,0.748;aaaaaaa;
aaaaaaaaa;0.958,0.0239,0.611,0.803,0.925;aaa;
aaaaaa;0.941,0.03,0.406,0.376,0.825;aaaaa;
aa;0.0251,0.0179,0.15,0.723,0.323;aa;
a;0.0727,0.305,0.486,0.098,0.496;aaaaaaaaa;
aaaaaaaa;0.0891,0.697,0.074,0.479,0.7;aaaaaaa;
aaaaaa;0.51,0.406,0.418,0.655,0.925;aaaaaaaaa;
aaaaa;0.44,0.0784,0.354,0.612,0.721;aaa;
aaaaaaaaa;0.605,0.396,0.128,0.754,0.479;aaaaaaaaa;
aaaaaa;0.808,0.672,0.45,0.76,0.235;aaa;
aaaaa;0.676,0.989,0.217,0.0929,0.0628;aaaa;
a;0.357,0.615,0.228,0.492,0.39;aaaa;
aaaaaaa;0.703,0.789,0.392,0.563,0.94;a;
aaaaaa;0.229,0.138,0.976,0.732,0.879;a;
aaaaaaaaa;0.918,0.991,0.672,0.458,0.523;aaaaaaaaaa;
aaaaaaaaaa;0.0421,0.457,0.458,0.796,0.505;aaaaaaaaaa;
aaaaaaaaaa;0.284,0.735,0.0369,0.936,0.219;aaaaaa;
aaaaaaaaaa;0.16,0.847,0.458,0.127,0.735;aa;
aaa;0.026,0.643,0.678,0.623,0.253;aaaa;
aaaaaaaa;0.323,0.013,0.407,0.464,0.454;a;
aaaaaa;0.131,0.553,0.121,0.128,0.317;aaaaaaaaaa;
aaaaaaa;0.663,0.504,0.233,0.581,0.286;aaaaaaa;
aaaa;0.411,0.195,0.597,0.253,0.00692;aaaaaaaaaa;
aaaaaaaaaa;0.34,0.0997,0.903,0.903,0.707;aa;
aaaaaaaa;0.275,0.69,0.302,0.701,0.336;aaaaaaaaa;
aaaaaaaaaa;0.187,0.929,0.696,0.648,0.991;aaa;
aaaaa;0.661,0.501,0.5,0.469,0.0608;aaa;
aaaa;0.437,0.713,0.531,0.708,0.0702;aaaaaa;
aaaa;0.259,0.019,0.646,0.591,0.949;aaa;
aaaaaaaa;0.384,0.66,0.642,0.867,0.206;aaaaaa;
aaaa;0.129,0.0471,0.59,0.334,0.369;aaaaaa;
a;0.461,0.271,0.455,0.307,0.711;aaaaaa;
aaaaaaaa;0.121,0.462,0.168,0.627,0.579;aaaaa;
aaa;0.804,0.235,0.882,0.821,0.816;aaaaaaaaa;
aaaaa;0.306,0.215,0.0534,0.446,0.737;aa;
aaaa;0.542,0.359,0.939,0.836,0.831;aaaaaaa;
aaa;0.924,0.897,0.743,0.935,0.943;aaaa;
aa;0.975,0.604,0.903,0.32,0.988;aaaa;
aaaa;0.175,0.357,0.0239,0.958,0.0756;aaaaaaaaaa;
aaaaaaaaa;0.868,0.655,0.656,0.726,0.573;aaaaaaaaaa;
aaaa;0.542,0.359,0.939,0.836,0.831;aaaaaaaaa;
aaa;0.924,0.897,0.743,0.935,0.943;aaaaaaaaaa;
aa;0.975,0.604,0.903,0.32,0.988;aaaaa;
aaaa;0.175,0.357,0.0239,0.958,0.0756;aaaaaaaa;
aaaaaaaaa;0.868,0.655,0.656,0.726,0.573;aaaaaaaaa;
aaaa;0.542,0.359,0.939,0.836,0.831;aaaaaaaaa;
aaa;0.924,0.897,0.743,0.935,0.943;aaaaaaaaa;
aa;0.975,0.604,0.903,0.32,0.988;aaaa;
aaaa;0.175,0.357,0.0239,0.958,0.0756;aa;
aaaaaaaaa;0.868,0.655,0.656,0.726,0.573;aaaaaaa;
aaaa;0.542,0.359,0.939,0.836,0.831;aaaaaaaa;
aaa;0.924,0.897,0.743,0.935,0.943;aa;
aa;0.975,0.604,0.903,0.32,0.988;aaaaaaaaa;
aaaa;0.175,0.357,0.0239,0.958,0.0756;aa;
aaaaaaaaa;0.868,0.655,0.656,0.726,0.573;aaaaaaaaa;
aaaa;0.542,0.359,0.939,0.836,0.831;aa;
aaa;0.924,0.897,0.743,0.935,0.943;aaaaaaaaa;
aa;0.975,0.604,0.903,0.32,0.988;aa;
aaaa;0.175,0.357,0.0239,0.958,0.0756;aaaa;
aaaaaaaaa;0.868,0.655,0.656,0.726,0.573;aaaaa;
