0	0,8
1	1
2	2
3	3
4	4
5	5
6	2,6
7	7
8	8
9	0,2,6,8,9
10	5
11	0
12	3
13	0,3
14	8
15	2
16	3
17	3
18	1
19	1
20	0
21	9
22	4
23	1
24	3
25	0
26	1,2,5
27	0,1
28	0,1,3,4,6
29	1,3,5
30	6,9
31	2,3,5
32	0,6
33	1
34	3,6,7
35	0
36	0
37	0,5
38	0,6
39	0
40	0
41	1
42	6
43	3
44	0,8
45	6
46	0
47	3
48	2
49	1
50	2
51	2,3
52	3
53	1
54	3
55	1
56	0
57	6
58	0
59	0
60	0,7
61	0
62	1
63	0
64	9
65	5
66	2
67	2,5,7,8,9
68	2
69	0,1
70	1,4
71	1
72	2
73	1,4
74	3
75	9
76	2
77	0
78	0
79	1
80	0,9
81	1
82	0
83	0,6
84	0
85	2
86	0
87	2
88	1
89	1
90	8
91	0
92	4
93	0,5
94	0
95	0
96	0
97	8
98	0
99	4
100	0
101	3
102	3
103	7
104	5,6
105	2
106	5
107	8
108	2
109	0,4
110	0
111	0
112	7
113	9
114	3
115	5
116	3
117	2
118	0
119	6
120	0
121	2
122	2,4
123	0
124	4
125	1,2,3,7
126	2
127	1
128	1
129	1,8
130	0
131	1
132	0
133	1,6
134	1
135	3,4
136	0
137	2,5
138	8
139	0
140	1,2
141	2,4
142	2,3,5
143	1
144	2
145	4
146	3
147	0,1
148	1
149	1,3
150	2
151	3
152	1
153	0
154	3
155	0
156	1
157	0
158	4
159	5
160	0
161	1
162	4
163	9
164	1
165	1
166	6
167	2
168	0
169	2
170	0
171	0
172	3
173	0
174	0
175	0
176	1
177	3
178	1
179	3
180	0,7
181	3
182	1
183	7
184	7
185	1
186	0
187	1
188	0
189	2
190	0
191	0,7
192	0
193	1
194	0
195	4
196	0,7
197	2,5
198	2
199	0
200	1
201	0
202	0
203	5,9
204	5
205	1
206	1
207	1
208	1
209	0
210	7
211	3
212	3
213	2,9
214	3,4
215	2
216	5
217	1
218	0
219	1
220	1
221	0
222	0
223	3
224	0
225	4
226	6
227	1
228	0
229	5
230	2
231	9
232	1
233	6
234	3,4
235	0
236	1
237	7
238	1
239	0
240	0
241	6
242	3
243	0
244	2
245	0,4
246	1
247	4,5
248	4
249	0
250	0
251	0
252	7
253	1
254	1
255	2
256	1
257	6
258	1
259	4
260	3
261	9
262	2,3
263	0
264	1
265	2
266	2
267	4,6
268	1,2,4
269	1
270	2
271	0
272	0,9
273	1,6
274	0
275	1,3
276	0
277	1
278	3
279	2
280	1
281	0
282	0,1
283	1
284	5
285	6
286	4,8
287	1
288	0
289	1
290	8
291	0,1
292	0
293	0
294	4
295	2
296	3
297	0
298	2
299	0
300	1
301	4
302	3
303	1
304	3
305	0
306	4
307	8
308	0
309	6
310	0,1,3
311	3
312	9
313	0
314	1
315	5
316	0
317	3
318	2
319	4,6
320	6,9
321	4
322	0
323	5
324	2,4
325	0
326	5
327	8
328	0
329	7
330	1
331	1
332	0
333	0
334	2
335	3,4
336	5
337	0
338	1
339	1
340	7
341	4,6
342	9
343	1
344	1,3,4,9
345	5
346	2
347	2
348	3
349	3
350	1
351	1
352	5
353	2
354	3
355	3
356	1
357	0
358	3
359	0
360	5
361	0
362	4
363	2
364	1
365	1
366	1
367	6
368	4
369	1
370	0
371	6
372	0
373	6
374	8
375	4
376	3
377	2
378	7
379	0
380	2
381	1,5
382	3
383	3
384	6
385	0
386	2
387	0
388	2
389	5
390	1
391	2
392	5
393	0
394	2
395	2
396	3,8
397	4
398	1
399	0
400	3
401	0
402	0
403	0
404	0
405	6
406	9
407	2
408	1,3
409	2
410	0
411	0
412	4
413	1
414	4
415	1
416	2
417	0
418	0
419	3
420	7
421	4
422	6
423	3
424	0
425	4
426	6
427	9
428	2
429	0
430	0
431	1
432	0
433	2
434	2
435	2
436	4
437	1
438	0
439	2
440	0
441	0
442	2
443	0
444	2,6
445	1
446	3
447	1
448	2
449	0
450	8
451	0
452	1
453	6
454	4
455	5
456	4
457	3
458	5
459	0
460	1
461	7
462	4
463	7
464	2
465	3
466	0
467	3
468	1
469	3
470	0
471	0
472	6
473	9
474	1
475	5
476	1
477	6
478	0
479	7
480	6
481	0
482	3
483	9
484	0
485	2
486	3
487	7
488	0
489	0
490	6
491	4
492	0
493	1
494	6
495	1
496	1
497	2
498	0
499	8
500	0
501	6
502	5
503	4
504	1
505	3
506	0
507	5
508	5
509	0
510	0
511	1,8
512	1
513	0
514	1
515	1
516	6
517	1
518	1
519	0
520	2
521	0
522	4
523	2
524	0
525	0
526	0
527	2
528	0
529	6
530	6
531	1
532	1
533	0
534	4
535	1
536	0
537	1
538	0
539	4
540	0
541	0
542	0
543	5
544	4
545	0
546	8
547	1
548	0
549	1
550	0
551	2
552	1
553	0,2
554	1
555	4
556	2
557	3
558	5
559	1
560	0
561	2
562	1
563	2
564	0
565	3
566	0
567	1
568	0
569	4
570	0
571	0
572	0
573	1
574	0
575	2
576	1
577	2
578	0
579	1
580	7
581	2
582	0
583	6
584	0
585	1
586	0
587	6
588	2,4
589	2
590	0
591	0
592	6
593	0
594	2
595	1
596	1
597	0
598	1,5
599	8
600	1
601	0
602	3
603	1
604	1
605	6
606	1
607	1
608	0
609	4
610	3
611	2
612	1
613	6
614	3
615	4
616	0
617	4
618	1
619	1
620	1
621	1
622	3
623	0
624	3
625	0
626	1
627	3
628	0
629	1
630	0
631	3
632	1
633	1
634	3
635	0
636	1
637	0
638	7
639	2
640	2
641	0,1
642	5
643	6
644	1
645	8
646	7
647	6
648	9
649	1
650	2
651	1
652	1
653	3
654	3
655	0
656	0
657	1,6
658	0
659	4
660	5
661	0
662	3
663	4
664	1
665	0,3
666	5
667	1
668	2
669	0
670	2
671	7
672	4
673	0
674	0
675	1
676	0
677	0
678	1
679	3
680	0
681	1
682	2
683	5
684	0
685	3
686	4
687	2
688	3
689	2
690	1
691	0
692	0
693	2
694	2
695	8
696	2
697	1,5
698	1
699	4
700	0
701	4
702	0
703	7
704	0
705	1
706	1
707	4
708	0
709	0
710	1
711	2
712	0
713	0
714	0
715	0
716	4,7
717	3
718	1
719	1
720	0
721	1
722	1
723	0
724	8
725	6
726	3
727	5
728	1
729	1
730	2
731	2
732	4,5
733	0
734	5
735	0
736	0
737	0
738	4
739	0
740	0
741	2
742	0
743	7
744	6
745	0
746	2
747	5
748	0
749	4
750	1
751	3
752	1
753	3
754	5
755	2
756	2
757	0
758	2
759	2
760	3,4
761	0
762	0
763	6
764	0
765	3
766	1
767	3
768	1
769	5
770	3
771	5
772	1
773	0
774	2
775	1
776	2
777	6
778	0
779	1
780	6
781	1
782	6
783	2
784	3
785	2
786	4
787	6
788	1
789	1
790	3,6
791	0
792	4
793	4
794	0
795	3
796	0
797	3
798	0
799	1
800	0
801	6
802	1
803	7
804	4
805	3
806	8
807	2
808	0
809	0
810	3,8
811	1
812	0
813	0
814	5
815	0
816	1
817	0
818	3
819	1
820	0
821	1
822	1
823	2
824	1
825	0
826	6
827	1
828	3
829	0
830	2
831	0
832	1
833	9
834	1
835	3
836	2
837	3
838	4
839	2
840	7
841	0
842	1
843	6
844	1
845	0
846	5
847	1
848	7
849	1
850	0
851	2
852	0
853	0
854	1
855	0
856	6
857	1
858	0
859	3
860	2
861	3
862	4
863	4
864	3
865	4
866	2,8
867	4
868	9
869	4
870	0
871	0
872	2
873	3
874	2
875	0
876	4
877	0
878	0
879	5
880	0
881	3
882	4
883	2
884	2
885	9
886	4
887	2
888	4
889	1
890	0
891	3
892	0
893	2
894	6
895	3
896	8
897	2
898	0
899	0
900	5
901	3
902	9
903	2,3
904	5
905	8
906	4
907	3
908	0,7
909	1
910	3
911	0
912	3
913	7
914	3
915	6
916	5
917	0
918	0
919	5,9
920	2
921	9
922	0
923	0
924	1
925	0
926	3
927	6
928	1
929	5
930	6
931	1
932	1
933	4
934	8
935	3
936	0
937	0
938	2
939	2
940	1,5
941	4
942	2
943	1
944	3
945	1
946	0
947	1
948	2
949	1
950	1
951	4
952	2
953	6
954	5
955	3
956	1
957	4
958	3
959	3
960	1,3
961	0
962	0
963	0
964	3
965	2
966	2,3
967	0
968	2
969	3
970	0
971	2
972	3
973	1
974	0
975	0
976	0
977	0
978	1
979	4
980	8
981	1
982	4
983	1
984	0
985	3
986	0
987	0
988	1
989	0
990	4
991	4
992	3
993	0
994	0
995	2
996	7
997	0
998	2
999	4
1000	0
1001	5
1002	1
1003	0
1004	0
1005	1
1006	1
1007	0
1008	0
1009	0
1010	2
1011	4
1012	0
1013	1
1014	1
1015	4
1016	0
1017	1
1018	3
1019	5
1020	1
1021	7
1022	1
1023	6
1024	0
1025	0
1026	6
1027	4
1028	1
1029	2
1030	6
1031	1
1032	1
1033	0
1034	3
1035	3
1036	4
1037	5
1038	0
1039	6
1040	2
1041	2,9
1042	1
1043	0
1044	2
1045	3
1046	2
1047	0
1048	2
1049	4
1050	1
1051	4
1052	1
1053	4
1054	0
1055	1
1056	1
1057	4
1058	4
1059	8
1060	0
1061	6
1062	2
1063	1
1064	2
1065	5
1066	1
1067	3
1068	3
1069	2
1070	1
1071	2
1072	2
1073	0
1074	0
1075	0
1076	0
1077	2
1078	1
1079	0
1080	4
1081	0
1082	1
1083	2
1084	2
1085	0
1086	2
1087	6
1088	2
1089	2
1090	2
1091	3
1092	7
1093	0
1094	0
1095	4
1096	1
1097	3
1098	2
1099	4
1100	1
1101	0
1102	0
1103	0
1104	4
1105	0
1106	3
1107	1
1108	1
1109	1
1110	1
1111	1
1112	3
1113	5
1114	0
1115	7
1116	0
1117	5
1118	3
1119	5
1120	3
1121	6
1122	1
1123	0
1124	6
1125	2
1126	0
1127	2
1128	8
1129	0
1130	0
1131	5
1132	6
1133	9
1134	4
1135	1
1136	0
1137	2
1138	4,5
1139	7
1140	0
1141	1
1142	9
1143	5
1144	4
1145	6
1146	1
1147	3
1148	3
1149	5
1150	2
1151	0
1152	0
1153	4
1154	2
1155	0
1156	6
1157	0
1158	0
1159	6
1160	1
1161	0
1162	1
1163	5
1164	7
1165	6
1166	0
1167	0
1168	1
1169	0
1170	6
1171	5
1172	3,5,7,8
1173	0
1174	2
1175	0
1176	0
1177	0
1178	0
1179	4
1180	1,2
1181	4
1182	5
1183	1
1184	0
1185	2,5,7
1186	0
1187	0
1188	2,6,7,8
1189	0
1190	0
1191	1,5,9
1192	4
1193	0
1194	0
1195	2
1196	0
1197	6
1198	0
1199	4
1200	0
1201	0
1202	0
1203	0
1204	0
1205	2
1206	2
1207	2
1208	2
1209	2
1210	6
1211	6
1212	6
1213	6
1214	6
1215	9
1216	9
1217	9
1218	9
1219	9
1220	8
1221	8
1222	8
1223	8
1224	8
