ATT0(string,2);ATT1(float,10);ATT2(string,10);
a;0.753,0.76,0.865,0.921,0.979,0.561,0.954,0.547,0.187,0.815;aaaa;
aa;0.621,0.0101,0.279,0.322,0.196,0.109,0.021,0.638,0.681,0.904;aaaaaaaa;
a;0.49,0.26,0.84,0.824,0.356,0.515,0.843,0.408,0.546,0.721;aaaaaaa;
a;0.133,0.307,0.638,0.192,0.68,0.957,0.174,0.0924,0.543,0.576;aaaaaaaaa;
aa;0.374,0.669,0.994,0.272,0.785,0.183,0.759,0.846,0.88,0.275;aaaa;
aa;0.837,0.542,0.349,0.594,0.179,0.269,0.392,0.224,0.867,0.16;aaaaa;
a;0.768,0.802,0.699,0.479,0.204,0.851,0.281,0.69,0.969,0.13;aaaa;
a;0.579,0.163,0.426,0.397,0.221,0.0463,0.824,0.803,0.00628,0.369;aaa;
aa;0.0555,0.165,0.93,0.0261,0.455,0.106,0.934,0.302,0.816,0.726;aaaa;
aa;0.865,0.255,0.998,0.219,0.897,0.847,0.398,0.252,0.484,0.179;aaaaaaaaa;
a;0.206,0.315,0.716,0.789,0.977,0.776,0.297,0.897,0.379,0.614;aaaaaaaaa;
aa;0.202,0.308,0.842,0.322,0.756,0.354,0.565,0.573,0.0379,0.318;aaaaaaa;
a;0.189,0.0122,0.974,0.399,0.981,0.654,0.0334,0.903,0.71,0.109;aaaaaaa;
aa;0.0585,0.138,0.691,0.685,0.959,0.962,0.417,0.159,0.881,0.00102;aaaaaaaa;
a;0.501,0.778,0.356,0.31,0.323,0.771,0.122,0.755,0.215,0.471;aaaa;
a;0.478,0.723,0.908,0.325,0.326,0.642,0.0603,0.226,0.326,0.401;aa;
aa;0.565,0.455,0.197,0.584,0.109,0.48,0.791,0.67,0.273,0.489;aaaaa;
aa;0.912,0.6,0.775,0.0057,0.949,0.811,0.579,0.543,0.121,0.173;aa;
a;0.553,0.382,0.459,0.899,0.527,0.803,0.791,0.0117,0.677,0.386;aaaaaaaa;
aa;0.122,0.746,0.598,0.581,0.896,0.508,0.242,0.583,0.273,0.785;aaaaaaaa;
a;0.885,0.908,0.209,0.34,0.865,0.752,0.141,0.763,0.0301,0.721;aaaa;
a;0.644,0.0511,0.24,0.969,0.396,0.262,0.265,0.321,0.748,0.792;aaaaaaaa;
aa;0.396,0.375,0.264,0.504,0.964,0.564,0.883,0.176,0.147,0.9;aaaaaa;
a;0.239,0.86,0.356,0.443,0.484,0.0537,0.218,0.295,0.368,0.578;aaa;
aa;0.752,0.265,0.418,0.951,0.127,0.382,0.648,0.585,0.208,0.695;aaa;
aa;0.294,0.711,0.0608,0.215,0.617,0.179,0.0196,0.196,0.411,0.532;aaa;
aa;0.786,0.78,0.293,0.472,0.866,0.0798,0.707,0.461,0.595,0.23;aaaaaa;
aa;0.832,0.975,0.0467,0.828,0.92,0.0375,0.167,0.503,0.526,0.387;aaaaaa;
a;0.159,0.461,0.857,0.22,0.529,0.164,0.629,0.975,0.545,0.811;aaaaaaaa;
a;0.801,0.499,0.165,0.364,0.844,0.29,0.886,0.5,0.808,0.973;aaaa;
a;0.818,0.239,0.165,0.886,0.554,0.239,0.0397,0.471,0.818,0.98;aaa;
a;0.693,0.319,0.929,0.126,0.576,0.267,0.968,0.408,0.255,0.836;aaaa;
a;0.927,0.53,0.266,0.857,0.0311,0.207,0.475,0.548,0.243,0.0882;aa;
aa;0.675,0.17,0.0601,0.534,0.893,0.439,0.566,0.0353,0.481,0.168;aa;
aa;0.493,0.517,0.76,0.16,0.161,0.321,0.477,0.995,0.117,0.35;a;
aa;0.957,0.871,0.435,0.814,0.987,0.313,0.0741,0.394,0.0478,0.721;aaaaaaaaa;
a;0.136,0.799,0.894,0.907,0.334,0.164,0.402,0.647,0.11,0.98;aaaaaaaaa;
a;0.0723,0.44,0.835,0.121,0.916,0.644,0.135,0.757,0.0271,0.983;a;
aa;0.538,0.016,0.626,0.247,0.968,0.985,0.587,0.192,0.198,0.664;aa;
aa;0.544,0.562,0.83,0.771,0.845,0.495,0.464,0.262,0.488,0.0346;aaaaaaaaa;
a;0.238,0.121,0.0596,0.0348,0.22,0.665,0.623,0.246,0.406,0.289;a;
aa;0.401,0.541,0.701,0.455,0.673,0.0401,0.915,0.4,0.192,0.76;aaaaaa;
a;0.675,0.948,0.721,0.673,0.126,0.961,0.072,0.976,0.773,0.363;a;
a;0.143,0.484,0.639,0.0332,0.851,0.185,0.367,0.362,0.508,0.199;a;
a;0.402,0.0819,0.783,0.782,0.0531,0.328,0.798,0.589,0.292,0.373;aaaaa;
a;0.681,0.557,0.234,0.951,0.538,0.855,0.768,0.986,0.804,0.129;aaaaaaa;
a;0.168,0.685,0.927,0.351,0.935,0.949,0.955,0.894,0.233,0.732;aaaaa;
a;0.926,0.445,0.0547,0.242,0.799,0.503,0.192,0.0638,0.0176,0.692;aa;
a;0.297,0.0574,0.302,0.21,0.565,0.0623,0.208,0.366,0.591,0.14;aaaaaaaaa;
a;0.668,0.708,0.0452,0.35,0.83,0.606,0.38,0.224,0.845,0.914;aaaaaaaaa;
a;0.899,0.901,0.644,0.347,0.723,0.441,0.707,0.876,0.16,0.149;aaaaaaaaa;
aa;0.361,0.464,0.94,0.737,0.974,0.429,0.201,0.408,0.209,0.0998;aaaaa;
aa;0.834,0.671,0.799,0.868,0.415,0.859,0.285,0.904,0.236,0.182;aa;
a;0.321,0.997,0.754,0.364,0.32,0.202,0.234,0.77,0.0574,0.686;aaa;
a;0.0299,0.352,0.984,0.408,0.619,0.705,0.249,0.635,0.621,0.772;aa;
a;0.762,0.423,0.23,0.0522,0.295,0.0426,0.972,0.0294,0.705,0.419;a;
aa;0.957,0.981,0.937,0.66,0.00158,0.624,0.243,0.918,0.714,0.232;aaaaaa;
a;0.631,0.714,0.675,0.642,0.294,0.352,0.884,0.0574,0.555,0.836;aaaaaa;
aa;0.995,0.614,0.609,0.133,0.000529,0.994,0.623,0.962,0.197,0.234;aaa;
aa;0.299,0.617,0.056,0.503,0.361,0.758,0.474,0.934,0.472,0.279;aaaaaaaaa;
a;0.0531,0.468,0.342,0.985,0.71,0.0448,0.274,0.524,0.904,0.197;a;
aa;0.617,0.655,0.637,0.127,0.0408,0.949,0.00133,0.413,0.966,0.896;a;
a;0.905,0.55,0.674,0.659,0.851,0.741,0.236,0.45,0.259,0.696;aaaaaaa;
aa;0.352,0.335,0.487,0.294,0.752,0.58,0.627,0.646,0.0738,0.515;aaaaaaaaaa;
aa;0.172,0.819,0.603,0.708,0.93,0.517,0.0415,0.903,0.699,0.928;aaaaaaaaaa;
a;0.846,0.446,0.958,0.0425,0.396,0.825,0.973,0.344,0.577,0.879;a;
aa;0.873,0.912,0.18,0.877,0.347,0.654,0.573,0.824,0.2,0.157;aaaaaaaaaa;
aa;0.661,0.918,0.466,0.535,0.458,0.0656,0.952,0.746,0.909,0.534;aaaaa;
aa;0.263,0.677,0.771,0.881,0.752,0.592,0.799,0.175,0.933,0.547;aaa;
aa;0.714,0.241,0.55,0.992,0.509,0.935,0.736,0.236,0.59,0.648;aaaaa;
a;0.516,0.571,0.254,0.561,0.268,0.552,0.258,0.255,0.581,0.511;aaaaaa;
aa;0.548,0.697,0.14,0.474,0.508,0.0294,0.853,0.892,0.826,0.245;aaaaaaa;
aa;0.732,0.102,0.856,0.752,0.907,0.243,0.503,0.819,0.806,0.158;aaaa;
aa;0.124,0.938,0.167,0.18,0.0492,0.432,0.0602,0.446,0.354,0.444;aaa;
a;0.218,0.36,0.094,0.385,0.613,0.28,0.0509,0.915,0.634,0.284;aaaa;
a;0.55,0.629,0.567,0.626,0.251,0.826,0.142,0.985,0.632,0.915;aaaaaaa;
a;0.314,0.5,0.818,0.825,0.215,0.782,2.56e-05,0.00269,0.803,0.89;aaaaaaa;
aa;0.0898,0.666,0.28,0.074,0.874,0.185,0.495,0.279,0.755,0.466;aaaaaaa;
a;0.796,0.753,0.672,0.281,0.681,0.404,0.86,0.405,0.22,0.757;aaaa;
aa;0.274,0.0167,0.728,0.313,0.327,0.24,0.865,0.786,0.0839,0.318;aaaaaaaa;
a;0.764,0.623,0.684,0.476,0.161,0.953,0.614,0.71,0.982,0.649;aaaaaaaa;
a;0.692,0.185,0.496,0.337,0.0952,0.0671,0.502,0.756,0.161,0.0167;aaaaaaaa;
a;0.644,0.668,0.948,0.792,0.746,0.157,0.257,0.515,0.477,0.787;aaaaaaaaa;
a;0.164,0.664,0.789,0.211,0.183,0.399,0.034,0.278,0.938,0.691;aaa;
a;0.666,0.221,0.82,0.959,0.4,0.377,0.35,0.334,0.119,0.848;aaaaa;
aa;0.319,0.704,0.951,0.119,0.369,0.0572,0.908,0.71,0.989,0.486;a;
a;0.973,0.27,0.723,0.405,0.855,0.896,0.0528,0.218,0.913,0.753;aaaa;
aa;0.146,0.123,0.275,0.608,0.156,0.825,0.482,0.369,0.894,0.781;aaaaaaaaa;
aa;0.729,0.743,0.794,0.198,0.312,0.665,0.98,0.932,0.865,0.488;aaaa;
a;0.14,0.984,0.0232,0.971,0.00428,0.065,0.538,0.54,0.251,0.201;aaaa;
aa;0.807,0.543,0.21,0.274,0.493,0.126,0.647,0.335,0.605,0.0695;aaaaaaaaa;
aa;0.52,0.851,0.752,0.269,0.214,0.32,0.383,0.558,0.863,0.0146;aaa;
aa;0.694,0.211,0.174,0.793,0.863,0.937,0.778,0.158,0.608,0.209;aaaaaaa;
a;0.657,0.37,0.61,0.0279,0.775,0.127,0.696,0.946,0.0193,0.745;aaaaaa;
a;0.912,0.141,0.289,0.143,0.641,0.851,0.432,0.718,0.811,0.543;aaa;
aa;0.617,0.0919,0.279,0.58,0.273,0.598,0.398,0.435,0.0154,0.971;aaaaa;
a;0.6,0.877,0.48,0.86,0.742,0.436,0.922,0.456,0.169,0.133;aaa;
a;0.78,0.123,0.298,0.618,0.729,0.963,0.128,0.976,0.0483,0.335;aaaaaa;
aa;0.81,0.94,0.98,0.219,0.984,0.0419,0.649,0.602,0.821,0.805;a;
a;0.407,0.925,0.773,0.108,0.074,0.124,0.54,0.0331,0.727,0.358;aaa;
aa;0.824,0.036,0.657,0.624,0.748,0.301,0.512,0.692,0.141,0.469;aaaaa;
aa;0.972,0.91,0.965,0.441,0.735,0.704,0.147,0.34,0.976,0.494;aaaaaaaaaa;
aa;0.416,0.375,0.0887,0.289,0.449,0.232,0.887,0.765,0.575,0.672;aaaaaaaaaa;
aa;0.963,0.376,0.603,0.719,0.358,0.486,0.897,0.464,0.742,0.406;aaaaaa;
a;0.0614,0.443,0.111,0.787,0.934,0.23,0.509,0.611,0.226,0.224;aaaaaaaaaa;
aa;0.962,0.044,0.941,0.605,0.0902,0.563,0.848,0.39,0.319,0.61;aaaaaa;
aa;0.696,0.676,0.903,0.0469,0.0438,0.222,0.998,0.943,0.485,0.902;aa;
a;0.784,0.0285,0.735,0.433,0.738,0.394,0.632,0.233,0.806,0.644;aaaaa;
a;0.385,0.878,0.341,0.755,0.431,0.438,0.105,0.809,0.918,0.742;aaaa;
a;0.7,0.231,0.35,0.0453,0.0829,0.5,0.93,0.177,0.963,0.212;aa;
aa;0.628,0.559,0.0246,0.167,0.624,0.563,0.574,0.891,0.974,0.928;aaaaaa;
a;0.82,0.226,0.756,0.898,0.462,0.0754,0.611,0.93,0.134,0.518;aa;
a;0.736,0.519,0.662,0.99,0.659,0.379,0.89,0.327,0.724,0.243;aaa;
a;0.434,0.718,0.0316,0.479,0.0603,0.577,0.445,0.581,0.0926,0.912;aaa;
a;0.498,0.907,0.958,0.589,0.837,0.508,0.902,0.78,0.826,0.745;aaaaaaaaaa;
aa;0.557,0.919,0.846,0.0959,0.186,0.565,0.72,0.049,0.149,0.484;aaaaaa;
a;0.766,0.234,0.494,0.149,0.539,0.788,0.384,0.38,0.599,0.476;aaaa;
aa;0.421,0.5,0.967,0.157,0.296,0.881,0.783,0.276,0.156,0.754;aaaaaaa;
aa;0.646,0.758,0.276,0.5,0.333,0.0489,0.696,0.153,0.485,0.472;aaaaaa;
a;0.554,0.726,0.423,0.406,0.844,0.379,0.215,0.748,0.174,0.197;aa;
a;0.0266,0.769,0.361,0.0939,0.328,0.506,0.85,0.185,0.685,0.404;a;
aa;0.351,0.3,0.274,0.563,0.617,0.788,0.276,0.0537,0.715,0.788;aaaa;
aa;0.237,0.037,0.462,0.322,0.039,0.826,0.349,0.191,0.875,0.219;aaaaaa;
a;0.6,0.564,0.112,0.603,0.607,0.966,0.699,0.297,0.836,0.398;aaa;
aa;0.188,0.878,0.879,0.586,0.123,0.503,0.307,0.144,0.677,0.0205;aaaaaaaa;
a;0.88,0.00273,0.725,0.18,0.67,0.934,0.0915,0.802,0.693,0.432;aaaaaaaa;
a;0.868,0.199,0.211,0.139,0.173,0.597,0.985,0.718,0.0434,0.38;a;
a;0.9,0.423,0.208,0.711,0.308,0.804,0.415,0.663,0.351,0.158;aaaaaaaaaa;
aa;0.168,0.00484,0.211,0.666,0.117,0.066,0.942,0.615,0.706,0.597;a;
a;0.857,0.935,0.0781,0.614,0.586,0.834,0.247,0.396,0.871,0.806;aaaaa;
a;0.674,0.948,0.336,0.786,0.461,0.886,0.136,0.911,0.323,0.3;aaaaaaaa;
a;0.655,0.854,0.691,0.0649,0.914,0.0236,0.187,0.443,0.194,0.798;aaa;
a;0.802,0.15,0.288,0.126,0.454,0.843,0.991,0.384,0.42,0.171;aa;
a;0.56,0.902,0.511,0.473,0.435,0.707,0.721,0.832,0.332,0.603;aaa;
aa;0.655,0.544,0.363,0.287,0.0638,0.788,0.777,0.632,0.0714,0.00961;aa;
a;0.608,0.0212,0.976,0.481,0.679,0.991,0.179,0.091,0.422,0.876;aaaa;
a;0.384,0.274,0.274,0.903,0.0265,0.446,0.577,0.135,0.0174,0.129;aaaaaaaa;
a;0.932,0.151,0.408,0.122,0.449,0.92,0.425,0.761,0.413,0.283;aaaaaa;
a;0.535,0.93,0.504,0.134,0.979,0.315,0.0557,0.436,0.743,0.409;aaa;
a;0.0295,0.049,0.92,0.84,0.014,0.197,0.603,0.347,0.755,0.315;aaaaa;
aa;0.681,0.306,0.402,0.952,0.829,0.255,0.0855,0.374,0.783,0.962;aaaaaaaaa;
aa;0.945,0.862,0.28,0.664,0.0849,0.548,0.949,0.702,0.546,0.0392;a;
a;0.0508,0.515,0.938,0.689,0.893,0.111,0.517,0.981,0.802,0.833;a;
aa;0.174,0.266,0.734,0.67,0.71,0.284,0.41,0.867,0.192,0.0304;aaaaaaaaaa;
a;0.534,0.949,0.997,0.128,0.929,0.287,0.991,0.0095,0.889,0.923;aaaaa;
aa;0.0257,0.179,0.399,0.334,0.19,0.257,0.554,0.183,0.681,0.358;aaaa;
aa;0.876,0.758,0.84,0.863,0.476,0.119,0.296,0.698,0.723,0.24;aaaa;
a;0.0907,0.795,0.726,0.123,0.227,0.566,0.599,0.403,0.365,0.887;aaaaaaaaa;
aa;0.487,0.791,0.498,0.524,0.0242,0.605,0.154,0.95,0.233,0.437;aaaaaaaaa;
aa;0.701,0.975,0.748,0.806,0.91,0.285,0.823,0.515,0.803,0.303;aaaaaaaaa;
a;0.763,0.169,0.549,0.297,0.286,0.61,0.127,0.0776,0.718,0.507;aaaaaaaa;
a;0.538,0.974,0.888,0.902,0.842,0.0498,0.763,0.771,0.83,0.588;aaaaaaaaaa;
aa;0.846,0.69,0.497,0.868,0.211,0.681,0.213,0.0225,0.275,0.494;aaaaaaaaaa;
aa;0.776,0.189,0.316,0.448,0.089,0.0733,0.0857,0.257,0.336,0.957;aaa;
a;0.837,0.885,0.513,0.564,0.897,0.885,0.392,0.326,0.374,0.186;aaaaaaaa;
a;0.689,0.304,0.733,0.207,0.00184,0.429,0.136,0.526,0.587,0.738;aaaaaaaaa;
a;0.0341,0.157,0.549,0.0693,0.357,0.301,0.238,0.413,0.292,0.581;aa;
a;0.0846,0.798,0.345,0.467,0.885,0.252,0.0776,0.108,0.266,0.549;a;
a;0.362,0.696,0.191,0.381,0.0295,0.286,0.579,0.964,0.875,0.698;aaaaaaaa;
a;0.238,0.361,0.218,0.731,0.657,0.505,0.615,0.746,0.729,0.308;aaaaaaaaaa;
a;0.934,0.382,0.767,0.664,0.121,0.0605,0.742,0.497,0.615,0.354;aa;
aa;0.756,0.063,0.607,0.318,0.681,0.403,0.365,0.767,0.629,0.701;aaaaaaaa;
aa;0.725,0.951,0.0196,0.48,0.138,0.0521,0.888,0.143,0.235,0.497;aaaaaaaaaa;
a;0.198,0.94,0.604,0.812,0.524,0.617,0.72,0.828,0.754,0.555;aaaa;
aa;0.761,0.573,0.518,0.643,0.569,0.817,0.792,0.853,0.357,0.408;aaaaaaaa;
aa;0.28,0.223,0.409,0.826,0.701,0.529,0.431,0.434,0.394,0.437;aaaaaaa;
a;0.259,0.698,0.256,0.501,0.0472,0.649,0.062,0.961,0.158,0.4;aaaaaaaaaa;
aa;0.644,0.606,0.608,0.456,0.342,0.949,0.335,0.598,0.393,0.793;aaaaaaaaaa;
aa;0.194,0.381,0.288,0.758,0.291,0.921,0.0804,0.442,0.714,0.753;aaaaaaaaa;
a;0.0303,0.318,0.0969,0.322,0.947,0.917,0.131,0.848,0.932,0.503;aaaaaaaaaa;
a;0.208,0.596,0.651,0.355,0.181,0.653,0.621,0.436,0.625,0.312;aaaaa;
aa;0.157,0.264,0.182,0.508,0.504,0.283,0.0538,0.447,0.221,0.726;aaaaaaaaaa;
a;0.274,0.0483,0.677,0.033,0.465,0.29,0.304,0.122,0.281,0.328;aaaaaaaa;
a;0.119,0.527,0.937,0.946,0.0727,0.248,0.313,0.675,0.878,0.0987;aaaaaaaaaa;
aa;0.239,0.328,0.711,0.697,0.845,0.436,0.0184,0.315,0.147,0.791;aaaaaaaa;
aa;0.177,0.357,0.66,0.945,0.474,0.955,0.589,0.382,0.633,0.285;aaaaa;
a;0.155,0.253,0.939,0.571,0.229,0.859,0.702,0.898,0.568,0.647;a;
aa;0.558,0.941,0.31,0.503,0.386,0.0452,0.58,0.445,0.108,0.359;aa;
a;0.833,0.58,0.347,0.011,0.37,0.000568,0.884,0.723,0.901,0.563;aa;
aa;0.702,0.899,0.505,0.664,0.22,0.0784,0.225,0.564,0.544,0.266;aaaaaaa;
aa;0.544,0.587,0.0165,0.551,0.339,0.266,0.105,0.682,0.987,0.699;aaaaaa;
aa;0.605,0.0761,0.283,0.593,0.13,0.235,0.837,0.292,0.515,0.0817;aa;
aa;0.578,0.461,0.719,0.569,0.141,0.667,0.63,0.369,0.797,0.774;aa;
a;0.0556,0.304,0.559,0.704,0.0666,0.0542,0.766,0.355,0.0613,0.0432;aaaaaaaa;
aa;0.254,0.27,0.92,0.278,0.162,0.811,0.52,0.486,0.0291,0.0533;aaa;
a;0.0212,0.689,0.646,0.557,0.941,0.942,0.787,0.779,0.82,0.437;aaaaaa;
a;0.301,0.925,0.316,0.659,0.442,0.599,0.537,0.508,0.941,0.7;aaaaaa;
a;0.354,0.376,0.914,0.656,0.62,0.688,0.494,0.578,0.432,0.211;aaaa;
aa;0.707,0.126,0.461,0.437,0.356,0.981,0.388,0.995,0.204,0.45;aa;
a;0.51,0.373,0.0707,0.372,0.223,0.488,0.53,0.189,0.721,0.381;a;
aa;0.094,0.699,0.772,0.949,0.397,0.309,0.168,0.0779,0.441,0.00148;aaaaaaaaa;
a;0.166,0.811,0.0146,0.841,0.168,0.436,0.404,0.827,0.125,0.354;aa;
aa;0.996,0.444,0.566,0.853,0.643,0.397,0.919,0.233,0.915,0.767;a;
a;0.961,0.343,0.738,0.471,0.8,0.226,0.491,0.498,0.771,0.821;aaaaa;
a;0.737,0.546,0.678,0.383,0.827,0.703,0.187,0.356,0.934,0.686;a;
a;0.603,0.668,0.717,0.0591,0.431,0.789,0.822,0.433,0.194,0.296;aaaaaaaa;
aa;0.181,0.881,0.946,0.729,0.997,0.276,0.185,0.965,0.236,0.844;aaaaaa;
a;0.242,0.543,0.777,0.708,0.342,0.821,0.847,0.314,0.42,0.481;aaaaaaaaa;
a;0.905,0.845,0.195,0.193,0.952,0.348,0.404,0.482,0.0549,0.425;aaaaaaaa;
aa;0.346,0.889,0.338,0.268,0.0254,0.683,0.305,0.0764,0.627,0.491;aaaaaa;
aa;0.596,0.462,0.0209,0.219,0.301,0.898,0.486,0.902,0.874,0.48;aa;
a;0.432,0.0167,0.847,0.725,0.059,0.778,0.245,0.679,0.12,0.231;aaaaaa;
aa;0.667,0.132,0.661,0.269,0.19,0.937,0.413,0.926,0.326,0.661;aaa;
aa;0.229,0.0387,0.69,0.82,0.244,0.193,0.57,0.425,0.135,1;aaaaa;
aa;0.413,0.252,0.815,0.225,0.398,0.41,0.65,0.486,0.841,0.357;aaaaaaaaa;
aa;0.22,0.245,0.699,0.118,0.461,0.962,0.0761,0.197,0.0377,0.939;a;
aa;0.56,0.157,0.76,0.677,0.246,0.00573,0.0309,0.231,0.628,0.936;aaaaaaaaaa;
aa;0.699,0.495,0.308,0.23,0.244,0.0558,0.451,0.204,0.316,0.621;aaaaaaaaa;
a;0.874,0.989,0.436,0.762,0.752,0.647,0.798,0.802,0.315,0.767;aaaaaaaa;
a;0.162,0.347,0.882,0.53,0.324,0.0702,0.62,0.403,0.212,0.535;aaaaaa;
a;0.484,0.811,0.399,0.521,0.942,0.328,0.807,0.198,0.0094,0.966;aaaaaaaaa;
aa;0.629,0.131,0.772,0.102,0.462,0.156,0.243,0.252,0.452,0.181;aaaa;
a;0.884,0.258,0.0525,0.647,0.676,0.873,0.252,0.197,0.488,0.547;aaaaaaa;
a;0.0017,0.243,0.339,0.571,0.946,0.835,0.35,0.178,0.75,0.643;aaaaaaaa;
aa;0.167,0.961,0.526,0.12,0.795,0.936,0.556,0.895,0.308,0.545;aaaaaaaa;
a;0.0278,0.987,0.251,0.943,0.236,0.735,0.977,0.883,0.726,0.65;aaa;
a;0.2,0.424,0.082,0.953,0.092,0.612,0.275,0.524,0.22,0.698;a;
aa;0.542,0.932,0.613,0.871,0.481,0.62,0.281,0.766,0.343,0.679;aaa;
aa;0.00505,0.851,0.95,0.204,0.766,0.306,0.852,0.11,0.872,0.695;aaaaaaaaa;
a;0.532,0.301,0.897,0.559,0.812,0.288,0.491,0.185,0.256,0.799;aaaaaa;
a;0.461,0.527,0.781,0.0432,0.328,0.0583,0.472,0.495,0.351,0.573;aaaaaaaaa;
aa;0.506,0.208,0.593,0.206,0.469,0.331,0.0363,0.0426,0.705,0.717;aaaaaa;
aa;0.231,0.607,0.53,0.00457,0.129,0.707,0.509,0.322,0.269,0.464;aaaaaa;
aa;0.74,0.428,0.975,0.408,0.298,0.402,0.619,0.0374,0.654,0.529;aaaaa;
aa;0.652,0.976,0.147,0.888,0.0377,0.924,0.111,0.18,0.486,0.659;aaaa;
aa;0.737,0.907,0.939,0.377,0.995,0.902,0.96,0.981,0.782,0.0108;aa;
aa;0.256,0.419,0.0719,0.399,0.764,0.196,0.917,0.954,0.262,0.0207;aaaaaa;
a;0.941,0.166,0.562,0.269,0.147,0.972,0.604,0.688,0.494,0.81;aaaaa;
a;0.35,0.907,0.301,0.896,0.358,0.85,0.833,0.745,0.0976,0.418;aaaaaaaa;
a;0.885,0.934,0.176,0.924,0.908,0.693,0.912,0.745,0.863,0.63;aaaaaaaa;
a;0.404,0.781,0.605,0.392,0.703,0.579,0.646,0.836,0.808,0.517;aaaa;
a;0.63,0.253,0.342,0.831,0.381,0.972,0.61,0.918,0.406,0.976;a;
aa;0.408,0.0998,0.129,0.467,0.612,0.769,0.951,0.65,0.548,0.965;aaaaaaaaaa;
aa;0.596,0.435,0.0739,0.11,0.242,0.857,0.806,0.0176,0.132,0.62;aaaaaaaa;
a;0.638,0.292,0.232,0.272,0.0499,0.846,0.932,0.583,0.179,0.984;aaaaaaaaa;
aa;0.138,0.604,0.502,0.0506,0.737,0.0336,0.705,0.899,0.857,0.887;aaaaaaaa;
aa;0.326,0.862,0.184,0.735,0.645,0.915,0.655,0.499,0.125,0.741;aaaaa;
aa;0.202,0.876,0.0723,0.264,0.989,0.588,0.954,0.668,0.22,0.749;aaaaaaa;
a;0.396,0.286,0.194,0.991,0.647,0.689,0.585,0.927,0.969,0.6;aaaaaaa;
a;0.805,0.612,0.584,0.123,0.157,0.711,0.433,0.0787,0.0327,0.542;aaaaaa;
aa;0.293,0.432,0.946,0.594,0.625,0.328,0.999,0.548,0.745,0.684;aaa;
aa;0.852,0.136,0.312,0.397,0.754,0.408,0.866,0.437,0.48,0.91;aaaaaaa;
aa;0.18,0.818,0.301,0.0609,0.279,0.685,0.929,0.777,0.0796,0.572;aaaaaa;
aa;0.707,0.879,0.264,0.0838,0.544,0.618,0.781,0.416,0.639,0.66;aaaa;
aa;0.132,0.793,0.00168,0.884,0.648,0.0653,0.987,0.809,0.512,0.553;aaaa;
a;0.119,0.674,0.0701,0.434,0.712,0.678,0.748,0.47,0.236,0.393;aaaaaaaaaa;
aa;0.79,0.299,0.994,0.179,0.778,0.628,0.978,0.887,0.565,0.199;aaa;
a;0.485,0.793,0.855,0.585,0.101,0.123,0.121,0.53,0.73,0.442;aaaaaaaa;
aa;0.565,0.255,0.488,0.523,0.0746,0.786,0.273,0.965,0.228,0.271;aaaaaa;
aa;0.331,0.795,0.917,0.929,0.661,0.203,0.323,0.874,0.463,0.144;a;
a;0.326,0.0424,0.818,0.479,0.396,0.784,0.0704,0.286,0.527,0.712;aaaaaa;
a;0.965,0.346,0.618,0.311,0.515,0.148,0.474,0.525,0.63,0.778;aaaaa;
aa;0.716,0.0433,0.264,0.557,0.566,0.742,0.477,0.232,0.408,0.726;aaaa;
aa;0.546,0.273,0.974,0.122,0.795,0.269,0.751,0.388,0.581,0.326;aaaa;
aa;0.0314,0.221,0.003,0.42,0.354,0.0749,0.0391,0.236,0.0591,0.234;aa;
aa;0.488,0.771,0.706,0.852,0.924,0.719,0.845,0.0716,0.649,0.811;aaaaaaaaaa;
a;0.257,0.993,0.893,0.0868,0.8,0.6,0.454,0.461,0.939,0.436;aaaaaa;
aa;0.434,0.561,0.483,0.343,0.301,0.951,0.0173,0.539,0.779,0.721;aaaaaa;
a;0.321,0.722,0.597,0.602,0.504,0.713,0.769,0.233,0.999,0.632;a;
aa;0.724,0.443,0.405,0.136,0.866,0.0688,0.679,0.433,0.836,0.141;aaa;
a;0.469,0.314,0.244,0.654,0.41,0.562,0.314,0.908,0.546,0.389;aaaaaaaa;
a;0.264,0.65,0.273,0.202,0.22,0.7,0.406,0.298,0.626,0.861;aaaaaaaa;
a;0.403,0.392,0.47,0.646,0.555,0.475,0.531,0.579,0.754,0.946;aaaaaaaaa;
a;0.892,0.697,0.391,0.901,0.792,0.277,0.823,0.169,0.389,0.272;a;
a;0.475,0.514,0.722,0.275,0.546,0.616,0.363,0.204,0.984,0.179;aa;
a;0.325,0.669,0.266,0.0348,0.419,0.938,0.386,0.533,0.72,0.572;aaa;
aa;0.201,0.798,0.179,0.939,0.0207,0.00237,0.458,0.765,0.942,0.986;aaaaa;
aa;0.871,0.435,0.964,0.0125,0.0956,0.223,0.573,0.445,0.37,0.517;aaaaa;
aa;0.0785,0.742,0.0869,0.0578,0.803,0.0296,0.999,0.795,0.655,0.12;aaaa;
a;0.193,0.253,0.00973,0.308,0.751,0.351,0.371,0.787,0.241,0.0728;aaaaaaaaaa;
aa;0.508,0.0511,0.262,0.914,0.907,0.775,0.843,0.352,0.811,0.979;aaaaaaaa;
a;0.998,0.0563,0.847,0.194,0.933,0.415,0.733,0.796,0.732,0.193;aaaaaaaaaa;
a;0.641,0.285,0.723,0.51,0.079,0.51,0.862,0.679,0.246,0.0391;a;
aa;0.455,0.229,0.567,0.322,0.936,0.0182,0.657,0.352,0.781,0.903;aaaaa;
aa;0.496,0.224,0.684,0.0406,0.58,0.36,0.53,0.399,0.639,0.106;aaaaaa;
a;0.677,0.588,0.568,0.334,0.307,0.767,0.329,0.196,0.447,0.00229;aaaaaaaa;
a;0.0526,0.54,0.461,0.0588,0.437,0.13,0.173,0.656,0.855,0.646;aa;
aa;0.822,0.328,0.0172,0.704,0.337,0.83,0.779,0.824,0.473,0.293;aaa;
a;0.852,0.342,0.746,0.668,0.0795,0.494,0.0135,0.691,0.167,0.197;aaaa;
aa;0.669,0.222,0.262,0.568,0.725,0.941,0.827,0.0103,0.0879,0.905;a;
a;0.534,0.513,0.177,0.0352,0.0684,0.931,0.209,0.703,0.491,0.578;aaa;
a;0.0328,0.98,0.326,0.904,0.276,0.463,0.163,0.399,0.832,0.129;aaaaaaaaa;
aa;0.529,0.238,0.85,0.264,0.58,0.662,0.416,0.946,0.945,0.508;aaaaaaaaa;
aa;0.336,0.313,0.631,0.168,0.501,0.23,0.479,0.809,0.291,0.0213;aaaa;
aa;0.89,0.326,0.0264,0.942,0.652,0.779,0.784,0.0732,0.969,0.472;aa;
a;0.319,0.321,0.465,0.296,0.0384,0.578,0.195,0.184,0.136,0.355;aaaa;
a;0.127,0.745,0.563,0.158,0.538,0.477,0.722,0.672,0.699,0.957;a;
a;0.938,0.95,0.875,0.988,0.422,0.888,0.438,0.00293,0.184,0.688;aaaaaaa;
aa;0.535,0.688,0.409,0.686,0.276,0.659,0.173,0.245,0.651,0.028;aaaaaaaaa;
a;0.54,0.556,0.858,0.667,0.0449,0.498,0.518,0.175,0.694,0.768;aa;
aa;0.906,0.65,0.0828,0.304,0.754,0.298,0.0251,0.956,0.437,0.463;aaa;
a;0.0518,0.501,0.887,0.816,0.465,0.687,0.676,0.446,0.983,0.172;aaaaaaaaa;
a;0.916,0.342,0.455,0.502,0.333,0.674,0.407,0.892,0.415,0.0585;aaaaa;
a;0.854,0.528,0.857,0.611,0.602,0.512,0.478,0.976,0.673,0.0742;aaaaaaaaa;
a;0.166,0.574,0.802,0.167,0.466,0.984,0.72,0.229,0.817,0.529;aaa;
aa;0.223,0.583,0.838,0.89,0.791,0.288,0.937,0.165,0.00947,0.44;aaaaaaaaaa;
aa;0.879,0.492,0.587,0.282,0.0837,0.751,0.507,0.614,0.501,0.629;aa;
a;0.731,0.512,0.57,0.646,0.501,0.268,0.0805,0.505,0.353,0.611;a;
a;0.67,0.205,0.0993,0.792,0.0858,0.887,0.102,0.758,0.667,0.935;aaaaaaaaaa;
aa;0.599,0.442,0.954,0.48,0.664,0.804,0.311,0.0102,0.265,0.926;aaaaaa;
a;0.316,0.631,0.71,0.348,0.0746,0.365,0.855,0.89,0.842,0.757;a;
a;0.412,0.863,0.885,0.323,0.826,0.736,0.0162,0.029,0.743,0.314;aaaaaaaaa;
a;0.933,0.36,0.233,0.565,0.766,0.781,0.162,0.793,0.228,0.365;aaaaa;
a;0.934,0.748,0.133,0.59,0.998,0.488,0.887,0.303,0.527,0.437;aaaaa;
a;0.894,0.0983,0.746,0.859,0.314,0.0547,0.327,0.0689,0.0749,0.817;aaaaaaa;
aa;0.308,0.828,0.899,0.909,0.654,0.446,0.82,0.922,0.0856,0.638;aa;
a;0.75,0.534,0.94,0.587,0.342,0.51,0.897,0.194,0.423,0.81;a;
aa;0.142,0.126,0.269,0.0384,0.741,0.968,0.634,0.504,0.93,0.172;aaaaaaaa;
a;0.587,0.368,0.737,0.682,0.853,0.311,0.0405,0.91,0.303,0.155;aaaa;
aa;0.916,0.121,0.682,0.298,0.761,0.233,0.409,0.643,0.638,0.548;aaaaaaaa;
aa;0.0987,0.909,0.542,0.455,0.764,0.702,0.188,0.741,0.158,0.0339;aaa;
a;0.811,0.285,0.84,0.622,0.948,0.642,0.00428,0.328,0.115,0.663;aaaaaa;
aa;0.442,0.0287,0.638,0.181,0.278,0.0351,0.603,0.145,0.7,0.402;aaaaaaa;
a;0.098,0.795,0.886,0.984,0.301,0.858,0.138,0.682,0.467,0.406;aaaaaaaa;
aa;0.932,0.769,0.318,0.376,0.0131,0.0904,0.751,0.546,0.314,0.804;aaa;
aa;0.806,0.449,0.511,0.295,0.111,0.598,0.916,0.852,0.273,0.127;aaaaaaaaa;
a;0.793,0.798,0.694,0.787,0.00475,0.945,0.367,0.562,0.972,0.272;aaa;
a;0.683,0.711,0.9,0.0182,0.874,0.374,0.446,0.229,0.383,0.197;aaaaa;
aa;0.555,0.106,0.657,0.0405,0.0887,0.379,0.648,0.985,0.135,0.3;aaa;
aa;0.00934,0.0302,0.681,0.812,0.362,0.0636,0.214,0.525,0.536,0.0974;aaaaaa;
aa;0.453,0.0197,0.25,0.138,0.147,0.795,0.69,0.621,0.743,0.71;aaaa;
a;0.626,0.0105,0.00683,0.526,0.398,0.657,0.937,0.0803,0.807,0.361;aaaaaaaa;
aa;0.00865,0.986,0.233,0.91,0.462,0.843,0.56,0.61,0.852,0.646;aaaa;
aa;0.112,0.272,0.863,0.294,0.45,0.384,0.986,0.916,0.65,0.696;aaaaa;
a;0.237,0.0661,0.416,0.909,0.944,0.422,0.396,0.111,0.765,0.327;aa;
aa;0.508,0.759,0.0241,0.575,0.806,0.162,0.454,0.0613,0.731,0.19;aaaaaa;
a;0.935,0.496,0.6,0.318,0.232,0.599,0.647,0.723,0.615,0.268;aaaaaaaa;
aa;0.578,0.35,0.901,0.215,0.368,0.957,0.533,0.979,0.481,0.406;aaaaaaaaaa;
aa;0.5,0.42,0.015,0.0737,0.945,0.258,0.799,0.461,0.0524,0.646;aaaaaaaaa;
a;0.931,0.952,0.125,0.271,0.789,0.653,0.834,0.791,0.985,0.619;aaaaaaa;
a;0.42,0.608,0.169,0.514,0.892,0.446,0.148,0.464,0.552,0.189;aaaaaaaaa;
a;0.0326,0.894,0.549,0.23,0.35,0.505,0.939,0.927,0.745,0.293;aa;
a;0.616,0.217,0.153,0.351,0.778,0.822,0.25,0.986,0.697,0.776;a;
a;0.552,0.0795,0.307,0.956,0.373,0.545,0.668,0.0566,0.141,0.025;aaaa;
a;0.171,0.299,0.964,0.318,0.355,0.181,0.0994,0.359,0.691,0.66;a;
aa;0.933,0.932,0.887,0.00117,0.821,0.493,0.49,0.0363,0.907,0.976;aaa;
aa;0.223,0.963,0.409,0.928,0.137,0.0741,0.618,0.55,0.406,0.835;aaaaaaaa;
a;0.562,0.796,0.166,0.551,0.0473,0.944,0.429,0.387,0.398,0.104;aaaaaaaaa;
a;0.249,0.111,0.142,0.528,0.915,0.732,0.558,0.015,0.257,0.858;a;
a;0.978,0.241,0.157,0.711,0.708,0.328,0.209,0.00985,0.149,0.259;aa;
a;0.151,0.769,0.908,0.327,0.467,0.931,0.865,0.673,0.195,0.413;aaaaaaaaaa;
aa;0.437,0.747,0.689,0.858,0.792,0.32,0.364,0.947,0.871,0.0449;aaaa;
a;0.627,0.111,0.502,0.225,0.903,0.107,0.129,0.494,0.942,0.628;aaaaaaa;
aa;0.899,0.863,0.63,0.62,0.989,0.803,0.685,0.305,0.822,0.0446;aaaaaaaa;
aa;0.362,0.357,0.946,0.514,0.683,0.168,0.481,0.505,0.795,0.457;aaa;
aa;0.957,0.11,0.125,0.757,0.243,0.646,0.428,0.35,0.234,0.198;aaaaaaaa;
aa;0.548,0.898,0.185,0.932,0.105,0.357,0.202,0.941,0.0785,0.345;aaaaaaaaa;
aa;0.8,0.717,0.0473,0.29,0.412,0.441,0.868,0.78,0.966,0.687;aaaaaaa;
aa;0.912,0.644,0.77,0.634,0.472,0.705,0.136,0.462,0.58,0.0512;aaaa;
a;0.39,0.776,0.575,0.776,0.273,0.403,0.328,0.534,0.0797,0.846;a;
a;0.206,0.847,0.713,0.22,0.00771,0.615,0.925,0.0506,0.544,0.0897;aaaaaaa;
a;0.107,0.621,0.125,0.477,0.161,0.0505,0.723,0.841,0.227,0.75;aaaaaaaaaa;
a;0.372,0.0591,0.585,0.334,0.496,0.858,0.435,0.994,0.0825,0.826;aaaaaaaaaa;
aa;0.598,0.856,0.581,0.178,0.653,0.231,0.758,0.377,0.421,0.829;aaaaaa;
a;0.38,0.255,0.95,0.0559,0.881,0.0894,0.616,0.0596,0.25,0.903;aaaaaaaaaa;
aa;0.44,0.71,0.418,0.183,0.244,0.249,0.724,0.359,0.128,0.321;aaa;
aa;0.856,0.213,0.86,0.059,0.0571,0.173,0.576,0.127,0.549,0.313;aaaaaaa;
a;0.753,0.0384,0.615,0.003,0.509,0.0366,0.497,0.684,0.919,0.235;aaaaaaa;
a;0.256,0.966,0.499,0.042,0.392,0.9,0.859,0.917,0.864,0.582;aaaaaaaaaa;
aa;0.111,0.062,0.613,0.992,0.0493,0.662,0.175,0.552,0.616,0.944;aaaaaaa;
a;0.374,0.387,0.547,0.368,0.137,0.129,0.891,0.662,0.352,0.0117;aaaa;
a;0.382,0.858,0.981,0.856,0.632,0.657,0.486,0.23,0.309,0.856;aaaaaaaaaa;
aa;0.515,0.46,0.597,0.656,0.271,0.564,0.311,0.87,0.0707,0.674;a;
a;0.509,0.749,0.806,0.228,0.674,0.602,0.231,0.691,0.957,0.309;aaaaaaaa;
aa;0.108,0.153,0.971,0.934,0.548,0.295,0.0949,0.131,0.00922,0.645;aaaaa;
aa;0.75,0.439,0.84,0.684,0.868,0.792,0.38,0.0587,0.886,0.578;aaa;
aa;0.779,0.0636,0.8,0.216,0.808,0.245,0.704,0.165,0.678,0.656;aaaaaaaaaa;
aa;0.801,0.972,0.97,0.431,0.265,0.212,0.623,0.272,0.366,0.341;aaa;
a;0.522,0.443,0.976,0.528,0.69,0.918,0.474,0.341,0.459,0.314;aaaa;
a;0.799,0.273,0.478,0.0849,0.791,0.708,0.546,0.96,0.972,0.212;a;
a;0.515,0.919,0.762,0.205,0.883,0.402,0.922,0.576,0.509,0.954;aa;
a;0.0204,0.368,0.877,0.267,0.442,0.953,0.629,0.66,0.849,0.271;aaa;
a;0.603,0.275,0.956,0.898,0.698,0.249,0.607,0.5,0.209,0.144;aaaa;
aa;0.706,0.782,0.473,0.233,0.525,0.334,0.594,0.569,0.83,0.904;aaaaa;
a;0.167,0.438,0.377,0.913,0.859,0.862,0.391,0.649,0.072,0.775;aaaaaaaaaa;
a;0.912,0.303,0.0311,0.703,0.343,0.906,0.0308,0.592,0.7,0.918;aaaaa;
a;0.573,0.853,0.931,0.638,0.474,0.76,0.173,0.233,0.721,0.691;aaaaaaa;
a;0.386,0.434,0.891,0.675,0.6,0.574,0.482,0.105,0.231,0.491;aaaaaa;
aa;0.935,0.42,0.255,0.329,0.579,0.196,0.458,0.996,0.867,0.107;aaaaaaaa;
a;0.342,0.827,0.649,0.353,0.915,0.411,0.0999,0.582,0.726,0.981;aaaa;
a;0.443,0.753,0.985,0.508,0.506,0.168,0.977,0.106,0.102,0.814;aaaaaaaaa;
a;0.0299,0.187,0.479,0.825,0.25,0.35,0.851,0.124,0.388,0.556;aaaaa;
a;0.948,0.784,0.0899,0.836,0.495,0.793,0.888,0.0192,0.914,0.939;aaaaaaaaa;
a;0.0375,0.512,0.097,0.95,0.578,0.0432,0.047,0.208,0.431,0.528;aaaa;
aa;0.0183,0.622,0.223,0.986,0.169,0.79,0.893,0.654,0.695,0.93;aaaaa;
a;0.484,0.466,0.347,0.473,0.933,0.247,0.237,0.544,0.743,0.084;aaaa;
aa;0.539,0.434,0.565,0.809,0.596,0.383,0.296,0.786,0.817,0.268;aaaaa;
aa;0.595,0.399,0.496,0.141,0.481,0.207,0.589,0.686,0.104,0.103;aaa;
aa;0.36,0.876,0.946,0.104,0.787,0.123,0.452,0.447,0.0288,0.389;aaa;
aa;0.571,0.872,0.359,0.814,0.325,0.948,0.926,0.618,0.952,0.961;a;
a;0.521,0.501,0.0383,0.464,0.841,0.299,0.894,0.982,0.457,0.485;aaaaaa;
a;0.418,0.646,0.737,0.0303,0.292,0.482,0.63,0.0404,0.147,0.0524;aa;
a;0.575,0.877,0.58,0.569,0.297,0.997,0.0213,0.796,0.0753,0.576;a;
aa;0.333,0.0461,0.0572,0.0677,0.711,0.174,0.868,0.235,0.629,0.492;aaaaa;
aa;0.748,0.684,0.207,0.515,0.8,0.154,0.46,0.34,0.579,0.568;aa;
aa;0.779,0.961,0.44,0.0704,0.889,0.455,0.15,0.654,0.785,0.412;aaaaaaaa;
a;0.594,0.513,0.266,0.94,0.177,0.0412,0.427,0.677,0.502,0.272;aa;
aa;0.0968,0.199,0.464,0.434,0.3,0.223,0.314,0.0907,0.465,0.49;aaaaaaaaaa;
aa;0.354,0.00161,0.486,0.0605,0.563,0.641,0.877,0.533,0.378,0.498;aaaaaaaaaa;
a;0.113,0.867,0.544,0.495,0.371,0.717,0.32,0.0601,0.304,0.828;aaaaa;
aa;0.596,0.186,0.0874,0.608,0.016,0.58,0.899,0.273,0.688,0.145;aaaaaaaa;
aa;0.745,0.247,0.721,0.44,0.756,0.323,0.0778,0.309,0.633,0.559;aaaaa;
aa;0.461,0.636,0.0117,0.905,0.327,0.0947,0.183,0.266,0.148,0.25;aaaaaaa;
a;0.609,0.822,0.212,0.0357,0.359,0.96,0.808,0.807,0.606,0.673;aaaaaaaaa;
aa;0.879,0.679,0.322,0.555,0.407,0.094,0.361,0.687,0.772,0.187;aa;
a;0.481,0.464,0.304,0.417,0.0894,0.316,0.369,0.913,0.477,0.26;aaaaaaaaa;
aa;0.641,0.0532,0.59,0.912,0.604,0.501,0.211,0.429,0.513,0.914;aaaa;
a;0.994,0.517,0.407,0.611,0.852,0.624,0.0648,0.54,0.125,0.683;aa;
a;0.182,0.256,0.835,0.904,0.686,0.141,0.713,0.512,0.977,0.13;aaaaaaaaaa;
aa;0.183,0.593,0.706,0.91,0.0223,0.863,0.527,0.281,0.673,0.689;aaa;
aa;0.955,0.195,0.644,0.804,0.704,0.514,0.549,0.443,0.767,0.694;aaaaaa;
aa;0.35,0.00659,0.726,0.683,0.684,0.324,0.199,0.0449,0.287,0.876;aaaa;
aa;0.185,0.788,0.351,0.36,0.156,0.221,0.679,0.714,0.844,0.842;aaa;
a;0.543,0.798,0.904,0.224,0.547,0.942,0.119,0.583,0.648,0.164;aaaaaaaa;
aa;0.566,0.542,0.606,0.689,0.0424,0.712,0.368,0.192,0.463,0.676;a;
a;0.0511,0.884,0.852,0.385,0.869,0.0975,0.96,0.898,0.792,0.513;aa;
a;0.981,0.0753,0.254,0.024,0.915,0.988,0.0835,0.787,0.808,0.0107;aaaaaaa;
a;0.111,0.0373,0.365,0.67,0.64,0.389,0.265,0.913,0.817,0.129;aaaaa;
a;0.905,0.749,0.876,0.943,0.227,0.728,0.4,0.541,0.762,0.177;aaa;
a;0.373,0.839,0.106,0.705,0.72,0.111,0.278,0.378,0.0208,0.68;a;
aa;0.673,0.322,0.23,0.602,0.545,0.638,0.803,0.319,0.804,0.00454;aaa;
a;0.251,0.502,0.253,0.33,0.45,0.447,0.367,0.387,0.202,0.887;aaaaaaaa;
a;0.404,0.52,0.647,0.688,0.765,0.84,0.469,0.464,0.444,0.689;aaaaaaaaaa;
a;0.0372,0.579,0.853,0.257,0.804,0.0742,0.99,0.672,0.904,0.277;aaaaaaaaa;
a;0.164,0.405,0.865,0.412,0.0845,0.343,0.962,0.942,0.691,0.227;aa;
a;0.237,0.103,0.178,0.974,0.422,0.555,0.218,0.991,0.774,0.762;aaa;
a;0.573,0.308,0.112,0.922,0.786,0.975,0.178,0.171,0.137,0.109;aa;
a;0.719,0.396,0.0393,0.273,0.643,0.902,0.127,0.49,0.591,0.231;a;
aa;0.442,0.055,0.689,0.284,0.0406,0.187,0.642,0.0674,0.516,0.799;aaaaa;
a;0.128,0.865,0.264,0.365,0.881,0.272,0.335,0.609,0.437,0.241;a;
aa;0.572,0.529,0.642,0.418,0.891,0.461,0.716,0.407,0.845,0.25;aaaaaaaaaa;
a;0.265,0.616,0.117,0.765,0.459,0.772,0.409,0.984,0.873,0.182;aaaa;
aa;0.615,0.125,0.634,0.718,0.909,0.845,0.405,0.888,0.883,0.919;aaa;
a;0.711,0.177,0.0505,0.105,0.398,0.513,0.103,0.087,0.378,0.351;a;
aa;0.863,0.424,0.117,0.592,0.721,0.175,0.0795,0.737,0.419,0.698;aaaaaaaaaa;
aa;0.427,0.462,0.933,0.164,0.164,0.892,0.414,0.834,0.734,0.545;aaaaa;
a;0.289,0.669,0.621,0.732,0.286,0.704,0.618,0.224,0.584,0.432;aaaaaaaaa;
a;0.275,0.286,0.816,0.376,0.42,0.407,0.0294,0.906,0.577,0.71;aaaa;
aa;0.81,0.306,0.692,0.861,0.134,0.0656,0.477,0.282,0.968,0.422;aaaaaaaaa;
a;0.427,0.369,0.543,0.683,0.0425,0.224,0.218,0.241,0.469,0.0205;aaa;
aa;0.31,0.602,0.614,0.684,0.308,0.679,0.656,0.131,0.91,0.647;aaaaaaaaaa;
aa;0.273,0.00369,0.205,0.771,0.03,0.336,0.0559,0.603,0.0674,0.0532;aaaa;
a;0.0196,0.988,0.682,0.0688,0.169,0.0625,0.0192,0.81,0.292,0.693;aaaaaa;
aa;0.616,0.646,0.135,0.903,0.429,0.109,0.0219,0.992,0.676,0.17;aaaaaaaa;
aa;0.807,0.712,0.0326,0.084,0.475,0.463,0.454,0.329,0.0599,0.423;aaaaaaa;
a;0.926,0.838,0.693,0.979,0.655,0.892,0.526,0.789,0.772,0.812;a;
a;0.597,0.356,0.688,0.134,0.522,0.267,0.589,0.561,0.189,0.94;aaa;
aa;0.757,0.782,0.332,0.314,0.742,0.373,0.323,0.56,0.791,0.949;aaaaaa;
aa;0.225,0.871,0.111,0.601,0.884,0.773,0.93,0.392,0.85,0.155;a;
aa;0.6,0.775,0.522,0.439,0.589,0.582,0.0632,0.61,0.475,0.827;aaaaaa;
aa;0.432,0.178,0.015,0.761,0.387,0.235,0.347,0.942,0.269,0.16;aa;
a;0.886,0.21,0.507,0.363,0.932,0.77,0.764,0.877,0.447,0.405;aaaaaaaa;
aa;0.677,0.62,0.762,0.403,0.123,0.29,0.0696,0.48,0.748,0.464;a;
aa;0.753,0.746,0.584,0.341,0.472,0.621,0.0595,0.972,0.197,0.319;aaaaaaaaaa;
a;0.0415,0.925,0.79,0.306,0.397,0.849,0.633,0.822,0.518,0.364;aa;
a;0.767,0.133,0.341,0.896,0.665,0.449,0.707,0.636,0.00586,0.807;aaaaaaaaaa;
a;0.837,0.57,0.817,0.393,0.865,0.549,0.925,0.734,0.538,0.895;aaaaaaaa;
a;0.234,0.439,0.721,0.43,0.877,0.111,0.879,0.702,0.0264,0.833;aaaaa;
a;0.677,0.379,0.233,0.302,0.156,0.0588,0.342,0.18,0.0356,0.096;aaaaa;
aa;0.42,0.489,0.194,0.479,0.164,0.693,0.142,0.216,0.132,0.867;aaaaa;
aa;0.249,0.167,0.3,0.67,0.46,0.914,0.0124,0.586,0.598,0.919;aaaaaaaaaa;
aa;0.765,0.381,0.212,0.58,0.942,0.54,0.258,0.768,0.845,0.965;aaaaa;
aa;0.000147,0.797,0.191,0.277,0.118,0.717,0.934,0.907,0.829,0.504;aaaaaa;
a;0.0253,0.251,0.826,0.0783,0.0346,0.597,0.24,0.464,0.809,0.612;a;
a;0.948,0.329,0.67,0.186,0.283,0.903,0.489,0.482,0.712,0.413;aaaaaaa;
a;0.363,0.939,0.167,0.397,0.839,0.251,0.312,0.0934,0.965,0.391;aa;
aa;0.858,0.488,0.971,0.844,0.634,0.349,0.15,0.344,0.055,0.727;aaaaaaaa;
a;0.164,0.817,0.304,0.418,0.945,0.305,0.105,0.451,0.584,0.105;aaaaa;
a;0.436,0.66,0.183,0.452,0.102,0.995,0.233,0.975,0.995,0.0643;a;
a;0.078,0.949,0.882,0.275,0.947,0.478,0.904,0.289,0.442,0.31;aaa;
aa;0.376,0.0984,0.485,0.65,0.841,0.511,0.49,0.0465,0.964,0.635;aaaaaaa;
a;0.301,0.463,0.0769,0.766,0.488,0.653,0.702,0.275,0.765,0.453;aa;
aa;0.801,0.0462,0.569,0.324,0.757,0.533,0.0282,0.041,0.968,0.0212;aaaaaa;
aa;0.89,0.45,0.267,0.0633,0.657,0.0826,0.783,0.345,0.842,0.614;aaaa;
aa;0.885,0.524,0.959,0.465,0.144,0.743,0.615,0.216,0.941,0.416;aaa;
a;0.0243,0.767,0.891,0.264,0.372,0.733,0.421,0.726,0.0251,0.148;aaaa;
aa;0.681,0.528,0.0619,0.368,0.382,0.146,0.472,0.429,0.518,0.896;aaaaaa;
aa;0.942,0.12,0.381,0.649,0.88,0.926,0.677,0.156,0.107,0.209;aaaaaaa;
a;0.287,0.51,0.431,0.588,0.0923,0.298,0.953,0.126,0.434,0.217;aa;
a;0.434,0.93,0.91,0.378,0.461,0.14,0.688,0.592,0.755,0.218;aaaa;
a;0.816,0.33,0.697,0.812,0.223,0.316,0.19,0.429,0.627,0.874;aaaaaa;
aa;0.778,0.379,0.0839,0.715,0.59,0.245,0.878,0.972,0.55,0.705;aaaaaa;
aa;0.571,0.144,0.685,0.594,0.533,0.484,0.997,0.281,0.0743,0.697;aaaaaaaa;
aa;0.302,0.743,0.912,0.161,0.321,0.0402,0.206,0.226,0.672,0.925;aaaaa;
aa;0.915,0.383,0.56,0.0628,0.549,0.132,0.227,0.0254,0.655,0.743;aaaaaaaaaa;
aa;0.123,0.96,0.881,0.282,0.756,0.188,0.892,0.219,0.368,0.775;aaaaaaaaaa;
aa;0.67,0.0993,0.845,0.849,0.675,0.172,0.243,0.741,0.451,0.736;aaaa;
a;0.793,0.274,0.261,0.292,0.824,0.959,0.125,0.444,0.291,0.141;aa;
a;0.565,0.481,0.299,0.575,0.677,0.0897,0.0677,0.524,0.718,0.705;aaaaaaaa;
aa;0.618,0.411,0.494,0.266,0.749,0.823,0.501,0.268,0.114,0.322;aaaaaaaaaa;
a;0.0538,0.806,0.395,0.697,0.146,0.219,0.529,0.62,0.26,0.232;aaaaaaa;
a;0.822,0.328,0.721,0.0386,0.76,0.666,0.36,0.91,0.411,0.71;aaaaaaa;
a;0.245,0.376,0.793,0.879,0.332,0.216,0.155,0.204,0.556,0.28;aaaaaaaa;
aa;0.111,0.458,0.269,0.736,0.225,0.236,0.687,0.134,0.416,0.792;a;
a;0.634,0.88,0.952,0.686,0.943,0.156,0.632,0.905,0.524,0.425;aa;
aa;0.962,0.717,0.0833,0.384,0.574,0.255,0.729,0.124,0.697,0.137;a;
aa;0.417,0.585,0.334,0.299,0.578,0.356,0.998,0.982,0.177,0.959;aa;
a;0.41,0.322,0.501,0.554,0.246,0.462,0.785,0.222,0.199,0.298;aaaaa;
a;0.86,0.519,0.121,0.897,0.255,0.857,0.765,0.0532,0.214,0.259;aaaaaaa;
a;0.265,0.13,0.648,0.933,0.0459,0.357,0.896,0.889,0.472,0.576;aaaaaaaaa;
a;0.478,0.334,0.472,0.416,0.739,0.509,0.841,0.902,0.706,0.76;a;
a;0.919,0.985,0.804,0.981,0.365,0.3,0.948,0.377,0.133,0.717;aaaa;
aa;0.477,0.616,0.891,0.11,0.604,0.444,0.648,0.758,0.00784,0.221;aaaaaaaaa;
aa;0.0957,0.8,0.251,0.439,0.671,0.864,0.302,0.922,0.749,0.0957;aaaaaaa;
a;0.327,0.428,0.0929,0.313,0.952,0.708,0.179,0.649,0.907,0.962;aa;
aa;0.139,0.589,0.305,0.834,0.479,0.867,0.0952,0.0947,0.924,0.175;aaaaaa;
a;0.845,0.516,0.405,0.789,0.0313,0.00253,0.256,0.762,0.432,0.518;aa;
aa;0.529,0.849,0.794,0.109,0.69,0.588,0.0539,0.0401,0.792,0.151;a;
aa;0.676,0.398,0.485,0.00629,0.857,0.609,0.108,0.58,0.889,0.205;aaaa;
a;0.477,0.477,0.558,0.987,0.902,0.046,0.827,0.264,0.607,0.353;aaaaa;
a;0.829,0.318,0.6,0.528,0.658,0.691,0.658,0.159,0.11,0.722;aaaaaaaaaa;
a;0.653,0.259,0.446,0.264,0.623,0.607,0.258,0.164,0.544,0.641;aaaaaaaa;
aa;0.499,0.0477,0.246,0.0727,0.0151,0.419,0.789,0.607,0.803,0.877;aaa;
aa;0.999,0.86,0.28,0.51,0.647,0.155,0.529,0.631,0.951,0.361;aa;
a;0.547,0.689,0.603,0.267,0.677,0.705,0.373,0.765,0.203,0.936;aaaaa;
a;0.813,0.761,0.831,0.498,0.718,0.424,0.648,0.149,0.25,0.328;aaaaaaaaa;
aa;0.818,0.784,0.78,0.034,0.481,0.867,0.446,0.336,0.375,0.816;aaa;
aa;0.461,0.247,0.47,0.704,0.501,0.834,0.0356,0.129,0.504,0.0632;aaa;
a;0.0673,0.567,0.0662,0.784,0.39,0.929,0.44,0.52,0.821,0.934;a;
a;0.462,0.094,0.0555,0.592,0.901,0.512,0.657,0.734,0.891,0.934;aaaaaaaaaa;
aa;0.609,0.301,0.522,0.711,0.843,0.113,0.561,0.556,0.309,0.0982;aaaaaa;
aa;0.572,0.426,0.979,0.61,0.0324,0.188,0.969,0.21,0.521,0.809;aaaaa;
aa;0.314,0.721,0.633,0.485,0.682,0.184,0.306,0.973,0.203,0.213;aaaaa;
aa;0.827,0.748,0.219,0.149,0.436,0.684,0.448,0.46,0.706,0.328;aaaaaaaa;
aa;0.543,0.317,0.197,0.825,0.789,0.634,0.706,0.575,0.142,0.578;a;
a;0.278,0.322,0.272,0.213,0.0826,0.61,0.755,0.512,0.487,0.287;aaaa;
aa;0.958,0.856,0.905,0.403,0.34,0.651,0.517,0.28,0.656,0.151;aaa;
a;0.301,0.627,0.168,0.23,0.646,0.623,0.853,0.857,0.634,0.854;aaaaaaaaaa;
aa;0.0322,0.863,0.547,0.946,0.0213,0.127,0.00861,0.627,0.917,0.959;aaaaaa;
a;0.88,0.222,0.697,0.123,0.348,0.168,0.418,0.6,0.631,0.15;aaaaaaaaa;
aa;0.575,0.71,0.537,0.759,0.734,0.0616,0.173,0.00636,0.867,0.247;aaaaa;
a;0.758,0.711,0.244,0.12,0.0865,0.00275,0.686,0.829,0.889,0.00905;a;
aa;0.493,0.774,0.0537,0.374,0.34,0.0228,0.949,0.699,0.498,0.995;aaaaa;
aa;0.622,0.995,0.276,0.0302,0.42,0.971,0.00594,0.2,0.0455,0.905;aaaaaaaaaa;
a;0.116,0.233,0.963,0.661,0.435,0.154,0.322,0.32,0.958,0.114;a;
a;0.77,0.232,0.27,0.187,0.964,0.496,0.13,0.501,0.0894,0.944;aaaaaaaaa;
aa;0.16,0.996,0.0477,0.149,0.182,0.451,0.077,0.815,0.334,0.698;a;
a;0.637,0.349,0.5,0.0243,0.489,0.793,0.443,0.36,0.332,0.518;a;
aa;0.187,0.37,0.42,0.507,0.934,0.544,0.813,0.698,0.0975,0.61;aaaaaaaaaa;
aa;0.922,0.518,0.404,0.882,0.491,0.35,0.362,0.799,0.777,0.449;aaaaa;
aa;0.175,0.875,0.131,0.993,0.342,0.473,0.718,0.807,0.124,0.576;aa;
aa;0.00535,0.95,0.354,0.342,0.451,0.0585,0.0874,0.76,0.926,0.583;aaa;
a;0.283,0.467,0.782,0.991,0.108,0.954,0.78,0.984,0.0769,0.873;aaaaaaaaa;
aa;0.513,0.227,0.436,0.28,0.0206,0.859,0.312,0.286,0.879,0.436;aaaaaaa;
a;0.134,0.983,0.148,0.512,0.789,0.91,0.467,0.777,0.164,0.462;aaaaaaaaaa;
a;0.882,0.636,0.653,0.0613,0.518,0.643,0.89,0.368,0.0941,0.304;aaaaaaaaaa;
a;0.641,0.466,0.791,0.432,0.905,0.891,0.186,0.66,0.283,0.975;aaaaa;
a;0.714,0.0653,0.456,0.914,0.141,0.798,0.208,0.0295,0.314,0.0963;aaaaaa;
aa;0.764,0.221,0.822,0.415,0.366,0.341,0.73,0.5,0.129,0.748;aaaaaaa;
aa;0.275,0.243,0.56,0.612,0.352,0.407,0.75,0.128,0.379,0.346;aaaaaaaaaa;
aa;0.0558,0.195,0.787,0.514,0.537,0.479,0.545,0.587,0.459,0.348;aaaaaaa;
aa;0.0849,0.24,0.132,0.632,0.678,0.648,0.2,0.653,0.311,0.686;aaaaaa;
aa;0.443,0.109,0.138,0.594,0.237,0.281,0.662,0.141,0.257,0.343;aaaaaaaaa;
a;0.607,0.0502,0.12,0.686,0.417,0.424,0.365,0.796,0.921,0.438;a;
a;0.414,0.639,0.379,0.135,0.00669,0.756,0.174,0.837,0.88,0.359;aaaaaaaaa;
aa;0.0693,0.935,0.602,0.129,0.458,0.589,0.276,0.733,0.884,0.172;aaaaaa;
aa;0.946,0.397,0.534,0.626,0.479,0.862,0.636,0.961,0.227,0.342;aaaaaaa;
aa;0.231,0.575,0.817,0.903,0.815,0.342,0.723,0.152,0.687,0.769;aaa;
a;0.451,0.971,0.0921,0.954,0.144,0.236,0.578,0.793,0.0644,0.289;aa;
a;0.0166,0.663,0.304,0.248,0.733,0.242,0.998,0.498,0.735,0.0675;aaaaaaa;
a;0.994,0.293,0.985,0.526,0.169,0.938,0.919,0.378,0.282,0.793;a;
a;0.475,0.135,0.594,0.206,0.807,0.952,0.101,0.79,0.89,0.909;a;
a;0.849,0.889,0.357,0.656,0.101,0.0911,0.845,0.112,0.636,0.159;aaaaaaaa;
a;0.692,0.629,0.307,0.0102,0.965,0.699,0.325,0.613,0.0222,0.428;aaaaaaaa;
aa;0.29,0.817,0.419,0.0628,0.78,0.818,0.0721,1,0.69,0.684;aaaaaaaaa;
aa;0.339,0.671,0.298,0.179,0.113,0.719,0.719,0.919,0.906,0.123;aaaaa;
aa;0.846,0.67,0.272,0.177,0.978,0.631,0.194,0.705,0.304,0.352;aaaaaaa;
aa;0.463,0.468,0.627,0.842,0.619,0.244,0.838,0.6,0.988,0.437;aaaaaa;
aa;0.661,0.915,0.425,0.994,0.313,0.289,0.78,0.897,0.12,0.0169;a;
aa;0.796,0.774,0.73,0.399,0.473,0.297,0.477,0.0148,0.366,0.746;aaaaaa;
a;0.368,0.0276,0.0817,0.145,0.319,0.878,0.249,0.273,0.0155,0.228;aaaaaa;
aa;0.266,0.807,0.038,0.0816,0.036,0.169,0.214,0.408,0.794,0.145;aa;
a;0.0945,0.682,0.517,0.166,0.695,0.946,0.625,0.149,0.473,0.521;aaaaaaa;
a;0.353,0.919,0.794,0.0661,0.931,0.092,0.0339,0.189,0.564,0.0936;aaaaaaa;
a;0.719,0.599,0.906,0.896,0.256,0.909,0.943,0.77,0.957,0.851;aaaaaaaaaa;
aa;0.657,0.141,0.147,0.955,0.284,0.178,0.886,0.141,0.324,0.676;aaaaa;
aa;0.977,0.161,0.0986,0.25,0.672,0.258,0.24,0.539,0.758,0.0794;aaaaaaaaaa;
a;0.452,0.993,0.371,0.213,0.583,0.207,0.653,0.913,0.093,0.262;a;
aa;0.211,0.699,0.432,0.32,0.489,0.3,0.459,0.145,0.972,0.551;aaaaa;
a;0.246,0.332,0.406,0.488,0.358,0.414,0.388,0.884,0.799,0.3;aaaaaaaaa;
aa;0.794,0.125,0.491,0.648,0.842,0.646,0.875,0.0456,0.862,0.418;aaaa;
aa;0.29,0.0498,0.559,0.273,0.0276,0.787,0.0404,0.0374,0.738,0.938;aaaaaaaaaa;
aa;0.498,0.229,0.906,0.674,0.444,0.0622,0.966,0.366,0.938,0.47;aaaaaaaaa;
aa;0.529,0.765,0.185,0.585,0.968,0.986,0.3,0.162,0.131,0.396;aaaaaa;
a;0.114,0.532,0.27,0.239,0.932,0.276,0.0672,0.62,0.896,0.873;aaa;
a;0.95,0.0995,0.634,0.0781,0.324,0.734,0.677,0.109,0.415,0.26;a;
a;0.269,0.22,0.893,0.671,0.254,0.748,0.767,0.393,0.15,0.188;aaaaaaa;
a;0.385,0.914,0.932,0.658,0.537,0.0275,0.235,0.241,0.994,0.979;aaa;
aa;0.843,0.269,0.161,0.208,0.792,0.116,0.158,0.545,0.422,0.0232;aaaaaaaaa;
aa;0.927,0.575,0.395,0.808,0.394,0.272,0.358,0.882,0.734,0.829;aaa;
aa;0.828,0.771,0.94,0.942,0.201,0.206,0.883,0.456,0.821,0.231;aaaa;
aa;0.701,0.0928,0.969,0.643,0.663,0.547,0.106,0.179,0.501,0.991;aaaaaaaaaa;
a;0.79,0.796,0.256,0.229,0.0562,0.242,0.898,0.993,0.634,0.427;aa;
aa;0.529,0.279,0.605,0.392,0.809,0.224,0.0822,0.416,0.457,0.00766;aa;
aa;0.0327,0.874,0.287,0.341,0.0561,0.496,0.609,0.178,0.982,0.965;a;
a;0.568,0.91,0.45,0.371,0.0932,0.979,0.0261,0.804,0.52,0.685;aaaaaaaa;
aa;0.766,0.991,0.763,0.544,0.928,0.405,0.402,0.743,0.189,0.693;aaaa;
a;0.191,0.172,0.328,0.948,0.95,0.584,0.625,0.575,0.874,0.868;aaaaaaaaaa;
a;0.0387,0.251,0.3,0.588,0.0677,0.332,0.71,0.919,0.27,0.382;aaa;
a;0.807,0.43,0.636,0.0982,0.0746,0.685,0.705,0.188,0.257,0.762;aaa;
a;0.307,0.611,0.146,0.728,0.972,0.634,0.688,0.892,0.122,0.251;aaaa;
a;0.139,0.0993,0.161,0.306,0.762,0.265,0.0667,0.415,0.179,0.922;aaaa;
aa;0.316,0.651,0.578,0.127,0.725,0.408,0.386,0.679,0.83,0.839;aaaaaaa;
a;0.945,0.142,0.319,0.87,0.471,0.744,0.348,0.999,0.227,0.121;aaaaaaaaaa;
a;0.0284,0.329,0.665,0.642,0.51,0.374,0.7,0.555,0.52,0.64;a;
a;0.675,0.687,0.366,0.98,0.0379,0.169,0.4,0.942,0.633,0.668;aaaaa;
aa;0.416,0.891,0.451,0.228,0.395,0.264,0.382,0.231,0.844,0.701;aaa;
aa;0.759,0.996,0.181,0.265,0.635,0.253,0.799,0.303,0.117,0.188;aaa;
aa;0.0341,0.339,0.744,0.944,0.0451,0.548,0.629,0.56,0.0706,0.377;aaa;
a;0.0786,0.246,0.515,0.0895,0.079,0.236,0.727,0.397,0.886,0.00587;aaa;
aa;0.64,0.0423,0.248,0.615,0.92,0.526,0.486,0.804,0.529,0.71;aaaaaaaa;
aa;0.659,0.761,0.34,0.195,0.493,0.215,0.268,0.353,0.834,0.724;aaaaaaaaaa;
aa;0.279,0.402,0.489,0.99,0.943,0.747,0.214,0.556,0.669,0.32;a;
a;0.862,0.175,0.654,0.196,0.834,0.161,0.687,0.461,0.509,0.658;aaa;
aa;0.47,0.726,0.28,0.192,0.961,0.36,0.943,0.953,0.405,0.361;a;
a;0.321,0.162,0.178,0.799,0.915,0.802,0.623,0.739,0.929,0.889;a;
aa;0.0248,0.125,0.182,0.288,0.00354,0.543,0.882,0.198,0.397,0.805;a;
aa;0.143,0.987,0.823,0.246,0.767,0.817,0.812,0.445,0.849,0.0398;aaaaaaaaaa;
aa;0.84,0.397,0.625,0.491,0.859,0.0416,0.828,0.193,0.723,0.426;aaaaa;
aa;0.678,0.988,0.159,0.31,0.204,0.0887,0.627,0.333,0.023,0.788;aaaaaaaaa;
aa;0.657,0.46,0.864,0.614,0.526,0.161,0.441,0.89,0.715,0.651;aaaaaaaa;
a;0.619,0.636,0.609,0.37,0.141,0.459,0.567,0.292,0.119,0.236;aaaaaaaaa;
aa;0.729,0.131,0.815,0.756,0.552,0.0849,0.243,0.124,0.0928,0.052;aaaaaaaaaa;
a;0.744,0.261,0.371,0.952,0.671,0.0848,0.642,0.00762,0.71,0.911;a;
aa;0.1,0.731,0.201,0.322,0.625,0.715,0.947,0.117,0.253,0.213;aaaaaa;
aa;0.882,0.172,0.176,0.139,0.791,0.381,0.909,0.82,0.592,0.183;aaaaaa;
aa;0.551,0.167,0.606,0.0349,0.337,0.286,0.112,0.118,0.636,0.547;aaaaaaaaa;
aa;0.953,0.983,0.565,0.0892,0.582,0.422,0.352,0.2,0.813,0.741;aaa;
a;0.131,0.987,0.834,0.248,0.0901,0.435,0.655,0.206,0.53,0.369;aaaa;
aa;0.67,0.125,0.494,0.98,0.0316,0.402,0.578,0.135,0.895,0.249;aaaaaaaaaa;
a;0.01,0.927,0.968,0.0187,0.513,0.34,0.982,0.181,0.092,0.176;aaaaaaaaa;
aa;0.198,0.883,0.518,0.144,0.905,0.642,0.434,0.289,0.592,0.669;aaaaaa;
a;0.605,0.428,0.511,0.923,0.905,0.358,0.131,0.594,0.514,0.79;aaaaaaaaa;
aa;0.273,0.967,0.313,0.0852,0.114,0.223,0.538,0.986,0.744,0.273;aaaaaaa;
a;0.423,0.946,0.116,0.221,0.864,0.376,0.553,0.633,0.167,0.122;aaaa;
a;0.0579,0.159,0.132,0.0576,0.522,0.0614,0.213,0.6,0.972,0.685;aaaaaaa;
a;0.561,0.41,0.114,0.676,0.0327,0.959,0.592,0.15,0.181,0.489;aaaa;
aa;0.069,0.338,0.199,0.391,0.629,0.362,0.558,0.813,0.595,0.807;aaaaaaaa;
aa;0.869,0.959,0.649,0.884,0.678,0.65,0.971,0.123,0.751,0.351;aaaaa;
aa;0.426,0.353,0.244,0.952,0.32,0.815,0.389,0.724,0.915,0.911;aaaaaaaaa;
a;0.499,0.747,0.889,0.41,0.39,0.763,0.00418,0.483,0.794,0.199;aaaaaa;
a;0.703,0.477,0.319,0.227,0.395,0.122,0.0785,0.616,0.687,0.723;aaaaaa;
a;0.113,0.782,0.346,0.891,0.61,0.0161,0.853,0.0721,0.97,0.0434;aaaaaaa;
a;0.854,0.709,0.632,0.102,0.256,0.613,0.0124,0.871,0.631,0.27;aaaaaa;
a;0.566,0.578,0.978,0.858,0.599,0.592,0.307,0.504,0.0288,0.624;aaaaaaaa;
a;0.254,0.686,0.584,0.143,0.253,0.239,0.773,0.507,0.937,0.671;aaaaaaa;
a;0.71,0.314,0.0135,0.3,0.977,0.25,0.307,0.577,0.874,0.578;aaaaaaaa;
aa;0.901,0.436,0.786,0.842,0.408,0.893,0.47,0.52,0.834,0.992;aaaa;
a;0.62,0.286,0.65,0.91,0.13,0.526,0.402,0.666,0.959,0.368;aaaaaaa;
a;0.306,0.841,0.663,0.352,0.669,0.0482,0.0746,0.35,0.289,0.614;aaaaaaa;
a;0.884,0.677,0.225,0.976,0.624,0.427,0.107,0.492,0.688,0.292;aaa;
a;0.175,0.497,0.957,0.17,0.0591,0.109,0.428,0.603,0.743,0.92;aaaaaaaaaa;
aa;0.659,0.181,0.85,0.0114,0.861,0.459,0.966,0.905,0.761,0.884;aaaaaa;
a;0.667,0.935,0.0153,0.12,0.65,0.962,0.2,0.659,0.262,0.486;aaa;
a;0.587,0.261,0.717,0.246,0.356,0.72,0.825,0.592,0.601,0.385;aaaaaa;
a;0.709,0.906,0.204,0.315,0.185,0.52,0.408,0.978,0.495,0.56;aaaaaaaaaa;
aa;0.878,0.166,0.467,0.717,0.0988,0.828,0.934,0.431,0.46,0.924;aaaaa;
a;0.99,0.52,0.0409,0.0201,0.941,0.0768,0.751,0.93,0.28,0.502;aaaaaaaa;
aa;0.428,0.329,0.305,0.721,0.13,0.16,0.462,0.838,0.676,0.6;aaaaaaaaa;
aa;0.612,0.511,0.693,0.741,0.358,0.988,0.978,0.765,0.326,0.424;aaaaaa;
a;0.51,0.0573,0.989,0.678,0.23,0.883,0.579,0.269,0.837,0.3;aa;
aa;0.27,0.196,0.735,0.491,0.698,0.196,0.377,0.298,0.21,0.156;aaaaaaaaa;
aa;0.2,0.0252,0.548,0.524,0.288,0.708,0.784,0.785,0.787,0.591;aaaaaa;
aa;0.34,0.738,0.515,0.82,0.0582,0.362,0.235,0.669,0.111,0.171;aaaa;
aa;0.875,0.41,0.273,0.189,0.285,0.324,0.653,0.819,0.633,0.666;a;
aa;0.845,0.758,0.43,0.895,0.222,0.6,0.0362,0.0494,0.705,0.203;aa;
a;0.278,0.906,0.151,0.633,0.161,0.751,0.738,0.508,0.794,0.769;aaaa;
aa;0.523,0.901,0.501,0.989,0.47,0.356,0.785,0.0482,0.0453,0.0781;aaaaa;
aa;0.974,0.0473,0.726,0.109,0.376,0.341,0.78,0.437,0.598,0.701;a;
aa;0.0941,0.694,0.371,0.943,0.62,0.0536,0.85,0.132,0.0784,0.0942;aaaaaaa;
a;0.288,0.248,0.00815,0.117,0.771,0.297,0.172,0.85,0.598,0.736;aaa;
aa;0.533,0.341,0.24,0.813,0.792,0.797,0.796,0.427,0.885,0.721;aaaaaaaa;
aa;0.695,0.498,0.746,0.944,0.584,0.336,0.817,0.75,0.811,0.843;aaaaaaaaaa;
a;0.383,0.364,0.731,0.704,0.534,0.825,0.666,0.631,0.949,0.946;aaa;
aa;0.214,0.129,0.194,0.371,0.0622,0.844,0.26,0.919,0.15,0.154;aaaaaaaaa;
aa;0.758,0.468,0.00332,0.113,0.625,0.611,0.815,0.882,0.618,0.465;aaa;
aa;0.00289,0.589,0.0536,0.67,0.24,0.188,0.265,0.239,0.467,0.462;aaaaaaaaaa;
a;0.608,0.0362,0.0391,0.366,0.66,0.856,0.0433,0.42,0.556,0.663;aaaaaaaaaa;
aa;0.54,0.0992,0.938,0.349,0.0404,0.438,0.598,0.275,0.838,0.443;aaa;
aa;0.547,0.796,0.0535,0.505,0.631,0.29,0.807,0.13,0.776,0.386;aaa;
aa;0.636,0.765,0.726,0.881,0.925,0.801,0.171,0.918,0.696,0.413;aaaaaaaaaa;
aa;0.92,0.894,0.055,0.759,0.64,0.673,0.875,0.0611,0.091,0.855;aaaaaaa;
aa;0.743,0.833,0.133,0.357,0.819,0.313,0.232,0.553,0.968,0.562;aaaaaaaa;
a;0.0213,0.99,0.736,0.407,0.0233,0.218,0.522,0.363,0.753,0.0209;aaaaaa;
aa;0.717,0.845,0.413,0.467,0.239,0.0495,0.0331,0.0246,0.629,0.307;aaaa;
aa;0.203,0.583,0.0899,0.0361,0.175,0.559,0.637,0.502,0.945,0.317;aaaa;
aa;0.745,0.514,0.0241,0.998,0.649,0.106,0.438,0.882,0.544,0.37;aaaaaa;
aa;0.62,0.359,0.608,0.2,0.328,0.441,0.354,0.148,0.586,0.214;aaaaaa;
aa;0.794,0.888,0.57,0.167,0.0954,0.0945,0.109,0.798,0.215,0.97;aaaaaaaaa;
aa;0.0158,0.444,0.777,0.0714,0.638,0.537,0.462,0.116,0.117,0.665;aaaaaaaaaa;
a;0.458,0.718,0.736,0.243,0.567,0.656,0.762,0.191,0.613,0.49;aaa;
a;0.906,0.141,0.786,0.639,0.645,0.575,0.373,0.597,0.892,0.0406;aaa;
aa;0.393,0.171,0.319,0.341,0.157,0.46,0.935,0.253,0.713,0.421;aaaa;
aa;0.207,0.616,0.181,0.806,0.563,0.906,0.128,0.731,0.467,0.227;aaaa;
a;0.813,0.333,0.157,0.456,0.948,0.462,0.395,0.989,0.127,0.95;aaaaaaa;
aa;0.908,0.562,0.12,0.17,0.689,0.986,0.0235,0.784,0.133,0.0431;aaaaa;
a;0.0149,0.805,0.883,0.543,0.884,0.933,0.698,0.922,0.72,0.784;aaaaa;
a;0.892,0.316,0.191,0.749,0.677,0.486,0.118,0.438,0.434,0.938;aaaaaaa;
aa;0.379,0.234,0.735,0.39,0.108,0.387,0.171,0.869,0.875,0.897;aaaaaaaaaa;
a;0.252,0.363,0.418,0.478,0.0435,0.49,0.884,0.299,0.912,0.0219;aaaaaaaaaa;
a;0.816,0.387,0.0883,0.501,0.904,0.415,0.00502,0.0304,0.65,0.36;aaaaaaaa;
aa;0.958,0.949,0.942,0.108,0.847,0.778,0.607,0.626,0.763,0.887;aaaaaaa;
a;0.202,0.778,0.969,0.977,0.381,0.277,0.397,0.0872,0.102,0.272;aaaaaaaaaa;
a;0.634,0.376,0.855,0.784,0.52,0.812,0.479,0.858,0.687,0.667;aaaaaaa;
aa;0.297,0.427,0.859,0.257,0.151,0.568,0.133,0.804,0.511,0.718;aaaaaaaaa;
aa;0.521,0.242,0.483,0.676,0.093,0.288,0.886,0.598,0.318,0.263;aaaaaaa;
a;0.92,0.293,0.534,0.476,0.221,0.606,0.264,0.682,0.367,0.946;aaaaaaaaaa;
aa;0.808,0.61,0.495,0.811,0.704,0.983,0.869,0.691,0.127,0.138;aaaaaaaa;
aa;0.46,0.594,0.0801,0.973,0.549,0.896,0.876,0.216,0.479,0.857;aaaaaa;
aa;0.408,0.133,0.56,0.448,0.587,0.241,0.397,0.325,0.856,0.0263;a;
aa;0.326,0.26,0.132,0.858,0.24,0.998,0.736,0.75,0.721,0.0264;aaaaaaaaa;
aa;0.0267,0.73,0.562,0.25,0.365,0.769,0.998,0.302,0.393,0.393;a;
aa;0.955,0.278,0.17,0.597,0.596,0.545,0.36,0.747,0.539,0.909;aaaaaaa;
a;0.0737,0.223,0.0952,0.0312,0.151,0.461,0.464,0.971,0.71,0.35;aaaaa;
aa;0.629,0.989,0.427,0.881,0.00423,0.998,0.152,0.0583,0.408,0.597;aaaaaaaaaa;
a;0.673,0.61,0.0252,0.0418,0.458,0.0586,0.707,0.195,0.857,0.876;aaa;
a;0.388,0.246,0.188,0.833,0.675,0.384,0.0138,0.69,0.412,0.0949;aaaaaa;
a;0.584,0.714,0.628,0.346,0.368,0.282,0.318,0.893,0.558,0.342;aaaa;
aa;0.866,0.784,0.267,0.522,0.958,0.527,0.0865,0.531,0.0107,0.763;aaaaaaaaa;
a;0.533,0.461,0.136,0.57,0.462,0.697,0.791,0.221,0.602,0.858;aaaaaaa;
a;0.391,0.887,0.161,0.0602,0.662,0.169,0.0375,0.94,0.849,0.557;aaaaaaaaa;
a;0.986,0.217,0.78,0.626,0.832,0.707,0.714,0.943,0.249,0.583;aaaa;
a;0.726,0.52,0.0239,0.325,0.52,0.201,0.0812,0.826,0.644,0.916;aaaa;
a;0.462,0.895,0.115,0.178,0.514,0.199,0.834,0.332,0.638,0.259;aaaaaa;
a;0.879,0.757,0.0143,0.353,0.133,0.258,0.621,0.415,0.309,0.354;aaaaaa;
aa;0.431,0.1,0.764,0.224,0.00754,0.027,0.109,0.279,0.935,0.41;aaaaaaa;
aa;0.291,0.453,0.259,0.268,0.734,0.228,0.748,0.00693,0.903,0.456;aaaaaaaaaa;
a;0.232,0.105,0.724,0.483,0.512,0.866,0.674,0.669,0.128,0.586;aaaa;
a;0.777,0.76,0.765,0.843,0.204,0.97,0.973,0.7,0.49,0.225;aaaaaaaaaa;
a;0.227,0.47,0.233,0.614,0.587,0.402,0.729,0.518,0.0438,0.275;aaaa;
aa;0.775,0.179,0.131,0.72,0.707,0.363,0.703,0.825,0.882,0.903;aaaaaaaa;
a;0.115,0.228,0.183,0.0685,0.425,0.931,0.133,0.135,0.933,0.652;aaaaaa;
a;0.552,0.64,0.798,0.86,0.472,0.995,0.564,0.831,0.213,0.362;aaaa;
aa;0.413,0.548,0.15,0.605,0.752,0.924,0.109,0.847,0.819,0.493;aaaaaa;
a;0.836,0.469,0.88,0.806,0.149,0.387,0.31,0.203,0.0391,0.836;aaa;
a;0.297,0.887,0.789,0.637,0.978,0.233,0.533,0.808,0.582,0.359;aaaaaa;
aa;0.944,0.0165,0.944,0.416,0.509,0.147,0.34,0.263,0.948,0.869;aaaaa;
aa;0.0464,0.476,0.0808,0.0582,0.647,0.338,0.843,0.239,0.0272,0.588;aaaaa;
aa;0.937,0.799,0.432,0.269,0.27,0.533,0.917,0.606,0.448,0.396;aaaaaaaaaa;
a;0.119,0.997,0.818,0.0659,0.663,0.698,0.26,0.783,0.75,0.564;aaaaaaa;
a;0.214,0.0381,0.597,0.15,0.919,0.275,0.00914,0.367,0.383,0.966;aaaaaa;
aa;0.654,0.939,0.3,0.605,0.843,0.254,0.63,0.985,0.702,0.305;aaaaa;
a;0.227,0.811,0.0568,0.529,0.327,0.485,0.832,0.686,0.0207,0.846;aaaaaaa;
aa;0.313,0.514,0.466,0.479,0.405,0.384,0.848,0.555,0.271,0.571;a;
a;0.23,0.454,0.0233,0.547,0.0524,0.414,0.598,0.334,0.573,0.342;a;
a;0.405,0.71,0.318,0.374,0.228,0.259,0.744,0.678,0.087,0.857;aaaaaaaaa;
a;0.83,0.388,0.0475,0.00504,0.654,0.718,0.37,0.8,0.177,0.841;aa;
aa;0.711,0.364,0.574,0.632,0.784,0.92,0.723,0.185,0.883,0.336;aa;
aa;0.998,0.995,0.67,0.937,0.113,0.387,0.881,0.49,0.295,0.0731;aaaaaaa;
aa;0.276,0.119,0.98,0.802,0.537,0.339,0.236,0.992,0.232,0.0248;a;
a;0.471,0.522,0.453,0.291,0.438,0.633,0.956,0.422,0.52,0.571;a;
aa;0.526,0.44,0.0411,0.792,0.177,0.713,0.333,0.563,0.673,0.486;aaaaaaa;
aa;0.649,0.843,0.823,0.359,0.601,0.496,0.956,0.606,0.504,0.956;aaaaaa;
a;0.817,0.953,0.405,0.126,0.386,0.455,0.615,0.658,0.608,0.672;aaa;
a;0.399,0.421,0.9,0.663,0.231,0.6,0.8,0.737,0.359,0.055;aaaaaaaaaa;
aa;0.555,0.785,0.354,0.353,0.647,0.0668,0.425,0.244,0.201,0.815;aaaa;
a;0.34,0.879,0.17,0.265,0.139,0.392,0.76,0.883,0.65,0.0276;aaa;
aa;0.603,0.135,0.594,0.0537,0.683,0.447,0.182,0.11,0.583,0.974;aaaaa;
a;0.718,0.0535,0.929,0.898,0.983,0.0698,0.632,0.661,0.774,0.364;a;
aa;0.768,0.492,0.12,0.0411,0.627,0.386,0.469,0.135,0.548,0.553;aaaaaaaa;
aa;0.0753,0.0866,0.286,0.19,0.36,0.865,0.698,0.0966,0.217,0.951;aaaaaaa;
a;0.269,0.139,0.486,0.484,0.937,0.223,0.15,0.153,0.972,0.732;aaa;
a;0.867,0.577,0.619,0.302,0.497,0.142,0.443,0.544,0.0418,0.341;aaaaaaa;
aa;0.211,0.0691,0.183,0.367,0.795,0.906,0.498,0.986,0.652,0.522;aaaaa;
a;0.272,0.855,0.573,0.761,0.834,0.675,0.708,0.888,0.841,0.0192;aaaaaaaa;
a;0.471,0.329,0.351,0.639,0.455,0.476,0.23,0.898,0.475,0.18;aaaaaaaa;
aa;0.486,0.621,0.336,0.105,0.709,0.532,0.98,0.583,0.878,0.313;aaaaaaaa;
a;0.026,0.887,0.924,0.597,0.707,0.59,0.403,0.886,0.757,0.0854;aaaaaaaaaa;
a;0.232,0.79,0.139,0.734,0.423,0.718,0.317,0.103,0.623,0.254;aaaaaaaa;
a;0.1,0.991,0.642,0.722,0.679,0.747,0.702,0.604,0.411,0.822;aaaaa;
a;0.728,0.832,0.83,0.719,0.216,0.76,0.149,0.383,0.398,0.0024;aaaaaaaaa;
aa;0.358,0.539,0.157,0.758,0.468,0.218,0.398,0.22,0.0194,0.457;a;
aa;0.513,0.814,0.935,0.766,0.247,0.446,0.699,0.472,0.513,0.189;aaaa;
a;0.95,0.401,0.624,0.939,0.316,0.974,0.826,0.933,0.422,0.686;a;
a;0.574,0.758,0.0669,0.187,0.652,0.684,0.807,0.459,0.939,0.87;aaaaaa;
a;0.417,0.781,0.665,0.407,0.755,0.242,0.779,0.475,0.225,0.872;aaa;
a;0.486,0.939,0.151,0.457,0.223,0.637,0.925,0.0871,0.857,0.511;aa;
a;0.83,0.676,0.423,0.107,0.297,0.379,0.586,0.57,0.203,0.939;aaaa;
a;0.123,0.383,0.81,0.875,0.831,0.459,0.92,0.514,0.0701,0.107;aaaaaaa;
aa;0.684,0.836,0.64,0.782,0.816,0.97,0.292,0.808,0.0829,0.282;aaaaaaaaaa;
aa;0.734,0.0317,0.299,0.868,0.547,0.0959,0.308,0.59,0.748,0.762;aaaaaaa;
aa;0.156,0.639,0.271,0.418,0.15,0.377,0.454,0.267,0.314,0.16;aaaaaaaa;
aa;0.675,0.626,0.373,0.276,0.951,0.0703,0.473,0.605,0.508,0.436;aa;
a;0.394,0.843,0.62,0.959,0.406,0.502,0.473,0.109,0.122,0.399;aaaaaaaaaa;
aa;0.0084,0.405,0.994,0.689,0.826,0.155,0.626,0.547,0.349,0.867;aaaaaaaa;
a;0.576,0.0324,0.761,0.701,0.917,0.598,0.787,0.589,0.0113,0.665;aaaaaaaaa;
a;0.463,0.895,0.262,0.00755,0.756,0.959,0.668,0.614,0.82,0.0814;aaaaaaa;
aa;0.0159,0.67,0.508,0.456,0.00612,0.822,0.946,0.847,0.115,0.439;aaaaaaaaaa;
aa;0.912,0.453,0.275,0.309,0.958,0.571,0.216,0.893,0.41,0.967;aaaaaaaaa;
aa;0.424,0.0446,0.517,0.203,0.382,0.587,0.906,0.453,0.346,0.334;aaaa;
aa;0.961,0.409,0.527,0.355,0.932,0.558,0.383,0.539,0.107,0.0629;aaaaaaa;
a;0.0596,0.634,0.401,0.973,0.0713,0.544,0.446,0.212,0.0103,0.586;a;
aa;0.579,0.73,0.826,0.919,0.382,0.524,0.394,0.57,0.488,0.862;aaaaa;
aa;0.676,0.518,0.417,0.727,0.9,0.577,0.691,0.749,0.395,0.52;aa;
aa;0.789,0.971,0.788,0.709,0.475,0.592,0.604,0.6,0.125,0.582;aaaaaaaaa;
a;0.652,0.423,0.729,0.562,0.705,0.0878,0.716,0.502,0.409,0.114;aaaaaaaaa;
aa;0.271,0.011,0.208,0.919,0.00283,0.525,0.929,0.159,0.608,0.572;aaaaaaaa;
a;0.428,0.907,0.181,0.397,0.946,0.903,0.106,0.759,0.768,0.0513;aa;
aa;0.916,0.76,0.635,0.617,0.726,0.594,0.99,0.994,0.173,0.668;aa;
a;0.111,0.497,0.656,0.933,0.141,0.658,0.438,0.0964,0.309,0.884;aaaaaaaa;
aa;0.968,0.152,0.976,0.766,0.718,0.764,0.463,0.622,0.709,0.992;aaaaaa;
a;0.244,0.557,0.233,0.03,0.751,0.634,0.615,0.103,0.325,0.291;aaaaaaaaa;
a;0.0703,0.295,0.923,0.314,0.603,0.593,0.488,0.826,0.31,0.00407;a;
aa;0.0808,0.574,0.0607,0.755,0.172,0.64,0.106,0.874,0.988,0.699;a;
aa;0.963,0.406,0.424,0.97,0.963,0.689,0.179,0.0846,0.897,0.623;aaaa;
aa;0.353,0.469,0.0283,0.92,0.122,0.511,0.0596,0.518,0.971,0.97;aa;
aa;0.51,0.746,0.167,0.16,0.635,0.141,0.882,0.683,0.0921,0.211;aaaaa;
aa;0.0612,0.51,0.425,0.888,0.136,0.601,0.19,0.896,0.0785,0.339;aaaa;
aa;0.231,0.684,0.047,0.731,0.0398,0.394,0.819,0.806,0.642,0.341;aaaaaaaaa;
a;0.522,0.177,0.316,0.637,0.211,0.748,0.412,0.945,0.303,0.954;aaaaaaaaaa;
a;0.225,0.496,0.774,0.91,0.623,0.93,0.503,0.75,0.135,0.755;aaaaaa;
aa;0.86,0.135,0.18,0.309,0.999,0.283,0.709,0.471,0.211,0.923;aaaaaaaaaa;
aa;0.0515,0.544,0.671,0.0517,0.607,0.355,0.701,0.611,0.0775,0.475;aaaaa;
a;0.028,0.912,0.451,0.37,0.0485,0.664,0.0726,0.659,0.651,0.435;aaaaaaa;
a;0.181,0.208,0.139,0.548,0.595,0.851,0.0147,0.0227,0.73,0.909;aaaaaaa;
aa;0.28,0.274,0.78,0.552,0.603,0.0666,0.108,0.335,0.515,0.833;aaaaaa;
aa;0.659,0.84,0.202,0.516,0.21,0.127,0.822,0.482,0.908,0.607;aaaaaaa;
aa;0.283,0.762,0.362,0.71,0.157,0.391,0.505,0.957,0.0862,0.0372;aaaaaa;
a;0.932,0.898,0.456,0.818,0.962,0.83,0.714,0.367,0.977,0.897;aaaa;
a;0.129,0.845,0.0751,0.133,0.668,0.983,0.934,0.88,0.516,0.247;aa;
a;0.59,0.273,0.0831,0.81,0.634,0.948,0.143,0.116,0.112,0.469;aaaaaaaaaa;
aa;0.818,0.855,0.654,0.836,0.793,0.834,0.981,0.0269,0.658,0.978;aaaaa;
a;0.786,0.573,0.763,0.928,0.589,0.631,0.547,0.0989,0.00641,0.0175;aaaaa;
aa;0.384,0.34,0.752,0.914,0.937,0.0471,0.15,0.328,0.626,0.16;aaaaaaaaaa;
a;0.854,0.562,0.488,0.0311,0.232,0.538,0.283,0.0983,0.253,0.18;aa;
aa;0.93,0.529,0.376,0.712,0.791,0.266,0.962,0.273,0.872,0.682;aaaaaa;
a;0.319,0.818,0.928,0.787,0.332,0.46,0.0572,0.129,0.791,0.549;aaa;
a;0.337,0.272,0.515,0.551,0.0194,0.902,0.495,0.874,0.655,0.82;aaaaaaa;
a;0.361,0.603,0.8,0.937,0.024,0.445,0.0386,0.568,0.3,0.0349;a;
aa;0.0763,0.302,0.419,0.051,0.283,0.378,0.539,0.936,0.916,0.187;aaa;
aa;0.101,0.656,0.181,0.274,0.123,0.493,0.322,0.526,0.258,0.569;aaaaaaaaa;
aa;0.647,0.799,0.384,0.732,0.496,0.22,0.837,0.0121,0.597,0.505;aaaaaaaaaa;
aa;0.683,0.14,0.433,0.00692,0.56,0.563,0.29,0.583,0.819,0.344;aaaa;
a;0.358,0.438,0.847,0.812,0.631,0.343,0.423,0.0182,0.923,0.103;aa;
a;0.339,0.648,0.838,0.299,0.976,0.849,0.378,0.176,0.82,0.933;aaa;
a;0.626,0.212,0.829,0.457,0.0701,0.533,0.37,0.964,0.453,0.524;aaaaaaaaa;
a;0.16,0.266,0.242,0.277,0.538,0.147,0.983,0.466,0.618,0.758;aaaaaaa;
aa;0.00752,0.382,0.693,0.187,0.504,0.787,0.366,0.853,0.725,0.52;aaaa;
aa;0.918,0.83,0.954,0.122,0.941,0.287,0.607,0.929,0.225,0.711;aaaaaaaaa;
aa;0.93,0.779,0.311,0.249,0.243,0.588,0.605,0.315,0.918,0.412;aaaa;
a;0.405,0.774,0.076,0.624,0.127,0.793,0.968,0.77,0.781,0.478;aaaaaaaaaa;
a;0.548,0.0949,0.0585,0.502,0.661,0.712,0.575,0.797,0.895,0.267;a;
aa;0.177,0.659,0.981,0.784,0.0483,0.537,0.235,0.51,0.00211,0.906;a;
aa;0.631,0.491,0.244,0.45,0.134,0.821,0.215,0.399,0.496,0.804;aaaaa;
aa;0.466,0.664,0.274,0.858,0.563,0.143,0.4,0.223,0.158,0.407;aaaa;
aa;0.233,0.586,0.00931,0.513,0.71,0.882,0.464,0.442,0.468,0.356;a;
a;0.0987,0.72,0.218,0.549,0.725,0.863,0.984,0.848,0.306,0.169;aaaa;
aa;0.121,0.24,0.604,0.895,0.58,0.429,0.482,0.122,0.41,0.796;a;
aa;0.511,0.757,0.561,0.38,0.678,0.962,0.766,0.486,0.607,0.275;aaaaaaaaa;
aa;0.255,0.804,0.727,0.947,0.296,0.585,0.682,0.275,0.528,0.895;aaaaaaa;
a;0.483,0.179,0.771,0.708,0.953,0.951,0.94,0.146,0.146,0.193;aaaaaaaaaa;
aa;0.0095,0.809,0.108,0.534,0.342,0.667,0.866,0.716,0.633,0.469;aaaaaaaaaa;
a;0.819,0.22,0.673,0.0288,0.86,0.862,0.234,0.164,0.201,0.482;aaaaaaaaaa;
aa;0.204,0.844,0.491,0.131,0.644,0.712,0.42,0.691,0.439,0.997;aaaa;
a;0.135,0.83,0.917,0.594,0.406,0.977,0.805,0.168,0.45,0.434;aaa;
a;0.688,0.226,0.461,0.939,0.621,0.567,0.588,0.805,0.32,0.72;aaaaaaaaa;
a;0.794,0.382,0.762,0.293,0.814,0.207,0.233,0.51,0.617,0.00887;aaaaaa;
aa;0.508,0.688,0.617,0.248,0.181,0.495,0.56,0.336,0.681,0.384;aa;
a;0.812,0.747,0.572,0.989,0.513,0.776,0.813,0.459,0.377,0.129;a;
a;0.601,0.53,0.428,0.478,0.379,0.361,0.411,0.894,0.728,0.216;aaaaaaaaaa;
a;0.158,0.26,0.381,0.715,0.0992,0.813,0.753,0.0503,0.0384,0.705;aaaaaaa;
a;0.0516,0.135,0.71,0.773,0.814,0.651,0.786,0.283,0.475,0.655;a;
a;0.246,0.66,0.58,0.395,0.13,0.00362,0.551,0.317,0.279,0.61;aaaaaa;
a;0.384,0.999,0.997,0.664,0.177,0.436,0.251,0.0845,0.963,0.655;aaaa;
aa;0.17,0.279,0.964,0.952,0.128,0.571,0.967,0.504,0.257,0.563;aaa;
a;0.464,0.891,0.395,0.341,0.548,0.819,0.227,0.84,0.528,0.959;a;
a;0.902,0.834,0.489,0.254,0.841,0.444,0.127,0.554,0.147,0.896;aaaaaaaaaa;
aa;0.845,0.73,0.294,0.572,0.564,0.719,0.417,0.202,0.465,0.73;aaaaaaa;
aa;0.765,0.397,0.782,0.149,0.218,0.977,0.348,0.519,0.414,0.441;aaaa;
aa;0.286,0.453,0.657,0.708,0.634,0.0952,0.655,0.922,0.243,0.164;a;
aa;0.952,0.0521,0.675,0.337,0.962,0.311,0.201,0.933,0.408,0.34;aaaaaaaaaa;
a;0.73,0.518,0.00734,0.698,0.681,0.662,0.586,0.415,0.181,0.407;aaa;
a;0.778,0.668,0.502,0.412,0.017,0.958,0.105,0.728,0.108,0.473;aaaaaaaaa;
aa;0.0465,0.494,0.897,0.529,0.323,0.645,0.0611,0.779,0.215,0.0157;aaaaaaa;
aa;0.868,0.337,0.92,0.141,0.617,0.465,0.0612,0.728,0.953,0.174;aaaaa;
a;0.68,0.924,0.11,0.855,0.351,0.449,0.265,0.758,0.216,0.564;aaaaaaa;
aa;0.858,0.171,0.256,0.459,0.521,0.947,0.939,0.208,0.773,0.515;aaaaaaaaaa;
aa;0.171,0.24,0.334,0.729,0.23,0.2,0.595,0.124,0.455,0.435;aaaaaaaaaa;
aa;0.374,0.253,0.986,0.293,0.305,0.108,0.594,0.781,0.695,0.8;aaa;
aa;0.243,0.477,0.223,0.672,0.352,0.531,0.377,0.412,0.478,0.969;aaaaaaaaaa;
aa;0.974,0.774,0.83,0.206,0.469,0.916,0.181,0.0979,0.114,0.0868;aaaaa;
aa;0.587,0.712,0.514,0.637,0.8,0.403,0.745,0.87,0.064,0.447;a;
a;0.103,0.742,0.933,0.341,0.359,0.772,0.278,0.141,0.327,0.449;aaaaa;
aa;0.204,0.958,0.498,0.798,0.436,0.878,0.897,0.0644,0.546,0.976;aaaaaa;
a;0.316,0.0949,0.0677,0.672,0.0987,0.715,0.709,0.723,0.428,0.408;a;
a;0.366,0.363,0.308,0.676,0.612,0.545,0.0758,0.798,0.581,0.464;a;
aa;0.391,0.781,0.16,0.567,0.744,0.511,0.956,0.992,0.521,0.215;aaaaaaa;
aa;0.703,0.0306,0.281,0.386,0.587,0.644,0.123,0.193,0.631,0.558;aaaaaaaa;
aa;0.0452,0.408,0.0776,0.452,0.883,0.809,0.114,0.694,0.992,0.705;aaaa;
aa;0.466,0.146,0.127,0.203,0.0348,0.174,0.179,0.893,0.497,0.374;aaaaaaa;
aa;0.275,0.851,0.94,0.393,0.148,0.996,0.998,0.27,0.534,0.792;aaaaa;
a;0.305,0.57,0.203,0.374,0.327,0.679,0.184,0.754,0.254,0.363;a;
a;0.302,0.643,0.0707,0.303,0.0432,0.755,0.092,0.293,0.213,0.86;aaaaaaa;
a;0.831,0.479,0.306,0.75,0.895,0.0499,0.936,0.989,0.427,0.157;aaaaaaaaa;
a;0.505,0.548,0.163,0.891,0.953,0.548,0.866,0.306,0.00456,0.46;aa;
aa;0.385,0.544,0.221,0.0828,0.286,0.834,0.747,0.718,0.0908,0.775;aaa;
a;0.109,0.532,0.249,0.743,0.322,0.642,0.297,0.724,0.406,0.545;aaaaaaa;
a;0.701,0.856,0.85,0.666,0.154,0.401,0.555,0.373,0.924,0.722;aaaaaaaaa;
aa;0.156,0.495,0.295,0.174,0.359,0.257,0.305,0.843,0.855,0.0258;aaaa;
aa;0.593,0.0048,0.536,0.345,0.164,0.538,0.0827,0.502,0.817,0.136;a;
a;0.222,0.429,0.176,0.729,0.435,0.958,0.595,0.472,0.657,0.142;aaaaaaaa;
a;0.707,0.799,0.284,0.758,0.206,0.936,0.878,0.168,0.886,0.257;aaaaa;
aa;0.103,0.44,0.837,0.273,0.417,0.711,0.912,0.22,0.261,0.504;aaa;
aa;0.912,0.179,0.744,0.162,0.452,0.694,0.0371,0.0524,0.905,0.0926;aaaaaaaaaa;
a;0.222,0.589,0.288,0.914,0.39,0.991,0.0537,0.799,0.547,0.931;aa;
a;0.0697,0.91,0.0995,0.773,0.953,0.61,0.631,0.782,0.257,0.754;aaaaaaaa;
a;0.0706,0.749,0.0955,0.569,0.43,0.682,0.312,0.686,0.551,0.958;aaaaaaaaa;
aa;0.222,0.168,0.853,0.408,0.293,0.264,0.551,0.858,0.93,0.594;aa;
aa;0.136,0.663,0.717,0.251,0.545,0.531,0.242,0.879,0.611,0.771;aaaaaa;
aa;0.113,0.604,0.897,0.683,0.913,0.521,0.552,0.264,0.59,0.682;a;
aa;0.0453,0.955,0.396,0.761,0.609,0.147,0.818,0.243,0.0656,0.629;aaaaaaa;
aa;0.344,0.777,0.944,0.832,0.398,0.345,0.977,0.813,0.637,0.767;aaaaaaaaaa;
a;0.93,0.0883,0.586,0.404,0.548,0.975,0.329,0.584,0.401,0.16;aaaaaa;
a;0.212,0.491,0.328,0.657,0.585,0.847,0.483,0.941,0.743,0.417;aaaaaaaaaa;
aa;0.185,0.873,0.227,0.51,0.353,0.434,0.769,0.07,0.789,0.251;aaaaaaa;
a;0.553,0.349,0.94,0.364,0.85,0.66,0.308,0.961,0.695,0.893;aaaaa;
aa;0.766,0.76,0.411,0.288,0.591,0.104,0.366,0.298,0.97,0.364;aaaaaa;
a;0.746,0.514,0.222,0.603,0.996,0.434,0.589,0.697,0.894,0.51;aaaaaa;
a;0.245,0.904,0.787,0.833,0.649,0.0511,0.17,0.372,0.863,0.674;aaaa;
a;0.908,0.593,0.618,0.804,0.235,0.464,0.416,0.939,0.546,0.355;aaaaaa;
a;0.172,0.836,0.162,0.733,0.569,0.227,0.264,0.0767,0.478,0.12;aaaaaaa;
a;0.616,0.704,0.897,0.45,0.313,0.519,0.997,0.695,0.375,0.263;aaaa;
aa;0.378,0.911,0.597,0.155,0.498,0.508,0.56,0.606,0.012,0.861;a;
aa;0.863,0.221,0.94,0.836,0.551,0.96,0.12,0.726,0.692,0.585;aaaa;
a;0.78,0.0638,0.578,0.26,0.164,0.648,0.0519,0.879,0.944,0.0842;aaaaaa;
a;0.767,0.0517,0.0948,0.0746,0.671,0.573,0.273,0.0544,0.898,0.474;aa;
aa;0.313,0.0206,0.438,0.726,0.882,0.211,0.958,0.93,0.395,0.871;aaaaaaaaaa;
a;0.429,0.301,0.895,0.84,0.967,0.617,0.0751,0.409,0.189,0.828;aaaaaaa;
a;0.955,0.814,0.385,0.223,0.737,0.933,0.229,0.0102,0.83,0.541;aaaa;
aa;0.128,0.711,0.326,0.781,0.0579,0.161,0.943,0.9,0.651,0.658;aaaaaaaa;
aa;0.468,0.0457,0.727,0.173,0.707,0.714,0.287,0.589,0.85,0.242;aa;
a;0.453,0.688,0.768,0.798,0.862,0.00581,0.198,0.892,0.567,0.0692;aaa;
a;0.0688,0.0319,0.325,0.914,0.313,0.547,0.275,0.853,0.573,0.466;aaaaa;
aa;0.266,0.116,0.436,0.179,0.357,0.928,0.142,0.786,0.817,0.22;a;
aa;0.581,0.904,0.447,0.0193,0.0309,0.953,0.502,0.0787,0.516,0.386;aaaaaaa;
aa;0.908,0.728,0.39,0.282,0.554,0.955,0.21,0.607,0.194,0.648;aaaaaaaaa;
a;0.73,0.212,0.55,0.499,0.414,0.694,0.079,0.852,0.673,0.364;aaaaaaa;
aa;0.123,0.971,0.404,0.572,0.673,0.943,0.548,0.352,0.488,0.172;aaaa;
a;0.502,0.0885,0.536,0.664,0.169,0.723,0.244,0.378,0.273,0.423;aaaaaaaa;
aa;0.15,0.429,0.506,0.0767,0.781,0.672,0.337,0.579,0.208,0.103;aaa;
aa;0.201,0.42,0.188,0.946,0.241,0.088,0.286,0.985,0.314,0.296;a;
aa;0.915,0.471,0.679,0.0481,0.819,0.0939,0.203,0.68,0.0105,0.482;aaaaaa;
aa;0.751,0.728,0.207,0.704,0.307,0.494,0.576,0.134,0.0718,0.716;aaaaa;
a;0.283,0.153,0.6,0.427,0.368,0.536,0.773,0.725,0.405,0.0512;aaaaaaaaaa;
aa;0.0579,0.752,0.368,0.309,0.829,0.0459,0.494,0.667,0.822,0.345;aaaaaaa;
a;0.0966,0.862,0.0638,0.883,0.0855,0.819,0.421,0.459,0.366,0.93;aaaaaaaaa;
a;0.964,0.321,0.695,0.348,0.448,0.2,0.00568,0.676,0.57,0.912;a;
a;0.175,0.763,0.697,0.191,0.923,0.057,0.0523,0.783,0.439,0.995;aaaaaaa;
aa;0.784,0.0404,0.661,1,0.562,0.884,0.075,0.0922,0.28,0.327;aaa;
aa;0.796,0.908,0.386,0.318,0.129,0.435,0.185,0.701,0.752,0.439;a;
a;0.0889,0.865,0.167,0.525,0.649,0.254,0.977,0.101,0.365,0.949;aaaaa;
aa;0.39,0.819,0.304,0.857,0.339,0.149,0.551,0.65,0.268,0.538;a;
aa;0.84,0.254,0.399,0.235,0.197,0.683,0.894,0.152,0.341,0.552;aaaaa;
a;0.258,0.6,0.531,0.711,0.977,0.217,0.732,0.471,0.776,0.0475;aa;
a;0.974,0.961,0.417,0.735,0.352,0.424,0.284,0.0891,0.127,0.774;aaaaaaaaaa;
aa;0.695,0.504,0.942,0.352,0.0758,0.0566,0.867,0.945,0.615,0.106;a;
a;0.0436,0.72,0.692,0.609,0.0589,0.91,0.737,0.0633,0.0282,0.808;aaaaaaaa;
aa;0.647,0.228,0.017,0.578,0.535,0.201,0.673,0.792,0.617,0.792;aaaaa;
aa;0.219,0.199,0.032,0.0161,0.895,0.686,0.741,0.0762,0.656,0.0669;a;
a;0.831,0.314,0.0222,0.319,0.358,0.459,0.643,0.613,0.394,0.999;aaaa;
aa;0.678,0.963,0.996,0.536,0.791,0.758,0.0383,0.201,0.757,0.739;aaaaaa;
aa;0.995,0.156,0.745,0.786,0.325,0.284,0.525,0.29,0.502,0.302;aaaaaaaa;
a;0.716,0.0855,0.541,0.412,0.875,0.2,0.269,0.647,0.243,0.911;aaaaaaa;
aa;0.995,0.975,0.688,0.812,0.995,0.89,0.909,0.621,0.231,0.0658;aaaa;
aa;0.446,0.381,0.00618,0.197,0.237,0.545,0.132,0.0913,0.898,0.901;aaaaaa;
aa;0.0229,0.357,0.56,0.857,0.302,0.146,0.846,0.499,0.377,0.799;aaaaaa;
aa;0.728,0.835,0.672,0.221,0.0385,0.81,0.776,0.31,0.947,0.618;aaa;
a;0.972,0.996,0.328,0.866,0.248,0.584,0.618,0.8,0.419,0.167;aaaaaaa;
aa;0.515,0.463,0.633,0.246,0.172,0.579,0.605,0.243,0.302,0.875;aaaaa;
a;0.741,0.00699,0.721,0.123,0.994,0.66,0.969,0.118,0.131,0.934;a;
a;0.26,0.285,0.202,0.962,0.658,0.189,0.47,0.266,0.374,0.518;aa;
aa;0.0121,0.964,0.934,0.475,0.406,0.387,0.284,0.108,0.739,0.52;a;
aa;0.152,0.764,0.0906,0.0375,0.0091,0.884,0.848,0.207,0.206,0.516;a;
aa;0.189,0.608,0.363,0.0727,0.523,0.0868,0.965,0.134,0.828,0.462;aaaaaa;
a;0.137,0.0907,0.952,0.982,0.025,0.856,0.0132,0.486,0.112,0.563;aaaa;
aa;0.0824,0.498,0.89,0.169,0.833,0.463,0.181,0.214,0.0407,0.478;aaaaaaaaa;
a;0.498,0.723,0.219,0.875,0.995,0.987,0.0538,0.948,0.0414,0.792;aa;
aa;0.303,0.976,0.965,0.185,0.0448,0.79,0.0731,0.808,0.841,0.212;aaaa;
aa;0.835,0.195,0.202,0.894,0.49,0.727,0.81,0.485,0.004,0.471;aaaaaaa;
a;0.0916,0.298,0.629,0.289,0.259,0.454,0.582,0.756,0.986,0.398;aaaaaaaaa;
aa;0.24,0.0319,0.788,0.787,0.983,0.971,0.398,0.484,0.817,0.511;a;
a;0.213,0.841,0.953,0.0468,0.401,0.775,0.228,0.945,0.037,0.896;aa;
aa;0.22,0.519,0.956,0.121,0.743,0.756,0.893,0.514,0.297,0.548;aaaaaaa;
aa;0.0561,0.954,0.678,0.716,0.1,0.91,0.226,0.437,0.95,0.978;aaaaaa;
aa;0.159,0.567,0.0226,0.277,0.553,0.913,0.0892,0.118,0.817,0.94;aaa;
aa;0.66,0.281,0.887,0.305,0.991,0.18,0.792,0.277,0.704,0.58;aaaa;
a;0.721,0.62,0.067,0.303,0.486,0.665,0.558,0.735,0.143,0.285;aaa;
aa;0.67,0.466,0.997,0.478,0.396,0.0772,0.586,0.795,0.499,0.54;aaaaa;
a;0.67,0.892,0.304,0.719,0.834,0.95,0.0694,0.716,0.942,0.803;aaaaaaaaaa;
a;0.869,0.623,0.949,0.493,0.421,0.172,0.502,0.976,0.811,0.749;aaaaaaaaa;
a;0.608,0.0827,0.607,0.0347,0.0785,0.642,0.28,0.63,0.551,0.283;aaaaa;
a;0.788,0.0789,0.881,0.688,0.526,0.159,0.421,0.25,0.49,0.71;aaa;
a;0.934,0.931,0.844,0.529,0.399,0.598,0.686,0.16,0.212,0.801;aaaaa;
a;0.725,0.772,0.706,0.948,0.988,0.161,0.746,0.74,0.0273,0.309;aaaaaa;
a;0.488,0.503,0.83,0.342,0.26,0.924,0.0538,0.558,0.457,0.207;aa;
aa;0.143,0.917,0.0874,0.488,0.0632,0.653,0.611,0.914,0.954,0.682;a;
a;0.706,0.00839,0.274,0.922,0.118,0.089,0.75,0.185,0.282,0.359;aaaaaaaa;
a;0.284,0.437,0.241,0.383,0.838,0.916,0.805,0.593,0.52,0.299;aaa;
a;0.951,0.579,0.778,0.564,0.459,0.667,0.0676,0.438,0.247,0.473;aa;
a;0.925,0.399,0.0232,0.192,0.0704,0.369,0.166,0.206,0.0717,0.597;aaaa;
a;0.036,0.907,0.868,0.412,0.979,0.11,0.951,0.365,0.147,0.794;aaaaaaaaa;
a;0.519,0.841,0.13,0.197,0.986,0.498,0.742,0.71,0.0532,0.51;aaaaaaaaa;
aa;0.143,0.986,0.951,0.189,0.562,0.669,0.0406,0.0787,0.813,0.35;aaaaaaaaa;
a;0.96,0.0907,0.0343,0.56,0.313,0.682,0.93,0.779,0.465,0.0831;aaaaaaaaa;
a;0.036,0.991,0.414,0.463,0.859,0.118,0.962,0.889,0.748,0.913;aaaa;
a;0.036,0.907,0.868,0.412,0.979,0.11,0.951,0.365,0.147,0.794;aaaaaaa;
a;0.519,0.841,0.13,0.197,0.986,0.498,0.742,0.71,0.0532,0.51;aaaaaaa;
aa;0.143,0.986,0.951,0.189,0.562,0.669,0.0406,0.0787,0.813,0.35;aaa;
a;0.96,0.0907,0.0343,0.56,0.313,0.682,0.93,0.779,0.465,0.0831;aaaaaaa;
a;0.036,0.991,0.414,0.463,0.859,0.118,0.962,0.889,0.748,0.913;a;
a;0.036,0.907,0.868,0.412,0.979,0.11,0.951,0.365,0.147,0.794;aaaa;
a;0.519,0.841,0.13,0.197,0.986,0.498,0.742,0.71,0.0532,0.51;aaaaa;
aa;0.143,0.986,0.951,0.189,0.562,0.669,0.0406,0.0787,0.813,0.35;aaaaaaa;
a;0.96,0.0907,0.0343,0.56,0.313,0.682,0.93,0.779,0.465,0.0831;aaaaaaaa;
a;0.036,0.991,0.414,0.463,0.859,0.118,0.962,0.889,0.748,0.913;aaaaaaaa;
a;0.036,0.907,0.868,0.412,0.979,0.11,0.951,0.365,0.147,0.794;aaaaaaaaaa;
a;0.519,0.841,0.13,0.197,0.986,0.498,0.742,0.71,0.0532,0.51;aaaa;
aa;0.143,0.986,0.951,0.189,0.562,0.669,0.0406,0.0787,0.813,0.35;aaaaa;
a;0.96,0.0907,0.0343,0.56,0.313,0.682,0.93,0.779,0.465,0.0831;aaa;
a;0.036,0.991,0.414,0.463,0.859,0.118,0.962,0.889,0.748,0.913;aaaaaaaaa;
a;0.036,0.907,0.868,0.412,0.979,0.11,0.951,0.365,0.147,0.794;aaaa;
a;0.519,0.841,0.13,0.197,0.986,0.498,0.742,0.71,0.0532,0.51;aaaaaaaaaa;
aa;0.143,0.986,0.951,0.189,0.562,0.669,0.0406,0.0787,0.813,0.35;aaaaaa;
a;0.96,0.0907,0.0343,0.56,0.313,0.682,0.93,0.779,0.465,0.0831;aaaa;
a;0.036,0.991,0.414,0.463,0.859,0.118,0.962,0.889,0.748,0.913;aaaaaaaaaa;
a;0.036,0.907,0.868,0.412,0.979,0.11,0.951,0.365,0.147,0.794;aaaaaaaa;
a;0.519,0.841,0.13,0.197,0.986,0.498,0.742,0.71,0.0532,0.51;aaaaa;
aa;0.143,0.986,0.951,0.189,0.562,0.669,0.0406,0.0787,0.813,0.35;aaaaaaaa;
a;0.96,0.0907,0.0343,0.56,0.313,0.682,0.93,0.779,0.465,0.0831;aaaa;
a;0.036,0.991,0.414,0.463,0.859,0.118,0.962,0.889,0.748,0.913;a;
a;0.036,0.907,0.868,0.412,0.979,0.11,0.951,0.365,0.147,0.794;aaaaa;
a;0.519,0.841,0.13,0.197,0.986,0.498,0.742,0.71,0.0532,0.51;a;
aa;0.143,0.986,0.951,0.189,0.562,0.669,0.0406,0.0787,0.813,0.35;aaa;
a;0.96,0.0907,0.0343,0.56,0.313,0.682,0.93,0.779,0.465,0.0831;aaaaaaaa;
a;0.036,0.991,0.414,0.463,0.859,0.118,0.962,0.889,0.748,0.913;aaaaaaaaa;
a;0.036,0.907,0.868,0.412,0.979,0.11,0.951,0.365,0.147,0.794;aaaaaaaaaa;
a;0.519,0.841,0.13,0.197,0.986,0.498,0.742,0.71,0.0532,0.51;aaaaaaaaa;
aa;0.143,0.986,0.951,0.189,0.562,0.669,0.0406,0.0787,0.813,0.35;aaa;
a;0.96,0.0907,0.0343,0.56,0.313,0.682,0.93,0.779,0.465,0.0831;aaaaaa;
a;0.036,0.991,0.414,0.463,0.859,0.118,0.962,0.889,0.748,0.913;a;
a;0.036,0.907,0.868,0.412,0.979,0.11,0.951,0.365,0.147,0.794;aaaaa;
a;0.519,0.841,0.13,0.197,0.986,0.498,0.742,0.71,0.0532,0.51;aaaa;
aa;0.143,0.986,0.951,0.189,0.562,0.669,0.0406,0.0787,0.813,0.35;aaaaaaaaa;
a;0.96,0.0907,0.0343,0.56,0.313,0.682,0.93,0.779,0.465,0.0831;aaaaaaa;
a;0.036,0.991,0.414,0.463,0.859,0.118,0.962,0.889,0.748,0.913;aaaaaa;
a;0.036,0.907,0.868,0.412,0.979,0.11,0.951,0.365,0.147,0.794;aaaaaaaaa;
a;0.519,0.841,0.13,0.197,0.986,0.498,0.742,0.71,0.0532,0.51;aaaaaa;
aa;0.143,0.986,0.951,0.189,0.562,0.669,0.0406,0.0787,0.813,0.35;aaa;
a;0.96,0.0907,0.0343,0.56,0.313,0.682,0.93,0.779,0.465,0.0831;a;
a;0.036,0.991,0.414,0.463,0.859,0.118,0.962,0.889,0.748,0.913;a;
a;0.036,0.907,0.868,0.412,0.979,0.11,0.951,0.365,0.147,0.794;aaaaa;
a;0.519,0.841,0.13,0.197,0.986,0.498,0.742,0.71,0.0532,0.51;aa;
aa;0.143,0.986,0.951,0.189,0.562,0.669,0.0406,0.0787,0.813,0.35;aaaaaaaaa;
a;0.96,0.0907,0.0343,0.56,0.313,0.682,0.93,0.779,0.465,0.0831;aaaaaaaaaa;
a;0.036,0.991,0.414,0.463,0.859,0.118,0.962,0.889,0.748,0.913;aaaaa;
a;0.036,0.907,0.868,0.412,0.979,0.11,0.951,0.365,0.147,0.794;aaaaaaaa;
a;0.519,0.841,0.13,0.197,0.986,0.498,0.742,0.71,0.0532,0.51;aaaaaaaa;
aa;0.143,0.986,0.951,0.189,0.562,0.669,0.0406,0.0787,0.813,0.35;aaa;
a;0.96,0.0907,0.0343,0.56,0.313,0.682,0.93,0.779,0.465,0.0831;aaaaaaaaaa;
a;0.036,0.991,0.414,0.463,0.859,0.118,0.962,0.889,0.748,0.913;a;
a;0.036,0.907,0.868,0.412,0.979,0.11,0.951,0.365,0.147,0.794;aaaaaaaaa;
a;0.519,0.841,0.13,0.197,0.986,0.498,0.742,0.71,0.0532,0.51;aaaa;
aa;0.143,0.986,0.951,0.189,0.562,0.669,0.0406,0.0787,0.813,0.35;aaa;
a;0.96,0.0907,0.0343,0.56,0.313,0.682,0.93,0.779,0.465,0.0831;aaaa;
a;0.036,0.991,0.414,0.463,0.859,0.118,0.962,0.889,0.748,0.913;a;
a;0.036,0.907,0.868,0.412,0.979,0.11,0.951,0.365,0.147,0.794;aaaaaaa;
a;0.519,0.841,0.13,0.197,0.986,0.498,0.742,0.71,0.0532,0.51;aaaaaaaaa;
aa;0.143,0.986,0.951,0.189,0.562,0.669,0.0406,0.0787,0.813,0.35;aaaaaaa;
a;0.96,0.0907,0.0343,0.56,0.313,0.682,0.93,0.779,0.465,0.0831;aaa;
a;0.036,0.991,0.414,0.463,0.859,0.118,0.962,0.889,0.748,0.913;aaaaaaa;
a;0.036,0.907,0.868,0.412,0.979,0.11,0.951,0.365,0.147,0.794;aaaaaaa;
a;0.519,0.841,0.13,0.197,0.986,0.498,0.742,0.71,0.0532,0.51;aaaaaa;
aa;0.143,0.986,0.951,0.189,0.562,0.669,0.0406,0.0787,0.813,0.35;aaaaaaaaaa;
a;0.96,0.0907,0.0343,0.56,0.313,0.682,0.93,0.779,0.465,0.0831;aaaaaaa;
a;0.036,0.991,0.414,0.463,0.859,0.118,0.962,0.889,0.748,0.913;aaaaaaaaaa;
a;0.036,0.907,0.868,0.412,0.979,0.11,0.951,0.365,0.147,0.794;aaaaaaaa;
a;0.519,0.841,0.13,0.197,0.986,0.498,0.742,0.71,0.0532,0.51;a;
aa;0.143,0.986,0.951,0.189,0.562,0.669,0.0406,0.0787,0.813,0.35;aaa;
a;0.96,0.0907,0.0343,0.56,0.313,0.682,0.93,0.779,0.465,0.0831;aa;
a;0.036,0.991,0.414,0.463,0.859,0.118,0.962,0.889,0.748,0.913;aaaaaaaa;
a;0.036,0.907,0.868,0.412,0.979,0.11,0.951,0.365,0.147,0.794;aaaaaaa;
a;0.519,0.841,0.13,0.197,0.986,0.498,0.742,0.71,0.0532,0.51;aaaaaaa;
aa;0.143,0.986,0.951,0.189,0.562,0.669,0.0406,0.0787,0.813,0.35;aaaa;
a;0.96,0.0907,0.0343,0.56,0.313,0.682,0.93,0.779,0.465,0.0831;aaaa;
a;0.036,0.991,0.414,0.463,0.859,0.118,0.962,0.889,0.748,0.913;aaaaaaaaaa;
a;0.036,0.907,0.868,0.412,0.979,0.11,0.951,0.365,0.147,0.794;aaaaa;
a;0.519,0.841,0.13,0.197,0.986,0.498,0.742,0.71,0.0532,0.51;aaaaa;
aa;0.143,0.986,0.951,0.189,0.562,0.669,0.0406,0.0787,0.813,0.35;aaaaaaaa;
a;0.96,0.0907,0.0343,0.56,0.313,0.682,0.93,0.779,0.465,0.0831;aaaaaaaa;
a;0.036,0.991,0.414,0.463,0.859,0.118,0.962,0.889,0.748,0.913;aaa;
a;0.036,0.907,0.868,0.412,0.979,0.11,0.951,0.365,0.147,0.794;aaa;
a;0.519,0.841,0.13,0.197,0.986,0.498,0.742,0.71,0.0532,0.51;aaa;
aa;0.143,0.986,0.951,0.189,0.562,0.669,0.0406,0.0787,0.813,0.35;aaaa;
a;0.96,0.0907,0.0343,0.56,0.313,0.682,0.93,0.779,0.465,0.0831;aaaaaa;
a;0.036,0.991,0.414,0.463,0.859,0.118,0.962,0.889,0.748,0.913;aaa;
a;0.036,0.907,0.868,0.412,0.979,0.11,0.951,0.365,0.147,0.794;aaaaa;
a;0.519,0.841,0.13,0.197,0.986,0.498,0.742,0.71,0.0532,0.51;aaaaaaaa;
aa;0.143,0.986,0.951,0.189,0.562,0.669,0.0406,0.0787,0.813,0.35;aaaaaaaaa;
a;0.96,0.0907,0.0343,0.56,0.313,0.682,0.93,0.779,0.465,0.0831;aaa;
a;0.036,0.991,0.414,0.463,0.859,0.118,0.962,0.889,0.748,0.913;aaaaa;
a;0.036,0.907,0.868,0.412,0.979,0.11,0.951,0.365,0.147,0.794;aaa;
a;0.519,0.841,0.13,0.197,0.986,0.498,0.742,0.71,0.0532,0.51;aa;
aa;0.143,0.986,0.951,0.189,0.562,0.669,0.0406,0.0787,0.813,0.35;aaa;
a;0.96,0.0907,0.0343,0.56,0.313,0.682,0.93,0.779,0.465,0.0831;aaaaaaaaaa;
a;0.036,0.991,0.414,0.463,0.859,0.118,0.962,0.889,0.748,0.913;aaaa;
a;0.036,0.907,0.868,0.412,0.979,0.11,0.951,0.365,0.147,0.794;aaaaaa;
a;0.519,0.841,0.13,0.197,0.986,0.498,0.742,0.71,0.0532,0.51;aaaa;
aa;0.143,0.986,0.951,0.189,0.562,0.669,0.0406,0.0787,0.813,0.35;aaaaaaaa;
a;0.96,0.0907,0.0343,0.56,0.313,0.682,0.93,0.779,0.465,0.0831;aaaaa;
a;0.036,0.991,0.414,0.463,0.859,0.118,0.962,0.889,0.748,0.913;aaaaaa;
a;0.036,0.907,0.868,0.412,0.979,0.11,0.951,0.365,0.147,0.794;aaaaaaaa;
a;0.519,0.841,0.13,0.197,0.986,0.498,0.742,0.71,0.0532,0.51;aaaaaaa;
aa;0.143,0.986,0.951,0.189,0.562,0.669,0.0406,0.0787,0.813,0.35;aaaaaaa;
a;0.96,0.0907,0.0343,0.56,0.313,0.682,0.93,0.779,0.465,0.0831;aaaaaa;
a;0.036,0.991,0.414,0.463,0.859,0.118,0.962,0.889,0.748,0.913;a;
a;0.036,0.907,0.868,0.412,0.979,0.11,0.951,0.365,0.147,0.794;aaaaaaa;
a;0.519,0.841,0.13,0.197,0.986,0.498,0.742,0.71,0.0532,0.51;aaaaaaaaaa;
aa;0.143,0.986,0.951,0.189,0.562,0.669,0.0406,0.0787,0.813,0.35;aaaa;
a;0.96,0.0907,0.0343,0.56,0.313,0.682,0.93,0.779,0.465,0.0831;aaaaaaaaa;
a;0.036,0.991,0.414,0.463,0.859,0.118,0.962,0.889,0.748,0.913;aaaaaaa;
a;0.036,0.907,0.868,0.412,0.979,0.11,0.951,0.365,0.147,0.794;aaaaaa;
a;0.519,0.841,0.13,0.197,0.986,0.498,0.742,0.71,0.0532,0.51;aa;
aa;0.143,0.986,0.951,0.189,0.562,0.669,0.0406,0.0787,0.813,0.35;aaaaa;
a;0.96,0.0907,0.0343,0.56,0.313,0.682,0.93,0.779,0.465,0.0831;aaaaaaaa;
a;0.036,0.991,0.414,0.463,0.859,0.118,0.962,0.889,0.748,0.913;aaaa;
