ATT0(string,10);ATT1(float,10);ATT2(string,10);
aa;0.736,0.973,0.35,0.284,0.872,0.997,0.953,0.605,0.783,0.023;aaaaa;
aa;0.692,0.466,0.012,0.7,0.383,0.669,0.935,0.639,0.749,0.966;aaaaaa;
aaa;0.797,0.706,0.411,0.951,0.522,0.0828,0.306,0.193,0.119,0.654;aaaaaaaaa;
aaaa;0.362,0.652,0.0227,0.66,0.899,0.959,0.883,0.115,0.791,0.869;aaaaaaa;
aaaa;0.37,0.803,0.667,0.0995,0.498,0.861,0.478,0.375,0.434,0.377;aaa;
aaaaa;0.348,0.109,0.379,0.0247,0.411,0.774,0.914,0.505,0.799,0.283;aaaa;
aaaaaaaaa;0.484,0.0915,0.34,0.696,0.0963,0.149,0.552,0.0309,0.417,0.327;a;
aaaaaaaaaa;0.0193,0.46,0.201,0.274,0.57,0.808,0.199,0.637,0.00349,0.562;aaaaaaaaaa;
aaaaaa;0.497,0.703,0.833,0.0498,0.202,0.691,0.24,0.923,0.571,0.591;a;
aaaaaa;0.102,0.371,0.998,0.698,0.959,0.277,0.378,0.708,0.0605,0.357;aaaaa;
aaaaa;0.121,0.23,0.767,0.728,0.476,0.332,0.134,0.603,0.264,0.388;aaaaaaa;
aaa;0.466,0.272,0.536,0.306,0.779,0.532,0.29,0.358,0.0444,0.81;aaaaaaaa;
aaaaaaaaa;0.56,0.222,0.812,0.406,0.719,0.304,0.879,0.114,0.889,0.618;aaaaaaaaa;
aaaaaaaaa;0.696,0.593,0.782,0.761,0.161,0.175,0.48,0.942,0.935,0.882;aaaaaaa;
a;0.488,0.805,0.461,0.637,0.9,0.384,0.191,0.722,0.772,0.209;a;
aaaa;0.666,0.872,0.995,0.358,0.389,0.0505,0.0391,0.816,0.545,0.187;aaaaaa;
aa;0.413,0.772,0.365,0.423,0.169,0.852,0.415,0.683,0.164,0.194;aaaaaaa;
aa;0.725,0.739,0.257,0.0995,0.9,0.879,0.204,0.124,0.249,0.558;aaaaaaaaa;
aaaaaaaaaa;0.182,0.101,0.871,0.233,0.0399,0.215,0.675,0.726,0.235,0.556;aaa;
aaaaaaaaa;0.0666,0.387,0.744,0.803,0.539,0.556,0.442,0.78,0.907,0.641;aa;
aaaaaa;0.0917,0.32,0.668,0.974,0.738,0.761,0.43,0.561,0.967,0.897;aaaaa;
aaaaa;0.499,0.0501,0.595,0.152,0.901,0.923,0.544,0.727,0.189,0.871;aaaaaaa;
a;0.463,0.252,0.469,0.129,0.961,0.583,0.181,0.178,0.775,0.191;aaaaaaaaa;
aaaaaaaaaa;0.875,0.951,0.305,0.12,0.958,0.624,0.103,0.792,0.325,0.146;aaaa;
aa;0.315,0.95,0.627,0.426,0.51,0.92,0.651,0.421,0.849,0.753;aaa;
aaaaaa;0.0437,0.4,0.567,0.736,0.506,0.971,0.359,0.289,0.00917,0.955;aaaaaaa;
aaaaaaaaa;0.668,0.842,0.0307,0.404,0.749,0.695,0.0839,0.0907,0.991,0.91;aaaaaaaa;
aaaaa;0.555,0.361,0.81,0.36,0.754,0.391,0.354,0.486,0.0708,0.399;aaaaaa;
aaaaaaa;0.69,0.88,0.492,0.162,0.057,0.524,0.765,0.825,0.455,0.122;aaaaaa;
aaaaaaaa;0.313,0.507,0.208,0.114,0.792,0.566,0.941,0.627,0.694,0.802;aaaaa;
aaaaaa;0.966,0.941,0.428,0.796,0.526,0.185,0.0346,0.717,0.863,0.0519;aaaaaaaaa;
aaaa;0.675,0.981,0.625,0.849,0.832,0.163,0.362,0.355,0.717,0.595;aaa;
aaaaaaaaaa;0.156,0.595,0.764,0.887,0.592,0.815,0.349,0.454,0.0344,0.397;aaaaa;
a;0.424,0.221,0.402,0.619,0.0704,0.349,0.321,0.19,0.3,0.979;a;
a;0.087,0.74,0.908,0.477,0.0117,0.982,0.77,0.83,0.17,0.285;aaaa;
aaaaaaaaa;0.0967,0.616,0.751,0.946,0.561,0.348,0.101,0.406,0.981,0.807;aaa;
aaaaaaaa;0.468,0.755,0.945,0.647,0.664,0.0605,0.474,0.0967,0.834,0.774;a;
aaaaaaa;0.749,0.304,0.0463,0.639,0.229,0.201,0.205,0.0954,0.436,0.655;aaaaaaaaa;
aaaa;0.766,0.261,0.859,0.367,0.405,0.324,0.342,0.418,0.112,0.656;aaaaaa;
aaa;0.638,0.4,0.0628,0.447,0.0183,0.177,0.614,0.251,0.105,0.801;aaaaaaaaa;
aaaaaaa;0.905,0.912,0.0584,0.389,0.852,0.154,0.354,0.734,0.92,0.831;aa;
aaaaaaaaa;0.251,0.878,0.389,0.754,0.533,0.535,0.806,0.633,0.352,0.198;aaaaaa;
aa;0.805,0.894,0.252,0.279,0.499,0.952,0.13,0.792,0.0518,0.946;aaaaaaa;
aaa;0.163,0.582,0.585,0.671,0.0664,0.0826,0.306,0.783,0.339,0.958;aaaaaa;
aaaaaaaaa;0.78,0.965,0.661,0.27,0.305,0.464,0.928,0.207,0.959,0.496;aa;
aaaaaaaaa;0.303,0.0919,0.733,0.779,0.425,0.766,0.806,0.997,0.164,0.666;aa;
aaaaaaaa;0.452,0.145,0.839,0.395,0.103,0.0894,0.443,0.465,0.105,0.823;aaaaaaaaaa;
aaaaaaaaaa;0.251,0.247,0.971,0.952,0.525,0.548,0.0922,0.47,0.271,0.743;aaaaa;
aaa;0.0348,0.479,0.253,0.335,0.444,0.148,0.0829,0.0811,0.0703,0.489;aaaaa;
aaa;0.144,0.503,0.134,0.889,0.605,0.745,0.828,0.192,0.658,0.58;aaaaaaaa;
aa;0.929,0.778,0.356,0.482,0.667,0.888,0.484,0.357,0.394,0.835;a;
aaaaaaaaa;0.188,0.585,0.611,0.111,0.963,0.479,0.537,0.786,0.739,0.519;aa;
aaaaaaa;0.915,0.584,0.32,0.272,0.168,0.637,0.75,0.445,0.962,0.782;aa;
aaaaaa;0.587,0.703,0.0651,0.973,0.577,0.191,0.495,0.563,0.57,0.799;aa;
aaaaa;0.932,0.716,0.0295,0.499,0.518,0.824,0.73,0.96,0.968,0.417;aaaa;
aaaaaaaa;0.181,0.432,0.0331,0.154,0.688,0.793,0.95,0.654,0.917,0.0315;aaaaaaa;
aaaaaaa;0.242,0.28,0.382,0.105,0.278,0.488,0.127,0.0334,0.782,0.205;aaaaaaaa;
aaaaa;0.118,0.981,0.153,0.593,0.951,0.404,0.301,0.864,0.189,0.409;aa;
aaa;0.557,0.668,0.357,0.804,0.859,0.373,0.594,0.216,0.916,0.44;aaaa;
aaaaaaaaaa;0.637,0.867,0.147,0.845,0.769,0.271,0.207,0.0474,0.694,0.713;aaaaaaaaaa;
aaaaaa;0.891,0.537,0.706,0.985,0.0499,0.725,0.282,0.12,0.679,0.876;aa;
aaaaaa;0.355,0.798,0.831,0.382,0.869,0.894,0.19,0.423,0.794,0.0982;aa;
aaaaa;0.508,0.913,0.401,0.525,0.186,0.574,0.0281,0.399,0.422,0.212;aaaaa;
aaaaaa;0.109,0.39,0.286,0.688,0.905,0.143,0.698,0.536,0.958,0.646;aaaaaaa;
aaaaa;0.84,0.175,0.942,0.453,0.471,0.639,0.128,0.205,0.0483,0.262;aaaaaaa;
aa;0.433,0.119,0.681,0.728,0.848,0.784,0.535,0.529,0.559,0.109;aaaaaaaa;
aaaaa;0.364,0.541,0.795,0.175,0.762,0.295,0.813,0.312,0.771,0.885;aaaaaa;
aaa;0.0236,0.793,0.271,0.125,0.744,0.0293,0.538,0.725,0.83,0.41;a;
aaa;0.232,0.99,0.2,0.0744,0.918,0.525,0.14,0.927,0.731,0.88;aaaaaaaa;
aa;0.277,0.587,0.236,0.245,0.138,0.079,0.826,0.589,0.86,0.626;aaaa;
aaaaaaaaaa;0.914,0.845,0.412,0.173,0.0466,0.475,0.81,0.909,0.915,0.399;aaaa;
aa;0.572,0.901,0.537,0.0336,0.747,0.031,0.769,0.941,0.998,0.65;aaaaaaaa;
aaaaaa;0.135,0.932,0.733,0.684,0.0283,0.0906,0.152,0.959,0.372,0.465;aaaa;
aaaaa;0.914,0.552,0.112,0.61,0.397,0.703,0.274,0.934,0.98,0.901;aaa;
aaaa;0.724,0.0572,0.846,0.418,0.7,0.43,0.669,0.277,0.856,0.561;aaaaaa;
aaa;0.213,0.326,0.364,0.436,0.623,0.486,0.0643,0.655,0.62,0.28;aaaaaa;
aaaaaaaaa;0.34,0.369,0.782,0.538,0.811,0.546,0.35,0.149,0.362,0.619;aaaaaaaa;
a;0.875,0.496,0.154,0.0353,0.0945,0.77,0.201,0.67,0.223,0.35;aaa;
aaaaa;0.964,0.0446,0.854,0.0863,0.812,0.873,0.222,0.124,0.0704,0.985;aaaaa;
aaaaa;0.188,0.474,0.114,0.496,0.665,0.893,0.58,0.965,0.251,0.165;aaaaaa;
aaaa;0.649,0.875,0.857,0.61,0.973,0.0786,0.116,0.105,0.514,0.899;aaaaaaaaa;
aa;0.931,0.525,0.236,0.471,0.803,0.458,0.649,0.489,0.313,0.143;aaa;
aaaaaaaaa;0.111,0.209,0.896,0.349,0.638,0.699,0.73,0.27,0.696,0.508;aa;
aaaaaaaaa;0.588,0.489,0.0407,0.0259,0.201,0.368,0.111,0.0209,0.848,0.308;aaaaaaaa;
aaaaaaaaa;0.624,0.562,0.488,0.808,0.756,0.723,0.514,0.632,0.857,0.553;aaaaa;
aaaaaaa;0.306,0.459,0.463,0.48,0.893,0.277,0.585,0.392,0.737,0.539;aaaaa;
aaaaa;0.52,0.0747,0.849,0.128,0.495,0.412,0.939,0.378,0.515,0.522;aaaaa;
a;0.716,0.537,0.258,0.241,0.00978,0.171,0.13,0.495,0.291,0.612;a;
aaa;0.787,0.85,0.837,0.898,0.327,0.701,0.187,0.462,0.606,0.416;aaa;
aaaaa;0.272,0.552,0.186,0.405,0.909,0.863,0.0592,0.687,0.243,0.708;aaaaa;
a;0.924,0.191,0.276,0.198,0.583,0.503,0.176,0.715,0.128,0.301;aaaaaa;
a;0.882,0.66,0.901,0.226,0.513,0.311,0.186,0.478,0.931,0.937;aaaaa;
aaaaaaaaa;0.874,0.298,0.155,0.744,0.908,0.94,0.24,0.978,0.874,0.496;aaaa;
aaa;0.785,0.66,0.255,0.972,0.411,0.487,0.365,0.0905,0.347,0.474;aaaa;
a;0.665,0.4,0.0797,0.333,0.265,0.952,0.284,0.162,0.695,0.665;aa;
aa;0.209,0.864,0.647,0.109,0.0479,0.981,0.9,0.678,0.946,0.978;aaaaaaaa;
aaaaaa;0.455,0.924,0.946,0.938,0.928,0.927,0.561,0.919,0.314,0.645;aaaaaaaaa;
aa;0.958,0.461,0.107,0.253,0.765,0.0135,0.104,0.51,0.219,0.64;aa;
aaaa;0.839,0.413,0.075,0.75,0.752,0.572,0.124,0.087,0.224,0.613;aaaaa;
aaaaaaaaa;0.439,0.654,0.557,0.521,0.188,0.769,0.868,0.763,0.92,0.476;aa;
aaaaaaa;0.137,0.5,0.503,0.244,0.901,0.153,0.983,0.853,0.771,0.244;aa;
aaaaaaaa;0.643,0.77,0.493,0.578,0.304,0.207,0.918,0.645,0.0887,0.594;aaaaaa;
aaaaa;0.63,0.105,0.312,0.759,0.238,0.378,0.53,0.251,0.164,0.318;aaaaaaaaa;
a;0.405,0.492,0.693,0.499,0.983,0.0168,0.034,0.501,0.0636,0.208;aaaaaaaaa;
aaaaaaaaaa;0.124,0.21,0.923,0.892,0.657,0.0194,0.0385,0.57,0.815,0.965;aaaaaaaaa;
aaaaaaa;0.902,0.65,0.844,0.0639,0.799,0.262,0.95,0.502,0.74,0.638;aaaaaa;
aaaaaaa;0.392,0.0515,0.253,0.702,0.215,0.349,0.699,0.134,0.0924,0.326;aa;
aaaaaaaa;0.946,0.485,0.526,0.779,0.724,0.638,0.91,0.091,0.727,0.701;aaaaaaaa;
aaaaaa;0.561,0.0157,0.257,0.48,0.133,0.795,0.996,0.0727,0.996,0.567;aaaa;
aa;0.846,0.408,0.26,0.374,0.371,0.631,0.09,0.137,0.84,0.4;aaaaaaaa;
aa;0.83,0.808,0.486,0.222,0.888,0.494,0.482,0.908,0.968,0.306;aaaa;
aaaaaaaaaa;0.879,0.331,0.264,0.184,0.409,0.617,0.257,0.572,0.773,0.485;a;
aaaaaaaa;0.0378,0.0437,0.0608,0.978,0.114,0.137,0.564,0.786,0.539,0.862;aaaaaa;
aaaa;0.647,0.665,0.0785,0.368,0.499,0.753,0.0213,0.499,0.31,0.701;a;
aa;0.204,0.416,0.662,0.716,0.529,0.949,0.102,0.922,0.468,0.47;aaa;
aaaaaaaaaa;0.124,0.808,0.257,0.884,0.116,0.853,0.519,0.46,0.755,0.725;aaaa;
aaa;0.604,0.721,0.896,0.378,0.472,0.409,0.531,0.452,0.162,0.767;aaaaaaaaa;
aa;0.642,0.997,0.98,0.408,0.541,0.719,0.438,0.28,0.382,0.168;aaaaa;
aaaaaa;0.571,0.816,0.682,0.448,0.286,0.424,0.687,0.253,0.982,0.36;aaaaaaaaa;
aaaaaaaaaa;0.787,0.0925,0.215,0.831,0.571,0.424,0.0909,0.859,0.266,0.479;aaaaaaaaaa;
aaaaaaaa;0.329,0.607,0.386,0.131,0.608,0.799,0.604,0.299,0.0903,0.684;aaaaaa;
a;0.661,0.0247,0.348,0.962,0.889,0.958,0.432,0.76,0.697,0.0939;aaaaa;
a;0.378,0.908,0.0242,0.117,0.995,0.709,0.511,0.741,0.142,0.48;a;
aaaa;0.548,0.597,0.819,0.324,0.524,0.825,0.0129,0.8,0.314,0.906;aaaaaaaaaa;
aaaaaaaaaa;0.0493,0.204,0.701,0.308,0.0101,0.7,0.206,0.00104,0.253,0.153;aaaaaaa;
a;0.393,0.592,0.231,0.662,0.9,0.493,0.962,0.796,0.307,0.737;aa;
aaaa;0.516,0.623,0.23,0.21,0.644,0.764,0.134,0.955,0.714,0.167;aaaaaaa;
aaaaaa;0.962,0.969,0.407,0.827,0.82,0.217,0.0238,0.944,0.799,0.689;aaaaa;
a;0.371,0.117,0.809,0.125,0.2,0.995,0.812,0.894,0.972,0.464;a;
aaaaaaaaa;0.408,0.016,0.846,0.411,0.292,0.888,0.698,0.967,0.295,0.254;aaaaaaaa;
a;0.235,0.609,0.896,0.706,0.0853,0.668,0.858,0.395,0.32,0.312;aaaaa;
aaaaa;0.509,0.646,0.432,0.528,0.549,0.508,0.0834,0.745,0.773,0.0995;a;
aaaaaaaa;0.232,0.302,0.00114,0.838,0.787,0.4,0.278,0.0684,0.777,0.312;aa;
aaaaaaa;0.419,0.215,0.0432,0.0235,0.903,0.805,0.801,0.0778,0.231,0.573;aaaaaaaaa;
aaaaa;0.58,0.768,0.278,0.0872,0.208,0.826,0.798,0.599,0.139,0.839;aaaaaaa;
aaaa;0.796,0.959,0.436,0.754,0.468,0.859,0.943,0.502,0.3,0.872;aaaaaaaa;
aaaaaa;0.277,0.845,0.00484,0.116,0.787,0.441,0.406,0.39,0.341,0.073;aaaaaaaaaa;
aaaaaaaaaa;0.293,0.779,0.169,0.765,0.77,0.163,0.745,0.324,0.919,0.652;aaaaaaaaa;
aaaaaaaaa;0.316,0.0713,0.146,0.42,0.72,0.192,0.997,0.144,0.597,0.1;aa;
aaaaaa;0.051,0.518,0.781,0.51,0.487,0.988,0.208,0.53,0.927,0.427;aaaaaaaaaa;
aaaaaa;0.517,0.577,0.808,0.675,0.272,0.828,0.334,0.96,0.104,0.615;aaaa;
aaaaaaaaaa;0.564,0.442,0.194,0.69,0.018,0.456,0.276,0.115,0.586,0.561;aaa;
aaaaa;0.365,0.952,0.0869,0.405,0.596,0.232,0.611,0.11,0.622,0.448;aaaaaaa;
aaa;0.089,0.502,0.844,0.831,0.838,0.429,0.939,0.437,0.928,0.11;aa;
aaaa;0.655,0.303,0.901,0.559,0.155,0.846,0.371,0.765,0.45,0.172;aaa;
aaaaaaaa;0.677,0.245,0.652,0.661,0.555,0.103,0.398,0.515,0.484,0.175;a;
aaaaaaaa;0.737,0.195,0.494,0.00664,0.385,0.799,0.425,0.159,0.366,0.0243;aa;
aaaaaa;0.196,0.945,0.84,0.214,0.29,0.442,0.405,0.281,0.597,0.49;aa;
aaaaaaaa;0.448,0.288,0.659,0.482,0.732,0.178,0.607,0.27,0.279,0.852;a;
aaaaaa;0.518,0.171,0.731,0.349,0.352,0.284,0.322,0.0789,1,0.222;a;
aaaaaaaa;0.512,0.907,0.784,0.409,0.44,0.788,0.995,0.388,0.538,0.602;aa;
a;0.977,0.645,0.567,0.0769,0.53,0.576,0.0478,0.779,0.806,0.683;aa;
aaaaaaaaaa;0.0167,0.0087,0.821,0.318,0.65,0.26,0.311,0.505,0.74,0.446;aaaaaaaaaa;
aa;0.814,0.773,0.791,0.908,0.432,0.219,0.472,0.581,0.235,0.774;aaaaaaaaaa;
aaaaaaa;0.649,0.0826,0.984,0.0517,0.645,0.814,0.155,0.235,0.832,0.93;aaaaaaaaa;
aaaa;0.013,0.741,0.2,0.227,0.884,0.161,0.627,0.815,0.698,0.012;aaaaaaa;
aaaaaaaaaa;0.895,0.988,0.811,0.723,0.945,0.116,0.519,0.629,0.374,0.677;aaaaaaaaaa;
aaaaaaaa;0.367,0.428,0.0875,0.821,0.811,0.186,0.736,0.947,0.994,0.726;aaa;
aaaaaaaaaa;0.214,0.685,0.778,0.951,0.748,0.0828,0.398,0.115,0.621,0.493;aaa;
aaaaaaaaaa;0.607,0.995,0.289,0.687,0.268,0.286,0.243,0.855,0.861,0.877;aaaaaaaaaa;
aaaaa;0.47,0.88,0.217,0.371,0.732,0.36,0.55,0.785,0.637,0.491;aaaaaaaaaa;
aaaaa;0.35,0.868,0.274,0.284,0.292,0.8,0.12,0.18,0.66,0.128;aaaaaaaaa;
aaaaa;0.867,0.492,0.427,0.584,0.0922,0.98,0.88,0.556,0.676,0.52;aaaaaaa;
aa;0.357,0.517,0.331,0.498,0.256,0.87,0.242,0.000269,0.794,0.799;aaaaaaaaa;
aaaaaaaaa;0.567,0.0962,0.439,0.202,0.713,0.57,0.825,0.769,0.104,0.859;aaaaaaaaaa;
aaa;0.208,0.838,0.0765,0.728,0.37,0.26,0.145,0.306,0.31,0.402;aaaaa;
aa;0.703,0.378,0.937,0.355,0.0593,0.553,0.0852,0.699,0.962,0.429;aaaaaaaa;
aaaaaa;0.267,0.894,0.613,0.0847,0.833,0.991,0.27,0.404,0.943,0.787;aaaaaa;
aaaaa;0.62,0.275,0.664,0.625,0.188,0.272,0.164,0.813,0.863,0.646;aaaaaaaaa;
aaa;0.825,0.459,0.23,0.517,0.0824,0.825,0.506,0.37,0.721,0.0217;aaaaa;
aaa;0.065,0.322,0.00533,0.224,0.0634,0.241,0.00989,0.0803,0.451,0.97;aaaaaaa;
aa;0.841,0.384,0.000958,0.0831,0.537,0.259,0.624,0.719,0.901,0.391;aaaaaaaaa;
aaaaa;0.926,0.942,0.733,0.218,0.64,0.589,0.958,0.0506,0.706,0.0715;aaaa;
aa;0.27,0.919,0.25,0.39,0.471,0.292,0.895,0.291,0.72,0.131;aaaaaa;
aaaaaaaaaa;0.709,0.174,0.58,0.727,0.919,0.297,0.981,0.323,0.844,0.941;aaaa;
aaaa;0.406,0.82,0.422,0.718,0.177,0.405,0.708,0.776,0.2,0.209;aaaaaa;
aaaaaaaaa;0.39,0.3,0.216,0.97,0.893,0.878,0.0263,0.567,0.322,0.234;aaaa;
aaaaaaaa;0.315,0.0843,0.374,0.944,0.147,0.121,0.569,0.866,0.151,0.000881;aaaaaaaaaa;
aaaaaaaa;0.774,0.932,0.799,0.307,0.112,0.686,0.0481,0.576,0.973,0.00836;aaa;
aaaaaaaaa;0.291,0.319,0.0819,0.738,0.0263,0.473,0.874,0.128,0.523,0.156;a;
aaaaaaaa;0.594,0.974,0.753,0.798,0.665,0.00437,0.424,0.578,0.403,0.459;aaaaaaaaa;
aaaaaaa;0.846,0.242,0.00899,0.118,0.773,0.0782,0.659,0.601,0.258,0.739;aaaaaaaaa;
aaaa;0.461,0.688,0.543,0.357,0.886,0.542,0.241,0.9,0.87,0.738;aaa;
aaaaaa;0.404,0.0376,0.266,0.361,0.979,0.884,0.811,0.776,0.0035,0.0126;aa;
a;0.708,0.548,0.491,0.97,0.927,0.922,0.987,0.0109,0.558,0.419;aaaaaaaaa;
aaaaaaaaa;0.318,0.595,0.736,0.955,0.782,0.504,0.218,0.501,0.221,0.994;aaaaaaaaaa;
aaaaaaaaaa;0.699,0.355,0.77,0.615,0.151,0.101,0.799,0.936,0.697,0.461;aaaaaaaaa;
aaaaaaaaa;0.536,0.315,0.119,0.62,0.219,0.804,0.703,0.0728,0.282,0.761;aaaaaa;
aaaaaaaa;0.857,0.291,0.631,0.195,0.811,0.412,0.587,0.247,0.603,0.34;aaaa;
aaaa;0.321,0.831,0.415,0.842,0.099,0.332,0.997,0.0153,0.788,0.547;aaaaaaaaa;
aaaaaaaa;0.668,0.765,0.395,0.333,0.504,0.873,0.241,0.997,0.192,0.488;aaaaaa;
aaaaaa;0.525,0.494,0.397,0.482,0.745,0.344,0.37,0.749,0.502,0.744;aaaaaaaaa;
aaaaaaaaaa;0.0713,0.0872,0.194,0.468,0.91,0.746,0.871,0.864,0.793,0.166;aa;
aa;0.907,0.379,0.444,0.886,0.753,0.736,0.191,0.761,0.532,0.609;aaaaaaaa;
aaaaaaa;0.0499,0.159,0.649,0.901,0.388,0.824,0.743,0.592,0.423,0.815;aaaaaaaa;
aaaa;0.158,0.143,0.953,0.911,0.817,0.67,0.206,0.25,0.407,0.0868;aaaaaa;
aa;0.386,0.521,0.0372,0.763,0.355,0.51,0.269,0.545,0.839,0.817;aaaaaaa;
aaaa;0.936,0.0754,0.945,0.859,0.532,0.754,0.219,0.551,0.0565,0.206;a;
aaaaaaaa;0.631,0.897,0.605,0.272,0.75,0.36,0.495,0.558,0.431,0.609;a;
aaaaaaa;0.364,0.969,0.197,0.652,0.921,0.651,0.822,0.395,0.662,0.455;aaaaaaaaa;
aaaaaaaa;0.999,0.368,0.387,0.543,0.868,0.192,0.635,0.759,0.685,0.103;aa;
aaaaaaaaaa;0.0914,0.0352,0.551,0.373,0.337,0.459,0.93,0.843,0.217,0.183;aaaaaa;
aaaa;0.86,0.265,0.181,0.521,0.649,0.579,0.22,0.246,0.9,0.361;aaaaaaaaaa;
aaaa;0.287,0.456,0.887,0.147,0.773,0.908,0.499,0.785,0.232,0.375;aaaaaaaaaa;
aa;0.411,0.406,0.876,0.343,0.615,0.783,0.98,0.746,0.252,0.0805;aaaaaaaaa;
aaaaaaaa;0.593,0.304,0.694,0.277,0.508,0.716,0.21,0.805,0.622,0.758;aaaaa;
aaaaaaa;0.506,0.133,0.896,0.0871,0.566,0.579,0.479,0.179,0.994,0.369;aaa;
aaaaaa;0.85,0.966,0.185,0.348,0.135,0.716,0.129,0.529,0.424,0.555;aaaaaa;
aaaaaaa;0.138,0.0104,0.759,0.459,0.247,0.419,0.958,0.397,0.539,0.525;aa;
aaaa;0.0939,0.181,0.989,0.873,0.188,0.514,0.485,0.0136,0.584,0.906;aaaaaaaa;
aaaaaaa;0.596,0.882,0.32,0.867,0.916,0.589,0.146,0.171,0.662,0.92;aaaaaaaa;
a;0.56,0.154,0.212,0.126,0.997,0.0451,0.595,0.953,0.128,0.423;aa;
aaaaaaaa;0.75,0.327,0.00538,0.216,0.633,0.322,0.639,0.16,0.46,0.0829;aa;
aaaaaaaaa;0.518,0.304,0.768,0.86,0.0517,0.0943,0.4,0.613,0.229,0.526;aaaaaaaaa;
aaaaaaaaa;0.608,0.539,0.514,0.641,0.228,0.213,0.218,0.74,0.0317,0.41;aaaaaaaa;
aaaaaa;0.515,0.154,0.271,0.207,0.19,0.821,0.907,0.859,0.241,0.171;aaaaaa;
aaaaaaaa;0.983,0.274,0.599,0.273,0.998,0.503,0.12,0.521,0.873,0.63;aaa;
aaaaaaaaaa;0.943,0.826,0.00936,0.106,0.238,0.886,0.276,0.282,0.0709,0.383;aaaaaaa;
aaaaaa;0.121,0.725,0.308,0.875,0.54,0.185,0.555,0.893,0.759,0.187;aaaaaa;
aaa;0.24,0.213,0.392,0.29,0.625,0.65,0.53,0.923,0.346,0.582;aaaaaaaaaa;
aaaaaa;0.54,0.0603,0.335,0.0793,0.448,0.3,0.542,0.768,0.727,0.228;aaaaaa;
aaaaa;0.695,0.431,0.954,0.79,0.256,0.778,0.502,0.197,0.811,0.718;a;
aaaaaaa;0.262,0.947,0.345,0.487,0.912,0.254,0.195,0.957,0.837,0.856;aaaaaaa;
aaaaa;0.816,0.557,0.783,0.474,0.333,0.444,0.479,0.337,0.236,0.667;aaaaaaaaa;
aaaaaa;0.0511,0.562,0.969,0.0832,0.201,0.00769,0.54,0.132,0.831,0.677;aa;
aaaaa;0.71,0.543,0.762,0.957,0.975,0.7,0.815,0.528,0.468,0.269;aaaaaaaa;
aaaaa;0.841,0.459,0.218,0.00577,0.489,0.3,0.782,0.0881,0.436,0.652;aaa;
aaaa;0.301,0.327,0.923,0.127,0.233,0.903,0.388,0.0698,0.179,0.209;aaaaaaa;
aa;0.758,0.449,0.928,0.963,0.76,0.894,0.279,0.344,0.0198,0.201;aaaaaaaaa;
aaaaaaaaaa;0.579,0.616,0.887,0.33,0.221,0.326,0.268,0.207,0.43,0.37;aaaaaaa;
aaaaaaaaa;0.586,0.491,0.328,0.688,0.0916,0.813,0.885,0.159,0.722,0.857;aaaaaaa;
aaaaaaaaa;0.568,0.78,0.0682,0.37,0.0384,0.452,0.153,0.232,0.0878,0.79;aaa;
aa;0.0147,0.315,0.272,0.504,0.582,0.622,0.948,0.0768,0.359,0.748;aaaaaaa;
aaaaa;0.0671,0.155,0.452,0.127,0.124,0.364,0.46,0.349,0.692,0.109;aaaaaaa;
aa;0.229,0.258,0.701,0.286,0.525,0.485,0.823,0.238,0.826,0.15;aaaaaaaaaa;
aaaaaa;0.308,0.942,0.454,0.208,0.501,0.524,0.663,0.468,0.816,0.219;aaa;
aa;0.416,0.824,0.786,0.362,0.126,0.91,0.354,0.597,0.647,0.893;aaaaaaa;
aa;0.694,0.0046,0.283,0.485,0.383,0.714,0.841,0.921,0.137,0.0537;aaaaaaa;
aa;0.787,0.038,0.316,0.38,0.055,0.0865,0.244,0.926,0.148,0.307;aaaaaa;
aaaaaaaaaa;0.695,0.628,0.17,0.784,0.944,0.425,0.712,0.691,0.142,0.907;aa;
aaaaaaa;0.553,0.224,0.512,0.396,0.916,0.728,0.458,0.617,0.274,0.829;aaaaaaa;
aa;0.743,0.554,0.00153,0.22,0.548,0.672,0.0684,0.974,0.868,0.809;a;
aaaaa;0.411,0.544,0.375,0.849,0.306,0.568,0.288,0.911,0.545,0.606;aaaaaaaa;
aaa;0.422,0.595,0.171,0.979,0.231,0.803,0.0228,0.495,0.858,0.8;aa;
aaaa;0.542,0.963,0.883,0.911,0.785,0.249,0.621,0.0867,0.0227,0.163;aaaaaaa;
aaaaaaaa;0.424,0.496,0.294,0.173,0.82,0.611,0.847,0.616,0.127,0.0978;aaaaaaa;
aaaaaaaa;0.661,0.847,0.793,0.364,0.23,0.994,0.761,0.843,0.777,0.17;aa;
a;0.164,0.335,0.308,0.986,0.77,0.0231,0.361,0.109,0.132,0.801;aaaaaa;
aaa;0.244,0.149,0.691,0.503,0.654,0.215,0.238,0.255,0.752,0.145;aaa;
aaaa;0.0103,0.92,0.0348,0.72,0.754,0.647,0.0583,0.728,0.253,0.0649;aaaaaaaaaa;
aaa;0.137,0.731,0.177,0.263,0.866,0.529,0.361,0.168,0.746,0.911;aaaaaaaaaa;
aaaaaaaaaa;0.908,0.74,0.627,0.565,0.916,0.751,0.281,0.726,0.968,0.98;aaaaaaaaa;
aaaaaaaaaa;0.311,0.193,0.674,0.597,0.672,0.113,0.0537,0.0883,0.277,0.205;aaaaaaa;
aaaaa;0.415,0.684,0.406,0.0861,0.216,0.874,0.396,0.128,0.481,0.579;aaa;
aaaaaaaaa;0.949,0.39,0.967,0.862,0.672,0.311,0.267,0.398,0.522,0.502;aaaaa;
aaaaaaaa;0.391,0.342,0.224,0.439,0.382,0.287,0.58,0.622,0.72,0.747;aaaaaaa;
aaaaaa;0.796,0.926,0.931,0.723,0.827,0.648,0.731,0.0742,0.074,0.284;aaaaaaaaa;
aaaaa;0.406,0.284,0.492,0.707,0.937,0.0457,0.518,0.06,0.0342,0.657;aaa;
aaaaaa;0.387,0.632,0.672,0.735,0.234,0.597,0.237,0.486,0.797,0.272;aaaaaaaa;
aaaaaa;0.856,0.112,0.506,0.61,0.81,0.119,0.6,0.222,0.319,0.509;aaaaaaaaaa;
aaa;0.0651,0.661,0.885,0.394,0.481,0.649,0.188,0.332,0.27,0.841;aa;
aaaa;0.0393,0.469,0.139,0.642,0.168,0.199,0.97,0.934,0.688,0.543;aaaaaa;
aaaaaa;0.173,0.555,0.753,0.503,0.0848,0.0535,0.266,0.948,0.311,0.782;a;
a;0.949,0.0498,0.245,0.881,0.452,0.737,0.837,0.708,0.575,0.405;aaa;
aaaaaaa;0.106,0.82,0.908,0.038,0.571,0.391,0.525,0.757,0.919,0.102;aaaaaa;
aaaaaaa;0.314,0.526,0.643,0.971,0.715,0.517,0.185,0.323,0.821,0.331;aaaaaaaaaa;
aa;0.385,0.931,0.672,0.967,0.871,0.688,0.306,0.815,0.307,0.137;aaaaa;
aaaaaa;0.419,0.826,0.806,0.524,0.553,0.337,0.467,0.0985,0.953,0.401;aaaaaaa;
aaaaaaaaaa;0.318,0.609,0.602,0.0509,0.42,0.614,0.29,0.767,0.386,0.853;aaaaaa;
aaaaaa;0.319,0.273,0.112,0.34,0.777,0.433,0.17,0.0371,0.454,0.36;aaaaaaa;
aaaa;0.19,0.85,0.177,0.302,0.506,0.998,0.195,0.931,0.154,0.314;aaaaaaaaaa;
aaa;0.424,0.889,0.22,0.0926,0.584,0.855,0.61,0.337,0.0612,0.729;aa;
aaaaaaa;0.571,0.458,0.813,0.327,0.792,0.971,0.598,0.331,0.0896,0.363;aaa;
aa;0.611,0.79,0.394,0.239,0.0177,0.113,0.322,0.569,0.502,0.897;aaaaaaa;
aaaa;0.68,0.104,0.769,0.214,0.54,0.212,0.92,0.174,0.561,0.248;aaa;
aaaaaaaa;0.903,0.396,0.489,0.657,0.527,0.579,0.225,0.134,0.679,0.58;aaaa;
aaaa;0.1,0.827,0.968,0.6,0.352,0.686,0.544,0.605,0.987,0.728;aaa;
aaaaaa;0.937,0.788,0.188,0.793,0.868,0.509,0.137,0.719,0.113,0.0369;aaaaaaaaa;
aa;0.309,0.9,0.739,0.703,0.327,0.243,0.838,0.741,0.615,0.337;aaaa;
aaaaaaaaaa;0.187,0.879,0.433,0.945,0.796,0.941,0.32,0.74,0.784,0.193;aaaaaaa;
aaaaaa;0.445,0.312,0.598,0.251,0.651,0.659,0.303,0.203,0.995,0.848;a;
aaaaaaaaaa;0.641,0.991,0.0099,0.0755,0.858,0.44,0.428,0.156,0.218,0.75;a;
aaaa;0.0522,0.464,0.267,0.505,0.686,0.383,0.415,0.78,0.407,0.688;aaaaaaaa;
aaaaaaaa;0.575,0.588,0.587,0.902,0.816,0.469,0.781,0.961,0.451,0.887;aaa;
a;0.116,0.565,0.172,0.308,0.551,0.83,0.487,0.00714,0.953,0.366;aa;
aaaaaaaaaa;0.507,0.239,0.0284,0.559,0.402,0.612,0.121,0.917,0.0717,0.415;aaa;
aa;0.242,0.347,0.33,0.267,0.963,0.633,0.0719,0.0264,0.447,0.0816;aaaaa;
aaaaaa;0.766,0.328,0.0392,0.553,0.0464,0.306,0.542,0.954,0.721,0.819;aa;
aaaaaaaaa;0.0809,0.663,0.453,0.422,0.732,0.433,0.795,0.384,0.985,0.107;aaa;
aaaaa;0.689,0.923,0.632,0.859,0.544,0.695,0.333,0.95,0.899,0.653;aaaa;
aaaaa;0.916,0.858,0.369,0.917,0.0569,0.415,0.384,0.568,0.142,0.609;aaaaaa;
aaaaaaa;0.371,0.352,0.701,0.212,0.363,0.901,0.333,0.473,0.0176,0.724;aa;
aaaa;0.94,0.486,0.123,0.165,0.715,0.311,0.335,0.658,0.823,0.478;aa;
aaa;0.093,0.556,0.629,0.0136,0.417,0.509,0.113,0.704,0.767,0.876;aaaaaaaa;
aaaaa;0.774,0.728,0.639,0.393,0.113,0.997,0.318,0.919,0.839,0.422;aaaa;
aaaaaaaa;0.631,0.64,0.118,0.132,0.849,0.404,0.495,0.098,0.181,0.407;aaaaaaaa;
aaaaaaa;0.971,0.756,0.406,0.24,0.91,0.21,0.809,0.294,0.805,0.982;aaaaaaaaa;
aaaaa;0.981,0.451,0.107,0.469,0.464,0.388,0.905,0.654,0.828,0.587;aa;
aaaa;0.079,0.98,0.0649,0.686,0.74,0.752,0.727,0.821,0.801,0.858;aaaa;
aaaa;0.483,0.548,0.723,0.284,0.601,0.765,0.77,0.533,0.573,0.467;aaaa;
aaaaaaa;0.188,0.121,0.112,0.922,0.051,0.591,0.639,0.0979,0.22,0.658;aaaaaaaaaa;
aaaaaaaa;0.264,0.616,0.368,0.397,0.513,0.576,0.949,0.969,0.798,0.134;aaaaaaaaaa;
aaaaaaaaaa;0.294,0.783,0.604,0.467,0.139,0.486,0.491,0.837,0.144,0.347;aaaaaaaaaa;
aaaaaaaaaa;0.831,0.318,0.815,0.882,0.595,0.395,0.917,0.498,0.818,0.103;aaaaaa;
aaaaaaaaaa;0.244,0.313,0.668,0.948,0.0872,0.529,0.635,0.0725,0.654,0.254;aaaaa;
aaaaaaaaaa;0.717,0.0563,0.893,0.531,0.576,0.842,0.203,0.106,0.903,0.483;a;
aaaaaaaaaa;0.603,0.00622,0.716,0.58,0.74,0.48,0.441,0.692,0.797,0.0393;a;
aaaa;0.56,0.926,0.95,0.235,0.401,0.0683,0.152,0.623,0.179,0.41;aaaaaaaaaa;
aaaaaaaaaa;0.106,0.684,0.821,0.342,0.951,0.291,0.408,0.717,0.0192,0.347;aaa;
aaaaaaa;0.378,0.975,0.12,0.784,0.274,0.266,0.802,0.289,0.456,0.536;aaaaa;
aaaaa;0.122,0.536,0.949,0.484,0.37,0.399,0.336,0.585,0.312,0.893;aa;
a;0.283,0.221,0.857,0.85,0.839,0.754,0.86,0.814,0.901,0.332;aaaaaa;
aaaaaa;0.787,0.747,0.267,0.419,0.156,0.635,0.191,0.178,0.656,0.518;aaa;
aaaaaaaaa;0.374,0.215,0.298,0.318,0.406,0.583,0.675,0.0517,0.491,0.65;aaaaaaaa;
aaaa;0.478,0.444,0.78,0.55,0.651,0.793,0.844,0.604,0.402,0.0292;aa;
aaaaaaaaaa;0.781,0.17,0.305,0.997,0.702,0.14,0.626,0.331,0.957,0.05;aaaaa;
aaaaaaaaaa;0.0494,0.339,0.289,0.977,0.885,0.0629,0.123,0.739,0.904,0.314;aaaa;
aaaaaaaaa;0.76,0.0919,0.505,0.181,0.27,0.0229,0.252,0.682,0.241,0.707;aa;
aaa;0.241,0.247,0.698,0.184,0.766,0.432,0.839,0.208,0.225,0.413;aaaaaaaaaa;
aaaaaa;0.225,0.656,0.439,0.185,0.96,0.935,0.514,0.308,0.706,0.358;a;
a;0.341,0.0257,0.471,0.931,0.681,0.571,0.191,0.116,0.35,0.686;aaaaaaaaa;
aaaaaaaa;0.57,0.593,0.0848,0.759,0.374,0.881,0.26,0.459,0.912,0.14;aaaaaaaaa;
aaaaaaaa;0.808,0.923,0.0683,0.51,0.676,0.325,0.412,0.582,0.952,0.753;aaaaaa;
aaa;0.792,0.132,0.866,0.768,0.611,0.321,0.969,0.359,0.512,0.113;aaaaa;
aaaaaaa;0.174,0.184,0.418,0.968,0.281,0.353,0.759,0.54,0.334,0.828;aaaaa;
aaaa;0.0651,0.00306,0.664,0.192,0.292,0.379,0.489,0.337,0.661,0.592;aaa;
aa;0.396,0.435,0.718,0.891,0.0545,0.922,0.466,0.505,0.938,0.433;aaaaaaaaa;
aaaaaa;0.132,0.668,0.701,0.71,0.412,0.0957,0.535,0.477,0.0326,0.706;aaaa;
aaaaaa;0.00772,0.82,0.833,0.44,0.929,0.199,0.994,0.265,0.237,0.975;aaaaaaaa;
aaaaaaaaaa;0.732,0.16,0.135,0.493,0.27,0.757,0.331,0.309,0.771,0.783;aaaaaaa;
aaaaaaa;0.036,0.406,0.337,0.726,0.874,0.282,0.572,0.213,0.502,0.146;aaaaaa;
aaaaaa;0.873,0.277,0.0555,0.978,0.188,0.463,0.00792,0.633,0.0779,0.0145;a;
aaaa;0.827,0.0305,0.179,0.746,0.444,0.24,0.455,0.203,0.51,0.814;aaa;
a;0.367,0.0884,0.365,0.864,0.74,0.838,0.104,0.356,0.018,0.339;a;
aaaaaaa;0.344,0.969,0.313,0.77,0.699,0.44,0.443,0.0194,0.114,0.481;aaaa;
aaaaaaaaa;0.466,0.993,0.693,0.499,0.183,0.127,0.128,0.141,0.191,0.892;aaaaaaaa;
aaaaaaaa;0.499,0.67,0.0163,0.687,0.343,0.516,0.212,0.736,0.872,0.665;a;
aa;0.799,0.499,0.879,0.446,0.632,0.201,0.2,0.472,0.624,0.0324;aaaaaaaaaa;
aaa;0.105,0.35,0.631,0.415,0.318,0.304,0.748,0.193,0.462,0.976;aaa;
aaaa;0.672,0.85,0.926,0.766,0.925,0.279,0.746,0.247,0.487,0.0442;aaaaaaaaaa;
aaaaa;0.649,0.311,0.405,0.21,0.315,0.207,0.222,0.544,0.558,0.242;a;
aaaaa;0.183,0.0304,0.095,0.108,0.682,0.558,0.983,0.151,0.227,0.0129;aaaaaa;
aaaa;0.0938,0.881,0.18,0.152,0.27,0.786,0.843,0.0656,0.0469,0.354;aa;
a;0.0394,0.241,0.365,0.158,0.395,0.712,0.389,0.0334,0.306,0.131;aaaaa;
aa;0.0149,0.394,0.19,0.7,0.384,0.856,0.572,0.0739,0.126,0.194;aaaaaaa;
aaaaaaa;0.133,0.504,0.322,0.938,0.607,0.184,0.522,0.633,0.288,0.582;aaaaaaa;
aa;0.415,0.523,0.886,0.0215,0.28,0.0549,0.788,0.45,0.331,0.445;aaaaaaa;
aaaaaa;0.7,0.286,0.654,0.561,0.88,0.784,0.524,0.159,0.682,0.947;aaaaaa;
aaaaaaaaaa;0.947,0.626,0.243,0.519,0.479,0.00119,0.128,0.108,0.0266,0.222;aaaaaaaa;
aaaaaaaa;0.813,0.69,0.929,0.434,0.865,0.0623,0.131,0.116,0.0529,0.0397;a;
aaa;0.439,0.648,0.836,0.0622,0.592,0.194,0.18,0.046,0.934,0.237;aaaaaaaaa;
aaa;0.387,0.598,0.826,0.538,0.147,0.48,0.421,0.0244,0.386,0.137;aaaaaaaa;
aa;0.385,0.638,0.176,0.974,0.0641,0.791,0.0186,0.985,0.798,0.113;a;
aaaaaaaa;0.82,0.0831,0.057,0.245,0.696,0.784,0.574,0.486,0.571,0.439;aaaaa;
aaaaa;0.935,0.989,0.793,0.32,0.285,0.489,0.252,0.72,0.686,0.124;aaa;
aaaaaaaaaa;0.2,0.966,0.766,0.911,0.104,0.633,0.179,0.869,0.927,0.423;aaaaaaaaaa;
aaa;0.538,0.596,0.641,0.89,0.746,0.149,0.674,0.814,0.684,0.146;aaaaa;
aaaa;0.335,0.946,0.978,0.535,0.623,0.144,0.637,0.828,0.382,0.972;aaaaa;
aaaaaaaaa;0.535,0.865,0.274,0.752,0.299,0.523,0.506,0.858,0.765,0.167;aaaaaaaaaa;
aaaaaaaaa;0.225,0.00242,0.946,0.437,0.463,0.718,0.82,0.0342,0.738,0.877;aaa;
aaaa;0.206,0.772,0.621,0.488,0.322,0.81,0.461,0.87,0.289,0.822;aaaa;
aaa;0.756,0.428,0.958,0.822,0.519,0.339,0.948,0.548,0.693,0.118;aaaa;
aaaaaaaaaa;0.109,0.611,0.865,0.28,0.506,0.071,0.924,0.595,0.978,0.084;aaa;
aaa;0.34,0.875,0.097,0.35,0.397,0.631,0.0133,0.921,0.446,0.224;aaaaa;
aaaaaa;0.924,0.547,0.447,0.19,0.676,0.969,0.603,0.493,0.668,0.205;aaaaa;
aaaa;0.521,0.495,0.318,0.573,0.559,0.889,0.869,0.262,0.811,0.371;aaaaaaaa;
aaaaaa;0.387,0.868,0.69,0.765,0.713,0.555,0.348,0.527,0.811,0.779;aaaa;
a;0.389,0.949,0.692,0.569,0.174,0.11,0.133,0.233,0.437,0.657;aaaa;
aaaa;0.227,0.421,0.518,0.173,0.894,0.865,0.401,0.774,0.558,0.552;aaaaaaa;
aaaaa;0.267,0.351,0.0599,0.782,0.242,0.914,0.445,0.678,0.278,0.253;aaaaaaaaa;
aa;0.819,0.952,0.376,0.891,0.871,0.449,0.0361,0.265,0.0323,0.839;aaaaaaaaa;
aaaaaaaaaa;0.345,0.12,0.429,0.868,0.765,0.432,0.569,0.722,0.454,0.385;aaaaaaaaaa;
aaaaaaaa;0.609,0.214,0.949,0.0642,0.969,0.709,0.684,0.998,0.899,0.429;aaa;
aaaaa;0.606,0.315,0.605,0.0831,0.457,0.392,0.481,0.51,0.402,0.909;aaa;
aaa;0.305,0.314,0.489,0.275,0.508,0.588,0.689,0.734,0.203,0.755;a;
aaaaaa;0.239,0.908,0.265,0.638,0.76,0.503,0.412,0.332,0.761,0.0172;aaaaaa;
aaaaaaaa;0.811,0.47,0.148,0.158,0.27,0.524,0.854,0.643,0.177,0.0312;aaaaaaaa;
aaa;0.912,0.656,0.18,0.773,0.429,0.856,0.609,0.91,0.161,0.757;aaaaaaa;
aaaa;0.208,0.141,0.569,0.608,0.669,0.084,0.354,0.0329,0.0332,0.948;aaaaa;
aaa;0.0532,0.25,0.358,0.0368,0.263,0.836,0.594,0.214,0.665,0.732;aaaaaaaaaa;
aaaaaaaaaa;0.826,0.292,0.159,0.739,0.645,0.00201,0.652,0.184,0.677,0.151;aaa;
aaa;0.59,0.153,0.759,0.427,0.153,0.0158,0.583,0.0889,0.723,0.918;a;
aaaaaa;0.858,0.625,0.0597,0.182,0.98,0.0859,0.398,0.476,0.505,0.729;aaaaa;
aaaaa;0.9,0.535,0.286,0.661,0.664,0.844,0.516,0.0395,0.712,0.729;aaaaaa;
aa;0.553,0.887,0.0658,0.307,0.337,0.0697,0.911,0.78,0.132,0.366;aaaaaaaaaa;
aaaaaaa;0.488,0.658,0.106,0.0466,0.061,0.556,0.307,0.363,0.989,0.567;aaaaaaaa;
aaaaaa;0.469,0.127,0.742,0.581,0.0432,0.275,0.145,0.504,0.466,0.384;aa;
aaaa;0.843,0.61,0.128,0.391,0.279,0.536,0.381,0.786,0.019,0.543;aaaa;
aaaaaaaaa;0.0539,0.568,0.689,0.636,0.329,0.329,0.587,0.965,0.91,0.978;aaaaaaaaaa;
aaaaaaa;0.886,0.683,0.53,0.205,0.897,0.262,0.816,0.127,0.643,0.842;aaaaa;
a;0.406,0.072,0.567,0.759,0.752,0.528,0.375,0.0408,0.123,0.673;aaaaaa;
aaaaaaaaaa;0.868,0.619,0.633,0.186,0.0595,0.819,0.548,0.172,0.378,0.774;aaaaaaa;
a;0.692,0.717,0.685,0.852,0.156,0.357,0.204,0.823,0.00227,0.276;aaaaaa;
aaa;0.174,0.452,0.545,0.611,0.406,0.285,0.619,0.169,0.546,0.193;aaaaaaaa;
a;0.0779,0.952,0.563,0.601,0.972,0.69,0.624,0.45,0.518,0.887;aa;
aaa;0.231,0.134,0.0708,0.821,0.193,0.866,0.975,0.782,0.652,0.437;aaaaaaaaaa;
aaaaa;0.458,0.881,0.0487,0.311,0.892,0.0328,0.329,0.778,0.695,0.218;aaaaaaa;
a;0.604,0.248,0.446,0.78,0.407,0.816,0.535,0.366,0.439,0.949;aaaaaa;
aaaaa;0.77,0.978,0.701,0.9,0.192,0.226,0.488,0.586,0.836,0.862;aaaaaaaa;
aa;0.882,0.714,0.488,0.359,0.208,0.848,0.499,0.409,0.846,0.6;aa;
aaaaaaaaaa;0.119,0.796,0.417,0.0716,0.798,0.952,0.116,0.649,0.531,0.0568;aaaaaaa;
aaaaaaaaaa;0.618,0.408,0.254,0.887,0.0809,0.833,0.0122,0.737,0.496,0.159;aaaaaaa;
aaaaaaa;0.233,0.704,0.616,0.833,0.69,0.652,0.725,0.0939,0.576,0.0831;aaaa;
aaaaaaaaaa;0.145,0.835,0.262,0.343,0.817,0.983,0.238,0.372,0.0394,0.652;aaaaaaa;
aaaaaaaa;0.103,0.844,0.961,0.0684,0.577,0.701,0.848,0.407,0.455,0.637;aaaaaaaa;
aaaaaaa;0.259,0.492,0.426,0.213,0.537,0.395,0.797,0.214,0.66,0.246;aaaa;
aaaaaaaa;0.0118,0.0494,0.127,0.937,0.398,0.668,0.655,0.268,0.666,0.756;aaaaaaaaaa;
aaaaaa;0.425,0.847,0.00327,0.591,0.01,0.464,0.754,0.777,0.113,0.791;aaaaaaaa;
aaaaaa;0.767,0.59,0.368,0.287,0.0628,0.345,0.83,0.302,0.163,0.387;a;
aa;0.293,0.622,0.586,0.858,0.768,0.542,0.212,0.356,0.933,0.729;a;
aaaaaaaa;0.759,0.44,0.642,0.755,0.0353,0.664,0.229,0.488,0.294,0.682;aaaaaaaaa;
aaaaaaa;0.717,0.479,0.0197,0.165,0.419,0.0193,0.718,0.261,0.16,0.583;aaaaa;
aa;0.144,0.263,0.0789,0.365,0.619,0.793,0.119,0.625,0.0859,0.225;aaaaaaaaa;
aaa;0.0842,0.436,0.792,0.526,0.0635,0.837,0.0954,0.749,0.386,0.974;aaaa;
aaaaaaaa;0.356,0.164,0.038,0.352,0.635,0.726,0.933,0.181,0.293,0.108;aaaa;
aaaaaaaaa;0.63,0.153,0.959,0.207,0.371,0.524,0.429,0.44,0.883,0.224;a;
aaaaa;0.619,0.0334,0.00173,0.543,0.55,0.636,0.958,0.283,0.513,0.839;aaaaaaaaa;
aaaaaaaa;0.693,0.198,0.238,0.592,0.725,0.0212,0.731,0.488,0.95,0.868;aa;
a;0.977,0.568,0.77,0.628,0.145,0.644,0.991,0.276,0.498,0.397;aaaaaaa;
aaa;0.523,0.0374,0.873,0.348,0.547,0.855,0.199,0.788,0.786,0.775;a;
aa;0.469,0.413,0.971,0.209,0.0924,0.0384,0.313,0.179,0.234,0.15;aaaaa;
aaaaaaaa;0.998,0.249,0.892,0.824,0.552,0.697,0.99,0.932,0.358,0.385;aaaaaaaaaa;
aaaaaa;0.219,0.0996,0.282,0.92,0.89,0.467,0.127,0.96,0.98,0.521;aaaa;
aaaaaa;0.728,0.214,0.163,0.133,0.352,0.0492,0.299,0.163,0.766,0.866;aaaaaaaaa;
aaaaaa;0.0975,0.16,0.714,0.428,0.901,0.888,0.969,0.162,0.182,0.0475;aa;
aaaaaaa;0.468,0.805,0.376,0.308,0.0729,0.877,0.834,0.0917,0.582,0.386;aaaaa;
aaaaaaaa;0.771,0.203,0.294,0.872,0.23,0.93,0.833,0.842,0.128,0.313;aaaaaaaaa;
aaaaaaa;0.918,0.957,0.213,0.237,0.443,0.372,0.0154,0.452,0.511,0.461;aaaaa;
a;0.352,0.257,0.207,0.546,0.514,0.691,0.606,0.974,0.438,0.349;aaaaaaaaaa;
aaaaaa;0.0801,0.836,0.745,0.831,0.883,0.278,0.853,0.886,0.137,0.163;aaaaaaaaaa;
aaaaaaaaa;0.692,0.523,0.933,0.889,0.974,0.198,0.592,0.24,0.0887,0.136;aaaaaaaaaa;
a;0.8,0.702,0.326,0.601,0.924,0.433,0.0586,0.214,0.455,0.27;aaaaaaaaaa;
aaaaa;0.572,0.533,0.517,0.849,0.909,0.988,0.544,0.465,0.4,0.922;aa;
aaaaaa;0.377,0.784,0.778,0.86,0.041,0.567,0.14,0.879,0.147,0.925;aaaaaaaaaa;
aaaa;0.698,0.775,0.107,0.573,0.342,0.427,0.516,0.266,0.175,0.404;a;
aaaaa;0.116,0.769,0.765,0.375,0.282,0.655,0.188,0.299,0.487,0.732;a;
aaaa;0.0132,0.794,0.35,0.648,0.432,0.213,0.913,0.00605,0.29,0.047;aa;
aaaaaaaaa;0.473,0.756,0.676,0.211,0.335,0.696,0.126,0.892,0.447,0.778;aa;
a;0.527,0.271,0.00641,0.823,0.474,0.279,0.214,0.984,0.879,0.0355;aaa;
aaaaaa;0.788,0.827,0.811,0.395,0.367,0.823,0.809,0.513,0.358,0.563;aaaaaaaaa;
aa;0.59,0.0551,0.212,0.984,0.449,0.767,0.448,0.0228,0.032,0.0144;aaaaaaaaaa;
aaaaa;0.652,0.52,0.272,0.438,0.786,0.638,0.819,0.497,0.518,0.0636;aaaaaaaaa;
aaaaa;0.337,0.122,0.0442,0.129,0.478,0.148,0.889,0.211,0.796,0.647;aaaaaaa;
aaaaaa;0.232,0.705,0.179,0.233,0.72,0.0323,0.296,0.793,0.874,0.595;aaa;
aaa;0.347,0.732,0.0156,0.141,0.623,0.407,0.0633,0.179,0.504,0.36;aaaaaaaa;
aaaaaaaaaa;0.213,0.696,0.113,0.537,0.527,0.249,0.886,0.512,0.765,0.65;aaaa;
aaaa;0.962,0.209,0.459,0.39,0.786,0.197,0.377,0.118,0.389,0.94;a;
aaaaaaaaaa;0.961,0.199,0.332,0.621,0.406,0.0609,0.0189,0.327,0.891,0.506;aaaa;
aaaaaaaaaa;0.217,0.34,0.981,0.596,0.786,0.148,0.016,0.388,0.65,0.0139;aaaaaaaaa;
aaaaaaaa;0.606,0.432,0.973,0.427,0.137,0.194,0.18,0.617,0.256,0.547;aaaaaa;
aaaaaa;0.812,0.0353,0.384,0.0147,0.319,0.939,0.341,0.719,0.162,0.464;aaaaaa;
aaaaaaa;0.179,0.124,0.847,0.861,0.107,0.00521,0.157,0.424,0.385,0.0723;aaaaaaa;
aa;0.573,0.146,0.801,0.854,0.353,0.148,0.935,0.105,0.835,0.0708;aaa;
a;0.606,0.695,0.802,0.594,0.462,0.138,0.951,0.564,0.541,0.408;aaaaaaa;
aaaaaaa;0.289,0.796,0.521,0.94,0.334,0.986,0.949,0.0978,0.747,0.261;a;
aa;0.913,0.162,0.618,0.858,0.922,0.337,0.739,0.505,0.998,0.542;aaaaaaaa;
a;0.56,0.146,0.414,0.589,0.3,0.768,0.635,0.412,0.814,0.403;aaaaaaaaa;
aa;0.204,0.528,0.0388,0.161,0.506,0.295,0.0552,0.03,0.0342,0.959;aaaa;
aaaaa;0.515,0.767,0.642,0.288,0.928,0.409,0.8,0.475,0.708,0.526;aaaaa;
aaaaaaaaa;0.184,0.0341,0.659,0.538,0.515,0.347,0.885,0.713,0.459,0.224;aaa;
aaaaaaaa;0.694,0.678,0.109,0.307,0.446,0.493,0.443,0.638,0.127,0.308;aaaaaaaaa;
aaaaaaaa;0.0496,0.45,0.214,0.453,0.544,0.455,0.358,0.344,0.61,0.505;aaaaaaa;
aaaa;0.846,0.731,0.169,0.665,0.0858,0.458,0.526,0.298,0.88,0.623;aaa;
aaaaaaaaa;0.599,0.552,0.0721,0.214,0.227,0.892,0.522,0.265,0.168,0.725;aaaaaa;
aaaaaaaaaa;0.106,0.62,0.0768,0.152,0.873,0.113,0.41,0.638,0.257,0.756;aaaaaaa;
aaaaaaaaa;0.209,0.64,0.317,0.843,0.107,0.556,0.0259,0.37,0.549,0.499;aa;
aaaaaaaaa;0.267,0.96,0.984,0.61,0.948,0.797,0.163,0.272,0.954,0.579;aaaaaaaaa;
aaaaaaaaaa;0.812,0.683,0.492,0.882,0.488,0.147,0.949,0.861,0.227,0.479;aaaaaaaaa;
aaaaaaa;0.311,0.476,0.389,0.871,0.674,0.00551,0.304,0.142,0.65,0.388;aaaaaaaaaa;
aaaaaaa;0.138,0.811,0.304,0.862,0.478,0.252,0.351,0.0837,0.402,0.0351;a;
aaaaaaaaa;0.627,0.487,0.765,0.122,0.686,0.695,0.543,0.57,0.708,0.509;aaaaaaa;
a;0.0529,0.0778,0.807,0.871,0.399,0.933,0.667,0.597,0.211,0.346;aaaaaaaaaa;
aaaaaaaaa;0.708,0.38,0.233,0.838,0.93,0.945,0.104,0.568,0.454,0.417;aaaaaaa;
aaaaaaaa;0.11,0.411,0.45,0.889,0.185,0.334,0.617,0.0124,0.0745,0.582;aaaaaaaaaa;
a;0.817,0.546,0.0872,0.613,0.931,0.329,0.255,0.433,0.593,0.711;aaaaaaaaa;
aaaaaaa;0.2,0.322,0.0699,0.877,0.441,0.923,0.176,0.563,0.109,0.0831;aaaaaaa;
aaaaaa;0.172,0.131,0.608,0.727,0.829,0.162,0.62,0.575,0.858,0.494;aaaaaaaa;
a;0.432,0.495,0.0574,0.0353,0.473,0.588,0.204,0.537,0.329,0.282;aaaa;
aaaaaaa;0.959,0.591,0.33,0.993,0.804,0.257,0.396,0.228,0.578,0.463;aaaaaa;
a;0.87,0.993,0.251,0.603,0.706,0.0204,0.616,0.76,0.642,0.783;aaaaaaaa;
a;0.433,0.306,0.569,0.742,0.895,0.551,0.352,0.373,0.573,0.769;aaaaaa;
aaaaa;0.00424,0.548,0.132,0.866,0.844,0.143,0.386,0.203,0.504,0.856;aaaaaaa;
aaaaa;0.38,0.116,0.436,0.566,0.654,0.325,0.85,0.163,0.241,0.497;aaaaaaaa;
aaaaaaaaa;0.382,0.259,0.264,0.431,0.691,0.422,0.128,0.466,0.214,0.521;aaaaaaaaa;
a;0.92,0.325,0.31,0.89,0.163,0.942,0.461,0.00595,0.537,0.637;aaa;
aaaaaaaaa;0.79,0.397,0.453,0.964,0.43,0.745,0.724,0.977,0.494,0.546;aaaaa;
aaaa;0.338,0.577,0.23,0.119,0.181,0.406,0.0344,0.0425,0.0318,0.692;a;
aaaaa;0.362,0.705,0.132,0.0619,0.993,0.877,0.774,0.378,0.213,0.942;aaaaaa;
aaaaa;0.881,0.852,0.975,0.0545,0.144,0.439,0.0193,0.612,0.124,0.648;aaaaaa;
aaaaa;0.93,0.944,0.201,0.579,0.751,0.918,0.908,0.597,0.0964,0.795;a;
aaaaaaa;0.707,0.238,0.763,0.246,0.914,0.149,0.981,0.486,0.749,0.263;aaaaaaaaa;
aaa;0.199,0.354,0.612,0.977,0.364,0.0806,0.731,0.786,0.702,0.0876;aaaaaaaaaa;
aaaaaa;0.515,0.313,0.828,0.189,0.776,0.0788,0.773,0.279,0.719,0.661;aaaa;
aaaaaaaaaa;0.902,0.439,0.738,0.815,0.306,0.039,0.237,0.885,0.828,0.906;aaaaaaa;
aaaaaaaa;0.704,0.0623,0.253,0.125,0.832,0.564,0.88,0.888,0.149,0.595;aa;
aaaaaa;0.757,0.271,0.16,0.207,0.642,0.916,0.00261,0.0813,0.958,0.512;a;
aaaaa;0.451,0.85,0.589,0.525,0.708,0.647,0.088,0.309,0.0374,0.274;aaa;
a;0.946,0.997,0.334,0.665,0.421,0.792,0.576,0.343,0.249,0.201;aaa;
aaaaaaa;0.527,0.511,0.852,0.937,0.735,0.126,0.148,0.639,0.795,0.0465;aaaaaa;
a;0.33,0.352,0.771,0.212,0.512,0.904,0.105,0.97,0.0529,0.696;aaaaa;
aaaaa;0.0498,0.784,0.903,0.363,0.877,0.427,0.499,0.102,0.128,0.175;aaaaaaaaa;
aaaaaa;0.574,0.32,0.152,0.246,0.353,0.514,0.554,0.584,0.407,0.793;aaaaaaaaaa;
aaaa;0.477,0.331,0.302,0.516,0.164,0.96,0.84,0.945,0.357,0.559;aaaaa;
aaaaaaaaaa;0.0527,0.881,0.0602,0.237,0.797,0.148,0.682,0.469,0.169,0.323;aaa;
aaaaaa;0.211,0.058,0.759,0.636,0.242,0.646,0.201,0.1,0.682,0.501;a;
aaaaaaaaa;0.214,0.355,0.0213,0.892,0.543,0.83,0.51,0.96,0.798,0.511;aaaa;
aaaaaaaa;0.0706,0.624,0.47,0.613,0.0116,0.253,0.289,0.245,0.636,0.883;aaaaaa;
aaaa;0.822,0.331,0.0292,0.365,0.535,0.639,0.935,0.658,0.832,0.702;aa;
aaaaa;0.0268,0.232,0.0317,0.518,0.096,0.333,0.933,0.635,0.333,0.193;aaaa;
aaaaaaaaaa;0.444,0.735,0.522,0.419,0.915,0.752,0.675,0.432,0.467,0.0848;aaa;
aaaaaaa;0.0521,0.131,0.49,0.386,0.31,0.898,0.845,0.585,0.175,0.154;a;
aaaaaaaaa;0.537,0.241,0.378,0.0632,0.586,0.565,0.954,0.823,0.664,0.928;aaaaaa;
aaaaaaa;0.249,0.925,0.187,0.954,0.134,0.853,0.91,0.87,0.345,0.556;a;
aa;0.133,0.602,0.29,0.492,0.515,0.858,0.372,0.547,0.469,0.902;aa;
aaaaaa;0.272,0.162,0.853,0.821,0.821,0.673,0.427,0.141,0.689,0.0608;aaaaaa;
aaaaaa;0.648,0.0483,0.433,0.938,0.722,0.768,0.683,0.266,0.385,0.972;aaaaaa;
aaaaaaaaaa;0.27,0.575,0.43,0.763,0.0554,0.175,0.144,0.772,0.609,0.452;aaaaaaaaaa;
aaaaaa;0.161,0.806,0.408,0.175,0.163,0.16,0.533,0.142,0.746,0.493;aaa;
aaa;0.0861,0.802,0.198,0.43,0.945,0.771,0.744,0.983,0.883,0.891;aaaa;
aaaaaaaa;0.2,0.815,0.166,0.132,0.409,0.361,0.219,0.14,0.911,0.723;aaaaaaaaa;
aaaaaaaa;0.0303,0.238,0.305,0.125,0.542,0.221,0.106,0.156,0.584,0.0956;aaaaaaaaa;
aaaaaa;0.864,0.551,0.993,0.34,0.032,0.988,0.269,0.974,0.85,0.0323;aa;
aaaa;0.339,0.245,0.766,0.606,0.0141,0.44,0.035,0.996,0.925,0.163;aaaaaaaaa;
aaaaaaa;0.699,0.356,0.209,0.574,0.171,0.0716,0.0283,0.306,0.122,0.0672;aaaaaaa;
aaaaaaa;0.588,0.493,0.505,0.17,0.0668,0.939,0.315,0.626,0.64,0.914;aaa;
aaaaaaaa;0.805,0.381,0.246,0.34,0.496,0.462,0.609,0.734,0.931,0.228;aaaaaaaaa;
a;0.541,0.469,0.533,0.981,0.763,0.553,0.288,0.398,0.343,0.571;aaaaaaaaaa;
aaa;0.612,0.426,0.691,0.334,0.473,0.369,0.174,0.0259,0.193,0.306;aaaaaaaaaa;
aaaaaaaaaa;0.373,0.0214,0.0947,0.292,0.97,0.593,0.276,0.844,0.838,0.133;aaaaa;
aa;0.914,0.224,0.0374,0.328,0.0578,0.476,0.338,0.211,0.982,0.182;aaaaaaaa;
aaaaaaa;0.128,0.758,0.335,0.818,0.356,0.246,0.617,0.21,0.106,0.815;aaaaa;
a;0.0296,0.154,0.0471,0.405,0.477,0.385,0.429,0.277,0.737,0.647;aaaa;
aaaaaaa;0.527,0.701,0.0132,0.471,0.267,0.235,0.778,0.0334,0.398,0.854;aaaaaaa;
aaaaaaaaa;0.187,0.108,0.165,0.629,0.394,0.599,0.416,0.198,0.59,0.791;aaaaaaaaa;
aaaaa;0.489,0.6,0.233,0.513,0.123,0.285,0.689,0.693,0.352,0.3;aaaaaa;
aa;0.915,0.0578,0.882,0.539,0.797,0.638,0.667,0.763,0.917,0.499;aaaaaaaaaa;
aa;0.753,0.729,0.267,0.219,0.79,0.54,0.175,0.809,0.834,0.154;aaaaaa;
aaaaa;0.507,0.168,0.329,0.376,0.237,0.511,0.132,0.798,0.754,0.125;aaaaaaaaaa;
aaaa;0.957,0.866,0.543,0.504,0.634,0.462,0.608,0.616,0.816,0.082;aaaa;
a;0.888,0.413,0.293,0.267,0.29,0.862,0.922,0.452,0.983,0.427;aaaaaa;
aaaaaaaa;0.485,0.03,0.667,0.617,0.387,0.997,0.819,0.091,0.295,0.967;aa;
aaaaaaaaa;0.755,0.161,0.964,0.4,0.758,0.135,0.64,0.568,0.223,0.707;aaaaaaa;
aaaa;0.29,0.0564,0.244,0.79,0.553,0.0554,0.347,0.505,0.794,0.883;aaaaaaa;
aaaaaaaaa;0.467,0.897,0.97,0.552,0.351,0.114,0.647,0.379,0.045,0.185;aaaaaaaa;
aaaaaaaaa;0.288,0.852,0.925,0.188,0.736,0.298,0.659,0.0944,0.582,0.395;aaaa;
aaaaaaaa;0.125,0.0672,0.0327,0.123,0.698,0.783,0.769,0.835,0.312,0.708;aaaaaaaa;
aaaaa;0.682,0.607,0.922,0.812,0.76,0.439,0.589,0.994,0.283,0.781;aaaaa;
aaaaaaaaaa;0.971,0.264,0.695,0.589,0.888,0.411,0.169,0.11,0.0246,0.932;aaaaaaaaa;
aaaaaaa;0.877,0.96,0.504,0.548,0.71,0.877,0.662,0.365,0.824,0.167;aaaa;
a;0.36,0.671,0.113,0.583,0.605,0.607,0.287,0.452,0.763,0.229;aaaaaaaa;
aaa;0.79,0.384,0.0521,0.131,0.467,0.277,0.00415,0.924,0.283,0.538;aaaa;
aaaaaaaaa;0.288,0.173,0.37,0.271,0.854,0.108,0.489,0.856,0.594,0.405;aaaaaaaaa;
aaaaaaaa;0.927,0.544,0.576,0.487,0.452,0.204,0.0886,0.298,0.0974,0.621;aaa;
aaaaaaaa;0.462,0.747,0.557,0.022,0.446,0.22,0.756,0.748,0.896,0.471;aaaaaaaaaa;
aa;0.863,0.38,0.218,0.291,0.821,0.457,0.393,0.899,0.173,0.937;aaa;
aaa;0.494,0.56,0.184,0.91,0.364,0.0859,0.0446,0.933,0.789,0.466;aaaaaa;
aaaa;0.516,0.887,0.751,0.64,0.454,0.439,0.606,0.389,0.592,0.407;aaaa;
a;0.241,0.132,0.201,0.541,0.107,0.539,0.772,0.0772,0.076,0.367;aaaaaa;
aaaaaaaaa;0.328,0.657,0.271,0.896,0.257,0.865,0.186,0.0924,0.474,0.184;aaa;
a;0.416,0.089,0.961,5.49e-05,0.827,0.613,0.103,0.368,0.0652,0.195;aaa;
aaaaaaaa;0.577,0.397,0.61,0.11,0.314,0.981,0.609,0.71,0.51,0.135;a;
aaaa;0.328,0.438,0.453,0.513,0.952,0.249,0.976,0.197,0.263,0.123;aaaaaaaa;
aaaa;0.858,0.944,0.571,0.976,0.244,0.0812,0.349,0.0845,0.0463,0.642;aaa;
aaaaa;0.519,0.976,0.122,0.503,0.266,0.928,0.39,0.47,0.603,0.124;aa;
aaaaa;0.599,0.419,0.184,0.553,0.348,0.747,0.888,0.959,0.0753,0.0498;aaaaaaa;
aaaaaaaaaa;0.546,0.37,0.595,0.184,0.58,0.739,0.677,0.624,0.648,0.122;aa;
aaa;0.751,0.395,0.118,0.541,0.342,0.521,0.264,0.333,0.78,0.914;aaaaaaa;
a;0.819,0.826,0.931,0.858,0.959,0.938,0.0208,0.904,0.287,0.31;aaaaaaaaa;
aaaaaaaaa;0.0439,0.48,0.9,0.419,0.017,0.576,0.572,0.119,0.237,0.833;aaaaaaaaaa;
aaaa;0.207,0.38,0.599,0.0458,0.599,0.12,0.779,0.83,0.0991,0.702;aaaaaaaaaa;
aaaaa;0.231,0.889,0.0364,0.0599,0.998,0.646,0.99,0.0327,0.43,0.501;aaaaaa;
aaaaa;0.441,0.788,0.502,0.99,0.05,0.652,0.594,0.817,0.928,0.0918;a;
aaaaaaa;0.472,0.883,0.969,0.193,0.101,0.468,0.618,0.0919,0.728,0.294;aaaa;
aa;0.695,0.168,0.231,0.427,0.727,0.438,0.149,0.34,0.429,0.616;aaaaaaaa;
aaaaa;0.739,0.686,0.758,0.952,0.631,0.966,0.623,0.174,0.943,0.872;a;
aaaaa;0.655,0.35,0.858,0.309,0.584,0.97,0.109,0.477,0.446,0.822;aaaaaaaaa;
aaa;0.268,0.135,0.49,0.976,0.0191,0.198,0.487,0.257,0.394,0.0321;aaaaaaa;
aaaaaaaaa;0.122,0.603,0.0923,0.634,0.558,0.976,0.535,0.0517,0.368,0.412;aaaaa;
aaaaaaaaaa;0.458,0.382,0.182,0.477,0.0623,0.0332,0.854,0.511,0.502,0.14;aa;
aaaaaaaaaa;0.601,0.481,0.896,0.133,0.558,0.26,0.561,0.536,0.187,0.625;a;
aaaa;0.5,0.215,0.00247,0.471,0.184,0.719,0.0371,0.86,0.187,0.607;aaaaaa;
aaaaaaaaa;0.904,0.715,0.51,0.747,0.459,0.652,0.957,0.153,0.0937,0.167;aaa;
aaaaaaaa;0.378,0.0522,0.386,0.76,0.518,0.656,0.107,0.913,0.0689,0.304;aaaaaa;
aaa;0.705,0.812,0.231,0.956,0.161,0.717,0.909,0.841,0.058,0.34;aaaaaaaaa;
aaaaaaaa;0.804,0.982,0.0108,0.338,0.0684,0.669,0.449,0.149,0.38,0.431;aaaaaaaa;
aaa;0.254,0.301,0.886,0.012,0.675,0.448,0.913,0.233,0.543,0.903;aaaaaaa;
aaaaaaa;0.062,0.66,0.424,0.953,0.0715,0.486,0.542,0.55,0.823,0.265;aaaaa;
aaaaaaaaa;0.698,0.748,0.342,0.548,0.586,0.45,0.00055,0.113,0.312,0.269;aaaaa;
aaaaaaaaaa;0.258,0.0954,0.00725,0.985,0.0939,0.697,0.857,0.13,0.223,0.846;aaaaaaaaaa;
aaaaa;0.886,0.0998,0.142,0.94,0.973,0.461,0.266,0.706,0.612,0.718;aaaa;
aaaaaaa;0.644,0.762,0.121,0.708,0.846,0.598,0.137,0.298,0.919,0.292;aaaaaaaaaa;
aaa;0.132,0.954,0.191,0.485,0.721,0.672,0.37,0.494,0.942,0.00963;aa;
aaaa;0.146,0.317,0.755,0.408,0.986,0.731,0.461,0.593,0.91,0.26;aaaaaaaaa;
aaaaaaaa;0.3,0.0373,0.597,0.612,0.489,0.879,0.419,0.476,0.875,0.0476;aaaaaa;
aaaaa;0.13,0.894,0.903,0.759,0.469,0.294,0.827,0.627,0.871,0.00266;aaaa;
aaaaaaaaaa;0.408,0.468,0.815,0.174,0.586,0.112,0.831,0.585,0.939,0.531;aaaaaa;
aaaaaaa;0.561,0.874,0.337,0.346,0.428,0.799,0.734,0.153,0.75,0.965;aaaa;
a;0.231,0.498,0.869,0.682,0.904,0.875,0.811,0.622,0.643,0.189;a;
aaaaa;0.575,0.607,0.563,0.284,0.581,0.491,0.0372,0.389,0.551,0.551;aaaa;
aaaaaaaaa;0.547,0.633,0.503,0.978,0.499,0.744,0.953,0.433,0.221,0.6;aaaaaa;
aaaaaaa;0.0217,0.589,0.014,0.151,0.191,0.407,0.472,0.699,0.363,0.672;aaaaaa;
aaaa;0.566,0.97,0.429,0.682,0.675,0.968,0.9,0.633,0.696,0.305;a;
aaaaaaaa;0.763,0.922,0.807,0.692,0.0888,0.936,0.725,0.898,0.0517,0.0199;aaa;
aaaaaaaa;0.62,0.0995,0.117,0.865,0.724,0.775,0.0963,0.901,0.548,0.53;aaa;
aaaaaaaa;0.868,0.319,0.916,0.483,0.585,0.368,0.834,0.717,0.397,0.42;aaaaaaaaa;
aaaaaaa;0.594,0.359,0.836,0.129,0.0755,0.436,0.662,0.199,0.621,0.829;aaaaaaaaaa;
aaaaaaaa;0.508,0.924,0.197,0.503,0.0297,0.405,0.462,0.358,0.268,0.657;aaaa;
aa;0.516,0.253,0.656,0.55,0.154,0.247,0.619,0.903,0.713,0.875;aa;
a;0.339,0.519,0.107,0.35,0.749,0.151,0.793,0.673,0.86,0.0817;a;
aaaaa;0.813,0.704,0.499,0.661,0.38,0.188,0.735,0.676,0.0192,0.959;aaaaaaaa;
aaaa;0.834,0.567,0.571,0.37,0.993,0.95,0.918,0.897,0.689,0.201;aaaaaaaaa;
a;0.0612,0.0171,0.00838,0.266,0.275,0.0225,0.95,0.995,0.474,0.603;aaaaaaa;
aaa;0.349,0.83,0.298,0.334,0.609,0.00215,0.508,0.114,0.601,0.592;a;
aaaa;0.0641,0.387,0.182,0.583,0.677,0.144,0.777,0.607,0.739,0.399;aaaaaaaaa;
a;0.208,0.234,0.56,0.523,0.832,0.879,0.352,0.347,0.917,0.422;aaaaaaa;
aaaaaaa;0.0126,0.978,0.288,0.689,0.614,0.055,0.244,0.948,0.179,0.0371;aaa;
aaaaaaaaaa;0.144,0.549,0.107,0.142,0.147,0.0658,0.21,0.584,0.495,0.539;aaaaaa;
aa;0.613,0.805,0.00473,0.0717,0.055,0.253,0.385,0.831,0.248,0.175;aa;
aa;0.3,0.266,0.914,0.33,0.382,0.357,0.731,0.822,0.335,0.732;aaa;
a;0.448,0.587,0.325,0.226,0.913,0.748,0.939,0.0386,0.733,0.77;aaaaaaaa;
aaaaaaaa;0.594,0.68,0.372,0.231,0.142,0.648,0.135,0.0192,0.508,0.307;aaaaaaaa;
aa;0.626,0.149,0.005,0.391,0.0101,0.538,0.27,0.717,0.539,0.184;aaaaaaa;
aaa;0.101,0.79,0.469,0.909,0.856,0.767,0.325,0.178,0.485,0.259;aaaaaaa;
aaaaaaaa;0.603,0.959,0.62,0.883,0.6,0.813,0.768,0.648,0.612,0.203;aaaaaaa;
aaaaaaaa;0.288,0.901,0.873,0.0404,0.126,0.878,0.66,0.685,0.852,0.163;aaaaaaaa;
aaaaa;0.747,0.989,0.18,0.592,0.329,0.627,0.186,0.969,0.827,0.00815;aaaaaaaaaa;
a;0.242,0.948,0.388,0.971,0.309,0.563,0.782,0.0873,0.119,0.314;aaaaaa;
aaaaaaaa;0.97,0.39,0.628,0.607,0.993,0.488,0.439,0.487,0.377,0.93;aaaa;
a;0.803,0.0982,0.511,0.174,0.447,0.188,0.206,0.719,0.733,0.983;aaaaaaaaa;
aaa;0.793,0.28,0.829,0.921,0.0868,0.292,0.541,0.907,0.61,0.236;aaaaaa;
aaaaaaaaaa;0.413,0.951,0.672,0.207,0.264,0.01,0.252,0.17,0.182,0.846;aa;
aaa;0.401,0.339,0.64,0.852,0.515,0.747,0.664,0.865,0.0882,0.673;aaa;
a;0.207,0.779,0.703,0.891,0.336,0.86,0.474,0.685,0.88,0.229;aaaaaaaaa;
aa;0.494,0.966,0.137,0.892,0.258,0.898,0.761,0.124,0.393,0.355;a;
aaaaaaaaa;0.456,0.179,0.672,0.693,0.417,0.0192,0.789,0.81,0.668,0.397;aaaaaaaaa;
aa;0.636,0.503,0.634,0.281,0.49,0.12,0.714,0.388,0.733,0.163;aaaaaaa;
aaa;0.0334,0.939,0.743,0.68,0.078,0.417,0.739,0.701,0.804,0.486;aaaaaaaa;
aaaa;0.915,0.326,0.146,0.824,0.924,0.865,0.541,0.406,0.514,0.51;aaaaaaaaa;
aaaaaaaaa;0.903,0.707,0.912,0.137,0.761,0.811,0.824,0.0945,0.88,0.237;a;
aaa;0.333,0.207,0.243,0.645,0.971,0.589,0.905,0.0428,0.552,0.49;aaaaa;
aaaaa;0.341,0.649,0.749,0.382,0.34,0.0166,0.914,0.86,0.545,0.939;aaa;
aaaaaaaaa;0.799,0.854,0.4,0.13,0.842,0.17,0.0289,0.494,0.394,0.263;aaa;
aaaaa;0.325,0.807,0.4,0.66,0.773,0.47,0.777,0.973,0.256,0.104;aaa;
aaaaaaa;0.473,0.469,0.506,0.375,0.279,0.598,0.666,0.753,0.486,0.472;aaaaaaa;
aaaaaaaa;0.49,0.281,0.412,0.808,0.864,0.15,0.0766,0.328,0.762,0.119;aaaaa;
aaaaaaaaaa;0.227,0.029,0.428,0.761,0.606,0.897,0.301,0.0283,0.373,0.884;a;
aaaaaaaaa;0.488,0.0749,0.0969,0.28,0.798,0.174,0.145,0.735,0.472,0.653;aaaaaaaa;
aaaaa;0.0724,0.126,0.706,0.455,0.0537,0.389,0.0472,0.392,0.95,0.0558;aaaa;
a;1,0.0184,0.449,0.653,0.0858,0.582,0.959,0.894,0.814,0.957;aaaaaaaa;
aaaaaa;0.263,0.351,0.278,0.732,0.836,0.204,0.0127,0.115,0.648,0.178;aaaaaaaaa;
aaaaaa;0.741,0.911,0.342,0.787,0.367,0.713,0.915,0.417,0.143,0.0233;aa;
aaaaaaaaa;0.615,0.717,0.452,0.825,0.671,0.0118,0.663,0.154,0.551,0.145;aaaaa;
aaaaaaaaa;0.339,0.208,0.413,0.188,0.196,0.995,0.139,0.214,0.0737,0.871;aaaaaaaa;
aa;0.376,0.605,0.1,0.324,0.911,0.217,0.0838,0.93,0.363,0.0616;aaaaaaaaaa;
aaaa;0.249,0.682,0.137,0.724,0.801,0.858,0.699,0.933,0.299,0.752;a;
aaaa;0.455,0.584,0.77,0.22,0.925,0.905,0.637,0.427,0.836,0.258;aaaaaa;
aaaaaaaaa;0.698,0.837,0.368,0.102,0.576,0.376,0.996,0.821,0.515,0.272;aaaaaaaa;
aaaaaaa;0.921,0.0414,0.985,0.303,0.276,0.135,0.327,0.499,0.753,0.659;aa;
aaaaaa;0.419,0.304,0.866,0.205,0.264,0.138,0.187,0.413,0.351,0.0908;aaaaaaaaaa;
aaaaaaaaaa;0.615,0.954,0.589,0.294,0.159,0.45,0.202,0.428,0.274,0.963;aaaaaaaaa;
aaaaaa;0.5,0.195,0.95,0.792,0.36,0.874,0.137,0.253,0.00735,0.614;aa;
a;0.495,0.725,0.798,0.995,0.965,0.426,0.372,0.835,0.726,0.453;aaaaaa;
aaaaa;0.425,0.378,0.894,0.78,0.904,0.9,0.518,0.045,0.952,0.939;aaaaa;
aaaaaaaaaa;0.791,0.942,0.433,0.94,0.118,0.35,0.0483,0.497,0.209,0.263;aaaa;
aaa;0.359,0.655,0.423,0.643,0.796,0.965,0.19,0.488,0.0512,0.96;aaaaaaaa;
aaaaa;0.6,0.55,0.0169,0.176,0.228,0.475,0.848,0.471,0.485,0.952;aaaaaa;
aaaaaa;0.0127,0.541,0.164,0.12,0.983,0.971,0.952,0.675,0.627,0.686;aa;
aaa;0.477,0.109,0.552,0.319,0.677,0.95,0.802,0.286,0.883,0.00634;aaaaaaaaaa;
aaaaaaa;0.67,0.18,0.473,0.512,0.904,0.692,0.156,0.571,0.98,0.788;aaaaaaaaaa;
a;0.0563,0.641,0.182,0.41,0.202,0.756,0.436,0.0146,0.192,0.838;aaa;
aaaaaaaaa;0.188,0.00449,0.36,0.318,0.834,0.0648,0.163,0.478,0.0465,0.188;aaaaaaaaaa;
aaaaaaaa;0.765,0.692,0.861,0.265,0.636,0.427,0.198,0.513,0.96,0.0257;aaaaaaaa;
aaaaaaaaaa;0.522,0.825,0.636,0.322,0.178,0.677,0.9,0.192,0.145,0.629;a;
aaaaaaaa;0.908,0.43,0.329,0.0183,0.103,0.218,0.616,0.364,0.278,0.243;aaaaa;
aaa;0.0703,0.442,0.348,0.546,0.48,0.925,0.118,0.525,0.347,0.164;aaaaa;
aaaaa;0.501,0.0127,0.461,0.55,0.626,0.00758,0.158,0.678,0.939,0.332;aaaaaaaa;
aaaaaaaaa;0.639,0.711,0.365,0.081,0.702,0.576,0.151,0.277,0.729,0.601;aa;
aa;0.184,0.759,0.647,0.581,0.762,0.949,0.846,0.939,0.24,0.869;aaaa;
a;0.906,0.755,0.814,0.642,0.444,0.803,0.863,0.751,0.0864,0.056;aaa;
aaa;0.00329,0.814,0.0763,0.982,0.741,0.00262,0.986,0.129,0.93,0.514;a;
aaaaaaa;0.355,0.493,0.122,0.53,0.542,0.767,0.0339,0.207,0.269,0.856;aaaaaaaaa;
aaaaaaaaa;0.0233,0.482,0.583,0.869,0.921,0.749,0.23,0.02,0.844,0.442;aaaaaaaa;
aa;0.455,0.526,0.0683,0.222,0.648,0.0833,0.0929,0.957,0.169,0.223;a;
aaaaaaa;0.899,0.829,0.103,0.341,0.137,0.0224,0.269,0.498,0.783,0.133;aaa;
aaaaaaaaa;0.53,0.898,0.257,0.835,0.927,0.664,0.927,0.637,0.377,0.923;a;
aaaaaaaaaa;0.316,0.329,0.547,0.303,0.87,0.846,0.644,0.62,0.458,0.822;aaaaaaaa;
aaaaaaaaa;0.603,0.19,0.595,0.672,0.531,0.411,0.897,0.0345,0.296,0.697;aa;
aaaaaaaaaa;0.839,0.213,0.855,0.783,0.296,0.155,0.449,0.951,0.513,0.22;aaaaaaaa;
aaa;0.556,0.168,0.659,0.0957,0.759,0.27,0.98,0.776,0.0957,0.748;aaaaaaaaaa;
aaaaaaaaa;0.874,0.624,0.473,0.193,0.237,0.911,0.37,0.069,0.653,0.51;aaaaaa;
aa;0.39,0.168,0.0814,0.319,0.155,0.126,0.175,0.783,0.00755,0.193;aaaaaaaaaa;
aaaaaaaa;0.0944,0.207,0.612,0.728,0.963,0.0216,0.738,0.537,0.0369,0.658;aaaaaaaa;
aaaaaaaa;0.391,0.609,0.0343,0.978,0.88,0.923,0.122,0.815,0.148,0.581;aaaa;
aaaaaaa;0.67,0.963,0.89,0.405,0.433,0.463,0.193,0.977,0.937,0.937;aaa;
aaaaaaaa;0.351,0.384,0.46,0.0124,0.543,0.926,0.958,0.316,0.439,0.658;aaaa;
aaaaaa;0.684,0.4,0.7,0.521,0.687,0.699,0.132,0.437,0.378,0.945;aaa;
aa;0.587,0.431,0.449,0.475,0.157,0.607,0.41,0.57,0.565,0.285;aa;
aaaaaaaaa;0.149,0.854,0.367,0.307,0.157,0.927,0.0446,0.596,0.934,0.641;aaaaaa;
aaaaaa;0.836,0.565,0.861,0.225,0.771,0.704,0.584,0.857,0.328,0.511;a;
a;0.00281,0.151,0.284,0.202,0.516,0.583,0.583,0.774,0.797,0.507;aa;
aaaaaaaa;0.645,0.925,0.174,0.0506,0.19,0.441,0.977,0.906,0.981,0.926;aaaaaaaa;
aaaaa;0.256,0.284,0.641,0.292,0.0363,0.255,0.461,0.0774,0.156,0.971;aaaaaa;
a;0.387,0.681,0.259,0.0305,0.987,0.529,0.697,0.518,0.542,0.177;a;
aaaa;0.393,0.62,0.641,0.0113,0.829,0.226,0.756,0.468,0.427,0.59;aaaaaaaaaa;
aaaaa;0.144,0.863,0.487,0.967,0.783,0.43,0.499,0.521,0.121,0.396;aaaaaa;
aaaaaaa;0.025,0.211,0.251,0.779,0.824,0.0852,0.855,0.345,0.117,0.652;aaaaa;
aaaaaaa;0.895,0.0207,0.205,0.776,0.0837,0.264,0.819,0.581,0.287,0.395;aaaaaa;
aaaaaaaaaa;0.594,0.707,0.898,0.478,0.775,0.0468,0.48,0.191,0.254,0.305;a;
aa;0.379,0.236,0.496,0.875,0.868,0.148,0.241,0.942,0.994,0.92;aaaa;
aaaaaaa;0.674,0.978,0.996,0.0792,0.268,0.528,0.603,0.744,0.59,0.451;aa;
aaaa;0.135,0.88,0.763,0.767,0.682,0.515,0.364,0.909,0.762,0.434;aaaaaaa;
aaaaaaaaa;0.396,0.764,0.784,0.728,0.417,0.515,0.667,0.664,0.535,0.112;aaaaaaaaaa;
aaa;0.449,0.542,0.124,0.323,0.537,0.67,0.0204,0.446,0.906,0.879;aaaaaaaa;
aaaaaaaaa;0.878,0.254,0.604,0.716,0.671,0.116,0.832,0.588,0.862,0.185;aaa;
aaaaaaaaaa;0.471,0.387,0.0269,0.601,0.805,0.0615,0.974,0.491,0.608,0.185;aaaaa;
aaaaaaaaa;0.657,0.0978,0.936,0.364,0.734,0.582,0.481,0.157,0.975,0.329;aaaaaaaa;
aaaaaa;0.531,0.738,0.729,0.317,0.919,0.369,0.197,0.399,0.828,0.496;a;
aaaaaaaaaa;0.0301,0.843,0.149,0.814,0.435,0.0207,0.483,0.232,0.204,0.689;aaaaa;
aaaaaaa;0.254,0.932,0.305,0.822,0.839,0.897,0.122,0.511,0.88,0.234;aaaaaaaaaa;
aaaaaaaa;0.715,0.406,0.155,0.646,0.135,0.238,0.116,0.943,0.512,0.64;aa;
aa;0.356,0.229,0.668,0.284,0.621,0.295,0.952,0.691,0.913,0.337;aaaa;
aaaaaaa;0.172,0.492,0.684,0.177,0.167,0.598,0.347,0.594,0.0835,0.27;aaaaaaaa;
aaa;0.431,0.722,0.829,0.315,0.853,0.455,0.415,0.749,0.822,0.968;a;
a;0.563,0.17,0.769,0.0199,0.0845,0.299,0.905,0.186,0.303,0.0516;aaaaa;
aaaaaa;0.0184,0.301,0.342,0.869,0.676,0.188,0.896,0.266,0.264,0.858;a;
aaaa;0.916,0.806,0.718,0.0493,0.938,0.725,0.925,0.0802,0.907,0.538;aaaaa;
aaa;0.417,0.535,0.773,0.194,0.706,0.79,0.77,0.384,0.369,0.672;aaaaaaaaa;
aaaa;0.441,0.617,0.365,0.222,0.848,0.0805,0.0821,0.745,0.615,0.364;aa;
aa;0.166,0.542,0.345,0.262,0.338,0.602,0.436,0.658,0.191,0.311;aaaaaaaaaa;
aaaaaa;0.0758,0.93,0.603,0.143,0.411,0.424,0.494,0.12,0.431,0.833;aaaaaa;
aaaa;0.477,0.416,0.268,0.032,0.737,0.697,0.432,0.91,0.949,0.402;aa;
aaaaa;0.0317,0.854,0.388,0.517,0.479,0.000778,0.398,0.881,0.197,0.287;aaaaaaaaaa;
aaaaaaaa;0.0952,0.751,0.737,0.146,0.552,0.289,0.998,0.186,0.315,0.0913;aaaaaaaa;
aaaaaaaaaa;0.503,0.131,0.286,0.608,0.13,0.444,0.172,0.641,0.763,0.671;aaaaaaa;
aaaa;0.164,0.177,0.249,0.182,0.146,0.311,0.587,0.927,0.96,0.613;aaaaaaa;
aaaaaaa;0.526,0.00108,0.641,0.0907,0.0522,0.893,0.302,0.67,0.279,0.252;aa;
a;0.271,0.601,0.714,0.352,0.702,0.516,0.03,0.933,0.424,0.908;aaaaaa;
aaaaaaaaaa;0.607,0.747,0.913,0.537,0.494,0.864,0.472,0.0975,0.286,0.215;a;
aaa;0.559,0.578,0.826,0.0452,0.779,0.614,0.594,0.677,0.0305,0.0817;aaaaaaaaaa;
aaa;0.567,0.539,0.559,0.692,0.0414,0.458,0.212,0.0835,0.489,0.143;aa;
aaaaaaaaa;0.202,0.471,0.694,0.17,0.746,0.94,0.66,0.64,0.0809,0.477;aaaa;
aaaaaaaaa;0.918,0.0545,0.743,0.00977,0.587,0.927,0.292,0.0188,0.317,0.0746;aa;
aaaaaa;0.213,0.56,0.714,0.246,0.264,0.102,0.633,0.448,0.492,0.678;aaaa;
aaa;0.747,0.459,0.606,0.351,0.541,0.926,0.657,0.585,0.921,0.51;a;
aaaaa;0.778,0.0385,0.674,0.544,0.625,0.118,0.164,0.86,0.00259,0.661;a;
aaaaaaaa;0.807,0.718,0.703,0.892,0.701,0.891,0.302,0.788,0.238,0.881;aaa;
aaaaaa;0.833,0.748,0.232,0.267,0.611,0.272,0.897,0.631,0.978,0.177;a;
aaaaaa;0.537,0.729,0.332,0.423,0.636,0.421,0.077,0.866,0.706,0.677;aaa;
aaaaaaaaa;0.287,0.141,0.747,0.348,0.56,0.768,0.585,0.764,0.282,0.925;aaaaa;
aaaaaaaaa;0.722,0.619,0.16,0.274,0.758,0.262,0.732,0.644,0.255,0.692;aaaaaa;
a;0.136,0.185,0.274,0.09,0.313,0.519,0.426,0.146,0.813,0.758;aaaaa;
aaaaaaaaa;0.081,0.612,0.194,0.366,0.68,0.454,0.804,0.978,0.804,0.974;aaa;
aa;0.431,0.0635,0.831,0.699,0.677,0.655,0.648,0.973,0.507,0.895;aaaa;
aa;0.922,0.608,0.782,0.268,0.772,0.528,0.213,0.79,0.05,0.177;aaaaaaaaaa;
aaa;0.00163,0.892,0.535,0.723,0.029,0.0141,0.196,0.214,0.939,0.426;aaa;
aaaaaaa;0.736,0.984,0.335,0.643,0.103,0.21,0.497,0.248,0.403,0.396;a;
a;0.53,0.849,0.702,0.673,0.242,0.633,0.168,0.547,0.681,0.353;a;
a;0.228,0.384,0.377,0.698,0.534,0.431,0.315,0.753,0.945,0.801;aaaa;
aaaaa;0.917,0.916,0.0287,0.0202,0.171,0.371,0.94,0.489,0.821,0.572;aaaaaa;
a;0.709,0.449,0.564,0.956,0.8,0.44,0.531,0.501,0.441,0.529;aaa;
aaaaaaa;0.00111,0.574,0.415,0.987,0.723,0.104,0.268,0.75,0.553,0.569;a;
aaaaa;0.207,0.357,0.834,0.421,0.921,0.79,0.62,0.428,0.51,0.0128;a;
aaaaaaaaa;0.473,0.515,0.814,0.0156,0.863,0.476,0.362,0.424,0.542,0.107;aaa;
aaaaaaa;0.0425,0.939,0.57,0.926,0.0331,0.661,0.0895,0.15,0.759,0.351;aaaaa;
a;0.77,0.387,0.669,0.83,0.244,0.932,0.12,0.468,0.781,0.857;aaaaa;
aaaa;0.222,0.824,0.327,0.533,0.939,0.227,0.243,0.721,0.438,0.492;aaaaaaa;
a;0.841,0.464,0.853,0.375,0.63,0.268,0.585,0.988,0.778,0.194;aaaaaaaa;
aaaaaaaaa;0.119,0.538,0.705,0.182,0.433,0.0856,0.446,0.258,1,0.982;aa;
aaaaaaaaa;0.123,0.91,0.935,0.426,0.536,0.566,0.691,0.818,0.112,0.427;aaaaaa;
aaaaaaaaaa;0.217,0.742,0.021,0.225,0.41,0.354,0.049,0.953,0.0179,0.766;aaaaaaa;
aaaaaaaaa;0.124,0.753,0.00736,0.989,0.974,0.874,0.573,0.309,0.439,0.621;aaa;
aaaaaaaaaa;0.875,0.864,0.726,0.661,0.396,0.512,0.953,0.766,0.533,0.937;aaaaaa;
aaaaaaaaa;0.777,0.802,0.294,0.413,0.626,0.438,0.15,0.774,0.339,0.228;aaaaaaaaa;
aaaaaaaaa;0.719,0.109,0.94,0.075,0.497,0.27,0.978,0.0875,0.188,0.328;aa;
aaa;0.691,0.246,0.938,0.644,0.484,0.724,0.58,0.293,0.891,0.538;aaaaaaaa;
a;0.604,0.115,0.49,0.157,0.951,0.804,0.133,0.892,0.666,0.437;aaa;
aaaaaa;0.46,0.515,0.362,0.105,0.899,0.328,0.542,0.585,0.846,0.165;aaaaaaaa;
aa;0.905,0.817,0.134,0.115,0.0264,0.832,0.983,0.0801,0.58,0.414;a;
aaa;0.633,0.0525,0.328,0.82,0.682,0.729,0.725,0.586,0.569,0.658;aaaaaaaaaa;
aaaaaa;0.406,0.0478,0.749,0.109,0.808,0.489,0.471,0.109,0.297,0.185;aaaaaaaaa;
aaaaaaaaa;0.395,0.352,0.0882,0.28,0.104,0.595,0.792,0.404,0.673,0.819;a;
aaaaaaa;0.119,0.0668,0.289,0.535,0.0476,0.255,0.167,0.666,0.774,0.482;aaaa;
aaaaaaa;0.541,0.72,0.0422,0.442,0.673,0.07,0.872,0.899,0.558,0.434;aaaaaaa;
aaaaaaa;0.722,0.715,0.0533,0.448,0.408,0.637,0.794,0.943,0.511,0.976;aaaaaaaa;
aaaaaa;0.851,0.243,0.85,0.841,0.779,0.133,0.529,0.233,1,0.793;aaaaaa;
aaa;0.064,0.155,0.537,0.0935,0.239,0.233,0.115,0.0772,0.388,0.14;a;
aaa;0.874,0.0687,0.105,0.774,0.205,0.879,0.738,0.469,0.852,0.793;aa;
a;0.221,0.2,0.383,0.611,0.135,0.883,0.472,0.313,0.936,0.653;aaaaaaaaa;
aaaa;0.274,0.573,0.825,0.608,0.231,0.251,0.138,0.635,0.112,0.834;aa;
a;0.645,0.0702,0.62,0.206,0.83,0.0647,0.148,0.937,0.393,0.991;aaaaa;
aaaaaa;0.0726,0.542,0.53,0.709,0.581,0.245,0.714,0.703,0.324,0.857;aaaa;
aaaaaaa;0.898,0.112,0.416,0.917,0.411,0.273,0.643,0.202,0.504,0.304;aaaaaaaa;
aa;0.639,0.349,0.218,0.293,0.894,0.271,0.383,0.749,0.595,0.636;aaaaaaa;
aaaaaaaaa;0.454,0.922,0.875,0.797,0.504,0.897,0.477,0.346,0.117,0.665;aaaaaaaaa;
aaaaaaaaaa;0.204,0.615,0.387,0.954,0.743,0.213,0.153,0.995,0.998,0.758;aaaaaaaa;
a;0.0923,0.992,0.38,0.183,0.465,0.768,0.45,0.0286,0.487,0.371;aaaaa;
aa;0.169,0.94,0.0715,0.345,0.679,0.857,0.164,0.578,0.398,0.0296;aaaaaa;
aaaaaaaaa;0.0785,0.27,0.7,0.915,0.165,0.587,0.426,0.529,0.539,0.786;aaaaaaaa;
aaaaa;0.39,0.593,0.606,0.972,0.552,0.127,0.743,0.542,0.456,0.651;aaaaaaaa;
aaaaaaaaaa;0.597,0.123,0.842,0.837,0.109,0.474,0.369,0.0358,0.776,0.271;aaaaaaa;
aaaaaa;0.0217,0.414,0.974,0.834,0.35,0.657,0.779,0.937,0.535,0.594;a;
aaaaaaaaa;0.415,0.314,0.262,0.541,0.235,0.73,0.2,0.172,0.0482,0.00648;aa;
aaaaa;0.75,0.268,0.0543,0.0441,0.63,0.504,0.794,0.741,0.687,0.0775;aaaaa;
aaa;0.994,0.603,0.588,0.366,0.342,0.411,0.0879,0.356,0.186,0.00203;a;
aa;0.134,0.188,0.668,0.139,0.714,0.343,0.713,0.605,0.448,0.672;aaaaaaa;
aaaaaaaa;0.0536,0.137,0.221,0.126,0.42,0.83,0.697,0.988,0.12,0.0987;aaaaaaa;
a;0.226,0.598,0.798,0.0978,0.317,0.5,0.511,0.443,0.308,0.531;aaaaaa;
aaaa;0.81,0.246,0.418,0.707,0.316,0.0277,0.902,0.923,0.241,0.289;aaa;
aaaaaaaaaa;0.464,0.22,0.354,0.588,0.0382,0.379,0.0813,0.772,0.834,0.563;aaaa;
aaaaaaaaaa;0.46,0.131,0.775,0.517,0.367,0.216,0.797,0.626,0.77,0.729;aaa;
aaaaaaa;0.7,0.0712,0.173,0.641,0.892,0.972,0.413,0.947,0.159,0.354;aaaaaa;
aaaaaa;0.441,0.783,0.563,0.738,0.287,0.271,0.834,0.74,0.787,0.53;aaaaaaa;
aaaaaa;0.756,0.592,0.604,0.864,0.969,0.0255,0.98,0.467,0.863,0.177;aaaaaaaa;
a;0.153,0.169,0.254,0.88,0.87,0.753,0.903,0.257,0.601,0.265;aaa;
aaaaaaa;0.776,0.794,0.389,0.659,0.125,0.319,0.536,0.883,0.76,0.547;aa;
aa;0.533,0.948,0.104,0.983,0.663,0.865,0.972,0.327,0.438,0.867;aaaaa;
aaaaaaaaa;0.628,0.82,0.467,0.488,0.537,0.453,0.502,0.52,0.757,0.539;aa;
aa;0.242,0.203,0.238,0.476,0.25,0.155,0.51,0.506,0.64,0.438;aa;
aaaa;0.482,0.813,0.871,0.394,0.629,0.0522,0.963,0.537,0.649,0.573;aaaaaaaaaa;
aaaaaaaaa;0.615,0.0551,0.294,0.179,0.308,0.464,0.0421,0.797,0.692,0.301;aaaaaaa;
aaaa;0.504,0.519,0.447,0.114,0.915,0.651,0.566,0.18,0.28,0.789;aaaa;
aaaaaaaaa;0.532,0.89,0.921,0.97,0.0374,0.233,0.413,0.882,0.432,0.171;aaaa;
aa;0.665,0.197,0.0264,0.665,0.699,0.238,0.62,0.855,0.893,0.625;aaaaaaaaaa;
aaa;0.321,0.768,0.692,0.996,0.987,0.605,0.374,0.916,0.359,0.619;aaaaaaa;
aaaaa;0.143,0.0545,0.374,0.0437,0.773,0.618,0.851,0.663,0.39,0.924;aaaa;
aaa;0.31,0.208,0.68,0.724,0.638,0.978,0.938,0.185,0.628,0.909;aaaaaaaaa;
aaaaaaaaa;0.66,0.982,0.568,0.0677,0.88,0.223,0.741,0.779,0.282,0.354;aa;
aaaaaaaaa;0.187,0.266,0.681,0.0423,0.0523,0.226,0.738,0.558,0.716,0.99;aaaaaaa;
aaaaaa;0.487,0.753,0.593,0.611,0.488,0.423,0.912,0.815,0.96,0.118;aa;
aaaaaa;0.588,0.841,0.967,0.597,0.451,0.173,0.922,0.164,0.508,0.457;aaa;
aaaaa;0.371,0.0493,0.954,0.698,0.372,0.643,0.47,0.273,0.732,0.622;aaaaaaaa;
aaaaaaaaa;0.859,0.112,0.335,0.126,0.794,0.0758,0.644,0.506,0.25,0.47;aaaaaaaaaa;
aaaaaaaaa;0.146,0.851,0.702,0.04,0.167,0.765,0.36,0.17,0.488,0.178;aaa;
aaaaa;0.64,0.9,0.145,0.117,0.951,0.665,0.241,0.15,0.727,0.895;aaaaaa;
aaaaaaa;0.596,0.945,0.957,0.423,0.313,0.493,0.137,0.085,0.56,0.357;aaaaaaaaaa;
aaaa;0.878,0.37,0.633,0.59,0.701,0.267,0.471,0.79,0.581,0.847;aaaaaa;
aaaaaaaaaa;0.776,0.764,0.944,0.683,0.658,0.255,0.442,0.873,0.11,0.309;aaaa;
a;0.895,0.93,0.255,0.468,0.861,0.159,0.624,0.929,0.18,0.523;aaa;
aaaa;0.537,0.419,0.255,0.933,0.858,0.375,0.594,0.312,0.459,0.0642;a;
aaaaa;0.91,0.178,0.295,0.759,0.885,0.193,0.998,0.647,0.887,0.736;aa;
aaaaaaa;0.922,0.305,0.962,0.162,0.134,0.0879,0.895,0.454,0.722,0.855;aaa;
aaaaaaa;0.387,0.528,0.408,0.494,0.306,0.745,0.481,0.926,0.154,0.809;aaaaa;
a;0.409,0.575,0.846,0.778,0.737,0.47,0.782,0.044,0.549,0.731;aaaaaaa;
aaaaa;0.175,0.507,0.505,0.389,0.507,0.438,0.787,0.325,0.439,0.773;aaaaa;
aaaaaaa;0.425,0.329,0.451,0.619,0.808,0.3,0.248,0.0855,0.0855,0.581;aaaaaaaaaa;
aaaaaaa;0.363,0.69,0.486,0.0779,0.583,0.145,0.597,0.736,0.305,0.658;aaa;
aa;0.502,0.0569,0.652,0.38,0.226,0.723,0.916,0.978,0.136,0.784;aaaaaaaa;
aaaaaaaaaa;0.764,0.201,0.502,0.925,0.327,0.728,0.91,0.236,0.785,0.975;a;
aaaaaa;0.495,0.0425,0.911,0.826,0.732,0.668,0.186,0.182,0.348,0.882;aaa;
aaaa;0.815,0.553,0.874,0.694,0.626,0.0596,0.0192,0.553,0.405,0.403;aaaaaaaaaa;
aaa;0.0163,0.0504,0.289,0.546,0.689,0.695,0.499,0.244,0.928,0.276;aaaa;
aaaaaa;0.926,0.724,0.861,0.582,0.0509,0.602,0.927,0.396,0.376,0.357;aaaaaaaa;
aaaaa;0.61,0.0946,0.837,0.365,0.796,0.715,0.154,0.949,0.899,0.00207;aaaaa;
aaaaa;0.267,0.592,0.298,0.757,0.823,0.432,0.975,0.582,0.423,0.606;aaaaaa;
aaaaaaaa;0.188,0.778,0.751,0.719,0.567,0.441,0.826,0.201,0.442,0.537;aaaaa;
aaaaaaaa;0.683,0.517,0.533,0.592,0.19,0.831,0.772,0.645,0.885,0.372;aaaaa;
aaaaaaa;0.798,0.557,0.575,0.88,0.948,0.498,0.594,0.0946,0.0259,0.133;aa;
aa;0.405,0.0723,0.285,0.496,0.659,0.596,0.888,0.983,0.796,0.369;aa;
a;0.935,0.941,0.816,0.777,0.269,0.392,0.888,0.739,0.957,0.957;aa;
aaaaaaa;0.249,0.869,0.0269,0.1,0.797,0.267,0.754,0.176,0.918,0.492;a;
a;0.49,0.428,0.167,0.682,0.705,0.793,0.386,0.887,0.46,0.787;aa;
aa;0.0767,0.413,0.289,0.812,0.0113,0.717,0.914,0.477,0.484,0.318;aaaaa;
aa;0.658,0.807,0.218,0.681,0.494,0.19,0.68,0.829,0.183,0.281;a;
aaa;0.282,0.375,0.213,0.239,0.64,0.518,0.25,0.0122,0.759,0.6;aaaaaaa;
aa;0.568,0.39,0.441,0.641,0.459,0.844,0.721,0.0493,0.788,0.0116;aaaaaaa;
a;0.843,0.996,0.907,0.675,0.246,0.0261,0.696,0.895,0.697,0.667;aaaaaaaa;
aaaaaaaa;0.94,0.465,0.884,0.491,0.546,0.0194,0.996,0.609,0.121,0.623;aaaa;
aaaa;0.0953,0.952,0.242,0.103,0.966,0.553,0.703,0.99,0.704,0.763;a;
aaaaa;0.78,0.12,0.698,0.778,0.247,0.234,0.0904,0.356,0.491,0.478;a;
aaaaaaaa;0.289,0.697,0.375,0.449,0.346,0.453,0.395,0.609,0.439,0.602;a;
aaaaaaaa;0.248,0.0566,0.542,0.811,0.731,0.0217,0.448,0.52,0.87,0.442;aaaaaaaa;
a;0.0938,0.976,0.453,0.782,0.283,0.752,0.777,0.46,0.594,0.645;aaaa;
aaaaaa;0.0501,0.557,0.593,0.422,0.798,0.458,0.771,0.606,0.62,0.385;aaaaaaaaaa;
aaaa;0.354,0.128,0.0837,0.365,0.654,0.752,0.873,0.337,0.207,0.543;aaaaa;
aaaaaaaa;0.0269,0.286,0.528,0.403,0.362,0.104,0.00913,0.581,0.181,0.77;aaa;
aaa;0.787,0.459,0.173,0.449,0.276,0.24,0.132,0.5,0.763,0.211;aaaaaaaa;
aaaaaaaaaa;0.155,0.728,0.998,0.687,0.586,0.0956,0.357,0.91,0.367,0.755;aaa;
aaaaa;0.562,0.418,0.465,0.29,0.35,0.958,0.536,0.965,0.982,0.911;aaa;
aaaaa;0.837,0.488,0.376,0.853,0.969,0.753,0.669,0.409,0.768,0.296;aaaa;
a;0.746,0.241,0.801,0.303,0.241,0.652,0.0338,0.423,0.555,0.553;aaa;
aaa;0.0351,0.159,0.416,0.658,0.218,0.59,0.793,0.512,0.509,0.312;aaaaaaaaa;
aa;0.049,0.469,0.9,0.13,0.0438,0.427,0.45,0.844,0.778,0.981;aaa;
aaa;0.0354,0.174,0.188,0.0454,0.849,0.935,0.0813,0.129,0.599,0.114;aaaaaaaa;
aaaaaa;0.999,0.724,0.768,0.584,0.55,0.936,0.961,0.881,0.635,0.957;aaaaaaaaa;
aaaa;0.24,0.424,0.665,0.923,0.481,0.363,0.837,0.701,0.702,0.46;a;
aaaaa;0.567,0.835,0.524,0.72,0.127,0.904,0.494,0.12,0.043,0.676;aa;
aa;0.841,0.548,0.778,0.528,0.866,0.756,0.244,0.46,0.329,0.802;aaaa;
aaa;0.867,0.922,0.268,0.391,0.06,0.557,0.94,0.386,0.792,0.205;aaaaa;
aaaaa;0.138,0.318,0.374,0.721,0.778,0.941,0.919,0.246,0.108,0.742;aaa;
aaaaaaa;0.0818,0.151,0.467,0.8,0.26,0.112,0.168,0.958,0.805,0.879;aaa;
aaaa;0.48,0.331,0.895,0.884,0.629,0.847,0.447,0.615,0.861,0.742;aaa;
aaaaaa;0.615,0.65,0.759,0.332,0.465,0.575,0.556,0.903,0.97,0.8;aaa;
a;0.795,0.41,0.489,0.452,0.608,0.817,0.817,0.52,0.596,0.617;a;
aaaaaaaa;0.729,0.787,0.695,0.746,0.14,0.607,0.417,0.863,0.869,0.203;a;
aaaaaaa;0.227,0.152,0.602,0.014,0.0752,0.849,0.782,0.0515,0.0699,0.284;aaa;
aaaaaaaaa;0.141,0.123,0.603,0.492,0.777,0.691,0.133,0.608,0.0147,0.981;aaaaaaaa;
aaaaaaaaa;0.403,0.245,0.65,0.534,0.936,0.341,0.823,0.131,0.175,0.976;aaaaa;
aaaaaa;0.226,0.939,0.181,0.877,0.524,0.519,0.149,0.712,0.369,0.427;aaaaaaaa;
aa;0.126,0.129,0.904,0.547,0.252,0.588,0.964,0.236,0.961,0.828;aaaaaaaaaa;
aaaaaa;0.248,0.61,0.919,0.307,0.593,0.91,0.0985,0.899,0.418,0.554;aaaaaa;
aaaa;0.462,0.0782,0.715,0.368,0.788,0.213,0.416,0.272,0.452,0.524;aaaaaaaa;
aaaa;0.926,0.553,0.967,0.746,0.928,0.137,0.395,0.867,0.38,0.636;aaa;
aaaaaa;0.981,0.446,0.0457,0.278,0.528,0.585,0.955,0.0216,0.969,0.228;aaaaaaaa;
aaaaaaaa;0.581,0.67,0.438,0.934,0.219,0.491,0.902,0.843,0.585,0.601;aaaaa;
aa;0.267,0.627,0.695,0.738,0.691,0.173,0.225,0.446,0.93,0.828;aaaaaaaaa;
a;0.456,0.086,0.0094,0.0594,0.0336,0.803,0.46,0.13,0.799,0.97;aaaa;
aaaaaaaa;0.552,0.39,0.526,0.161,0.318,0.123,0.774,0.771,0.387,0.572;a;
aaaa;0.178,0.00778,0.65,0.438,0.995,0.621,0.86,0.358,0.806,0.833;aaaaaaaaa;
aaaaaaaa;0.173,0.78,0.466,0.667,0.847,0.423,0.66,0.852,0.331,0.947;aaaaaa;
aa;0.108,0.0822,0.95,0.334,0.741,0.506,0.142,0.896,0.0078,0.53;aaaaa;
aaaaaaa;0.155,0.284,0.689,0.136,0.0802,0.609,0.0824,0.802,0.235,0.806;aaaaaaaaa;
a;0.338,0.645,0.141,0.938,0.406,0.61,0.729,0.517,0.534,0.631;aaaaa;
aaaaaaa;0.273,0.951,0.584,0.153,0.643,0.652,0.838,0.285,0.758,0.776;aa;
aaaaaaa;0.363,0.882,0.497,0.699,0.664,0.12,0.0119,0.0432,0.45,0.8;aaa;
aaaaaaaaa;0.0535,0.147,0.574,0.307,0.085,0.478,0.947,0.994,0.131,0.243;aaaaa;
aaaaaaaaaa;0.575,0.431,0.624,0.464,0.465,0.818,0.797,0.993,0.438,0.471;aaaaaaaa;
aaaaa;0.287,0.879,0.0185,0.446,0.406,0.555,0.725,0.531,0.48,0.755;aaaaaaaaaa;
aaa;0.153,0.506,0.592,0.935,0.843,0.544,0.43,0.511,0.592,0.286;aaaaaaaaaa;
aaaaa;0.266,0.618,0.96,0.503,0.919,0.533,0.271,0.387,0.0655,0.366;aaaaaa;
aaaaaaaaa;0.875,0.256,0.773,0.56,0.316,0.382,0.949,0.637,0.0278,0.134;a;
aaaa;0.372,0.993,0.317,0.721,0.698,0.488,0.158,0.837,0.0268,0.0292;aaaaaaaaaa;
aaaa;0.846,0.0951,0.517,0.887,0.298,0.693,0.343,0.976,0.975,0.629;aaaaaaaaa;
aaaaaaaa;0.842,0.973,0.871,0.791,0.417,0.778,0.715,0.361,0.144,0.853;aaaaaaaaa;
a;0.171,0.559,0.164,0.63,0.776,0.661,0.0424,0.0774,0.459,0.332;aaaaaaaa;
aaaaa;0.0123,0.236,0.765,0.279,0.584,0.928,0.568,0.998,0.592,0.0402;aaaa;
aaaaaaaaa;0.466,0.951,0.523,0.917,0.997,0.145,0.805,0.944,0.0221,0.505;a;
aaa;0.192,0.251,0.559,0.102,0.319,0.438,0.105,0.773,0.634,0.272;aaaaa;
aaaaaa;0.751,0.686,0.666,0.481,0.245,0.285,0.772,0.897,0.0594,0.409;aaaaa;
aaa;0.291,0.694,0.395,0.807,0.287,0.987,0.0978,0.237,0.524,0.693;aaaaaaaaa;
aaa;0.616,0.564,0.437,0.603,0.287,0.298,0.874,0.816,0.366,0.791;aaaaa;
aaaaaaaaa;0.107,0.4,0.898,0.467,0.0172,0.736,0.607,0.939,0.984,0.971;aaaaaaaa;
aaa;0.29,0.415,0.537,0.497,0.13,0.838,0.583,0.231,0.284,0.868;aaaa;
a;0.466,0.041,0.231,0.39,0.714,0.634,0.43,0.334,0.504,0.222;aaaaaaa;
aaaaaaaaa;0.69,0.826,0.631,0.546,0.346,0.726,0.935,0.559,0.657,0.909;aaaaaaaaaa;
aaaaaa;0.958,0.277,0.862,0.881,0.322,0.287,0.796,0.00424,0.669,0.983;aaaaaaaaa;
aaa;0.332,0.306,0.598,0.269,0.668,0.528,0.497,0.952,0.41,0.732;aaaaa;
aaa;0.448,0.919,0.535,0.172,0.193,0.13,0.737,0.847,0.854,0.0814;aaaaa;
aaaaaaaaaa;0.975,0.498,0.955,0.994,0.336,0.0171,0.126,0.0912,0.802,0.341;aaaaaaa;
aaaaaaaaa;0.184,0.697,0.134,0.239,0.898,0.433,0.749,0.598,0.367,0.0845;aaaaaaaa;
aaaa;0.419,0.881,0.414,0.418,0.0426,0.105,0.63,0.93,0.938,0.449;aaaaaaa;
aaaaaa;0.137,0.268,0.867,0.715,0.815,0.897,0.281,0.346,0.225,0.984;aaa;
aaa;0.265,0.209,0.221,0.926,0.104,0.947,0.808,0.229,0.925,0.132;aaaaaaa;
aaaaaaaaaa;0.0106,0.497,0.26,0.824,0.983,0.439,0.974,0.699,0.18,0.102;aaaa;
aaaaaaaaa;0.583,0.536,0.382,0.386,0.233,0.708,0.687,0.791,0.427,0.809;aaa;
aaaaaaaa;0.404,0.612,0.284,0.235,0.595,0.0422,0.973,0.779,0.78,0.146;aaaaaa;
aaaaaaaaa;0.815,0.398,0.806,0.558,0.611,0.787,0.379,0.334,0.193,0.938;aaaaaaa;
aaaaaaaa;0.294,0.896,0.57,0.0891,0.58,0.26,1,0.803,0.959,0.0315;aaaaaaaaaa;
aaaaaaa;0.771,0.808,0.6,0.632,0.421,0.0614,0.18,0.357,0.0967,0.98;aaaaaaa;
aaaaaa;0.231,0.437,0.0831,0.553,0.148,0.443,0.382,0.869,0.678,0.247;aaaa;
a;0.201,0.812,0.545,0.17,0.975,0.0723,0.229,0.562,0.0948,0.868;aa;
aaaaaaa;0.603,0.78,0.392,0.224,0.199,0.96,0.0797,0.767,0.825,0.701;aaaa;
a;0.0266,0.324,0.398,0.499,0.962,0.646,0.997,0.37,0.0824,0.703;aaaaaaaaa;
aaaaaaaa;0.109,0.648,0.0603,0.376,0.361,0.424,0.308,0.824,0.714,0.813;aaaaaaa;
a;0.159,0.855,0.939,0.269,0.914,0.351,0.817,0.231,0.831,0.246;aaaaaaa;
aaa;0.49,0.825,0.139,0.0474,0.783,0.823,0.0116,0.0438,0.82,0.327;aaa;
aaaaaaaaaa;0.582,0.557,0.555,0.734,0.531,0.123,0.122,0.636,0.378,0.34;aaaaa;
aaaaaaaaa;0.589,0.356,0.489,0.782,0.618,0.488,0.373,0.236,0.664,0.368;aaaaaaaaaa;
aaaa;0.201,0.0196,0.158,0.736,0.937,0.519,0.917,0.692,0.351,0.181;aa;
a;0.796,0.93,0.327,0.582,0.89,0.97,0.258,0.00662,0.624,0.795;aaaaaaaa;
aa;0.261,0.762,0.0139,0.0412,0.13,0.788,0.87,0.589,0.554,0.797;aaaaaaaaaa;
aaaaaa;0.497,0.124,0.951,0.307,0.929,0.831,0.624,0.331,0.047,0.916;aaaaaaaaa;
aaaaaaa;0.721,0.16,0.716,0.658,0.156,0.946,0.063,0.965,0.855,0.227;aa;
aaaaaaa;0.00931,0.847,0.581,0.0874,0.157,0.466,0.667,0.31,0.692,0.173;aaaaaa;
aaaaaa;0.0198,0.478,0.0273,0.32,0.818,0.984,0.818,0.612,0.389,0.352;aaaaaaaa;
aaaaaaaaa;0.83,0.917,0.965,0.9,1,0.341,0.76,0.0562,0.172,0.951;aaa;
aaaaaaaaa;0.0202,0.651,0.764,0.0871,0.333,0.995,0.0396,0.682,0.747,0.393;aaaa;
aaaa;0.147,0.792,0.207,0.401,0.205,0.848,0.237,0.983,0.39,0.181;aaaaaa;
aaa;0.834,0.387,0.0295,0.247,0.188,0.888,0.851,0.691,0.157,0.316;aaaaaaaa;
aaaaa;0.34,0.0241,0.788,0.91,0.281,0.619,0.895,0.0562,0.886,0.349;aaaaa;
aaaaa;0.721,0.0427,0.453,0.997,0.451,0.974,0.88,0.0957,0.679,0.849;aaaaaaaa;
aaa;0.313,0.981,0.735,0.236,0.877,0.777,0.542,0.266,0.704,0.84;aaaaa;
aaaaaaaaaa;0.582,0.0155,0.257,0.891,0.477,0.138,0.522,0.638,0.905,0.923;aaa;
aaaaa;0.506,0.952,0.59,0.409,0.651,0.576,0.593,0.0758,0.612,0.586;aaa;
aaaaaaaaa;0.988,0.326,0.474,0.978,0.0348,0.366,0.432,0.634,0.855,0.156;aaaaa;
aaaaaaaaa;0.567,0.211,0.0878,0.367,0.654,0.443,0.247,0.79,0.295,0.845;aaa;
aaaaaa;0.0939,0.557,0.0708,0.215,0.574,0.868,0.848,0.656,0.298,0.68;aaa;
a;0.987,0.137,0.908,0.556,0.841,0.648,0.986,0.369,0.66,0.269;aa;
aaaaaaa;0.203,0.939,0.54,0.455,0.164,0.89,0.842,0.798,0.621,0.594;a;
aaa;0.108,0.997,0.286,0.891,0.816,0.197,0.679,0.976,0.0229,0.54;aa;
aaaaaaaaa;0.0349,0.617,0.608,0.69,0.378,0.746,0.774,0.559,0.851,0.569;aaaaaaaaaa;
aaaaaaaaaa;0.489,0.0621,0.872,0.826,0.227,0.115,0.498,0.516,0.199,0.402;aaaaaa;
aaaaa;0.428,0.685,0.319,0.663,0.529,0.722,0.523,0.075,0.289,0.102;aaaaaaa;
aaaaa;0.429,0.671,0.846,0.986,0.527,0.221,0.72,0.526,0.223,0.376;aaaaaaa;
aaaaa;0.541,0.126,0.814,0.418,0.567,0.545,0.45,0.0543,0.713,0.906;aaaaaaaa;
aaaaa;0.569,0.222,0.66,0.314,0.489,0.436,0.666,0.335,0.0538,0.383;aaaaaaaaaa;
aaaaaaaaa;0.69,0.151,0.541,0.443,0.504,0.325,0.279,0.283,0.2,0.223;aaaaaa;
aa;0.538,0.701,0.75,0.000359,0.917,0.545,0.512,0.882,0.631,0.102;aaaaaaaaa;
a;0.768,0.265,0.478,0.0137,0.939,0.316,0.26,0.0822,0.418,0.771;aaaaaa;
aaaaa;0.947,0.509,0.152,0.737,0.874,0.221,0.477,0.567,0.402,0.401;aaa;
aaaaaaa;0.901,0.0419,0.192,0.396,0.704,0.688,0.433,0.67,0.37,0.378;aaaaaaaaaa;
aaaaaaa;0.984,0.126,0.157,0.278,0.621,0.0488,0.801,0.441,0.365,0.212;aaaaaaaaaa;
aaaaaaaaa;0.899,0.274,0.123,0.451,0.55,0.415,0.0748,0.301,0.183,0.632;aaaaaaa;
aaaa;0.291,0.0594,0.302,0.231,0.915,0.633,0.608,0.876,0.281,0.352;aaaaaa;
aaaa;0.986,0.898,0.981,0.247,0.471,0.161,0.828,0.714,0.734,0.715;aaaaaaaaaa;
aaaaaaaaaa;0.717,0.116,0.653,0.974,0.919,0.898,0.743,0.0443,0.943,0.314;aaaaa;
a;0.949,0.492,0.0459,0.057,0.423,0.491,0.626,0.534,0.293,0.867;a;
aaaaaaaaa;0.195,0.97,0.348,0.706,0.293,0.396,0.491,0.0657,0.672,0.612;aaaaaaaaa;
aaa;0.352,0.351,0.274,0.962,0.494,0.459,0.847,0.797,0.708,0.0762;aaaaaaaaa;
a;0.616,0.789,0.661,0.283,0.528,0.529,0.338,0.511,0.56,0.589;aaaaaa;
aaaaaaaaaa;0.337,0.455,0.722,0.148,0.228,0.345,0.938,0.433,0.121,0.146;aaaaaaa;
aaa;0.907,0.422,0.75,0.692,0.281,0.473,0.53,0.115,0.702,0.319;aaa;
aaa;0.769,0.634,0.0867,0.454,0.917,0.0296,0.128,0.62,0.38,0.777;aaaaaaaaaa;
aaaaaa;0.813,0.954,0.794,0.524,0.44,0.503,0.888,0.738,0.0862,0.642;aa;
aa;0.773,0.834,0.295,0.509,0.229,0.436,0.287,0.621,0.456,0.44;aaaaaaaaaa;
aaaaaa;0.442,0.316,0.705,0.337,0.302,0.793,0.202,0.842,0.418,0.0758;aa;
aaa;0.907,0.422,0.75,0.692,0.281,0.473,0.53,0.115,0.702,0.319;a;
aaa;0.769,0.634,0.0867,0.454,0.917,0.0296,0.128,0.62,0.38,0.777;aaaaaaaa;
aaaaaa;0.813,0.954,0.794,0.524,0.44,0.503,0.888,0.738,0.0862,0.642;aaaa;
aa;0.773,0.834,0.295,0.509,0.229,0.436,0.287,0.621,0.456,0.44;aaaaaaaa;
aaaaaa;0.442,0.316,0.705,0.337,0.302,0.793,0.202,0.842,0.418,0.0758;aa;
aaa;0.907,0.422,0.75,0.692,0.281,0.473,0.53,0.115,0.702,0.319;aaaaaaaaa;
aaa;0.769,0.634,0.0867,0.454,0.917,0.0296,0.128,0.62,0.38,0.777;aaaaaaaaa;
aaaaaa;0.813,0.954,0.794,0.524,0.44,0.503,0.888,0.738,0.0862,0.642;aaaaaaaaa;
aa;0.773,0.834,0.295,0.509,0.229,0.436,0.287,0.621,0.456,0.44;aaaaaaaaaa;
aaaaaa;0.442,0.316,0.705,0.337,0.302,0.793,0.202,0.842,0.418,0.0758;aa;
aaa;0.907,0.422,0.75,0.692,0.281,0.473,0.53,0.115,0.702,0.319;aaaaaaaa;
aaa;0.769,0.634,0.0867,0.454,0.917,0.0296,0.128,0.62,0.38,0.777;aaaaaaaaaa;
aaaaaa;0.813,0.954,0.794,0.524,0.44,0.503,0.888,0.738,0.0862,0.642;aaaaaaaa;
aa;0.773,0.834,0.295,0.509,0.229,0.436,0.287,0.621,0.456,0.44;aaaaaaaaaa;
aaaaaa;0.442,0.316,0.705,0.337,0.302,0.793,0.202,0.842,0.418,0.0758;aaaaa;
aaa;0.907,0.422,0.75,0.692,0.281,0.473,0.53,0.115,0.702,0.319;aaa;
aaa;0.769,0.634,0.0867,0.454,0.917,0.0296,0.128,0.62,0.38,0.777;aaaaaaaaaa;
aaaaaa;0.813,0.954,0.794,0.524,0.44,0.503,0.888,0.738,0.0862,0.642;aaaaaaa;
aa;0.773,0.834,0.295,0.509,0.229,0.436,0.287,0.621,0.456,0.44;aaaaaaaaaa;
aaaaaa;0.442,0.316,0.705,0.337,0.302,0.793,0.202,0.842,0.418,0.0758;aaaa;
aaa;0.907,0.422,0.75,0.692,0.281,0.473,0.53,0.115,0.702,0.319;aaaaaaaa;
aaa;0.769,0.634,0.0867,0.454,0.917,0.0296,0.128,0.62,0.38,0.777;aa;
aaaaaa;0.813,0.954,0.794,0.524,0.44,0.503,0.888,0.738,0.0862,0.642;aaaaaaa;
aa;0.773,0.834,0.295,0.509,0.229,0.436,0.287,0.621,0.456,0.44;aaaaa;
aaaaaa;0.442,0.316,0.705,0.337,0.302,0.793,0.202,0.842,0.418,0.0758;aaaaaaaa;
aaa;0.907,0.422,0.75,0.692,0.281,0.473,0.53,0.115,0.702,0.319;aaaaa;
aaa;0.769,0.634,0.0867,0.454,0.917,0.0296,0.128,0.62,0.38,0.777;aaaaa;
aaaaaa;0.813,0.954,0.794,0.524,0.44,0.503,0.888,0.738,0.0862,0.642;aaaa;
aa;0.773,0.834,0.295,0.509,0.229,0.436,0.287,0.621,0.456,0.44;aaaaaaaaaa;
aaaaaa;0.442,0.316,0.705,0.337,0.302,0.793,0.202,0.842,0.418,0.0758;aaaaaaaaa;
aaa;0.907,0.422,0.75,0.692,0.281,0.473,0.53,0.115,0.702,0.319;aaaaaaa;
aaa;0.769,0.634,0.0867,0.454,0.917,0.0296,0.128,0.62,0.38,0.777;aaaaaa;
aaaaaa;0.813,0.954,0.794,0.524,0.44,0.503,0.888,0.738,0.0862,0.642;aa;
aa;0.773,0.834,0.295,0.509,0.229,0.436,0.287,0.621,0.456,0.44;aaaaaaaaa;
aaaaaa;0.442,0.316,0.705,0.337,0.302,0.793,0.202,0.842,0.418,0.0758;aaaaaaaaa;
aaa;0.907,0.422,0.75,0.692,0.281,0.473,0.53,0.115,0.702,0.319;a;
aaa;0.769,0.634,0.0867,0.454,0.917,0.0296,0.128,0.62,0.38,0.777;aaaaaa;
aaaaaa;0.813,0.954,0.794,0.524,0.44,0.503,0.888,0.738,0.0862,0.642;a;
aa;0.773,0.834,0.295,0.509,0.229,0.436,0.287,0.621,0.456,0.44;aaaaa;
aaaaaa;0.442,0.316,0.705,0.337,0.302,0.793,0.202,0.842,0.418,0.0758;a;
aaa;0.907,0.422,0.75,0.692,0.281,0.473,0.53,0.115,0.702,0.319;aaaaaaaa;
aaa;0.769,0.634,0.0867,0.454,0.917,0.0296,0.128,0.62,0.38,0.777;aaaaa;
aaaaaa;0.813,0.954,0.794,0.524,0.44,0.503,0.888,0.738,0.0862,0.642;aaaaaaa;
aa;0.773,0.834,0.295,0.509,0.229,0.436,0.287,0.621,0.456,0.44;aaa;
aaaaaa;0.442,0.316,0.705,0.337,0.302,0.793,0.202,0.842,0.418,0.0758;aaaaaaaaaa;
aaa;0.907,0.422,0.75,0.692,0.281,0.473,0.53,0.115,0.702,0.319;aaaaaaaa;
aaa;0.769,0.634,0.0867,0.454,0.917,0.0296,0.128,0.62,0.38,0.777;aaaaaaaa;
aaaaaa;0.813,0.954,0.794,0.524,0.44,0.503,0.888,0.738,0.0862,0.642;aa;
aa;0.773,0.834,0.295,0.509,0.229,0.436,0.287,0.621,0.456,0.44;aaaaaaa;
aaaaaa;0.442,0.316,0.705,0.337,0.302,0.793,0.202,0.842,0.418,0.0758;a;
aaa;0.907,0.422,0.75,0.692,0.281,0.473,0.53,0.115,0.702,0.319;aa;
aaa;0.769,0.634,0.0867,0.454,0.917,0.0296,0.128,0.62,0.38,0.777;aaaaaaaaa;
aaaaaa;0.813,0.954,0.794,0.524,0.44,0.503,0.888,0.738,0.0862,0.642;aaaaa;
aa;0.773,0.834,0.295,0.509,0.229,0.436,0.287,0.621,0.456,0.44;aaaaaa;
aaaaaa;0.442,0.316,0.705,0.337,0.302,0.793,0.202,0.842,0.418,0.0758;aaaaaaaaa;
aaa;0.907,0.422,0.75,0.692,0.281,0.473,0.53,0.115,0.702,0.319;aaaaaaaaaa;
aaa;0.769,0.634,0.0867,0.454,0.917,0.0296,0.128,0.62,0.38,0.777;aaaaaaa;
aaaaaa;0.813,0.954,0.794,0.524,0.44,0.503,0.888,0.738,0.0862,0.642;aaaaaaaa;
aa;0.773,0.834,0.295,0.509,0.229,0.436,0.287,0.621,0.456,0.44;a;
aaaaaa;0.442,0.316,0.705,0.337,0.302,0.793,0.202,0.842,0.418,0.0758;aaaa;
aaa;0.907,0.422,0.75,0.692,0.281,0.473,0.53,0.115,0.702,0.319;aa;
aaa;0.769,0.634,0.0867,0.454,0.917,0.0296,0.128,0.62,0.38,0.777;aaa;
aaaaaa;0.813,0.954,0.794,0.524,0.44,0.503,0.888,0.738,0.0862,0.642;aaa;
aa;0.773,0.834,0.295,0.509,0.229,0.436,0.287,0.621,0.456,0.44;aaaaa;
aaaaaa;0.442,0.316,0.705,0.337,0.302,0.793,0.202,0.842,0.418,0.0758;aaaaaa;
aaa;0.907,0.422,0.75,0.692,0.281,0.473,0.53,0.115,0.702,0.319;aaaaaaaaaa;
aaa;0.769,0.634,0.0867,0.454,0.917,0.0296,0.128,0.62,0.38,0.777;aaaaaaaaa;
aaaaaa;0.813,0.954,0.794,0.524,0.44,0.503,0.888,0.738,0.0862,0.642;aaaaaaaaa;
aa;0.773,0.834,0.295,0.509,0.229,0.436,0.287,0.621,0.456,0.44;aaa;
aaaaaa;0.442,0.316,0.705,0.337,0.302,0.793,0.202,0.842,0.418,0.0758;aaaaaaaaa;
aaa;0.907,0.422,0.75,0.692,0.281,0.473,0.53,0.115,0.702,0.319;aaaa;
aaa;0.769,0.634,0.0867,0.454,0.917,0.0296,0.128,0.62,0.38,0.777;aaaaaaaaaa;
aaaaaa;0.813,0.954,0.794,0.524,0.44,0.503,0.888,0.738,0.0862,0.642;aaaaaaa;
aa;0.773,0.834,0.295,0.509,0.229,0.436,0.287,0.621,0.456,0.44;aaaa;
aaaaaa;0.442,0.316,0.705,0.337,0.302,0.793,0.202,0.842,0.418,0.0758;aaa;
aaa;0.907,0.422,0.75,0.692,0.281,0.473,0.53,0.115,0.702,0.319;aaaaaaaa;
aaa;0.769,0.634,0.0867,0.454,0.917,0.0296,0.128,0.62,0.38,0.777;aaaaaaa;
aaaaaa;0.813,0.954,0.794,0.524,0.44,0.503,0.888,0.738,0.0862,0.642;aaaaaa;
aa;0.773,0.834,0.295,0.509,0.229,0.436,0.287,0.621,0.456,0.44;aaaa;
aaaaaa;0.442,0.316,0.705,0.337,0.302,0.793,0.202,0.842,0.418,0.0758;aaaaaaaaa;
aaa;0.907,0.422,0.75,0.692,0.281,0.473,0.53,0.115,0.702,0.319;aaaaaaaaaa;
aaa;0.769,0.634,0.0867,0.454,0.917,0.0296,0.128,0.62,0.38,0.777;aaa;
aaaaaa;0.813,0.954,0.794,0.524,0.44,0.503,0.888,0.738,0.0862,0.642;aaaa;
aa;0.773,0.834,0.295,0.509,0.229,0.436,0.287,0.621,0.456,0.44;aaa;
aaaaaa;0.442,0.316,0.705,0.337,0.302,0.793,0.202,0.842,0.418,0.0758;aaaaa;
aaa;0.907,0.422,0.75,0.692,0.281,0.473,0.53,0.115,0.702,0.319;aaaaa;
aaa;0.769,0.634,0.0867,0.454,0.917,0.0296,0.128,0.62,0.38,0.777;aaaaaa;
aaaaaa;0.813,0.954,0.794,0.524,0.44,0.503,0.888,0.738,0.0862,0.642;aaaaaaaa;
aa;0.773,0.834,0.295,0.509,0.229,0.436,0.287,0.621,0.456,0.44;aaa;
aaaaaa;0.442,0.316,0.705,0.337,0.302,0.793,0.202,0.842,0.418,0.0758;aaaa;
aaa;0.907,0.422,0.75,0.692,0.281,0.473,0.53,0.115,0.702,0.319;aaaaaa;
aaa;0.769,0.634,0.0867,0.454,0.917,0.0296,0.128,0.62,0.38,0.777;aaaaaaaaaa;
aaaaaa;0.813,0.954,0.794,0.524,0.44,0.503,0.888,0.738,0.0862,0.642;aaaaaa;
aa;0.773,0.834,0.295,0.509,0.229,0.436,0.287,0.621,0.456,0.44;aaaaaaaaa;
aaaaaa;0.442,0.316,0.705,0.337,0.302,0.793,0.202,0.842,0.418,0.0758;aaaaaaaaa;
aaa;0.907,0.422,0.75,0.692,0.281,0.473,0.53,0.115,0.702,0.319;a;
aaa;0.769,0.634,0.0867,0.454,0.917,0.0296,0.128,0.62,0.38,0.777;aaaaaaaaaa;
aaaaaa;0.813,0.954,0.794,0.524,0.44,0.503,0.888,0.738,0.0862,0.642;aaaa;
aa;0.773,0.834,0.295,0.509,0.229,0.436,0.287,0.621,0.456,0.44;aaaaa;
aaaaaa;0.442,0.316,0.705,0.337,0.302,0.793,0.202,0.842,0.418,0.0758;aaaa;
aaa;0.907,0.422,0.75,0.692,0.281,0.473,0.53,0.115,0.702,0.319;aaaa;
aaa;0.769,0.634,0.0867,0.454,0.917,0.0296,0.128,0.62,0.38,0.777;a;
aaaaaa;0.813,0.954,0.794,0.524,0.44,0.503,0.888,0.738,0.0862,0.642;aaa;
aa;0.773,0.834,0.295,0.509,0.229,0.436,0.287,0.621,0.456,0.44;aaaa;
aaaaaa;0.442,0.316,0.705,0.337,0.302,0.793,0.202,0.842,0.418,0.0758;aaaaaaaaa;
aaa;0.907,0.422,0.75,0.692,0.281,0.473,0.53,0.115,0.702,0.319;aaaaaaa;
aaa;0.769,0.634,0.0867,0.454,0.917,0.0296,0.128,0.62,0.38,0.777;aaaaaaa;
aaaaaa;0.813,0.954,0.794,0.524,0.44,0.503,0.888,0.738,0.0862,0.642;aaaaaaa;
aa;0.773,0.834,0.295,0.509,0.229,0.436,0.287,0.621,0.456,0.44;aaaaa;
aaaaaa;0.442,0.316,0.705,0.337,0.302,0.793,0.202,0.842,0.418,0.0758;aaaaa;
aaa;0.907,0.422,0.75,0.692,0.281,0.473,0.53,0.115,0.702,0.319;aaaaaaaa;
aaa;0.769,0.634,0.0867,0.454,0.917,0.0296,0.128,0.62,0.38,0.777;aaaaaaaa;
aaaaaa;0.813,0.954,0.794,0.524,0.44,0.503,0.888,0.738,0.0862,0.642;a;
aa;0.773,0.834,0.295,0.509,0.229,0.436,0.287,0.621,0.456,0.44;aaaa;
aaaaaa;0.442,0.316,0.705,0.337,0.302,0.793,0.202,0.842,0.418,0.0758;a;
aaa;0.907,0.422,0.75,0.692,0.281,0.473,0.53,0.115,0.702,0.319;a;
aaa;0.769,0.634,0.0867,0.454,0.917,0.0296,0.128,0.62,0.38,0.777;aaaaaaaaaa;
aaaaaa;0.813,0.954,0.794,0.524,0.44,0.503,0.888,0.738,0.0862,0.642;aaa;
aa;0.773,0.834,0.295,0.509,0.229,0.436,0.287,0.621,0.456,0.44;a;
aaaaaa;0.442,0.316,0.705,0.337,0.302,0.793,0.202,0.842,0.418,0.0758;aaaaaaaa;
