ATT0(string,10);ATT1(float,10);ATT2(string,10);
aaaaaaaa;0.491,0.262,0.198,0.33,0.762,0.0445,0.822,0.913,0.833,0.814;aaaaaaaaa;
aaaaa;0.42,0.0992,0.95,0.935,0.0905,0.9,0.252,0.236,0.0643,0.688;aaaaaaa;
aaaa;0.358,0.567,0.919,0.681,0.899,0.495,0.396,0.625,0.379,0.341;aaaaaa;
aaaaaaaa;0.91,0.627,0.396,0.0504,0.705,0.404,0.296,0.0969,0.73,0.373;aaaaaaaaaa;
aa;0.368,0.0233,0.825,0.06,0.412,0.718,0.571,0.336,0.0316,0.238;a;
aaaaaaaaaa;0.409,0.731,0.532,0.337,0.869,0.597,0.275,0.252,0.203,0.0492;aa;
aaaaaaa;0.472,0.494,0.85,0.891,0.227,0.115,0.605,0.263,0.267,0.588;aaaa;
aaaaaaaaa;0.108,0.947,0.0167,0.245,0.622,0.954,0.0459,0.751,0.157,0.885;a;
aaaaaaaaa;0.246,0.083,0.352,0.271,0.497,0.819,0.112,0.0139,0.735,0.0037;aaaaa;
aaaaaaaaa;0.686,0.247,0.131,0.483,0.403,0.107,0.66,0.525,0.498,0.295;a;
aaaaaa;0.658,0.71,0.11,0.792,0.487,0.00426,0.373,0.659,0.769,0.973;aaaaaaaaa;
aaa;0.0466,0.468,0.331,0.589,0.412,0.698,0.584,0.423,0.532,0.896;aaa;
aaaaaaaaa;0.415,0.731,0.735,0.751,0.656,0.213,0.806,0.438,0.104,0.0241;aaaaaaaa;
aaaaaaaaa;0.552,0.294,0.336,0.843,0.995,0.625,0.259,0.67,0.849,0.817;aaaaaaaaaa;
aaaa;0.801,0.451,0.806,0.596,0.858,0.458,0.413,0.578,0.915,0.359;aaaaaaaa;
aaaaaaaaaa;0.268,0.443,0.859,0.835,0.0891,0.857,0.924,0.246,0.00111,0.208;aaaaaaaaaa;
a;0.305,0.83,0.742,0.843,0.325,0.983,0.271,0.432,0.533,0.489;aaaaaaaa;
aaaaaaaaaa;0.778,0.112,0.28,0.242,0.273,0.571,0.248,0.263,0.785,0.806;aaaaaaaaaa;
aaaaaaaa;0.816,0.233,0.627,0.799,0.0898,0.771,0.998,0.461,0.851,0.766;aaaaaaa;
aaaaaaaaa;0.687,0.106,0.0491,0.281,0.694,0.562,0.969,0.934,0.531,0.362;aaaa;
aaaaaa;0.673,0.834,0.576,0.368,0.551,0.936,0.294,0.0745,0.519,0.834;aa;
aaaaaaaaaa;0.668,0.0203,0.57,0.446,0.286,0.8,0.983,0.367,0.553,0.295;aaaaaaa;
aaaaaaaa;0.56,0.852,0.891,0.364,0.0978,0.949,0.547,0.267,0.641,0.503;aaaaa;
aaaaaaaa;0.368,0.713,0.799,0.782,0.673,0.541,0.667,0.626,0.466,0.682;a;
aaaaaa;0.846,0.956,0.453,0.228,0.157,0.957,0.981,0.472,0.252,0.587;aaaaaaaa;
aa;0.184,0.412,0.938,0.907,0.672,0.0682,0.9,0.239,0.128,0.367;aaaa;
aaaa;0.943,0.0358,0.757,0.397,0.941,0.68,0.816,0.494,0.671,0.935;a;
aaaaa;0.375,0.4,0.455,0.215,0.0106,0.31,0.377,0.895,0.824,0.367;aa;
aaaaaaaaaa;0.632,0.0774,0.588,0.876,0.637,0.13,0.979,0.525,0.623,0.119;aaaa;
aaaaaaaa;0.602,0.0289,0.573,0.527,0.646,0.0918,0.857,0.971,0.663,0.0137;a;
aaaaaaa;0.0296,0.658,0.744,0.895,0.643,0.101,0.562,0.37,0.629,0.912;aaaaa;
aaaaaaaaa;0.776,0.0749,0.905,0.526,0.911,0.879,0.659,0.473,0.213,0.393;aaaaa;
aaaaaaaaaa;0.572,0.982,0.87,0.0554,0.671,0.503,0.282,0.767,0.342,0.698;a;
aaaaaaaa;0.307,0.533,0.745,0.91,0.478,0.1,0.687,0.00749,0.927,0.369;aaa;
aaaa;0.709,0.284,0.401,0.241,0.813,0.197,0.395,0.172,0.0196,0.225;aaaaaaaa;
aaaaaaaaa;0.864,0.901,0.258,0.58,0.32,0.329,0.548,0.0161,0.117,0.594;aaaaa;
aaaa;0.808,0.671,0.677,0.612,0.657,0.0526,0.508,0.504,0.421,0.301;aaaaaa;
aa;0.267,0.93,0.027,0.834,0.00512,0.661,0.00541,0.208,0.505,0.29;aaaa;
aaaaaaaaaa;0.998,0.614,0.111,0.896,0.0274,0.554,0.000727,0.294,0.895,0.646;aaa;
aaaa;0.18,0.457,0.775,0.691,0.8,0.692,0.925,0.535,0.834,0.299;aaa;
a;0.346,0.458,0.764,0.242,0.438,0.979,0.433,0.763,0.638,0.427;aa;
a;0.996,0.956,0.166,0.272,0.436,0.431,0.748,0.146,0.496,0.181;aaaaa;
a;0.0188,0.185,0.902,0.217,0.219,0.229,0.241,0.948,0.349,0.0291;aaaaaaaa;
aaaaaaaa;0.735,0.479,0.0881,0.288,0.391,0.343,0.968,0.431,0.804,0.215;aaaaaaaaaa;
aaaaa;0.346,0.0965,0.812,0.177,0.523,0.86,0.785,0.455,0.679,0.266;aaaa;
aaaaaa;0.483,0.0858,0.601,0.731,0.193,0.21,0.826,0.771,0.0821,0.228;aaaa;
aaaaaaaaaa;0.661,0.177,0.164,0.778,0.00742,0.596,0.77,0.284,0.683,0.294;aaaaaaaaa;
aaaaaaaaa;0.662,0.867,0.439,0.13,0.17,0.0549,0.204,0.394,0.771,0.372;aaaa;
aaaaaaa;0.366,0.877,0.784,0.398,0.691,0.94,0.00807,0.52,0.521,0.0826;aaaaaaa;
aaaaaaaa;0.138,0.416,0.435,0.118,0.88,0.992,0.859,0.84,0.0707,0.768;aaaaaa;
a;0.459,0.523,0.213,0.4,0.357,0.669,0.335,0.32,0.0222,0.949;aaaaaa;
aaaaaaaa;0.783,0.861,0.649,0.741,0.435,0.511,0.536,0.28,0.634,0.825;aaaaaa;
aaaaaaa;0.121,0.524,0.945,0.819,0.786,0.0431,0.715,0.0319,0.339,0.16;aaa;
a;0.176,0.846,0.826,0.292,0.156,0.37,0.503,0.0735,0.829,0.743;aaaaaaaaa;
aaaaa;0.132,0.341,0.164,0.219,0.752,0.24,0.783,0.498,0.158,0.304;aaaaaaaa;
aaaaaa;0.0146,0.912,0.285,0.602,0.661,0.466,0.968,0.124,0.534,0.293;aaaaaaaa;
aaaaaaaaa;0.628,0.0812,0.496,0.393,0.0834,0.659,0.439,0.229,0.96,0.0335;a;
aaa;0.275,0.967,0.2,0.519,0.152,0.684,0.955,0.909,0.832,0.286;aaaaaaa;
aaaaaaaaa;0.214,0.181,0.222,0.354,0.851,0.321,0.699,0.184,0.717,0.552;aaaaaaa;
aaaaa;0.299,0.772,0.615,0.939,0.671,0.191,0.242,0.248,0.906,0.264;aaaaa;
aaaaaaaaaa;0.302,0.236,0.795,0.0718,0.891,0.118,0.00212,0.557,0.812,0.646;aaaaaaaaa;
aaaaaaaaaa;0.713,0.293,0.174,0.336,0.425,0.987,0.0979,0.628,0.722,0.957;a;
aaaaaa;0.279,0.764,0.214,0.616,0.238,0.423,0.636,0.487,0.174,0.00144;aaaa;
aa;0.947,0.627,0.0757,0.15,0.111,0.726,0.317,0.426,0.939,0.401;aaaaaaa;
a;0.877,0.118,0.187,0.686,0.053,0.0243,0.361,0.394,0.792,0.806;aa;
aaaaaaaa;0.72,0.506,0.397,0.47,0.491,0.958,0.139,0.229,0.628,0.858;aaaaaa;
aaaaaaa;0.779,0.502,0.795,0.0591,0.362,0.798,0.279,0.33,0.54,0.271;aaa;
a;0.799,0.231,0.42,0.644,0.372,0.365,0.972,0.894,0.961,0.138;aaaaa;
aaaaaaa;0.279,0.0724,0.796,0.552,0.991,0.641,0.546,0.939,0.259,0.189;aaaaaaaa;
aaaaaaa;0.159,0.352,0.322,0.838,0.51,0.311,0.736,0.967,0.255,0.955;aaaaaaaaaa;
aaaaa;0.362,0.0392,0.67,0.882,0.233,0.899,0.418,0.253,0.472,0.524;aaaaaaaa;
aaaaa;0.14,0.422,0.166,0.372,0.425,0.00819,0.561,0.257,0.304,0.807;aaaa;
aaaaaa;0.512,0.764,0.593,0.452,0.267,0.0878,0.836,0.246,0.422,0.279;aaaaaa;
aaa;0.238,0.777,0.853,0.507,0.423,0.967,0.219,0.342,0.916,0.92;aaaaaaaaaa;
a;0.482,0.686,0.747,0.987,0.807,0.164,0.98,0.286,0.679,0.677;aaaa;
aaaaaaaa;0.708,0.946,0.477,0.924,0.587,0.9,0.915,0.447,0.977,0.791;a;
aaaaaaaaa;0.229,0.499,0.112,0.767,0.315,0.382,0.545,0.916,0.899,0.234;aaa;
aaaaa;0.589,0.0688,0.529,0.425,0.462,0.39,0.869,0.502,0.224,0.394;aaaa;
aaaaaaaa;0.436,0.0412,0.2,0.813,0.445,0.633,0.237,0.789,0.766,0.558;aaaaaa;
aaaaaaaaa;0.768,0.89,0.109,0.558,0.517,0.576,0.469,0.782,0.463,0.994;aaa;
aaaaaaaa;0.435,0.545,0.647,0.135,0.962,0.549,0.0839,0.289,0.458,0.408;aaaa;
aaaaaaaaaa;0.252,0.164,0.741,0.272,0.461,0.58,0.0802,0.992,0.287,0.589;aaaaaaaaaa;
aaaa;0.866,0.319,0.167,0.839,0.0588,0.766,0.511,0.881,0.419,0.153;aaaaaaaa;
aaaaaaaaa;0.246,0.92,0.558,0.346,0.632,0.731,0.903,0.789,0.643,0.276;aaaaaaaaaa;
aaaaaa;0.411,0.987,0.507,0.0723,0.336,0.894,0.758,0.577,0.78,0.696;aaaaaa;
a;0.304,0.919,0.529,0.345,0.0667,0.372,0.748,0.262,0.163,0.922;aa;
aaaaaaa;0.386,0.0889,0.0429,0.671,0.4,0.261,0.764,0.945,0.211,0.771;a;
aaaaa;0.31,0.0689,0.0618,0.174,0.607,0.918,0.552,0.197,0.877,0.218;aaaaaaa;
aaaaaaaa;0.586,0.499,0.947,0.0766,0.793,0.572,0.468,0.83,0.758,0.734;aaaaaaa;
aaaa;0.568,0.274,0.814,0.683,0.678,0.859,0.894,0.447,0.113,0.00339;aaaaaaa;
aaaaaaaa;0.449,0.678,0.186,0.958,0.194,0.3,0.732,0.0303,0.0986,0.475;a;
aaaaaa;0.899,0.936,0.564,0.76,0.352,0.0169,0.0513,0.301,0.0735,0.561;aaaaaaaaaa;
aaaaaa;0.865,0.0318,0.802,0.851,0.28,0.292,0.824,0.911,0.212,0.944;aaaaaaaa;
aa;0.297,0.319,0.847,0.811,0.605,0.144,0.601,0.0884,0.884,0.972;aaaaa;
aaaaaaa;0.171,0.774,0.716,0.805,0.715,0.0844,0.189,0.697,0.7,0.133;aaaaaaaaaa;
aaaaaaaa;0.489,0.254,0.782,0.968,0.977,0.383,0.377,0.228,0.75,0.535;aaaaaaaaa;
aaaaaaa;0.19,0.904,0.806,0.981,0.468,0.583,0.306,0.697,0.396,0.576;aaaaa;
aaaaaaaaa;0.332,0.508,0.147,0.788,0.139,0.695,0.305,0.361,0.185,0.855;aaaa;
aaaaaaa;0.283,0.853,0.814,0.871,0.306,0.41,0.447,0.151,0.364,0.486;aaaaa;
aaaaaaaaa;0.014,0.275,0.492,0.785,0.734,0.0138,0.981,0.28,0.219,0.649;aaaaa;
a;0.868,0.287,0.429,0.965,0.909,0.821,0.731,0.626,0.331,0.895;a;
aaaa;0.754,0.393,0.445,0.643,0.308,0.314,0.405,0.648,0.496,0.595;aaa;
aaa;0.204,0.0376,0.635,0.264,0.0283,0.00601,0.734,0.315,0.211,0.535;aa;
aaaaaaaaa;0.873,0.141,0.652,0.0882,0.599,0.546,0.96,0.875,0.732,0.372;aaaaaaaaa;
aaaaaaaa;0.816,0.306,0.23,0.158,0.294,0.378,0.759,0.297,0.77,0.729;aaaaaaaaa;
aaaaaaaaa;0.000919,0.177,0.0843,0.0755,0.596,0.787,0.777,0.0182,0.786,0.644;aaaaaaaa;
aaaa;0.636,0.806,0.0555,0.644,0.874,0.432,0.805,0.141,0.652,0.448;aaaaaa;
aaaaaaa;0.113,0.301,0.0638,0.785,0.0788,0.169,0.307,0.694,0.906,0.671;aaaaaaa;
aaa;0.395,0.405,0.982,0.0212,0.743,0.639,0.436,0.607,0.0592,0.723;aaaaaaaa;
aaaa;0.952,0.546,0.0115,0.181,0.533,0.114,0.188,0.323,0.652,0.659;aaa;
aaaaaaa;0.436,0.579,0.989,0.579,0.333,0.963,0.704,0.59,0.705,0.909;aaaaaaaaaa;
aaaa;0.618,0.977,0.553,0.834,0.568,0.168,0.397,0.926,0.362,0.168;aaaaaaaa;
aaaaaaa;0.45,0.734,0.412,0.723,0.489,0.328,0.404,0.234,0.894,0.0517;aaaaa;
aaaaaaaaaa;0.605,0.967,0.384,0.949,0.963,0.724,0.98,0.475,0.789,0.415;aaaaaaa;
aaaaaaa;0.573,0.142,0.69,0.0937,0.747,0.346,0.837,0.709,0.404,0.707;aaa;
aaaaaaaaa;0.793,0.645,0.223,0.2,0.526,0.427,0.0759,0.418,0.0671,0.111;aaaaaaaaa;
aa;0.278,0.695,0.905,0.249,0.364,0.262,0.498,0.193,0.0897,0.414;aaaaaa;
aaaaaaaa;0.501,0.244,0.358,0.866,0.523,0.756,0.444,0.235,0.311,0.737;aaaaaaaaa;
aaaa;0.53,0.156,0.401,0.669,0.593,0.506,0.973,0.0772,0.809,0.607;aaaaaaaa;
aaaaaaaaa;0.314,0.868,0.847,0.331,0.106,0.872,0.432,0.907,0.998,0.429;aaaaaa;
aaaa;0.264,0.999,0.32,0.911,0.474,0.956,0.677,0.283,0.253,0.0787;aa;
a;0.694,0.218,0.611,0.915,0.791,0.532,0.371,0.919,0.251,0.763;aaaa;
a;0.231,0.172,0.38,0.556,0.852,0.452,0.722,0.871,0.392,0.152;aa;
aaa;0.945,0.0492,0.486,0.886,0.113,0.916,0.781,0.721,0.208,0.91;aaaaaaaa;
a;0.553,0.335,0.22,0.148,0.223,0.0426,0.417,0.389,0.633,0.864;aaaaaaa;
aaaaaaaaa;0.0471,0.945,0.0101,0.92,0.274,0.848,0.109,0.344,0.71,0.313;a;
aaaaaaaa;0.0157,0.902,0.243,0.243,0.431,0.0734,0.808,0.642,0.416,0.0516;a;
a;0.643,0.918,0.0685,0.756,0.872,0.117,0.986,0.998,0.396,0.37;aaa;
a;0.25,0.875,0.343,0.438,0.114,0.96,0.435,0.585,0.626,0.631;aaaaaaaa;
a;0.852,0.621,0.664,0.49,0.942,0.614,0.375,0.363,0.218,0.13;aaaaaaa;
aaaaaaaaaa;0.233,0.0438,0.699,0.302,0.695,0.0571,0.0277,0.822,0.808,0.614;a;
aaaaaaaaaa;0.487,0.2,0.908,0.537,0.651,0.505,0.103,0.695,0.672,0.501;a;
aaaaaaaaa;0.174,0.729,0.353,0.235,0.394,0.978,0.746,0.105,0.271,0.42;aaaa;
aaaaaaaa;0.244,0.558,0.241,0.667,0.699,0.367,0.119,0.155,0.873,0.56;aaaaaaaaa;
aaa;0.966,0.839,0.132,0.685,0.213,0.719,0.6,0.631,0.535,0.839;aaaa;
aaaaaaa;0.793,0.352,0.0153,0.868,0.981,0.83,0.3,0.577,0.977,0.616;aaaa;
aaaaaaaa;0.672,0.933,0.832,0.913,0.671,0.643,0.149,0.229,0.273,0.0122;aaaa;
aaaaaaaa;0.741,0.593,0.748,0.221,0.269,0.136,0.556,0.294,0.115,0.449;aaaaaaa;
aaaa;0.253,0.613,0.203,0.864,0.336,0.73,0.859,0.575,0.656,0.665;aaa;
aaaa;0.479,0.613,0.559,0.768,0.037,0.972,0.827,0.494,0.798,0.265;a;
aaaaaaaaa;0.324,0.653,0.851,0.483,0.258,0.733,0.598,0.56,0.382,0.214;aaaaaaaa;
aaaaaaaaa;0.621,0.245,0.0196,0.766,0.741,0.502,0.119,0.591,0.521,0.046;aaaaa;
aaaaaaaa;0.0989,0.193,0.152,0.832,0.206,0.827,0.789,0.734,0.96,0.441;aaaaaaaa;
aaaaaa;0.158,0.311,0.734,0.0279,0.88,0.107,0.979,0.821,0.699,0.868;aaaaaaaaaa;
aaaaaaaa;0.676,0.289,0.729,0.986,0.00402,0.651,0.547,0.481,0.09,0.19;aa;
aaaaaaaa;0.0574,0.0811,0.56,0.976,0.901,0.925,0.0641,0.107,0.843,0.704;aaaaa;
aaaaaa;0.0802,0.712,0.624,0.605,0.0819,0.27,0.195,0.797,0.781,0.801;aaa;
aaa;0.423,0.149,0.424,0.547,0.335,0.0445,0.194,0.973,0.565,0.849;aaaaaaa;
aaaa;0.529,0.917,0.769,0.687,0.516,0.513,0.69,0.327,0.214,0.204;aaa;
aaaaa;0.152,0.776,0.542,0.853,0.924,0.143,0.0684,0.636,0.554,0.152;aaaaaaaa;
aaaaaaaaaa;0.877,0.13,0.303,0.696,0.223,0.313,0.334,0.00982,0.06,0.738;aaa;
aaaaaaaa;0.116,0.759,0.207,0.907,0.355,0.402,0.908,0.561,0.871,0.874;aaaaaaaaaa;
aaaaaaaa;0.0826,0.709,0.42,0.759,0.151,0.781,0.188,0.124,0.192,0.459;aaa;
aaaa;0.946,0.69,0.909,0.177,0.151,0.539,0.399,0.779,0.791,0.831;aaaaaaaaaa;
aaa;0.272,0.839,0.0383,0.447,0.245,0.933,0.147,0.708,0.805,0.875;aaaa;
aaaa;0.598,0.452,0.429,0.3,0.427,0.314,0.26,0.961,0.174,0.853;aa;
aaaaaaa;0.649,0.698,0.902,0.774,0.274,0.347,0.955,0.82,0.471,0.279;aaaaaaaa;
aaaaaaaa;0.809,0.814,0.74,0.616,0.622,0.382,0.415,0.576,0.54,0.624;aaaaaaa;
aa;0.0827,0.912,0.781,0.308,0.82,0.53,0.957,0.477,0.0585,0.441;aaaaa;
aaaaaaaaaa;0.363,0.351,0.121,0.488,0.306,0.715,0.342,0.777,0.709,0.878;aaaaaaaaa;
aaaaa;0.372,0.393,0.787,0.343,0.00685,0.896,0.191,0.724,0.201,0.117;aaaaaaaaaa;
aaaaaaaa;0.16,0.598,0.363,0.367,0.484,0.257,0.791,0.226,0.105,0.995;aaaaa;
aaa;0.0799,0.269,0.63,0.924,0.308,0.2,0.555,0.296,0.598,0.514;aaaaaaaaa;
a;0.0417,0.426,0.375,0.644,0.894,0.195,0.767,0.338,0.808,0.459;aaaaaaaa;
aaaaa;0.667,0.143,0.426,0.762,0.884,0.234,0.528,0.445,0.38,0.227;aaaa;
aaaa;0.502,0.586,0.457,0.229,0.383,0.388,0.515,0.463,0.84,0.252;aaaaaaa;
aaaaaaa;0.698,0.753,0.333,0.176,0.782,0.672,0.501,0.196,0.351,0.617;aaaaaa;
aaaaaaaaaa;0.482,0.118,0.0961,0.489,0.864,0.423,0.0928,0.749,0.355,0.774;aaaaaaa;
aaaaaaa;0.986,0.48,0.248,0.0878,0.808,0.0554,0.971,0.226,0.609,0.0929;aaaaaaa;
aa;0.975,0.55,0.29,0.711,0.996,0.142,0.409,0.511,0.917,0.127;aaaa;
aaa;0.0355,0.0439,0.0135,0.998,0.905,0.552,0.868,0.966,0.226,0.168;a;
aaaaaaa;0.931,0.099,0.982,0.783,0.359,0.604,0.51,0.282,0.678,0.838;aaaaa;
aaaaaaaa;0.575,0.195,0.833,0.626,0.681,0.112,0.648,0.115,0.235,0.708;aaaaa;
a;0.221,0.96,0.916,0.842,0.892,0.428,0.407,0.704,0.28,0.586;aaaaaaaaaa;
aaaaaaaaaa;0.987,0.702,0.769,0.495,0.245,0.952,0.171,0.4,0.0374,0.732;aa;
aaaaaa;0.0255,0.745,0.748,0.769,0.428,0.596,0.505,0.625,0.245,0.341;aaaaaaa;
aaaaa;0.568,0.603,0.278,0.659,0.532,0.878,0.431,0.0851,0.747,0.322;aaaaaaaa;
aaaaaaaaaa;0.955,0.00576,0.677,0.855,0.34,0.405,0.709,0.56,0.758,0.439;aaaaaaaaaa;
aaaaaaaaa;0.666,0.735,0.295,0.064,0.0637,0.722,0.982,0.497,0.533,0.0262;aaaa;
aaaaaaa;0.759,0.534,0.456,0.37,0.502,0.866,0.961,0.78,0.546,0.523;a;
aaaaaa;0.936,0.525,0.458,0.253,0.449,0.574,0.4,0.707,0.688,0.0503;a;
aa;0.295,0.8,0.526,0.455,0.348,0.337,0.124,0.589,0.247,0.0471;aaaa;
aa;0.4,0.465,0.416,0.692,0.383,0.154,0.347,0.731,0.248,0.148;aaaaaa;
aaaa;0.664,0.602,0.148,0.612,0.103,0.982,0.0484,0.916,0.254,0.997;aaaa;
aaaaaaaaa;0.96,0.999,0.944,0.017,0.77,0.497,0.277,0.946,0.674,0.369;aaaaaa;
aa;0.626,0.633,0.0906,0.167,0.71,0.531,0.423,0.152,0.1,0.518;aaaaaaaa;
aaaaaa;0.769,0.265,0.764,4.18e-05,0.566,0.951,0.36,0.464,0.549,0.319;a;
aaaa;0.134,0.209,0.74,0.907,0.021,0.349,0.665,0.595,0.338,0.5;aaa;
aaaaa;0.177,0.391,0.381,0.291,0.321,0.837,0.855,0.182,0.309,0.703;aaaaa;
aaaaaaaaa;0.699,0.647,0.772,0.471,0.548,0.427,0.961,0.106,0.0115,0.715;aaaaaaaaa;
aaaaaaaaa;0.378,0.913,0.694,0.92,0.658,0.127,0.316,0.472,0.313,0.857;aaaaa;
aa;0.968,0.748,0.631,0.985,0.702,0.244,0.983,0.991,0.558,0.357;aaaaaaaaaa;
aaaaaaaaa;0.535,0.0745,0.147,0.128,0.0196,0.805,0.222,0.0829,0.301,0.67;aaaaaaaaaa;
aaaaaaaaaa;0.797,0.0847,0.15,0.123,0.355,0.26,0.674,0.774,0.786,0.346;aaaaaa;
aaaaaa;0.108,0.437,0.698,0.174,0.959,0.0583,0.2,0.968,0.56,0.148;aaa;
aaaaaa;0.634,0.945,0.581,0.874,0.181,0.196,0.089,0.538,0.141,0.351;aaaaaaaaa;
aaaaa;0.911,0.19,0.928,0.808,0.0556,0.631,0.226,0.71,0.643,0.264;aaaaaaaaaa;
a;0.2,0.0419,0.39,0.735,0.898,0.737,0.852,0.0465,0.149,0.0632;aaaa;
aaaaaaa;0.329,0.0198,0.114,0.806,0.986,0.79,0.185,0.55,0.432,0.0819;aaaaaa;
aaaa;0.448,0.674,0.661,0.801,0.719,0.688,0.75,0.822,0.29,0.391;aaaaaa;
aaaaaa;0.974,0.907,0.679,0.263,0.983,0.994,0.52,0.0155,0.186,0.262;aaaaaa;
aaaaaaaaaa;0.0864,0.0588,0.914,0.776,0.00259,0.677,0.873,0.163,0.564,0.231;aaa;
aaaaaaa;0.955,0.404,0.866,0.693,0.39,0.761,0.0786,0.189,0.441,0.341;aaaaaaaaaa;
aaa;0.782,0.975,0.367,0.0198,0.789,0.89,0.206,0.229,0.0919,0.849;a;
aaaaa;0.428,0.673,0.173,0.259,0.582,0.0527,0.257,0.221,0.713,0.723;aaaaaaaaaa;
aaaaaaa;0.245,0.897,0.593,0.199,0.807,0.161,0.231,0.564,0.364,0.875;aaaa;
aaaaa;0.895,0.324,0.951,0.912,0.108,0.559,0.0833,0.963,0.838,0.444;aaaaa;
aaaaaaa;0.952,0.772,0.163,0.97,0.45,0.991,0.99,0.41,0.325,0.0968;aaaaa;
aaaaaa;0.195,0.573,0.955,0.203,0.0825,0.0794,0.307,0.304,0.642,0.0231;a;
a;0.802,0.324,0.744,0.73,0.599,0.592,0.39,0.812,0.508,0.0269;aaaaaaaaaa;
aaa;0.62,0.272,0.191,0.927,0.855,0.537,0.897,0.452,0.508,0.735;a;
aaaaa;0.037,0.33,0.309,0.389,0.62,0.917,0.0205,0.524,0.00694,0.431;aaaaaaaa;
aa;0.578,0.0718,0.567,0.791,0.693,0.903,0.0767,0.0101,0.598,0.999;aaaaaaa;
aaaaaa;0.202,0.192,0.913,0.512,0.0327,0.379,0.302,0.181,0.25,0.491;aaaaaaaaaa;
aaa;0.196,0.685,0.00474,0.867,0.443,0.518,0.431,0.634,0.445,0.0139;aaaaa;
aaaaaa;0.0877,0.778,0.746,0.384,0.968,0.362,0.162,0.728,0.0411,0.64;aaaaaa;
aaaaaa;0.838,0.0223,0.53,0.49,0.417,0.735,0.708,0.0169,0.115,0.546;aa;
aa;0.691,0.889,0.734,0.812,0.976,0.0994,0.524,0.866,0.654,0.976;aaaaa;
aaaaaa;0.923,0.956,0.329,0.338,0.531,0.292,0.451,0.907,0.506,0.0752;aa;
aaa;0.349,0.0419,0.773,0.871,0.4,0.961,0.957,0.374,0.58,0.563;aaaaaaaaa;
aaaa;0.399,0.446,0.791,0.862,0.379,0.177,0.446,0.818,0.0718,0.953;aaaa;
aaaaaaaa;0.484,0.3,0.146,0.269,0.994,0.885,0.0498,0.745,0.796,0.288;aaaaaaa;
aaaa;0.612,0.412,0.459,0.717,0.767,0.883,0.581,0.774,0.902,0.391;aaaaaaaaaa;
aaa;0.46,0.739,0.142,0.37,0.735,0.371,0.886,0.807,0.351,0.366;aaaaaa;
aaa;0.318,0.728,0.0986,0.687,0.234,0.312,0.27,0.508,0.945,0.984;aaaaaaaa;
aaa;0.283,0.948,0.968,0.972,0.149,0.604,0.729,0.44,0.0873,0.304;a;
aaaaaaa;0.36,0.242,0.141,0.664,0.579,0.391,0.976,0.403,0.818,0.347;aaaaaaaaa;
aaaaaaaaaa;0.204,0.103,0.264,0.259,0.692,0.901,0.76,0.252,0.512,0.359;aaaaa;
aaaa;0.303,0.322,0.375,0.978,0.459,0.378,0.676,0.196,0.205,0.61;aaaaaa;
a;0.834,0.678,0.716,0.0716,0.315,0.709,0.9,0.141,0.229,0.98;aaaaa;
aaaa;0.594,0.238,0.785,0.281,0.743,0.347,0.576,0.747,0.469,0.439;aaaaa;
aaaaaaaaaa;0.781,0.923,0.451,0.313,0.356,0.442,0.499,0.765,0.309,0.916;aaaaaaaaaa;
aaaaaaa;0.31,0.188,0.777,0.489,0.233,0.16,0.925,0.169,0.36,0.717;aaaaaaaaaa;
aaaaaaaaaa;0.0404,0.178,0.0854,0.33,0.631,0.888,0.628,0.772,0.599,0.741;aaaaaaaaaa;
aaaaa;0.361,0.0421,0.821,0.95,0.236,0.938,0.861,0.161,0.18,0.174;a;
aaaaaaaaa;0.954,0.3,0.595,0.764,0.693,0.508,0.281,0.563,0.865,0.52;aaaaaaa;
aaa;0.852,0.459,0.334,0.497,0.405,0.284,0.431,0.437,0.403,0.88;aaaaaa;
aaa;0.813,0.332,0.692,0.919,0.352,0.00227,0.624,0.0814,0.0896,0.237;aaaaaaaaa;
aaa;0.212,0.834,0.443,0.639,0.131,0.788,0.557,0.0561,0.604,0.477;aaaaa;
aaa;0.551,0.012,0.184,0.551,0.24,0.16,0.573,0.35,0.541,0.175;aaaaaaaa;
aa;0.348,0.48,0.25,0.91,0.528,0.869,0.634,0.961,0.919,0.926;aaaaaaaa;
aaaaaaaaaa;0.145,0.187,0.912,0.624,0.963,0.539,0.7,0.0231,0.812,0.485;a;
aaaaaaaaaa;0.035,0.903,0.768,0.666,0.808,0.151,0.739,0.483,0.583,0.987;aaaaa;
aaaaa;0.325,0.364,0.338,0.99,0.961,0.15,0.0775,0.846,0.731,0.994;aaa;
a;0.273,0.16,0.107,0.636,0.689,0.822,0.456,0.151,0.647,0.188;a;
aaaaaaaa;0.17,0.25,0.334,0.259,0.999,0.701,0.705,0.345,0.0998,0.722;aaa;
aa;0.557,0.0626,0.12,0.4,0.733,0.964,0.681,0.0683,0.665,0.875;aaaaaaaaa;
aaaaaaaa;0.785,0.908,0.5,0.0723,0.279,0.754,0.307,0.0346,0.425,0.773;aa;
aaaaaaaaaa;0.583,0.635,0.773,0.298,0.86,0.929,0.331,0.744,0.445,0.365;a;
aaaaaaaaaa;0.326,0.865,0.0398,0.373,0.375,0.00245,0.695,0.103,0.417,0.472;aaaaaaa;
aaaaaaaaaa;0.173,0.629,0.44,0.503,0.153,0.543,0.779,0.461,0.913,0.193;a;
aaaaaaaaaa;0.259,0.618,0.668,0.452,0.868,0.778,0.571,0.681,0.0208,0.612;aaaaaaa;
aaaaaaaa;0.438,0.0973,0.967,0.852,0.379,0.378,0.877,0.752,0.309,0.364;aaa;
aaa;0.502,0.639,0.915,0.654,0.843,0.262,0.184,0.595,0.479,0.864;aaaaaaaaaa;
a;0.386,0.311,0.0813,0.0101,0.574,0.273,0.454,0.594,0.688,0.129;aa;
aaaa;0.551,0.728,0.878,0.418,0.234,0.993,0.346,0.742,0.333,0.286;aaaaaaaaa;
aaaaa;0.617,0.196,0.672,0.569,0.0722,0.344,0.214,0.269,0.215,0.305;aaaaa;
aaa;0.216,0.844,0.612,0.946,0.805,0.557,0.701,0.58,0.705,0.219;aaaaaaa;
aaaaa;0.86,0.172,0.447,0.144,0.907,0.623,0.0714,0.00433,0.241,0.842;aaaaaaaaaa;
aaaaa;0.429,0.598,0.923,0.916,0.915,0.337,0.175,0.161,0.746,0.866;a;
aaaaaaaaaa;0.274,0.956,0.946,0.471,0.97,0.0824,0.686,0.199,0.808,0.517;aa;
aaaaa;0.177,0.786,0.0597,0.962,0.745,0.0266,0.394,0.22,0.643,0.901;aa;
aaaaaaaaa;0.256,0.322,0.722,0.978,0.927,0.867,0.625,0.128,0.363,0.124;aaaaaaa;
aaaaa;0.85,0.844,0.132,0.838,0.684,0.131,0.451,0.337,0.624,0.146;aaaaaa;
aaaa;0.624,0.85,0.404,0.59,0.398,0.6,0.607,0.695,0.231,0.957;aaaa;
aaaaaaaaaa;0.545,0.72,0.902,0.107,0.189,0.494,0.0735,0.634,0.693,0.365;aa;
aaaaaaaa;0.738,0.824,0.905,0.352,0.618,0.95,0.404,0.181,0.74,0.212;aaaaa;
aaaaaaaaaa;0.553,0.877,0.798,0.37,0.00272,0.191,0.64,0.313,0.103,0.689;aaaaaa;
aaaaa;0.298,0.871,0.416,0.343,0.213,0.496,0.51,0.952,0.988,0.335;aaaa;
aa;0.224,0.176,0.0411,0.471,0.3,0.04,0.0155,0.256,0.75,0.993;a;
aaaaa;0.291,0.00239,0.614,0.725,0.999,0.441,0.0888,0.278,0.641,0.247;aaaaaaaa;
aaaaaaaaa;0.616,0.231,0.251,0.826,0.861,0.937,0.564,0.0364,0.107,0.671;aaaaaaaa;
aaaaaaaaaa;0.872,0.251,0.175,0.193,0.385,0.596,0.525,0.423,0.436,0.103;aaaaaaaa;
aaaa;0.418,0.101,0.851,0.805,0.514,0.825,0.346,0.839,0.881,0.869;aaaaaa;
aaa;0.43,0.388,0.782,0.763,0.549,0.915,0.499,0.933,0.624,0.571;aaaa;
aaa;0.27,0.997,0.545,0.749,0.699,0.625,0.807,0.389,0.546,0.65;aaaaa;
a;0.941,0.95,0.61,0.373,0.613,0.612,0.88,0.544,0.658,0.885;a;
aaaaaaaaaa;0.405,0.0025,0.0402,0.121,0.894,0.383,0.415,0.113,0.281,0.969;aa;
aaaa;0.0886,0.0919,0.679,0.603,0.00108,0.689,0.549,0.988,0.822,0.677;aaaaaaaaa;
aaa;0.191,0.106,0.684,0.153,0.274,0.856,0.309,0.358,0.898,0.496;aaaa;
aaaaaaaa;0.957,0.511,0.745,0.169,0.943,0.918,0.119,0.079,0.746,0.13;aaaa;
aaaa;0.613,0.598,0.14,0.914,0.916,0.926,0.354,0.642,0.545,0.239;aaaaaa;
aaaaaa;0.804,0.626,0.565,0.253,0.778,0.122,0.462,0.616,0.325,0.117;a;
aaaaaaaaaa;0.783,0.666,0.168,0.665,0.554,0.105,0.977,0.563,0.315,0.293;aaa;
aaaaaaaaaa;0.618,0.0377,0.523,0.0586,0.394,0.19,0.599,0.279,0.914,0.583;aa;
aaa;0.957,0.139,0.291,0.425,0.356,0.613,0.928,0.677,0.521,0.084;a;
aaaaaaaa;0.0981,0.939,0.104,0.0143,0.0113,0.912,0.00154,0.744,0.852,0.852;a;
aa;0.909,0.815,0.255,0.967,0.631,0.469,0.155,0.37,0.724,0.0825;aaaaaaaa;
aaaaaaaaaa;0.53,0.275,0.913,0.933,0.723,0.243,0.379,0.897,0.401,0.18;aaaaaaaa;
aaaaaaaaa;0.862,0.14,0.386,0.685,0.992,0.948,0.58,0.315,0.809,0.72;aaaa;
aaaaaaaa;0.863,0.272,0.78,0.518,0.683,0.993,0.929,0.493,0.545,0.0112;aaaaaaaa;
aaaaa;0.791,0.483,0.0335,0.92,0.133,0.838,0.167,0.302,0.0095,0.122;aaa;
a;0.149,0.883,0.341,0.651,0.639,0.89,0.43,0.896,0.282,0.7;aaaa;
aaaaa;0.219,0.221,0.21,0.144,0.0182,0.454,0.903,0.325,0.00296,0.953;a;
aaaaaaaaaa;0.936,0.673,0.311,0.113,0.369,0.754,0.0834,0.0143,0.0158,0.687;aaaaa;
aaaaaaaaa;0.797,0.923,0.938,0.488,0.102,0.987,0.52,0.846,0.997,0.86;aaaaaa;
aa;0.157,0.0656,0.0513,0.909,0.819,0.24,0.832,0.192,0.616,0.286;aaaaaaa;
aa;0.476,0.11,0.642,0.0119,0.932,0.716,0.931,0.176,0.802,0.117;aaaaaaaaa;
aaaa;0.347,0.481,0.729,0.0268,0.198,0.368,0.834,0.193,0.95,0.88;a;
aaa;0.325,0.584,0.192,0.678,0.732,0.832,0.719,0.287,0.91,0.52;aaaaaaaaaa;
aaaaaaaaaa;0.909,0.422,0.00358,0.176,0.914,0.91,0.849,0.263,0.747,0.567;aa;
aaaaaaaa;0.742,0.108,0.963,0.223,0.255,0.915,0.82,0.978,0.0731,0.543;aaaaaa;
aaaaa;0.256,0.817,0.393,0.992,0.924,0.559,0.725,0.181,0.337,0.854;aaaaaaaaaa;
aaaaaaa;0.656,0.739,0.816,0.401,0.387,0.0282,0.789,0.306,0.992,0.29;aa;
aaaaaaaaa;0.497,0.236,0.62,0.335,0.0501,0.674,0.713,0.971,0.267,0.0412;a;
aaaaaaaaaa;0.647,0.726,0.275,0.68,0.576,0.326,0.867,0.551,0.311,0.911;aaaaaaa;
aa;0.107,0.38,0.335,0.458,0.611,0.556,0.786,0.687,0.865,0.999;aaaaaaaa;
aaaaaaa;0.0678,0.707,0.0598,0.312,0.498,0.869,0.338,0.941,0.584,0.0783;aaaaaaa;
aaa;0.431,0.342,0.468,0.432,0.141,0.654,0.596,0.675,0.978,0.541;aa;
a;0.123,0.483,0.889,0.245,0.238,0.662,0.783,0.954,0.666,0.488;aaaa;
aaaaaaaaa;0.263,0.699,0.577,0.64,0.242,0.581,0.583,0.74,0.852,0.918;aaaaaaa;
aaaaa;0.204,0.859,0.946,0.672,0.415,0.0388,0.932,0.798,0.718,0.416;aaaaaa;
aaaa;0.621,0.771,0.396,0.523,0.135,0.13,0.246,0.946,0.615,0.214;aaaa;
aaaaaaaaa;0.988,0.993,0.208,0.122,0.524,0.958,0.301,0.476,0.546,0.315;aaaaaa;
aaaaa;0.958,0.738,0.0744,0.407,0.344,0.636,0.519,1.89e-06,0.129,0.5;aaaaa;
aaaa;0.468,0.958,0.497,0.124,0.24,0.789,0.343,0.692,0.689,0.031;aaaaaa;
aaaaaaaaaa;0.369,0.465,0.98,0.75,0.876,0.85,0.465,0.823,0.243,0.433;aaaaa;
aaaaaaaaa;0.572,0.546,0.277,0.558,0.483,0.757,0.588,0.828,0.844,0.631;aaaa;
aaaaaaa;0.82,0.118,0.983,0.804,0.926,0.0894,0.36,0.588,0.63,0.828;aaaaaaa;
aa;0.202,0.28,0.785,0.962,0.169,0.517,0.683,0.964,0.428,0.0622;aaaaaaaaaa;
aaaaaaa;0.39,0.0103,0.0111,0.6,0.655,0.931,0.827,0.559,0.17,0.755;aaaa;
aaaa;0.24,0.0326,0.353,0.826,0.766,0.226,0.0436,0.848,0.753,0.266;aaaaaaaaa;
aaa;0.385,0.0352,0.289,0.632,0.909,0.84,0.613,0.465,0.277,0.599;a;
aaaaaaaaa;0.499,0.833,0.727,0.605,0.5,0.202,0.282,0.509,0.0961,0.686;aaaaaaa;
aaaaaaaa;0.36,0.742,0.182,0.46,0.785,0.392,0.276,0.434,0.217,0.772;aaaaaa;
aaaaaaaaa;0.566,0.927,0.55,0.495,0.495,0.615,0.719,0.732,0.703,0.796;aaaaaaa;
aaa;0.105,0.245,0.781,0.595,0.596,0.846,0.363,0.981,0.741,0.162;aaaaaaaa;
aaaa;0.571,0.965,0.954,0.548,0.902,0.235,0.799,0.516,0.708,0.476;aaaaaaaaa;
a;0.218,0.462,0.444,0.352,0.886,0.421,0.46,0.189,0.252,0.612;aaaaa;
a;0.143,0.596,0.381,0.933,0.797,0.794,0.797,0.265,0.881,0.67;aaaaaaaaaa;
aaaa;0.347,0.824,0.716,0.849,0.77,0.875,0.968,0.348,0.55,0.779;aaaaa;
aaaaaaaaaa;0.774,0.253,0.714,0.809,0.923,0.844,0.986,0.901,0.0545,0.725;aaaa;
aaaaaa;0.273,0.949,0.774,0.394,0.328,0.075,0.228,0.195,0.768,0.743;aaaaaaaa;
aaaaaa;0.422,0.464,0.492,0.562,0.464,0.55,0.378,0.153,0.211,0.776;aaaaaaaaaa;
aaaaaa;0.241,0.223,0.944,0.402,0.819,0.801,0.613,0.728,0.77,0.881;aaaaaaaaaa;
aaaaaaaa;0.0184,0.618,0.496,0.558,0.00654,0.391,0.739,0.897,0.449,0.257;aaa;
aaaaaaaaaa;0.441,0.941,0.0528,0.713,0.784,0.549,0.462,0.446,0.355,0.552;aaaaaa;
aaaa;0.593,0.886,0.433,0.716,0.901,0.857,0.719,0.335,0.437,0.01;a;
aaaaaaaaaa;0.532,0.753,0.747,0.612,0.0905,0.593,0.632,0.00774,0.672,0.81;aaaa;
aa;0.38,0.491,0.644,0.0973,0.823,0.742,0.948,0.913,0.139,0.688;aaaaaaaa;
aaaaaaa;0.0778,0.305,0.292,0.584,0.862,0.183,0.212,0.302,0.534,0.886;aaaaaaaaaa;
a;0.0357,0.049,0.375,0.117,0.0364,0.952,0.195,0.624,0.896,0.111;aaaaaaaa;
aaaaaaaaa;0.86,0.911,0.696,0.704,0.748,0.967,0.919,0.251,0.0467,0.932;a;
aaaaaaa;0.785,0.521,0.937,0.0413,0.401,0.281,0.45,0.0146,0.174,0.506;aaa;
aa;0.861,0.227,0.52,0.141,0.403,0.0944,0.936,0.253,0.182,0.365;aaaaaaaaa;
aa;0.934,0.566,0.825,0.464,0.854,0.38,0.947,0.792,0.375,0.751;aaaaaaaa;
aaaa;0.709,0.576,0.805,0.587,0.791,0.524,0.404,0.231,0.131,0.992;aaaaaaaa;
aaaa;0.756,0.338,0.269,0.961,0.749,0.0598,0.359,0.654,0.286,0.766;aa;
aaaaaaaaaa;0.136,0.399,0.578,0.153,0.75,0.626,0.184,0.506,0.82,0.534;aaaaaaaaaa;
aaaaaa;0.275,0.105,0.506,0.895,0.0639,0.434,0.866,0.608,0.392,0.536;aaa;
aaaaaa;0.0283,0.769,0.735,0.278,0.262,0.337,0.331,0.576,0.61,0.367;aaaaa;
aaaaaaa;0.302,0.191,0.584,0.185,0.374,0.039,0.908,0.166,0.781,0.442;aaaaaaaa;
aaaaaa;0.0418,0.141,0.238,0.941,0.682,0.498,0.588,0.0214,0.152,0.254;aaaaaaaa;
aaaaaaa;0.471,0.565,0.214,0.887,0.984,0.043,0.362,0.0499,0.795,0.352;aa;
aaa;0.095,0.302,0.323,0.924,0.634,0.0781,0.157,0.777,0.723,0.518;aaaaaaaaa;
aaaaaaaa;0.0494,0.133,0.627,0.2,0.781,0.771,0.331,0.381,0.714,0.0801;aaaa;
aaaa;0.244,0.32,0.78,0.806,0.0979,0.91,0.408,0.198,0.363,0.0817;aaaaa;
aaaaaaaaa;0.934,0.23,0.736,0.762,0.804,0.316,0.258,0.248,0.565,0.742;aaaaa;
aaaaaaaaa;0.619,0.00297,0.321,0.748,0.121,0.0493,0.636,0.494,0.099,0.226;aaaaaaaaa;
aaaaaaaaa;0.525,0.831,0.786,0.192,0.502,0.622,0.7,0.133,0.735,0.433;aaaaaaaaa;
aaa;0.0996,0.3,0.905,0.846,0.0927,0.53,0.627,0.0113,0.814,0.95;a;
aa;0.374,0.178,0.181,0.969,0.148,0.0385,0.508,0.0182,0.811,0.974;aaaaaaaaa;
aaaaaaaaaa;0.461,0.816,0.974,0.451,0.635,0.317,0.432,0.844,0.289,0.909;aaa;
aaaaaaaaa;0.554,0.593,0.0232,0.0485,0.889,0.333,0.83,0.499,0.88,0.519;aaaaaaaaa;
aaaaaaaaaa;0.466,0.0205,0.749,0.505,0.955,0.981,0.505,0.931,0.534,0.175;aaaa;
aaaa;0.945,0.983,0.919,0.246,0.274,0.369,0.518,0.742,0.566,0.639;aaaaaaaaaa;
aaaaaaaaaa;0.219,0.451,0.0056,0.331,0.609,0.321,0.575,0.965,0.729,0.639;aaaaaaaaa;
aaa;0.592,0.984,0.0457,0.175,0.352,0.85,0.97,0.0964,0.123,0.585;aaaa;
aaaaaaa;0.952,0.997,0.705,0.923,0.406,0.278,0.53,0.0744,0.212,0.818;aaaaaaaaa;
aaaaaaa;0.54,0.945,0.944,0.298,0.0946,0.627,0.542,0.405,0.766,0.0961;aaa;
a;0.956,0.232,0.224,0.235,0.134,0.659,0.331,0.526,0.21,0.043;aa;
aaaaaaaa;0.862,0.134,0.959,0.0179,0.984,0.734,0.83,0.747,0.989,0.538;a;
aaaaaaa;0.0273,0.0939,0.484,0.777,0.0704,0.654,0.985,0.329,0.274,0.147;aaa;
aaaaaaaaaa;0.767,0.941,0.193,0.436,0.87,0.448,0.0565,0.0257,0.564,0.427;aaaa;
aaaaaaaa;0.96,0.772,0.166,0.469,0.674,0.814,0.182,0.863,0.548,0.474;aaa;
aaaaaaaaa;0.781,0.0904,0.813,0.046,0.626,0.264,0.383,0.628,0.802,0.622;a;
aaaaaaaa;0.0549,0.688,0.949,0.1,0.643,0.478,0.299,0.559,0.329,0.217;aaaaaaaaa;
a;0.39,0.269,0.378,0.251,0.253,0.201,0.66,0.988,0.33,0.957;aaaa;
aa;0.621,0.0279,0.717,0.203,0.627,0.77,0.811,0.317,0.586,0.923;aaaaaaaa;
aaaaaaaaaa;0.301,0.612,0.727,0.601,0.846,0.0769,0.881,0.925,0.762,0.299;a;
aaaa;0.36,0.0167,0.918,0.633,0.834,0.827,0.934,0.997,0.622,0.353;aaaaa;
a;0.00795,0.288,0.458,0.916,0.835,0.708,0.469,0.638,0.872,0.149;aaaaa;
aaaaaaaaaa;0.74,0.199,0.999,0.666,0.479,0.885,0.82,0.9,0.892,0.651;a;
aaaaa;0.274,0.0197,0.896,0.162,0.283,0.378,0.95,0.501,0.582,0.586;aaaaaaaa;
aaaa;0.499,0.183,0.82,0.0544,0.712,0.408,0.0457,0.26,0.958,0.258;aa;
aa;0.0975,0.191,0.351,0.774,0.145,0.141,0.0432,0.118,0.437,0.842;aaaaaaaaaa;
aaaaaaaaaa;0.625,0.725,0.928,0.281,0.549,0.29,0.554,0.879,0.386,0.716;aaaaaaaaaa;
aaaaaaaa;0.907,0.0166,0.662,0.938,0.222,0.321,0.963,0.427,0.323,0.328;aa;
aaaaaaaaa;0.334,0.321,0.107,0.0504,0.0502,0.78,0.424,0.212,0.231,0.0513;aaaaaaaaaa;
aaaaaaaa;0.486,0.54,0.58,0.265,0.439,0.766,0.184,0.949,0.236,0.688;aaaaaa;
aaaa;0.794,0.43,0.43,0.669,0.914,0.167,0.224,0.276,0.971,0.615;aaaaaaaa;
aaa;0.573,0.358,0.369,0.769,0.128,0.55,0.476,0.865,0.0273,0.991;aaa;
a;0.113,0.147,0.496,0.653,0.15,0.391,0.652,0.974,0.322,0.0531;a;
aaaa;0.669,0.562,0.269,0.506,0.411,0.0507,0.783,0.678,0.54,0.28;aaaaaa;
aaaaaaa;0.329,0.305,0.1,0.0119,0.0492,0.0914,0.514,0.653,0.699,0.466;a;
aaaaaaa;0.567,0.812,0.647,0.752,0.667,0.531,0.846,0.677,0.852,0.205;aaaaaaa;
aaaaaaaaaa;0.852,0.901,0.129,0.41,0.489,0.614,0.403,0.948,0.44,0.878;aaaa;
aaaaaa;0.555,0.196,0.0949,0.0903,0.542,0.231,0.677,0.947,0.951,0.515;aaa;
aaaa;0.378,0.495,0.961,0.591,0.809,0.998,0.377,0.364,0.563,0.0621;aaaaa;
aaa;0.441,0.646,0.25,0.817,0.422,0.66,0.769,0.353,0.76,0.642;aaaaaaaaa;
aaaaaaaaaa;0.13,0.595,0.267,0.576,0.569,0.17,0.416,0.516,0.118,0.557;aaaaaaaaaa;
aaaaaaaaaa;0.696,0.201,0.254,0.942,0.807,0.502,0.145,0.0901,0.128,0.786;aaaaaaaaaa;
aaaaaaaa;0.734,0.395,0.645,0.354,0.22,0.0573,0.0747,0.14,0.849,0.562;aaaaaaaaa;
aa;0.0178,0.664,0.918,0.943,0.413,0.673,0.805,0.268,0.679,0.0789;aaaaaaaa;
aaaaaaaa;0.881,0.77,0.509,0.991,0.169,0.43,0.881,0.711,0.023,0.305;aaaaaaa;
aaaaaaaa;0.0248,0.488,0.739,0.0704,0.0533,0.118,0.861,0.708,0.675,0.939;aaa;
aaaa;0.171,0.925,0.739,0.684,0.647,0.737,0.312,0.247,0.983,0.129;aa;
aaaaaaaaaa;0.602,0.976,0.796,0.098,0.874,0.149,0.933,0.635,0.153,0.511;aaaaa;
a;0.361,0.176,0.214,0.449,0.869,0.282,0.713,0.935,0.513,0.137;aaa;
aa;0.576,0.0579,0.772,0.0876,0.723,0.331,0.685,0.00864,0.894,0.116;aaaaa;
aaa;0.538,0.377,0.78,0.61,0.0137,0.432,0.155,0.167,0.89,0.182;aaaaaa;
aaaaaaaaa;0.492,0.929,0.000939,0.777,0.713,0.0188,0.0264,0.0175,0.673,0.391;aaaaaaaaa;
aaa;0.687,0.337,0.549,0.241,0.355,0.753,0.758,0.971,0.0683,0.0194;aaaaaaaaaa;
aa;0.731,0.525,0.701,0.151,0.239,0.0856,0.0552,0.131,0.105,0.617;aaaaaaa;
aaaaaaaa;0.471,0.215,0.964,0.211,0.488,0.339,0.444,0.369,0.932,0.923;aaaaaa;
aaaaaaaaa;0.632,0.584,0.693,0.649,0.927,0.281,0.795,0.685,0.859,0.123;aaaaaaaaaa;
aaaaaaaaaa;0.867,0.554,0.471,0.419,0.31,0.479,0.573,0.103,0.298,0.217;aaaaaaaaaa;
aaaa;0.443,0.353,0.477,0.316,0.149,0.638,0.0393,0.41,0.192,0.543;a;
aaaa;0.967,0.498,0.857,0.309,0.652,0.848,0.845,0.729,0.64,0.907;a;
a;0.227,0.384,0.533,0.519,0.696,0.667,0.799,0.0921,0.424,0.506;aaaa;
aaaaaaaaaa;0.428,0.0788,0.149,0.546,0.773,0.126,0.796,0.824,0.766,0.207;a;
a;0.11,0.845,0.824,0.000881,0.273,0.00936,0.775,0.372,0.317,0.888;aaaaaaaaa;
aa;0.283,0.872,0.693,0.204,0.562,0.254,0.216,0.351,0.304,0.4;aaaaaaaaaa;
aaaaaaaaaa;0.935,0.344,0.646,0.944,0.635,0.073,0.79,0.139,0.972,0.322;a;
aaaaaa;0.529,0.161,0.264,0.851,0.0213,0.34,0.456,0.52,0.715,0.599;aa;
aaaaa;0.189,0.0135,0.559,0.654,0.492,0.459,0.618,0.674,0.344,0.302;aaaaaaaaa;
aaa;0.679,0.257,0.265,0.931,0.606,0.326,0.606,0.996,0.268,0.49;aaaaaaa;
aaaaaaaaaa;0.97,0.938,0.537,0.447,0.266,0.396,0.469,0.108,0.978,0.775;aaaaaaaaaa;
aaaaaaa;0.55,0.585,0.481,0.121,0.0655,0.209,0.435,0.969,0.802,0.171;aaaaaa;
aaaa;0.608,0.891,0.527,0.934,0.146,0.664,0.229,0.83,0.594,0.0479;aaa;
aaaaaaa;0.411,0.547,0.195,0.886,0.19,0.597,0.29,0.832,0.886,0.478;aaaaa;
aaa;0.555,0.725,0.991,0.297,0.233,0.388,0.527,0.205,0.822,0.647;aaa;
aaaaaaaaaa;0.329,0.608,0.393,0.54,0.99,0.0573,0.515,0.171,0.874,0.288;aaaaaa;
aaaaaaaaa;0.235,0.477,0.403,0.782,0.991,0.653,0.935,0.158,0.872,0.102;aaaa;
aaaaa;0.939,0.496,0.788,0.73,0.0582,0.908,0.831,0.445,0.959,0.397;aaaaa;
aaaaaaaa;0.121,0.8,0.613,0.363,0.619,0.018,0.197,0.455,0.446,0.414;aaa;
aaaaaaaaaa;0.224,0.694,0.222,0.42,0.276,0.225,0.174,0.842,0.33,0.00858;aaaaaa;
aaa;0.154,0.906,0.0647,0.842,0.157,0.833,0.242,0.902,0.436,0.0274;aa;
aaaaaaaaa;0.0505,0.341,0.713,0.22,0.269,0.0982,0.0551,0.532,0.601,0.377;aaa;
aaaaaaaaa;0.179,0.232,0.438,0.794,0.803,0.358,0.79,0.602,0.473,0.567;aaaaa;
aaaaaaaa;0.958,0.386,0.322,0.502,0.843,0.298,0.307,0.324,0.135,0.792;a;
aaa;0.995,0.934,0.0299,0.847,0.909,0.46,0.227,0.569,0.0806,0.653;aaaaa;
aaaaaaaa;0.585,0.415,0.478,0.724,0.433,0.125,0.225,0.911,0.64,0.0822;aaaaaaa;
aa;0.899,0.123,0.558,0.19,0.483,0.893,0.482,0.39,0.216,0.455;aaa;
aaaaaa;0.701,0.44,0.391,0.418,0.988,0.222,0.572,0.15,0.901,0.493;aaaaaa;
aa;0.578,0.428,0.963,0.718,0.961,0.89,0.244,0.415,0.934,0.366;aaaaa;
aaaa;0.436,0.882,0.795,0.314,0.665,0.359,0.537,0.435,0.815,0.221;aaaaaa;
aaaa;0.194,0.122,0.314,0.395,0.493,0.562,0.222,0.842,0.993,0.964;aa;
aaa;0.678,0.317,0.368,0.481,0.801,0.867,0.124,0.264,0.743,0.161;aaaa;
aa;0.676,0.753,0.938,0.171,0.0543,0.362,0.131,0.349,0.00924,0.622;aaaaaa;
aaaaaaa;0.159,0.385,0.319,0.0179,0.409,0.748,0.297,0.775,0.302,0.21;aaaaa;
aaaaa;0.0279,0.485,0.0941,0.565,0.264,0.506,0.336,0.316,0.313,0.54;aaaaa;
a;0.0718,0.103,0.146,0.912,0.88,0.647,0.709,0.374,0.646,0.619;aaaa;
aaaaaaaaa;0.772,0.0529,0.128,0.28,0.00979,0.787,0.0769,0.549,0.551,0.633;aaaaa;
aaaaa;0.98,0.531,0.647,0.779,0.012,0.645,0.0126,0.329,0.9,0.838;aaaaa;
aaa;0.13,0.917,0.459,0.0125,0.395,0.679,0.329,0.812,0.961,0.723;aaaa;
aaaa;0.776,0.922,0.553,0.315,0.634,0.989,0.507,0.134,0.0135,0.458;aaaaaaa;
aaaa;0.0602,0.122,0.567,0.623,0.258,0.941,0.0429,0.0317,0.706,0.948;aaaaaa;
a;0.143,0.202,0.984,0.656,0.0422,0.344,0.656,0.434,0.273,0.146;aaaa;
aaaaa;0.853,0.223,0.876,0.868,0.795,0.568,0.424,0.944,0.441,0.882;a;
aaaaaaaaaa;0.963,0.556,0.629,0.134,0.615,0.121,0.00898,0.948,0.0956,0.798;aa;
aaaaaaa;0.0225,0.492,0.0702,0.555,0.3,0.851,0.0803,0.673,0.862,0.26;aaaaaaaaa;
aaaaaa;0.221,0.857,0.576,0.568,0.0103,0.871,0.346,0.973,0.408,0.598;aaaaaaaaaa;
aaaaaaa;0.506,0.376,0.151,0.417,0.62,0.00429,0.723,0.322,0.886,0.491;a;
aaa;0.212,0.906,0.816,0.219,0.926,0.801,0.482,0.147,0.0494,0.183;aa;
aa;0.319,0.484,0.331,0.291,0.863,0.28,0.981,0.495,0.568,0.741;aaaa;
aaaaa;0.849,0.71,0.0339,0.104,0.689,0.242,0.239,0.493,0.754,0.603;aaa;
aaaa;0.417,0.081,0.943,0.974,0.112,0.317,0.403,0.668,0.543,0.167;aaaaaaaaa;
aaaaa;0.581,0.568,0.96,0.876,0.531,0.0806,0.677,0.151,0.349,0.197;aaaaaaaa;
a;0.77,0.0206,0.953,0.859,0.653,0.266,0.131,0.235,0.489,0.605;aaaaaaaaa;
aaaaaa;0.728,0.666,0.23,0.764,0.252,0.935,0.061,0.948,0.102,0.307;aaaaaaa;
aaa;0.138,0.601,0.411,0.588,0.306,0.5,0.0638,0.147,0.114,0.791;aaaaaa;
aaaaa;0.379,0.885,0.605,0.0808,0.68,0.483,0.986,0.434,0.907,0.84;aaaaaa;
aa;0.23,0.885,0.629,0.909,0.687,0.173,0.976,0.566,0.56,0.23;aaaa;
a;0.964,0.429,0.771,0.317,0.851,0.544,0.612,0.211,0.422,0.87;aaaaaa;
aaaaaaa;0.514,0.198,0.565,0.182,0.58,0.918,0.353,0.38,0.0412,0.618;aaaaaaaaaa;
aaaaaaaaaa;0.515,0.181,0.56,0.0619,0.687,0.903,0.931,0.937,0.998,0.0641;aa;
aaaaaaaaaa;0.666,0.878,0.373,0.604,0.205,0.778,0.682,0.857,0.926,0.72;aaaaaaa;
aaaaa;0.052,0.0206,0.843,0.661,0.914,0.984,0.514,0.386,0.402,0.193;aaaaaa;
aaaaaaaa;0.948,0.585,0.246,0.555,0.808,0.559,0.0017,0.434,0.942,0.5;aaaaaaaaa;
aaaa;0.069,0.767,0.57,0.371,0.8,0.00977,0.127,0.85,0.55,0.077;aaaaa;
aaaaaaaaa;0.764,0.968,0.501,0.747,0.883,0.786,0.104,0.698,0.245,0.812;a;
aaa;0.28,0.41,0.208,0.709,0.17,0.396,0.506,0.592,0.166,0.963;aaaaaaaaaa;
aa;0.686,0.00463,0.852,0.296,0.441,0.911,0.256,0.767,0.117,0.999;a;
aaa;0.767,0.319,0.719,0.467,0.598,0.196,0.697,0.65,0.574,0.443;aaaa;
aaaaaaaaaa;0.955,0.122,0.907,0.766,0.332,0.608,0.282,0.697,0.349,0.742;aaaaaaaa;
aaaaaaa;0.221,0.33,0.709,0.856,0.59,0.355,0.952,0.736,0.0815,0.527;aaaa;
aaaaaaa;0.701,0.379,0.487,0.833,0.478,0.548,0.107,0.508,0.815,0.0302;aaa;
a;0.081,0.601,0.586,0.16,0.357,0.786,0.684,0.54,0.354,0.0451;aaaaaaaaa;
aa;0.491,0.74,0.835,0.739,0.994,0.635,0.282,0.615,0.683,0.794;aaaaa;
aaaaaaaaa;0.301,0.874,0.909,0.968,0.911,0.548,0.515,0.308,0.114,0.429;a;
aaaaa;0.938,0.0839,0.148,0.846,0.787,0.643,0.89,0.126,0.037,0.196;aaaaaaaaa;
a;0.078,0.808,0.486,0.822,0.57,0.261,0.218,0.893,0.0127,0.484;aaaaa;
aaaaaaaaaa;0.478,0.0903,0.64,0.142,0.59,0.601,0.57,0.26,0.321,0.271;aaaaaaaa;
aaa;0.624,0.56,0.806,0.0134,0.341,0.57,0.0486,0.687,0.306,0.642;aa;
aaaa;0.295,0.588,0.855,0.0272,0.516,0.556,0.213,0.37,0.137,0.598;aaaaa;
aaaaaaa;0.154,0.825,0.311,0.366,0.561,0.171,0.768,0.93,0.619,0.195;aaaaaa;
aa;0.707,0.0317,0.975,0.801,0.829,0.77,0.689,0.056,0.704,0.00171;aaa;
aaaaaaaa;0.0821,0.00232,0.232,0.747,0.454,0.31,0.107,0.631,0.506,0.635;aaaa;
aaaaaa;0.137,0.286,0.619,0.967,0.469,0.0501,0.203,0.58,0.883,0.451;aaaaaa;
aa;0.122,0.666,0.769,0.606,0.656,0.954,0.908,0.351,0.926,0.344;aaaaaa;
aaaaaaaaa;0.688,0.162,0.421,0.269,0.542,0.684,0.451,0.187,0.685,0.0919;a;
aaaaaaaaaa;0.0741,0.0587,0.532,0.145,0.307,0.716,0.274,0.675,0.748,0.148;aaaaa;
aaaaa;0.265,0.901,0.756,0.614,0.828,0.903,0.837,0.497,0.899,0.0904;aaaaaa;
aaaaaaaa;0.727,0.258,0.102,0.397,0.107,0.0541,0.0673,0.872,0.649,0.378;aaaaaaaaa;
aaaaaaaaaa;0.809,0.165,0.231,0.786,0.265,0.55,0.445,0.633,0.404,0.0903;aaaaaa;
aaaaaaaaaa;0.508,0.905,0.267,0.0414,0.057,0.943,0.124,0.694,0.177,0.108;aaaaaa;
aaaa;0.646,0.589,0.103,0.929,0.0249,0.996,0.507,0.633,0.31,0.0981;aaaaaa;
aaaaa;0.333,0.0298,0.866,0.721,0.37,0.13,0.793,0.847,0.819,0.203;a;
a;0.588,0.381,0.663,0.291,0.643,0.904,0.295,0.49,0.548,0.542;aaaaaaaaa;
a;0.122,0.331,0.17,0.44,0.0172,0.0892,0.594,0.431,0.363,0.832;aaaaa;
aaaaaaaaaa;0.91,0.229,0.357,0.0079,0.469,0.19,0.515,0.494,0.593,0.483;aaaaaaa;
aa;0.916,0.892,0.765,0.53,0.456,0.139,0.35,0.985,0.762,0.549;a;
aaaaaaa;0.185,0.354,0.231,0.263,0.517,0.0522,0.99,0.617,0.561,0.538;aaaa;
aaa;0.766,0.25,0.649,0.794,0.0593,0.207,0.429,0.882,0.893,0.618;a;
a;0.839,0.901,0.14,0.882,0.0865,0.67,0.557,0.451,0.41,0.786;a;
aaaaaa;0.923,0.823,0.65,0.762,0.222,0.493,0.0286,0.984,0.129,0.788;aaaaaaa;
aaaaaa;0.426,0.705,0.741,0.698,0.382,0.962,0.627,0.203,0.962,0.669;aaaa;
aaaaaaa;0.997,0.573,0.587,0.742,0.81,0.551,0.209,0.918,0.568,0.861;aaaaaaa;
aaaaaaaaaa;0.441,0.578,0.543,0.0252,0.483,0.669,0.0727,0.476,0.537,0.896;aaaaaaaa;
aaaaaaaa;0.525,0.448,0.498,0.774,0.192,0.899,0.308,0.331,0.425,0.597;aaaaaa;
aaaaa;0.944,0.83,0.997,0.651,0.839,0.0262,0.223,0.458,0.93,0.147;aaaaaaaaaa;
aaaaaaaaaa;0.0229,0.522,0.319,0.948,0.886,0.143,0.677,0.0454,0.978,0.813;aa;
aaaaaaaaaa;0.945,0.957,0.0876,0.413,0.41,0.32,0.85,0.755,0.677,0.666;aaaaaaaaaa;
a;0.806,0.134,0.972,0.853,0.607,0.405,0.328,0.568,0.989,0.713;aa;
aaaa;0.963,0.806,0.954,0.732,0.656,0.742,0.0582,0.499,0.159,0.51;a;
aa;0.0273,0.472,0.61,0.561,0.781,0.994,0.272,0.621,0.719,0.484;aaaaaa;
aaaaa;0.429,0.378,0.49,0.357,0.658,0.958,0.695,0.111,0.305,0.574;aaa;
aaaa;0.295,0.862,0.323,0.341,0.522,0.478,0.852,0.646,0.527,0.818;aaaaaaaaa;
aaaaaaaaa;0.703,0.883,0.925,0.138,0.891,0.266,0.952,0.605,0.0367,0.914;aaaa;
aaaaaaaaa;0.356,0.0299,0.405,0.869,0.762,0.109,0.724,0.283,0.907,0.134;aaa;
aaaa;0.992,0.286,0.205,0.415,0.692,0.979,0.268,0.0748,0.781,0.988;a;
aaaaaaaaa;0.391,0.0171,0.407,0.519,0.833,0.936,0.907,0.044,0.962,0.845;aaaaaaaaaa;
aaaa;0.953,0.449,0.981,0.391,0.429,0.208,0.546,0.901,0.108,0.295;aaaaa;
aaaaaaaaaa;0.526,0.831,0.961,0.758,0.744,0.826,0.42,0.51,0.582,0.282;aa;
aaaaaa;0.468,0.161,0.521,0.809,0.0305,0.863,0.464,0.822,0.673,0.17;aaaaa;
aa;0.985,0.489,0.816,0.849,0.36,0.711,0.987,0.818,0.323,0.468;aaaaaaa;
aaaaa;0.429,0.445,0.306,0.336,0.169,0.288,0.418,0.00393,0.254,0.223;aaaaa;
a;0.732,0.648,0.652,0.706,0.944,0.996,0.316,0.118,0.239,0.217;aaaaaaaaa;
aaaaaa;0.237,0.0589,0.712,0.117,0.444,0.434,0.591,0.342,0.993,0.737;aaaaaaaaa;
aaaaaaa;0.878,0.888,0.0053,0.471,0.132,0.42,0.459,0.539,0.111,0.232;aaaaaaaaaa;
aaaaaaaaa;0.277,0.491,0.847,0.951,0.369,0.202,0.0171,0.0929,0.611,0.783;aaaaaaaa;
a;0.885,0.872,0.316,0.212,0.283,0.462,0.281,0.711,0.0679,0.504;aaaaa;
aaaa;0.636,0.96,0.249,0.2,0.505,0.491,0.435,0.813,0.83,0.683;aaa;
aaaa;0.605,0.934,0.322,0.375,0.137,0.211,0.41,0.791,0.97,0.381;aa;
aaaaa;0.241,0.625,0.477,0.704,0.833,0.288,0.812,0.777,0.468,0.0669;aaa;
aaaaaaa;0.435,0.675,0.609,0.103,0.993,0.569,0.304,0.175,0.746,0.16;aaa;
aaaaaaaaaa;0.176,0.165,0.679,0.369,0.0516,0.238,0.0929,0.185,0.289,0.951;aaaaaa;
aaaaaaa;0.823,0.328,0.883,0.102,0.0185,0.243,0.726,0.392,0.807,0.174;aaaaaa;
aaaaaaaa;0.946,0.373,0.848,0.525,0.812,0.921,0.629,0.239,0.576,0.473;aaaa;
aaaaaaaaaa;0.659,0.407,0.894,0.762,0.844,0.746,0.575,0.783,0.842,0.594;aaaa;
aaaa;0.685,0.068,0.803,0.112,0.328,0.486,0.418,0.671,0.869,0.733;aaaaaaaaa;
aaaaaaaaaa;0.0381,0.154,0.287,0.199,0.865,0.998,0.948,0.0734,0.989,0.275;aaaaa;
aaaaaa;0.0203,0.662,0.12,0.817,0.631,0.933,0.248,0.743,0.844,0.383;aaaaaaaa;
aaaaaaaa;0.0394,0.0447,0.19,0.842,0.0283,0.471,0.722,0.696,0.129,0.785;aaaa;
aaaaaaaa;0.466,0.494,0.226,0.545,0.735,0.262,0.296,0.358,0.415,0.698;aaaaaaa;
aa;0.271,0.422,0.118,0.317,0.234,0.46,0.739,0.676,0.23,0.875;aaaaaaa;
a;0.635,0.529,0.429,0.108,0.18,0.254,0.342,0.357,0.192,0.418;a;
aaaaaaaaa;0.539,0.517,0.142,0.246,0.271,0.0101,0.87,0.0536,0.553,0.224;aaaaaa;
aaaaaaaa;0.131,0.487,0.309,0.848,0.279,0.26,0.0527,0.507,0.41,0.626;aaaaaaa;
aaaa;0.846,0.451,0.21,0.697,0.228,0.283,0.731,0.108,0.497,0.289;aaa;
aaa;0.99,0.405,0.414,0.455,0.906,0.0361,0.837,0.112,0.26,0.96;aaaaaaaaaa;
aaaaa;0.905,0.825,0.972,0.0388,0.302,0.861,0.142,0.134,0.221,0.771;aaaa;
aaaaaaaaaa;0.128,0.164,0.832,0.794,0.863,0.462,0.76,0.714,0.242,0.556;aaaaaaaaaa;
a;0.505,0.994,0.0592,0.398,0.0665,0.183,0.332,0.172,0.0448,0.131;aaaaaaaaaa;
aaa;0.242,0.839,0.0999,0.441,0.687,0.786,0.815,0.527,0.308,0.0499;aaaaaaaa;
aaa;0.758,0.82,0.752,0.66,0.0436,0.0352,0.352,0.784,0.877,0.518;aaaaaaa;
aaaaaaaa;0.169,0.0164,0.882,0.428,0.626,0.0966,0.674,0.0347,0.0841,0.887;aaaaaaaaa;
aaaa;0.73,0.544,0.0359,0.356,0.579,0.33,0.652,0.983,0.759,0.0732;aaaaa;
aaa;0.616,0.208,0.489,0.712,0.256,0.674,0.193,0.441,0.601,0.492;aaaaaaaaa;
aa;0.239,0.71,0.0419,0.679,0.688,0.613,0.848,0.0618,0.948,0.374;aaaa;
a;0.427,0.317,0.17,0.872,0.234,0.693,0.509,0.164,0.188,0.767;aaaaaaaaa;
a;0.63,0.698,0.164,0.954,0.0157,0.707,0.679,0.837,0.725,0.274;aaaaaaaaaa;
aaaa;0.274,0.247,0.654,0.331,0.394,0.265,0.198,0.209,0.0254,0.712;aaaaaaaa;
aaaaaaaaaa;0.308,0.313,0.488,0.53,0.519,0.678,0.937,0.997,0.855,0.6;aaaaaaaaa;
aa;0.294,0.167,0.444,0.549,0.636,0.00729,0.434,0.0461,0.897,0.704;aa;
aaaaa;0.102,0.581,0.804,0.835,0.39,0.214,0.263,0.499,0.812,0.499;aaaaaaa;
aaa;0.676,0.268,0.433,0.872,0.791,0.876,0.32,0.689,0.687,0.285;aaaaaaaaaa;
aaaa;0.631,0.397,0.318,0.446,0.206,0.269,0.391,0.964,0.0587,0.19;aaaaaaa;
aa;0.259,0.509,0.214,0.335,0.969,0.657,0.173,0.0248,0.962,0.79;aaaaaaaaa;
aaaaaaaaa;0.693,0.994,0.0747,0.223,0.991,0.21,0.735,0.375,0.383,0.983;aaaaaaaa;
a;0.986,0.964,0.273,0.039,0.898,0.344,0.964,0.0541,0.68,0.466;aaaaa;
aaaa;0.435,0.645,0.0435,0.991,0.538,0.624,0.844,0.0971,0.163,0.125;aaaaaaaaa;
aa;0.00731,0.628,0.717,0.902,0.199,0.728,0.663,0.918,0.52,0.81;aaaaaaa;
a;0.795,0.175,0.186,0.95,0.884,0.389,0.889,0.145,0.827,0.867;aaaaaa;
aaaaaaaaaa;0.643,0.224,0.359,0.253,0.105,0.911,0.663,0.601,0.0989,0.82;aaaaaaa;
aaaaaa;0.542,0.673,0.553,0.865,0.18,0.959,0.909,0.281,0.779,0.862;aaaaaaa;
a;0.321,0.552,0.431,0.79,0.826,0.387,0.00733,0.27,0.142,0.133;aaaaaa;
aaaa;0.479,0.653,0.432,0.719,0.72,0.745,0.703,0.284,0.552,0.72;aaaaaaaaaa;
aaa;0.202,0.418,0.223,0.288,0.381,0.571,0.974,0.499,0.945,0.0495;a;
aaaaaaa;0.152,0.101,0.0516,0.938,0.246,0.147,0.459,0.801,0.721,0.879;aaaaa;
aa;0.418,0.895,0.87,0.177,0.942,0.696,0.307,0.811,0.533,0.0209;aaaaaaaa;
aaa;0.0895,0.384,0.594,0.884,0.479,0.502,0.458,0.347,0.607,0.249;aaaaa;
aa;0.0788,0.564,0.81,0.126,0.324,0.808,0.9,0.955,0.326,0.533;aaaaaaa;
aaaaaaaa;0.852,0.253,0.297,0.634,0.885,0.151,0.206,0.385,0.699,0.39;aa;
aa;0.121,0.128,0.822,0.0213,0.949,0.574,0.636,0.672,0.607,0.0162;aaaaaaaa;
aaaa;0.196,0.118,0.478,0.989,0.248,0.856,0.285,0.674,0.742,0.43;a;
a;0.0203,0.291,0.396,0.118,0.723,0.667,0.673,0.584,0.572,0.254;aaaaaaaaaa;
aaaaaaaaa;0.441,0.736,0.625,0.335,0.314,0.813,0.0439,0.0472,0.457,0.595;aaaaa;
aaaa;0.912,0.597,0.946,0.135,0.469,0.579,0.85,0.442,0.628,0.68;a;
aaaaa;0.733,0.702,0.851,0.33,0.381,0.105,0.453,0.517,0.762,0.277;aa;
aaa;0.274,0.177,0.847,0.455,0.357,0.853,0.567,0.451,0.853,0.162;aa;
aaa;0.212,0.487,0.315,0.0668,0.354,0.997,0.23,0.323,0.0539,0.476;aa;
aaaaa;0.423,0.103,0.449,0.129,0.987,0.0256,0.805,0.556,0.0859,0.443;aaaa;
aaaaaaaaaa;0.845,0.253,0.314,0.686,0.281,0.026,0.0494,0.547,0.701,0.224;aaaaaaaa;
a;0.399,0.677,0.884,0.614,0.82,0.721,0.971,0.308,0.14,0.129;aaaaaa;
aaaaaaa;0.413,0.893,0.874,0.0885,0.953,0.363,0.988,0.766,0.763,0.557;aaaaaaa;
aaaaaaaaa;0.183,0.572,0.0562,0.0132,0.651,0.246,0.744,0.774,0.348,0.486;aa;
aa;0.72,0.555,0.528,0.75,0.742,0.939,0.353,0.412,0.472,0.587;aaa;
a;0.59,0.653,0.518,0.0378,0.805,0.422,0.44,0.96,0.192,0.881;aaa;
aaaaaaaaa;0.294,0.564,0.895,0.372,0.084,0.102,0.988,0.351,0.596,0.599;aaaaaaaaa;
aaaaaa;0.453,0.145,0.447,0.44,0.792,0.287,0.558,0.356,0.593,0.347;aaaaaaa;
aaaaaaaaaa;0.447,0.554,0.187,0.204,0.597,0.186,0.801,0.52,0.343,0.904;aaaaaaaaaa;
aaaa;0.127,0.827,0.187,0.401,0.305,0.287,0.169,0.987,0.335,0.668;aaaaaaa;
aaaaaa;0.874,0.954,0.046,0.952,0.553,0.519,0.854,0.0695,0.242,0.526;aaaaaaaa;
aa;0.42,0.447,0.183,0.035,0.422,0.266,0.352,0.531,0.212,0.313;aaaa;
aaaaaaa;0.474,0.574,0.195,0.0798,0.367,0.195,0.955,0.626,0.86,0.837;aaaaaaaaa;
aaaaa;0.65,0.192,0.933,0.809,0.781,0.536,0.803,0.318,0.501,0.636;aaaaaa;
aaaaaa;0.0282,0.188,0.637,0.187,0.436,0.993,0.915,0.723,0.337,0.396;aaa;
aaaaaaaa;0.201,0.748,0.921,0.301,0.144,0.0513,0.519,0.262,0.944,0.97;aa;
a;0.682,0.195,0.925,0.759,0.543,0.464,0.691,0.231,0.0038,0.424;aa;
aaaaaaaa;0.237,0.953,0.651,0.179,0.692,0.596,0.0494,0.0167,0.00814,0.381;aaaaa;
aaaaaaaaa;0.385,0.844,0.462,0.0271,0.974,0.129,0.0249,0.652,0.586,0.096;aaaaaaaa;
aa;0.8,0.0552,0.324,0.312,0.0688,0.844,0.78,0.905,0.298,0.809;aaaaaaaaa;
aaaaaaaaaa;0.0115,0.238,0.87,0.874,0.0433,0.584,0.71,0.145,0.0136,0.904;aaaaaaaaa;
a;0.363,0.288,0.453,0.2,0.594,0.385,0.139,0.603,0.685,0.643;aaaaa;
aaa;0.673,0.288,0.849,0.259,0.819,0.667,0.795,0.696,0.0313,0.00438;aaaaa;
aaaaaaa;0.405,0.633,0.768,0.666,0.772,0.374,0.686,0.0651,0.141,0.778;aaaaaa;
aaaaaaaa;0.741,0.861,0.121,0.776,0.504,0.77,0.204,0.172,0.269,0.611;a;
aaa;0.6,0.692,0.784,0.0604,0.509,0.176,0.049,0.629,0.277,0.647;a;
aaaaaaa;0.857,0.9,0.406,0.544,0.789,0.576,0.433,0.00906,0.117,0.479;aaaaaaaaaa;
aaaa;0.343,0.541,0.502,0.71,0.684,0.356,0.982,0.959,0.216,0.652;aa;
aaaaaaa;0.996,0.875,0.165,0.763,0.55,0.148,0.708,0.586,0.344,0.438;aaaaaaa;
aaaa;0.53,0.522,0.83,0.141,0.51,0.537,0.412,0.932,0.665,0.841;aaaaaaaa;
aaaaaaaa;0.0649,0.795,0.0637,0.774,0.189,0.551,0.691,0.303,0.934,0.676;aaaaa;
aaaaaaaaa;0.0966,0.874,0.265,0.907,0.401,0.685,0.679,0.829,0.0907,0.0739;aaaaa;
aa;0.8,0.73,0.00849,0.831,0.0606,0.868,0.78,0.739,0.529,0.445;aaaaaaaaa;
aaaaaaa;0.327,0.479,0.829,0.452,0.654,0.923,0.618,0.854,0.632,0.199;aaaaa;
aaaaa;0.448,0.817,0.574,0.0369,0.548,0.921,0.701,0.273,0.872,0.969;aaaaa;
aaaaaaaa;0.653,0.437,0.198,0.367,0.133,0.219,0.954,0.38,0.863,0.379;aaa;
aaaaaaaaa;0.835,0.145,0.0765,0.257,0.114,0.085,0.109,0.572,0.06,0.0509;aaaaaaaaaa;
aa;0.635,0.298,0.777,0.345,0.942,0.0694,0.826,0.356,0.933,0.387;aaa;
aaaaaa;0.932,0.946,0.913,0.514,0.808,0.516,0.44,0.992,0.936,0.106;aaaa;
aaaaaaaaa;0.0807,0.836,0.142,0.487,0.987,0.616,0.252,0.752,0.259,0.0539;aaaaa;
aaaa;0.334,0.969,0.278,0.304,0.529,0.000227,0.972,0.175,0.0518,0.644;aaaaaaaa;
aaa;0.768,0.501,0.66,0.000374,0.387,0.857,0.805,0.0978,0.316,0.384;aaaaaaaaa;
a;0.371,0.583,0.654,0.417,0.673,0.809,0.168,0.0306,0.237,0.356;aaaaa;
aaaaa;0.253,0.202,0.981,0.901,0.291,0.59,0.0339,0.987,0.509,0.837;aaaaa;
aaaaa;0.433,0.82,0.506,0.0409,0.35,0.861,0.108,0.627,0.205,0.548;aaaaaaa;
aaaaaaaaaa;0.601,0.537,0.414,0.165,0.518,0.388,0.749,0.326,0.724,0.549;aaaaaaaaa;
aaaaaa;0.719,0.0343,0.454,0.205,0.705,0.581,0.61,0.615,0.554,0.294;aaa;
aaaaaaaa;0.973,0.403,0.861,0.806,0.691,0.255,0.562,0.281,0.846,0.341;aaaaaaaa;
aaaaaa;0.675,0.653,0.0312,0.0954,0.484,0.864,0.151,0.416,0.0513,0.491;aaaaaaa;
aaaaaaaaaa;0.507,0.586,0.432,0.728,0.373,0.166,0.414,0.735,0.848,0.896;aaa;
aaaaaaaaaa;0.757,0.307,0.54,0.754,0.293,0.755,0.222,0.362,0.247,0.586;a;
aaaaaaaaaa;0.871,0.27,0.329,0.626,0.634,0.902,0.627,0.879,0.743,0.418;aaaaaaa;
aaaaaa;0.62,0.582,0.00809,0.616,0.126,0.791,0.252,0.845,0.421,0.189;aaaaaaaa;
aa;0.248,0.509,0.624,0.265,0.252,0.151,0.993,0.521,0.104,0.597;aa;
aa;0.201,0.677,0.923,0.435,0.498,0.0713,0.37,0.0287,0.129,0.772;aa;
aaaa;0.683,0.668,0.112,0.593,0.655,0.745,0.0129,0.405,0.98,0.497;aa;
aaaa;0.141,0.704,0.473,0.709,0.738,0.338,0.719,0.241,0.796,0.982;aa;
aaaaa;0.829,0.22,0.73,0.993,0.526,0.237,0.403,0.5,0.0599,0.377;aaaaaaaa;
aaaaaaa;0.136,0.661,0.564,0.394,0.973,0.582,0.888,0.895,0.116,0.593;aa;
aaaaaaaaa;0.947,0.257,0.415,0.497,0.848,0.444,0.476,0.615,0.899,0.4;aaaaaaaaa;
aaaa;0.856,0.0681,0.503,0.0896,0.154,0.791,0.244,0.656,0.594,0.00091;aaaaaaaa;
aaa;0.259,0.0335,0.0444,0.641,0.965,0.875,0.923,0.736,0.444,0.544;aaa;
aaaa;0.299,0.0152,0.978,0.648,0.263,0.977,0.0612,0.553,0.715,0.747;aaaaa;
aaaaaaaaaa;0.0297,0.0389,0.916,0.56,0.273,0.984,0.337,0.138,0.772,0.748;a;
aaaaa;0.0347,0.551,0.666,0.623,0.957,0.324,0.679,0.0658,0.91,0.362;a;
aaaaaaaaa;0.127,0.582,0.0136,0.0185,0.339,0.584,0.153,0.553,0.419,0.196;aaaaaaaaa;
a;0.623,0.436,0.929,0.0586,0.526,0.436,0.177,0.408,0.981,0.301;aaaaaaaaaa;
aaaaaa;0.896,0.899,0.0793,0.982,0.365,0.528,0.271,0.0224,0.0568,0.831;aaaaaaa;
aaaaa;0.992,0.613,0.464,0.574,0.968,0.902,0.242,0.0302,0.0152,0.956;aaaaa;
aaaa;0.869,0.63,0.453,0.158,0.412,0.0739,0.533,0.95,0.108,0.159;aa;
aaaaa;0.224,0.236,0.107,0.558,0.19,0.26,0.22,0.219,0.363,0.712;aaa;
aaaaaaaaaa;0.79,0.959,0.583,0.205,0.459,0.848,0.827,0.901,0.101,0.516;aaaaaaaaaa;
aaaaaaaaa;0.0489,0.722,0.601,0.616,0.762,0.347,0.79,0.0298,0.262,0.324;aa;
aaa;0.781,0.368,0.163,0.285,0.895,0.117,0.332,0.669,0.687,0.29;aaaa;
aaa;0.11,0.312,0.477,0.989,0.583,0.7,0.189,0.237,0.205,0.888;aaaaaaa;
aaaa;0.491,0.491,0.324,0.991,0.46,0.919,0.474,0.131,0.272,0.631;aaaaaaaa;
aaaaaaaa;0.28,0.181,0.0904,0.648,0.769,0.164,0.492,0.943,0.306,0.74;aaaaaaaaaa;
aaaaaaaa;0.336,0.304,0.365,0.686,0.497,0.251,0.327,0.597,0.55,0.574;aaaaaaaa;
a;0.594,0.926,0.519,0.424,0.337,0.0562,0.815,0.343,0.913,0.201;aa;
aaaaaaaaaa;0.623,0.121,0.719,0.214,0.134,0.631,0.431,0.404,0.375,0.322;aaaaaaa;
aaaaaaa;0.728,0.447,0.0893,0.718,0.718,0.539,0.262,0.157,0.325,0.419;aaaaaa;
aaaaaaaaa;0.79,0.113,0.136,0.0755,0.064,0.121,0.126,0.943,0.235,0.227;aaaaaaa;
aaaaaaaaa;0.126,0.457,0.456,0.786,0.986,0.00483,0.869,0.778,0.289,0.754;aaaa;
aaaaaaaaaa;0.313,0.779,0.618,0.485,0.0645,0.452,0.442,0.637,0.208,0.251;aaaaaaaa;
aaaaaaa;0.281,0.381,0.663,0.356,0.576,0.368,0.474,0.0121,0.751,0.523;aaaaaaaaaa;
aaaaaaaa;0.914,0.791,0.153,0.359,0.708,0.436,0.202,0.755,0.405,0.8;aa;
aaaaaaaaa;0.796,0.263,0.0414,0.903,0.891,0.561,0.578,0.945,0.966,0.205;aa;
aaaaaaa;0.583,0.89,0.315,0.647,0.314,0.719,0.74,0.71,0.736,0.483;aaa;
aaaaa;0.217,0.713,0.264,0.349,0.789,0.56,0.894,0.485,0.554,0.187;aaaaaaaa;
aa;0.446,0.365,0.14,0.977,0.588,0.184,0.726,0.927,0.962,0.322;aaaa;
aaa;0.178,0.506,0.557,0.767,0.814,0.798,0.933,0.864,0.183,0.135;aaaaaaaaaa;
aaaa;0.298,0.803,0.233,0.727,0.435,0.856,0.861,0.634,0.745,0.472;aaaa;
aaaaaaa;0.63,0.316,0.598,0.53,0.976,0.155,0.572,0.484,0.147,0.864;aaaaaaaa;
aaaaaa;0.501,0.41,0.437,0.696,0.133,0.787,0.165,0.201,0.27,0.731;aaaaaaaa;
aaa;0.157,0.91,0.156,0.283,0.0738,0.717,0.203,0.909,0.0936,0.541;aaaa;
aaaaa;0.552,0.0732,0.182,0.747,0.921,0.916,0.478,0.243,0.592,0.767;aaaa;
a;0.404,0.46,0.542,0.673,0.409,0.5,0.429,0.964,0.05,0.34;aaaaa;
aaaaaaaaaa;0.25,0.311,0.449,0.729,0.863,0.477,0.465,0.248,0.397,0.621;aaaaaaa;
aaaaaa;0.484,0.488,0.497,0.883,0.992,0.286,0.619,0.703,0.612,0.306;aaaa;
aaaaaa;0.841,0.983,0.726,0.399,0.624,0.148,0.463,0.282,0.829,0.313;aaaaaaaaaa;
aaaaa;0.405,0.0193,0.403,0.897,0.915,0.859,0.878,0.00719,0.689,0.518;a;
aaaaaaa;0.686,0.814,0.477,0.286,0.503,0.829,0.445,0.346,0.0114,0.744;aaa;
aaaaa;0.681,0.267,0.943,0.0215,0.351,0.567,0.582,0.465,0.143,0.0767;a;
aaaaaaaaa;0.275,0.623,0.836,0.227,0.046,0.147,0.0468,0.325,0.801,0.992;aa;
aa;0.382,0.432,0.26,0.065,0.85,0.458,0.826,0.235,0.192,0.361;aaaaaaaaa;
aaaaaaaaaa;0.385,0.841,0.258,0.364,0.817,0.946,0.609,0.00385,0.311,0.268;aaa;
a;0.995,0.514,0.461,0.578,0.625,0.138,0.911,0.166,0.815,0.692;aaaaaaaa;
aaa;0.302,0.851,0.365,0.451,0.425,0.926,0.204,0.406,0.927,0.14;aaa;
aaaaa;0.681,0.656,0.0923,0.537,0.937,0.238,0.331,0.799,0.622,0.98;aaaaaaaa;
aaaaaaaa;0.884,0.0846,0.577,0.117,0.000453,0.587,0.0218,0.521,0.159,0.803;aaaaa;
aaaaaaaaaa;0.654,0.143,0.333,0.481,0.979,0.176,0.296,0.942,0.574,0.0857;aaaaaaaa;
aaaaa;0.685,0.346,0.00417,0.147,0.411,0.328,0.349,0.713,0.859,0.181;aa;
aaaaa;0.523,0.47,0.223,0.133,0.449,0.413,0.483,0.628,0.238,0.892;aaaaaaaaa;
aaaaaaa;0.958,0.943,0.744,0.944,0.488,0.413,0.191,0.24,0.133,0.362;aaaaaa;
aaaaaaaaa;0.663,0.06,0.83,0.749,0.648,0.932,0.775,0.375,0.12,0.135;aaaaaaaaa;
aa;0.108,0.335,0.284,0.687,0.000965,0.968,0.726,0.0603,0.805,0.1;aaaaaaaa;
a;0.404,0.51,0.464,0.454,0.945,0.827,0.812,0.786,0.687,0.468;aaaaaaaaaa;
aaa;0.97,0.988,0.114,0.354,0.902,0.184,0.0297,0.0136,0.937,0.0657;aaaaaa;
aaaaaaaa;0.502,0.728,0.347,0.875,0.747,0.0728,0.896,0.0295,0.136,0.977;aaaaaaaaa;
a;0.442,0.369,0.614,0.329,0.231,0.835,0.477,0.616,0.932,0.751;aaaaaa;
aaaaaa;0.477,0.474,0.723,0.445,0.0493,0.97,0.325,0.549,0.134,0.534;aaaaaaaaaa;
aaaaaaaaa;0.0228,0.625,0.603,0.383,0.51,0.425,0.2,0.384,0.903,0.298;a;
aaaa;0.162,0.82,0.365,0.107,0.285,0.0556,0.816,0.615,0.0525,0.0616;aaaaaaaa;
a;0.123,0.497,0.516,0.777,0.0872,0.865,0.21,0.951,0.976,0.309;aa;
aaaaaaaaaa;0.71,0.191,0.00238,0.884,0.207,0.887,0.815,0.591,0.188,0.933;aaaaaaaaa;
aaaaaaaaa;0.76,0.538,0.589,0.543,0.256,0.469,0.19,0.928,0.998,0.382;aa;
aaaaaaaaa;0.0905,0.44,0.78,0.675,0.868,0.963,0.911,0.163,0.807,0.553;aaaaa;
aaaaa;0.402,0.166,0.13,0.358,0.783,0.35,0.932,0.73,0.595,0.00538;aaaa;
aaaaaaa;0.296,0.701,0.323,0.786,0.267,0.742,0.667,0.795,0.775,0.266;aaaaa;
aa;0.828,0.159,0.98,0.571,0.82,0.551,0.172,0.17,0.0182,0.894;aaaaaa;
aaaaaaaaaa;0.529,0.549,0.367,0.148,0.601,0.905,0.631,0.28,0.78,0.271;aaaa;
aaa;0.326,0.549,0.621,0.757,0.0324,0.357,0.932,0.168,0.836,0.242;aa;
aaaaaaaaa;0.68,0.555,0.62,0.188,0.292,0.647,0.64,0.0727,0.169,0.71;aaaaaa;
aaaaaaa;0.0741,0.269,0.0145,0.691,0.979,0.405,0.704,0.569,0.119,0.855;aaaaaaaa;
aaaaa;0.229,0.235,0.436,0.642,0.23,0.0478,0.688,0.114,0.0598,0.447;aaa;
aaaa;0.106,0.168,0.0396,0.51,0.25,0.681,0.211,0.279,0.371,0.541;aaaaaaaa;
aaaaaaaaaa;0.951,0.168,0.663,0.875,0.132,0.3,0.0883,0.681,0.769,0.154;aaaaaa;
aaa;0.0752,0.775,0.297,0.961,0.779,0.295,0.924,0.0141,0.34,0.5;aa;
aaaaa;0.525,0.319,0.695,0.158,0.622,0.8,0.00625,0.891,0.224,0.859;aaaaaaa;
aaa;0.452,0.0693,0.443,0.227,0.41,0.0679,0.776,0.304,0.741,0.189;aaaaaa;
a;0.336,0.807,0.61,0.345,0.939,0.0699,0.649,0.215,0.0357,0.728;aaaaaaaaa;
aaaaaaaaa;0.341,0.79,0.817,0.248,0.437,0.252,0.345,0.639,0.797,0.948;aa;
aaaaaaa;0.358,0.585,0.866,0.624,0.585,0.688,0.904,0.261,0.696,0.484;a;
aaaaaaa;0.109,0.351,0.969,0.311,0.606,0.29,0.786,0.304,0.931,0.511;aaaaa;
aaaaaaaa;0.55,0.0513,0.236,0.0781,0.816,0.43,0.478,0.53,0.565,0.87;aaaaaaaaa;
aaaaaaaaaa;0.318,0.956,0.541,0.774,0.637,0.413,0.262,0.299,0.367,0.325;aaaaaaa;
aaaaaaaa;0.817,0.949,0.454,0.42,0.481,0.657,0.891,0.377,0.852,0.956;aaaaaaaaa;
a;0.938,0.647,0.0649,0.0572,0.657,0.87,0.591,0.775,0.818,0.821;aaa;
aa;0.478,0.839,0.932,0.795,3.53e-05,0.628,0.855,0.715,0.49,0.068;aaaaa;
aaaaa;0.7,0.776,0.167,0.533,0.9,0.999,0.332,0.233,0.88,0.223;a;
aaaa;0.375,0.838,0.617,0.0213,0.966,0.96,0.222,0.773,0.916,0.895;aaaaaaaa;
aa;0.877,0.0769,0.731,0.175,0.377,0.924,0.216,0.415,0.57,0.773;aaaaaaaaa;
aaaaaaaa;0.404,0.324,0.855,0.00469,0.769,0.937,0.955,0.845,0.733,0.933;a;
aaa;0.132,0.641,0.707,0.717,0.56,0.54,0.73,0.529,0.11,0.926;aa;
aaaaaaaaa;0.133,0.886,0.429,0.72,0.168,0.912,0.249,0.493,0.0188,0.134;aaaaaaaaaa;
aaaa;0.726,0.271,0.058,0.792,0.76,0.927,0.677,0.653,0.309,0.116;a;
aaaaaa;0.337,0.125,0.969,0.622,0.497,0.933,0.622,0.423,0.125,0.941;aaaaaaa;
aaa;0.375,0.687,0.254,0.31,0.22,0.113,0.228,0.795,0.66,0.992;aa;
aaaaaaaa;0.258,0.848,0.572,0.667,0.279,0.692,0.838,0.283,0.947,0.792;aa;
aaaaaaaa;0.901,0.0439,0.0531,0.237,0.768,0.129,0.426,0.251,0.895,0.433;aaaaa;
aaaaaa;0.619,0.0296,0.861,0.116,0.706,0.0515,0.034,0.236,0.875,0.458;a;
aaaaa;0.246,0.277,0.0731,0.459,0.0517,0.42,0.338,0.689,0.439,0.159;aaaaa;
aaaaaaaa;0.0587,0.878,0.445,0.559,0.656,0.391,0.392,0.879,0.827,0.95;aaa;
aaaaa;0.019,0.676,0.677,0.398,0.213,0.403,0.504,0.444,0.164,0.988;aaaaaaaaaa;
aaa;0.0848,0.714,0.22,0.602,0.551,0.121,0.0932,0.145,0.099,0.682;aaaaaa;
aaaa;0.793,0.951,0.658,0.242,0.717,0.908,0.63,0.382,0.257,0.533;aaaaaaaaa;
aaa;0.321,0.955,0.275,0.179,0.935,0.783,0.22,0.83,0.724,0.772;aaaaaaaaa;
aa;0.506,0.14,0.837,0.968,0.125,0.0471,0.888,0.834,0.421,0.965;aaaaaa;
aaaaaa;0.488,0.868,0.433,0.914,0.996,0.978,0.182,0.25,0.803,0.264;aaaaaaa;
aaaaaaaaaa;0.771,0.646,0.27,0.391,0.0441,0.313,0.949,0.866,0.126,0.743;aaaaaaaaaa;
aa;0.69,0.32,0.0766,0.533,0.515,0.949,0.213,0.487,0.301,0.496;aaaaa;
aaaaaaaa;0.283,0.239,0.902,0.859,0.812,0.497,0.186,0.716,0.379,0.717;aaaaaaaa;
aaa;0.866,0.503,0.739,0.206,0.764,0.041,0.374,0.223,0.446,0.392;a;
aaaa;0.0375,0.0674,0.573,0.254,0.741,0.905,0.757,0.876,0.04,0.88;aaaa;
aaa;0.12,0.325,0.638,0.605,0.00832,0.832,0.712,0.8,0.871,0.134;aaaaaa;
aaaaaaaa;0.349,0.584,0.278,0.927,0.0677,0.625,0.693,0.653,0.441,0.526;aaaaaaaaaa;
aaaaaaaaa;0.892,0.00665,0.855,0.013,0.197,0.853,0.0124,0.777,0.191,0.763;a;
aaa;0.145,0.0592,0.349,0.129,0.639,0.623,0.432,0.0379,0.287,0.205;aaaa;
aa;0.299,0.582,0.957,0.195,0.0831,0.413,0.808,0.429,0.146,0.914;aaaaaa;
aaaaaaaaaa;0.153,0.555,0.647,0.544,0.276,0.741,0.615,0.574,0.668,0.546;aaaaaa;
aa;0.857,0.774,0.97,0.325,0.0375,0.936,0.0643,0.623,0.327,0.757;aaaa;
aaaaaaaaaa;0.937,0.669,0.552,0.362,0.628,0.241,0.809,0.0177,0.472,0.244;aaa;
aaaaa;0.296,0.0886,0.324,0.696,0.0834,0.047,0.229,0.614,0.98,0.242;aaaaaaa;
aaaaa;0.3,0.924,0.103,0.362,0.203,0.385,0.0792,0.054,0.192,0.397;aaaa;
aa;0.657,0.941,0.246,0.84,0.947,0.0723,0.0645,0.716,0.959,0.731;aaaa;
aaaaa;0.854,0.916,0.75,0.866,0.617,0.223,0.344,0.955,0.573,0.897;aaaa;
aa;0.0456,0.0462,0.565,0.556,0.247,0.511,0.00325,0.07,0.0593,0.677;aaa;
aaaaaaa;0.219,0.931,0.87,0.947,0.945,0.463,0.93,0.653,0.0633,0.807;aa;
aaaa;0.182,0.979,0.268,0.627,0.000385,0.758,0.00375,0.973,0.506,0.921;aaaaaa;
aaaaaaaaaa;0.773,0.758,0.836,0.206,0.0275,0.0534,0.589,0.161,0.583,0.819;aaa;
aaaa;0.321,0.881,0.049,0.0829,0.267,0.939,0.289,0.64,0.38,0.909;aaaaaa;
aaa;0.628,0.864,0.151,0.414,0.585,0.538,0.806,0.37,0.0238,0.821;aaa;
aaaaaaaaaa;0.0677,0.204,0.872,0.886,0.229,0.897,0.963,0.817,0.476,0.145;aaaaaa;
aa;0.365,0.0806,0.467,0.108,0.867,0.476,0.29,0.246,0.101,0.0293;aaaaaaaaa;
aaa;0.957,0.905,0.122,0.0321,0.365,0.348,0.538,0.845,0.392,0.763;aaaaaa;
aaa;0.603,0.224,0.983,0.941,0.639,0.17,0.609,0.922,0.118,0.471;aaaaaaaaa;
aaaaaaaaa;0.628,0.642,0.398,0.681,0.782,0.201,0.602,0.911,0.324,0.554;aaaaaaaaa;
aaaaaaaaaa;0.303,0.254,0.57,0.558,0.162,0.848,0.656,0.544,0.541,0.166;aaa;
aaaaaaaa;0.706,0.831,0.135,0.824,0.928,0.792,0.436,0.798,0.743,0.406;aaaaaaaaa;
aaaaaaaa;0.211,0.103,0.526,0.868,0.927,0.407,0.966,0.813,0.161,0.118;aaaaaaa;
aaaaaaaa;0.592,0.0946,0.457,0.268,0.46,0.359,0.0974,0.452,0.993,0.769;aaaa;
aaaaa;0.741,0.874,0.35,0.774,0.985,0.107,0.407,0.686,0.634,0.215;aaaaaaaaaa;
aaaaaa;0.204,0.565,0.796,0.113,0.885,0.0461,0.776,0.822,0.385,0.939;aaa;
aa;0.307,0.151,0.874,0.921,0.749,0.921,0.302,0.458,0.18,0.769;aaa;
a;0.0938,0.204,0.132,0.459,0.974,0.376,0.981,0.448,0.231,0.131;aaaaa;
aaa;0.111,0.239,0.567,0.827,0.132,0.793,0.293,0.122,0.519,0.711;aaaa;
aaaa;0.7,0.927,0.764,0.242,0.709,0.0438,0.833,0.219,0.191,0.953;aaaaaaaa;
aa;0.885,0.32,0.484,0.735,0.366,0.569,0.771,0.128,0.917,0.165;aaaaa;
aaaaa;0.047,0.647,0.475,0.879,0.941,0.185,0.352,0.784,0.403,0.296;aaaa;
aaa;0.312,0.326,0.902,0.735,0.704,0.845,0.461,0.851,0.361,0.12;aaaaa;
aaaaaaaaa;0.938,0.252,0.519,0.318,0.78,0.238,0.44,0.498,0.291,0.929;aaaaaaaa;
aaaaaaaaaa;0.321,0.985,0.398,0.517,0.0251,0.713,0.966,0.408,0.335,0.875;aaaaaaa;
a;0.655,0.51,0.186,0.632,0.822,0.978,0.262,0.738,0.926,0.719;aaaaaaaa;
aaaaaaaaa;0.463,0.144,0.716,0.411,0.237,0.0744,0.992,0.213,0.426,0.991;aaaaaaaaa;
aaa;0.261,0.284,0.899,0.879,0.00355,0.448,0.683,0.927,0.488,0.324;aaaaaaaaa;
aaaaaaaa;0.79,0.498,0.645,0.652,0.814,0.951,0.825,0.276,0.0314,0.832;aaaaaaaaa;
aaaaaa;0.178,0.263,0.719,0.212,0.238,0.452,0.97,0.895,0.774,0.516;a;
aaa;0.102,0.289,0.205,0.967,0.936,0.589,0.437,0.0184,0.744,0.00386;a;
aaaa;0.596,0.189,0.968,0.822,0.275,0.235,0.15,0.972,0.218,0.883;aaaaaaa;
aa;0.15,0.883,0.698,0.021,0.889,0.04,0.133,0.913,0.492,0.742;aaa;
aaa;0.661,0.605,0.694,0.092,0.434,0.344,0.088,0.451,0.735,0.987;aaaa;
aaaaaaaa;0.924,0.0835,0.607,0.204,0.67,0.951,0.272,0.364,0.881,0.767;aaaaaaa;
aaaa;0.0501,0.32,0.292,0.0636,0.143,0.579,0.228,0.961,0.102,0.0876;aaaaaaa;
aaa;0.4,0.816,0.843,0.74,0.798,0.504,0.0365,0.586,0.224,0.281;aaaaaaaa;
aaaaaaaaa;0.313,0.528,0.406,0.115,0.501,0.931,0.0642,0.899,0.897,0.258;aaa;
aaaa;0.679,0.921,0.17,0.51,0.386,0.0229,0.972,0.844,0.888,0.0509;aaaaaaaaa;
a;0.408,0.968,0.575,0.299,0.257,0.493,0.664,0.567,0.0367,0.546;aaaaaaaaaa;
aaaaaaa;0.129,0.0183,0.515,0.711,0.614,0.386,0.192,0.872,0.639,0.987;aaaaaaa;
a;0.746,0.742,0.211,0.406,0.626,0.444,0.947,0.862,0.345,0.314;aaaaa;
aaaaaaaaa;0.78,0.901,0.254,0.528,0.0443,0.838,0.756,0.753,0.344,0.458;aaaaa;
aaaaaa;0.987,0.809,0.828,0.283,0.127,0.2,0.121,0.986,0.891,0.274;aaaa;
aaaaaaaaaa;0.709,0.0416,0.161,0.164,0.0581,0.993,0.931,0.637,0.0937,0.822;aaaaaaaaaa;
aa;0.642,0.113,0.968,0.558,0.884,0.855,0.104,0.609,0.737,0.734;aaaaaaaa;
aaaa;0.487,0.42,0.824,0.643,0.444,0.257,0.373,0.806,0.383,0.758;aaaaaaaa;
aaaa;0.827,0.465,0.0576,0.557,0.894,0.399,0.723,0.456,0.692,0.583;aaaaaaaa;
aaaa;0.686,0.0402,0.671,0.423,0.602,0.198,0.276,0.706,0.91,0.911;aaaaaaa;
a;0.0136,0.151,0.993,0.508,0.421,0.544,0.952,0.611,0.512,0.713;aa;
aaaaaa;0.181,0.991,0.0308,0.365,0.12,0.362,0.0974,0.884,0.973,0.314;a;
aaaaaaa;0.162,0.947,0.62,0.239,0.376,0.823,0.099,0.258,0.609,0.584;aaaaaaa;
aaaaaa;0.203,0.518,0.209,0.551,0.307,0.778,0.479,0.846,0.546,0.323;aaaa;
aaaaa;0.909,0.0493,0.503,0.792,0.356,0.263,0.499,0.29,0.264,0.147;aaaaaaaaa;
aa;0.524,0.918,0.593,0.937,0.229,0.932,0.492,0.414,0.302,0.906;aaa;
aaaaaaaaa;0.7,0.864,0.897,0.0683,0.207,0.593,0.604,0.368,0.761,0.0571;aaaaa;
aaaaaaaa;0.725,0.0198,0.391,0.678,0.118,0.21,0.951,0.307,0.541,0.87;aaaaaaaaaa;
aaaaaaaaa;0.636,0.924,0.0498,0.732,0.665,0.123,0.208,0.71,0.753,0.135;aaaaaaa;
aaaaa;0.75,0.413,0.916,0.849,0.433,0.388,0.0522,0.225,0.446,0.746;aaaaaaaaa;
aaa;0.445,0.944,0.891,0.49,0.283,0.244,0.196,0.786,0.602,0.0984;aaaaaaaa;
aaaaaaa;0.728,0.668,0.471,0.888,0.931,0.657,0.58,0.0366,0.279,0.175;a;
aaaa;0.262,0.0263,0.95,0.161,0.302,0.838,0.465,0.0246,0.428,0.278;a;
a;0.288,0.5,0.817,0.761,0.934,0.143,0.595,0.594,0.25,0.738;aaaaa;
aaaaaaaaa;0.87,0.546,0.0278,0.877,0.127,0.692,0.996,0.0571,0.111,0.784;aaaaa;
aaaaaaaaaa;0.32,0.275,0.708,0.368,0.454,0.092,0.54,0.506,0.292,0.539;aaaaa;
aaa;0.927,0.787,0.624,0.00196,0.623,0.844,0.512,0.351,0.123,0.487;a;
aaaa;0.654,0.838,0.128,0.0265,0.027,0.453,0.311,0.882,0.882,0.425;aaaaaaa;
aa;0.42,0.0266,0.66,0.287,0.161,0.49,0.756,0.103,0.744,0.0818;a;
aaaaa;0.0594,0.756,0.285,0.432,0.586,0.493,0.668,0.554,0.227,0.617;aaaa;
aa;0.318,0.927,0.691,0.692,0.208,0.756,0.249,0.661,0.975,0.506;aaaaaa;
aaaaaaaaaa;0.601,0.74,0.44,0.93,0.315,0.0525,0.974,0.122,0.713,0.738;aaaaaaaaa;
aaaa;0.918,0.239,0.922,0.564,0.24,0.945,0.613,0.4,0.814,0.409;aaaaaaaaa;
aaa;0.495,0.117,0.843,0.32,0.618,0.376,0.911,0.462,0.403,0.574;aaaaaaa;
aaaaaaaa;0.182,0.396,0.374,0.808,0.451,0.728,0.396,0.541,0.37,0.589;aaaaaaaaa;
aaaaaaa;0.355,0.676,0.676,0.0816,0.251,0.362,0.764,0.336,0.106,0.799;aaaaa;
aaaaaaaaa;0.882,0.668,0.0944,0.952,0.427,0.771,0.212,0.44,0.0687,0.137;aa;
aaaaa;0.915,0.372,0.247,0.463,0.242,0.0288,0.347,0.942,0.995,0.453;aaaaa;
aaaaaa;0.915,0.424,0.873,0.908,0.932,0.692,0.866,0.29,0.782,0.293;aaaa;
aaaa;0.582,0.737,0.856,0.166,0.919,0.725,0.467,0.0492,0.317,0.195;aaaaaaaa;
aaaaaaaaaa;0.843,0.755,0.331,0.779,0.596,0.73,0.307,0.923,0.884,0.225;aaaaaaa;
aaaaaaa;0.883,0.048,0.292,0.273,0.995,0.00478,0.31,0.605,0.846,0.996;aaaaaaaaa;
aaa;0.465,0.579,0.209,0.591,0.229,0.75,0.0137,0.936,0.303,0.262;aaaaaaaaa;
aaaaaa;0.252,0.426,0.565,0.292,0.735,0.153,0.197,0.908,0.737,0.485;a;
aaaaaaa;0.227,0.987,0.176,0.843,0.401,0.719,0.998,0.623,0.316,0.0711;aa;
aaa;0.227,0.878,0.607,0.961,0.279,0.0797,0.733,0.518,0.247,0.193;aaaaaaaa;
aaaaa;0.657,0.929,0.839,0.0346,0.658,0.842,0.175,0.878,0.808,0.699;aaaaaaa;
aaaaa;0.758,0.737,0.0871,0.858,0.219,0.0189,0.829,0.835,0.951,0.714;aaaaaaaa;
aaa;0.724,0.205,0.303,0.993,0.239,0.996,0.178,0.605,0.854,0.848;aaaaaaaa;
aaaaaaaaa;0.422,0.00254,0.408,0.71,0.661,0.93,0.595,0.801,0.196,0.824;aaa;
a;0.217,0.597,0.341,0.104,0.395,0.0427,0.802,0.992,0.168,0.12;aaaaaaaa;
aa;0.385,0.0346,0.634,0.284,0.616,0.342,0.918,0.557,0.368,0.254;aaaa;
aaaaa;0.261,0.849,0.157,0.701,0.605,0.646,0.469,0.239,0.473,0.538;a;
aaaaa;0.456,0.454,0.8,0.729,0.185,0.84,0.619,0.924,0.867,0.588;aaaaaa;
aaaaaaa;0.949,0.506,0.685,0.993,0.39,0.255,0.845,0.357,0.28,0.369;aaaaaaaa;
aaaaaaa;0.781,0.625,0.159,0.7,0.866,0.473,0.899,0.773,0.811,0.348;aaaaaaa;
aaaaaaaaaa;0.0877,0.56,0.709,0.411,0.0714,0.902,0.216,0.731,0.397,0.615;aaaaaaaaaa;
aaaaaaaaaa;0.975,0.817,0.383,0.203,0.132,0.328,0.274,0.39,0.596,0.542;aaa;
aaaaaaa;0.214,0.136,0.46,0.609,0.0663,0.818,0.722,0.929,0.111,0.081;aaaa;
aaaaaaaaa;0.779,0.17,0.191,0.929,0.896,0.695,0.62,0.318,0.795,0.136;aaaaaaaaaa;
aaaaaaaa;0.274,0.215,0.245,0.0259,0.168,0.282,0.0247,0.177,0.279,0.36;aa;
aaaaaaaa;0.972,0.159,0.837,0.243,0.186,0.247,0.0538,0.994,0.639,0.0717;a;
a;0.00851,0.314,0.913,0.873,0.567,0.671,0.449,0.85,0.0899,0.191;aaaaa;
aaa;0.699,0.742,0.846,0.958,0.141,0.506,0.404,0.177,0.464,0.284;aa;
aaaaa;0.702,0.484,0.438,0.96,0.669,0.242,0.256,0.652,0.849,0.0222;aaa;
aaaaaa;0.181,0.697,0.139,0.26,0.222,0.127,0.353,0.087,0.296,0.597;aaaaaa;
aaaaaaaa;0.837,0.399,0.569,0.474,0.981,0.947,0.143,0.938,0.0809,0.391;aaaaaa;
aaa;0.382,0.713,0.22,0.412,0.523,0.412,0.782,0.136,0.244,0.719;aaaaaaaaaa;
aaaaa;0.569,0.526,0.555,0.357,0.594,0.977,0.751,0.237,0.683,0.0491;aaaaa;
aaa;0.806,0.622,0.956,0.61,0.298,0.351,0.0463,0.0665,0.585,0.29;aaaaaaaa;
aa;0.0225,0.055,0.874,0.723,0.509,0.23,0.169,0.0599,0.625,0.109;aaa;
aaa;0.555,0.422,0.636,0.126,0.095,0.392,0.593,0.123,0.347,0.15;aa;
aaaaaaaaa;0.0718,0.247,0.873,0.0818,0.21,0.262,0.935,0.837,0.965,0.747;aaaaaaa;
aaaaaaaa;0.778,0.898,0.0251,0.326,0.169,0.0928,0.388,0.0691,0.279,0.376;aa;
a;0.594,0.534,0.321,0.319,0.0321,0.743,0.345,0.882,0.744,0.751;aaaaa;
aaaa;0.639,0.512,0.323,0.575,0.962,0.514,0.0821,0.0719,0.514,0.68;aaaaaaa;
aaaaaa;0.772,0.987,0.261,0.988,0.556,0.402,0.124,0.985,0.368,0.118;aaaaaaaa;
aaaaaaaa;0.958,0.307,0.764,0.0883,0.639,0.108,0.152,0.194,0.332,0.726;aaaaa;
aaa;0.253,0.302,0.364,0.934,0.893,0.585,0.208,0.591,0.565,0.358;aaaaa;
aa;0.541,0.261,0.429,0.155,0.0911,0.596,0.451,0.92,0.542,0.399;aaaaaaa;
aaaaaaaaa;0.493,0.156,0.062,0.392,0.522,0.269,0.563,0.000535,0.237,0.45;aaaaaa;
aaaaaaaaa;0.184,0.935,0.718,0.0219,0.27,0.328,0.494,0.167,0.355,0.874;aaaaaaa;
aaaaaaaaa;0.302,0.125,0.735,0.323,0.0832,0.689,0.751,0.745,0.302,0.096;aaaaaaaaaa;
aa;0.203,0.86,0.0152,0.84,0.51,0.239,0.0621,0.157,0.00837,0.625;aaaaaaa;
aaaaaaaaaa;0.0193,0.322,0.945,0.494,0.337,0.485,0.479,0.626,0.851,0.303;aaaaaaa;
aaaa;0.25,0.429,0.579,0.103,0.259,0.0497,0.341,0.821,0.44,0.253;aaaaaaaaa;
aa;0.261,0.202,0.925,0.809,0.22,0.229,0.75,0.386,0.0292,0.759;aaaaaaaaaa;
aaaaaaaaa;0.905,0.356,0.268,0.0545,0.473,0.423,0.301,0.145,0.527,0.849;aaaaaaaaaa;
aaa;0.814,0.606,0.192,0.823,0.606,0.539,0.735,0.506,0.738,0.0485;aaaaaaaaa;
aaaaaaaaa;0.976,0.611,0.837,0.0251,0.0721,0.0994,0.918,0.132,0.778,0.784;aaa;
aaaaaaaaaa;0.25,0.226,0.662,0.926,0.524,0.518,0.168,0.146,0.95,0.393;aaaaa;
aaaaaaaaaa;0.601,0.482,0.0776,0.636,0.136,0.964,0.703,0.0973,0.948,0.349;aaaaaaa;
aaaaaaa;0.451,0.536,0.581,0.806,0.173,0.205,0.386,0.307,0.988,0.163;aaaaaaaaa;
aaaaaaaa;0.435,0.179,0.65,0.88,0.375,0.529,0.0594,0.0257,0.344,0.512;aaaaaaaaaa;
aa;0.865,0.457,0.622,0.359,0.802,0.639,0.3,0.232,0.491,0.18;a;
aaaaaaaaaa;0.467,0.915,0.889,0.917,0.186,0.667,0.51,0.362,0.722,0.45;a;
aa;0.0656,0.4,0.28,0.232,0.498,0.491,0.944,0.846,0.174,0.993;aaaaaaa;
aa;0.758,0.037,0.837,0.795,0.706,0.899,0.731,0.135,0.243,0.944;aaaaaaaaa;
aaaaa;0.312,0.161,0.624,0.679,0.524,0.55,0.447,0.415,0.956,0.339;aaaaaa;
a;0.348,0.0818,0.384,0.23,0.925,0.21,0.417,0.146,0.602,0.604;aaaaa;
aaaaaa;0.856,0.52,0.929,0.196,0.307,0.715,0.579,0.411,0.636,0.684;aaaa;
a;0.633,0.774,0.0519,1,0.47,0.861,0.986,0.766,0.616,0.511;aaaaaa;
aaaaaaaa;0.413,0.914,0.62,0.409,0.015,0.874,0.2,0.391,0.271,0.169;aaaaaaaa;
aaaaaaa;0.321,0.427,0.489,0.0773,0.22,0.0429,0.915,0.738,0.681,0.444;aaaaaa;
aaaaa;0.0857,0.4,0.155,0.135,0.754,0.855,0.832,0.934,0.333,0.501;a;
aaaaaaaa;0.106,0.497,0.87,0.698,0.161,0.48,0.962,0.211,0.692,0.937;aa;
aaaaaa;0.0617,0.959,0.265,0.572,0.0962,0.633,0.585,0.528,0.311,0.0883;aaaaaaaaaa;
aaa;0.403,0.0749,0.687,0.739,0.682,0.363,0.764,0.777,0.772,0.859;aa;
aa;0.0511,0.443,0.501,0.686,0.448,0.927,0.773,0.228,0.267,0.935;aaaa;
aaaaaa;0.879,0.957,0.622,0.0624,0.395,0.868,0.717,0.456,0.769,0.454;aaaaaaaa;
aaaaaaaaa;0.906,0.745,0.154,0.985,0.469,0.786,0.581,0.523,0.0906,0.412;aa;
a;0.0806,0.121,0.496,0.292,0.237,0.136,0.128,0.216,0.0888,0.693;aaaaaaaaa;
aaa;0.795,0.456,0.808,0.35,0.131,0.0921,0.953,0.954,0.319,0.899;aaaaaa;
aaaa;0.566,0.634,0.386,0.351,0.244,0.337,0.499,0.173,0.361,0.518;aaaa;
aaaaa;0.868,0.729,0.441,0.491,0.157,0.483,0.287,0.059,0.504,0.776;aaaa;
aaaaa;0.647,0.531,0.73,0.711,0.515,0.653,0.954,0.531,0.595,0.753;aaaaa;
aaaaa;0.848,0.551,0.235,0.582,0.242,0.601,0.204,0.332,0.349,0.0954;aaaaaaa;
aaaa;0.257,0.357,0.305,0.206,0.643,0.0796,0.467,0.162,0.0432,0.562;aaa;
aaaaaaaaa;0.126,0.551,0.522,0.63,0.27,0.736,0.936,0.0599,0.394,0.0328;aa;
aaaaaaaaaa;0.885,0.595,0.644,0.583,0.5,0.33,0.0986,0.358,0.675,0.534;aaaaaaaaaa;
aaaaaaa;0.146,0.0786,0.749,0.883,0.295,0.709,0.946,0.394,0.74,0.823;aaa;
aaaaaaaaa;0.236,0.227,0.97,0.755,0.42,0.529,0.87,0.275,0.655,0.12;aaaaaaaaaa;
aaaaaa;0.154,0.813,0.0672,0.292,0.019,0.97,0.645,0.252,0.148,0.628;aaaaaaaaaa;
aaa;0.686,0.83,0.291,0.178,0.236,0.732,0.94,0.194,0.771,0.614;aaaaaaaaaa;
aaaa;0.715,0.135,0.657,0.958,0.363,0.213,0.325,0.99,0.814,0.357;aa;
aaaaaaaaa;0.689,0.538,0.339,0.267,0.798,0.97,0.777,0.854,0.151,0.668;aaaaaaaaa;
aaaaa;0.631,0.532,0.12,0.711,0.83,0.562,0.736,0.649,0.171,0.578;aaaa;
aaaaaaa;0.597,0.862,0.75,0.334,0.366,0.62,0.994,0.268,0.0549,0.855;aaaa;
a;0.407,0.723,0.831,0.0296,0.477,0.316,0.152,0.537,0.169,0.529;aaaaaaaaaa;
aaaaaaa;0.772,0.223,0.894,0.638,0.888,0.682,0.248,0.763,0.395,0.35;aaaaaaaa;
aaaaaaaaaa;0.285,0.814,0.471,0.0731,0.18,0.994,0.465,0.0174,0.666,0.613;aaa;
aaaaaaaa;0.696,0.16,0.986,0.391,0.0609,0.363,0.461,0.197,0.283,0.945;a;
aaaaaaa;0.958,0.925,0.365,0.126,0.0454,0.6,0.427,0.194,0.0138,0.876;aaaaaaaa;
aa;0.265,0.409,0.632,0.0715,0.0578,0.0687,0.547,0.898,0.451,0.283;aa;
a;0.729,0.578,0.991,0.0372,0.506,0.341,0.554,0.0518,0.602,0.429;aa;
aaaaaaa;0.27,0.445,0.171,0.592,0.0965,0.758,0.355,0.629,0.389,0.0678;aaaaaaa;
aa;0.611,0.197,0.832,0.775,0.313,0.289,0.993,0.306,0.808,0.0407;aaaaaaaaaa;
aaaa;0.831,0.0383,0.126,0.29,0.00355,0.136,0.138,0.448,0.659,0.43;a;
aaaaaaaaaa;0.906,0.362,0.0409,0.305,0.402,0.0917,0.385,0.554,0.284,0.802;aa;
aaaaaaaaa;0.98,0.762,0.69,0.493,0.873,0.228,0.807,0.797,0.782,0.371;aaaaaaaa;
aa;0.356,0.26,0.734,0.318,0.288,0.137,0.133,0.893,0.95,0.59;aaaaaaaaaa;
aaaaaaa;0.84,0.823,0.424,0.597,0.0766,0.126,0.59,0.343,0.284,0.476;aaaaaa;
aaaa;0.616,0.413,0.123,0.618,0.0315,0.39,0.39,0.203,0.129,0.854;aaaa;
aaaaaaaaaa;0.785,0.556,0.325,0.516,0.773,0.596,0.121,0.32,0.979,0.217;aaaaaaaa;
aaa;0.48,0.0608,0.718,0.154,0.933,0.18,0.178,0.444,0.893,0.462;aaaaaaaaaa;
aaaaaaaaa;0.474,0.671,0.363,0.848,0.614,0.938,0.647,0.596,0.0761,0.422;aaaaa;
a;0.269,0.0765,0.622,0.547,0.723,0.813,0.515,0.436,0.844,0.71;a;
aaaaaaaaaa;0.355,0.942,0.79,0.122,0.967,0.603,0.499,0.27,0.556,0.783;aa;
aaaaaaaaaa;0.0797,0.578,0.0627,0.992,0.586,0.455,0.163,0.0709,0.264,0.117;aaaaaaaaaa;
aaaaaaa;0.0198,0.0226,0.236,0.194,0.653,0.186,0.3,0.472,0.799,0.339;aaaa;
aaaaaaaaa;0.00631,0.646,0.514,0.654,0.339,0.227,0.178,0.543,0.431,0.975;aaaaaa;
aaaa;0.427,0.745,0.0868,0.88,0.813,0.225,0.574,0.0345,0.338,0.196;aaaa;
aaaaaaaaaa;0.642,0.798,0.902,0.0728,0.659,0.75,0.0482,0.0704,0.592,0.382;aaaaaaaaa;
aaaaa;0.513,0.0691,0.493,0.745,0.648,0.483,0.238,0.493,0.91,0.76;aaaaaaaaaa;
aaaaaaa;0.693,0.772,0.497,0.459,0.406,0.454,0.951,0.392,0.576,0.131;aaaaaaa;
aaaaaaaaa;0.35,0.734,0.597,0.693,0.36,0.194,0.98,0.218,0.156,0.891;aaaaaaaa;
aaaaaa;0.696,0.143,0.785,0.0678,0.457,0.476,0.03,0.109,0.112,0.391;a;
a;0.491,0.252,0.818,0.883,0.78,0.394,0.551,0.725,0.147,0.34;aa;
aaaaaaaaa;0.912,0.506,0.861,0.337,0.363,0.191,0.0171,0.696,0.0225,0.189;aaaaaaaaa;
aa;0.411,0.546,0.269,0.187,0.618,0.0972,0.655,0.788,0.541,0.726;aaaaaaaaa;
aaa;0.133,0.036,0.431,0.0477,0.151,0.764,0.465,0.0403,0.253,0.654;aaaaa;
aaa;0.563,0.283,0.238,0.047,0.489,0.708,0.0208,0.9,0.0291,0.495;aaaaaa;
a;0.551,0.0529,0.421,0.458,0.978,0.885,0.998,0.871,0.618,0.199;aaaaaa;
aaaa;0.35,0.655,0.114,0.237,0.0864,0.974,0.901,0.678,0.778,0.804;aaaaaaa;
aaaaaaaaa;0.921,0.494,0.89,0.759,0.664,0.668,0.422,0.943,0.941,0.221;aaaaaaaa;
aaaaaaaaa;0.375,0.241,0.0291,0.483,0.662,0.986,0.766,0.769,0.948,0.383;aaaaaaa;
aaaaaaaaa;0.536,0.13,0.963,0.262,0.0492,0.802,0.0753,0.113,0.19,0.851;aaa;
aaaaa;0.162,0.891,0.426,0.464,0.876,0.582,0.478,0.579,0.184,0.411;aaaaaaaaaa;
aaa;0.523,0.577,0.275,0.679,0.89,0.696,0.875,0.911,0.167,0.556;a;
aaaaaaa;0.34,0.376,0.63,0.899,0.174,0.0429,0.269,0.565,0.559,0.544;aaaaaa;
aaa;0.631,0.499,0.88,0.59,0.773,0.899,0.267,0.759,0.58,0.634;aaa;
aaaaaa;0.156,0.93,0.119,0.719,0.804,0.314,0.407,0.592,0.175,0.0728;aaaaaaa;
aaa;0.405,0.644,0.427,0.796,0.816,0.841,0.861,0.0743,0.0974,0.265;aaaaaaa;
aaaaaaa;0.54,0.00144,0.333,0.174,0.513,0.822,0.621,0.0702,0.471,0.823;aaaaa;
aaaa;0.78,0.408,0.885,0.0567,0.73,0.33,0.94,0.574,0.625,0.648;aaaa;
aaa;0.631,0.499,0.88,0.59,0.773,0.899,0.267,0.759,0.58,0.634;aa;
aaaaaa;0.156,0.93,0.119,0.719,0.804,0.314,0.407,0.592,0.175,0.0728;aaaaaaaaaa;
aaa;0.405,0.644,0.427,0.796,0.816,0.841,0.861,0.0743,0.0974,0.265;aaaaaa;
aaaaaaa;0.54,0.00144,0.333,0.174,0.513,0.822,0.621,0.0702,0.471,0.823;aaaa;
aaaa;0.78,0.408,0.885,0.0567,0.73,0.33,0.94,0.574,0.625,0.648;aaaaaaaaaa;
aaa;0.631,0.499,0.88,0.59,0.773,0.899,0.267,0.759,0.58,0.634;a;
aaaaaa;0.156,0.93,0.119,0.719,0.804,0.314,0.407,0.592,0.175,0.0728;aaaaaaaa;
aaa;0.405,0.644,0.427,0.796,0.816,0.841,0.861,0.0743,0.0974,0.265;aaaaaa;
aaaaaaa;0.54,0.00144,0.333,0.174,0.513,0.822,0.621,0.0702,0.471,0.823;aaaaaaa;
aaaa;0.78,0.408,0.885,0.0567,0.73,0.33,0.94,0.574,0.625,0.648;aaaaaaa;
aaa;0.631,0.499,0.88,0.59,0.773,0.899,0.267,0.759,0.58,0.634;aa;
aaaaaa;0.156,0.93,0.119,0.719,0.804,0.314,0.407,0.592,0.175,0.0728;a;
aaa;0.405,0.644,0.427,0.796,0.816,0.841,0.861,0.0743,0.0974,0.265;aaaaaaaa;
aaaaaaa;0.54,0.00144,0.333,0.174,0.513,0.822,0.621,0.0702,0.471,0.823;aa;
aaaa;0.78,0.408,0.885,0.0567,0.73,0.33,0.94,0.574,0.625,0.648;aa;
aaa;0.631,0.499,0.88,0.59,0.773,0.899,0.267,0.759,0.58,0.634;aaaaaa;
aaaaaa;0.156,0.93,0.119,0.719,0.804,0.314,0.407,0.592,0.175,0.0728;aaa;
aaa;0.405,0.644,0.427,0.796,0.816,0.841,0.861,0.0743,0.0974,0.265;aaaaaa;
aaaaaaa;0.54,0.00144,0.333,0.174,0.513,0.822,0.621,0.0702,0.471,0.823;aaaaaaaaaa;
aaaa;0.78,0.408,0.885,0.0567,0.73,0.33,0.94,0.574,0.625,0.648;aaaa;
