ATT0(float,4);ATT1(float,1);ATT2(string,10);
0.487,0.0406,0.767,0.691;0.744;aaaaaaaa;
0.949,0.438,0.486,0.152;0.405;aaaaaaa;
0.395,0.408,0.145,0.295;0.813;aaa;
0.635,0.575,0.0294,0.377;0.0741;aaaaaaa;
0.385,0.208,0.213,0.133;0.777;aaaaaaa;
0.974,0.313,0.221,0.0844;0.196;aa;
0.912,0.642,0.728,0.912;0.88;aaaaaaaaa;
0.731,0.82,0.949,0.271;0.326;aaaaaaaa;
0.292,0.961,0.693,0.429;0.752;aaaaaaaaa;
0.728,0.555,0.257,0.964;0.663;aaaaaaa;
0.2,0.376,0.64,0.739;0.543;aaa;
0.12,0.298,0.889,0.146;0.172;aaa;
0.811,0.609,0.342,0.643;0.957;aaaaaaaaaa;
0.652,0.85,0.821,0.112;0.378;aaaaaaaaaa;
0.474,0.0117,0.429,0.216;0.877;aaaaaaaa;
0.563,0.893,0.667,0.407;0.354;a;
0.711,0.205,0.834,0.0127;0.472;aaaaaaaaaa;
0.993,0.856,0.987,0.555;0.142;a;
0.0131,0.555,0.669,0.617;0.911;aaaaaaaa;
0.802,0.589,0.225,0.885;0.254;aaaaaaa;
0.577,0.587,0.893,0.0228;0.434;aaaa;
0.42,0.238,0.466,0.957;0.193;aaaa;
0.129,0.238,0.145,0.449;0.499;aaaaa;
0.0256,0.212,0.32,0.577;0.539;aaaaaaa;
0.902,0.366,0.551,0.826;0.871;aaaaaa;
0.342,0.889,0.631,0.0578;0.149;aaaaaaaa;
0.167,0.881,0.569,0.881;0.705;aaaaaaa;
0.52,0.689,0.704,0.965;0.751;aaaaaaaaaa;
0.388,0.784,0.605,0.158;0.335;aaaaa;
0.52,0.905,0.768,0.255;0.434;aaaaa;
0.745,0.062,0.279,0.632;0.465;aaaaaaaaa;
0.171,0.26,0.543,0.167;0.0738;a;
0.279,0.0238,0.878,0.897;0.511;aaaaaaa;
0.538,0.302,0.537,0.188;0.97;aaaaa;
0.106,0.414,0.178,0.474;0.443;aaaaaa;
0.305,0.658,0.022,0.0635;0.356;aaaaaaaaa;
0.777,0.121,0.669,0.0234;0.647;aaaa;
0.414,0.108,0.214,0.0116;0.00175;a;
0.0169,0.00596,0.744,0.0132;0.372;aaa;
0.263,0.947,0.0763,0.855;0.894;a;
0.328,0.206,0.96,0.673;0.381;aaaaaaaaa;
0.967,0.144,0.111,0.509;0.573;aaaaaaaaaa;
0.828,0.568,0.808,0.832;0.62;aaaaaa;
0.00471,0.0688,0.391,0.116;0.994;aaaa;
0.405,0.223,0.818,0.54;0.0503;aaaaa;
0.338,0.96,0.607,0.981;0.0832;aaa;
0.365,0.136,0.445,0.765;0.629;a;
0.758,0.411,0.829,0.715;0.937;aaaaaaa;
0.812,0.569,0.586,0.45;0.339;aaaaaa;
0.572,0.182,0.663,0.306;0.141;aaaaaaa;
0.447,0.46,0.915,0.585;0.686;a;
0.141,0.401,0.352,0.103;0.308;aaaaaaaa;
0.827,0.457,0.445,0.721;0.203;a;
0.055,0.287,0.828,0.752;0.0141;aaaaaaa;
0.302,0.735,0.898,0.195;0.383;aaaa;
0.879,0.533,0.637,0.166;0.321;aaaaaaaa;
0.981,0.682,0.0525,0.135;0.237;aaaaa;
0.662,0.734,0.189,0.401;0.975;aaaaaa;
0.464,0.692,0.235,0.14;0.462;aaaaaaaaa;
0.326,0.215,0.403,0.383;0.48;aaaaaaaaaa;
0.227,0.346,0.348,0.452;0.648;a;
0.777,0.222,0.799,0.611;0.455;aaaaaaaaaa;
0.68,0.14,0.311,0.126;0.244;aaaaaaaa;
0.87,0.194,0.935,0.799;0.911;aaaaa;
0.226,0.378,0.944,0.923;0.762;aaaaaaaa;
0.857,0.34,0.0447,0.762;0.582;aaaa;
0.252,0.801,0.412,0.28;0.844;aaaaa;
0.79,0.983,0.805,0.982;0.149;aaaa;
0.522,0.837,0.731,0.317;0.788;aaaaaaaa;
0.0384,0.402,0.451,0.693;0.874;aaa;
0.361,0.483,0.0824,0.844;0.044;a;
0.204,0.309,0.36,0.442;0.759;aaaaaaa;
0.571,0.969,0.846,0.214;0.781;aaa;
0.353,0.381,0.621,0.506;0.109;aaa;
0.0706,0.385,0.499,0.36;0.326;aaa;
0.154,0.442,0.765,0.458;0.615;aaaaaaaaaa;
0.205,0.223,0.0565,0.713;0.141;aaaaaaaaaa;
0.868,0.243,0.277,0.178;0.398;aa;
0.456,0.621,0.0308,0.786;0.456;a;
0.188,0.408,0.995,0.678;0.138;aaaaaaaaaa;
0.644,0.868,0.222,0.474;0.221;aaaaaaaa;
0.404,0.368,0.447,0.4;0.176;aaaaaa;
0.863,0.587,0.553,0.356;0.0869;aaaaaaaa;
0.402,0.519,0.278,0.275;0.269;aaaaaaaaa;
0.324,0.0837,0.974,0.833;0.986;aaaaaa;
0.0643,0.132,0.16,0.172;0.647;aaaa;
0.121,0.459,0.027,0.513;0.425;aaaaaaaaaa;
0.403,0.12,0.141,0.766;0.435;aaaaaaaa;
0.395,0.47,0.117,0.107;0.908;aaaaaaaa;
0.229,0.749,0.00308,0.75;0.432;aaaaaa;
0.867,0.0954,0.327,0.535;0.0627;aaaaaaaa;
0.389,0.632,0.613,0.728;0.46;aaaaaaaa;
0.0927,0.0891,0.61,0.318;0.694;aa;
0.375,0.717,0.377,0.89;0.698;aaaaaaa;
0.871,0.563,0.467,0.496;0.729;aaaaaaa;
0.976,0.977,0.227,0.785;0.35;aaaaaa;
0.0827,0.173,0.436,0.488;0.841;aaaaaaaaaa;
0.215,0.951,0.521,0.106;0.509;a;
0.263,0.235,0.507,0.671;0.797;aa;
0.139,0.624,0.729,0.31;0.727;aaaaaaaaaa;
0.359,0.453,0.629,0.533;0.469;aaaaaaaa;
0.8,0.412,0.777,0.733;0.457;aaaaaaaaa;
0.328,0.443,0.0848,0.406;0.786;aaaaaaaa;
0.785,0.241,0.13,0.193;0.908;a;
0.44,0.749,0.682,0.957;0.793;aaaaaa;
0.728,0.193,0.38,0.0267;0.223;aaa;
0.578,0.739,0.754,0.0397;0.617;aaaaaa;
0.661,0.346,0.54,0.467;0.523;aaaaaaaa;
0.483,0.791,0.601,0.911;0.417;aaaaaaa;
0.193,0.29,0.302,0.226;0.73;aaaaaa;
0.0128,0.471,0.504,0.839;0.546;aaaaaaaa;
0.908,0.308,0.178,0.374;0.0461;a;
0.262,0.743,0.0315,0.366;0.741;aaaaaaaaaa;
0.863,0.00604,0.155,0.399;0.953;aaaaaaa;
0.138,0.864,0.306,0.86;0.717;aaaaaaaa;
0.659,0.441,0.295,0.647;0.947;aaaa;
0.277,0.608,0.935,0.119;0.0758;aaaa;
0.0604,0.529,0.35,0.924;0.81;aaaaa;
0.269,0.91,0.206,0.208;0.0539;a;
0.00723,0.0634,0.0605,0.336;0.359;aaaa;
0.125,0.247,0.0253,0.0456;0.0826;aaaaaaa;
0.407,0.0183,0.353,0.544;0.175;aaaaaaaaa;
0.849,0.119,0.953,0.00438;0.986;aa;
0.669,0.0514,0.0358,0.542;0.497;aaaaaa;
0.164,0.798,0.362,0.0811;0.492;aaaaaaaaaa;
0.0147,0.617,0.106,0.174;0.575;aaaaa;
0.236,0.67,0.566,0.562;0.927;aa;
0.129,0.928,0.669,0.0997;0.328;aaaaaaaaa;
0.78,0.301,0.43,0.418;0.333;aaaa;
0.661,0.254,0.815,0.122;0.939;aaaaa;
0.342,0.411,0.0155,0.675;0.107;aaaaaaaaaa;
0.966,0.861,0.295,0.257;0.424;aaaaaaaaa;
0.78,0.958,0.369,0.468;0.999;aaaaaaaaaa;
0.463,0.641,0.692,0.432;0.105;aaa;
0.578,0.231,0.0518,0.656;0.0934;aaaaaaaa;
0.315,0.77,0.836,0.772;0.373;aaa;
0.213,0.128,0.727,0.707;0.977;aaaaa;
0.155,0.814,0.725,0.361;0.0782;aaaaaaaaa;
0.169,0.00774,0.172,0.917;0.386;aaa;
0.354,0.726,0.809,0.385;0.992;aaaaa;
0.0911,0.625,0.676,0.402;0.147;aaaa;
0.357,0.307,0.204,0.295;0.0161;aa;
0.729,0.635,0.919,0.126;0.261;aaaaaaa;
0.0894,0.388,0.589,0.0852;0.121;aaa;
0.955,0.341,0.682,0.875;0.699;aaaa;
0.679,0.789,0.833,0.58;0.648;aa;
0.909,0.702,0.973,0.206;0.224;a;
0.105,0.148,0.951,0.947;0.976;aaaaaaa;
0.688,0.376,0.333,0.596;0.365;aaaa;
0.409,0.786,0.265,0.676;0.743;aaa;
0.283,0.315,0.522,0.875;0.442;aaaaaa;
0.487,0.657,0.359,0.262;0.267;aaa;
0.823,0.449,0.419,0.694;0.639;aaaaaaaa;
0.429,0.894,0.502,0.359;0.731;aaaaa;
0.727,0.748,0.392,0.912;0.279;aaaaaaaaa;
0.782,0.406,0.0957,0.517;0.305;aaaaa;
0.219,0.462,0.752,0.00385;0.303;aa;
0.845,0.721,0.577,0.507;0.0904;aaaaaaaa;
0.93,0.0154,0.552,0.318;0.434;aa;
0.193,0.293,0.803,0.693;0.882;a;
0.775,0.147,0.426,0.505;0.511;aaaa;
0.459,0.97,0.326,0.528;0.717;aaaaaaaa;
0.185,0.402,0.248,0.318;0.784;aaaa;
0.356,0.73,0.977,0.971;0.134;aaaaaa;
0.384,0.987,0.271,0.0692;0.0493;aaaaaaaaa;
0.296,0.142,0.402,0.895;0.856;aaaaaaaa;
0.484,0.213,0.98,0.676;0.778;aaaa;
0.488,0.235,0.937,0.739;0.315;aaaaaa;
0.789,0.533,0.698,0.412;0.643;aaaaaaaaaa;
0.651,0.532,0.0157,0.76;0.951;aaaa;
0.834,0.795,0.412,0.883;0.417;aaa;
0.00145,0.422,0.695,0.997;0.964;aaaaaaaaa;
0.563,0.689,0.111,0.807;0.298;aaa;
0.788,0.6,0.395,0.988;0.46;aa;
0.688,0.318,0.858,0.736;0.451;aa;
0.382,0.728,0.152,0.879;0.628;aaaa;
0.14,0.68,0.906,0.0766;0.455;aaaaaaa;
0.472,0.191,0.109,0.171;0.654;aaaaa;
0.24,0.473,0.294,0.938;0.397;aaa;
0.967,0.492,0.116,0.0811;0.736;aaaaaa;
0.406,0.41,0.466,0.691;0.68;aaa;
0.913,0.439,0.87,0.925;0.923;a;
0.199,0.52,0.986,0.459;0.538;a;
0.126,0.832,0.482,0.198;0.241;aaaa;
0.864,0.596,0.102,0.142;0.763;a;
0.759,0.704,0.125,0.862;0.277;aaaaaaaaa;
0.205,0.432,0.131,0.268;0.618;aaaaaaaaa;
0.0544,0.795,0.672,0.939;0.696;aaaaaaaaaa;
0.538,0.738,0.818,0.878;0.822;aaaaa;
0.257,0.593,0.987,0.395;0.0193;aaaaaaaaa;
0.928,0.602,0.565,0.948;0.441;aaaaaaaaaa;
0.976,0.605,0.709,0.74;0.868;aaaaaaaaa;
0.816,0.739,0.0483,0.0232;0.503;aa;
0.0508,0.21,0.667,0.0665;0.392;aaaa;
0.0127,0.5,0.315,0.803;0.516;aaaaaaa;
0.822,0.359,0.81,0.386;0.437;aaaaa;
0.69,0.396,0.00885,0.748;0.241;aaaaaaaa;
0.843,0.37,0.223,0.758;0.0658;aaaaaaaaa;
0.875,0.704,0.8,0.667;0.129;aaaaaaaaa;
0.964,0.768,0.0884,0.213;0.913;aaaa;
0.957,0.476,0.873,0.0525;0.032;aaa;
0.236,0.218,0.171,0.164;0.263;aaa;
0.271,0.67,0.975,0.33;0.691;aaaaaaa;
0.37,0.544,0.634,0.495;0.508;aaaaa;
0.906,0.114,0.499,0.832;0.217;aaaaaa;
0.856,0.167,0.879,0.697;0.609;aaaaaaaaaa;
0.159,0.449,0.674,0.211;0.195;aaaaaaa;
0.756,0.583,0.305,0.733;0.218;aaaa;
0.993,0.856,0.0443,0.909;0.949;aaaaaa;
0.821,0.187,0.894,0.843;0.195;aa;
0.404,0.174,0.753,0.547;0.0653;aaaa;
0.359,0.721,0.0341,0.225;0.251;aaaaaaaaaa;
0.23,0.928,0.146,0.505;0.771;aaa;
0.16,0.387,0.914,0.954;0.0172;aaa;
0.553,0.638,0.307,0.65;0.612;a;
0.475,0.198,0.743,0.261;0.466;a;
0.555,0.741,0.103,0.276;0.456;aa;
0.492,0.00858,0.607,0.733;0.095;aaa;
0.268,0.551,0.82,0.893;0.3;aaaaaaa;
0.946,0.56,0.66,0.568;0.382;aaaaaaaaa;
0.269,0.482,0.407,0.492;0.896;aaaaaaa;
0.0465,0.548,0.198,0.321;0.707;aaaaaaaa;
0.739,0.82,0.317,0.799;0.656;aaa;
0.647,0.541,0.975,0.377;0.609;aaaaaa;
0.422,0.147,0.772,0.167;0.122;a;
0.143,0.628,0.377,0.73;0.489;aaa;
0.498,0.603,0.237,0.201;0.61;aaaaaa;
0.733,0.636,0.896,0.688;0.624;aaaaaaa;
0.547,0.454,0.912,0.655;0.109;aaaaa;
0.393,0.995,0.683,0.247;0.0214;aaa;
0.195,0.55,0.302,0.664;0.41;aa;
0.383,0.732,0.958,0.558;0.312;aaaaaaaaa;
0.873,0.701,0.0988,0.414;0.0413;aaaaaa;
0.803,0.769,0.254,0.0978;0.821;aaaaaaaaaa;
0.998,0.56,0.461,0.598;0.349;aaaaa;
0.426,0.103,0.648,0.588;0.491;aaaaaaa;
0.527,0.0436,0.735,0.621;0.309;aaaaaaaaaa;
0.29,0.794,0.14,0.205;0.149;aaaaaaaaaa;
0.14,0.993,0.857,0.195;0.869;aaaaaaa;
0.718,0.363,0.391,0.862;0.702;aaaaaaaaa;
0.925,6.57e-05,0.428,0.866;0.377;aaaaaaa;
0.485,0.01,0.318,0.118;0.41;aaaa;
0.573,0.921,0.818,0.228;0.0314;aaaaaa;
0.111,0.249,0.905,0.687;0.0294;a;
0.449,0.0897,0.0366,0.519;0.101;aaaaa;
0.653,0.8,0.889,0.099;0.53;aaaaaaaaaa;
0.243,0.632,0.965,0.577;0.0179;aaaa;
0.626,0.487,0.0893,0.299;0.378;aa;
0.726,0.808,0.984,0.596;0.942;aaaaaaaa;
0.145,0.693,0.0981,0.43;0.867;aaaaaaaaa;
0.942,0.473,0.499,0.652;0.791;aaaaaaaaaa;
0.328,0.914,0.796,0.676;0.593;aaa;
0.237,0.367,0.0861,0.201;0.236;aaaa;
0.0738,0.125,0.353,0.821;0.108;a;
0.156,0.794,0.732,0.57;0.283;aaaaaa;
0.262,0.885,0.0278,0.118;0.218;aa;
0.406,0.62,0.556,0.0706;0.45;aaaaaaaaa;
0.983,0.209,0.447,0.8;0.483;aaaaa;
0.801,0.675,0.513,0.613;0.204;aaaaa;
0.552,0.625,0.352,0.664;0.375;aaaaaaaaa;
0.622,0.891,0.423,0.651;0.15;aa;
0.758,0.589,0.627,0.231;0.606;aaaaaaaaaa;
0.386,0.354,0.71,0.566;0.289;a;
0.322,0.0242,0.539,0.203;0.929;aaaaaaaa;
0.197,0.56,0.192,0.365;0.497;aaaa;
0.415,0.245,0.363,0.26;0.848;aaa;
0.925,0.0359,0.498,0.483;0.76;aaaaaa;
0.0377,0.433,0.042,0.98;0.156;aaaaa;
0.606,0.332,0.506,0.5;0.125;aaaaa;
0.57,0.193,0.981,0.499;0.815;aaaaaa;
0.362,0.228,0.892,0.88;0.767;aaa;
0.706,0.314,0.992,0.464;0.06;aaaaaaa;
0.599,0.405,0.656,0.995;0.426;aaaaaa;
0.684,0.0709,0.201,0.458;0.522;aaaaaa;
0.565,0.251,0.571,0.163;0.739;aaaaaa;
0.66,0.743,0.927,0.739;0.828;aaaaaaaaaa;
0.796,0.908,0.249,0.922;0.314;aaaaaaaaaa;
0.761,0.764,0.557,0.00343;0.503;aaaaaa;
0.164,0.0393,0.483,0.26;0.698;aaaaaaaaa;
0.475,0.975,0.0467,0.859;0.216;aaaaaaaaa;
0.00219,0.583,0.398,0.252;0.521;aaaaaaaaa;
0.455,0.59,0.207,0.76;0.763;aaaaaaaaa;
0.357,0.489,0.342,0.363;0.866;aaa;
0.115,0.605,0.321,0.375;0.701;aaa;
0.37,0.849,0.288,0.118;0.565;aa;
0.823,0.305,0.906,0.497;0.683;aaaaaaaaaa;
0.961,0.903,0.271,0.67;0.74;aaaaaa;
0.202,0.597,0.192,0.904;0.641;aaaaaaaaaa;
0.194,0.735,0.665,0.763;0.0901;aaaaaaaaa;
0.259,0.909,0.0156,0.664;0.886;aaaaa;
0.638,0.888,0.994,0.487;0.44;aaaaaaaa;
0.327,0.495,0.491,0.343;0.86;aaaaaa;
0.721,0.227,0.288,0.175;0.0168;aaaaa;
0.607,0.0829,0.991,0.198;0.852;a;
0.0499,0.255,0.457,0.321;0.856;aaaaaaaaaa;
0.00921,0.428,0.581,0.815;0.466;aaa;
0.983,0.519,0.0166,0.476;0.746;aaaaaa;
0.547,0.0545,0.113,0.798;0.579;aaaaaaa;
0.813,0.535,0.669,0.683;0.728;aaaaaaaa;
0.638,0.295,0.479,0.355;0.754;aa;
0.0851,0.445,0.379,0.143;0.28;a;
0.0996,0.241,0.932,0.224;0.768;aaaaaa;
0.354,0.579,0.349,0.798;0.261;a;
0.0619,0.124,0.438,0.529;0.704;a;
0.105,0.995,0.0595,0.196;0.547;aaaaa;
0.273,0.756,0.372,0.71;0.415;a;
0.48,0.612,0.589,0.31;0.758;aaaaaaaa;
0.92,0.436,0.934,0.695;0.711;aa;
0.646,0.647,0.674,0.794;0.464;aaaaaaaaaa;
0.593,0.252,0.491,0.767;0.239;aaa;
0.325,0.853,0.486,0.26;0.671;aaaaaaaa;
0.209,0.55,0.868,0.875;0.304;aaaaaaaa;
0.916,0.198,0.724,0.422;0.798;aa;
0.685,0.438,0.487,0.834;0.137;aaaa;
0.136,0.737,0.834,0.917;0.259;aaaaaaaaa;
0.0748,0.201,0.41,0.877;0.218;aaaaaaaa;
0.457,0.534,0.536,0.0677;0.96;aaaaaaa;
0.615,0.422,0.233,0.105;0.641;aaa;
0.132,0.736,0.778,0.897;0.475;aaaaaaaa;
0.561,0.874,0.492,0.172;0.428;aaaaaaaaaa;
0.476,0.455,0.076,0.859;0.299;aa;
0.409,0.472,0.788,0.279;0.109;aaaaaaaaa;
0.596,0.368,0.79,0.829;0.342;aaaa;
0.0587,0.31,0.204,0.891;0.616;aaaa;
0.979,0.443,0.332,0.0446;0.0047;aaaa;
0.0205,0.158,0.538,0.132;0.978;aaaaaaaaa;
0.391,0.305,0.784,0.791;0.813;aaaaaaaa;
0.827,0.295,0.671,0.528;0.813;aaa;
0.212,0.922,0.868,0.782;0.684;aaa;
0.236,0.653,0.471,0.847;0.383;aaaaaa;
0.476,0.894,0.857,0.662;0.449;aaaaaa;
0.11,0.0641,0.215,0.864;0.833;aaaa;
0.963,0.374,0.319,0.493;0.282;aaaa;
0.305,0.0991,0.695,0.377;0.552;aaaa;
0.0979,0.628,0.975,0.945;0.211;aaaaaa;
0.0826,0.385,0.639,0.999;0.0775;a;
0.365,0.855,0.315,0.802;0.476;a;
0.348,0.779,0.113,0.445;0.0878;aaaaaaaaa;
0.181,0.512,0.937,0.89;0.727;aaaaaaaa;
0.47,0.076,0.0467,0.583;0.46;aaaaaaa;
0.438,0.328,0.591,0.712;0.574;aaaaa;
0.656,0.134,0.76,0.44;0.615;aaaaaa;
0.171,0.165,0.503,0.959;0.192;a;
0.589,0.748,0.858,0.816;0.578;aaa;
0.373,0.749,0.00595,0.974;0.657;aaaaaaaa;
0.508,0.762,0.644,0.741;0.539;aaa;
0.903,0.833,0.402,0.299;0.233;aaaaaaaaaa;
0.136,0.634,0.219,0.183;0.979;aaaaaaaaa;
0.822,0.474,0.117,0.12;0.522;aaaaaaa;
0.601,0.951,0.605,0.983;0.345;aa;
0.182,0.381,0.989,0.696;0.98;aaaaaaa;
0.459,0.644,0.224,0.0475;0.529;aa;
0.0917,0.126,0.599,0.809;0.876;aaaaaaa;
0.842,0.279,0.93,0.314;0.0771;aaaaaaaaaa;
0.584,0.0508,0.921,0.329;0.761;aaa;
0.347,0.375,0.795,0.408;0.475;aa;
0.588,0.591,0.323,0.783;0.098;aaa;
0.493,0.695,0.26,0.373;0.299;aaaaaaa;
0.427,0.251,0.313,0.679;0.472;aa;
0.98,0.847,0.388,0.897;0.868;aaaaaaaa;
0.473,0.328,0.261,0.431;0.327;aaaaaaaa;
0.559,0.125,0.466,0.0919;0.623;aa;
0.52,0.156,0.547,0.841;0.976;aaaaaaaaaa;
0.446,0.0222,0.312,0.511;0.833;aaaaaaa;
0.816,0.797,0.8,0.379;0.895;aaaaaa;
0.834,0.384,0.787,0.591;0.0737;aaaaaaaaaa;
0.755,0.403,0.331,0.803;0.601;aaaaaaaa;
0.0169,0.118,0.267,0.728;0.456;aa;
0.543,0.961,0.319,0.485;0.385;a;
0.566,0.571,0.9,0.128;0.355;aaaaaaaa;
0.168,0.61,0.118,0.84;0.883;aaaaaaa;
0.929,0.496,0.0663,0.428;0.0786;aaaaaa;
0.788,0.595,0.773,0.148;0.674;aaaaaaaaaa;
0.0578,0.281,0.408,0.455;0.0824;aaaaaaa;
0.49,0.204,0.305,0.584;0.408;aaaa;
0.0724,0.444,0.568,0.464;0.972;aaaaa;
0.151,0.109,0.275,0.906;0.189;aaaaaaaaaa;
0.675,0.279,0.953,0.364;0.0758;aaaa;
0.922,0.469,0.902,0.809;0.752;aa;
0.267,0.858,0.85,0.173;0.177;aaaaaa;
0.307,0.637,0.587,0.42;0.257;aaaaaaaaa;
0.372,0.0329,0.213,0.404;0.345;aaaaaa;
0.397,0.405,0.794,0.0585;0.745;aaaaaaa;
0.236,0.531,0.734,0.616;0.212;aaa;
0.774,0.715,0.0487,0.816;0.12;aaaaa;
0.922,0.292,0.505,0.113;0.22;aaaa;
0.331,0.953,0.341,0.93;0.691;aaaaaaaa;
0.834,0.422,0.714,0.747;0.914;aa;
0.812,0.24,0.973,0.109;0.125;aaaaaa;
0.657,0.941,0.488,0.322;0.389;aaaaa;
0.759,0.15,0.568,0.805;0.943;aaaaa;
0.166,0.451,0.0485,0.0412;0.991;aaaaaa;
0.936,0.899,0.095,0.217;0.863;aa;
0.605,0.194,0.0834,0.586;0.491;aaaaaaaaa;
0.364,0.414,0.81,0.635;0.056;aaaaaaaaa;
0.939,0.464,0.0219,0.707;0.719;aaaaaaaaa;
0.295,0.925,0.0833,0.66;0.645;aaaaaa;
0.19,0.288,0.153,0.629;0.415;aaaaaaaa;
0.537,0.197,0.748,0.424;0.0821;aaa;
0.961,0.764,0.969,0.687;0.094;a;
0.327,0.83,0.811,0.688;0.697;aaa;
0.0695,0.754,0.189,0.802;0.65;aaa;
0.21,0.151,0.662,0.984;0.772;aa;
0.55,0.901,0.00626,0.937;0.33;aaaa;
0.733,0.751,0.578,0.943;0.669;aaaaaa;
0.329,0.276,0.578,0.839;0.343;aaaaaaaaaa;
0.522,0.863,0.218,0.688;0.858;aa;
0.898,0.0364,0.816,0.261;0.314;aaaaaaa;
0.785,0.2,0.413,0.346;0.423;a;
0.053,0.911,0.232,0.872;0.184;aaaaaa;
0.655,0.142,0.409,0.519;0.175;aaaaa;
0.527,0.968,0.731,0.941;0.169;aaaaaaaa;
0.335,0.596,0.882,0.608;0.816;aaaaaaaaa;
0.795,0.877,0.507,0.408;0.244;aaaa;
0.672,0.526,0.538,0.627;0.261;a;
0.511,0.975,0.696,0.881;0.0912;aaaaaaaaaa;
0.0777,0.792,0.00329,0.744;0.643;aaaaa;
0.264,0.0807,0.811,0.684;0.31;aa;
0.243,0.105,0.127,0.9;0.508;aaaaaaaa;
0.322,0.801,0.0886,0.18;0.974;a;
0.419,0.469,0.323,0.319;0.882;aaaaaaaaa;
0.886,0.779,0.484,0.823;0.688;aaaaaaa;
0.95,0.802,0.335,0.812;0.41;aaaaaaaaa;
0.301,0.301,0.674,0.697;0.402;aaaaaaaaaa;
0.262,0.915,0.29,0.331;0.36;aaaaa;
0.515,0.0711,0.413,0.123;0.179;aaaaaaaaaa;
0.144,0.762,0.882,0.901;0.99;aaaaaa;
0.716,0.243,0.185,0.798;0.879;aaaaaaaaaa;
0.793,0.876,0.772,0.747;0.463;a;
0.24,0.714,0.916,0.497;0.0774;aa;
0.655,0.676,0.0702,0.328;0.534;aaaaa;
0.669,0.488,0.401,0.0654;0.437;a;
0.261,0.407,0.194,0.00114;0.243;aaaaaaaaa;
0.68,0.806,0.0154,0.0667;0.729;aaaaaaa;
0.659,0.105,0.118,0.279;0.0284;aaaa;
0.974,0.468,0.197,0.928;0.9;aa;
0.891,0.315,0.276,0.513;0.215;aaaaaaaa;
0.759,0.147,0.351,0.757;0.368;aaaaaa;
0.848,0.355,0.757,0.291;0.979;aaaaaaaa;
0.404,0.122,0.781,0.422;0.805;aaa;
0.766,0.399,0.523,0.55;0.258;aaaaa;
0.701,0.197,0.354,0.435;0.0801;aa;
0.311,0.528,0.747,0.404;0.584;aaaaaaa;
0.938,0.902,0.795,0.0688;0.759;aaaaaa;
0.789,0.535,0.837,0.931;0.55;aaaaaaa;
0.255,0.726,0.0839,0.952;0.898;aaa;
0.839,0.641,0.307,0.818;0.107;aaaaaaaa;
0.5,0.714,0.661,0.0913;0.783;aaaaaa;
0.629,0.743,0.694,0.484;0.116;a;
0.949,0.239,0.423,0.917;0.0986;aaaaaaa;
0.479,0.773,0.0482,0.185;0.852;aa;
0.551,0.346,0.188,0.669;0.0299;a;
0.289,0.327,0.459,0.36;0.292;aaaaaa;
0.13,0.567,0.867,0.803;0.753;aaaaa;
0.592,0.236,0.584,0.349;0.333;aaaaaaaaa;
0.125,0.372,0.853,0.085;0.308;aaaaaa;
0.979,0.148,0.898,0.278;0.952;aaaaaaaa;
0.593,0.437,0.386,0.884;0.443;aaaaaaaaa;
0.131,0.081,0.972,0.973;0.49;aa;
0.362,0.582,0.858,0.153;0.124;aaaaaaaaa;
0.671,0.565,0.26,0.0421;0.373;aaaaaaaaa;
0.471,0.316,0.716,0.238;0.412;aaaaaaaaa;
0.304,0.286,0.19,0.565;0.623;aaaa;
0.71,0.369,0.354,0.804;0.574;a;
0.728,0.455,0.155,0.00538;0.322;aaaaaaaaa;
0.268,0.824,0.64,0.923;0.477;aaaaaa;
0.4,0.809,0.62,0.0896;0.759;aaa;
0.0943,0.61,0.305,0.725;0.263;aaa;
0.268,0.63,0.236,0.296;0.239;aaaaaa;
0.136,0.781,0.959,0.264;0.502;aaaaaaaaaa;
0.77,0.978,0.241,0.0263;0.774;aaa;
0.798,0.91,0.742,0.194;0.0128;aaaaaaaaaa;
0.217,0.417,0.234,0.896;0.719;aaaa;
0.485,0.809,0.489,0.301;0.908;a;
0.817,0.208,0.242,0.979;0.472;aaa;
0.0424,0.793,0.489,0.82;0.0987;aa;
0.411,0.979,0.534,0.163;0.243;aaaa;
0.451,0.264,0.869,0.101;0.921;aaaa;
0.529,0.988,0.577,0.0889;0.664;aaaa;
0.34,0.0641,0.528,0.382;0.173;aaaaaaaa;
0.562,0.233,0.259,0.647;0.245;aaaaa;
0.147,0.792,0.0263,0.125;0.198;aaaa;
0.667,0.481,0.711,0.394;0.384;aaaaaaaaa;
0.922,0.474,0.15,0.668;0.441;aaa;
0.286,0.355,0.488,0.186;0.902;aaaaaa;
0.093,0.642,0.0574,0.482;0.189;a;
0.822,0.113,0.611,0.0346;0.898;aaaaaaaaaa;
0.95,0.0569,0.27,0.565;0.429;a;
0.233,0.415,0.0629,0.289;0.192;aaaaa;
0.903,0.517,0.978,0.11;0.937;aaaaaa;
0.616,0.244,0.795,0.126;0.946;aaaaa;
0.536,0.872,0.745,0.816;0.911;aaaaa;
0.704,0.436,0.265,0.844;0.353;a;
0.67,0.632,0.0552,0.607;0.304;aaaaaaaaaa;
0.359,0.816,0.633,0.896;0.741;aaa;
0.768,0.966,0.105,0.673;0.951;aaaaaa;
0.51,0.178,0.658,0.848;0.842;aaaaaaa;
0.625,0.886,0.994,0.226;0.145;aaaaaaaaaa;
0.0816,0.528,0.677,0.518;0.0651;aaaaaaa;
0.777,0.0446,0.334,0.852;0.173;aaaaaaaa;
0.968,0.0717,0.819,0.169;0.0962;aa;
0.428,0.378,0.251,0.769;0.609;aaaaaaaa;
0.63,0.593,0.557,0.625;0.896;aaaaaaaaa;
0.587,0.403,0.565,0.91;0.855;a;
0.757,0.402,0.302,0.524;0.494;aaa;
0.365,0.471,0.579,0.233;0.904;aaaaaa;
0.357,0.0179,0.74,0.802;0.586;aaaaa;
0.676,0.392,0.207,0.127;0.313;aaaa;
0.0921,0.809,0.537,0.528;0.535;aa;
0.256,0.642,0.919,0.668;0.697;aaaaa;
0.479,0.464,0.657,0.329;0.317;aaaaa;
0.654,0.269,0.409,0.886;0.492;aaaaaaaa;
0.857,0.745,0.332,0.805;0.304;aaaaaaa;
0.848,0.653,0.816,0.921;0.472;aaaaa;
0.931,0.234,0.746,0.613;0.677;aa;
0.612,0.0666,0.841,0.976;0.567;aaa;
0.202,0.00186,0.00159,0.551;0.483;a;
0.464,0.269,0.779,0.654;0.688;aa;
0.755,0.723,0.207,0.6;0.314;aaaaaaaa;
0.58,0.188,0.666,0.837;0.999;aaaaaaa;
0.278,0.148,0.00615,0.171;0.251;aa;
0.121,0.445,0.267,0.692;0.0432;aaaaaaa;
0.438,0.19,0.587,0.753;0.151;aaaa;
0.169,0.643,0.013,0.5;0.99;aaaaaaaa;
0.0992,0.223,0.587,0.0347;0.518;aaa;
0.722,0.109,0.0696,0.837;0.871;a;
0.532,0.936,0.992,0.813;0.676;aaaaaaa;
0.287,0.725,0.966,0.559;0.265;aaaaaa;
0.246,0.296,0.769,0.174;0.638;aa;
0.496,0.667,0.407,0.522;0.83;aaaaaa;
0.988,0.526,0.172,0.0669;0.452;a;
0.331,0.533,0.238,0.199;0.139;aaaaaaaa;
0.354,0.0742,0.286,0.748;0.0138;aaaaaaaaa;
0.748,0.447,0.592,0.16;0.926;aaaaaa;
0.962,0.958,0.796,0.874;0.0794;aaaaaaaa;
0.231,0.261,0.448,0.104;0.5;aaaaaa;
0.731,0.711,0.739,0.159;0.701;aaaa;
0.157,0.21,0.864,0.423;0.0976;aaaaaaaaa;
0.369,0.74,0.952,0.791;0.643;aaaaaa;
0.598,0.017,0.902,0.0426;0.855;aa;
0.819,0.59,0.665,0.582;0.959;aaaaaa;
0.494,0.263,0.818,0.622;0.866;aa;
0.74,0.928,0.381,0.605;0.0513;aaaaaaaa;
0.837,0.688,0.588,0.785;0.24;aa;
0.58,0.47,0.274,0.034;0.748;aaaa;
0.107,0.466,0.682,0.554;0.248;aaaaa;
0.188,0.232,0.871,0.578;0.374;a;
0.174,0.546,0.806,0.487;0.476;aaaa;
0.102,0.067,0.00869,0.728;0.765;a;
0.143,0.8,0.231,0.614;0.622;aaaaaaaa;
0.496,0.391,0.275,0.684;0.892;aaaa;
0.646,0.572,0.443,0.0331;0.652;aaaa;
0.714,0.541,0.607,0.969;0.324;aaaaaaaaa;
0.217,0.702,0.563,0.166;0.314;aaa;
0.67,0.803,0.943,0.54;0.971;aaaaaaa;
0.814,0.672,0.46,0.133;0.692;aaaaaaaa;
0.727,0.42,0.596,0.663;0.797;aaaaaaaaaa;
0.306,0.0797,0.855,0.128;0.231;aaaaaaaaa;
0.44,0.748,0.485,0.524;0.256;aaaa;
0.0881,0.781,0.00912,0.743;0.724;aaaa;
0.83,0.932,0.112,0.269;0.0181;aaa;
0.00856,0.775,0.687,0.69;0.95;aaaaaa;
0.224,0.37,0.382,0.258;0.706;aaaaa;
0.818,0.277,0.504,0.0645;0.69;aaaaaaaaaa;
0.658,0.0907,0.083,0.31;0.855;aa;
0.572,0.101,0.0853,0.0383;0.836;aaaaaaaaa;
0.569,0.811,0.668,0.804;0.138;aaaaaaa;
0.943,0.827,0.336,0.277;0.937;aaaaaa;
0.158,0.943,0.0754,0.333;0.87;aaaa;
0.0831,0.27,0.296,0.879;0.219;aaa;
0.379,0.0896,0.366,0.804;0.445;aaaa;
0.493,0.831,0.544,0.97;0.731;aaaa;
0.75,0.301,0.155,0.506;0.406;aaa;
0.619,0.659,0.603,0.277;0.448;a;
0.348,0.875,0.231,0.273;0.991;aaaaaaaaaa;
0.395,0.563,0.243,0.721;0.00261;aaaaaaa;
0.263,0.972,0.255,0.615;0.249;aaaaaaaaa;
0.501,0.97,0.635,0.0123;0.485;aaaaaaaaa;
0.312,0.422,0.271,0.645;0.932;aaaaaaaaa;
0.627,0.154,0.187,0.245;0.838;aaaaaa;
0.609,0.805,0.876,0.128;0.0545;aaa;
0.639,0.118,0.473,0.646;0.431;a;
0.255,0.761,0.942,0.246;0.781;a;
0.874,0.502,0.178,0.357;0.992;aaaaaa;
0.827,0.566,0.565,0.866;0.282;aaaa;
0.787,0.992,0.758,0.893;0.16;aaaaa;
0.427,0.503,0.502,0.582;0.974;aaaaaaaa;
0.706,0.176,0.0698,0.525;0.642;aaaaaaaa;
0.355,0.789,0.825,0.985;0.268;aaaaaaaaa;
0.445,0.6,0.327,0.818;0.631;aaaaaaaaa;
0.0988,0.939,0.868,0.674;0.206;aaa;
0.642,0.372,0.129,0.0243;0.36;aaaa;
0.664,0.548,0.518,0.127;0.548;aaaaaaa;
0.386,0.326,0.0776,0.948;0.142;aaaaaaaaa;
0.0165,0.762,0.0784,0.78;0.884;aaaaa;
0.276,0.867,0.627,0.982;0.855;aa;
0.091,0.897,0.846,0.435;0.232;aaaa;
0.627,0.746,0.92,0.999;0.174;aaaaa;
0.776,0.967,0.881,0.63;0.746;aaaaaaaaaa;
0.803,0.311,0.225,0.992;0.203;aaaa;
0.191,0.12,0.511,0.141;0.635;aaaaa;
0.0194,0.693,0.888,0.935;0.184;a;
0.531,0.226,0.655,0.344;0.249;aaaaa;
0.0297,0.271,0.945,0.534;0.816;aaaaaaa;
0.14,0.216,0.353,0.872;0.0067;aaaaa;
0.866,0.657,0.945,0.199;0.816;aaa;
0.907,0.0753,0.702,0.156;0.179;aaaaaaa;
0.12,0.844,0.531,0.864;0.123;aaaa;
0.324,0.122,0.344,0.202;0.598;aaaaaaaa;
0.246,0.32,0.879,0.541;0.589;aaa;
0.358,0.263,0.0272,0.00735;0.0714;aaaaaaa;
0.837,0.962,0.284,0.342;0.311;aaaaaaaaa;
0.326,0.211,0.822,0.19;0.417;aa;
0.593,0.779,0.294,0.577;0.219;aaaaaaaa;
0.227,0.74,0.895,0.977;0.0391;aaaaaa;
0.338,0.152,0.42,0.313;0.829;aaaaa;
0.945,0.902,0.473,0.701;0.368;aaaaaaaaa;
0.0225,0.00146,0.0614,0.64;0.364;aaaaa;
0.0932,0.612,0.46,0.0129;0.622;aaaaa;
0.0503,0.442,0.823,0.598;0.795;aaa;
0.47,0.882,0.974,0.855;0.0391;aa;
0.144,0.737,0.0959,0.393;0.449;aa;
0.749,0.135,0.169,0.508;0.486;aaa;
0.659,0.544,0.897,0.0162;0.81;aaaaaaaa;
0.41,0.331,0.384,0.708;0.0691;aaaaaa;
0.886,0.581,0.057,0.4;0.352;aaaaaaaaa;
0.596,0.878,0.908,0.673;0.475;aaaaaaaaa;
0.862,0.413,0.844,0.309;0.7;aaaaa;
0.904,0.759,0.448,0.884;0.688;aaaaaaaaaa;
0.343,0.751,0.429,0.0368;0.885;aaaaa;
0.262,0.601,0.648,0.434;0.498;aaaaaaaa;
0.405,0.619,0.276,0.876;0.621;aaaaaaaa;
0.786,0.0585,0.17,0.353;0.0664;aaaaaaaaaa;
0.878,0.575,0.751,0.913;0.142;aaaaaaaaa;
0.935,0.334,0.395,0.162;0.0494;aaaaaa;
0.905,0.636,0.693,0.493;0.497;a;
0.0701,0.172,0.29,0.365;0.114;aa;
0.116,0.181,0.694,0.492;0.254;a;
0.707,0.334,0.414,0.247;0.162;aaaaaaaaa;
0.617,0.615,0.884,0.515;0.494;aaaaa;
0.773,0.239,0.926,0.211;0.0127;aaaaaaa;
0.652,0.884,0.814,0.422;0.893;aaaaaa;
0.0726,0.053,0.713,0.407;0.572;a;
0.796,0.464,0.128,0.472;0.47;aaaaa;
0.244,0.731,0.362,0.531;0.084;aaaaaaaa;
0.233,0.616,0.828,0.393;0.324;a;
0.643,0.392,0.341,0.172;0.843;aaaaaaaaaa;
0.961,0.146,0.314,0.531;0.96;aaa;
0.0411,0.499,0.549,0.475;0.342;aaaaaaaaa;
0.00664,0.718,0.642,0.317;0.0381;aaaaaaaa;
0.26,0.334,0.262,0.408;0.962;aaaa;
0.992,0.257,0.608,0.904;0.908;aaaaaaaaa;
0.791,0.929,0.925,0.846;0.000795;aaaaaaaa;
0.0366,0.615,0.53,0.198;0.054;aaaaaaa;
0.507,0.854,0.399,0.908;0.669;aaa;
0.623,0.656,0.00354,0.148;0.301;aaaaaa;
0.0935,0.27,0.545,0.477;0.708;aaaaaa;
0.887,0.508,0.73,0.934;0.0171;aaaaaaaa;
0.337,0.405,0.509,0.379;0.618;aaa;
0.264,0.245,0.762,0.79;0.94;aaa;
0.239,0.972,0.951,0.113;0.718;aaaaaaaaa;
0.693,0.209,0.645,0.0302;0.471;a;
0.731,0.916,0.74,0.549;0.77;aaaaaa;
0.977,0.126,0.891,0.622;0.499;aaaaaaaaaa;
0.0122,0.758,0.693,0.744;0.123;aaa;
0.923,0.357,0.787,0.211;0.0424;aaaaa;
0.276,0.446,0.425,0.139;0.232;aaaaaaaaa;
0.269,0.529,0.597,0.594;0.207;aaaa;
0.853,0.262,0.465,0.931;0.282;aa;
0.146,0.856,0.0109,0.669;0.915;aaaaaaaaaa;
0.877,0.846,0.408,0.287;0.167;aa;
0.388,0.733,0.413,0.569;0.17;a;
0.262,0.234,0.946,0.994;0.676;aaaa;
0.643,0.705,0.382,0.755;0.655;aaa;
0.626,0.44,0.399,0.759;0.434;aaaaaaaaaa;
0.664,0.0802,0.643,0.756;0.946;aaaaaaaaaa;
0.273,0.585,0.556,0.0498;0.903;aaaaaaa;
0.504,0.736,0.537,0.616;0.627;aa;
0.953,0.59,0.788,0.447;0.762;aaaaa;
0.809,0.572,0.999,0.454;0.909;a;
0.865,0.0943,0.682,0.656;0.73;aaaaaaaaaa;
0.546,0.996,0.128,0.329;0.346;a;
0.126,0.103,0.168,0.0488;0.139;aaaa;
0.576,0.188,0.593,0.535;0.228;aaaaaaaaa;
0.249,0.389,0.0878,0.106;0.453;aaaaa;
0.828,0.261,0.361,0.298;0.113;aaaaaaaaaa;
0.381,0.313,0.466,0.889;0.196;aaaaaaaaa;
0.15,0.674,0.531,0.523;0.411;aaaaaaa;
0.948,0.775,0.448,0.956;0.115;aa;
0.748,0.441,0.58,0.382;0.526;a;
0.917,0.861,0.528,0.786;0.214;a;
0.545,0.252,0.824,0.72;0.195;aaaaaaaaa;
0.0169,0.609,0.513,0.714;0.362;aaaaaaaa;
0.314,0.373,0.506,0.24;0.577;aaaaaaa;
0.925,0.328,0.341,0.518;0.138;aaaaaaa;
0.937,0.491,0.111,0.884;0.6;aaaaa;
0.871,0.34,0.131,0.513;0.202;aaaaa;
0.24,0.553,0.124,0.488;0.661;aaaaaaa;
0.534,0.895,0.302,0.362;0.374;aaaaaa;
0.096,0.332,0.656,0.219;0.377;aaa;
0.758,0.668,0.0439,0.266;0.46;aaaaa;
0.216,0.201,0.743,0.688;0.568;aaaaaaa;
0.839,0.942,0.347,0.739;0.046;aaaaaa;
0.83,0.98,0.878,0.785;0.209;aa;
0.215,0.931,0.52,0.387;0.295;aa;
0.0189,1,0.301,0.244;0.839;aaaaa;
0.106,0.239,0.551,0.616;0.429;aaaaaaaa;
0.789,0.448,0.17,0.807;0.875;aaaaaaaa;
0.258,0.109,0.971,0.929;0.35;aaaaaaaaa;
0.492,0.124,0.361,0.455;0.715;aaaaa;
0.138,0.154,0.502,0.572;0.59;aaaaaaaaaa;
0.143,0.102,0.164,0.329;0.979;aaaaaa;
0.00097,0.531,0.0776,0.236;0.152;a;
0.669,0.163,0.795,0.206;0.0462;aaaaaa;
0.304,0.401,0.768,0.777;0.995;aaaaaa;
0.601,0.657,0.276,0.187;0.487;aaaaaaaaa;
0.0738,0.777,0.0548,0.697;0.31;aaa;
0.52,0.112,0.588,0.0285;0.649;aaaaa;
0.723,0.768,0.0443,0.494;0.0427;aaaaa;
0.93,0.945,0.676,0.609;0.635;aaaa;
0.0994,0.967,0.0409,0.189;0.742;aa;
0.972,0.324,0.266,0.724;0.0913;aaaaaa;
0.955,0.185,0.489,0.722;0.162;aaaaaaa;
0.34,0.371,0.599,0.946;0.882;aaaa;
0.887,0.0628,0.712,0.761;0.0293;aaaa;
0.559,0.528,0.551,0.276;0.439;aaaaaaa;
0.864,0.679,0.611,0.471;0.827;a;
0.746,0.495,0.896,0.206;0.762;aa;
0.335,0.233,0.774,0.188;0.683;aaaaa;
0.967,0.291,0.749,0.865;0.921;aaaaaaaaa;
0.832,0.355,0.761,0.612;0.173;aaaaa;
0.126,0.433,0.692,0.0145;0.289;aaaaaaaaa;
0.629,0.3,0.444,0.217;0.637;aaaaaaaa;
0.955,0.952,0.722,0.773;0.368;aaaaaaa;
0.879,0.771,0.607,0.0894;0.781;aaaaaaaaa;
0.417,0.884,0.344,0.0227;0.33;aaaaaaa;
0.876,0.243,0.929,0.708;0.314;aaa;
0.535,0.636,0.896,0.156;0.242;aaaaa;
0.127,0.139,0.341,0.85;0.505;aaaaaaaaaa;
0.439,0.763,0.927,0.75;0.603;aaaaaaa;
0.224,0.0103,0.026,0.0297;0.139;aaaaaaa;
0.479,0.742,0.331,1;0.028;aaaaaa;
0.559,0.994,0.402,0.29;0.935;aaaaaaa;
0.855,0.453,0.396,0.00675;0.858;aaaaaaaaaa;
0.705,0.376,0.343,0.65;0.778;aaaaaa;
0.137,0.298,0.0449,0.74;0.707;aaaaaaaaaa;
0.974,0.796,0.304,0.358;0.742;aaaaaaaaaa;
0.54,0.504,0.527,0.848;0.83;aaaaa;
0.24,0.426,0.131,0.456;0.834;aaaaaaaa;
0.0793,0.725,0.575,0.277;0.491;aaaaaaaa;
0.695,0.0949,0.888,0.317;0.808;aaa;
0.658,0.0864,0.415,0.14;0.978;aaaaaaaa;
0.252,0.353,0.632,0.642;0.0965;aaaa;
0.688,0.157,0.895,0.399;0.107;aaaaa;
0.739,0.942,0.371,0.671;0.125;aaaaaaa;
0.921,0.317,0.644,0.834;0.246;aaa;
0.64,0.135,0.0563,0.811;0.357;a;
0.788,0.946,0.419,0.506;0.372;aaaaaaaa;
0.936,0.27,0.874,0.0855;0.0294;aaaaaaa;
0.813,0.999,0.74,0.876;0.809;aaaaaa;
0.851,0.675,0.488,0.46;0.694;aaaaaaa;
0.609,0.969,0.453,0.891;0.391;a;
0.154,0.483,0.484,0.417;0.863;aaaa;
0.609,0.718,0.609,0.748;0.193;aa;
0.514,0.108,0.399,0.175;0.872;aaaaaa;
0.613,0.0597,0.271,0.927;0.193;aaaaaaaaaa;
0.858,0.311,0.276,0.0904;0.634;aaaaaa;
0.944,0.255,0.856,0.638;0.171;aaaaaa;
0.424,0.622,0.336,0.479;0.339;aaaa;
0.0104,0.437,0.357,0.471;0.391;aa;
0.592,0.535,0.507,0.392;0.494;aaaaaaaaaa;
0.32,0.788,0.699,0.226;0.976;aaaaa;
0.325,0.52,0.18,0.886;0.0182;aaaaaaa;
0.605,0.371,0.929,0.0811;0.879;aaa;
0.502,0.801,0.798,0.183;0.986;aaaaaaa;
0.783,0.996,0.691,0.193;0.152;a;
0.746,0.801,0.117,0.0769;0.829;aaaaaaaaaa;
0.238,0.806,0.991,0.847;0.81;aaaaaaaaaa;
0.129,0.49,0.59,0.404;0.531;a;
0.131,0.621,0.801,0.829;0.386;aa;
0.792,0.981,0.943,0.983;0.0101;aaaaa;
0.715,0.317,0.19,0.677;0.874;aaaa;
0.831,0.12,0.137,0.286;0.67;aaaa;
0.0346,0.381,0.334,0.597;0.588;aa;
0.869,0.154,0.675,0.642;0.105;aaaa;
0.122,0.944,0.781,0.249;0.267;aaa;
0.593,0.139,0.397,0.27;0.768;aaaaaa;
0.347,0.599,0.857,0.338;0.591;a;
0.31,0.026,0.475,0.0794;0.275;aaa;
0.999,0.172,0.845,0.764;0.874;aaaaaaa;
0.718,0.661,0.985,0.273;0.408;aaa;
0.73,0.407,0.691,0.955;0.717;aaaaa;
0.278,0.67,0.314,0.444;0.686;aaaaaaaaaa;
0.0571,0.656,0.499,0.317;0.896;aaaaa;
0.915,0.563,0.965,0.277;0.827;aaaaaaa;
0.589,0.244,0.844,0.449;0.0651;a;
0.155,0.685,0.13,0.361;0.104;aaaaa;
0.81,0.732,0.584,0.154;0.682;aaaaaaaaaa;
0.318,0.729,0.993,0.352;0.198;aaaaaaaaaa;
0.156,0.872,0.161,0.066;0.43;aa;
0.369,0.244,0.0686,0.555;0.578;aaaaaaaa;
0.966,0.595,0.503,0.646;0.657;aaaaaaaa;
0.358,0.807,0.734,0.318;0.401;aaa;
0.367,0.675,0.847,0.333;0.998;aaaaaaaaa;
0.653,0.314,0.929,0.793;0.295;aaaa;
0.64,0.3,0.729,0.849;0.129;aaaaaaaaaa;
0.432,0.445,0.177,0.894;0.401;aa;
0.775,0.383,0.622,0.217;0.893;aaa;
0.706,0.342,0.0886,0.911;0.976;a;
0.355,0.914,0.125,0.0523;0.0727;aaaaaaaaaa;
0.699,0.361,0.793,0.154;0.54;aaaaaaa;
0.284,0.801,0.949,0.43;0.203;aa;
0.767,0.611,0.109,0.499;0.647;aaaa;
0.672,0.877,0.817,0.171;0.214;aaaaaaaaa;
0.836,0.501,0.951,0.0172;0.628;aaaaaaaa;
0.0152,0.785,0.0251,0.426;0.263;aaaaaaa;
0.851,0.678,0.587,0.422;0.535;aaa;
0.0399,0.641,0.167,0.901;0.358;aaaaaaaaaa;
0.628,0.979,0.156,0.247;0.195;aaaaaaaa;
0.936,0.233,0.814,0.413;0.646;aaaaaaa;
0.546,0.501,0.605,0.809;0.0123;aaaaaaaaaa;
0.39,0.083,0.816,0.269;0.225;aa;
0.73,0.122,0.485,0.0899;0.744;aaa;
0.22,0.168,0.132,0.611;0.736;a;
0.836,0.358,0.28,0.962;0.747;aaaaaaaa;
0.405,0.285,0.915,0.422;0.663;aaaaa;
0.796,0.0993,0.588,0.726;0.352;aaaaaaaa;
0.383,0.878,0.864,0.684;0.165;aaaaaa;
0.859,0.941,0.776,0.679;0.991;aaaaaaaaaa;
0.439,0.365,0.392,0.246;0.265;a;
0.216,0.481,0.787,0.624;0.131;aaaaaaa;
0.307,0.0259,0.975,0.81;0.868;aaaaaaaa;
0.374,0.965,0.349,0.377;0.568;aaaaaaa;
0.599,0.155,0.641,0.2;0.669;aaaaa;
0.291,0.311,0.356,0.701;0.00102;aaaaa;
0.188,0.102,0.406,0.706;0.154;aaaaaaaaa;
0.604,0.754,0.153,0.276;0.848;aaaaaaa;
0.783,0.984,0.0898,0.0892;0.0236;aaaaaaaaa;
0.641,0.0731,0.854,0.846;0.614;a;
0.455,0.684,0.248,0.279;0.079;aaaaaaaaa;
0.663,0.942,0.635,0.442;0.459;aa;
0.161,0.417,0.174,0.617;0.263;aaaa;
0.0293,0.775,0.369,0.772;0.982;aaaaaaaa;
0.398,0.669,0.189,0.318;0.478;aaaaaaaaaa;
0.593,0.629,0.0113,0.847;0.883;aaaaaaa;
0.861,0.207,0.844,0.567;0.275;aaaa;
0.291,0.0457,0.685,0.596;0.161;aaaaa;
0.56,0.126,0.289,0.125;0.153;aaaaaaaa;
0.959,0.594,0.902,0.922;0.944;aaaaaaaaa;
0.437,0.709,0.502,0.637;0.806;aaaaa;
0.0517,0.596,0.909,0.725;0.977;aaaaaa;
0.86,0.2,0.724,0.817;0.769;aaaa;
0.434,0.641,0.339,0.195;0.0723;aa;
0.148,0.995,0.16,0.168;0.845;aaaa;
0.302,0.196,0.74,0.786;0.802;aaa;
0.597,0.261,0.257,0.486;0.258;aaaaaaaaaa;
0.305,0.8,0.0302,0.338;0.251;aaaaaaaaa;
0.145,0.867,0.452,0.951;0.308;aaaaaaaa;
0.00676,0.863,0.506,0.238;0.14;aaaaaa;
0.591,0.841,0.0123,0.687;0.807;aa;
0.859,0.839,0.241,0.513;0.848;aaa;
0.807,0.479,0.178,0.199;0.507;aaaaaaaaaa;
0.377,0.817,0.352,0.351;0.365;aaaaaaaaa;
0.114,0.858,0.709,0.378;0.533;a;
0.968,0.0802,0.074,0.082;0.141;aaaaaaaa;
0.626,0.541,0.0391,0.0796;0.27;aaaaaaaaa;
0.272,0.771,0.357,0.303;0.492;aaaaa;
0.637,0.796,0.203,0.159;0.552;aa;
0.883,0.077,0.0262,0.439;0.885;aaaa;
0.741,0.135,0.639,0.181;0.963;aaaaaaaaa;
0.515,0.0346,0.677,0.968;0.595;aaaaaa;
0.317,0.404,0.846,0.665;0.313;aaa;
0.585,0.464,0.365,0.926;0.561;aaaaaaaa;
0.816,0.528,0.543,0.719;0.529;a;
0.657,0.398,0.739,0.61;0.845;aaaaaaaaaa;
0.307,0.146,0.167,0.0771;0.403;aaaaaaaaaa;
0.773,0.733,0.369,0.596;0.0426;aaaa;
0.641,0.41,0.641,0.381;0.557;aaaa;
0.922,0.983,0.471,0.371;0.832;aaaaaaa;
0.546,0.108,0.626,0.765;0.547;a;
0.102,0.0312,0.374,0.56;0.993;aaaaa;
0.685,0.831,0.1,0.161;0.176;aaaaaaaa;
0.588,0.456,0.0318,0.727;0.364;aa;
0.306,0.601,0.36,0.149;0.607;aaaa;
0.598,0.308,0.955,0.0912;0.0927;aaaaaaaaa;
0.666,0.503,0.516,0.298;0.27;aaa;
0.628,0.426,0.817,0.519;0.991;aaaaaaaa;
0.797,0.0714,0.651,0.92;0.894;aaaaaaaaaa;
0.229,0.993,0.51,0.625;0.265;aaaaaa;
0.297,0.142,0.14,0.217;0.373;a;
0.508,0.84,0.427,0.623;0.066;aaaaaaaa;
0.857,0.0237,0.551,0.12;0.994;aa;
0.13,0.597,0.218,0.359;0.839;aa;
0.397,0.504,0.289,0.809;0.287;aaaa;
0.0978,0.817,0.723,0.785;0.494;a;
0.9,0.513,0.35,0.237;0.684;aaaaa;
0.182,0.505,0.0221,0.53;0.957;aaaaaa;
0.828,0.214,0.167,0.886;0.839;aaaaaaa;
0.437,0.545,0.278,0.129;0.572;aaaaaaa;
0.0487,0.316,0.155,0.814;0.0248;aaaaaaa;
0.137,0.655,0.299,0.481;0.129;aaaaaaaa;
0.863,0.704,0.444,0.224;0.651;aaaaaaaaaa;
0.43,0.985,0.933,0.596;0.484;aaaaaa;
0.426,0.542,0.417,0.845;0.799;aaaaaaaa;
0.125,0.902,0.331,0.0168;0.197;aaa;
0.918,0.032,0.82,0.134;0.153;aaa;
0.353,0.198,0.68,0.367;0.083;aaaaaaaa;
0.253,0.808,0.243,0.144;0.694;aaaaaaaaa;
0.132,0.95,0.000137,0.341;0.0325;aaaa;
0.259,0.0846,0.986,0.464;0.478;aaaaaaaa;
0.911,0.404,0.0599,0.203;0.577;aaa;
0.941,0.634,0.443,0.922;0.879;aa;
0.291,0.795,0.309,0.738;0.627;aaaaaaaaaa;
0.987,0.139,0.337,0.428;0.207;aa;
0.874,0.623,0.243,0.218;0.0895;aaaaaaaaa;
0.582,0.316,0.586,0.308;0.0947;aaaaaaaaa;
0.596,0.858,0.978,0.949;0.417;aaaaaaa;
0.546,0.11,0.543,0.974;0.355;aaaaa;
0.0746,0.888,0.568,0.384;0.634;aa;
0.798,0.854,0.407,0.715;0.225;aaaa;
0.805,0.931,0.233,0.587;0.0369;aaaaa;
0.181,0.714,0.946,0.599;0.972;aaaaaaaaa;
0.866,0.0731,0.772,0.97;0.0814;aaaaaa;
0.367,0.227,0.156,0.0265;0.254;aaaaaaaaa;
0.264,0.48,0.976,0.416;0.428;aaaaaa;
0.633,0.619,0.305,0.0424;0.267;aaaaaaa;
0.229,0.861,0.0627,0.452;0.394;aaa;
0.935,0.0714,0.424,0.544;0.986;aaaaaaa;
0.877,0.916,0.209,0.615;0.992;aaaaaaaaa;
0.402,0.45,0.599,0.772;0.938;aa;
0.78,0.706,0.388,0.67;0.0753;aaaaaaaaa;
0.316,0.247,0.21,0.259;0.756;aaaaaa;
0.103,0.955,0.856,0.642;0.57;aaaaaaaa;
0.773,0.412,0.157,0.928;0.156;aa;
0.0599,0.449,0.747,0.849;0.0884;aaaaaaaa;
0.853,0.86,0.435,0.568;0.464;aaa;
0.85,0.654,0.191,0.0344;0.0996;aaaaa;
0.99,0.711,0.609,0.155;0.86;aaaaa;
0.101,0.515,0.676,0.901;0.85;aa;
0.415,0.433,0.192,0.558;0.512;aa;
0.952,0.648,0.339,0.52;0.603;aaaaaaa;
0.15,0.612,0.0849,0.385;0.122;a;
0.761,0.567,0.756,0.617;0.966;aa;
0.919,0.832,0.414,0.764;0.667;aaaaaaaaaa;
0.806,0.795,0.849,0.0948;0.674;aaaa;
0.672,0.602,0.137,0.232;0.936;aaaaaa;
0.0514,0.899,0.235,0.00471;0.382;aaaaa;
0.567,0.37,0.267,0.11;0.72;aaaaaaa;
0.163,0.771,0.382,0.134;0.236;aa;
0.796,0.0407,0.683,0.726;0.213;aaaaaaaaaa;
0.537,0.554,0.509,0.593;0.863;aaaaaaaaaa;
0.127,0.56,0.0607,0.0184;0.00644;aaaa;
0.0967,0.726,0.856,0.392;0.263;aaaaaaaaa;
0.232,0.123,0.53,0.203;0.342;aaaaaa;
0.12,0.451,0.929,0.321;0.874;aaaaaaa;
0.954,0.111,0.294,0.136;0.759;aaaa;
0.495,0.333,0.186,0.47;0.784;aaa;
0.864,0.844,0.963,0.169;0.192;aaaaaaaaa;
0.276,0.392,0.508,0.177;0.217;aaaa;
0.247,0.407,0.363,0.0843;0.118;aaaaaaa;
0.277,0.0961,0.331,0.308;0.286;aaaaa;
0.442,0.981,0.233,0.281;0.471;aaaa;
0.674,0.286,0.135,0.859;0.414;aaaaa;
0.864,0.551,0.688,0.647;0.727;aaaaaaa;
0.464,0.403,0.0255,0.899;0.285;aaaaaaaa;
0.31,0.43,0.478,0.151;0.144;aa;
0.787,0.555,0.434,0.153;0.123;aaaaaaaa;
0.497,0.234,0.228,0.205;0.0163;aaa;
0.632,0.484,0.501,0.2;0.118;aaaaaaaaaa;
0.64,0.49,0.218,0.703;0.815;aaaaa;
0.115,0.909,0.569,0.833;0.206;aaaaaaaaaa;
0.336,0.135,0.335,0.722;0.419;aaaaaaaa;
0.0505,0.342,0.971,0.224;0.305;aaa;
0.889,0.302,0.35,0.756;0.85;aaaaa;
0.378,0.4,0.972,0.664;0.399;aaaaaaaaaa;
0.545,0.103,0.84,0.0537;0.98;aaaaaaaaaa;
0.387,0.437,0.41,0.858;0.76;aaaaaaa;
0.09,0.24,0.384,0.36;0.967;aaaaaaaaa;
0.25,0.47,0.621,0.475;0.714;a;
0.585,0.319,0.575,0.748;0.857;aaa;
0.957,0.646,0.134,0.954;0.123;a;
0.181,0.0317,0.973,0.898;0.391;aaaaaaaa;
0.522,0.48,0.709,0.848;0.62;aa;
0.897,0.627,0.964,0.36;0.341;aaaaaaaaaa;
0.523,0.954,0.345,0.602;0.33;aaa;
0.125,0.0684,0.482,0.708;0.244;aaa;
0.909,0.103,0.00472,0.681;0.211;aaa;
0.652,0.96,0.603,0.353;0.118;aaa;
0.652,0.469,0.457,0.348;0.0646;aaaaaa;
0.416,0.739,0.74,0.593;0.985;aaaa;
0.639,0.974,0.0977,0.264;0.0102;aaaaaaaaaa;
0.668,0.715,0.676,0.454;0.351;aaa;
0.658,0.0346,0.709,0.793;0.183;aaaaaaaa;
0.242,0.689,0.713,0.0573;0.585;a;
0.644,0.814,0.0425,0.0358;0.0654;aaaa;
0.0904,0.0266,0.886,0.247;0.0532;aaaaa;
0.0961,0.0678,0.0188,0.757;0.828;aaaaaaaaa;
0.591,0.284,0.403,0.437;0.0923;a;
0.815,0.419,0.712,0.586;0.664;aa;
0.497,0.423,0.796,0.936;0.67;aaaaaaaaa;
0.245,0.583,0.825,0.621;0.695;a;
0.218,0.631,0.987,0.456;0.96;aa;
0.524,0.0536,0.648,0.683;0.654;a;
0.0243,0.0925,0.161,0.691;0.00498;aaaaaaaaaa;
0.524,0.0536,0.648,0.683;0.654;aaaa;
0.199,0.851,0.811,0.672;0.583;aaaaaa;
0.218,0.631,0.987,0.456;0.96;aaa;
0.0243,0.0925,0.161,0.691;0.00498;aaaaaa;
0.199,0.851,0.811,0.672;0.583;aaa;
0.218,0.631,0.987,0.456;0.96;aaaa;
0.0243,0.0925,0.161,0.691;0.00498;aaaaaaaaaa;
0.245,0.583,0.825,0.621;0.695;a;
0.218,0.631,0.987,0.456;0.96;aaaaaaaaa;
0.245,0.583,0.825,0.621;0.695;aaaa;
0.199,0.851,0.811,0.672;0.583;aaaaaa;
0.218,0.631,0.987,0.456;0.96;aaaaaa;
0.0243,0.0925,0.161,0.691;0.00498;aaaaaaaaaa;
0.524,0.0536,0.648,0.683;0.654;aaaa;
0.218,0.631,0.987,0.456;0.96;aaaa;
0.0243,0.0925,0.161,0.691;0.00498;aaaaaa;
0.524,0.0536,0.648,0.683;0.654;aaaaaaaaaa;
0.245,0.583,0.825,0.621;0.695;aaaaaa;
0.218,0.631,0.987,0.456;0.96;aaaa;
0.0243,0.0925,0.161,0.691;0.00498;aa;
0.524,0.0536,0.648,0.683;0.654;aa;
0.245,0.583,0.825,0.621;0.695;aaaaaaaaaa;
0.218,0.631,0.987,0.456;0.96;aaaaa;
0.0243,0.0925,0.161,0.691;0.00498;aaaaaaaaa;
0.524,0.0536,0.648,0.683;0.654;a;
0.245,0.583,0.825,0.621;0.695;a;
0.218,0.631,0.987,0.456;0.96;aaa;
0.524,0.0536,0.648,0.683;0.654;aaaaaaaaaa;
0.245,0.583,0.825,0.621;0.695;aaa;
0.199,0.851,0.811,0.672;0.583;aa;
0.0243,0.0925,0.161,0.691;0.00498;aaaaaaa;
0.524,0.0536,0.648,0.683;0.654;a;
0.245,0.583,0.825,0.621;0.695;aaaaaaa;
0.199,0.851,0.811,0.672;0.583;aaaaaaaaaa;
0.218,0.631,0.987,0.456;0.96;a;
0.0243,0.0925,0.161,0.691;0.00498;aa;
0.245,0.583,0.825,0.621;0.695;a;
0.199,0.851,0.811,0.672;0.583;a;
0.218,0.631,0.987,0.456;0.96;aaaaaaaa;
0.0243,0.0925,0.161,0.691;0.00498;aaaaaaa;
0.245,0.583,0.825,0.621;0.695;aaaaaaaa;
0.199,0.851,0.811,0.672;0.583;aaaaaaaaaa;
0.218,0.631,0.987,0.456;0.96;aaaa;
0.0243,0.0925,0.161,0.691;0.00498;a;
0.245,0.583,0.825,0.621;0.695;a;
0.199,0.851,0.811,0.672;0.583;aaaaaaaa;
0.218,0.631,0.987,0.456;0.96;aaaaaaaa;
0.0243,0.0925,0.161,0.691;0.00498;aa;
0.524,0.0536,0.648,0.683;0.654;aaaaa;
0.199,0.851,0.811,0.672;0.583;a;
0.218,0.631,0.987,0.456;0.96;aaaa;
0.0243,0.0925,0.161,0.691;0.00498;aaaaaaaaaa;
0.524,0.0536,0.648,0.683;0.654;a;
0.245,0.583,0.825,0.621;0.695;aaaaaaa;
0.218,0.631,0.987,0.456;0.96;aaaaaaaaaa;
0.0243,0.0925,0.161,0.691;0.00498;aaaaaaa;
0.524,0.0536,0.648,0.683;0.654;aaaa;
0.199,0.851,0.811,0.672;0.583;aaaa;
0.218,0.631,0.987,0.456;0.96;aaaa;
0.0243,0.0925,0.161,0.691;0.00498;aaaaaaaaa;
0.524,0.0536,0.648,0.683;0.654;aaaaaaaaa;
0.199,0.851,0.811,0.672;0.583;aa;
0.218,0.631,0.987,0.456;0.96;aaaaaaa;
0.0243,0.0925,0.161,0.691;0.00498;aa;
0.524,0.0536,0.648,0.683;0.654;aaaaaaa;
0.245,0.583,0.825,0.621;0.695;a;
0.218,0.631,0.987,0.456;0.96;aaaaaaaaa;
0.0243,0.0925,0.161,0.691;0.00498;aaaaaaaaaa;
0.524,0.0536,0.648,0.683;0.654;aaaaaaaaa;
0.245,0.583,0.825,0.621;0.695;aaaa;
0.218,0.631,0.987,0.456;0.96;a;
0.0243,0.0925,0.161,0.691;0.00498;a;
0.524,0.0536,0.648,0.683;0.654;aaaa;
0.245,0.583,0.825,0.621;0.695;aa;
0.199,0.851,0.811,0.672;0.583;aaaaaaaa;
0.218,0.631,0.987,0.456;0.96;aaaaaaa;
0.0243,0.0925,0.161,0.691;0.00498;aaaa;
0.524,0.0536,0.648,0.683;0.654;aaaaaaaa;
0.245,0.583,0.825,0.621;0.695;aaaaaaaaa;
0.199,0.851,0.811,0.672;0.583;aaaaaaaaaa;
0.218,0.631,0.987,0.456;0.96;aaaa;
0.0243,0.0925,0.161,0.691;0.00498;aaaa;
0.524,0.0536,0.648,0.683;0.654;aaaaaaaaaa;
0.245,0.583,0.825,0.621;0.695;aaaaaaaaa;
0.199,0.851,0.811,0.672;0.583;a;
0.218,0.631,0.987,0.456;0.96;aaaaaa;
0.0243,0.0925,0.161,0.691;0.00498;aaaaaaa;
0.524,0.0536,0.648,0.683;0.654;aaaaaaaa;
0.245,0.583,0.825,0.621;0.695;aaaaa;
0.199,0.851,0.811,0.672;0.583;aaaa;
0.218,0.631,0.987,0.456;0.96;aaaaaaa;
0.0243,0.0925,0.161,0.691;0.00498;aa;
0.524,0.0536,0.648,0.683;0.654;aaaaa;
0.245,0.583,0.825,0.621;0.695;aa;
0.199,0.851,0.811,0.672;0.583;aaaaaaaaa;
0.218,0.631,0.987,0.456;0.96;aaaaaaaaaa;
0.0243,0.0925,0.161,0.691;0.00498;a;
0.524,0.0536,0.648,0.683;0.654;aa;
0.245,0.583,0.825,0.621;0.695;aaaa;
0.199,0.851,0.811,0.672;0.583;a;
0.218,0.631,0.987,0.456;0.96;aaaaaaaaaa;
0.0243,0.0925,0.161,0.691;0.00498;aaaaa;
0.524,0.0536,0.648,0.683;0.654;aaaaa;
0.245,0.583,0.825,0.621;0.695;aaaaaaaaaa;
0.199,0.851,0.811,0.672;0.583;aaaaa;
0.218,0.631,0.987,0.456;0.96;aaaaaaa;
0.0243,0.0925,0.161,0.691;0.00498;aaaaa;
0.524,0.0536,0.648,0.683;0.654;aaa;
0.245,0.583,0.825,0.621;0.695;aaa;
0.199,0.851,0.811,0.672;0.583;aa;
0.218,0.631,0.987,0.456;0.96;aaaaaa;
0.0243,0.0925,0.161,0.691;0.00498;aaa;
0.524,0.0536,0.648,0.683;0.654;aaaaaaaaa;
0.245,0.583,0.825,0.621;0.695;aaaaa;
0.199,0.851,0.811,0.672;0.583;aaaaaaaaaa;
0.218,0.631,0.987,0.456;0.96;aaaaaa;
0.0243,0.0925,0.161,0.691;0.00498;aaaaa;
0.524,0.0536,0.648,0.683;0.654;aaa;
0.245,0.583,0.825,0.621;0.695;aaaaaaaaaa;
0.199,0.851,0.811,0.672;0.583;aaaaaaaaa;
0.218,0.631,0.987,0.456;0.96;aaaaa;
0.0243,0.0925,0.161,0.691;0.00498;aaa;
0.524,0.0536,0.648,0.683;0.654;aaaaaa;
0.245,0.583,0.825,0.621;0.695;aaaaaa;
0.199,0.851,0.811,0.672;0.583;aaa;
0.218,0.631,0.987,0.456;0.96;a;
0.0243,0.0925,0.161,0.691;0.00498;a;
0.524,0.0536,0.648,0.683;0.654;aaaaaa;
0.245,0.583,0.825,0.621;0.695;aaaaaaaaa;
0.199,0.851,0.811,0.672;0.583;aaa;
0.218,0.631,0.987,0.456;0.96;aaaaaaaaaa;
0.0243,0.0925,0.161,0.691;0.00498;aaaaaaaaa;
0.524,0.0536,0.648,0.683;0.654;aaaa;
0.245,0.583,0.825,0.621;0.695;aaaaaa;
0.199,0.851,0.811,0.672;0.583;aaaa;
0.218,0.631,0.987,0.456;0.96;aaaaaaa;
0.0243,0.0925,0.161,0.691;0.00498;aa;
0.524,0.0536,0.648,0.683;0.654;aaaaaaaa;
0.245,0.583,0.825,0.621;0.695;aaaaaaa;
0.199,0.851,0.811,0.672;0.583;aaaaa;
0.218,0.631,0.987,0.456;0.96;aaaaaaaaa;
0.0243,0.0925,0.161,0.691;0.00498;aaaaaaa;
0.524,0.0536,0.648,0.683;0.654;aaaaaaaa;
0.245,0.583,0.825,0.621;0.695;aa;
0.199,0.851,0.811,0.672;0.583;aa;
