0	0
1	1,40
2	2
3	3,47
4	4,32
5	5
6	5,6,16
7	7,34
8	0,4,8
9	9,22,31
10	10,40
11	11
12	12
13	13
14	14,40
15	15
16	16
17	17
18	18
19	19,30
20	20
21	21
22	22
23	23
24	24,37
25	25
26	26,33,47
27	27
28	28
29	16,26,29
30	30
31	31
32	32
33	33
34	34
35	35
36	36
37	37
38	38
39	39
40	40
41	41
42	22,42
43	43
44	44
45	45
46	46
47	47
48	48
49	49
50	11
51	45
52	1
53	33
54	4
55	5
56	0
57	5
58	10
59	4
60	1
61	18,23
62	8
63	45
64	7
65	3
66	6
67	18,25
68	31
69	15,21
70	15
71	6
72	9
73	3
74	22
75	8
76	0,12,18
77	12
78	16
79	8
80	4,10
81	13,26,39
82	2
83	4
84	29
85	4
86	4
87	14
88	0
89	17
90	12
91	14
92	29,30
93	36
94	13
95	3
96	32,33
97	10
98	30
99	6
100	3
101	7
102	3
103	0
104	11
105	33
106	46
107	2,10,34
108	13
109	28
110	1
111	9,10,13,16
112	11,30
113	14
114	6
115	21
116	6
117	7
118	0
119	1
120	14
121	2
122	23
123	5
124	5
125	2,37
126	33
127	0
128	0
129	2
130	12
131	6
132	17
133	14
134	5
135	11
136	23
137	4
138	5
139	11
140	18
141	0
142	17
143	0
144	1
145	12,36
146	2
147	12
148	11
149	17
150	8
151	23
152	31
153	0
154	2
155	3,34
156	5,14
157	24
158	3
159	13
160	30
161	3
162	18
163	1
164	13
165	0
166	6
167	15
168	2
169	8
170	0
171	3
172	32,49
173	4
174	13
175	23
176	0
177	18
178	6
179	1
180	12
181	5
182	3
183	17
184	4,14
185	3
186	4
187	32
188	15
189	44
190	1
191	4
192	23
193	33
194	3
195	15,33
196	6
197	44
198	7
199	7
200	6
201	6
202	1,6
203	2
204	12
205	27
206	15
207	0
208	15
209	5
210	8
211	33
212	23
213	43
214	10
215	3
216	3
217	25
218	5
219	18
220	6
221	33
222	11
223	0
224	18
225	2
226	34
227	2
228	0
229	22
230	9,16
231	13
232	14
233	11
234	22
235	3
236	5
237	2
238	3
239	24
240	14
241	2
242	3
243	29
244	18
245	23
246	8
247	4
248	0
249	1
250	23
251	31,39
252	22
253	9,18
254	9
255	19,20
256	12
257	4
258	2
259	13
260	6
261	12,13
262	0
263	5
264	22
265	2,30,41
266	4
267	11
268	39
269	1
270	8
271	11
272	5
273	33
274	3
275	16
276	19
277	33
278	3
279	11
280	2
281	23
282	0
283	11
284	5
285	1
286	15
287	6
288	20
289	1
290	5
291	18
292	34
293	1
294	16
295	2
296	18
297	22
298	6
299	0
300	30
301	0
302	12
303	2
304	4
305	27,31
306	32,39
307	27
308	31
309	0
310	16,23
311	9
312	0
313	27
314	20
315	0
316	5
317	2
318	4
319	25,28
320	2
321	8
322	8
323	22
324	13
325	0
326	4
327	1
328	22
329	12,18
330	1
331	2
332	12
333	1
334	8
335	4
336	9
337	35
338	10,16
339	15
340	9
341	23
342	3
343	0
344	13
345	30,31
346	14
347	4
348	11
349	12
350	9
351	9
352	0
353	6
354	21
355	5
356	4
357	4
358	20
359	24
360	1
361	33
362	1
363	4
364	27
365	2
366	30,38
367	34
368	2
369	8
370	32
371	3
372	19
373	22
374	7
375	30
376	36
377	16
378	3
379	5
380	11
381	13
382	2
383	43
384	0
385	0
386	28
387	39
388	10
389	30
390	10
391	12
392	11
393	1
394	0
395	1
396	15
397	7
398	3
399	43
400	12
401	28
402	14
403	11
404	8
405	29
406	22
407	7
408	5
409	7
410	15
411	2
412	24
413	22
414	20,35
415	10
416	49
417	31
418	1
419	1
420	4
421	11
422	17
423	3
424	19
425	5
426	5
427	17
428	32
429	13
430	2
431	1
432	5
433	29,49
434	5
435	6
436	17
437	21
438	3
439	17
440	0,6
441	13
442	16,45
443	2
444	0
445	15
446	2
447	8
448	17
449	3
450	3
451	35
452	44
453	9,31
454	3
455	13
456	10
457	6
458	37
459	5
460	13
461	26,40
462	32
463	3
464	1
465	3
466	15
467	5
468	7
469	9
470	1
471	17
472	4
473	32
474	4
475	2
476	14
477	34
478	5
479	12
480	5
481	13,41
482	38
483	4
484	0
485	9
486	31
487	26
488	12
489	2
490	13
491	10
492	12
493	26
494	15,34
495	18
496	16
497	22
498	14
499	11
500	9
501	5
502	37,41
503	13
504	2
505	25
506	32,39
507	37
508	24
509	17
510	14
511	24,38,39,45
512	1
513	1
514	2
515	16
516	12
517	11
518	26
519	9
520	7
521	11
522	8
523	18
524	25
525	11
526	14
527	14
528	0
529	6,7
530	2
531	2
532	9
533	23
534	0
535	4
536	6
537	15
538	3
539	12
540	15
541	31
542	21
543	4
544	22
545	9
546	44
547	35
548	27
549	4
550	2
551	8
552	0
553	9
554	11
555	1
556	5
557	4
558	46
559	1
560	14
561	19,49
562	28
563	19
564	8
565	11
566	1
567	26
568	14
569	13
570	30
571	3
572	6
573	28,48
574	2
575	24
576	32
577	7
578	11
579	3
580	16
581	9
582	14
583	0
584	12
585	7,10
586	20
587	3
588	11
589	44
590	5
591	4
592	5
593	16
594	2
595	10
596	11
597	47
598	1
599	5
600	37
601	4
602	5
603	4
604	7
605	9,32
606	0
607	23
608	10
609	26
610	2
611	0
612	6
613	14
614	8
615	18
616	6
617	7
618	1
619	3
620	4
621	26
622	16
623	4
624	17
625	2
626	7
627	41,44
628	42
629	0
630	42
631	2
632	15
633	22
634	5
635	5
636	3
637	4
638	3
639	3
640	17
641	8
642	0
643	4
644	8
645	1
646	13
647	5
648	2
649	25
650	7
651	23
652	5
653	12
654	5
655	11
656	14
657	1
658	8
659	35
660	4
661	6
662	5
663	10
664	8
665	0
666	11
667	35
668	21
669	4
670	17,29
671	2
672	9
673	39
674	23
675	4
676	9
677	1
678	6
679	16
680	7
681	11
682	25
683	22
684	13
685	8
686	3
687	0
688	1
689	17
690	0
691	22
692	6
693	23
694	2
695	12
696	1
697	2
698	33
699	16
700	18
701	30
702	3
703	18,34
704	16
705	10
706	23
707	1
708	8
709	33
710	2
711	2
712	5,40
713	8
714	7
715	18
716	8
717	29
718	5
719	15
720	19
721	33
722	19
723	39
724	2
725	6
726	3
727	13,22
728	16
729	21
730	17
731	27
732	1
733	9,34
734	10
735	1
736	9
737	6
738	9
739	10
740	2
741	28
742	3
743	0
744	15
745	25
746	3
747	19
748	9
749	1
750	0
751	19
752	14
753	8
754	11
755	32,38
756	11
757	29
758	35
759	8
760	1
761	22
762	43
763	17
764	22
765	4
766	3
767	10
768	0
769	3
770	25
771	3
772	3
773	2
774	10
775	30,47,48
776	0
777	10
778	10
779	9
780	21
781	7
782	24
783	4
784	5
785	29
786	10
787	11
788	21
789	10
790	2
791	6
792	4
793	19
794	16
795	8
796	4
797	7
798	7
799	20,47
800	4
801	8
802	2
803	6
804	22
805	16
806	16
807	7
808	8
809	0
810	2
811	4
812	0
813	0
814	40
815	24
816	35
817	29
818	10
819	13
820	0
821	7
822	5
823	18
824	9
825	3
826	43
827	7
828	4
829	3,36
830	3
831	11
832	10
833	4
834	13
835	22
836	4
837	2
838	40
839	12
840	5
841	9,20
842	12
843	4
844	0
845	40
846	11
847	13
848	9
849	11
850	2
851	17
852	34
853	0,1,3,22,27,36
854	20
855	9
856	24
857	0
858	10
859	11
860	8
861	3
862	9
863	16
864	12
865	1
866	29
867	8
868	28,46
869	7
870	22
871	21
872	6
873	3
874	15
875	2
876	0
877	16
878	2
879	18
880	22
881	26
882	0
883	6
884	11
885	16
886	8
887	1
888	37
889	3
890	18
891	6
892	14
893	20
894	10
895	7
896	13
897	0
898	20,40
899	0
900	14
901	25
902	4
903	1
904	5
905	2
906	5
907	7
908	5
909	6
910	4
911	4
912	8
913	17
914	10
915	6
916	4
917	8
918	13
919	6
920	19
921	5
922	13
923	18
924	24
925	5
926	1
927	17
928	19
929	16
930	2
931	5
932	3
933	5
934	16
935	13
936	3
937	6
938	21,43
939	26
940	17
941	12
942	23
943	2
944	2
945	0
946	2
947	16
948	9
949	16
950	33
951	9
952	12
953	12
954	10
955	1
956	10
957	31
958	25
959	0
960	1
961	14
962	1
963	1
964	7,25
965	16
966	25
967	26
968	7
969	19
970	0
971	18
972	2
973	23
974	17
975	1
976	20
977	13
978	7
979	9
980	1
981	2
982	2
983	7
984	3,18,49
985	17
986	8
987	12
988	10
989	24
990	23
991	14
992	30
993	0
994	13
995	21
996	10
997	10
998	9,13
999	46
1000	0
1001	0
1002	0
1003	0
1004	0
1005	2
1006	2
1007	2
1008	2
1009	2
1010	6
1011	6
1012	6
1013	6
1014	6
1015	14
1016	14
1017	14
1018	14
1019	14
1020	30
1021	30
1022	30
1023	30
1024	30
1025	49
1026	49
1027	49
1028	49
1029	49
1030	48
1031	48
1032	48
1033	48
1034	48
1035	47
1036	47
1037	47
1038	47
1039	47
1040	46
1041	46
1042	46
1043	46
1044	46
1045	45
1046	45
1047	45
1048	45
1049	45
1050	44
1051	44
1052	44
1053	44
1054	44
1055	43
1056	43
1057	43
1058	43
1059	43
1060	42
1061	42
1062	42
1063	42
1064	42
1065	41
1066	41
1067	41
1068	41
1069	41
1070	40
1071	40
1072	40
1073	40
1074	40
1075	39
1076	39
1077	39
1078	39
1079	39
1080	38
1081	38
1082	38
1083	38
1084	38
1085	37
1086	37
1087	37
1088	37
1089	37
1090	36
1091	36
1092	36
1093	36
1094	36
1095	35
1096	35
1097	35
1098	35
1099	35
1100	34
1101	34
1102	34
1103	34
1104	34
1105	33
1106	33
1107	33
1108	33
1109	33
1110	32
1111	32
1112	32
1113	32
1114	32
1115	29
1116	29
1117	29
1118	29
1119	29
1120	31
1121	31
1122	31
1123	31
1124	31
