0	0
1	1
2	2
3	3
4	4,6
5	5,29
6	6,12,13,28,30,31,32
7	7,22
8	8,22,28
9	9,10,32
10	10
11	11
12	12,33
13	13
14	14
15	11,14,15,16,32
16	16
17	17
18	18
19	19
20	20
21	21
22	17,22
23	23
24	24,33
25	25
26	26
27	27
28	28
29	29
30	30
31	31
32	32
33	33
34	34
35	12,26
36	18
37	2,5
38	0
39	2
40	3,4
41	8
42	4
43	11
44	7
45	16,27
46	4
47	11
48	0,23
49	12
50	5
51	4
52	1
53	15
54	3
55	7
56	4
57	8
58	3
59	12
60	6
61	6
62	6
63	1
64	30
65	20
66	4
67	10
68	11,18,26,34
69	0,24
70	7,24
71	11
72	3
73	10,13
74	13
75	1
76	10
77	9
78	6
79	1
80	17
81	1
82	1
83	19
84	10
85	20
86	13
87	15,25,28
88	9,31,34
89	1
90	12
91	4,34
92	25
93	4
94	24
95	13,16,23
96	3
97	33
98	8
99	5,32
100	2,34
101	10
102	1,5
103	10
104	16
105	18
106	25
107	2,10
108	6
109	10
110	10
111	13,33
112	0
113	13
114	12,22
115	5
116	2
117	8
118	0
119	8
120	7
121	7
122	12
123	3
124	2,21
125	2
126	12
127	16
128	29
129	1,30
130	18
131	4
132	7
133	13
134	6
135	13
136	10
137	9
138	27
139	0
140	5
141	2
142	0
143	0
144	3
145	9
146	5
147	2
148	3
149	29
150	17
151	0
152	19
153	11
154	0
155	20
156	8
157	23
158	17
159	27
160	27
161	13,18
162	10
163	0
164	5
165	3
166	4
167	2
168	22
169	21
170	28
171	1
172	0
173	1
174	0
175	2
176	27
177	5
178	14,27,32
179	14,22
180	5
181	1,19
182	10
183	0
184	1
185	13
186	1
187	7
188	18
189	0
190	0
191	3
192	5
193	20,23,30
194	1
195	14
196	7
197	3
198	5
199	15
200	3
201	23
202	16
203	1
204	3
205	12
206	3
207	9
208	9
209	20,27
210	7
211	11,22
212	3
213	2
214	0
215	21
216	4
217	14
218	14
219	3
220	17
221	8
222	23
223	10
224	6
225	11
226	3
227	12
228	8
229	12
230	9
231	21
232	30
233	11
234	3
235	10
236	2
237	11
238	5
239	12
240	4
241	25
242	2
243	3
244	12
245	17
246	18
247	12
248	6
249	0
250	24,34
251	9
252	4
253	3
254	15,31
255	27
256	4
257	2
258	0
259	0
260	4
261	9
262	7
263	14
264	14
265	6
266	5
267	5
268	3
269	0
270	3
271	2
272	8
273	17
274	1
275	9
276	13
277	1
278	12
279	5
280	3
281	3
282	5
283	24
284	0
285	6
286	1
287	8,29,31
288	13
289	31
290	6
291	10
292	2
293	9
294	8
295	2
296	0
297	10
298	10
299	7
300	1
301	11,18
302	2
303	5
304	12
305	1
306	9
307	13
308	27
309	0
310	8,18
311	3
312	1
313	3
314	15
315	0
316	18
317	5
318	3
319	8,31
320	2
321	0
322	2
323	3
324	25
325	13
326	2
327	9
328	2
329	9
330	19
331	3
332	3
333	5
334	19
335	7
336	5
337	20
338	4
339	4
340	3
341	8
342	1
343	11
344	5
345	15
346	20
347	8
348	1
349	4,15
350	15
351	9
352	0
353	8
354	11
355	17
356	5
357	8
358	1
359	8
360	4
361	18
362	1
363	0
364	12
365	11
366	22
367	8
368	5
369	6
370	9
371	21
372	9
373	15
374	6
375	14
376	5
377	10
378	17
379	1
380	7
381	10
382	2
383	7
384	11
385	32
386	1
387	2
388	12,23
389	8
390	3,5
391	0
392	2
393	1
394	3
395	4
396	8
397	5
398	1
399	9,27
400	1
401	4
402	5
403	3
404	6
405	9,27
406	11,28
407	2
408	21
409	0
410	6
411	19
412	3
413	7
414	9
415	31
416	0
417	14
418	11
419	2
420	15
421	2
422	29
423	11
424	3
425	2
426	9
427	15
428	3
429	26
430	14
431	6,13
432	0
433	1
434	9
435	9
436	1,3
437	13
438	0
439	1
440	21
441	10
442	14
443	8,9
444	5
445	11,33
446	3
447	23
448	26
449	4
450	10
451	25
452	25
453	7
454	4
455	14
456	4
457	12
458	8
459	10
460	30
461	6
462	8
463	1
464	6
465	3
466	5
467	2
468	6
469	2
470	16
471	17
472	0
473	15
474	23
475	4
476	10
477	18
478	0
479	10
480	12
481	3
482	7
483	29
484	7
485	6
486	1
487	4
488	7
489	7
490	2
491	6
492	11
493	27
494	11
495	20
496	5
497	7
498	30
499	6
500	3
501	5
502	2
503	13
504	18
505	32
506	20
507	4
508	3
509	9
510	5
511	27
512	1
513	4
514	21
515	0
516	22
517	10
518	2
519	3
520	6
521	2
522	14
523	13
524	7
525	2
526	5
527	1
528	0
529	8
530	7
531	11
532	3
533	21
534	10
535	0
536	9
537	5
538	2
539	0
540	1
541	12
542	2
543	14
544	12
545	5
546	2
547	2
548	27
549	7
550	11
551	0
552	0
553	0
554	13
555	5
556	11
557	6
558	9
559	13
560	3
561	6
562	11
563	23,28,32
564	23
565	8
566	2
567	0
568	2
569	19
570	0
571	3
572	4
573	29
574	11
575	2
576	7
577	0
578	11
579	14
580	19
581	11
582	8
583	8
584	6
585	0
586	8
587	5
588	2
589	10
590	15
591	10
592	2
593	10
594	14
595	5
596	8
597	11
598	0
599	2
600	3
601	1
602	0
603	0
604	11
605	8
606	3
607	1
608	0
609	13
610	10
611	23
612	4
613	6
614	0
615	1
616	1
617	3
618	2
619	11
620	34
621	10
622	8
623	24
624	2
625	7
626	10
627	5
628	7,22
629	13
630	15
631	9
632	5
633	10
634	11
635	5
636	0
637	2
638	28
639	1
640	11
641	31
642	13
643	0
644	3
645	1
646	2
647	17
648	9
649	11
650	9
651	10
652	0
653	4
654	8
655	8
656	16
657	1
658	13
659	5
660	12
661	3
662	2
663	1
664	16
665	0
666	2
667	14
668	1,4
669	5
670	5
671	4
672	2
673	0
674	10
675	7
676	2
677	0
678	4
679	23
680	0
681	0
682	21
683	2
684	16
685	14
686	3
687	0
688	0
689	18
690	7
691	17
692	4
693	20
694	2
695	20
696	5
697	20
698	3
699	7
700	1
701	27
702	27
703	18
704	16
705	2
706	8
707	2
708	6
709	18
710	14
711	1
712	27
713	27
714	7
715	15
716	2
717	0
718	2
719	31
720	0
721	5
722	3
723	0
724	34
725	34
726	9
727	4
728	3
729	9
730	3
731	6
732	24
733	1
734	1
735	22
736	8
737	0
738	0
739	2
740	3
741	6
742	8
743	4
744	10
745	0
746	4
747	0
748	9
749	4
750	1
751	11
752	10
753	0
754	8
755	4
756	1
757	22
758	11
759	10
760	28
761	11
762	3
763	3
764	19
765	0
766	7
767	6
768	6
769	23
770	1
771	2
772	1
773	23
774	1
775	25
776	2
777	11
778	18
779	3,4,10,27
780	4
781	7
782	0
783	13
784	0
785	18
786	4
787	1
788	8
789	5
790	28
791	3
792	3
793	1
794	18
795	8
796	2
797	1
798	0
799	2
800	5
801	0,5
802	4
803	9
804	9
805	1
806	2
807	11
808	33
809	12
810	15
811	0,1,8,12,26,29
812	6
813	16
814	10
815	0
816	11
817	18
818	2
819	11
820	5
821	3
822	15
823	24
824	0
825	0
826	0
827	11
828	7
829	5
830	8
831	3
832	2
833	17
834	5
835	4
836	5
837	10
838	3
839	0
840	12
841	0
842	6
843	20
844	16
845	3,29
846	14
847	1
848	14
849	19
850	0
851	0
852	6
853	25
854	7
855	14
856	25,33
857	0
858	23
859	2
860	4
861	1
862	5
863	9
864	11
865	3
866	8
867	13
868	10
869	7
870	18
871	3
872	24
873	15
874	13
875	6
876	4
877	7,19,23
878	11
879	3
880	3
881	3
882	7
883	17
884	0
885	21,24
886	2
887	9
888	0
889	8
890	4
891	5
892	1
893	6
894	0
895	5
896	3
897	1
898	11
899	11
900	5
901	10
902	12
903	13
904	3
905	16
906	4
907	21
908	4
909	7
910	12
911	28
912	11
913	2
914	20,26
915	9
916	5
917	3
918	0
919	12
920	9
921	2
922	0
923	3
924	17
925	9
926	12
927	1
928	1
929	3
930	7
931	3
932	0
933	0
934	1
935	0
936	2
937	2
938	2
939	1
940	4
941	1
942	16
943	9
944	18
945	0
946	4
947	0
948	6
949	19
950	1
951	0
952	19
953	6,21
954	17
955	8
956	7
957	5,12,14,23,30
958	7
959	17
960	10
961	8
962	6
963	15
964	17
965	10
966	13
967	2
968	5
969	15
970	2
971	8
972	7
973	4
974	3
975	21
976	25
977	15
978	3
979	5
980	0
981	9
982	4
983	16,25
984	9
985	12,19,25,29
986	17
987	0
988	6
989	4
990	9
991	15
992	4
993	15
994	0
995	10
996	18
997	7
998	0
999	4
1000	0
1001	0
1002	1
1003	1
1004	27
1005	27
1006	27
1007	3
1008	3
1009	3
1010	8
1011	8
1012	8
1013	17
1014	17
1015	17
1016	16
1017	16
1018	16
1019	2
1020	2
1021	2
1022	2
1023	14
1024	14
1025	14
1026	14
1027	29
1028	29
1029	29
1030	29
1031	6
1032	6
1033	6
1034	6
1035	11
1036	11
1037	11
1038	11
1039	26
1040	26
1041	26
1042	26
1043	23
1044	23
1045	23
1046	23
1047	9
1048	9
1049	9
1050	9
1051	20
1052	20
1053	20
1054	20
1055	34
1056	34
1057	34
1058	34
1059	7
1060	7
1061	7
1062	7
