0	0
1	0,1,18,38,56,79
2	2,17,41,63,74
3	3,27,56
4	4,33,40
5	5,52,71
6	6,27
7	4,7,44,50,68,71,82
8	8,36,80
9	9,66
10	10
11	11
12	12
13	13
14	14
15	15
16	16
17	17
18	18
19	19
20	0,20
21	21
22	22
23	23
24	24
25	25
26	26
27	27,44
28	28
29	29
30	30
31	31
32	32
33	33
34	34
35	35
36	36
37	37
38	38,77
39	39
40	40
41	0,34,41,72
42	42
43	43
44	44
45	45
46	6,46,54,76
47	47
48	48
49	49
50	40,50
51	51
52	52
53	53
54	54
55	55
56	56
57	57
58	21,58,61,67
59	59
60	60
61	61
62	62
63	63
64	64
65	4,65
66	57,66
67	67
68	18,55,68
69	69
70	70
71	71
72	72
73	73
74	74
75	75
76	75,76
77	77
78	78
79	75,79
80	80
81	81
82	27,82
83	68,83
84	84
85	19
86	7
87	13
88	29
89	18,55
90	46
91	1
92	21
93	8
94	27
95	13
96	3,34
97	0
98	60
99	2,22,76
100	2
101	26
102	40
103	19
104	0,39
105	1
106	15
107	11
108	32
109	48
110	1,41
111	1
112	6
113	1
114	7
115	37,54
116	27
117	2
118	6
119	45
120	5
121	11
122	24
123	28
124	6
125	35
126	0
127	25
128	4
129	29
130	48
131	7
132	1
133	2
134	42
135	1
136	3
137	11
138	35
139	31
140	3
141	34
142	12
143	27
144	49
145	15,68
146	45
147	61,70
148	31
149	73
150	51
151	1
152	5
153	8
154	56
155	20
156	30
157	22
158	6
159	23
160	8
161	1
162	73
163	25
164	2
165	3
166	19
167	11,18
168	8
169	42
170	55
171	0
172	36
173	3
174	2
175	12
176	21
177	18,30
178	34
179	31
180	7,35
181	3
182	32
183	10
184	14
185	10
186	14
187	32
188	18
189	22
190	5
191	31
192	7
193	19
194	17
195	42
196	45
197	20
198	33
199	12
200	1
201	22
202	2
203	32,39
204	44,59
205	4
206	54
207	29
208	20
209	33
210	18
211	74
212	20
213	49
214	55
215	42
216	9
217	27
218	25
219	17
220	2
221	12
222	37
223	10
224	30
225	8
226	23
227	6
228	22
229	12
230	30
231	18
232	16
233	53,68
234	56
235	17
236	41
237	5
238	24
239	46
240	11
241	16
242	22
243	3
244	3,28
245	34
246	2
247	35
248	0
249	23
250	42
251	11,46
252	3
253	24
254	10,12
255	17
256	9
257	0
258	17
259	4
260	56
261	75
262	71
263	31
264	26
265	2
266	47
267	3
268	10
269	16
270	34
271	25
272	10
273	6
274	3
275	3
276	9,41
277	11
278	12
279	28
280	4
281	11
282	12
283	1
284	1
285	8
286	23
287	41
288	5
289	35
290	8,64
291	4
292	4
293	34,81
294	17
295	6
296	2
297	1
298	38
299	66
300	7
301	12
302	9
303	20
304	28
305	25,50
306	24
307	13,63
308	23
309	0
310	24
311	4
312	41,51,71
313	5
314	28
315	16
316	1
317	22
318	23
319	31
320	6
321	29
322	13
323	58
324	10
325	67
326	12
327	5
328	38
329	17
330	12
331	5
332	16
333	64
334	1
335	35
336	53
337	2
338	9
339	55
340	5
341	20
342	21
343	21
344	31
345	17
346	20
347	41
348	13,27,30
349	35
350	41
351	6,76
352	39
353	1
354	25
355	19
356	2
357	18
358	23
359	6
360	25
361	16
362	2
363	14
364	84
365	7
366	22
367	30
368	24
369	28
370	9
371	0
372	40
373	17
374	23
375	0
376	33
377	1
378	42
379	19
380	15
381	17
382	8
383	27
384	7
385	26
386	32
387	59
388	19
389	50
390	29
391	0
392	24,28
393	30
394	12
395	34
396	5,73
397	21
398	72
399	60
400	3,56
401	39
402	24
403	7
404	12
405	15
406	34
407	56
408	26
409	33
410	3
411	22
412	77
413	46
414	15
415	11
416	71
417	8
418	4
419	2
420	12,34
421	7
422	8
423	66
424	60
425	6
426	12
427	6
428	58
429	29
430	37
431	12
432	40
433	47,51
434	6
435	16
436	8
437	16
438	13
439	11
440	33
441	7
442	29
443	10
444	47
445	34
446	29
447	5
448	27
449	4
450	23
451	29
452	5
453	5
454	11
455	2
456	1
457	45
458	14
459	11
460	1
461	0
462	18
463	21
464	6
465	35
466	5
467	26
468	30
469	5
470	2
471	19
472	26
473	36,47
474	3
475	5
476	11
477	8,12,13
478	2
479	0
480	1
481	6
482	14
483	13
484	25
485	9
486	19
487	51
488	20
489	14
490	6
491	19
492	13
493	65
494	20
495	9
496	42
497	17
498	11
499	0
500	15
501	9
502	60
503	57
504	10
505	5
506	52,59
507	40
508	4
509	63
510	6
511	19
512	58
513	2
514	36
515	15
516	43
517	18
518	10
519	12
520	1
521	5
522	21
523	42
524	32
525	4
526	19,62
527	12
528	8
529	16
530	21
531	9
532	33
533	11
534	5
535	3
536	75
537	19
538	23
539	36
540	16
541	1
542	59
543	15
544	5
545	27
546	21
547	0
548	58
549	9
550	35,73
551	1
552	23
553	1
554	19
555	1,28
556	10
557	0
558	53
559	3
560	5,67
561	4
562	16
563	34
564	19
565	15
566	26
567	33
568	65
569	22
570	19
571	2
572	11
573	6
574	5
575	5
576	5
577	11
578	35
579	22
580	7
581	5
582	52
583	7
584	44
585	22
586	29
587	53
588	9
589	6
590	15
591	32
592	4
593	45
594	59
595	28
596	54
597	58
598	33
599	48
600	20
601	5
602	22
603	13
604	3
605	53
606	14
607	16
608	9
609	20
610	57
611	11
612	34
613	25
614	7
615	11
616	1
617	53
618	6
619	7
620	7
621	47
622	20
623	25
624	27
625	16
626	27
627	25
628	1
629	57
630	6
631	1
632	20
633	37
634	7
635	12
636	24
637	32
638	43
639	14
640	8
641	53
642	13
643	63
644	9
645	17
646	6
647	11
648	1
649	2
650	10
651	38
652	1
653	26,39
654	24
655	16
656	0
657	19
658	36
659	17
660	2
661	4
662	1
663	1
664	21
665	72
666	4
667	2
668	7
669	22
670	32
671	10
672	46
673	1
674	16
675	23
676	0
677	14
678	41,50
679	25
680	5
681	22
682	21
683	8
684	19
685	10
686	12
687	8
688	18
689	60
690	32
691	47
692	1
693	6
694	8
695	26
696	9
697	3
698	9
699	39
700	0
701	37
702	37,52,60
703	34
704	53
705	60
706	35
707	17
708	32
709	9
710	54
711	10
712	27
713	0
714	13
715	17
716	15
717	1
718	28
719	25
720	0
721	43
722	15
723	44
724	27,82
725	26
726	14
727	3
728	36
729	38
730	7
731	2
732	48
733	21
734	21
735	5
736	45
737	19
738	10
739	39
740	58
741	38
742	6
743	1
744	62
745	13
746	19
747	4
748	34
749	29
750	13
751	15
752	21
753	21
754	10
755	2
756	36
757	5
758	16
759	17
760	2
761	26,78,84
762	20
763	0
764	2
765	0
766	52
767	16
768	20
769	4
770	7
771	6
772	46
773	36
774	10
775	8
776	16
777	14
778	5
779	11
780	16
781	32
782	37
783	41
784	49
785	47
786	44
787	41
788	59
789	53
790	3
791	0
792	47
793	19
794	2
795	5
796	2
797	1
798	34
799	71
800	64
801	41
802	15
803	14
804	38
805	2
806	51
807	0
808	1
809	2
810	32
811	15
812	48,51,76
813	1
814	3
815	30
816	16
817	57
818	15
819	36
820	2
821	14
822	27
823	13
824	37
825	2
826	10
827	6
828	1
829	42
830	7
831	8
832	2
833	6
834	33
835	12
836	28
837	16
838	44
839	10
840	1
841	9
842	13
843	8
844	22
845	11
846	9
847	45
848	4
849	11
850	12
851	5
852	17
853	27
854	5
855	13
856	34
857	15
858	4
859	10
860	4
861	54
862	4
863	10
864	25
865	77
866	33
867	1
868	16
869	14
870	0
871	1
872	58
873	24
874	10
875	7
876	32
877	55
878	34
879	9
880	34
881	5
882	13
883	43
884	10
885	26
886	23
887	10
888	27
889	31
890	20
891	49
892	15
893	2
894	18
895	28
896	1
897	43
898	45
899	39
900	10
901	39
902	28
903	16
904	20
905	44,55
906	17
907	6
908	11
909	36
910	1
911	12
912	0
913	6
914	16
915	71
916	56
917	32
918	5
919	27
920	9
921	48
922	28
923	7
924	8
925	1
926	19
927	33
928	47
929	12
930	2
931	6
932	20
933	4
934	0
935	15
936	46
937	5
938	0
939	40
940	0
941	27
942	45
943	21
944	39
945	5
946	23
947	46
948	27,28
949	5
950	0
951	0
952	3
953	11
954	13
955	38,79
956	27
957	14
958	39
959	40
960	42
961	5
962	13
963	24
964	29
965	41
966	6
967	30
968	4
969	25
970	4
971	11
972	0
973	52
974	10
975	3
976	41
977	19
978	14
979	39
980	2
981	24
982	6
983	14
984	19
985	4
986	6
987	39
988	19
989	27
990	42,50
991	15
992	3
993	14
994	9
995	48
996	1
997	62
998	5
999	3
1000	4
1001	4
1002	4
1003	4
1004	27
1005	27
1006	27
1007	27
1008	9
1009	9
1010	9
1011	9
1012	2
1013	2
1014	2
1015	2
1016	2
1017	14
1018	14
1019	14
1020	14
1021	14
1022	30
1023	30
1024	30
1025	30
1026	30
1027	62
1028	62
1029	62
1030	62
1031	62
1032	84
1033	84
1034	84
1035	84
1036	84
1037	82
1038	82
1039	82
1040	82
1041	82
1042	81
1043	81
1044	81
1045	81
1046	81
1047	80
1048	80
1049	80
1050	80
1051	80
1052	79
1053	79
1054	79
1055	79
1056	79
1057	78
1058	78
1059	78
1060	78
1061	78
1062	77
1063	77
1064	77
1065	77
1066	77
1067	76
1068	76
1069	76
1070	76
1071	76
1072	75
1073	75
1074	75
1075	75
1076	75
1077	74
1078	74
1079	74
1080	74
1081	74
1082	73
1083	73
1084	73
1085	73
1086	73
1087	72
1088	72
1089	72
1090	72
1091	72
1092	71
1093	71
1094	71
1095	71
1096	71
1097	70
1098	70
1099	70
1100	70
1101	70
1102	69
1103	69
1104	69
1105	69
1106	69
1107	68
1108	68
1109	68
1110	68
1111	68
1112	67
1113	67
1114	67
1115	67
1116	67
1117	66
1118	66
1119	66
1120	66
1121	66
1122	65
1123	65
1124	65
1125	65
1126	65
1127	64
1128	64
1129	64
1130	64
1131	64
1132	61
1133	61
1134	61
1135	61
1136	61
1137	63
1138	63
1139	63
1140	63
1141	63
1142	60
1143	60
1144	60
1145	60
1146	60
1147	59
1148	59
1149	59
1150	59
1151	59
1152	58
1153	58
1154	58
1155	58
1156	58
1157	57
1158	57
1159	57
1160	57
1161	57
1162	56
1163	56
1164	56
1165	56
1166	56
1167	55
1168	55
1169	55
1170	55
1171	55
1172	54
1173	54
1174	54
1175	54
1176	54
1177	53
1178	53
1179	53
1180	53
1181	53
1182	52
1183	52
1184	52
1185	52
1186	52
1187	51
1188	51
1189	51
1190	51
1191	51
1192	50
1193	50
1194	50
1195	50
1196	50
1197	49
1198	49
1199	49
1200	49
1201	49
1202	48
1203	48
1204	48
1205	48
1206	48
1207	47
1208	47
1209	47
1210	47
1211	47
