0	0
1	1
2	2,32
3	3
4	4,21,45
5	5
6	6,14
7	7
8	8,20
9	9,41,43,48
10	7,10,15
11	11,33
12	12
13	13
14	14
15	3,15,25
16	16
17	17
18	15,18
19	19
20	20
21	21
22	22
23	23
24	24,46
25	25,49
26	6,26
27	14,27
28	28
29	29,40
30	30
31	6,31
32	32
33	33
34	34
35	35
36	36
37	37
38	38
39	16,39
40	40
41	41
42	42
43	43
44	44
45	45
46	46
47	47
48	48
49	49
50	6
51	40
52	8
53	4
54	0
55	8,18
56	2
57	14
58	36
59	17
60	9,21
61	12
62	9
63	7
64	9
65	1,27
66	9
67	0
68	8
69	0
70	1
71	1
72	5
73	3
74	10,28
75	46
76	1,39
77	29
78	8
79	18
80	14
81	10
82	22,28
83	12
84	3,31
85	2,4
86	47
87	8
88	1
89	37
90	16,31
91	13
92	10
93	0,10
94	48
95	2
96	11
97	1
98	7
99	6
100	1,49
101	10
102	13,14,16,19
103	7
104	38
105	6
106	4
107	4
108	0
109	17
110	1
111	31
112	0
113	34
114	13
115	4
116	3
117	18
118	0
119	8
120	0
121	17
122	12
123	13
124	29
125	4,42
126	16
127	1
128	16
129	21
130	7
131	8
132	4
133	19
134	37
135	22
136	3
137	11
138	16
139	13
140	33
141	11,38
142	14
143	4
144	18
145	24
146	4
147	14
148	1
149	5,10
150	3
151	9
152	3
153	0
154	1
155	1
156	15
157	6
158	0
159	2
160	8
161	41,49
162	23
163	26
164	6
165	1
166	3
167	16
168	2
169	4
170	3
171	13
172	13
173	34
174	9
175	30
176	23
177	8
178	10
179	41
180	5
181	0
182	3
183	1
184	13
185	13
186	6
187	18
188	2
189	1
190	43
191	21
192	49
193	21,27
194	2
195	5
196	10,44
197	4
198	6
199	25
200	15
201	21
202	24
203	3
204	19
205	46
206	6
207	21
208	9
209	7
210	26
211	12
212	43
213	13,35
214	14
215	39
216	41
217	17
218	11,23
219	19
220	21
221	18
222	29
223	28
224	3
225	2
226	1
227	3
228	23
229	9
230	4,12
231	7
232	15
233	20,43
234	11
235	5,26
236	1
237	22
238	34
239	23
240	1
241	15
242	30
243	34
244	11
245	1
246	5
247	10
248	22,37
249	2,3
250	1
251	3
252	3
253	28
254	20
255	5
256	12
257	3
258	5
259	3
260	5
261	15
262	18
263	0
264	27,36
265	0
266	8
267	41
268	0,25
269	3
270	3
271	45
272	16
273	8,22
274	2
275	29
276	9
277	29
278	10
279	1,5
280	2
281	0
282	0
283	5
284	2
285	3
286	3
287	15,40
288	11
289	14
290	16,32
291	5
292	13
293	34
294	38
295	1
296	2
297	5
298	41
299	1
300	3
301	19,32
302	1
303	1
304	6
305	6
306	16
307	4
308	35
309	35
310	3
311	16
312	19
313	9,36
314	2
315	13
316	20
317	9
318	11
319	5
320	16
321	2
322	3
323	21
324	7
325	10
326	16
327	23
328	14
329	26,37
330	4
331	21
332	16
333	11
334	3
335	40
336	0
337	8
338	6
339	8
340	3
341	23
342	21
343	1
344	6
345	11
346	9
347	1,24
348	18
349	0
350	5
351	7
352	4
353	5
354	3
355	0
356	17
357	8
358	10
359	2
360	14
361	1,35
362	19
363	15
364	7
365	4
366	3
367	17
368	1
369	12
370	0
371	8
372	3
373	12
374	18
375	23,30
376	12
377	7
378	8
379	1,31
380	18
381	25
382	0
383	1
384	2
385	8,10
386	35
387	0
388	5
389	7
390	4
391	35
392	1
393	10
394	7
395	3
396	12
397	14
398	23
399	8
400	10
401	6
402	0
403	9
404	3
405	3
406	19
407	5
408	5
409	26
410	0
411	29
412	28
413	48
414	34
415	4
416	2
417	1
418	0
419	6
420	12
421	4
422	0
423	11
424	12
425	6
426	15
427	6
428	37
429	1
430	10
431	47
432	26
433	24
434	18
435	43
436	18
437	1
438	5
439	4
440	0,9
441	21
442	26,43
443	9
444	18
445	0
446	8
447	9
448	35
449	5
450	2
451	4
452	21
453	2
454	13
455	0
456	39
457	12
458	45
459	12
460	6
461	36
462	26
463	19
464	23
465	3
466	0
467	1
468	7
469	1
470	8
471	17
472	0
473	33
474	0
475	3
476	3
477	1
478	2
479	22
480	0
481	9
482	1
483	29
484	13
485	19
486	7
487	0
488	14
489	42
490	11
491	0
492	23
493	19
494	4
495	0
496	2
497	19
498	19
499	24
500	13
501	32
502	1
503	5
504	0
505	8
506	10
507	0
508	26
509	14
510	14
511	8
512	23
513	4,8
514	15
515	1
516	19
517	27
518	8
519	5
520	15
521	0
522	23
523	21
524	3
525	0
526	2
527	12
528	21
529	3
530	21
531	31
532	19
533	22
534	0
535	17
536	35
537	0
538	18
539	13
540	4
541	18
542	14
543	17
544	37
545	40
546	3
547	23
548	25
549	7
550	5
551	7
552	25
553	21
554	0
555	46
556	30
557	1
558	17
559	7
560	7
561	10
562	1
563	6
564	4,9,27
565	3
566	2
567	7
568	1
569	3
570	7,47
571	2,31
572	12
573	8
574	14,37
575	3
576	5
577	4
578	5
579	9
580	31
581	21
582	6
583	12
584	31
585	5
586	14
587	24
588	30,39
589	1
590	12
591	5
592	22
593	11
594	3
595	0
596	15
597	17
598	2
599	0
600	1
601	46
602	19
603	31
604	2
605	6
606	19
607	33
608	5
609	6
610	30
611	40
612	19
613	20
614	31
615	31
616	20,38,39,46
617	40
618	2
619	24
620	11
621	16
622	3
623	7
624	9,41
625	6
626	13
627	1
628	2
629	6
630	4
631	4
632	18
633	13
634	17
635	20
636	2
637	1
638	1
639	18
640	8
641	9
642	16
643	0
644	2
645	12
646	25
647	12
648	3
649	39
650	6
651	8,32
652	11
653	14
654	7
655	14
656	4
657	7
658	6,49
659	16
660	4
661	12
662	14
663	4
664	45
665	0
666	47
667	1
668	14
669	15
670	17
671	20
672	41
673	14
674	10
675	11
676	25
677	0
678	5,6
679	19
680	10
681	15
682	1
683	0
684	40
685	2
686	14
687	25
688	35
689	19
690	35
691	10
692	5
693	6
694	29
695	4
696	6
697	19
698	8
699	20
700	5
701	14
702	26
703	37
704	14
705	9
706	14
707	36
708	18
709	25,49
710	20
711	39
712	2
713	0
714	27
715	35
716	31,49
717	17
718	6
719	38
720	0
721	35
722	3
723	8
724	20
725	9
726	2
727	9
728	8
729	2
730	2
731	2
732	24
733	5
734	48
735	4
736	25
737	10
738	17
739	25
740	10
741	37
742	13
743	21
744	2
745	28
746	17
747	19,42
748	1
749	8
750	11
751	33
752	17,30
753	18
754	11
755	31
756	2
757	16
758	28
759	0
760	47
761	2
762	5
763	18
764	16
765	26
766	1
767	3
768	22
769	20
770	2
771	27
772	4
773	7
774	3
775	0
776	26
777	4
778	25
779	11
780	16
781	20
782	5
783	2
784	36,37
785	19
786	2
787	18
788	11
789	9
790	18
791	11
792	15
793	18
794	2
795	2
796	20
797	8
798	5
799	9
800	7
801	5
802	36
803	18
804	0
805	25
806	4
807	14
808	7
809	32
810	23
811	18
812	13
813	11
814	19
815	3
816	0
817	12
818	13
819	9
820	34
821	7
822	9
823	7
824	15
825	6
826	26
827	16
828	3
829	23
830	2
831	10
832	10
833	19
834	25,31
835	12
836	0
837	41
838	1
839	5
840	5,22
841	25
842	19
843	8
844	27
845	27
846	41
847	0
848	11
849	10
850	1
851	18
852	11
853	4
854	32
855	18
856	8
857	9
858	35
859	21
860	24
861	2
862	21
863	33
864	1
865	12
866	33
867	6
868	2
869	34
870	7
871	16
872	6
873	5
874	26
875	21
876	1
877	4
878	13
879	20
880	3
881	16
882	19
883	15
884	29
885	12
886	3
887	1
888	29,38
889	17
890	4
891	12
892	5,9,36,47
893	0
894	16
895	33,35
896	2
897	6
898	13
899	3
900	19
901	2
902	21
903	3
904	16
905	3,37
906	13
907	28,30,34
908	5
909	3
910	16
911	19
912	9
913	3
914	5
915	11
916	18
917	18
918	17
919	9
920	19
921	12
922	23
923	12
924	10
925	26
926	19
927	1
928	11
929	13
930	23
931	10
932	8
933	13
934	1
935	15
936	32
937	12
938	21
939	1
940	15
941	17,39,45
942	8
943	2
944	16
945	2
946	0
947	0
948	7
949	12
950	13
951	13
952	3
953	7
954	40
955	6
956	4
957	21
958	24
959	10,24,36,46
960	13
961	0
962	7
963	12
964	15
965	2
966	40
967	2
968	1
969	31
970	4
971	43
972	20
973	27
974	12
975	3
976	0
977	24,30
978	11
979	19
980	29
981	2
982	20
983	11,29
984	8
985	1
986	11
987	3
988	5
989	6
990	3
991	11
992	14
993	1
994	2
995	1
996	6
997	5
998	20
999	5
1000	0
1001	0
1002	0
1003	0
1004	0
1005	2
1006	2
1007	2
1008	2
1009	2
1010	6
1011	6
1012	6
1013	6
1014	6
1015	14
1016	14
1017	14
1018	14
1019	14
1020	30
1021	30
1022	30
1023	30
1024	30
1025	49
1026	49
1027	49
1028	49
1029	49
1030	48
1031	48
1032	48
1033	48
1034	48
1035	47
1036	47
1037	47
1038	47
1039	47
1040	46
1041	46
1042	46
1043	46
1044	46
1045	45
1046	45
1047	45
1048	45
1049	45
1050	44
1051	44
1052	44
1053	44
1054	44
1055	43
1056	43
1057	43
1058	43
1059	43
1060	42
1061	42
1062	42
1063	42
1064	42
1065	41
1066	41
1067	41
1068	41
1069	41
1070	40
1071	40
1072	40
1073	40
1074	40
1075	39
1076	39
1077	39
1078	39
1079	39
1080	38
1081	38
1082	38
1083	38
1084	38
1085	37
1086	37
1087	37
1088	37
1089	37
1090	36
1091	36
1092	36
1093	36
1094	36
1095	35
1096	35
1097	35
1098	35
1099	35
1100	34
1101	34
1102	34
1103	34
1104	34
1105	33
1106	33
1107	33
1108	33
1109	33
1110	32
1111	32
1112	32
1113	32
1114	32
1115	29
1116	29
1117	29
1118	29
1119	29
1120	31
1121	31
1122	31
1123	31
1124	31
