0	0
1	1
2	2,4
3	3
4	4
5	5
6	6
7	7
8	8
9	9
10	0,2
11	3
12	0,2
13	4
14	0
15	0
16	1
17	8
18	9
19	8
20	4,9
21	2
22	2,3
23	3
24	0
25	8
26	4
27	1
28	1
29	2
30	2
31	1
32	2
33	2
34	2
35	2
36	1
37	4,7
38	4
39	6
40	0
41	4
42	0
43	0
44	0,1
45	5,6,7
46	2
47	1,8
48	2
49	1
50	0
51	2
52	4
53	0
54	6,8
55	3
56	2
57	5
58	1,2
59	1,3
60	0
61	1,7
62	7
63	1,9
64	1
65	1
66	5
67	4
68	0,1,9
69	1,2,3,8
70	0,7
71	2,4,5
72	4
73	5
74	3
75	3
76	2
77	1,3,6
78	1,6
79	5
80	2,6
81	3,9
82	0,7,9
83	1,7
84	3
85	0,3
86	1,4
87	5
88	4
89	4
90	4,6,7
91	2
92	0,1,2,5,7
93	5
94	8
95	1
96	1,3,4,5,7
97	0,7
98	2,6
99	0,8
100	3,5,6,7
101	3
102	0,5,6,9
103	0
104	0,2,8
105	1,6
106	1
107	1
108	0,1,6
109	3
110	0,1,7,9
111	0,6
112	0
113	5
114	0,6
115	6,7
116	0
117	4
118	0
119	1
120	0,4,6
121	9
122	0
123	1
124	3
125	3
126	5
127	2
128	1
129	4
130	0,4
131	0
132	5
133	0
134	3
135	4
136	0
137	0
138	0
139	1,2
140	0,5
141	0,4
142	0
143	0,4
144	5
145	1
146	4
147	5
148	2,5,6
149	0,9
150	1
151	3
152	5,6
153	0
154	2,4
155	0,7
156	2
157	0,7
158	6
159	2
160	2
161	1
162	1
163	1
164	9
165	1
166	3
167	1,3,8
168	2,9
169	0,3,6,9
170	5,7
171	1
172	1,6,8
173	1,6
174	4
175	1
176	0
177	1
178	0,4,5
179	4,9
180	2
181	0
182	1,2
183	1
184	0
185	2
186	1
187	1,4
188	6
189	0
190	4
191	2
192	0
193	4
194	0
195	2
196	2
197	0
198	1
199	1
200	0,7
201	1
202	2
203	1
204	1,4,8
205	3
206	0
207	0
208	0
209	2
210	0
211	1
212	0
213	0
214	1
215	4,8
216	6
217	4
218	3
219	1,8
220	1
221	3
222	0
223	1
224	0
225	0
226	4
227	0
228	0,1
229	6
230	0
231	1
232	1,3
233	0,1
234	5
235	1,8
236	4
237	6
238	1
239	9
240	7
241	4
242	0
243	7
244	5
245	5,8
246	8
247	7
248	0
249	5
250	1
251	1
252	0
253	0
254	1
255	6
256	4
257	1
258	8
259	3
260	1
261	2,4
262	0
263	5
264	3
265	0,5
266	4
267	0
268	0
269	0
270	2
271	1
272	1
273	5
274	6
275	1
276	2
277	5
278	0,1
279	4
280	2,3
281	2,3
282	3
283	5
284	0
285	3,4
286	1
287	7
288	1,9
289	0,5,9
290	1,3
291	0
292	0
293	4
294	2
295	0,1,6
296	0
297	2,3
298	2
299	7
300	2
301	7
302	0
303	0,2
304	1
305	0,8
306	4
307	1
308	0,4
309	1,6
310	1,3,6
311	1
312	7
313	0
314	1,3
315	0
316	5
317	5
318	1
319	3
320	2,4
321	1,7
322	1,7
323	0
324	2
325	0
326	9
327	2
328	0
329	2
330	3,8
331	6
332	1
333	0
334	1
335	4
336	2
337	0,3
338	1
339	0
340	0
341	1
342	0
343	3
344	2
345	4
346	0
347	6
348	0,8
349	4
350	3
351	3,6
352	2,3
353	1
354	5,9
355	3
356	1
357	0
358	1
359	0
360	7
361	1
362	5
363	0
364	7
365	1,4
366	1
367	1
368	0
369	2
370	1
371	1
372	0
373	1
374	3
375	0
376	2
377	3
378	2
379	2
380	3
381	5,6
382	2
383	9
384	4
385	2
386	3
387	0
388	0,1
389	3
390	9
391	1
392	0
393	1
394	2
395	5
396	1
397	0
398	1
399	3
400	0
401	5
402	4
403	0
404	3,5
405	3
406	0,4
407	4
408	0,6
409	5
410	4
411	1,5
412	0
413	2
414	1,7
415	5
416	4
417	1
418	0,7
419	1,6
420	0
421	0
422	7
423	0
424	1
425	0
426	1
427	1,5
428	1,6
429	4
430	1
431	1,8
432	7
433	8
434	1
435	3
436	0
437	1
438	1
439	1
440	1
441	2
442	6
443	0
444	1
445	5
446	0
447	0
448	4
449	1
450	4,7
451	3
452	0
453	3
454	6
455	1
456	0,3
457	4
458	0
459	1
460	1,4,6
461	1
462	5
463	2
464	2
465	1,5
466	1
467	2
468	1
469	7
470	0
471	1
472	4
473	1
474	0
475	7
476	2,7
477	9
478	0
479	0
480	1
481	1
482	0
483	0
484	0
485	8
486	0
487	3
488	2,4
489	0
490	2,8
491	0
492	0
493	0
494	3
495	2,3,5
496	1
497	4
498	0,2
499	0,9
500	3
501	3,4
502	0
503	0
504	8
505	5
506	2
507	1
508	2
509	0
510	0
511	0
512	1
513	2,3
514	1
515	0
516	1
517	2
518	4
519	2
520	5,6
521	2
522	1
523	3
524	3
525	0
526	1
527	4
528	3
529	5
530	3
531	5,9
532	5
533	0
534	5,9
535	3,9
536	3
537	1,2,8
538	1
539	0
540	0
541	6
542	0,3
543	2
544	1
545	2
546	1,6
547	3,5
548	0
549	3
550	0
551	1
552	2
553	3
554	2
555	0,8
556	1
557	6
558	4,5
559	0,5
560	2
561	1
562	9
563	2
564	0
565	1
566	0
567	2
568	0
569	1
570	1
571	7
572	1
573	1
574	2
575	0
576	0
577	1
578	6
579	0
580	2
581	8
582	0
583	4,8
584	0
585	4
586	2
587	2
588	0
589	3
590	2
591	1
592	2
593	0
594	1
595	6
596	0
597	4
598	3
599	1
600	5
601	2
602	3
603	5
604	1
605	0
606	9
607	2
608	1
609	2
610	6
611	1
612	8
613	0
614	0,3
615	4
616	6
617	1,8,9
618	9
619	3
620	1
621	3
622	3
623	5
624	2
625	1
626	1
627	2
628	1
629	1
630	0
631	0
632	2
633	1
634	0
635	5
636	0
637	8
638	4
639	0
640	0
641	0
642	4
643	3
644	1
645	5
646	3
647	1
648	1
649	2
650	0
651	0
652	5
653	3
654	2
655	9
656	1
657	4
658	6
659	1,3
660	1
661	1
662	2,5
663	1
664	6
665	1
666	2
667	1
668	4
669	4
670	0
671	5
672	0
673	3
674	2
675	2
676	0
677	3
678	0
679	0
680	0
681	2
682	0
683	4
684	2
685	1
686	2
687	0
688	0
689	6
690	3
691	4
692	2
693	1
694	1
695	0,3,6
696	5
697	0
698	7
699	5
700	1
701	0
702	0
703	0
704	3
705	2
706	0
707	0
708	0
709	4
710	6
711	4,8
712	0
713	3
714	4
715	5
716	3
717	0
718	0
719	1
720	6
721	0
722	0
723	1
724	3
725	1
726	5
727	2
728	1
729	0
730	1
731	0
732	1
733	1
734	2
735	2
736	1
737	6
738	5
739	5
740	1
741	0
742	0
743	2
744	5
745	0
746	1
747	5
748	0
749	0,9
750	0
751	1
752	0,7
753	0
754	2
755	1
756	1
757	2
758	3,8
759	4,5
760	4
761	0
762	3,6
763	0,5
764	2
765	3
766	2
767	1
768	1
769	5
770	3
771	3
772	2
773	4
774	0
775	6,7,8
776	2
777	0
778	1
779	3
780	3
781	0
782	5
783	0
784	2
785	3,5
786	0
787	1
788	0
789	2
790	4,6
791	4
792	1
793	2
794	3
795	2
796	0
797	1,7
798	2
799	1
800	0
801	1
802	0
803	3
804	1
805	2
806	1
807	3
808	0
809	7
810	4
811	0
812	3
813	5
814	4
815	5
816	3
817	3
818	0
819	0
820	1
821	0
822	6
823	1
824	2
825	2
826	1
827	0
828	2
829	3
830	0
831	1
832	4
833	3,6
834	0
835	3
836	4
837	1
838	2,4
839	3
840	2
841	5
842	0
843	2
844	1
845	5
846	7,8
847	0
848	0,5
849	0
850	0
851	0
852	5
853	1
854	0
855	2,9
856	2
857	2
858	2
859	2
860	1,2
861	3
862	1
863	0
864	0
865	1
866	0
867	2
868	4
869	0
870	1
871	1
872	3
873	6
874	1
875	2
876	0
877	2
878	8
879	1
880	1
881	3
882	0
883	0
884	1
885	5
886	0
887	8
888	3
889	5
890	2
891	0,7
892	2
893	3,9
894	0
895	0
896	3
897	2,7
898	2
899	2
900	1,2
901	1
902	1,5
903	8
904	2,3
905	0,9
906	1,3
907	1
908	1
909	2
910	0,3
911	5
912	1
913	0
914	1
915	6,8
916	0,9
917	0
918	0
919	1,4
920	1,7
921	2
922	3
923	2
924	4
925	1
926	3
927	0
928	0
929	5,6
930	1
931	1
932	0
933	8
934	5
935	1
936	0
937	1
938	0
939	1
940	0
941	2
942	7
943	9
944	0
945	3
946	2
947	1
948	8
949	2
950	2
951	2
952	1
953	2,6
954	1
955	5
956	4
957	4
958	3
959	1
960	0
961	2
962	2,6
963	0
964	2
965	0
966	7
967	1
968	1
969	4
970	0
971	0
972	0
973	0
974	2
975	1
976	0
977	3
978	5
979	2,7
980	1
981	0
982	1
983	0
984	3
985	2
986	7
987	3,6
988	0
989	0,2
990	1
991	1
992	0
993	3
994	1
995	2
996	0
997	0
998	0,6
999	1
1000	0
1001	3
1002	0
1003	0
1004	0
1005	3
1006	0,1
1007	3
1008	3,7,9
1009	0
1010	2
1011	8
1012	6
1013	0
1014	0
1015	1
1016	2
1017	0
1018	0
1019	0
1020	5
1021	6,7
1022	0
1023	0
1024	0
1025	1
1026	2
1027	0
1028	0
1029	6
1030	7
1031	5
1032	1,2
1033	2
1034	6
1035	0
1036	4,8
1037	0
1038	1
1039	3,7
1040	0
1041	0
1042	0
1043	3
1044	7
1045	7
1046	0
1047	1
1048	4
1049	4,7
1050	1
1051	2
1052	4
1053	0
1054	0
1055	0
1056	0
1057	0
1058	5
1059	4
1060	3
1061	2
1062	2
1063	1,5
1064	0
1065	3
1066	6
1067	2
1068	2
1069	1
1070	0,5
1071	5
1072	3
1073	5
1074	0
1075	1
1076	5
1077	2
1078	0
1079	2
1080	1
1081	5,9
1082	0
1083	3
1084	1
1085	2,6,7
1086	1
1087	1,5
1088	0
1089	3,6,9
1090	2
1091	0
1092	4
1093	4
1094	2
1095	3
1096	4,9
1097	1
1098	0
1099	3
1100	1
1101	6,9
1102	3
1103	0
1104	3
1105	3
1106	1
1107	2
1108	0
1109	0
1110	6
1111	2
1112	1
1113	3
1114	1
1115	2
1116	0
1117	3
1118	1
1119	0
1120	2,9
1121	3
1122	0
1123	1
1124	3
1125	0
1126	1
1127	0
1128	0
1129	3
1130	2,4
1131	0,6,7
1132	0
1133	2
1134	2
1135	1
1136	6
1137	5
1138	1
1139	4
1140	7
1141	1
1142	3
1143	8
1144	5
1145	5
1146	7
1147	0
1148	0
1149	4,7
1150	0
1151	0
1152	0
1153	1
1154	1
1155	6
1156	0
1157	4
1158	6
1159	2
1160	0
1161	1
1162	1
1163	0
1164	0
1165	1
1166	0
1167	3
1168	1
1169	3
1170	2
1171	9
1172	7
1173	4
1174	1
1175	3
1176	0
1177	3
1178	0
1179	1
1180	1
1181	7
1182	7,8
1183	2
1184	2
1185	2
1186	0
1187	6
1188	5,6
1189	5
1190	6
1191	0
1192	0
1193	1
1194	0
1195	1
1196	3
1197	0
1198	3
1199	1
1200	6,7
1201	3,8
1202	1
1203	8,9
1204	0
1205	2
1206	0
1207	0
1208	1
1209	2
1210	0
1211	1
1212	1
1213	1
1214	1
1215	4
1216	1
1217	1
1218	1
1219	2,7
1220	6
1221	0
1222	2,5
1223	3
1224	3
1225	6
1226	0,4
1227	1
1228	1
1229	0
1230	5
1231	5
1232	3,9
1233	0
1234	4
1235	2
1236	1
1237	0
1238	5
1239	4
1240	0
1241	2
1242	2
1243	2
1244	1
1245	9
1246	3,8
1247	2
1248	1
1249	5
1250	0
1251	0
1252	0
1253	0
1254	4
1255	0
1256	5
1257	4
1258	3
1259	1
1260	4
1261	6
1262	1
1263	1
1264	0
1265	6
1266	0
1267	9
1268	2
1269	6
1270	2
1271	0
1272	2
1273	5
1274	1
1275	4
1276	5,9
1277	6
1278	1
1279	1
1280	3
1281	9
1282	0
1283	2
1284	1
1285	1
1286	2
1287	2
1288	0
1289	2
1290	1
1291	3
1292	3
1293	2
1294	3,4
1295	1
1296	1
1297	0
1298	1
1299	0
1300	0
1301	2
1302	0
1303	1
1304	0
1305	2
1306	2
1307	1
1308	6
1309	2,4
1310	0
1311	1
1312	1
1313	2,5
1314	7
1315	5
1316	0
1317	2,3
1318	7
1319	2
1320	6
1321	2
1322	1
1323	0
1324	4
1325	1
1326	4
1327	2
1328	0
1329	0
1330	0
1331	2
1332	0,4,5
1333	1
1334	1
1335	1
1336	5
1337	1
1338	2
1339	0
1340	0
1341	5
1342	3
1343	2,4
1344	0
1345	4
1346	1
1347	4
1348	1
1349	1
1350	1
1351	0
1352	0
1353	4
1354	9
1355	2
1356	1
1357	4,9
1358	0
1359	1
1360	4
1361	1
1362	6
1363	3
1364	4
1365	2
1366	0
1367	3
1368	8
1369	5
1370	0
1371	0
1372	1
1373	2
1374	0
1375	1
1376	6
1377	6
1378	0
1379	3,8
1380	4
1381	3
1382	4
1383	1
1384	2
1385	3
1386	4
1387	2
1388	1
1389	4
1390	3
1391	1
1392	0
1393	7
1394	5
1395	0
1396	1
1397	1
1398	0
1399	3
1400	2
1401	0
1402	2
1403	1
1404	5
1405	3
1406	5,6
1407	0
1408	0
1409	1
1410	0
1411	0
1412	1
1413	0
1414	1
1415	2
1416	4
1417	3
1418	0
1419	2
1420	2
1421	0
1422	0
1423	2
1424	6,7,8
1425	4
1426	6
1427	1
1428	2
1429	1
1430	4
1431	1
1432	0
1433	0
1434	0
1435	0
1436	2
1437	0
1438	2
1439	2,3,5
1440	0
1441	1
1442	0
1443	4
1444	0
1445	2
1446	3
1447	6,9
1448	6
1449	5
1450	4
1451	3
1452	2
1453	3
1454	4
1455	5
1456	0
1457	2
1458	1
1459	0,6
1460	1
1461	0
1462	1
1463	0
1464	0
1465	3
1466	2
1467	5
1468	0
1469	0
1470	0
1471	0
1472	1
1473	0
1474	2
1475	0
1476	0
1477	2
1478	5
1479	2
1480	5
1481	0
1482	3
1483	0
1484	1
1485	2
1486	1
1487	6
1488	0
1489	0
1490	1
1491	4,7
1492	8
1493	0
1494	2,5
1495	0
1496	3
1497	9
1498	2
1499	1
1500	1
1501	2
1502	5
1503	0
1504	2
1505	0
1506	0
1507	0
1508	0
1509	5
1510	0
1511	2
1512	0
1513	0
1514	2
1515	0
1516	0
1517	2
1518	1
1519	0
1520	1
1521	2
1522	0
1523	5
1524	2
1525	3
1526	5
1527	7
1528	4
1529	0
1530	0
1531	1
1532	0
1533	0
1534	1
1535	1
1536	9
1537	2
1538	2
1539	1
1540	0
1541	2
1542	0
1543	0
1544	5
1545	0
1546	2
1547	3
1548	2
1549	4
1550	8
1551	1,3
1552	4
1553	2
1554	2
1555	9
1556	0
1557	0
1558	0
1559	0
1560	5
1561	7
1562	2
1563	0
1564	0
1565	1
1566	8
1567	3
1568	5,6
1569	2
1570	1
1571	2
1572	1
1573	1
1574	2
1575	1
1576	2
1577	7
1578	1
1579	2
1580	1
1581	0
1582	0,1
1583	8
1584	1
1585	0
1586	2
1587	0
1588	0
1589	0
1590	4,5
1591	5
1592	1
1593	1
1594	4
1595	3
1596	1
1597	1
1598	5
1599	0
1600	1
1601	0
1602	4
1603	3
1604	8
1605	0
1606	1
1607	1
1608	5
1609	1
1610	5
1611	9
1612	8,9
1613	0
1614	0
1615	0
1616	1
1617	0
1618	4,7
1619	0
1620	0
1621	8
1622	0
1623	3
1624	0
1625	2
1626	0
1627	2
1628	2
1629	0
1630	0
1631	3
1632	3
1633	2
1634	2
1635	4
1636	3
1637	2
1638	0
1639	2
1640	2
1641	3
1642	3
1643	5
1644	4
1645	2
1646	2
1647	3
1648	1
1649	4
1650	3
1651	2
1652	3
1653	3
1654	3
1655	1
1656	2,7
1657	0
1658	7
1659	0
1660	2
1661	4
1662	1
1663	7
1664	1
1665	3,5,6
1666	3
1667	5
1668	1
1669	4
1670	0
1671	2,7
1672	1
1673	7
1674	1
1675	1
1676	6
1677	0
1678	0
1679	0
1680	8
1681	3
1682	0
1683	8
1684	1
1685	3
1686	0
1687	1
1688	3
1689	7
1690	1
1691	1
1692	1
1693	1
1694	8
1695	0
1696	2
1697	0
1698	3
1699	0
1700	4
1701	0
1702	5
1703	3
1704	1
1705	0
1706	0
1707	1
1708	1
1709	1
1710	0
1711	4
1712	0
1713	0
1714	2
1715	1
1716	3
1717	3
1718	1
1719	2,6
1720	4
1721	2
1722	7
1723	1
1724	0
1725	2
1726	2
1727	6
1728	0
1729	3
1730	2
1731	6
1732	2
1733	9
1734	5
1735	4
1736	0
1737	3
1738	0
1739	2
1740	0
1741	1
1742	5
1743	7
1744	0
1745	3
1746	0
1747	7
1748	0
1749	2
1750	2
1751	2
1752	1
1753	1
1754	2
1755	5
1756	0
1757	1
1758	1
1759	2
1760	3
1761	5
1762	2
1763	1
1764	2
1765	2
1766	1
1767	1
1768	5
1769	0
1770	3
1771	1
1772	1
1773	4
1774	9
1775	1
1776	3
1777	7
1778	2
1779	1
1780	0
1781	3
1782	1
1783	1
1784	1
1785	1
1786	1
1787	4
1788	2
1789	0
1790	1
1791	2
1792	3
1793	5
1794	5
1795	2
1796	0
1797	4
1798	3
1799	0
1800	2
1801	2
1802	0
1803	3
1804	0
1805	1
1806	8
1807	0
1808	6,7
1809	0
1810	5
1811	3
1812	0
1813	4
1814	0
1815	2
1816	2
1817	0
1818	0
1819	0
1820	4
1821	1
1822	0
1823	1
1824	5
1825	1
1826	2
1827	4
1828	4
1829	2
1830	3
1831	3,6
1832	2
1833	1
1834	1
1835	1
1836	2
1837	0
1838	0
1839	1
1840	2
1841	8
1842	5
1843	0
1844	0
1845	1
1846	1
1847	1
1848	4
1849	2
1850	1
1851	2
1852	0
1853	6
1854	6
1855	0
1856	3
1857	4
1858	8
1859	1,4,9
1860	2
1861	3
1862	4
1863	1
1864	3
1865	1
1866	2
1867	4
1868	3
1869	2
1870	5
1871	2
1872	1
1873	4
1874	3
1875	0
1876	4
1877	1
1878	0
1879	1
1880	0
1881	0
1882	2
1883	3
1884	0
1885	2
1886	1
1887	1
1888	0
1889	2
1890	2
1891	6
1892	0
1893	1
1894	6
1895	7
1896	5,7
1897	2
1898	4
1899	2,5
1900	2
1901	1
1902	0
1903	0
1904	0
1905	7
1906	0
1907	4
1908	0
1909	2
1910	2
1911	3
1912	0
1913	0
1914	1
1915	0
1916	1
1917	0
1918	1
1919	4
1920	7
1921	2
1922	2,9
1923	4,9
1924	0
1925	8
1926	2
1927	1
1928	1
1929	2
1930	2
1931	4
1932	4
1933	5
1934	2
1935	6
1936	0
1937	7
1938	8
1939	4
1940	2,5
1941	0
1942	3
1943	1
1944	0
1945	3
1946	0
1947	1
1948	0
1949	0
1950	1
1951	2
1952	0
1953	4
1954	0
1955	7
1956	4
1957	9
1958	0
1959	3
1960	0,7
1961	5
1962	2
1963	1
1964	2
1965	0
1966	0
1967	6
1968	1
1969	0,7
1970	1
1971	9
1972	4,5
1973	4
1974	4
1975	0
1976	6,7
1977	9
1978	0
1979	0
1980	2
1981	1
1982	0
1983	4
1984	3
1985	2
1986	3
1987	4
1988	5
1989	0
1990	0
1991	0
1992	6
1993	0
1994	0
1995	1
1996	0
1997	1
1998	2
1999	5
2000	3
2001	1
2002	3
2003	1,3
2004	4
2005	1
2006	0
2007	4
2008	8
2009	1
2010	1
2011	2
2012	8
2013	0
2014	7,9
2015	2
2016	1
2017	5,7
2018	7
2019	0
2020	3
2021	4
2022	4
2023	3
2024	0
2025	0
2026	1
2027	5
2028	2
2029	2
2030	1
2031	2
2032	0
2033	1,3
2034	0,1
2035	1
2036	3
2037	0
2038	1
2039	0
2040	5
2041	1
2042	1
2043	0
2044	1
2045	1
2046	5
2047	5
2048	7
2049	6
2050	1
2051	2
2052	1
2053	0,8
2054	1
2055	4
2056	0,5
2057	2
2058	0
2059	1
2060	1
2061	1
2062	1
2063	2
2064	2
2065	3
2066	2
2067	1
2068	2
2069	4
2070	0
2071	4
2072	0
2073	4
2074	1
2075	0
2076	6
2077	0
2078	5
2079	1
2080	4
2081	0
2082	5,7,9
2083	2
2084	2
2085	1
2086	0
2087	0
2088	1
2089	1
2090	1
2091	0
2092	1
2093	0,7
2094	1
2095	0
2096	2
2097	3,4
2098	1
2099	3
2100	2
2101	1
2102	5
2103	7
2104	1
2105	0
2106	3
2107	6
2108	0
2109	4
2110	6
2111	2
2112	0
2113	0,7
2114	4
2115	7
2116	0
2117	0
2118	1
2119	0
2120	1
2121	1
2122	4
2123	4
2124	1
2125	0
2126	0
2127	0
2128	2
2129	0
2130	3
2131	2
2132	0
2133	0
2134	0
2135	1
2136	2
2137	0
2138	4
2139	3
2140	3
2141	0
2142	1
2143	7
2144	1
2145	2
2146	5
2147	0
2148	0
2149	0
2150	1
2151	1
2152	8
2153	1
2154	0
2155	1
2156	6
2157	8
2158	9
2159	7
2160	1
2161	0
2162	0
2163	1
2164	0
2165	1
2166	0
2167	0
2168	0
2169	0
2170	2
2171	9
2172	6
2173	1
2174	2
2175	0
2176	3
2177	4
2178	2
2179	1,5
2180	4
2181	0
2182	0
2183	3
2184	1
2185	5
2186	1
2187	3
2188	0
2189	1
2190	0
2191	1
2192	1,6
2193	2
2194	0
2195	0
2196	5
2197	1
2198	1
2199	9
2200	2
2201	4
2202	2
2203	4
2204	0
2205	0
2206	5
2207	1
2208	7
2209	2
2210	9
2211	3,7
2212	0
2213	0
2214	0
2215	2
2216	1
2217	6
2218	2
2219	3
2220	0
2221	0
2222	0
2223	1
2224	1
2225	0
2226	1
2227	2
2228	0
2229	1
2230	2
2231	6
2232	2
2233	1
2234	4
2235	2
2236	0
2237	0
2238	3
2239	2
2240	3
2241	1
2242	6
2243	1
2244	2
2245	5
2246	2
2247	3
2248	4
2249	1
2250	1
2251	0
2252	1
2253	2
2254	4
2255	2
2256	5
2257	0
2258	1
2259	1
2260	8
2261	0
2262	7
2263	4
2264	1
2265	1
2266	4
2267	2
2268	3
2269	4
2270	3
2271	0
2272	2
2273	4
2274	0
2275	1,9
2276	1
2277	2
2278	7
2279	1
2280	0
2281	1
2282	3,5
2283	2
2284	2
2285	1,2,5
2286	4
2287	0
2288	2
2289	0
2290	1
2291	5
2292	2
2293	3
2294	3
2295	0
2296	0
2297	4
2298	4
2299	2
2300	3
2301	0
2302	0
2303	2,4
2304	0
2305	1
2306	1
2307	1
2308	3
2309	4
2310	2
2311	0
2312	0
2313	0
2314	2,8
2315	6
2316	3
2317	0
2318	0
2319	3
2320	1
2321	1,2
2322	1
2323	1
2324	1
2325	2
2326	0
2327	1
2328	5
2329	0
2330	0
2331	1
2332	0
2333	0
2334	1
2335	0
2336	5
2337	4
2338	0
2339	6
2340	0
2341	5
2342	0
2343	0
2344	0
2345	1
2346	0
2347	4
2348	1
2349	2
2350	4,6
2351	3
2352	0
2353	1
2354	5
2355	6
2356	0
2357	4
2358	5
2359	8
2360	0
2361	0
2362	8
2363	7
2364	5
2365	2
2366	3
2367	5
2368	1
2369	1
2370	2
2371	0
2372	3
2373	0
2374	1
2375	0
2376	0
2377	2
2378	7
2379	3
2380	0
2381	1,2
2382	0
2383	0
2384	7
2385	0
2386	0
2387	0
2388	2
2389	3
2390	1
2391	0
2392	2
2393	6
2394	1
2395	3
2396	0
2397	3
2398	0
2399	7
2400	0
2401	1
2402	1
2403	6,7
2404	9
2405	1
2406	0
2407	1,4
2408	2
2409	0
2410	0
2411	7
2412	1
2413	3
2414	2
2415	2
2416	0
2417	5
2418	0
2419	5
2420	1
2421	1
2422	6
2423	0
2424	1,4
2425	2
2426	0
2427	1
2428	0
2429	0
2430	8
2431	0
2432	1
2433	1,6
2434	2
2435	0,5
2436	3
2437	5
2438	3
2439	6
2440	8
2441	0
2442	2
2443	0
2444	0
2445	0
2446	6
2447	3
2448	0
2449	3
2450	2
2451	7,8
2452	2
2453	6
2454	2
2455	0
2456	7
2457	1
2458	3
2459	4
2460	1
2461	1
2462	0
2463	1
2464	7
2465	0
2466	2
2467	2
2468	4
2469	2,3
2470	3
2471	1
2472	0
2473	0
2474	5
2475	6
2476	0
2477	0
2478	0
2479	0
2480	4
2481	0
2482	2
2483	3
2484	3
2485	2
2486	0
2487	1
2488	0
2489	2
2490	1
2491	4
2492	1
2493	2
2494	1
2495	1
2496	0
2497	4
2498	1
2499	1
2500	1
2501	8
2502	5
2503	2
2504	0,8
2505	0
2506	2
2507	0
2508	0
2509	2
2510	1
2511	2
2512	1
2513	1
2514	1
2515	8
2516	0
2517	1
2518	2
2519	3
2520	1
2521	0
2522	0
2523	2
2524	1
2525	1
2526	0
2527	0
2528	1
2529	0
2530	9
2531	0
2532	2
2533	2
2534	4
2535	0
2536	1
2537	1
2538	0
2539	5
2540	1
2541	2
2542	2
2543	8
2544	8
2545	1
2546	2
2547	0
2548	0
2549	3
2550	2,7
2551	5
2552	0
2553	1
2554	1
2555	0
2556	0
2557	0
2558	1
2559	1
2560	5
2561	0
2562	6
2563	4
2564	1
2565	6
2566	2
2567	4
2568	0
2569	2
2570	2
2571	3
2572	2
2573	9
2574	5
2575	1
2576	1
2577	6
2578	2
2579	1
2580	1
2581	1
2582	5
2583	3
2584	5
2585	0
2586	0
2587	7
2588	4
2589	0
2590	1
2591	6
2592	0
2593	2
2594	0
2595	3
2596	4
2597	0,3
2598	1
2599	0
2600	7
2601	2
2602	7
2603	1
2604	1
2605	6
2606	3
2607	2
2608	1
2609	3
2610	5
2611	0
2612	2
2613	2
2614	5
2615	0
2616	4
2617	2
2618	6
2619	1
2620	1
2621	2
2622	0
2623	1
2624	0
2625	2
2626	2
2627	2
2628	3
2629	0
2630	2
2631	0
2632	1
2633	1
2634	0
2635	2
2636	0
2637	4
2638	3
2639	1
2640	0
2641	1
2642	5
2643	3
2644	0
2645	3
2646	0
2647	3
2648	5
2649	2
2650	0
2651	4
2652	1
2653	2
2654	2
2655	3
2656	5
2657	1
2658	0
2659	1
2660	4
2661	3
2662	1
2663	0
2664	0
2665	1
2666	0
2667	6
2668	5
2669	4
2670	0
2671	3
2672	0
2673	0
2674	3
2675	2
2676	4
2677	1
2678	0
2679	4
2680	1
2681	5
2682	1
2683	1
2684	1
2685	4
2686	1
2687	0
2688	1
2689	3
2690	0
2691	1
2692	0
2693	6
2694	4
2695	1
2696	6
2697	5
2698	3
2699	0
2700	9
2701	4
2702	6
2703	0
2704	0
2705	0
2706	7
2707	1
2708	1
2709	0
2710	0
2711	0
2712	1
2713	0
2714	0
2715	0
2716	2
2717	0
2718	1
2719	0
2720	0
2721	0
2722	6
2723	7
2724	1
2725	0
2726	5
2727	1
2728	0
2729	1
2730	2
2731	0
2732	3
2733	2,6,9
2734	7
2735	5
2736	2
2737	0
2738	1
2739	0
2740	1
2741	1
2742	5
2743	1
2744	2
2745	0
2746	1
2747	0
2748	4
2749	1
2750	2
2751	1
2752	3
2753	3
2754	0
2755	0
2756	4
2757	7
2758	0
2759	7
2760	0
2761	4
2762	0
2763	8
2764	1
2765	4
2766	6
2767	2
2768	0
2769	2
2770	3
2771	2
2772	1
2773	2
2774	3
2775	2
2776	0
2777	1
2778	0
2779	2
2780	0
2781	1
2782	6
2783	2,3
2784	2
2785	3
2786	3
2787	6,7
2788	3
2789	1
2790	0
2791	3
2792	0
2793	0
2794	4
2795	1
2796	6
2797	5
2798	1
2799	1
2800	3
2801	8
2802	4
2803	0
2804	9
2805	4
2806	0
2807	7
2808	2
2809	3
2810	2
2811	8
2812	1
2813	2
2814	6
2815	2
2816	4
2817	9
2818	3
2819	8
2820	3
2821	0
2822	2
2823	2
2824	0
2825	1
2826	3
2827	0
2828	0
2829	8
2830	0
2831	9
2832	3
2833	1
2834	1
2835	3,8
2836	1
2837	0
2838	1
2839	5
2840	1
2841	1
2842	7
2843	7
2844	2,7
2845	0
2846	5
2847	0
2848	1
2849	9
2850	0
2851	7
2852	0
2853	4
2854	7
2855	1
2856	0
2857	0
2858	6
2859	3
2860	1
2861	0
2862	2
2863	0
2864	1
2865	4
2866	9
2867	1
2868	1
2869	2
2870	3
2871	5
2872	2
2873	0
2874	5
2875	0
2876	0
2877	1
2878	0
2879	0
2880	2
2881	6
2882	1
2883	1
2884	1
2885	0
2886	0
2887	2
2888	4
2889	0
2890	1
2891	1
2892	2
2893	5
2894	0
2895	5
2896	6
2897	1
2898	2
2899	0
2900	1
2901	1
2902	0
2903	2
2904	0
2905	1
2906	4
2907	4
2908	2
2909	4
2910	0
2911	7
2912	2
2913	3
2914	4
2915	1
2916	5
2917	6
2918	9
2919	4
2920	0
2921	5
2922	3
2923	1
2924	0
2925	0
2926	1
2927	1
2928	3
2929	0
2930	1
2931	6
2932	0
2933	4
2934	0
2935	2
2936	3
2937	1
2938	1
2939	0
2940	1
2941	4
2942	9
2943	1
2944	3
2945	1
2946	5
2947	1
2948	0,4
2949	0
2950	1
2951	4
2952	0
2953	8
2954	0
2955	3
2956	1
2957	3
2958	2
2959	1
2960	2
2961	3
2962	7,8
2963	0
2964	1
2965	2
2966	2
2967	1
2968	3
2969	2
2970	0
2971	5
2972	1
2973	1
2974	1
2975	1
2976	0
2977	0
2978	2
2979	2
2980	1
2981	2
2982	3
2983	0
2984	3
2985	2
2986	1
2987	0
2988	1
2989	0
2990	7
2991	0
2992	0
2993	1
2994	0
2995	4
2996	0
2997	2
2998	0
2999	1
3000	3
3001	5
3002	8
3003	4
3004	1
3005	0
3006	3
3007	2
3008	4
3009	0
3010	4
3011	0
3012	0
3013	1
3014	4
3015	8
3016	8
3017	2
3018	7
3019	6
3020	1
3021	2
3022	2
3023	2
3024	0
3025	0
3026	5,6
3027	3
3028	2
3029	0
3030	4,6
3031	1
3032	0
3033	1
3034	2
3035	1
3036	1
3037	2
3038	7
3039	1
3040	3
3041	4
3042	3
3043	2
3044	6
3045	0
3046	0
3047	7
3048	4
3049	2
3050	1
3051	3
3052	5
3053	1
3054	2
3055	2
3056	3
3057	4
3058	1
3059	4
3060	0
3061	3
3062	5
3063	3
3064	1
3065	3
3066	0
3067	7
3068	0
3069	1
3070	1
3071	2
3072	2
3073	7
3074	0
3075	0
3076	0
3077	0
3078	1
3079	3
3080	0
3081	6
3082	1
3083	1
3084	6
3085	6
3086	2
3087	1
3088	0
3089	8
3090	0
3091	0
3092	0
3093	1
3094	1
3095	0
3096	1
3097	2
3098	0
3099	1
3100	3
3101	3
3102	1
3103	2
3104	5
3105	2
3106	1
3107	2
3108	2
3109	2
3110	4
3111	2
3112	2
3113	0
3114	6
3115	9
3116	3
3117	2
3118	2,5
3119	0
3120	3
3121	7
3122	9
3123	0
3124	9
3125	1
3126	1
3127	4
3128	9
3129	2
3130	1
3131	2
3132	2
3133	2
3134	0
3135	0
3136	0
3137	2
3138	2
3139	0
3140	0
3141	0
3142	2
3143	0
3144	1
3145	3
3146	2
3147	2
3148	6,8
3149	1
3150	2
3151	1
3152	0
3153	2
3154	2
3155	0
3156	0
3157	0
3158	0
3159	1
3160	2
3161	0
3162	2
3163	0
3164	0
3165	2
3166	4
3167	2
3168	0
3169	0
3170	6,9
3171	1
3172	0
3173	5
3174	1
3175	1
3176	2
3177	0
3178	1
3179	1,8
3180	2
3181	1
3182	1
3183	3
3184	7
3185	2
3186	6
3187	3
3188	0
3189	0
3190	2
3191	1
3192	5
3193	7
3194	5
3195	0
3196	9
3197	5
3198	2
3199	2
3200	3
3201	0
3202	0
3203	1
3204	1
3205	3
3206	0
3207	1
3208	0
3209	1
3210	2
3211	0
3212	1
3213	2
3214	1
3215	2
3216	0
3217	1
3218	1
3219	0
3220	1
3221	1
3222	0
3223	0
3224	1
3225	6
3226	0
3227	2
3228	3
3229	1
3230	4
3231	1
3232	0
3233	7
3234	2
3235	5
3236	5
3237	0
3238	0
3239	1
3240	2
3241	0
3242	0
3243	1
3244	3
3245	0
3246	3
3247	8
3248	1
3249	5
3250	0
3251	3
3252	1
3253	1
3254	5
3255	2
3256	1
3257	4,8
3258	3
3259	3
3260	1
3261	3
3262	1
3263	4
3264	3
3265	6
3266	9
3267	1
3268	0
3269	0
3270	1
3271	3
3272	1
3273	2
3274	2
3275	0
3276	7
3277	1
3278	3
3279	1
3280	0
3281	5,6
3282	3
3283	2,9
3284	2
3285	0
3286	1
3287	2
3288	4,5
3289	2
3290	0
3291	1
3292	7
3293	2
3294	0
3295	0
3296	2
3297	0
3298	1
3299	3
3300	1
3301	2
3302	7
3303	4
3304	3
3305	0
3306	5
3307	0
3308	6
3309	1
3310	2
3311	7
3312	0
3313	1
3314	2
3315	2
3316	0
3317	0
3318	3
3319	2
3320	0
3321	1
3322	2
3323	5
3324	1
3325	4
3326	2
3327	5
3328	5
3329	3
3330	3
3331	3
3332	2
3333	1
3334	2
3335	1
3336	2
3337	2
3338	0
3339	5
3340	1
3341	0
3342	1
3343	3
3344	2
3345	1
3346	0
3347	0
3348	3,4
3349	5
3350	0
3351	8
3352	0
3353	3
3354	0
3355	0
3356	1
3357	3
3358	1
3359	2
3360	0
3361	1
3362	6
3363	0,2
3364	0
3365	0
3366	4
3367	2
3368	8
3369	7
3370	3
3371	8
3372	4
3373	0
3374	1
3375	2
3376	1
3377	2
3378	5
3379	2
3380	3
3381	1
3382	1
3383	1
3384	2
3385	0
3386	0
3387	0
3388	1
3389	3
3390	8
3391	0
3392	0
3393	0
3394	1
3395	4
3396	0
3397	0
3398	0
3399	0
3400	0
3401	0
3402	0
3403	0
3404	1
3405	1
3406	1
3407	5
3408	3
3409	7
3410	3
3411	0
3412	0
3413	1
3414	3
3415	0
3416	6
3417	5
3418	5
3419	2
3420	1
3421	3
3422	0
3423	0
3424	7
3425	0
3426	3
3427	3
3428	1
3429	4
3430	2
3431	1
3432	9
3433	1
3434	1
3435	7
3436	5
3437	5
3438	5
3439	3
3440	7
3441	2
3442	0
3443	6
3444	5
3445	0
3446	0
3447	1
3448	0
3449	5
3450	0
3451	1
3452	0
3453	0
3454	0
3455	0
3456	2
3457	0
3458	0
3459	5
3460	1
3461	1
3462	0
3463	1
3464	1
3465	3,7
3466	3,9
3467	0
3468	8
3469	5,7
3470	0
3471	0
3472	1
3473	6
3474	2
3475	1
3476	0
3477	0
3478	5
3479	0
3480	1
3481	0
3482	0
3483	6
3484	2
3485	5
3486	1
3487	2
3488	3
3489	1
3490	2
3491	2
3492	0
3493	1
3494	1
3495	4
3496	3
3497	3
3498	3
3499	7
3500	9
3501	1
3502	0
3503	0
3504	0
3505	0
3506	3
3507	1
3508	3
3509	5
3510	1
3511	1
3512	2
3513	0
3514	0
3515	1
3516	1
3517	3
3518	1
3519	0
3520	1
3521	1
3522	1
3523	1,9
3524	1
3525	0
3526	1
3527	0
3528	0
3529	3
3530	1
3531	0
3532	2
3533	5
3534	1
3535	4
3536	8
3537	3
3538	5
3539	5
3540	3
3541	7
3542	0
3543	3,4
3544	2
3545	2
3546	3
3547	0
3548	0
3549	0
3550	1
3551	0
3552	2
3553	1
3554	8
3555	0
3556	5
3557	0
3558	1
3559	0
3560	6
3561	2
3562	2
3563	3
3564	1
3565	0
3566	3
3567	4
3568	1
3569	1
3570	3
3571	4
3572	5
3573	6
3574	6
3575	0
3576	2
3577	2
3578	1
3579	4
3580	5
3581	1
3582	1
3583	1
3584	1
3585	4
3586	1
3587	0
3588	3
3589	0
3590	0
3591	5
3592	0
3593	2
3594	0
3595	2
3596	2
3597	1
3598	0
3599	3
3600	2
3601	3
3602	3
3603	4
3604	1
3605	0
3606	6
3607	5
3608	1
3609	2
3610	0
3611	9
3612	2
3613	5
3614	7
3615	0
3616	0
3617	1
3618	4
3619	1
3620	1
3621	2
3622	1
3623	2
3624	0
3625	0
3626	9
3627	8
3628	3
3629	2
3630	0
3631	3
3632	1
3633	1
3634	0
3635	3
3636	0
3637	4
3638	1
3639	1
3640	6
3641	1
3642	1
3643	2
3644	0
3645	0
3646	2
3647	2
3648	0
3649	2
3650	7
3651	0
3652	5
3653	0
3654	1
3655	4
3656	3
3657	1
3658	9
3659	0
3660	1,3
3661	2
3662	0
3663	0
3664	1
3665	5,9
3666	1
3667	7
3668	3
3669	1
3670	3
3671	3
3672	2
3673	0
3674	5
3675	7
3676	1
3677	0
3678	1
3679	4
3680	0
3681	2
3682	6
3683	3
3684	1
3685	7
3686	0
3687	3
3688	2
3689	1
3690	1,3
3691	0
3692	2
3693	0
3694	4
3695	0
3696	1
3697	0
3698	5
3699	7
3700	1
3701	6
3702	6
3703	0
3704	8
3705	1
3706	7
3707	0
3708	7
3709	5
3710	1
3711	1
3712	1
3713	1
3714	4
3715	5
3716	5
3717	1
3718	1
3719	0
3720	4
3721	1
3722	4,9
3723	0
3724	2
3725	3
3726	7
3727	0
3728	0
3729	0
3730	6
3731	2
3732	0
3733	0
3734	0
3735	2
3736	7
3737	1
3738	1
3739	2
3740	3
3741	4
3742	4
3743	3
3744	0
3745	2
3746	0
3747	2
3748	4,9
3749	1
3750	1
3751	4
3752	0
3753	0
3754	3
3755	3
3756	8
3757	5
3758	1
3759	1
3760	7
3761	2
3762	2
3763	3
3764	0
3765	0
3766	1
3767	2
3768	5
3769	3
3770	4
3771	0
3772	6
3773	7
3774	0
3775	5
3776	1
3777	0
3778	1
3779	1
3780	2
3781	4
3782	1
3783	0
3784	0
3785	0
3786	8
3787	1
3788	1
3789	6
3790	0
3791	0
3792	7
3793	0
3794	0
3795	0
3796	1
3797	1
3798	0
3799	1
3800	6
3801	0
3802	8
3803	5
3804	1
3805	3
3806	2
3807	2
3808	1
3809	3
3810	2
3811	2
3812	0
3813	1,6
3814	0
3815	0
3816	0
3817	3
3818	1
3819	7
3820	0
3821	1
3822	1
3823	5,8,9
3824	2
3825	0
3826	8
3827	2
3828	8
3829	0
3830	9
3831	0
3832	3
3833	0
3834	3
3835	1
3836	0
3837	2
3838	2
3839	0
3840	1
3841	3,5
3842	3
3843	0
3844	0
3845	2,8
3846	0
3847	0
3848	4
3849	2
3850	0
3851	1
3852	2
3853	2
3854	1
3855	0
3856	2
3857	5,9
3858	0
3859	1
3860	0,1,4,7
3861	0
3862	0
3863	2
3864	0
3865	0
3866	4
3867	1
3868	0
3869	1
3870	0,1,6,9
3871	5
3872	0
3873	0
3874	2
3875	0
3876	1
3877	1
3878	3
3879	5
3880	1
3881	2
3882	3,5
3883	3,4,6
3884	4
3885	0
3886	0
3887	1
3888	1
3889	0
3890	3
3891	0,1,2,3,4,5,6,7,8,9
3892	1
3893	0
3894	2
3895	3
3896	1
3897	0,1,2,3,4,5,6,7,8,9
3898	0,2
3899	1
3900	0
3901	0
3902	0
3903	0
3904	0
3905	2
3906	2
3907	2
3908	2
3909	2
3910	6
3911	6
3912	6
3913	6
3914	6
3915	9
3916	9
3917	9
3918	9
3919	9
3920	8
3921	8
3922	8
3923	8
3924	8
