ATT0(float,9);ATT1(float,1);ATT2(string,10);
0.195,0.94,0.832,0.613,0.631,0.571,0.115,0.942,0.196;0.322;a;
0.774,0.713,0.511,0.412,0.375,0.102,0.976,0.254,0.342;0.245;aa;
0.507,0.79,0.541,0.314,0.857,0.523,0.805,0.979,0.927;0.824;aaa;
0.0938,0.716,0.445,0.629,0.558,0.401,0.601,0.685,0.654;0.498;aaaaaaaaaa;
0.333,0.269,0.602,0.415,0.393,0.0718,0.761,0.658,0.964;0.568;aaaaaaaaaa;
0.178,0.566,0.71,0.661,0.88,0.112,0.0852,0.37,0.182;0.0541;a;
0.736,0.667,0.233,0.0759,0.17,0.089,0.82,0.59,0.0387;0.295;aaaa;
0.997,0.671,0.639,0.891,0.602,0.483,0.773,0.115,0.928;0.254;aa;
0.668,0.845,0.846,0.481,0.698,0.209,0.865,0.813,0.335;0.202;aaaaaaaaaa;
0.478,0.291,0.0985,0.0549,0.38,0.0797,0.244,0.714,0.552;0.332;aaaaaa;
0.31,0.317,0.441,0.274,0.263,0.306,0.625,0.611,0.784;0.641;aaaaaaaaa;
0.744,0.468,0.768,0.18,0.935,0.328,0.421,0.121,0.0965;0.616;aaaaaaaaaa;
0.636,0.79,0.0845,0.809,0.192,0.545,0.54,0.0936,0.651;0.678;aaaaaaaaaa;
0.334,0.94,0.234,0.543,0.57,0.243,0.25,0.181,0.342;0.365;aaaaaaaa;
0.503,0.345,0.661,0.497,0.833,0.00305,0.472,0.938,0.348;0.492;aaaaaaa;
0.0796,0.426,0.112,0.623,0.147,0.0845,0.669,0.756,0.254;0.83;aaaa;
0.848,0.183,0.786,0.38,0.0283,0.776,0.777,0.676,0.878;0.586;aaaaaa;
0.143,0.851,0.726,0.572,0.151,0.61,0.322,0.377,0.736;0.754;aaaaaa;
0.357,0.618,0.151,0.588,0.155,0.478,0.0768,0.839,0.183;0.896;a;
0.828,0.813,0.473,0.319,0.369,0.363,0.651,0.823,0.294;0.944;aaaaaaaaa;
0.732,0.326,0.997,0.994,0.633,0.76,0.0791,0.449,0.0144;0.351;aaaaa;
0.662,0.247,0.0518,0.763,0.674,0.196,0.368,0.0202,0.409;0.179;aaaaaa;
0.305,0.458,0.416,0.17,0.686,0.672,0.964,0.79,0.594;0.785;aaaaaa;
0.221,0.12,0.399,0.578,0.375,0.844,0.0887,0.181,0.609;0.314;aaaa;
0.61,0.894,0.627,0.595,0.287,0.453,0.465,0.112,0.634;0.769;aaaa;
0.33,0.514,0.954,0.687,0.882,0.987,0.214,0.219,0.617;0.457;aaaaa;
0.171,0.679,0.35,0.51,0.751,0.594,0.883,0.132,0.541;0.323;a;
0.825,0.277,0.826,0.337,0.994,0.803,0.791,0.589,0.154;0.674;aaa;
0.923,0.668,0.204,0.661,0.32,0.856,0.78,0.932,0.174;0.976;a;
0.0714,0.616,0.606,0.187,0.308,0.0878,0.971,0.454,0.55;0.791;aaaaaaaaa;
0.914,0.685,0.0876,0.176,0.263,0.675,0.634,0.349,0.812;0.928;aa;
0.855,0.226,0.465,0.637,0.262,0.15,0.789,0.16,0.815;0.21;aaaaaaaaaa;
0.118,0.625,0.425,0.0521,0.363,0.224,0.304,0.627,0.644;0.541;aa;
0.555,0.1,0.168,0.473,0.947,0.365,0.175,0.967,0.304;0.0813;aaaaa;
0.172,0.217,0.114,0.772,0.249,0.566,0.66,0.642,0.701;0.463;aaa;
0.311,0.842,0.236,0.389,0.0532,0.505,0.649,0.419,0.783;0.967;aaa;
0.177,0.857,0.0709,0.449,0.565,0.497,0.0716,0.155,0.836;0.814;a;
0.15,0.845,0.65,0.89,0.852,0.546,0.478,0.722,0.0318;0.605;aaaaaa;
0.296,0.136,0.181,0.233,0.615,0.97,0.197,0.506,0.747;0.905;aaaa;
0.962,0.601,0.139,0.443,0.675,0.471,0.287,0.724,0.0416;0.772;aaaaaa;
0.447,0.442,0.802,0.144,0.993,0.984,0.317,0.158,0.769;0.699;aaaaaaaa;
0.345,0.711,0.0145,0.139,0.237,0.439,0.641,0.573,0.69;0.524;aaaaaaaaaa;
0.741,0.242,0.583,0.00374,0.626,0.627,0.4,0.158,0.452;0.973;aaaa;
0.144,0.409,0.381,0.365,0.761,0.914,0.47,0.0364,0.711;0.0397;aaaaaaaaaa;
0.737,0.142,0.257,0.358,0.554,0.583,0.622,0.593,0.5;0.00358;aaaaaaaaa;
0.972,0.462,0.0514,0.776,0.689,0.525,0.0549,0.529,0.191;0.706;aa;
0.33,0.26,0.445,0.81,0.176,0.652,0.862,0.882,0.147;0.9;aa;
0.306,0.374,0.0206,0.458,0.826,0.838,0.405,0.906,0.513;0.811;a;
0.761,0.199,0.289,0.479,0.462,0.419,0.452,0.42,0.324;0.165;aaaaaa;
0.854,0.0836,0.866,0.553,0.0457,0.69,0.00281,0.866,0.00982;0.926;aaaaaaaa;
0.0304,0.732,0.0188,0.617,0.983,0.252,0.377,0.78,0.611;0.664;aaa;
0.0374,0.824,0.177,0.745,0.187,0.618,0.491,0.261,0.0251;0.692;aaaaaaaaaa;
0.843,0.052,0.286,0.931,0.079,0.627,0.749,0.372,0.197;0.173;aaaaaaaaaa;
0.443,0.796,0.372,0.149,0.937,0.503,0.0898,0.651,0.864;0.629;aaaaaaa;
0.765,0.925,0.901,0.805,0.706,0.283,0.00436,0.939,0.909;0.663;aaaaaaa;
0.835,0.809,0.236,0.36,0.941,0.733,0.0766,0.225,0.858;0.778;aaaaaaaaa;
0.574,0.787,0.558,0.924,0.724,0.907,0.257,0.205,0.476;0.788;a;
0.291,0.79,0.152,0.724,0.453,0.488,0.0355,0.633,0.618;0.408;a;
0.903,0.0339,0.202,0.423,0.696,0.265,0.787,0.552,0.192;0.222;aaaaaaaaaa;
0.601,0.123,0.793,0.835,0.539,0.821,0.809,0.99,0.695;0.832;aaaaaa;
0.832,0.484,0.561,0.879,0.485,0.966,0.231,0.441,0.713;0.972;aaa;
0.284,0.775,0.386,0.692,0.419,0.414,0.896,0.787,0.42;0.598;aaaaaaaaaa;
0.949,0.475,0.436,0.288,0.379,0.756,0.685,0.957,0.0381;0.0153;aaaaa;
0.955,0.369,0.346,0.994,0.96,0.000539,0.669,0.457,0.478;0.937;aaaaaaa;
0.616,0.757,0.586,0.04,0.121,0.47,0.931,0.99,0.363;0.622;aaaaaaaaa;
0.628,0.338,0.207,0.0613,0.232,0.409,0.814,0.978,0.0139;0.99;aa;
0.731,0.628,0.0807,0.606,0.331,0.502,0.268,0.91,0.532;0.386;a;
0.732,0.337,0.326,0.264,0.595,0.167,0.395,0.492,0.179;0.252;aaaaaaaaaa;
0.905,0.761,0.6,0.463,0.915,0.489,0.559,0.835,0.551;0.445;aaaaaaa;
0.189,0.206,0.394,0.31,0.275,0.668,0.927,0.167,0.877;0.946;aaaaaa;
0.975,0.161,0.454,0.911,0.0265,0.135,0.751,0.0904,0.982;0.0999;aaaaa;
0.0866,0.629,0.0587,0.147,0.927,0.0153,0.374,0.202,0.857;0.309;aa;
0.919,0.432,0.559,0.0358,0.64,0.662,0.865,0.515,0.971;0.933;aaa;
0.807,0.468,0.72,0.00229,0.777,0.626,0.628,0.202,0.566;0.484;aaaaaaaaaa;
0.742,0.543,0.5,0.791,0.113,0.159,0.354,0.65,0.346;0.727;aaa;
0.674,0.99,0.0813,0.956,0.423,0.838,0.288,0.569,0.923;0.128;a;
0.158,0.901,0.505,0.121,0.533,0.193,0.338,0.694,0.134;0.183;aaaaaaaaaa;
0.201,0.31,0.801,0.891,0.988,0.429,0.338,0.962,0.285;0.643;aaaaa;
0.225,0.75,0.566,0.828,0.0276,0.811,0.26,0.318,0.928;0.0751;aa;
0.669,0.897,0.782,0.22,0.481,0.00443,0.93,0.494,0.179;0.992;aaaaaaa;
0.334,0.877,0.00573,0.202,0.486,0.168,0.293,0.721,0.305;0.856;aaaaaaaa;
0.677,0.772,0.692,0.702,0.0142,0.457,0.085,0.326,0.409;0.884;aaaaaaaaaa;
0.563,0.663,0.284,0.152,0.122,0.59,0.728,0.447,0.623;0.754;aaaaaaaa;
0.382,0.586,0.136,0.98,0.265,0.364,0.366,0.965,0.446;0.51;aaaaaaa;
0.702,0.882,0.546,0.0305,0.775,0.724,0.163,0.761,0.531;0.744;aaaaa;
0.748,0.111,0.927,0.907,0.985,0.258,0.715,0.795,0.974;0.576;aaa;
0.742,0.253,0.102,0.647,0.906,0.809,0.868,0.34,0.174;0.0741;aaaaaaaaa;
0.571,0.0289,0.154,0.824,0.087,0.738,0.396,0.973,0.0709;0.247;aaaaaaa;
0.735,0.945,0.86,0.341,0.966,0.125,0.813,0.979,0.868;0.291;aaaaaaa;
0.163,0.857,0.377,0.731,0.769,0.247,0.345,0.188,0.436;0.343;aaaaa;
0.948,0.143,0.162,0.474,0.868,0.988,0.807,0.000705,0.00643;0.667;aaaaa;
0.51,0.76,0.196,0.797,0.389,0.626,0.967,0.999,0.575;0.479;aa;
0.446,0.345,0.687,0.0502,0.98,0.517,0.792,0.121,0.897;0.658;aaaaaaaaaa;
0.449,0.281,0.0571,0.791,0.000295,0.249,0.893,0.901,0.78;0.424;aaaaaa;
0.612,0.32,0.5,0.505,0.282,0.357,0.896,0.775,0.379;0.886;aaaaaaaaa;
0.677,0.194,0.605,0.226,0.931,0.392,0.242,0.178,0.419;0.961;aaaa;
0.362,0.843,0.663,0.2,0.0477,0.53,0.916,0.806,0.185;0.426;aaa;
0.852,0.909,0.899,0.478,0.272,0.206,0.385,0.45,0.987;0.141;aaa;
0.138,0.598,0.0102,0.461,0.938,0.613,0.699,0.841,0.454;0.662;a;
0.694,0.809,0.534,0.548,0.24,0.58,0.282,0.591,0.248;0.467;aaaaaaa;
0.701,0.477,0.954,0.999,0.792,0.638,0.241,0.556,0.156;0.28;aaaaa;
0.0431,0.165,0.907,0.308,0.959,0.781,0.0709,0.95,0.743;0.0178;aaaaaaaaaa;
0.708,0.838,0.642,0.0368,0.597,0.615,0.322,0.405,0.905;0.0929;aaaaaaaaa;
0.638,0.0749,0.898,0.644,0.453,0.692,0.589,0.544,0.567;0.644;a;
0.635,0.173,0.649,0.675,0.615,0.332,0.77,0.0491,0.31;0.335;aaaaaaaaaa;
0.307,0.301,0.884,0.619,0.487,0.912,0.376,0.065,0.988;0.0512;aaaaaa;
0.0634,0.464,0.24,0.916,0.0684,0.508,0.949,0.108,0.0661;0.0227;aaaaaaaaa;
0.583,0.885,0.636,0.605,0.709,0.0601,0.717,0.596,0.819;0.218;aaaaaa;
0.0307,0.151,0.894,0.748,0.226,0.137,0.475,0.469,0.928;0.4;aaa;
0.419,0.738,0.542,0.078,0.0176,0.61,0.828,0.328,0.316;0.409;aaaa;
0.236,0.928,0.664,0.438,0.365,0.314,0.124,0.993,0.219;0.0956;aaaaa;
0.396,0.564,0.0399,0.209,0.804,0.279,0.119,0.967,0.879;0.911;aaaaaaaaaa;
0.585,0.667,0.197,0.834,0.0139,0.833,0.167,0.93,0.0178;0.469;aaaaaaa;
0.211,0.381,0.739,0.82,0.565,0.417,0.953,0.469,0.431;0.829;aaaaaaaaaa;
0.846,0.293,0.183,0.587,0.646,0.0643,0.718,0.399,0.0674;0.251;aaaaaaaaaa;
0.187,0.0378,0.52,0.049,0.557,0.533,0.218,0.792,0.771;0.21;aaaaaaaaa;
0.0628,0.677,0.404,0.983,0.486,0.19,0.698,0.226,0.387;0.999;aaaaaaaaa;
0.676,0.755,0.41,0.102,0.874,0.955,0.892,0.756,0.55;0.426;aaaaaa;
0.289,0.706,0.496,0.0782,0.207,0.597,0.827,0.574,0.375;0.715;aaaa;
0.0592,0.815,0.83,0.337,0.335,0.883,0.771,0.0901,0.48;0.0734;aaaaa;
0.159,0.854,0.136,0.19,0.795,0.477,0.422,0.569,0.273;0.602;a;
0.745,0.686,0.166,0.29,0.797,0.729,0.405,0.149,0.0331;0.0595;aa;
0.449,0.386,0.217,0.559,0.968,0.236,0.911,0.738,0.896;0.854;aaaa;
0.176,0.518,0.737,0.726,0.988,0.539,0.912,0.801,0.127;0.475;aaaaaa;
0.881,0.58,0.407,0.817,0.661,0.0444,0.736,0.469,0.122;0.395;aaaaaa;
0.556,0.804,0.636,0.152,0.72,0.0824,0.578,0.49,0.835;0.181;aaaaaaaa;
0.521,0.655,0.665,0.58,0.172,0.342,0.658,0.288,0.393;0.571;aa;
0.947,0.951,0.227,0.478,0.715,0.191,0.902,0.724,0.0809;0.9;aa;
0.495,0.119,0.194,0.751,0.986,0.832,0.971,0.251,0.137;0.369;aaa;
0.56,0.237,0.489,0.0756,0.477,0.838,0.111,0.491,0.225;0.427;a;
0.347,0.694,0.637,0.263,0.814,0.246,0.16,0.0828,0.577;0.121;aaaaaaa;
0.973,0.254,0.913,0.63,0.849,0.23,0.332,0.13,0.651;0.743;aaaaaaaaa;
0.00232,0.129,0.814,0.194,0.758,0.4,0.287,0.643,0.525;0.32;aaaaaaaa;
0.356,0.754,0.711,0.686,0.369,0.515,0.565,0.856,0.541;0.776;aaaaa;
0.294,0.743,0.862,0.566,0.827,0.221,0.456,0.909,0.974;0.265;aaaaa;
0.163,0.0367,0.659,0.609,0.117,0.0552,0.254,0.603,0.211;0.53;a;
0.0531,0.512,0.333,0.783,0.629,0.0422,0.946,0.123,0.259;0.00111;aaaaaaaaaa;
0.00596,0.656,0.0222,0.187,0.929,0.172,0.545,0.0498,0.508;0.692;aa;
0.0654,0.6,0.202,0.722,0.203,0.0994,0.688,0.26,0.476;0.436;aaaaaaa;
0.117,0.426,0.256,0.849,0.117,0.251,0.33,0.33,0.329;0.392;aaaaaaa;
0.439,0.62,0.83,0.76,0.875,0.0769,0.682,0.151,0.738;0.714;aaaa;
0.426,0.52,0.977,0.969,0.736,0.874,0.421,0.963,0.805;0.0176;aaa;
0.677,0.411,0.373,0.258,0.874,0.468,0.744,0.223,0.81;0.469;aaaa;
0.397,0.261,0.621,0.841,0.594,0.901,0.265,0.818,0.357;0.568;aaaaaaaa;
0.24,0.138,0.346,0.995,0.714,0.397,0.314,0.0988,0.371;0.707;aaaaaa;
0.725,0.238,0.548,0.311,0.199,0.9,0.913,0.208,0.936;0.00381;aaaaa;
0.979,0.908,0.472,0.715,0.477,0.666,0.581,0.19,0.13;0.668;aaa;
0.57,0.1,0.297,0.0796,0.0416,0.856,0.435,0.764,0.292;0.529;aaaaaaaaaa;
0.909,0.241,0.332,0.782,0.661,0.409,0.38,0.528,0.509;0.398;aaaaaaaaa;
0.46,0.88,0.425,0.0139,0.701,0.00396,0.823,0.394,0.939;0.63;aaaaaaaa;
0.986,0.232,0.403,0.374,0.369,0.795,0.981,0.248,0.856;0.496;aaaaaaaa;
0.7,0.0934,0.82,0.0724,0.768,0.117,0.722,0.864,0.132;0.55;aaaaaaa;
0.487,0.362,0.489,0.516,0.415,0.344,0.905,0.424,0.232;0.946;a;
0.313,0.102,0.922,0.81,0.885,0.0877,0.768,0.285,0.1;0.954;aa;
0.641,0.965,0.189,0.454,0.863,0.62,0.0832,0.419,0.883;0.343;aaaaaaaaaa;
0.329,0.85,0.977,0.659,0.711,0.521,0.0998,0.023,0.605;0.808;aaaaa;
0.948,0.74,0.701,0.334,0.636,0.922,0.949,0.401,0.842;0.491;a;
0.939,0.473,0.168,0.507,0.712,0.288,0.212,0.524,0.0837;0.528;aaaaaaaaa;
0.0754,0.718,0.308,0.696,0.516,0.688,0.676,0.166,0.75;0.266;aaa;
0.805,0.93,0.777,0.659,0.338,0.00248,0.516,0.589,0.861;0.855;aa;
0.888,0.992,0.468,0.828,0.267,0.895,0.476,0.521,0.22;0.179;aaaaaaaaa;
0.708,0.651,0.919,0.204,0.924,0.859,0.755,0.38,2.35e-05;0.516;aaaaaaaaa;
0.662,0.979,0.301,0.419,0.918,0.623,0.16,0.0865,0.0807;0.487;aaa;
0.122,0.836,0.79,0.124,0.551,0.275,0.432,0.755,0.842;0.653;aaaaaa;
0.711,0.666,0.397,0.874,0.873,0.909,0.19,0.843,0.224;0.814;aaaaa;
0.205,0.433,0.621,0.697,0.0282,0.441,0.29,0.317,0.849;0.649;aaaaa;
0.697,0.433,0.659,0.0404,0.71,0.749,0.758,0.219,0.225;0.819;aaaaaaaa;
0.542,0.429,0.153,0.287,0.516,0.502,0.305,0.527,0.588;0.0291;aaaaaaaa;
0.329,0.968,0.697,0.721,0.449,0.881,0.316,0.274,0.00313;0.836;aaaaa;
0.0931,0.229,0.509,0.723,0.864,0.767,0.644,0.296,0.268;0.772;aaaaa;
0.279,0.955,0.206,0.0388,0.252,0.702,0.974,0.618,0.308;0.0626;aaaaa;
0.211,0.753,0.759,0.0697,0.0179,0.466,0.589,0.892,0.92;0.997;aaaaaaa;
0.499,0.0237,0.677,0.59,0.19,0.692,0.81,0.239,0.0964;0.711;aa;
0.483,0.886,0.878,0.71,0.975,0.802,0.238,0.194,0.182;0.107;aaa;
0.485,0.966,0.33,0.932,0.76,0.459,0.439,0.701,0.356;0.703;aaaaaaaaa;
0.861,0.294,0.961,0.136,0.298,0.846,0.66,0.0561,0.502;0.371;aaaaaaaa;
0.92,0.781,0.699,0.934,0.0591,0.872,0.897,0.784,0.608;0.448;aaaaa;
0.3,0.997,0.844,0.191,0.56,0.574,0.717,0.547,0.777;0.896;a;
0.788,0.472,0.389,0.627,0.407,0.87,0.369,0.753,0.103;0.843;a;
0.782,0.863,0.655,0.759,0.606,0.413,0.406,0.132,0.494;0.133;aaaaa;
0.545,0.252,0.307,0.0104,0.295,0.375,0.419,0.848,0.584;0.61;aaaaaaaaa;
0.348,0.211,0.166,0.181,0.798,0.707,0.146,0.116,0.666;0.958;aaaaa;
0.0502,0.347,0.00521,0.964,0.0987,0.872,0.986,0.472,0.749;0.608;aaaaaaaaaa;
0.301,0.375,0.0559,0.0236,0.432,0.511,0.655,0.711,0.229;0.156;aaaaaaaaa;
0.952,0.243,0.79,0.715,0.264,0.407,0.362,0.517,0.298;0.00891;a;
0.396,0.348,0.163,0.412,0.054,0.601,0.0755,0.851,0.396;0.122;aaaaaaaaaa;
0.309,0.999,0.543,0.0241,0.321,0.63,0.915,0.927,0.772;0.413;aaaaaa;
0.786,0.652,0.222,0.0739,0.311,0.382,0.039,0.579,0.712;0.14;aaaaaa;
0.267,0.517,0.0901,0.877,0.2,0.561,0.872,0.254,0.646;0.212;aaaaa;
0.534,0.152,0.737,0.29,0.0366,0.231,0.62,0.472,0.768;0.132;a;
0.911,0.351,0.516,0.0491,0.69,0.19,0.194,0.821,0.267;0.766;aa;
0.275,0.0311,0.931,0.65,0.948,0.62,0.671,0.862,0.796;0.822;aaa;
0.182,0.514,0.982,0.984,0.0456,0.0595,0.202,0.0913,0.882;0.523;a;
0.0639,0.299,0.51,0.265,0.789,0.515,0.87,0.715,0.143;0.281;aa;
0.621,0.53,0.917,0.54,0.91,0.239,0.693,0.721,0.994;0.628;aaaaaaa;
0.991,0.0479,0.187,0.385,0.43,0.224,0.913,0.0576,0.951;0.391;aaaaaa;
0.402,0.595,0.38,0.897,0.668,0.983,0.0415,0.0227,0.273;0.659;aaaaa;
0.116,0.18,0.716,0.243,0.456,0.899,0.23,0.293,0.64;0.42;aaaaaaaaa;
0.746,0.416,0.695,0.178,0.414,0.372,0.347,0.379,0.801;0.485;aaaaaaa;
0.3,0.885,0.922,0.352,0.049,0.593,0.998,0.33,0.834;0.56;aaaaaaaa;
0.593,0.0944,0.603,0.914,0.333,0.209,0.722,0.0248,0.104;0.854;aaaaaaaa;
0.227,0.892,0.431,0.463,0.488,0.181,0.785,0.463,0.384;0.461;aaaaa;
0.4,0.242,0.919,0.273,0.593,0.319,0.135,0.985,0.968;0.839;aaaaaaa;
0.844,0.137,0.752,0.121,0.915,0.392,0.683,0.926,0.566;0.99;aaaaaaaaaa;
0.765,0.379,0.346,0.153,0.171,0.68,0.988,0.905,0.463;0.0173;aaaaa;
0.666,0.0351,0.0118,0.013,0.97,0.528,0.253,0.974,0.293;0.335;a;
0.442,0.714,0.247,0.84,0.961,0.923,0.286,0.431,0.643;0.127;aaaa;
0.126,0.93,0.372,0.121,0.759,0.81,0.665,0.165,0.762;0.978;aaaaaaaaa;
0.906,0.145,0.151,0.82,0.761,0.738,0.85,0.036,0.369;0.239;aaaaaaaaaa;
0.654,0.826,0.0216,0.424,0.436,0.7,0.602,0.111,0.05;0.73;aaaaaa;
0.239,0.899,0.363,0.959,0.616,0.115,0.644,0.755,0.202;0.0973;aaaaa;
0.907,0.111,0.214,0.851,0.186,0.292,0.665,0.856,0.0405;0.995;aaaaaa;
0.908,0.835,0.693,0.532,0.173,0.056,0.26,0.173,0.418;0.713;aaaaaaaaa;
0.96,0.0895,0.441,0.957,0.488,0.858,0.824,0.902,0.601;0.2;aaaaa;
0.828,0.916,0.179,0.546,0.987,0.396,0.592,0.602,0.865;0.921;aaaaaaaa;
0.143,0.232,0.307,0.443,0.0726,0.241,0.0799,0.251,0.0135;0.774;aaa;
0.338,0.855,0.123,0.559,0.373,0.566,0.663,0.458,0.178;0.473;aaaa;
0.674,0.168,0.888,0.0661,0.189,0.709,0.115,0.669,0.791;0.0283;aaaaaaaaaa;
0.588,0.84,0.99,0.874,0.802,0.75,0.353,0.744,0.935;0.505;aaa;
0.227,0.491,0.7,0.2,0.854,0.156,0.607,0.933,0.966;0.872;aa;
0.386,0.19,0.837,0.947,0.539,0.104,0.685,0.0965,0.567;0.438;aaaa;
0.225,0.235,0.838,0.836,0.365,0.67,0.226,0.00317,0.541;0.834;aaa;
0.733,0.196,0.94,0.0272,0.864,0.44,0.873,0.0255,0.49;0.572;aaaaaa;
0.0849,0.81,0.987,0.185,0.591,0.766,0.617,0.425,0.927;0.989;aa;
0.478,0.908,0.0129,0.597,0.0857,0.303,0.00272,0.805,0.178;0.138;aaaa;
0.961,0.0966,0.0231,0.785,0.87,0.911,0.405,0.365,0.583;0.278;aaaaaaa;
0.812,0.683,0.687,0.669,0.621,0.668,0.524,0.217,0.0828;0.753;aa;
0.475,0.559,0.83,0.33,0.365,0.417,0.706,0.152,0.748;0.878;aaa;
0.299,0.408,0.0908,0.341,0.913,0.935,0.484,0.251,0.554;0.863;a;
0.48,0.448,0.51,0.927,0.244,0.676,0.389,0.801,0.375;0.869;aaaaa;
0.588,0.717,0.365,0.463,0.067,0.116,0.314,0.496,0.269;0.21;aaaaa;
0.954,0.456,0.267,0.976,0.358,0.621,0.0866,0.686,0.821;0.29;aaaaaaaa;
0.529,0.099,0.391,0.895,0.141,0.717,0.139,0.581,0.0618;0.724;a;
0.748,0.119,0.806,0.156,0.809,0.406,0.125,0.808,0.539;0.434;aaaaaaaa;
0.854,0.876,0.0366,0.552,0.189,0.615,0.503,0.882,0.206;0.756;aa;
0.268,0.767,0.589,0.746,0.492,0.0569,0.603,0.375,0.114;0.0165;aaaa;
0.71,0.408,0.439,0.36,0.626,0.58,0.38,0.21,0.405;0.995;aaaaaa;
0.194,0.321,0.933,0.955,0.0207,0.521,0.106,0.173,0.348;0.222;aaaa;
0.359,0.805,0.382,0.783,0.598,0.0372,0.823,0.581,0.404;0.356;aaaaaaa;
0.605,0.0318,0.369,0.624,0.265,0.0429,0.192,0.00315,0.968;0.225;aaaaaaaaa;
0.792,0.666,0.59,0.493,0.235,0.785,0.454,0.477,0.936;0.123;aaaaaaaa;
0.708,0.616,0.143,0.27,0.116,0.645,0.396,0.423,0.36;0.3;a;
0.212,0.849,0.274,0.594,0.243,0.695,0.322,0.823,0.407;0.383;aaaaaaaaa;
0.464,0.3,0.00145,0.836,0.85,0.242,0.832,0.795,0.709;0.0739;aaa;
0.559,0.814,0.292,0.843,0.956,0.396,0.669,0.946,0.349;0.343;aaaaaa;
0.506,0.579,0.335,0.855,0.96,0.0923,0.681,0.316,0.886;0.0865;aaaaaa;
0.656,0.986,0.964,0.343,0.961,0.865,0.0945,0.0132,0.909;0.291;aaaaaaaaaa;
0.802,0.169,0.404,0.937,0.924,0.111,0.185,0.366,0.551;0.233;aaaaaa;
0.189,0.356,0.991,0.976,0.237,0.792,0.0646,0.744,0.973;0.851;aaaaaa;
0.538,0.814,0.859,0.747,0.0411,0.0929,0.361,0.73,0.593;0.836;aaaaaaaa;
0.39,0.969,0.965,0.388,0.0906,0.291,0.0138,0.813,0.477;0.528;aaaaaaaaaa;
0.991,0.195,0.673,0.607,0.664,0.0544,0.12,0.768,0.416;0.104;aaaaaaaaaa;
0.67,0.835,0.408,0.72,0.473,0.262,0.566,0.29,0.125;0.0901;aaaaaaaaaa;
0.949,0.249,0.0544,0.735,0.246,0.669,0.0813,0.131,0.43;0.857;a;
0.844,0.0486,0.922,0.658,0.256,0.672,0.958,0.803,0.0746;0.996;a;
0.997,0.386,0.0794,0.188,0.572,0.682,0.896,0.279,0.593;0.374;a;
0.935,0.584,0.608,0.496,0.607,0.657,0.132,0.531,0.645;0.344;a;
0.844,0.194,0.0431,0.888,0.761,0.974,0.144,0.229,0.894;0.182;aa;
0.852,0.809,0.958,0.91,0.825,0.847,0.404,0.676,0.105;0.415;aaaaa;
0.37,0.355,0.946,0.744,0.292,0.429,0.185,0.00999,0.37;0.253;aaa;
0.609,0.414,0.661,0.683,0.863,0.356,0.398,0.692,0.535;0.563;aaaaaaa;
0.583,0.613,0.257,0.696,0.901,0.855,0.263,0.878,0.0926;0.519;aaaaaa;
0.231,0.385,0.806,0.55,0.549,0.731,0.488,0.953,0.915;0.927;aaaaaa;
0.0931,0.979,0.264,0.143,0.271,0.406,0.125,0.427,0.551;0.56;aa;
0.841,0.126,0.293,0.688,0.288,0.297,0.504,0.523,0.472;0.0259;aaa;
0.987,0.332,0.722,0.358,0.836,0.144,0.875,0.148,0.679;0.859;aaaaaaaaaa;
0.736,0.36,0.176,0.751,0.573,0.655,0.105,0.295,0.0717;0.722;a;
0.0902,0.251,0.265,0.407,0.945,0.326,0.316,0.182,0.689;0.0727;aaaaaa;
0.305,0.376,0.784,0.77,0.811,0.727,0.468,0.699,0.479;0.528;aaaa;
0.583,0.466,0.999,0.419,0.843,0.975,0.707,0.636,0.353;0.0154;aa;
0.846,0.141,0.333,0.657,0.128,0.767,0.613,0.874,0.789;0.387;aaaaaa;
0.397,0.313,0.204,0.0782,0.578,0.877,0.491,0.533,0.902;0.754;aaaaaa;
0.309,0.124,0.13,8.31e-05,0.165,0.969,0.614,0.0187,0.0431;0.468;aaaaaaa;
0.345,0.111,0.669,0.274,0.513,0.9,0.908,0.907,0.768;0.924;aaaa;
0.925,0.216,0.8,0.812,0.909,0.917,0.713,0.0944,0.956;0.169;aaaaaa;
0.575,0.943,0.955,0.68,0.326,0.915,0.472,0.897,0.335;0.552;a;
0.331,0.706,0.291,0.838,0.988,0.297,0.994,0.0928,0.809;0.148;aaaaaa;
0.425,0.174,0.859,0.378,0.0133,0.425,0.656,0.826,0.932;0.75;aaaa;
0.601,0.404,0.634,0.394,0.487,0.0788,0.501,0.615,0.773;0.968;a;
0.723,0.256,0.143,0.00966,0.76,0.0418,0.616,0.105,0.175;0.643;aaaa;
0.919,0.162,0.518,0.121,0.29,0.48,0.209,0.479,0.917;0.0353;aaaaaaaaaa;
0.833,0.962,0.374,0.357,0.932,0.196,0.507,0.0596,0.585;0.341;aaaaaaa;
0.461,0.256,0.685,0.0152,0.0968,0.68,0.488,0.138,0.261;0.184;aaaaaa;
0.679,0.334,0.0482,0.733,0.811,0.957,0.387,0.394,0.47;0.454;aaa;
0.683,0.258,0.979,0.597,0.586,0.749,0.828,0.103,0.503;0.752;aaaaaaaaa;
0.664,0.0945,0.768,0.366,0.504,0.3,0.882,0.949,0.297;0.177;aaa;
0.184,0.0926,0.104,0.0556,0.0995,0.232,0.865,0.824,0.62;0.535;aaaaaa;
0.231,0.137,0.637,0.547,0.0223,0.988,0.498,0.597,0.861;0.829;aaaa;
0.509,0.489,0.988,0.195,0.687,0.0358,0.214,0.663,0.687;0.468;aaaaaaaaa;
0.69,0.548,0.485,0.875,0.928,0.241,0.133,0.825,0.855;0.215;aaaaaaa;
0.663,0.992,0.0602,0.79,0.919,0.427,0.903,0.401,0.696;0.416;aaa;
0.934,0.893,0.179,0.916,0.24,0.479,0.749,0.693,0.00259;0.302;aaaaaa;
0.871,0.492,0.587,0.749,0.582,0.799,0.719,0.973,0.00121;0.357;aaaaaaa;
0.0581,0.556,0.747,0.344,0.804,0.0944,0.193,0.569,0.334;0.602;aaaaaaaa;
0.127,0.246,0.495,0.785,0.569,0.162,0.786,0.598,0.674;0.14;aaaaaaaaaa;
0.753,0.147,0.902,0.487,0.436,0.129,0.402,0.633,0.0351;0.403;aaaaa;
0.328,0.23,0.953,0.429,0.962,0.02,0.833,0.584,0.238;0.594;aaaaaaaaaa;
0.277,0.142,0.309,0.701,0.286,0.193,0.401,0.482,0.271;0.731;aa;
0.0677,0.248,0.892,0.249,0.0163,0.857,0.757,0.955,0.689;0.0135;aaaaaaaa;
0.00808,0.731,0.338,0.854,0.111,0.506,0.041,0.964,0.039;0.544;aaaaaaaa;
0.69,0.00331,0.855,0.592,0.77,0.793,0.0241,0.759,0.892;0.609;a;
0.452,0.674,0.186,0.583,0.99,0.967,0.539,0.155,0.676;0.841;aaaaaaaa;
0.948,0.507,0.328,0.762,0.701,0.811,0.0133,0.281,0.537;0.797;aaaaa;
0.00826,0.768,0.666,0.442,0.619,0.0643,0.585,0.411,0.267;0.263;aaaaa;
0.36,0.879,0.605,0.273,0.286,0.667,0.753,0.655,0.0318;0.423;aaaaaaaaa;
0.259,0.565,0.766,0.815,0.962,0.281,0.196,0.494,0.459;0.36;aaaaa;
0.797,0.144,0.647,0.512,0.337,0.173,0.919,0.00602,0.0228;0.582;aaaa;
0.741,0.693,0.325,0.866,0.211,0.616,0.285,0.588,0.63;0.669;aaaaaaa;
0.178,0.866,0.835,0.158,0.566,0.917,0.688,0.303,0.788;0.978;aaa;
0.168,0.406,0.393,0.972,0.511,0.278,0.763,0.00515,0.172;0.873;aaaaa;
0.186,0.774,0.772,0.478,0.83,0.748,0.489,0.769,0.19;0.499;aa;
0.272,0.315,0.363,0.0231,0.566,0.17,0.623,0.122,0.152;0.401;aaaaaaaaaa;
0.109,0.643,0.123,0.373,0.659,0.128,0.00988,0.116,0.846;0.638;aa;
0.484,0.158,0.635,0.17,0.424,0.553,0.848,0.656,0.538;0.492;aaaaaaaaa;
0.692,0.717,0.838,0.193,0.917,0.327,0.269,0.392,0.872;0.485;aaaaaaaa;
0.825,0.219,0.472,0.823,0.979,0.527,0.0806,0.952,0.562;0.686;aa;
0.273,0.899,0.832,0.186,0.0852,0.188,0.487,0.352,0.249;0.698;aaaaaaaaa;
0.345,0.3,0.681,0.744,0.505,0.855,0.246,0.739,0.96;0.439;a;
0.901,0.468,0.267,0.928,0.592,0.897,0.807,0.187,0.308;0.202;aaaa;
0.694,0.0724,0.739,0.736,0.855,0.973,0.217,0.778,0.257;0.166;a;
0.829,0.936,0.48,0.255,0.584,0.048,0.602,0.307,0.27;0.191;aaaaaaaa;
0.0409,0.82,0.901,0.439,0.155,0.142,0.338,0.37,0.818;0.734;a;
0.738,0.366,0.219,0.431,0.0448,0.819,0.99,0.491,0.539;0.671;aaaaaaaaaa;
0.819,0.79,0.532,0.691,0.952,0.412,0.0538,0.0972,0.58;0.754;aaaaaaaaaa;
0.287,0.398,0.57,0.338,0.173,0.545,0.095,0.583,0.322;0.283;a;
0.511,0.0142,0.42,0.848,0.875,0.818,0.296,0.177,0.0117;0.411;aaaaaaaaaa;
0.177,0.457,0.165,0.83,0.668,0.677,0.351,0.725,0.0655;0.309;a;
0.317,0.654,0.621,0.0277,0.851,0.583,0.00113,0.87,0.318;0.449;aaaaaaaa;
0.477,0.747,0.227,0.265,0.238,0.892,0.884,0.608,0.535;0.698;aaa;
0.439,0.166,0.628,0.58,0.102,0.74,0.88,0.304,0.809;0.788;aaaaaaa;
0.797,0.685,0.269,0.89,0.2,0.0502,0.373,0.0516,0.78;0.874;aaa;
0.0667,0.00333,0.375,0.551,0.144,0.482,0.807,0.789,0.167;0.0518;aaaaaaaaa;
0.382,0.773,0.503,0.796,0.637,0.81,0.135,0.864,0.563;0.919;aaaaaa;
0.314,0.982,0.901,0.387,0.827,0.48,0.468,0.964,0.27;0.449;aaaaaa;
0.643,0.35,0.255,0.71,0.578,0.552,0.199,0.575,0.836;0.85;a;
0.544,0.38,0.0906,0.765,0.343,0.686,0.588,0.186,0.781;0.31;aaaaaa;
0.319,0.158,0.209,0.525,0.29,0.137,0.927,0.641,0.305;0.56;aaa;
0.813,0.536,0.301,0.193,0.896,0.745,0.938,0.786,0.852;0.725;a;
0.881,0.317,0.629,0.729,0.717,0.56,0.624,0.679,0.729;0.476;aa;
0.393,0.783,0.718,0.585,0.0957,0.536,0.675,0.88,0.721;0.271;aaaaaaaa;
0.953,0.125,0.742,0.602,0.523,0.84,0.714,0.64,0.146;0.311;aa;
1,0.535,0.655,0.114,0.962,0.666,0.755,0.901,0.0137;0.0963;a;
0.207,0.528,0.954,0.551,0.617,0.148,0.922,0.863,0.00345;0.305;aaaaaaa;
0.306,0.172,0.227,0.746,0.307,0.708,0.884,0.13,0.277;0.103;aaa;
0.331,0.588,0.121,0.655,0.389,0.807,0.678,0.395,0.217;0.502;aaaaaaaaaa;
0.676,0.45,0.671,0.854,0.812,0.104,0.874,0.311,0.246;0.891;aaaaaaaaa;
0.26,0.915,0.929,0.807,0.0906,0.895,0.00465,0.121,0.766;0.347;aa;
0.905,0.519,0.121,0.769,0.624,0.674,0.994,0.617,0.545;0.0988;aaaa;
0.411,0.519,0.0231,0.205,0.366,0.302,0.271,0.799,0.579;0.0294;aaa;
0.581,0.647,0.892,0.171,0.0085,0.846,0.398,0.00953,0.254;0.0691;aaaa;
0.605,0.131,0.332,0.92,0.592,0.212,0.0308,0.417,0.586;0.379;aaaaaaa;
0.702,0.0946,0.898,0.427,0.41,0.62,0.382,0.152,0.996;0.12;aaaaaaaa;
0.0206,0.01,0.209,0.665,0.356,0.627,0.0945,0.495,0.232;0.695;aaa;
0.0757,0.0234,0.306,0.112,0.76,0.445,0.348,0.297,0.633;0.0701;aaaaaaa;
0.0923,0.774,0.675,0.395,0.216,0.462,0.864,0.828,0.581;0.271;aaaa;
0.956,0.834,0.324,0.392,0.00538,0.775,0.984,0.794,0.672;0.327;a;
0.829,0.678,0.742,0.422,0.289,0.208,0.565,0.152,0.51;0.226;aa;
0.667,0.42,0.553,0.195,0.566,0.513,0.239,0.277,0.529;0.233;a;
0.303,0.504,0.555,0.381,0.315,0.372,0.728,0.733,0.675;0.658;aaaaaaaaaa;
0.0672,0.48,0.325,0.924,0.467,0.138,0.0896,0.0258,0.0375;0.829;aaa;
0.49,0.394,0.607,0.881,0.851,0.937,0.225,0.0521,0.659;0.921;a;
0.264,0.624,0.105,0.937,0.458,0.584,0.731,0.31,0.829;0.105;aaaaaaaa;
0.393,0.359,0.96,0.523,0.127,0.0897,0.229,0.853,0.986;0.435;aa;
0.0749,0.0624,0.431,0.432,0.493,0.439,0.743,0.665,0.823;0.845;aaaaaa;
0.474,0.307,0.0409,0.965,0.285,0.162,0.383,0.815,0.903;0.0239;aaaaa;
0.348,0.259,0.993,0.577,0.995,0.661,0.212,0.492,0.791;0.513;aaaaaa;
0.842,0.244,0.558,0.468,0.98,0.991,0.319,0.16,0.443;0.519;aaaaaa;
0.343,0.126,0.09,0.803,0.863,0.405,0.112,0.797,0.954;0.939;aaa;
0.725,0.745,0.336,0.367,0.197,0.451,0.401,0.858,0.866;0.369;aaaaaaa;
0.16,0.827,0.144,0.367,0.0883,0.932,0.554,0.404,0.567;0.309;aaaaaa;
0.0886,0.638,0.821,0.163,0.173,0.871,0.846,0.709,0.647;0.212;aaaaaaaaaa;
0.743,0.561,0.223,0.612,0.475,0.264,0.792,0.35,0.889;0.166;aaaaa;
0.669,0.731,0.881,0.0312,0.202,0.769,0.323,0.668,0.244;0.103;aaaa;
0.489,0.654,0.721,0.919,0.698,0.297,0.97,0.357,0.697;0.6;aaaa;
0.203,0.0344,0.113,0.908,0.352,0.377,0.998,0.958,0.36;0.35;aaaaaaa;
0.783,0.179,0.59,0.309,0.623,0.139,0.121,0.573,0.688;0.0442;a;
0.212,0.384,0.852,0.694,0.408,0.549,0.603,0.32,0.561;0.894;aa;
0.795,0.706,0.0383,0.919,0.184,0.66,0.714,0.156,0.833;0.951;aaaaaaaa;
0.431,0.579,0.554,0.918,0.268,0.644,0.186,0.18,0.0121;0.479;aaa;
0.482,0.0649,0.0511,0.99,0.0251,0.697,0.335,0.563,0.168;0.945;aaaaaaaaaa;
0.759,0.499,0.595,0.837,0.928,0.307,0.691,0.88,0.131;0.893;aaaaaaa;
0.335,0.382,0.903,0.47,0.0225,0.402,0.637,0.233,0.00949;0.742;aaaaaaa;
0.387,0.512,0.435,0.666,0.0141,0.0347,0.634,0.143,0.545;0.393;aaaaa;
0.544,0.295,0.245,0.386,0.791,0.125,0.334,0.445,0.145;0.0288;aaaaaaa;
0.673,0.963,0.109,0.345,0.0409,0.0988,0.0821,0.822,0.649;0.214;aaaaa;
0.502,0.273,0.0217,0.131,0.471,0.371,0.728,0.561,0.89;0.895;aaaaaa;
0.518,0.174,0.162,0.756,0.294,0.785,0.0469,0.296,0.95;0.534;aaaaa;
0.325,0.294,0.624,0.27,0.213,0.408,0.208,0.406,0.876;0.506;aa;
0.522,0.455,0.91,0.00702,0.802,0.261,0.166,0.0262,0.466;0.895;aaaa;
0.176,0.713,0.361,0.297,0.615,0.984,0.684,0.49,0.202;0.156;aaaaaaaaa;
0.528,0.935,0.301,0.651,0.634,0.578,0.897,0.345,0.935;0.984;aaaaa;
0.927,0.912,0.307,0.422,0.887,0.741,0.994,0.574,0.435;0.698;aaaaa;
0.793,0.257,0.116,0.357,0.994,0.725,0.615,0.678,0.308;0.0559;aaaaaaaa;
0.606,0.848,0.0831,0.958,0.664,0.475,0.211,0.0138,0.234;0.0883;aa;
0.155,0.0912,0.994,0.827,0.74,0.651,0.435,0.0825,0.446;0.206;a;
0.947,0.425,0.807,0.961,0.759,0.932,0.674,0.961,0.407;0.823;aa;
0.363,0.769,0.712,0.68,0.542,0.81,0.785,0.682,0.644;0.666;aaaaaaaaaa;
0.552,0.54,0.0189,0.756,0.358,0.84,0.402,0.681,0.425;0.845;aaaa;
0.501,0.467,0.442,0.856,0.553,0.751,0.574,0.941,0.822;0.795;aaa;
0.436,0.0982,0.166,0.961,0.297,0.391,0.982,0.884,0.173;0.501;aaaaaaaaa;
0.824,0.98,0.991,0.147,0.897,0.988,0.44,0.48,0.615;0.491;aaaaa;
0.96,0.786,0.724,0.0361,0.483,0.384,0.888,0.271,0.844;0.651;aa;
0.355,0.178,0.958,0.169,0.192,0.835,0.72,0.157,0.563;0.66;aaaaaaa;
0.857,0.88,0.151,0.789,0.941,0.204,0.418,0.29,0.395;0.656;aaaaaaaa;
0.637,0.214,0.874,0.448,0.13,0.0434,0.816,0.0783,0.29;0.903;aaa;
0.792,0.553,0.453,0.978,0.579,0.242,0.945,0.0762,0.0944;0.965;aaaaaa;
0.926,0.0101,0.459,0.758,0.391,0.435,0.548,0.83,0.844;0.759;aa;
0.499,0.848,0.723,0.1,0.375,0.57,0.214,0.0318,0.658;0.00791;aaaaaaaa;
0.0137,0.484,0.0142,0.508,0.822,0.382,0.878,0.993,0.608;0.789;aaaaaa;
0.656,0.535,0.883,0.816,0.156,0.73,0.936,0.153,0.555;0.885;aaaaaaaaaa;
0.231,0.399,0.746,0.449,0.0304,0.395,0.233,0.366,0.732;0.637;aaaaaaaaa;
0.481,0.772,0.279,0.837,0.442,0.911,0.215,0.587,0.932;0.293;aaa;
0.32,0.378,0.0209,0.0158,0.884,0.898,0.439,0.63,0.62;0.693;aaaaaaaaa;
0.625,0.39,0.771,0.904,0.86,0.12,0.88,0.0628,0.421;0.418;a;
0.955,0.404,0.56,0.00736,0.564,0.539,0.804,0.218,0.418;0.492;aaaaaaa;
0.947,0.333,0.403,0.345,0.546,0.716,0.772,0.202,0.626;0.0212;aaaaaa;
0.761,0.959,0.919,0.92,0.451,0.0496,0.5,0.26,0.177;0.857;aaaa;
0.794,0.308,0.58,0.422,0.33,0.181,0.131,0.341,0.149;0.638;aaaaaaaa;
0.31,0.957,0.572,0.558,0.951,0.712,0.0287,0.629,0.0278;0.144;aaaaaa;
0.417,0.474,0.577,0.706,0.809,0.763,0.782,0.157,0.448;0.236;aaaaa;
0.574,0.357,0.734,0.591,0.00256,0.815,0.779,0.171,0.259;0.462;a;
0.351,0.771,0.352,0.94,0.11,0.63,0.447,0.981,0.256;0.547;aaaaaaaaa;
0.66,0.5,0.217,0.227,0.692,0.644,0.049,0.208,0.353;0.411;a;
0.956,0.561,0.636,0.55,0.23,0.467,0.487,0.701,0.273;0.176;aaa;
0.518,0.401,0.583,0.967,0.645,0.461,0.235,0.937,0.747;0.449;aaaaa;
0.936,0.309,0.772,0.775,0.941,0.264,0.788,0.308,0.865;0.497;aaaaaaa;
0.433,0.973,0.927,0.288,0.781,0.527,0.995,0.303,0.195;0.411;aaa;
0.892,0.734,0.264,0.45,0.0644,0.921,0.574,0.163,0.88;0.954;aaaaaa;
0.499,0.645,0.357,0.401,0.355,0.447,0.266,0.399,0.592;0.897;aaaaaaaaa;
0.0796,0.662,0.896,0.0971,0.661,0.646,0.42,0.0856,0.745;0.266;aaaa;
0.605,0.874,0.731,0.629,0.0896,0.0773,0.495,0.186,0.775;0.988;aaaaaaa;
0.326,0.513,0.759,0.312,0.557,0.091,0.51,0.655,0.234;0.0374;aaaaaaa;
0.949,0.774,0.545,0.0396,0.0924,0.501,0.253,0.446,0.856;0.296;aaaaaaaa;
0.0696,0.411,0.931,0.398,0.823,0.873,0.502,0.116,0.732;0.475;aaa;
0.111,0.204,0.866,0.144,0.0179,0.502,0.211,0.552,0.17;0.0254;aaaaa;
0.352,0.315,0.669,0.768,0.972,0.0622,0.694,0.262,0.463;0.723;aaaaaaa;
0.322,0.158,0.00633,0.948,0.288,0.736,0.848,0.664,0.615;0.238;aaaaaaa;
0.82,0.988,0.86,0.174,0.518,0.653,0.228,0.0992,0.818;0.947;aaaaaaa;
0.17,0.115,0.183,0.524,0.41,0.922,0.747,0.232,0.494;0.901;aaaaaaa;
0.0925,0.381,0.729,0.226,0.0237,0.0919,0.769,0.551,0.853;0.936;aa;
0.239,0.82,0.151,0.832,0.656,0.138,0.472,0.245,0.561;0.705;aaaaaaaa;
0.109,0.723,0.0393,0.563,0.54,0.399,0.247,0.195,0.716;0.0897;aaaaa;
0.642,0.909,0.298,0.125,0.624,0.808,0.347,0.864,0.872;0.466;a;
0.365,0.726,0.156,0.0901,0.00703,0.172,0.48,0.598,0.71;0.943;aaaa;
0.371,0.176,0.463,0.265,0.529,0.924,0.81,0.675,0.163;0.125;aaaaaaaaa;
0.503,0.217,0.162,0.0711,0.566,0.378,0.13,0.054,1;0.129;aaaaaaaaaa;
0.299,0.141,0.242,0.0784,0.0647,0.204,0.468,0.603,0.0417;0.976;aaaaaaaaa;
0.25,0.939,0.621,0.278,0.395,0.919,0.606,0.268,0.839;0.668;aaaaaaaaa;
0.468,0.585,0.63,0.529,0.15,0.23,0.0124,0.811,0.309;0.866;aaaaa;
0.816,0.892,0.457,0.932,0.751,0.755,0.371,0.168,0.751;0.646;aaa;
0.702,0.837,0.249,0.575,0.0953,0.15,0.822,0.223,0.408;0.383;aaaaaa;
0.398,0.993,0.978,0.206,0.525,0.133,0.795,0.805,0.362;0.183;aaaaaaa;
0.883,0.854,0.353,0.741,0.277,0.759,0.868,0.68,0.611;0.359;aaaaaa;
0.761,0.77,0.857,0.866,0.386,0.682,0.883,0.418,0.932;0.778;aaa;
0.831,0.659,0.453,0.512,0.758,0.851,0.0506,0.2,0.403;0.47;aa;
0.552,0.934,0.175,0.172,0.917,0.475,0.4,0.695,0.421;0.438;aaaaaaa;
0.148,0.633,0.0964,0.301,0.739,0.35,0.052,0.352,0.0502;0.906;aaaaaaa;
0.144,0.787,0.105,0.52,0.2,0.0108,0.468,0.0432,0.238;0.0622;aaaaaaaaa;
0.885,0.759,0.328,0.946,0.268,0.531,0.0953,0.499,0.151;0.988;aaaaaaaaaa;
0.405,0.111,0.045,0.941,0.682,0.899,0.592,0.858,0.283;0.937;aaaaa;
0.624,0.55,0.318,0.817,0.00209,0.302,0.833,0.733,0.643;0.603;aaaaaaaaa;
0.0326,0.969,0.402,0.889,0.63,0.132,0.362,0.229,0.607;0.134;aaaaaaaaaa;
0.163,0.385,0.393,0.631,0.933,0.736,0.704,0.314,0.427;0.819;a;
0.81,0.0567,0.808,0.23,0.443,0.543,0.7,0.446,0.948;0.905;aa;
0.585,0.654,0.764,0.389,0.68,0.0936,0.79,0.679,0.754;0.872;aaaaaa;
0.679,0.462,0.594,0.921,0.0826,0.242,0.061,0.73,0.00176;0.162;aaaaa;
0.566,0.884,0.443,0.62,0.578,0.238,0.0535,0.323,0.0818;0.887;aaaaaaa;
0.182,0.926,0.834,0.257,0.249,0.409,0.101,0.524,0.0231;0.0231;a;
0.0448,0.699,0.487,0.145,0.562,0.201,0.217,0.741,0.453;0.58;aaaaaa;
0.431,0.576,0.839,0.413,0.619,0.172,0.188,0.235,0.808;0.928;aaaaaa;
0.108,0.14,0.358,0.174,0.383,0.0257,0.074,0.283,0.11;0.77;aaaaaa;
0.181,0.441,0.698,0.0794,0.881,0.0135,0.709,0.618,0.101;0.0245;aaaa;
0.407,0.435,0.391,0.231,0.467,0.958,0.634,0.334,0.283;0.702;aaaaaaa;
0.315,0.325,0.558,0.595,0.73,0.865,0.415,0.37,0.408;0.416;aaaaaaaaaa;
0.983,0.0235,0.803,0.342,0.305,0.0822,0.959,0.997,0.762;0.273;aaaaaaaaaa;
0.891,0.81,0.529,0.353,0.298,0.74,0.739,0.884,0.46;0.112;aaaaaaaaa;
0.187,0.637,0.11,0.508,0.779,0.637,0.169,0.0576,0.366;0.389;aaaaa;
0.398,0.126,0.00382,0.106,0.504,0.718,0.27,0.403,0.0938;0.983;aaaaaaaaaa;
0.0699,0.863,0.794,0.0236,0.512,0.471,0.135,0.687,0.386;0.615;aaaaa;
0.169,0.689,0.477,0.266,0.406,0.524,0.695,0.176,0.456;0.205;aaaaaaaa;
0.884,0.717,0.0686,0.331,0.593,0.441,0.916,0.0849,0.597;0.412;aaaaaaaa;
0.543,0.727,0.0971,0.054,0.181,0.312,0.702,0.0578,0.376;0.774;aaaaaaaaaa;
0.542,0.585,0.525,0.779,0.729,0.499,0.887,0.144,0.273;0.659;aa;
0.00358,0.187,0.978,0.656,0.0316,0.558,0.0942,0.894,0.839;0.121;aaaa;
0.45,0.929,0.808,0.844,0.0232,0.462,0.0974,0.637,0.0251;0.972;aaaaaaaaa;
0.404,0.804,0.649,0.518,0.81,0.533,0.573,0.418,0.816;0.429;aaa;
0.329,0.367,0.914,0.247,0.716,0.848,0.0636,0.739,0.963;0.812;aaaaaaaaa;
0.79,0.516,0.256,0.264,0.275,0.276,0.847,0.733,0.542;0.535;aaaa;
0.748,0.838,0.829,0.355,0.969,0.0156,0.204,0.0178,0.063;0.643;aaaaaaaaaa;
0.137,0.704,0.274,0.899,0.183,0.697,0.847,0.76,0.784;0.81;aa;
0.454,0.953,0.572,0.0778,0.978,0.0393,0.267,0.0663,0.987;0.83;aaaaaaaa;
0.532,0.0844,0.57,0.727,0.441,0.559,0.389,0.0537,0.472;0.624;aaaaaaaaa;
0.426,0.929,0.515,0.62,0.703,0.292,0.0848,0.839,0.538;0.219;a;
0.286,0.101,0.763,0.23,0.563,0.429,0.784,0.985,0.17;0.361;aa;
0.496,0.42,0.461,0.782,0.231,0.285,0.977,0.611,0.797;0.392;aaaaaaaaaa;
0.561,0.785,0.794,0.477,0.505,0.257,0.911,0.475,0.0702;0.934;aaaaaaa;
0.727,0.776,0.402,0.955,0.282,0.371,0.821,0.192,0.00422;0.585;aaaaaaaaaa;
0.984,0.147,0.737,0.303,0.137,0.297,0.641,0.847,0.116;0.239;a;
0.476,0.169,0.507,0.204,0.821,0.885,0.67,0.0485,0.83;0.301;a;
0.341,0.185,0.442,0.726,0.691,0.787,0.3,0.251,0.486;0.701;aaaaaaaa;
0.926,0.558,0.511,0.845,0.973,0.208,0.975,0.626,0.688;0.967;aaaaaaaaa;
0.906,0.58,0.631,0.846,0.0144,0.5,0.771,0.405,0.253;0.97;aa;
0.601,0.625,0.729,0.731,0.733,0.75,0.882,0.057,0.673;0.633;aa;
0.335,0.377,0.981,0.606,0.613,0.369,0.413,0.583,0.97;0.479;aaaaaaaaa;
0.239,0.105,0.158,0.297,0.00705,0.226,0.512,0.688,0.00512;0.625;aaaaaa;
0.16,0.629,0.873,0.0311,0.489,0.357,0.304,0.698,0.644;0.167;aaaaaaa;
0.13,0.957,0.106,0.174,0.174,0.0125,0.534,0.158,0.199;0.953;aaaaa;
0.6,0.406,0.382,0.656,0.00868,0.713,0.917,0.943,0.808;0.834;aaaaa;
0.697,0.932,0.213,0.833,0.765,0.294,0.484,0.377,0.59;0.886;aaaaaa;
0.55,0.279,0.126,0.977,0.0792,0.204,0.51,0.222,0.759;0.0862;a;
0.495,0.675,0.836,0.382,0.411,0.685,0.988,0.162,0.298;0.251;aaaaaa;
0.17,0.316,0.936,0.515,0.536,0.538,0.545,0.196,0.23;0.346;aaaaaaa;
0.955,0.458,0.657,0.368,0.675,0.709,0.973,0.892,0.7;0.965;aaaaaaaaaa;
0.627,0.168,0.51,0.436,0.453,0.701,0.686,0.314,0.535;0.531;aaaaaaaaa;
0.0953,0.492,0.73,0.151,0.00982,0.456,0.318,0.227,0.195;0.5;aaaaaaaa;
0.992,0.441,0.891,0.724,0.665,0.0285,0.921,0.457,0.978;0.75;aaa;
0.552,0.798,0.382,0.303,0.19,0.784,0.424,0.947,0.667;0.981;aaaaaaaaa;
0.413,0.866,0.815,0.353,0.373,0.268,0.811,0.259,0.0804;0.147;aaa;
0.277,0.474,0.726,0.82,0.0333,0.823,0.137,0.094,0.264;0.606;aa;
0.582,0.907,0.12,0.486,0.674,0.983,0.919,0.452,0.0334;0.0707;aaaaaaa;
0.0835,0.839,0.156,0.621,0.889,0.00233,0.521,0.768,0.964;0.316;aaaaaaaaaa;
0.665,0.965,0.896,0.52,0.656,0.639,0.89,0.906,0.791;0.926;aa;
0.0844,0.639,0.713,0.838,0.753,0.158,0.821,0.674,0.602;0.769;aaaa;
0.32,0.466,0.683,0.279,0.312,0.352,0.547,0.254,0.222;0.926;aaaaaaaa;
0.227,0.227,0.406,0.288,0.89,0.223,0.917,0.84,0.543;0.474;aaaaaa;
0.203,0.136,0.467,0.417,0.63,0.781,0.693,0.648,0.957;0.933;aaaaaaaaaa;
0.555,0.581,0.11,0.017,0.881,0.511,0.323,0.962,0.0962;0.852;aaaaaaaaaa;
0.08,0.435,0.457,0.965,0.0653,0.134,0.186,0.814,0.0872;0.39;aaaaaaaaa;
0.777,0.693,0.104,0.62,0.0203,0.378,0.414,0.133,0.538;0.235;aaa;
0.0445,0.398,0.126,0.0388,0.75,0.811,0.799,0.883,0.0189;0.149;aaaaaaaaa;
0.257,0.316,0.1,0.0206,0.302,0.416,0.82,0.488,0.504;0.728;aaa;
0.685,0.131,0.455,0.172,0.434,0.624,0.086,0.536,0.431;0.0515;aaaaaa;
0.5,0.434,0.624,0.594,0.322,0.579,0.165,0.164,0.0346;0.305;aaaaaaaaaa;
0.703,0.335,0.094,0.421,0.265,0.296,0.775,0.57,0.866;0.685;aaaaaaaa;
0.66,0.807,0.42,0.175,0.776,0.376,0.0733,0.246,0.044;0.151;aaa;
0.534,0.00787,0.142,0.256,0.903,0.77,0.493,0.866,0.272;0.607;aaaaaaaa;
0.941,0.0984,0.386,0.634,0.945,0.894,0.523,0.25,0.579;0.612;aaaaaaaa;
0.384,0.726,0.912,0.399,0.994,0.422,0.765,0.594,0.955;0.348;aaaaaaaaaa;
0.0685,0.812,0.00655,0.636,0.781,0.94,0.571,0.939,0.776;0.028;aaaaaa;
0.787,0.499,0.806,0.346,0.169,0.58,0.152,0.389,0.126;0.0697;aaaa;
0.247,0.069,0.196,0.882,0.221,0.612,0.523,0.664,0.858;0.59;aaaaa;
0.677,0.296,0.144,0.502,0.923,0.598,0.134,0.801,0.227;0.131;aa;
0.366,0.334,0.99,0.782,0.761,0.58,0.588,0.749,0.494;0.881;a;
0.15,0.0467,0.251,0.671,0.317,0.676,0.97,0.443,0.82;0.106;aaaaaaaa;
0.787,0.879,0.953,0.125,0.151,0.574,0.552,0.776,0.409;0.171;aaaa;
0.0451,0.11,0.851,0.417,0.637,0.725,0.0734,0.869,0.413;0.787;aaaaa;
0.107,0.81,0.889,0.521,0.0324,0.391,0.334,0.655,0.479;0.64;aaaaaaaaaa;
0.0602,0.885,0.92,0.202,0.0619,0.281,0.0676,0.77,0.834;0.771;aaaaaaa;
0.479,0.568,0.191,0.915,0.0731,0.674,0.187,0.762,0.316;0.643;aaa;
0.318,0.738,0.475,0.902,0.746,0.99,0.543,0.0344,0.27;0.775;aaaaaaaa;
0.439,0.412,0.374,0.35,0.11,0.0385,0.429,0.132,0.446;0.512;aaaaaaa;
0.283,0.88,0.866,0.678,0.466,0.696,0.108,0.277,0.729;0.166;aaaaaaaa;
0.338,0.113,0.174,0.37,0.726,0.645,0.577,0.541,0.131;0.188;aaaa;
0.755,0.335,0.325,0.855,0.137,0.58,0.596,0.384,0.38;0.198;aaaa;
0.232,0.249,0.849,0.224,0.0799,0.235,0.165,0.000628,0.881;0.0694;aaaaaaaaaa;
0.838,0.87,0.0839,0.216,0.296,0.567,0.0194,0.137,0.547;0.716;aaaa;
0.942,0.157,0.942,0.431,0.234,0.25,0.356,0.983,0.607;0.569;aaaaaaaaa;
0.428,0.252,0.751,0.952,0.0379,0.824,0.95,0.948,0.283;0.542;aaaaaaa;
0.274,0.217,0.869,0.167,0.64,0.221,0.0825,0.766,0.581;0.583;aaaaaaaa;
0.0168,0.302,0.195,0.029,0.708,0.445,0.797,0.732,0.885;0.6;a;
0.699,0.405,0.467,0.128,0.308,0.151,0.604,0.696,0.661;0.542;aaaaaa;
0.131,0.668,0.0897,0.853,0.688,0.711,0.963,0.78,0.509;0.938;aaa;
0.423,0.328,0.67,0.0969,0.371,0.223,0.887,0.02,0.664;0.488;aa;
0.00875,0.76,0.127,0.85,0.0119,0.913,0.3,0.486,0.241;0.617;aaa;
0.946,0.112,0.95,0.503,0.72,0.657,0.33,0.767,0.243;0.401;aa;
0.591,0.211,0.894,0.524,0.636,0.028,0.704,0.0278,0.263;0.52;a;
0.747,0.649,0.322,0.999,0.185,0.822,0.152,0.178,0.875;0.351;aa;
0.167,0.663,0.0285,0.465,0.334,0.925,0.466,0.871,0.915;0.678;aaa;
0.465,0.968,0.736,0.689,0.677,0.648,0.425,0.381,0.848;0.939;a;
0.436,0.239,0.722,0.436,0.52,0.996,0.889,0.0546,0.127;0.592;aa;
0.422,0.0508,0.581,0.961,0.327,0.972,0.551,0.484,0.39;0.138;aaaaaa;
0.419,0.647,0.837,0.434,0.0454,0.429,0.318,0.375,0.608;0.96;aaaaaaaa;
0.72,0.443,0.564,0.786,0.45,0.778,0.971,0.519,0.184;0.135;aaaaaaaa;
0.364,0.443,0.776,0.716,0.507,0.0653,0.859,0.18,0.575;0.773;a;
0.98,0.0398,0.779,0.179,0.717,0.335,0.253,0.895,0.896;0.84;aaaa;
0.303,0.481,0.908,0.0125,0.929,0.75,0.729,0.944,0.531;0.777;aa;
0.0217,0.217,0.775,0.0513,0.571,0.991,0.94,0.292,0.93;0.341;aaaaa;
0.0745,0.428,0.266,0.928,0.795,0.929,0.725,0.636,0.496;0.537;aaaaaaaaaa;
0.554,0.143,0.332,0.968,0.0334,0.923,0.219,0.453,0.398;0.514;aaaa;
0.956,0.945,0.587,0.865,0.918,0.191,0.179,0.634,0.405;0.218;a;
0.359,0.951,0.736,0.241,0.468,0.28,0.484,0.941,0.469;0.423;aaaaaaaaa;
0.385,0.418,0.912,0.836,0.0292,0.747,0.0277,0.563,0.824;0.0017;aaaaaa;
0.333,0.31,0.00918,0.843,0.879,0.45,0.618,0.413,0.606;0.584;aaaaaaaaaa;
0.971,0.867,0.39,0.0448,0.439,0.607,0.386,0.195,0.49;0.114;aa;
0.797,0.387,0.72,0.485,0.708,0.499,0.227,0.332,0.323;0.772;aaaaaaaa;
0.0674,0.492,0.57,0.202,0.803,0.12,0.813,0.477,0.572;0.881;aaaaa;
0.38,0.939,0.412,0.85,0.882,0.305,0.646,0.0641,0.772;0.107;aaaaaa;
0.337,0.584,0.905,0.363,0.512,0.719,0.37,0.679,0.407;0.818;aaaaa;
0.313,0.516,0.854,0.802,0.349,0.0286,0.952,0.355,0.13;0.376;aaaaaaaaaa;
0.25,0.02,0.981,0.286,0.557,0.422,0.216,0.459,0.98;0.87;aaaaaaa;
0.39,0.301,0.931,0.802,0.079,0.645,0.576,0.997,0.227;0.155;aaaaaaa;
0.599,0.845,0.319,0.446,0.18,0.675,0.214,0.13,0.144;0.471;a;
0.0125,0.977,0.41,0.685,0.268,0.0527,0.88,0.412,0.229;0.687;aaaaaaaa;
0.168,0.389,0.251,0.0165,0.564,0.0608,0.152,0.789,0.257;0.924;aaaaaaa;
0.891,0.602,0.226,0.14,0.951,0.541,0.115,0.214,0.284;0.105;aaaaa;
0.718,0.125,0.701,0.124,0.451,0.189,0.646,0.107,0.0792;0.626;aaaaaaaaaa;
0.87,0.207,0.756,0.913,0.664,0.603,0.564,0.886,0.17;0.738;aaa;
0.323,0.588,0.735,0.385,0.969,0.618,0.786,0.874,0.477;0.74;aaa;
0.031,0.202,0.58,0.358,0.417,0.876,0.98,0.0671,0.195;0.453;aaaaaa;
0.813,0.0878,0.18,0.783,0.229,0.302,0.166,0.917,0.582;0.606;a;
0.0253,0.974,0.825,0.15,0.795,0.147,0.241,0.0582,0.52;0.27;aaaaaaaaa;
0.926,0.779,0.212,0.99,0.764,0.0678,0.871,0.864,0.0672;0.709;aaaaaa;
0.179,0.519,0.599,0.588,0.796,0.831,0.714,0.995,0.353;0.827;aaa;
0.849,0.289,0.659,0.71,0.828,0.581,0.253,0.734,0.233;0.591;aaaaaaaaaa;
0.371,0.731,0.798,0.704,0.235,0.903,0.109,0.917,0.807;0.766;aaaaaaaa;
0.422,0.237,0.45,0.957,0.0893,0.209,0.815,0.983,0.328;0.577;aaaaaaaaaa;
0.213,0.985,0.528,0.742,0.049,0.733,0.724,0.14,0.772;0.59;aaaaaaaaa;
0.129,0.963,0.551,0.972,0.757,0.0716,0.65,0.0988,0.516;0.847;aaaaaaaaaa;
0.111,0.672,0.658,0.316,0.543,0.645,0.627,0.357,0.549;0.899;aaa;
0.457,0.146,0.588,0.743,0.0987,0.345,0.401,0.317,0.226;0.357;aaaaaa;
0.631,0.155,0.984,0.739,0.958,0.233,0.985,0.0993,0.192;0.433;aa;
0.293,0.181,0.663,0.255,0.238,0.135,0.508,0.628,0.979;0.797;aaaaa;
0.389,0.774,0.405,0.997,0.134,0.554,0.27,0.321,0.153;0.719;aaaa;
0.175,0.714,0.66,0.67,0.578,0.623,0.107,0.508,0.289;0.71;aaa;
0.549,0.0324,0.884,0.318,0.904,0.748,0.0941,0.183,0.761;0.00957;aaaaaa;
0.31,0.145,0.728,0.296,0.267,0.966,0.75,0.808,0.77;0.139;aaaaaaaaa;
0.0495,0.291,0.8,0.57,0.393,0.865,0.161,0.587,0.056;0.526;aaaaaaa;
0.0622,0.904,0.957,0.149,0.818,0.87,0.859,0.831,0.66;0.65;aaaaaaaaa;
0.783,0.0986,0.174,0.343,0.569,0.608,0.818,0.933,0.558;0.0298;aaaaaaaaa;
0.362,0.9,0.468,0.677,0.0546,0.456,0.631,0.48,0.718;0.361;aaaaaaaaa;
0.731,0.425,0.854,0.191,0.514,0.448,0.116,0.872,0.336;0.501;aaaaaaaaaa;
0.927,0.532,0.861,0.095,0.979,0.923,0.132,0.554,0.776;0.275;aaaaa;
0.756,0.106,0.56,0.317,0.675,0.177,0.182,0.487,0.887;0.0617;aaa;
0.33,0.585,0.102,0.679,0.657,0.668,0.816,0.0446,0.404;0.703;aaaaaaaa;
0.236,0.773,0.681,0.239,0.769,0.195,0.00657,0.572,0.14;0.758;aaaaa;
0.732,0.0903,0.109,0.202,0.847,0.865,0.528,0.275,0.547;0.059;aaaaa;
0.084,0.454,0.365,0.219,0.511,0.0803,0.765,0.646,0.816;0.519;aaaaaaaaa;
0.947,0.297,0.934,0.865,0.123,0.31,0.956,0.749,0.357;0.365;aaaaa;
0.739,0.004,0.605,0.599,0.966,0.942,0.461,0.514,0.105;0.0729;aaaaaaaa;
0.0574,0.0792,0.185,0.192,0.336,0.159,0.194,0.581,0.231;0.42;aa;
0.188,0.531,0.666,0.139,0.337,0.185,0.415,0.463,0.98;0.78;aaaaaa;
0.905,0.421,0.717,0.85,0.132,0.975,0.678,0.996,0.279;0.264;a;
0.3,0.753,0.0347,0.824,0.847,0.494,0.696,0.178,0.6;0.664;aaaaaaaaaa;
0.0445,0.905,0.974,0.34,0.0664,0.567,0.987,0.483,0.242;0.679;aaaaaaa;
0.0755,0.349,0.225,0.167,0.553,0.119,0.823,0.199,0.673;0.0279;a;
0.279,0.346,0.26,0.403,0.474,0.878,0.129,0.286,0.0385;0.622;aaaaaaaaa;
0.795,0.943,0.743,0.589,0.086,0.782,0.997,0.983,0.0477;0.252;aaaaaa;
0.279,0.634,0.378,0.398,0.241,0.682,0.568,0.0976,0.396;0.425;aaaa;
0.386,0.854,0.0164,0.796,0.95,0.822,0.824,0.726,0.427;0.355;aaa;
0.0792,0.726,0.807,0.515,0.0498,0.68,0.507,0.296,0.87;0.517;aaaaaaaaa;
0.564,0.95,0.159,0.554,0.845,0.261,0.485,0.577,0.283;0.686;aa;
0.945,0.106,0.584,0.75,0.223,0.62,0.787,0.873,0.444;0.626;aaaaaa;
0.838,0.859,0.578,0.16,0.535,0.914,0.617,0.662,0.577;0.438;aaaaaaa;
0.874,0.155,0.394,0.519,0.599,0.805,0.615,0.891,0.353;0.583;aaaaaaa;
0.179,0.0589,0.923,0.583,0.297,0.198,0.398,0.172,0.813;0.0473;aaaaaaa;
0.856,0.616,0.423,0.105,0.513,0.807,0.54,0.378,0.427;0.871;aaaaaa;
0.992,0.56,0.357,0.539,0.11,0.821,0.082,0.766,0.167;0.21;aaaaa;
0.869,0.356,0.735,0.154,0.641,0.428,0.485,0.657,0.826;0.569;aaaaaaa;
0.178,0.769,0.0564,0.0839,0.277,0.0867,0.426,0.584,0.174;0.0535;aaaaaaaa;
0.306,0.865,0.64,0.762,0.439,0.237,0.378,0.399,0.152;0.469;aaa;
0.251,0.614,0.243,0.0984,0.758,0.176,0.537,0.564,0.465;0.832;aaaaaaaa;
0.0131,0.756,0.505,0.733,0.857,0.0947,0.95,0.995,0.741;0.0253;aaaaaaa;
0.516,0.472,0.228,0.452,0.759,0.323,0.57,0.856,0.122;0.605;a;
0.54,0.228,0.412,0.978,0.91,0.704,0.251,0.143,0.476;0.402;aaaaaaaa;
0.651,0.348,0.403,0.873,0.249,0.867,0.21,0.645,0.263;0.154;aa;
0.344,0.874,0.0897,0.0174,0.823,0.192,0.454,0.494,0.639;0.985;aaaaa;
0.954,0.484,0.922,0.655,0.687,0.619,0.153,0.643,0.34;0.466;aaaaaa;
0.164,0.2,0.979,0.234,0.543,0.418,0.269,0.156,0.0364;0.668;aaa;
0.0297,0.178,0.471,0.518,0.497,0.449,0.591,0.476,0.0567;0.194;aaaaaaaaa;
0.0445,0.157,0.84,0.787,0.186,0.0511,0.523,0.741,0.767;0.146;a;
0.855,0.883,0.0463,0.103,0.394,0.749,0.715,0.0443,0.769;0.5;aa;
0.288,0.791,0.326,0.772,0.448,0.945,0.933,0.887,0.307;0.336;aaaaaaa;
0.691,0.923,0.505,0.386,0.149,0.846,0.235,0.371,0.896;0.362;a;
0.925,0.514,0.224,0.712,0.551,0.551,0.0689,0.944,0.805;0.69;aaaaaaa;
0.485,0.0898,0.789,0.862,0.173,0.324,0.974,0.89,0.654;0.0226;a;
0.872,0.0574,0.768,0.202,0.297,0.0143,0.869,0.312,0.372;0.308;aaaaaaaa;
0.743,0.667,0.0464,0.826,0.326,0.703,0.89,0.896,0.579;0.361;aaaaaaa;
0.468,0.422,0.398,0.994,0.745,0.146,0.0801,0.175,0.652;0.663;aaaa;
0.986,0.0062,0.849,0.08,0.384,0.69,0.688,0.0359,0.069;0.679;a;
0.617,0.46,0.743,0.206,0.132,0.0223,0.662,0.517,0.445;0.422;aaaaaa;
0.988,0.919,0.474,0.596,0.978,0.0671,0.312,0.597,0.948;0.197;aaaaaaaaa;
0.0873,0.293,0.618,0.865,0.613,0.402,0.999,0.0712,0.112;0.729;a;
0.274,0.183,0.582,0.8,0.516,0.0726,0.0572,0.844,0.301;0.666;aaaaaaa;
0.268,0.488,0.257,0.721,0.069,0.71,0.0999,0.968,0.997;0.674;aaaaa;
0.477,0.524,0.775,0.187,0.293,0.263,0.0727,0.587,0.849;0.736;aaaaaaa;
0.977,0.7,0.447,0.226,0.0251,0.237,0.011,0.462,0.938;0.921;aaaaaaaaaa;
0.793,0.116,0.687,0.00512,0.409,0.69,0.91,0.946,0.334;0.481;aaaaa;
0.624,0.451,0.0155,0.676,0.32,0.778,0.856,0.147,0.0424;0.964;a;
0.773,0.979,0.954,0.91,0.585,0.608,0.339,0.219,0.657;0.73;aaaaaaa;
0.0849,0.813,0.237,0.577,0.584,0.764,0.977,0.914,0.411;0.197;aaaaaaaa;
0.722,0.64,0.51,0.67,0.735,0.737,0.926,0.451,0.281;0.498;aaaaa;
0.627,0.657,0.338,0.579,0.424,0.156,0.0987,0.345,0.759;0.627;aaa;
0.922,0.768,0.475,0.453,0.421,0.773,0.0821,0.587,0.041;0.891;a;
0.414,0.185,0.386,0.243,0.18,0.353,0.945,0.298,0.783;0.645;a;
0.245,0.0385,0.699,0.206,0.822,0.0723,0.593,0.0277,0.87;0.234;aaaa;
0.965,0.916,0.917,0.111,0.835,0.15,0.35,0.887,0.3;0.759;aaaaaaa;
0.0535,0.746,0.291,0.974,0.0393,0.275,0.358,0.51,0.0034;0.941;a;
0.986,0.677,0.629,0.0934,0.711,0.639,0.666,0.587,0.748;0.609;aaaaaaa;
0.0608,0.367,0.216,0.716,0.747,0.0313,0.264,0.288,0.218;0.218;aaaaaaaaa;
0.803,0.395,0.0323,0.64,0.183,0.454,0.955,0.287,0.646;0.224;aaaaaaaaaa;
0.0351,0.278,0.848,0.403,0.897,0.28,0.213,0.408,0.596;0.733;aa;
0.724,0.524,0.375,0.692,0.962,0.431,0.306,0.309,0.877;0.339;a;
0.583,0.659,0.888,0.896,0.253,0.392,0.675,0.57,0.83;0.517;aaaaaaaa;
0.98,0.979,0.752,0.178,0.687,0.81,0.857,0.124,0.529;0.658;aaaaaa;
0.333,0.145,0.772,0.82,0.226,0.321,0.0566,0.678,0.855;0.303;aaaaa;
0.992,0.761,0.0939,0.127,0.587,0.425,0.818,0.0913,0.493;0.42;aa;
0.264,0.318,0.689,0.108,0.586,0.312,0.893,0.255,0.268;0.612;aaa;
0.0843,0.12,0.239,0.744,0.567,0.00351,0.993,0.226,0.402;0.612;aaaaaaaaaa;
0.515,0.556,0.721,0.805,0.614,0.669,0.44,0.452,0.676;0.503;aaaaa;
0.0884,0.324,0.998,0.156,0.909,0.585,0.206,0.00872,0.338;0.421;aaaaaaaaaa;
0.8,0.377,0.801,0.137,0.997,0.762,0.56,0.446,0.211;0.816;aaaaaaa;
0.838,0.969,0.39,0.481,0.433,0.993,0.282,0.815,0.247;0.692;aa;
0.307,0.822,0.66,0.433,0.0648,0.0616,0.758,0.48,0.368;0.315;aaaa;
0.533,0.973,0.0799,0.0239,0.413,0.738,0.0339,0.835,0.401;0.386;aaaa;
0.782,0.0288,0.902,0.0208,0.483,0.333,0.157,0.959,0.26;0.2;aaaaaaaaa;
0.517,0.445,0.899,0.878,0.401,0.906,0.125,0.437,0.793;0.668;aaa;
0.442,0.964,0.833,0.378,0.774,0.00779,0.73,0.42,0.454;0.327;aaaaaaa;
0.556,0.465,0.254,0.222,0.226,0.239,0.274,0.79,0.774;0.242;aa;
0.583,0.809,0.0119,0.589,0.995,0.305,0.464,0.686,0.207;0.498;aaa;
0.511,0.721,0.857,0.272,0.98,0.951,0.596,0.785,0.769;0.409;aaaaaaa;
0.819,0.673,0.12,0.64,0.313,0.724,0.581,0.823,0.343;0.379;aaaaaaaaaa;
0.446,0.829,0.9,0.899,0.398,0.968,0.238,0.558,0.145;0.369;aaaaa;
0.148,0.644,0.349,0.829,0.339,0.403,0.368,0.0552,0.0534;0.645;aaaaa;
0.383,0.511,0.893,0.558,0.0494,0.952,0.808,0.535,0.998;0.591;aaaaaa;
0.357,0.33,0.701,0.0602,0.794,0.982,0.607,0.675,0.783;0.284;aaaaa;
0.808,0.139,0.985,0.557,0.811,0.868,0.81,0.807,0.922;0.356;aaa;
0.444,0.672,0.953,0.0661,0.488,0.331,0.712,0.151,0.959;0.914;aaaa;
0.113,0.357,0.456,0.518,0.687,0.323,0.471,0.243,0.459;0.973;aaaaaaaaaa;
0.888,0.0239,0.151,0.696,0.454,0.672,0.062,0.856,0.264;0.936;aaaaa;
0.699,0.907,0.671,0.209,0.845,0.184,0.91,0.26,0.903;0.686;aaaaaaaaa;
0.774,0.607,0.987,0.495,0.64,0.447,0.167,0.857,0.606;0.497;aaaaaaa;
0.32,0.286,0.888,0.132,0.916,0.517,0.316,0.982,0.485;0.528;aaaaaa;
0.43,0.00658,0.11,0.744,0.117,0.904,0.154,0.354,0.505;0.285;aaaa;
0.973,0.598,0.142,0.303,0.9,0.821,0.115,0.545,0.808;0.463;aaaa;
0.577,0.189,0.112,0.247,0.318,0.909,0.384,0.995,0.947;0.363;a;
0.157,0.044,0.00613,0.422,0.373,0.745,0.755,0.851,0.38;0.695;aaaaaaaaaa;
0.916,0.932,0.553,0.652,0.244,0.568,0.933,0.0494,0.493;0.43;aaa;
0.0138,0.641,0.0987,0.347,0.851,0.154,0.0152,0.587,0.27;0.168;aaa;
0.331,0.382,0.737,0.0879,0.187,0.276,0.0665,0.565,0.545;0.743;aaaaaa;
0.407,0.487,0.0192,0.701,0.127,0.334,0.126,0.668,0.167;0.775;aaa;
0.0575,0.255,0.836,0.706,0.69,0.337,0.619,0.664,0.384;0.439;aaaa;
0.621,0.968,0.345,0.248,0.69,0.45,0.602,0.559,0.94;0.851;aaaaaaaaa;
0.767,0.184,0.208,0.209,0.407,0.818,0.925,0.86,0.959;0.131;aaaaaaaaa;
0.627,0.159,0.1,0.787,0.848,0.243,0.789,0.784,0.769;0.649;a;
0.496,0.0706,0.344,0.015,0.173,0.134,0.492,0.715,0.16;0.0848;aaaaaaaaaa;
0.923,0.798,0.986,0.685,0.0974,0.305,0.614,0.0571,0.332;0.7;aaaaaa;
0.298,0.102,0.0468,0.458,0.164,0.738,0.176,0.989,0.767;0.745;aaaaaaaaaa;
0.0421,0.275,0.376,0.437,0.515,0.00404,0.518,0.445,0.421;0.463;aaa;
0.933,0.656,0.454,0.17,0.84,0.926,0.79,0.837,0.98;0.703;aaaaaaaaa;
0.814,0.518,0.785,0.402,0.331,0.24,0.566,0.101,0.641;0.926;aa;
0.116,0.257,0.982,0.797,0.326,0.122,0.173,0.59,0.755;0.307;aaaa;
0.539,0.884,0.584,0.902,0.202,0.755,0.0504,0.947,0.833;0.151;aaa;
0.62,0.202,0.718,0.708,0.484,0.276,0.623,0.147,0.238;0.931;aaaaaaa;
0.122,0.905,0.275,0.92,0.617,0.442,0.787,0.137,0.198;0.86;aaaaaaaaa;
0.424,0.834,0.442,0.0105,0.0701,0.383,0.805,0.131,0.629;0.0405;aaaaaaa;
0.649,0.411,0.919,0.502,0.628,0.712,0.575,0.649,0.65;0.0158;aaaaaaaaa;
0.706,0.622,0.318,0.181,0.313,0.121,0.582,0.929,0.776;0.0939;aaaaaaaa;
0.874,0.877,0.379,0.00439,0.225,0.756,0.694,0.775,0.162;0.556;aaaaaaa;
0.409,0.957,0.664,0.813,0.188,0.2,0.577,0.631,0.287;0.923;aaaaaaaaa;
0.378,0.418,0.184,0.43,0.0196,0.728,0.297,0.185,0.0863;0.834;aaaaaaaaaa;
0.248,0.814,0.129,0.889,0.243,0.552,0.825,0.745,0.0439;0.273;aaaaaa;
0.528,0.322,0.253,0.239,0.0277,0.451,0.964,0.754,0.807;0.896;aaaaaaaaa;
0.795,0.953,0.608,0.319,0.136,0.641,0.182,0.616,0.414;0.87;aaaa;
0.322,0.371,0.89,0.345,0.578,0.57,0.284,0.506,0.907;0.689;aaaaaaaa;
0.547,0.699,0.654,0.0944,0.481,0.682,0.879,0.277,0.542;0.649;a;
0.254,0.425,0.614,0.557,0.138,0.533,0.566,0.547,0.553;0.139;aaaaaaaaaa;
0.544,0.107,0.709,0.765,0.555,0.0359,0.849,0.333,0.227;0.706;aaaaaaa;
0.695,0.169,0.752,0.714,0.709,0.263,0.709,8.12e-05,0.344;0.168;a;
0.234,0.109,0.386,0.705,0.842,0.893,0.94,0.555,0.765;0.484;aaaaaa;
0.842,0.0961,0.965,0.55,0.497,0.964,0.132,0.18,0.00892;0.382;aa;
0.305,0.244,0.119,0.00355,0.00217,0.633,0.609,0.543,0.175;0.732;aaaaaaaaaa;
0.952,0.598,0.639,0.5,0.625,0.902,0.167,0.165,0.118;0.0586;aaaaaaaaa;
0.415,0.0788,0.514,0.628,0.015,0.409,0.899,0.36,0.831;0.0398;a;
0.27,0.577,0.00152,0.472,0.102,0.919,0.266,0.956,0.527;0.716;aa;
0.677,0.197,0.964,0.601,0.491,0.145,0.685,0.214,0.35;0.785;a;
0.757,0.888,0.706,0.261,0.0127,0.00739,0.575,0.805,0.143;0.882;aaaaaaaaa;
0.242,0.00112,0.917,0.0835,0.342,0.965,0.413,0.824,0.131;0.586;aaaaaa;
0.365,0.491,0.204,0.635,0.629,0.243,0.283,0.0538,0.954;0.424;aaaaaaaa;
0.718,0.565,0.539,0.19,0.304,0.24,0.00388,0.315,0.48;0.609;aaaaaaaaa;
0.872,0.799,0.782,0.0836,0.467,0.609,0.251,0.717,0.799;0.295;aaaaaaaaa;
0.404,0.351,0.119,0.0399,0.654,0.0598,0.701,0.0356,0.212;0.311;aaa;
0.806,0.353,0.261,0.188,0.027,0.703,0.648,0.535,0.663;0.862;aa;
0.0115,0.547,0.52,0.255,0.275,0.695,0.646,0.287,0.302;0.254;aaaa;
0.526,0.623,0.569,0.917,0.896,0.522,0.713,0.598,0.0588;0.407;aa;
0.988,0.568,0.408,0.989,0.391,0.532,0.923,0.668,0.814;0.609;aaaaaaaaaa;
0.0403,0.709,0.695,0.203,0.909,0.0718,0.464,0.404,0.694;0.817;aaa;
0.836,0.0673,0.848,0.733,0.822,0.0733,0.917,0.359,0.408;0.347;aaaaaaaaaa;
0.785,0.644,0.44,0.943,0.635,0.762,0.0636,0.199,0.496;0.256;aaaa;
0.841,0.128,0.511,0.0988,0.552,0.128,0.0679,0.769,0.938;0.312;aa;
0.701,0.904,0.478,0.179,0.172,0.729,0.887,0.529,0.256;0.394;aaaa;
0.23,0.792,0.278,0.553,0.13,0.407,0.157,0.854,0.565;0.032;a;
0.116,0.0293,0.038,0.548,0.592,0.854,0.214,0.851,0.0633;0.524;aaaaaaaa;
0.731,0.945,0.346,0.163,0.128,0.105,0.901,0.922,0.823;0.567;aaaa;
0.981,0.924,0.369,0.161,0.699,0.979,0.797,0.252,0.562;0.494;aaaaa;
0.00121,0.124,0.731,0.508,0.67,0.159,0.329,0.0389,0.0606;0.0014;aaaaa;
0.0122,0.873,0.666,0.138,0.872,0.664,0.572,0.307,0.531;0.66;aaaaaaaa;
0.648,0.0709,0.294,0.753,0.439,0.584,0.706,0.949,0.362;0.11;aaaaaaa;
0.231,0.752,0.774,0.609,0.586,0.176,0.437,0.242,0.843;0.881;aaa;
0.216,0.101,0.506,0.873,0.767,0.299,0.278,0.649,0.0234;0.455;aaaaaa;
0.841,0.346,0.648,0.792,0.0108,0.732,0.718,0.0855,0.589;0.544;a;
0.793,0.515,0.871,0.145,0.117,0.539,0.482,0.071,0.149;0.262;aaaaaaaaaa;
0.0939,0.812,0.944,0.594,0.942,0.535,0.436,0.365,0.879;0.798;aa;
0.872,0.504,0.0649,0.928,0.49,0.285,0.592,0.789,0.754;0.967;aa;
0.311,0.437,0.116,0.513,0.41,0.0681,0.447,0.897,0.999;0.228;aa;
0.387,0.357,0.249,0.448,0.605,0.733,0.883,0.96,0.847;0.945;aaaaaaaa;
0.927,0.48,0.247,0.28,0.121,0.911,0.388,0.758,0.773;0.411;aaaaaaaaaa;
0.751,0.589,0.607,0.332,0.117,0.285,0.722,0.95,0.0473;0.751;aa;
0.264,0.103,0.624,0.933,0.368,0.557,0.387,0.641,0.217;0.246;aaaaaaa;
0.423,0.786,0.671,0.216,0.791,0.578,0.47,0.692,0.227;0.624;aaaaaa;
0.186,0.754,0.817,0.41,0.0532,0.834,0.511,0.872,0.545;0.207;aaaaaaaa;
0.974,0.56,0.451,0.36,0.239,0.395,0.0555,0.931,0.203;0.963;aaaaaaaaaa;
0.514,0.0957,0.468,0.786,0.883,0.253,0.492,0.0111,0.325;0.739;aaaaaa;
0.869,0.25,0.136,0.253,0.312,0.132,0.644,0.114,0.631;0.319;aaa;
0.654,0.237,0.973,0.766,0.635,0.702,0.653,0.171,0.602;0.167;aaa;
0.763,0.373,0.943,0.705,0.619,0.162,0.549,0.0519,0.426;0.0615;aaaaaaaaa;
0.971,0.255,0.774,0.904,0.55,0.122,0.0811,0.525,0.749;0.359;aaaaaa;
0.658,0.213,0.716,0.156,0.791,0.662,0.696,0.42,0.885;0.0718;a;
0.347,0.205,0.525,0.476,0.0633,0.0415,0.095,0.559,0.83;0.103;aaaa;
0.127,0.405,0.985,0.726,0.426,0.855,0.373,0.0151,0.849;0.261;aaaaaaaaa;
0.796,0.222,0.439,0.685,0.0113,0.482,0.159,0.284,0.673;0.337;aaaaaaaaa;
0.87,0.679,0.817,0.379,0.215,0.459,0.202,0.527,0.452;0.328;aaaa;
0.415,0.469,0.516,0.45,0.0548,0.228,0.353,0.357,0.922;0.527;aaa;
0.76,0.854,0.833,0.0528,0.658,0.47,0.0243,0.602,0.621;0.882;aaaaaaa;
0.021,0.438,0.00361,0.0294,0.353,0.76,0.228,0.19,0.631;0.09;aa;
0.787,0.812,0.202,0.729,0.572,0.781,0.982,0.597,0.82;0.0246;aaaaaaaa;
0.241,0.713,0.794,0.721,0.088,0.341,0.806,0.0312,0.548;0.752;aaaaaaaa;
0.57,0.338,0.21,0.223,0.709,0.028,0.288,0.791,0.665;0.326;a;
0.314,0.486,0.108,0.396,0.377,0.255,0.476,0.277,0.24;0.154;aaaa;
0.0984,0.521,0.274,0.491,0.891,0.365,0.0283,0.305,0.213;0.341;a;
0.143,0.23,0.894,0.147,0.165,0.0916,0.689,0.673,0.408;0.989;aa;
0.748,0.344,0.768,0.0921,0.0176,0.00848,0.669,0.857,0.435;0.184;aaaaa;
0.401,0.686,0.104,0.17,0.684,0.284,0.051,0.548,0.378;0.748;aaaaaa;
0.833,0.418,0.792,0.874,0.557,0.129,0.462,0.297,0.368;0.91;a;
0.485,0.592,0.497,0.523,0.18,0.0806,0.0237,0.835,0.62;0.989;aaaa;
0.0424,0.373,0.185,0.76,0.149,0.28,0.0653,0.146,0.822;0.869;aaaaa;
0.155,0.949,0.0281,0.013,0.9,0.579,0.996,0.768,0.588;0.875;aaa;
0.308,0.987,0.238,0.796,0.377,0.0805,0.426,0.092,0.282;0.184;aaaaaaaaa;
0.833,0.0644,0.989,0.319,0.138,0.86,0.328,0.091,0.845;0.537;aaaaaaaa;
0.63,0.329,0.582,0.546,0.244,0.0249,0.914,0.794,0.489;0.723;aa;
0.554,0.0604,0.502,0.0333,0.124,0.579,0.858,0.167,0.0243;0.749;aaaaaaaaaa;
0.0151,0.155,0.848,0.776,0.127,0.785,0.241,0.85,0.875;0.402;aaaaaaaaa;
0.343,0.188,0.892,0.372,0.963,0.352,0.185,0.635,0.47;0.00158;aaaaaaaa;
0.699,0.163,0.0869,0.287,0.667,0.205,0.532,0.378,0.625;0.135;aaaaaaaaaa;
0.408,0.323,0.674,0.987,0.504,0.901,0.748,0.73,0.238;0.33;aaaaa;
0.15,0.772,0.415,0.372,0.748,0.316,0.0488,0.657,0.424;0.764;aaaaaaaa;
0.0705,0.597,0.589,0.88,0.138,0.67,0.272,0.55,0.0946;0.697;aaaaaaaa;
0.187,0.512,0.0274,0.0413,0.842,0.53,0.402,0.808,0.889;0.579;aaaaaaaaaa;
0.0595,0.256,0.732,0.441,0.837,0.791,0.159,0.745,0.752;0.562;aaaaaaaaa;
0.377,0.419,0.164,0.573,0.704,0.945,0.569,0.446,0.836;0.303;aaaaa;
0.606,0.873,0.935,0.687,0.852,0.967,0.314,0.729,0.596;0.263;aaa;
0.632,0.458,0.699,0.48,0.447,0.649,0.0904,0.184,0.0169;0.864;aaaaaaaaaa;
0.374,0.772,0.266,0.972,0.986,0.354,0.652,0.609,0.45;0.632;aaaa;
0.816,0.376,0.962,0.292,0.73,0.845,0.9,0.802,0.569;0.373;aaa;
0.144,0.577,0.479,0.734,0.798,0.313,0.375,0.99,0.154;0.233;aaaaa;
0.519,0.761,0.372,0.273,0.99,0.711,0.212,0.851,0.575;0.901;aaaaa;
0.653,0.432,0.436,0.734,0.31,0.116,0.588,0.387,0.726;0.408;aaaaa;
0.624,0.41,0.626,0.617,0.339,0.733,0.406,0.868,0.508;0.807;aaaaaa;
0.864,0.286,0.448,0.257,0.318,0.335,0.474,0.957,0.987;0.326;aaaaaa;
0.537,0.92,0.718,0.888,0.48,0.693,0.144,0.262,0.0209;0.222;aaaa;
0.127,0.764,0.807,0.857,0.177,0.504,0.0476,0.173,0.386;0.1;a;
0.387,0.93,0.586,0.461,0.161,0.745,0.712,0.134,0.431;0.4;aaaaaaaaa;
0.451,0.108,0.653,0.209,0.059,0.98,0.541,0.085,0.458;0.0678;aaaaaa;
0.81,0.509,0.325,0.0792,0.265,0.45,0.691,0.831,0.495;0.699;a;
0.0362,0.0322,0.803,0.513,0.0462,0.323,0.622,0.179,0.629;0.513;aaaaaaaaa;
0.57,0.419,0.896,0.766,0.153,0.902,0.691,0.655,0.814;0.253;aaaaaaaaa;
0.00855,0.749,0.477,0.368,0.301,0.394,0.542,0.0869,0.253;0.0619;aaaaa;
0.574,0.493,0.492,0.786,0.529,0.51,0.617,0.652,0.632;0.746;aaaaaaaa;
0.793,0.187,0.521,0.31,0.421,0.384,0.801,0.114,0.316;0.425;aaaaaaa;
0.913,0.465,0.745,0.727,0.951,0.529,0.74,0.371,0.0421;0.74;aaaaaa;
0.0921,0.42,0.297,0.39,0.67,0.347,0.583,0.29,0.214;0.243;aa;
0.0815,0.742,0.467,0.932,0.0136,0.952,0.334,0.0107,0.636;0.759;aaaaaaaaa;
0.758,0.401,0.38,0.51,0.881,0.413,0.382,0.836,0.404;0.605;aaaaaaa;
0.393,0.551,0.482,0.108,0.26,0.329,0.416,0.887,0.448;0.8;aaaa;
0.659,0.457,0.944,0.411,0.37,0.57,0.614,0.322,0.641;0.529;aaaaaa;
0.0649,0.753,0.349,0.61,0.669,0.545,0.993,0.362,0.0959;0.367;a;
0.743,0.188,0.137,0.288,0.439,0.269,0.00638,0.452,0.771;0.213;aaaaaaaaa;
0.089,0.763,0.538,0.222,0.862,0.0236,0.435,0.555,0.651;0.517;aaaaaaa;
0.675,0.409,0.317,0.322,0.31,0.867,0.951,0.384,0.979;0.839;aaaaaaa;
0.922,0.571,0.611,0.666,0.629,0.296,0.0759,0.0469,0.132;0.754;aaaaaaaaaa;
0.876,0.363,0.926,0.157,0.961,0.948,0.0677,0.0158,0.825;0.0201;aaaaaaaaaa;
0.467,0.439,0.0253,0.549,0.215,0.0517,0.462,0.368,0.944;0.577;aaaaaaaaaa;
0.346,0.125,0.128,0.186,0.0694,0.428,0.473,0.129,0.769;0.323;aaaaaaaa;
0.596,0.713,0.699,0.848,0.387,0.735,0.838,0.152,0.873;0.0904;a;
0.547,0.994,0.76,0.798,0.779,0.464,0.779,0.794,0.155;0.642;a;
0.726,0.41,0.138,0.153,0.948,0.719,0.701,0.155,0.602;0.0761;aaaaaaaaaa;
0.116,0.045,0.44,0.607,0.224,0.0264,0.813,0.983,0.796;0.471;aaaaa;
0.934,0.205,0.732,0.14,0.499,0.551,0.248,0.338,0.046;0.692;aaaaa;
0.551,0.385,0.214,0.107,0.536,0.547,0.687,0.893,0.633;0.788;aaa;
0.0182,0.512,0.26,0.000713,0.498,0.27,0.538,0.584,0.661;0.281;aaa;
0.532,0.96,0.996,0.684,0.0692,0.114,0.337,0.543,0.0674;0.88;a;
0.981,0.811,0.94,0.598,0.896,0.454,0.771,0.934,0.0358;0.0434;aaaaaa;
0.986,0.524,0.3,0.984,0.393,0.336,0.967,0.519,0.91;0.562;aaaaaa;
0.317,0.731,0.398,0.691,0.658,0.12,0.89,0.0434,0.778;0.994;aaaaa;
0.629,0.275,0.226,0.07,0.208,0.219,0.358,0.277,0.709;0.11;aaa;
0.0003,0.248,0.206,0.162,0.252,0.741,0.893,0.394,0.0444;0.232;aaaaaaa;
0.797,0.945,0.743,0.548,0.535,0.361,0.177,0.236,0.19;0.789;aaaaaa;
0.396,0.536,0.381,0.572,0.913,0.959,0.738,0.167,0.118;0.698;aaaa;
0.715,0.929,0.112,0.153,0.549,0.173,0.666,0.468,0.188;0.703;aaaaaaaaaa;
0.14,0.289,0.722,0.454,0.765,0.833,0.554,0.638,0.795;0.404;aaaaaaaa;
0.143,0.489,0.986,0.161,0.317,0.177,0.628,0.356,0.738;0.712;aaaaaaaaa;
0.995,0.706,0.646,0.706,0.57,0.767,0.246,0.374,0.653;0.122;aaaa;
0.352,0.514,0.976,0.435,0.919,0.851,0.327,0.194,0.89;0.212;aaa;
0.141,0.272,0.694,0.289,0.729,0.0357,0.24,0.325,0.53;0.353;aaaaaaaa;
0.102,0.646,0.902,0.395,0.511,0.12,1,0.161,0.764;0.873;aaaaaaaa;
0.767,0.731,0.478,0.0593,0.875,0.87,0.742,0.562,0.405;0.689;aaaaaaaaaa;
0.484,0.863,0.378,0.64,0.802,0.59,0.575,0.199,0.761;0.195;aaaaaaaaa;
0.469,0.739,0.383,0.114,0.809,0.0668,0.332,0.569,0.439;0.129;aa;
0.25,0.267,0.592,0.539,0.59,0.142,0.563,0.0693,0.672;0.0733;aaa;
0.815,0.636,0.338,0.889,0.302,0.106,0.942,0.297,0.613;0.217;aaaaaa;
0.153,0.106,0.914,0.276,0.71,0.35,0.933,0.563,0.655;0.671;aaa;
0.896,0.512,0.784,0.186,0.646,0.675,0.393,0.597,0.164;0.29;aaaaaaaa;
0.779,0.496,0.755,0.443,0.21,0.38,0.959,0.357,0.343;0.713;aaaa;
0.614,0.139,0.91,0.698,0.711,0.582,0.947,0.839,0.0613;0.531;a;
0.0302,0.47,0.371,0.507,0.513,0.889,0.405,0.553,0.667;0.0666;aaa;
0.739,0.106,0.325,0.253,0.397,0.523,0.757,0.74,0.876;0.466;aaaaa;
0.0436,0.822,0.191,0.0505,0.167,0.831,0.57,0.657,0.295;0.0125;aaaaaaaaa;
0.366,0.987,0.91,0.842,0.139,0.76,0.971,0.501,0.25;0.856;aa;
0.713,0.461,0.984,0.104,0.92,0.944,0.1,0.537,0.44;0.662;a;
0.836,0.126,0.654,0.469,0.371,0.663,0.355,0.311,0.843;0.455;aaaaaaaa;
0.725,0.987,0.686,0.114,0.719,0.483,0.687,0.626,0.221;0.31;aaaaaaaaaa;
0.918,0.358,0.592,0.575,0.811,0.0949,0.984,0.45,0.825;0.432;a;
0.286,0.758,0.842,0.418,0.0834,0.235,0.189,0.0606,0.221;0.0183;aaaa;
0.119,0.466,0.0232,0.613,0.558,0.177,0.112,0.982,0.515;0.416;aaaaaaaaaa;
0.184,0.638,0.0507,0.662,0.232,0.305,0.171,0.563,0.589;0.85;a;
0.288,0.146,0.262,0.378,0.801,0.354,0.743,0.154,0.465;0.347;aaaaaa;
0.396,0.988,0.722,0.659,0.419,0.476,0.00316,0.41,0.876;0.374;aaaaa;
0.444,0.216,0.205,0.469,0.791,0.601,0.452,0.485,0.274;0.521;a;
0.0169,0.516,0.716,0.486,0.246,0.665,0.135,0.802,0.124;0.123;aaaaaaa;
0.92,0.359,0.238,0.134,0.481,0.346,0.576,0.107,0.392;0.243;aaaaaaa;
0.955,0.843,0.895,0.651,0.978,0.992,0.903,0.964,0.72;0.0594;aaaaaa;
0.253,0.38,0.758,0.2,0.775,0.713,0.564,0.22,0.453;0.934;a;
0.717,0.0906,0.296,0.715,0.123,0.422,0.539,0.117,0.0816;0.0473;aaaaaaaa;
0.979,0.738,0.399,0.546,0.623,0.887,0.951,0.827,0.627;0.741;aaaaaaa;
0.977,0.479,0.122,0.026,0.16,0.233,0.876,0.488,0.424;0.795;aaaaaaaaa;
0.108,0.407,0.365,0.672,0.899,0.771,0.0287,0.512,0.757;0.916;aaaaaaa;
0.98,0.577,0.098,0.295,0.475,0.964,0.0989,0.29,0.0499;0.419;aa;
0.371,0.0472,0.427,0.665,0.167,0.508,0.906,0.252,0.399;0.185;aaaaaa;
0.246,0.641,0.135,0.308,0.288,0.698,0.875,0.00217,0.102;0.967;aa;
0.912,0.908,0.907,0.266,0.636,0.371,0.392,0.726,0.643;0.566;aaaaa;
0.15,0.0925,0.764,0.019,0.503,0.864,0.607,0.634,0.572;0.89;aaa;
0.799,0.67,0.598,0.652,0.562,0.599,0.134,0.48,0.116;0.399;aaaa;
0.456,0.709,0.883,0.877,0.22,0.519,0.123,0.53,0.838;0.102;aaaaaaaaa;
0.419,0.761,0.0176,0.0998,0.631,0.995,0.353,0.553,0.332;0.864;aaaaaaa;
0.686,0.117,0.476,0.0969,0.584,0.992,0.956,0.521,0.832;0.387;aaa;
0.923,0.126,0.184,0.561,0.913,0.71,0.583,0.116,0.706;0.463;aa;
0.79,0.0885,0.883,0.938,0.0364,0.00484,0.397,0.94,0.221;0.109;aaaaaaaa;
0.84,0.386,0.142,0.127,0.849,0.309,0.481,0.124,0.144;0.00545;aaaaaa;
0.171,0.195,0.601,0.0948,0.966,0.69,0.418,0.354,0.555;0.391;aaaaaaaa;
0.617,0.735,0.0934,0.61,0.509,0.0459,0.298,0.616,0.72;0.739;aaaaaaaaa;
0.954,0.0347,0.874,0.0055,0.629,0.468,0.507,0.412,0.811;0.451;aaa;
0.723,0.478,0.787,0.481,0.761,0.162,0.954,0.927,0.525;0.696;a;
0.402,0.564,0.551,0.801,0.825,0.419,0.636,0.0485,0.119;0.228;aaa;
0.902,0.821,0.906,0.896,0.217,0.314,0.595,0.695,0.141;0.689;a;
0.607,0.421,0.36,0.314,0.0504,0.903,0.0978,0.258,0.0152;0.236;aaaaaa;
0.375,0.74,0.246,0.427,0.319,0.481,0.821,0.902,0.331;0.00866;aaa;
0.936,0.775,0.846,0.302,0.343,0.353,0.925,0.704,0.385;0.892;aaa;
0.656,0.505,0.00101,0.24,0.618,0.413,0.93,0.768,0.901;0.949;aaa;
0.12,0.542,0.688,0.581,0.334,0.306,0.294,0.414,0.605;0.036;aaaaaaaaaa;
0.144,0.725,0.0238,0.396,0.485,0.785,0.321,0.798,0.416;0.228;aa;
0.884,0.382,0.743,0.251,0.933,0.37,0.373,0.704,0.214;0.171;aaaaaaaaaa;
0.603,0.831,0.101,0.317,0.394,0.438,0.984,0.233,0.573;0.639;aa;
0.591,0.599,0.0935,0.592,0.324,0.365,0.656,0.325,0.578;0.918;aaaa;
0.963,0.698,0.0423,0.571,0.772,0.976,0.232,0.116,0.487;0.879;aaaaaaaaaa;
0.795,0.963,0.267,0.486,0.455,0.233,0.23,0.108,0.981;0.207;aaaaaaaaaa;
0.825,0.785,0.273,0.767,0.457,0.823,0.304,0.528,0.387;0.638;aaaaaaaaa;
0.0416,0.941,0.467,0.0739,0.216,0.886,0.574,0.0182,0.119;0.26;a;
0.742,0.368,0.7,0.357,0.169,0.0208,0.583,0.672,0.515;0.129;aaaaaaa;
0.126,0.974,0.338,0.652,0.211,0.217,0.283,0.47,0.771;0.935;a;
0.93,0.717,0.387,0.144,0.749,0.546,0.109,0.59,0.347;0.224;aaaaaaaaaa;
0.391,0.692,0.508,0.0651,0.632,0.167,0.608,0.985,0.9;0.812;aa;
0.261,0.909,0.31,0.184,0.53,0.11,0.0944,0.301,0.416;0.385;aaaa;
0.573,0.193,0.457,0.000709,0.759,0.546,0.849,0.138,0.877;0.614;aaaaa;
0.00402,0.28,0.532,0.563,0.655,0.201,0.3,0.857,0.606;0.151;aa;
0.0504,0.0763,0.464,0.885,0.604,0.618,0.693,0.775,0.999;0.0364;aaaaaa;
0.876,0.618,0.58,0.691,0.189,0.864,0.122,0.833,0.938;0.839;aaaaaa;
0.707,0.402,0.498,0.545,0.772,0.992,0.032,0.452,0.758;0.96;aaaaaa;
0.731,0.728,0.436,0.951,0.0231,0.838,0.179,0.256,0.0195;0.732;aaaaaaaa;
0.315,0.133,0.45,0.972,0.418,0.472,0.068,0.0245,0.933;0.429;aaaaaaaaaa;
0.334,0.77,0.0622,0.125,0.408,0.419,0.76,0.0508,0.953;0.668;aaaaaaaaa;
0.796,0.00972,0.142,0.658,0.644,0.216,0.432,0.93,0.521;0.211;a;
0.353,0.946,0.435,0.059,0.515,0.755,0.341,0.662,0.273;0.11;aaaaaa;
0.706,0.569,0.682,0.941,0.945,0.283,0.192,0.338,0.525;0.0916;aaaaaaaaaa;
0.71,0.659,0.97,0.464,0.208,0.0974,0.929,0.00419,0.169;0.918;aaaa;
0.877,0.341,0.453,0.887,0.0996,0.606,0.697,0.913,0.536;0.334;aaaaaaaaaa;
0.623,0.208,0.969,0.978,0.78,0.569,0.484,0.55,0.0983;0.67;aaaaaaaaaa;
0.833,0.142,0.517,0.0409,0.386,0.249,0.884,0.0332,0.68;0.45;aaaa;
0.338,0.814,0.607,0.405,0.77,0.532,0.882,0.975,0.741;0.666;aaaaa;
0.491,0.337,0.931,0.871,0.975,0.631,0.24,0.543,0.0383;0.784;aaaaaaaaa;
0.685,0.331,0.496,0.718,0.456,0.353,0.821,0.993,0.952;0.966;a;
0.0127,0.655,0.872,0.0926,0.527,0.105,0.593,0.843,0.0868;0.773;aaaaa;
0.105,0.0662,0.116,0.544,0.999,0.71,0.475,0.931,0.359;0.307;aaaa;
0.329,0.836,0.0272,0.245,0.428,0.557,0.632,0.35,0.898;0.377;aaaaaaa;
0.146,0.842,0.824,0.951,0.197,0.958,0.55,0.112,0.468;0.925;aa;
0.513,0.837,0.283,0.0664,0.495,0.442,0.0245,0.527,0.445;0.581;aaaaaaaaaa;
0.276,0.981,0.401,0.646,0.198,0.278,0.715,0.875,0.412;0.963;aaaaaaaaaa;
0.652,0.0373,0.0965,0.937,0.00153,0.282,0.609,0.0835,0.19;0.451;aaaa;
0.155,0.416,0.55,0.82,0.805,0.708,0.235,0.128,0.833;0.43;aaa;
0.921,0.469,0.0572,0.298,0.478,0.577,0.399,0.629,0.677;0.938;aaaa;
0.176,0.663,0.217,0.457,0.152,0.922,0.642,0.0195,0.128;0.89;aaaa;
0.626,0.54,0.984,0.292,0.0609,0.0861,0.213,0.962,0.929;0.357;aaaaaaaaaa;
0.206,0.237,0.0158,0.14,0.263,0.0684,0.0485,0.906,0.706;0.161;aaaaaa;
0.643,0.678,0.817,0.919,0.62,0.315,0.115,0.0863,0.912;0.931;aaaaaaaa;
0.86,0.245,0.612,0.124,0.495,0.422,0.898,0.0711,0.293;0.996;aaaaaaaaaa;
0.34,0.344,0.454,0.809,0.462,0.704,0.154,0.85,0.634;0.303;aaaaa;
0.295,0.126,0.455,0.084,0.0325,0.824,0.532,0.249,0.204;0.302;aaaa;
0.614,0.517,0.682,0.0957,0.0758,0.887,0.436,0.674,0.986;0.0784;aaaaaaaaa;
0.194,0.176,0.0306,0.788,0.858,0.866,0.534,0.634,0.446;0.0728;aaaaaaaa;
0.656,0.137,0.981,0.0182,0.257,0.232,0.0746,0.919,0.745;0.115;aaaaaaaaa;
0.663,0.264,0.872,0.855,0.472,0.718,0.653,0.0769,0.401;0.307;aaaaa;
0.204,0.806,0.0966,0.633,0.503,0.768,0.0788,0.0768,0.729;0.494;aaaaaaaaaa;
0.839,0.587,0.938,0.282,0.0138,0.114,0.428,0.761,0.137;0.917;aaaaaaaa;
0.396,0.593,0.69,0.609,0.27,0.304,0.578,0.912,0.327;0.779;aaa;
0.371,0.0768,0.351,0.191,0.587,0.715,0.169,0.914,0.635;0.354;aaaaaa;
0.479,0.847,0.88,0.383,0.976,0.0921,0.355,0.767,0.661;0.00464;aaaaaaa;
0.903,0.746,0.0207,0.302,0.0643,0.179,0.598,0.381,0.214;0.481;aaaaaaa;
0.839,0.587,0.938,0.282,0.0138,0.114,0.428,0.761,0.137;0.917;aaaaa;
0.396,0.593,0.69,0.609,0.27,0.304,0.578,0.912,0.327;0.779;aaaa;
0.371,0.0768,0.351,0.191,0.587,0.715,0.169,0.914,0.635;0.354;a;
0.479,0.847,0.88,0.383,0.976,0.0921,0.355,0.767,0.661;0.00464;aaaaa;
0.903,0.746,0.0207,0.302,0.0643,0.179,0.598,0.381,0.214;0.481;aaaaaaaaa;
0.839,0.587,0.938,0.282,0.0138,0.114,0.428,0.761,0.137;0.917;aa;
0.396,0.593,0.69,0.609,0.27,0.304,0.578,0.912,0.327;0.779;aaaaaaaaaa;
0.371,0.0768,0.351,0.191,0.587,0.715,0.169,0.914,0.635;0.354;aaaaa;
0.479,0.847,0.88,0.383,0.976,0.0921,0.355,0.767,0.661;0.00464;aaaaaaaaaa;
0.903,0.746,0.0207,0.302,0.0643,0.179,0.598,0.381,0.214;0.481;aaaaaaaa;
0.839,0.587,0.938,0.282,0.0138,0.114,0.428,0.761,0.137;0.917;aaaaaaaa;
0.396,0.593,0.69,0.609,0.27,0.304,0.578,0.912,0.327;0.779;aaaaa;
0.371,0.0768,0.351,0.191,0.587,0.715,0.169,0.914,0.635;0.354;aaaaaaa;
0.479,0.847,0.88,0.383,0.976,0.0921,0.355,0.767,0.661;0.00464;aaaaaaaaa;
0.903,0.746,0.0207,0.302,0.0643,0.179,0.598,0.381,0.214;0.481;aa;
0.839,0.587,0.938,0.282,0.0138,0.114,0.428,0.761,0.137;0.917;aaaaaaaa;
0.396,0.593,0.69,0.609,0.27,0.304,0.578,0.912,0.327;0.779;aaaaaaaaa;
0.371,0.0768,0.351,0.191,0.587,0.715,0.169,0.914,0.635;0.354;aaaaaaaaaa;
0.479,0.847,0.88,0.383,0.976,0.0921,0.355,0.767,0.661;0.00464;aa;
0.903,0.746,0.0207,0.302,0.0643,0.179,0.598,0.381,0.214;0.481;aaaaaaaa;
0.839,0.587,0.938,0.282,0.0138,0.114,0.428,0.761,0.137;0.917;aaaaaaaaaa;
0.396,0.593,0.69,0.609,0.27,0.304,0.578,0.912,0.327;0.779;aaa;
0.371,0.0768,0.351,0.191,0.587,0.715,0.169,0.914,0.635;0.354;a;
0.479,0.847,0.88,0.383,0.976,0.0921,0.355,0.767,0.661;0.00464;aa;
0.903,0.746,0.0207,0.302,0.0643,0.179,0.598,0.381,0.214;0.481;a;
0.839,0.587,0.938,0.282,0.0138,0.114,0.428,0.761,0.137;0.917;aaaaaaaaa;
0.396,0.593,0.69,0.609,0.27,0.304,0.578,0.912,0.327;0.779;a;
0.371,0.0768,0.351,0.191,0.587,0.715,0.169,0.914,0.635;0.354;aa;
0.479,0.847,0.88,0.383,0.976,0.0921,0.355,0.767,0.661;0.00464;aaaaaaaa;
0.903,0.746,0.0207,0.302,0.0643,0.179,0.598,0.381,0.214;0.481;aaa;
0.839,0.587,0.938,0.282,0.0138,0.114,0.428,0.761,0.137;0.917;aaaaaaaaaa;
0.396,0.593,0.69,0.609,0.27,0.304,0.578,0.912,0.327;0.779;aaaaaaa;
0.371,0.0768,0.351,0.191,0.587,0.715,0.169,0.914,0.635;0.354;aaaaaaaaa;
0.479,0.847,0.88,0.383,0.976,0.0921,0.355,0.767,0.661;0.00464;aaa;
0.903,0.746,0.0207,0.302,0.0643,0.179,0.598,0.381,0.214;0.481;aaa;
0.839,0.587,0.938,0.282,0.0138,0.114,0.428,0.761,0.137;0.917;aaa;
0.396,0.593,0.69,0.609,0.27,0.304,0.578,0.912,0.327;0.779;aaaaa;
0.371,0.0768,0.351,0.191,0.587,0.715,0.169,0.914,0.635;0.354;aaaa;
0.479,0.847,0.88,0.383,0.976,0.0921,0.355,0.767,0.661;0.00464;aaa;
0.903,0.746,0.0207,0.302,0.0643,0.179,0.598,0.381,0.214;0.481;aaaaaaaaa;
0.839,0.587,0.938,0.282,0.0138,0.114,0.428,0.761,0.137;0.917;aaaaaa;
0.396,0.593,0.69,0.609,0.27,0.304,0.578,0.912,0.327;0.779;aaaaaaaaaa;
0.371,0.0768,0.351,0.191,0.587,0.715,0.169,0.914,0.635;0.354;aaa;
0.479,0.847,0.88,0.383,0.976,0.0921,0.355,0.767,0.661;0.00464;aaaaaaaaa;
0.903,0.746,0.0207,0.302,0.0643,0.179,0.598,0.381,0.214;0.481;a;
0.839,0.587,0.938,0.282,0.0138,0.114,0.428,0.761,0.137;0.917;aaaaaaaaaa;
0.396,0.593,0.69,0.609,0.27,0.304,0.578,0.912,0.327;0.779;aaaaaaaaaa;
0.371,0.0768,0.351,0.191,0.587,0.715,0.169,0.914,0.635;0.354;aaaaaaaaaa;
0.479,0.847,0.88,0.383,0.976,0.0921,0.355,0.767,0.661;0.00464;aaaaaaa;
0.903,0.746,0.0207,0.302,0.0643,0.179,0.598,0.381,0.214;0.481;aa;
0.839,0.587,0.938,0.282,0.0138,0.114,0.428,0.761,0.137;0.917;aaaaaa;
0.396,0.593,0.69,0.609,0.27,0.304,0.578,0.912,0.327;0.779;aa;
0.371,0.0768,0.351,0.191,0.587,0.715,0.169,0.914,0.635;0.354;aaa;
0.479,0.847,0.88,0.383,0.976,0.0921,0.355,0.767,0.661;0.00464;aaaaaaaa;
0.903,0.746,0.0207,0.302,0.0643,0.179,0.598,0.381,0.214;0.481;a;
0.839,0.587,0.938,0.282,0.0138,0.114,0.428,0.761,0.137;0.917;aaa;
0.396,0.593,0.69,0.609,0.27,0.304,0.578,0.912,0.327;0.779;aaaaaa;
0.371,0.0768,0.351,0.191,0.587,0.715,0.169,0.914,0.635;0.354;aaaaaaaaaa;
0.479,0.847,0.88,0.383,0.976,0.0921,0.355,0.767,0.661;0.00464;aaaaaaa;
0.903,0.746,0.0207,0.302,0.0643,0.179,0.598,0.381,0.214;0.481;aaaa;
0.839,0.587,0.938,0.282,0.0138,0.114,0.428,0.761,0.137;0.917;aaaaaaaaaa;
0.396,0.593,0.69,0.609,0.27,0.304,0.578,0.912,0.327;0.779;aaaaaaaaa;
0.371,0.0768,0.351,0.191,0.587,0.715,0.169,0.914,0.635;0.354;aaaaaaaaa;
0.479,0.847,0.88,0.383,0.976,0.0921,0.355,0.767,0.661;0.00464;aaaaaaaa;
0.903,0.746,0.0207,0.302,0.0643,0.179,0.598,0.381,0.214;0.481;aaaaaa;
0.839,0.587,0.938,0.282,0.0138,0.114,0.428,0.761,0.137;0.917;aaaaaaaa;
0.396,0.593,0.69,0.609,0.27,0.304,0.578,0.912,0.327;0.779;aaaa;
0.371,0.0768,0.351,0.191,0.587,0.715,0.169,0.914,0.635;0.354;aaaaaaa;
0.479,0.847,0.88,0.383,0.976,0.0921,0.355,0.767,0.661;0.00464;a;
0.903,0.746,0.0207,0.302,0.0643,0.179,0.598,0.381,0.214;0.481;aaaa;
0.839,0.587,0.938,0.282,0.0138,0.114,0.428,0.761,0.137;0.917;aaa;
0.396,0.593,0.69,0.609,0.27,0.304,0.578,0.912,0.327;0.779;aaaaaaaa;
0.371,0.0768,0.351,0.191,0.587,0.715,0.169,0.914,0.635;0.354;aaaaaaaaaa;
0.479,0.847,0.88,0.383,0.976,0.0921,0.355,0.767,0.661;0.00464;aaaaaaaaa;
0.903,0.746,0.0207,0.302,0.0643,0.179,0.598,0.381,0.214;0.481;aaaaaaa;
0.839,0.587,0.938,0.282,0.0138,0.114,0.428,0.761,0.137;0.917;aaaaaaaaa;
0.396,0.593,0.69,0.609,0.27,0.304,0.578,0.912,0.327;0.779;aaaaaaaa;
0.371,0.0768,0.351,0.191,0.587,0.715,0.169,0.914,0.635;0.354;aaaaaaaaa;
0.479,0.847,0.88,0.383,0.976,0.0921,0.355,0.767,0.661;0.00464;aaaaaaaa;
0.903,0.746,0.0207,0.302,0.0643,0.179,0.598,0.381,0.214;0.481;a;
0.839,0.587,0.938,0.282,0.0138,0.114,0.428,0.761,0.137;0.917;aaaa;
0.396,0.593,0.69,0.609,0.27,0.304,0.578,0.912,0.327;0.779;aaaaaaaa;
0.371,0.0768,0.351,0.191,0.587,0.715,0.169,0.914,0.635;0.354;aaaa;
0.479,0.847,0.88,0.383,0.976,0.0921,0.355,0.767,0.661;0.00464;aaaaaa;
0.903,0.746,0.0207,0.302,0.0643,0.179,0.598,0.381,0.214;0.481;aaaaaa;
0.839,0.587,0.938,0.282,0.0138,0.114,0.428,0.761,0.137;0.917;a;
0.396,0.593,0.69,0.609,0.27,0.304,0.578,0.912,0.327;0.779;aaaaaaaaaa;
0.371,0.0768,0.351,0.191,0.587,0.715,0.169,0.914,0.635;0.354;aaaaaaaaa;
0.479,0.847,0.88,0.383,0.976,0.0921,0.355,0.767,0.661;0.00464;aaaaaaaaa;
0.903,0.746,0.0207,0.302,0.0643,0.179,0.598,0.381,0.214;0.481;aa;
0.839,0.587,0.938,0.282,0.0138,0.114,0.428,0.761,0.137;0.917;aaaaaaa;
0.396,0.593,0.69,0.609,0.27,0.304,0.578,0.912,0.327;0.779;a;
0.371,0.0768,0.351,0.191,0.587,0.715,0.169,0.914,0.635;0.354;aaaa;
0.479,0.847,0.88,0.383,0.976,0.0921,0.355,0.767,0.661;0.00464;aaaaa;
0.903,0.746,0.0207,0.302,0.0643,0.179,0.598,0.381,0.214;0.481;aa;
0.839,0.587,0.938,0.282,0.0138,0.114,0.428,0.761,0.137;0.917;aaaaaaaa;
0.396,0.593,0.69,0.609,0.27,0.304,0.578,0.912,0.327;0.779;aaaaaa;
0.371,0.0768,0.351,0.191,0.587,0.715,0.169,0.914,0.635;0.354;aa;
0.479,0.847,0.88,0.383,0.976,0.0921,0.355,0.767,0.661;0.00464;aaa;
0.903,0.746,0.0207,0.302,0.0643,0.179,0.598,0.381,0.214;0.481;aa;
0.839,0.587,0.938,0.282,0.0138,0.114,0.428,0.761,0.137;0.917;aaaaaa;
0.396,0.593,0.69,0.609,0.27,0.304,0.578,0.912,0.327;0.779;aaaaaaaa;
0.371,0.0768,0.351,0.191,0.587,0.715,0.169,0.914,0.635;0.354;aaaaaaaaa;
0.479,0.847,0.88,0.383,0.976,0.0921,0.355,0.767,0.661;0.00464;aaaaaaa;
0.903,0.746,0.0207,0.302,0.0643,0.179,0.598,0.381,0.214;0.481;aaaaaaaaaa;
0.839,0.587,0.938,0.282,0.0138,0.114,0.428,0.761,0.137;0.917;aa;
0.396,0.593,0.69,0.609,0.27,0.304,0.578,0.912,0.327;0.779;a;
0.371,0.0768,0.351,0.191,0.587,0.715,0.169,0.914,0.635;0.354;aaaaaaa;
0.479,0.847,0.88,0.383,0.976,0.0921,0.355,0.767,0.661;0.00464;aaa;
0.903,0.746,0.0207,0.302,0.0643,0.179,0.598,0.381,0.214;0.481;aaaaaa;
0.839,0.587,0.938,0.282,0.0138,0.114,0.428,0.761,0.137;0.917;aaaaa;
0.396,0.593,0.69,0.609,0.27,0.304,0.578,0.912,0.327;0.779;aaa;
0.371,0.0768,0.351,0.191,0.587,0.715,0.169,0.914,0.635;0.354;a;
0.479,0.847,0.88,0.383,0.976,0.0921,0.355,0.767,0.661;0.00464;aaaaaaaaa;
0.903,0.746,0.0207,0.302,0.0643,0.179,0.598,0.381,0.214;0.481;aaa;
