0	0
1	1
2	2
3	3
4	4,20
5	5,44,46
6	6,10,12,27,28
7	7,23
8	8,13,41,42
9	8,9
10	2,10
11	6,11,14
12	12
13	13
14	14,18
15	15
16	16
17	17
18	18
19	19
20	20
21	21,45
22	22
23	23
24	24
25	25,34,36
26	26
27	27
28	28
29	29
30	6,30
31	31
32	32
33	3,33
34	22,30,34
35	17,35,44
36	36
37	37
38	38
39	39
40	40
41	41,46
42	42
43	21,43
44	44
45	45
46	46
47	47
48	48
49	49
50	22
51	29,35
52	5
53	2,21
54	0
55	11
56	12
57	5
58	9
59	6
60	3
61	2
62	13
63	5
64	46
65	20
66	0
67	8
68	2,9
69	30
70	14
71	12
72	3
73	27
74	11
75	12
76	6
77	24
78	0
79	5
80	6
81	14
82	11
83	4,32
84	28
85	14
86	2
87	6
88	11
89	0,3
90	44
91	25
92	32
93	4
94	22,40
95	0
96	17
97	0
98	11
99	25
100	10
101	7
102	26
103	14
104	4,17
105	0
106	40
107	12
108	3
109	9
110	5
111	9
112	4
113	5
114	26
115	3
116	0
117	3
118	34
119	9
120	24
121	37
122	3
123	2,7
124	11
125	6
126	5
127	20
128	26
129	19,34
130	15
131	2
132	4
133	40
134	19
135	6
136	7
137	11
138	10
139	7,28
140	9
141	39
142	26
143	15,30
144	7
145	22
146	11
147	13
148	6
149	7
150	2
151	17
152	6
153	3
154	13
155	7
156	27
157	9
158	5
159	5
160	20
161	36
162	45
163	16
164	5
165	23
166	2,33
167	42
168	14
169	1
170	22
171	5,48
172	1
173	9
174	6
175	16,22
176	5
177	6
178	1
179	8,9
180	0
181	11
182	13
183	3
184	0
185	10
186	1,3
187	10
188	4
189	12
190	13
191	7
192	48
193	10
194	13
195	4
196	18
197	4
198	4
199	1
200	3
201	27
202	0,18
203	9
204	5
205	1
206	44
207	0
208	18
209	1
210	22
211	14
212	6
213	28,48
214	15
215	17
216	13
217	4
218	2
219	7
220	44
221	14
222	3
223	0
224	10,23
225	16
226	29
227	28
228	21
229	3
230	10
231	15
232	18
233	18
234	8
235	21
236	9
237	15
238	4
239	2
240	31
241	13
242	22
243	8
244	20
245	7
246	2
247	11,15
248	13
249	31
250	24
251	28
252	4
253	22
254	2
255	21
256	28
257	4
258	2
259	5
260	23
261	5
262	10
263	15
264	3
265	23
266	12,39,41
267	18
268	8
269	9
270	3
271	17,21
272	10
273	32
274	8
275	9
276	3
277	6
278	10
279	25
280	0
281	12
282	2
283	16,24
284	2,37
285	2
286	0
287	8
288	1
289	3
290	17
291	32
292	20
293	3
294	29
295	11
296	41
297	1,4
298	23
299	3
300	8
301	39,42
302	29,40
303	2
304	23
305	3
306	1
307	26
308	37
309	39
310	31
311	0
312	9
313	14
314	24
315	12
316	13,19
317	3
318	9
319	3
320	11
321	5
322	6
323	1
324	8
325	42
326	20
327	6
328	9
329	6
330	10
331	39
332	2
333	35
334	4
335	14
336	0
337	2,21
338	5
339	15
340	9
341	2
342	8
343	8
344	20
345	20
346	7
347	3
348	2
349	31
350	0
351	9
352	20,38
353	0
354	2
355	8
356	5,49
357	3
358	7
359	14
360	10
361	7
362	18
363	17,35
364	35
365	13
366	17
367	23
368	10
369	4
370	7
371	12
372	7
373	2
374	11,21
375	15
376	14
377	1
378	6
379	26
380	34,42
381	3
382	1
383	17
384	7
385	5
386	10
387	10
388	3
389	14
390	13
391	5
392	10
393	10
394	40
395	20
396	20
397	5
398	5
399	0
400	21
401	19
402	28
403	17
404	11
405	0
406	1
407	10
408	23
409	15
410	17
411	29
412	13
413	21
414	31
415	9
416	25
417	4
418	2
419	3
420	8
421	14
422	8
423	10
424	4,32
425	4
426	0
427	20
428	5
429	33
430	36
431	17
432	31
433	18
434	17
435	4
436	12
437	12
438	4
439	12
440	10,13
441	6
442	27
443	38
444	20
445	1
446	19
447	16
448	19
449	2,27
450	12
451	16
452	3
453	5
454	2
455	16
456	21
457	9
458	7
459	25
460	4
461	1
462	12
463	12
464	49
465	27
466	2
467	0
468	7
469	3
470	2
471	19
472	30
473	13
474	3
475	11
476	0
477	15,44
478	3
479	11
480	6
481	16
482	23
483	2,28
484	16
485	25
486	12
487	27
488	20
489	3
490	14
491	10
492	18
493	8
494	8
495	9
496	5
497	6
498	3
499	39
500	13
501	42
502	1
503	4
504	6
505	8,38
506	16
507	21
508	15
509	12
510	5
511	32
512	13
513	20
514	25
515	28
516	13
517	4
518	14
519	16,33
520	22
521	9
522	12
523	15,23
524	0
525	1
526	5
527	5
528	12
529	21
530	12
531	1
532	6
533	30
534	4
535	13
536	0
537	17
538	2
539	7
540	6
541	9
542	34
543	22,29
544	31,46
545	6
546	4
547	9
548	2
549	1
550	11,42
551	6
552	2
553	21
554	29
555	0
556	5
557	12
558	7
559	5
560	22
561	13
562	7
563	4
564	6,48
565	11
566	8
567	1
568	16
569	12
570	0
571	41
572	7
573	9
574	2
575	28
576	1
577	4
578	11
579	1
580	9
581	14
582	42
583	3
584	5
585	9
586	7
587	41
588	5
589	17
590	14
591	3
592	11
593	2
594	3
595	12
596	45
597	0
598	8
599	13
600	11
601	19
602	6
603	19
604	3
605	3
606	4
607	16
608	20
609	8
610	13
611	8
612	22
613	8
614	48
615	3
616	2
617	3
618	2
619	7
620	1
621	8
622	7
623	4
624	12
625	4,41
626	4
627	36
628	0
629	27
630	1
631	9
632	49
633	21
634	5
635	17,23
636	0
637	5,10
638	8
639	4
640	0
641	8
642	14
643	15
644	5
645	10
646	12
647	7
648	5
649	0
650	6
651	2
652	0
653	3
654	4
655	28
656	2
657	11
658	4
659	8
660	12
661	7
662	20
663	12
664	30
665	10
666	19
667	21
668	13
669	4
670	9
671	10
672	25,37
673	14
674	23
675	40
676	6
677	2
678	1
679	12
680	10
681	13
682	1
683	1
684	17,18
685	1
686	13
687	15
688	7
689	0
690	3
691	30
692	4
693	5
694	2
695	15,35
696	7
697	7
698	15
699	40
700	0
701	0
702	0
703	6
704	6
705	9
706	3
707	6
708	4
709	14,43
710	6
711	21
712	1
713	26
714	24
715	1
716	8
717	0
718	10
719	23
720	0
721	3
722	26
723	0
724	41
725	12
726	8
727	30
728	1
729	13
730	6
731	0
732	2
733	10
734	22
735	1
736	33
737	29
738	26,31,37
739	15
740	2
741	3
742	3
743	9
744	11
745	29
746	15
747	21
748	5
749	27
750	22
751	9
752	16
753	6
754	45
755	11
756	20
757	8
758	41
759	2
760	3
761	23
762	22
763	4
764	37
765	0
766	2
767	4
768	15
769	36
770	4
771	16
772	10
773	45
774	1
775	1
776	2
777	1
778	6
779	34
780	11
781	10
782	4
783	22
784	5,37
785	19
786	23
787	9
788	8,10
789	10
790	7
791	10
792	8
793	21,27
794	9
795	21
796	40
797	13
798	14
799	21
800	1
801	4
802	32
803	16
804	9
805	4
806	10
807	0
808	24
809	39
810	7
811	45
812	3
813	22
814	39
815	11
816	9
817	5
818	21
819	26
820	22
821	15
822	12
823	0
824	39
825	33
826	9
827	11
828	29
829	30
830	4
831	44
832	16
833	3
834	29
835	19
836	12
837	25
838	10
839	10,17
840	40
841	43
842	12
843	12
844	18
845	24
846	16
847	10
848	6
849	1
850	8
851	17
852	12
853	28
854	21
855	24
856	7
857	13
858	10
859	27
860	11
861	0
862	0
863	1
864	2
865	11
866	6
867	7
868	18
869	3
870	7
871	49
872	7
873	4
874	2
875	5
876	15
877	0
878	2
879	6
880	4
881	1
882	21
883	3
884	24
885	3
886	17,25
887	19
888	26
889	10
890	36
891	46
892	14
893	1
894	4
895	9
896	23
897	7
898	13
899	12
900	15
901	2
902	11
903	10
904	19
905	17
906	17
907	15
908	2
909	0
910	10
911	6
912	3
913	0
914	7
915	8
916	36,37,39
917	19
918	8
919	1,2,7,38
920	12
921	15,18
922	11
923	3
924	20
925	8
926	2
927	11
928	14
929	49
930	14
931	36
932	20,41
933	9
934	4
935	4
936	3
937	24
938	7
939	2
940	4
941	25
942	9
943	11
944	1
945	0
946	28
947	13
948	4
949	2
950	17
951	6
952	18
953	33
954	43
955	3
956	3
957	5
958	19
959	13
960	0
961	7
962	33
963	1
964	9
965	2
966	20
967	4
968	3
969	0
970	12
971	7
972	13,43
973	17
974	21
975	13
976	21,40
977	0
978	47
979	7
980	19
981	5
982	24
983	17
984	0
985	6
986	7
987	9,24
988	10
989	1
990	9
991	21
992	23,42
993	9
994	11
995	27
996	33
997	13
998	5
999	18,34
1000	0
1001	0
1002	0
1003	0
1004	0
1005	2
1006	2
1007	2
1008	2
1009	2
1010	6
1011	6
1012	6
1013	6
1014	6
1015	14
1016	14
1017	14
1018	14
1019	14
1020	30
1021	30
1022	30
1023	30
1024	30
1025	49
1026	49
1027	49
1028	49
1029	49
1030	48
1031	48
1032	48
1033	48
1034	48
1035	47
1036	47
1037	47
1038	47
1039	47
1040	46
1041	46
1042	46
1043	46
1044	46
1045	45
1046	45
1047	45
1048	45
1049	45
1050	44
1051	44
1052	44
1053	44
1054	44
1055	43
1056	43
1057	43
1058	43
1059	43
1060	42
1061	42
1062	42
1063	42
1064	42
1065	41
1066	41
1067	41
1068	41
1069	41
1070	40
1071	40
1072	40
1073	40
1074	40
1075	39
1076	39
1077	39
1078	39
1079	39
1080	38
1081	38
1082	38
1083	38
1084	38
1085	37
1086	37
1087	37
1088	37
1089	37
1090	36
1091	36
1092	36
1093	36
1094	36
1095	35
1096	35
1097	35
1098	35
1099	35
1100	34
1101	34
1102	34
1103	34
1104	34
1105	33
1106	33
1107	33
1108	33
1109	33
1110	32
1111	32
1112	32
1113	32
1114	32
1115	29
1116	29
1117	29
1118	29
1119	29
1120	31
1121	31
1122	31
1123	31
1124	31
