0	0
1	1
2	2,23
3	3,41
4	1,4,46,49
5	5,28,39
6	6
7	7
8	8
9	9,43
10	10,30
11	11
12	12
13	7,13,33
14	14
15	11,15
16	16
17	17
18	18
19	19
20	20
21	12,21,43
22	22
23	23
24	24
25	25
26	26
27	24,27
28	28
29	29
30	30,37
31	31
32	32
33	33
34	34
35	35
36	31,36
37	37
38	38
39	39
40	40
41	41
42	42
43	1,43
44	44
45	45
46	46
47	47
48	48
49	20,49
50	9
51	23
52	9
53	7,19
54	17
55	5
56	23
57	6
58	11
59	38
60	25
61	3,49
62	3,37
63	2
64	14,29,46
65	6
66	26,44
67	1
68	10
69	7
70	20
71	15,32
72	18,41
73	10,21
74	5
75	1
76	12
77	21,44
78	4
79	15
80	3
81	12
82	9
83	4
84	5
85	12
86	12
87	11
88	14
89	20
90	6
91	11
92	4
93	14,44
94	5
95	3
96	31
97	11
98	13,28
99	7
100	13
101	37
102	22
103	2
104	48
105	10,15,25,48
106	7
107	14
108	0
109	14
110	6,15,44
111	4
112	11
113	15
114	5,8
115	0
116	14
117	1
118	4,17
119	8
120	0
121	9
122	15
123	1
124	21
125	8
126	3
127	21,37
128	14
129	34
130	2
131	0
132	20,22,47
133	5
134	15,36
135	23
136	27
137	0
138	4
139	4
140	12
141	3
142	17
143	44
144	4
145	2
146	4
147	2
148	7
149	17
150	2
151	11
152	1
153	12
154	7
155	13
156	3
157	10
158	16,18
159	8
160	5
161	38
162	31,45
163	1
164	8
165	11
166	35
167	1
168	25
169	9
170	0
171	8
172	3
173	7
174	2
175	3,31
176	29
177	3
178	3
179	7
180	4
181	30
182	14
183	5
184	22
185	9
186	3
187	10,35
188	7,49
189	1
190	2
191	0
192	1
193	31
194	32
195	9
196	32
197	11
198	2
199	11
200	1
201	5
202	6
203	22
204	13
205	4,48
206	25
207	7
208	12
209	6
210	31
211	6,9
212	3
213	6
214	44
215	1
216	6
217	0
218	6
219	7
220	16,41
221	20
222	31
223	34
224	4
225	5
226	4,29,44
227	9
228	2
229	6
230	8
231	29
232	0
233	1,18
234	14
235	9
236	8
237	17
238	14
239	2
240	44
241	2
242	5
243	1
244	9
245	18
246	0
247	29
248	1,14
249	3
250	15
251	18
252	8
253	3
254	10
255	13
256	0
257	10
258	17
259	1
260	25
261	3
262	20
263	22
264	6
265	4
266	17
267	5
268	12
269	6
270	16
271	20
272	0
273	4
274	7
275	7
276	11
277	6
278	10
279	1
280	3
281	20
282	2
283	12
284	9
285	1
286	7
287	3
288	4
289	2
290	8
291	5
292	11
293	12
294	3
295	36
296	0
297	23
298	6
299	21,45
300	8
301	22
302	30
303	29
304	2
305	1
306	7
307	7
308	19,33
309	8
310	2
311	13
312	0
313	10
314	2
315	7
316	10
317	45
318	1
319	7
320	8
321	31
322	6
323	1
324	6
325	26
326	1
327	6
328	4,5
329	2
330	4
331	3
332	2
333	23
334	20
335	0
336	25
337	39
338	7
339	4
340	0
341	22
342	1
343	20
344	12
345	46
346	29
347	4
348	4
349	26
350	12
351	0
352	0
353	4
354	1
355	44
356	2
357	6
358	13,17
359	17
360	7
361	7
362	28
363	8,15
364	14
365	2
366	13
367	2
368	3
369	3
370	13,46
371	39
372	0
373	33
374	11
375	12
376	20
377	46
378	9
379	47
380	4
381	23
382	13
383	9
384	20
385	0
386	13
387	12
388	35
389	4
390	5
391	9
392	12
393	1
394	2
395	12
396	16
397	14
398	20
399	19
400	2
401	11
402	4
403	5
404	18
405	8
406	12
407	5
408	2
409	0
410	0
411	6,44
412	37
413	6
414	23
415	7
416	28,38
417	5
418	7
419	3
420	19
421	0
422	8
423	13
424	7
425	12
426	4
427	17
428	5
429	15
430	2
431	28
432	11
433	11
434	8
435	15
436	5
437	22
438	3
439	21
440	23
441	1,13
442	7
443	7
444	13
445	7
446	10
447	22
448	1
449	14
450	10
451	6,20
452	26
453	1
454	6
455	14
456	27
457	17
458	8
459	3
460	7
461	9
462	17
463	12
464	0
465	0
466	11
467	16
468	5
469	12
470	6,17
471	32
472	19
473	7,26
474	16
475	7
476	12,36
477	23
478	3
479	1
480	2
481	17
482	12
483	14
484	9
485	36,37
486	7
487	1
488	1
489	41
490	2
491	2
492	2
493	2
494	2
495	6
496	7
497	17
498	14
499	31
500	9
501	2
502	36
503	11
504	3
505	7
506	36
507	29
508	7
509	14
510	16
511	11
512	0
513	40
514	11
515	9,20,27,43
516	1
517	2
518	18,38
519	3
520	6
521	4
522	2
523	2
524	14
525	8
526	7
527	32
528	1
529	7
530	18
531	13
532	12
533	16
534	23
535	0
536	26
537	7
538	2
539	3
540	17
541	18
542	3
543	0
544	4,18
545	2
546	2
547	3
548	0
549	9
550	20
551	1
552	6
553	2
554	20
555	5
556	1
557	22,41
558	7
559	8
560	17
561	8
562	12
563	5
564	42
565	2
566	27
567	1
568	0
569	2
570	16
571	3
572	4
573	1
574	21
575	27
576	5
577	13
578	9
579	46
580	18
581	5
582	4
583	19
584	21,39
585	39
586	8
587	15
588	16
589	8
590	3
591	18
592	39
593	25
594	8
595	12
596	21
597	31
598	26
599	6
600	14
601	21
602	7
603	41
604	2
605	13
606	15
607	21
608	27
609	1
610	2
611	7
612	5
613	8
614	4
615	9
616	11
617	2
618	2
619	0
620	14
621	10
622	24,33
623	29
624	15
625	7
626	7
627	18
628	3
629	10
630	30
631	8
632	0
633	1
634	22
635	6
636	9
637	2
638	3
639	22
640	10
641	4
642	3
643	19
644	8
645	42
646	10
647	0
648	1
649	3
650	1
651	0
652	2
653	24
654	3
655	23
656	34
657	13
658	3
659	14
660	27
661	8
662	23
663	9
664	14
665	18
666	7
667	31
668	3
669	9
670	1
671	25
672	7
673	15
674	0
675	1
676	0
677	3
678	7
679	20
680	0,28
681	32
682	3
683	28
684	10
685	1
686	8
687	5
688	6
689	24
690	1
691	9
692	24,26
693	27
694	30
695	2
696	3
697	3
698	21
699	2
700	19
701	4
702	7
703	6
704	6
705	27
706	11
707	2
708	33
709	3
710	3
711	3
712	10
713	13
714	5
715	23
716	48
717	2
718	0
719	17
720	12
721	9
722	5
723	8
724	9
725	5
726	4
727	5
728	24
729	27
730	2
731	2
732	1
733	10
734	24
735	6
736	1
737	20
738	5
739	2
740	15
741	15
742	4
743	1
744	19
745	12
746	18
747	7
748	16
749	23
750	1
751	0
752	7
753	0
754	4
755	4
756	3
757	1
758	7
759	1
760	4
761	32
762	33
763	25
764	9
765	38
766	10
767	6
768	2
769	4
770	6
771	26
772	16
773	18,49
774	36
775	7
776	21
777	8
778	17
779	14
780	9
781	0
782	49
783	0
784	26
785	9
786	15
787	2
788	12
789	8
790	6
791	6
792	16
793	15
794	11
795	0
796	12
797	3,47
798	1
799	13
800	13,38
801	5
802	26
803	11,18,29,45
804	5
805	5
806	3
807	35
808	15
809	16
810	6
811	3
812	9
813	4
814	0
815	26
816	11
817	0
818	35
819	22
820	2
821	25
822	3
823	2
824	4
825	5
826	1
827	19,31
828	20
829	4
830	19
831	37
832	12
833	23
834	12
835	10
836	0
837	2
838	24
839	2,42
840	2
841	29,31,34,35
842	24
843	15
844	1
845	18
846	4
847	3
848	4
849	11
850	6
851	12
852	1
853	7
854	8
855	18
856	4
857	7
858	2
859	10
860	40
861	15
862	11
863	1
864	37
865	13
866	7
867	9
868	18
869	31,42,46
870	0
871	20
872	5
873	0
874	48
875	13
876	8
877	27
878	8
879	3
880	3
881	9
882	3
883	23
884	5
885	6
886	9
887	23
888	4
889	23
890	9
891	18
892	6
893	2
894	15
895	5
896	0
897	9
898	28
899	17
900	21
901	2
902	16
903	31
904	1
905	6
906	11
907	0
908	5
909	9
910	32
911	15
912	14
913	16
914	19
915	9
916	29
917	14
918	1
919	13
920	14
921	14
922	27,47
923	22
924	2
925	5
926	22
927	12
928	9
929	5
930	47
931	12,30
932	25,28
933	2
934	28
935	17
936	1
937	21
938	5
939	6
940	37
941	11
942	19,40
943	8
944	25
945	3
946	11
947	14
948	20
949	4
950	3
951	37
952	2
953	3
954	5
955	1
956	3
957	0
958	10
959	13,26
960	7
961	15
962	7
963	22
964	14,33
965	15
966	0
967	17
968	18
969	0
970	1
971	39
972	5,36
973	12
974	20
975	3
976	21
977	12
978	2
979	3
980	14
981	3
982	48
983	1
984	15
985	18
986	25
987	1
988	1
989	7
990	1
991	17
992	10
993	9
994	9
995	6,24,32
996	48
997	8
998	4
999	5
1000	0
1001	0
1002	0
1003	0
1004	0
1005	2
1006	2
1007	2
1008	2
1009	2
1010	6
1011	6
1012	6
1013	6
1014	6
1015	14
1016	14
1017	14
1018	14
1019	14
1020	30
1021	30
1022	30
1023	30
1024	30
1025	49
1026	49
1027	49
1028	49
1029	49
1030	48
1031	48
1032	48
1033	48
1034	48
1035	47
1036	47
1037	47
1038	47
1039	47
1040	46
1041	46
1042	46
1043	46
1044	46
1045	45
1046	45
1047	45
1048	45
1049	45
1050	44
1051	44
1052	44
1053	44
1054	44
1055	43
1056	43
1057	43
1058	43
1059	43
1060	42
1061	42
1062	42
1063	42
1064	42
1065	41
1066	41
1067	41
1068	41
1069	41
1070	40
1071	40
1072	40
1073	40
1074	40
1075	39
1076	39
1077	39
1078	39
1079	39
1080	38
1081	38
1082	38
1083	38
1084	38
1085	37
1086	37
1087	37
1088	37
1089	37
1090	36
1091	36
1092	36
1093	36
1094	36
1095	35
1096	35
1097	35
1098	35
1099	35
1100	34
1101	34
1102	34
1103	34
1104	34
1105	33
1106	33
1107	33
1108	33
1109	33
1110	32
1111	32
1112	32
1113	32
1114	32
1115	29
1116	29
1117	29
1118	29
1119	29
1120	31
1121	31
1122	31
1123	31
1124	31
