0	0
1	1
2	2,7
3	3
4	1,4
5	5
6	6
7	7
8	8
9	9
10	0
11	3
12	5
13	1
14	0
15	8
16	0,4
17	2
18	7
19	4
20	2,3
21	4
22	0,4
23	1,4
24	2
25	3
26	3,6,9
27	0,5
28	3,8
29	1,2
30	5,8
31	0,1
32	0
33	0
34	0
35	0,6
36	5
37	2,4,9
38	0
39	0
40	2
41	2
42	1
43	1
44	0,9
45	5
46	0,7
47	3
48	1,2
49	0,2,4
50	2,3,7
51	0,8
52	0,2,3
53	1
54	4
55	0
56	1
57	1
58	4,5
59	3,4,5,8
60	0
61	1,2
62	1
63	0
64	0
65	4
66	1
67	2
68	5
69	0
70	3
71	1
72	0,7
73	1
74	0
75	2
76	3,6
77	1,6,7,8
78	0
79	0,1
80	6
81	2
82	1
83	2
84	0,1
85	0,4
86	0
87	1
88	0
89	1
90	1
91	1,3
92	5
93	2
94	0
95	2,8
96	0
97	0
98	9
99	9
100	3
101	3,6
102	4
103	8
104	6
105	3
106	2
107	1,6
108	4
109	3
110	0
111	0,2
112	1
113	4
114	1
115	0
116	2
117	2
118	0
119	0
120	0
121	6
122	2
123	3,6
124	1,2
125	0
126	0
127	3
128	0
129	5,7,9
130	0
131	2
132	3
133	1
134	2
135	7
136	0
137	2
138	5
139	8
140	1
141	1
142	0,1
143	1
144	2
145	8
146	2
147	0
148	0
149	6
150	4
151	1
152	0
153	0
154	4
155	4
156	3,7
157	3,7
158	0
159	1
160	3
161	0
162	0
163	2
164	1
165	3
166	7
167	0
168	1
169	3
170	0
171	5
172	0
173	3
174	1
175	5,6
176	4
177	4
178	3
179	2
180	2
181	6,9
182	1,7
183	0
184	8
185	1
186	4
187	2
188	1
189	2,9
190	2
191	3
192	2
193	0
194	1
195	0
196	4
197	1
198	9
199	1
200	0
201	3,4
202	6
203	0
204	0
205	3
206	2
207	2,3
208	5,7
209	0
210	3
211	0
212	1
213	1
214	2
215	0
216	0
217	2
218	6
219	6
220	2
221	1
222	4
223	4
224	2,6
225	4
226	1
227	2
228	2
229	2
230	1
231	1,6
232	6
233	3
234	0
235	2,5
236	1,5
237	1,3
238	2
239	0
240	2
241	0
242	2
243	1
244	1
245	2
246	1
247	1
248	3
249	8
250	2
251	3,4
252	2
253	4
254	5
255	0
256	1
257	1
258	3
259	1
260	2
261	1
262	0
263	0
264	3
265	0
266	6
267	5
268	2
269	0
270	4
271	0
272	3,8
273	2
274	1
275	6
276	1
277	0
278	0
279	5
280	4
281	0
282	0
283	4
284	2
285	1
286	5
287	5
288	5
289	2
290	0
291	2
292	4
293	5
294	5
295	3,7
296	1
297	1
298	0
299	7
300	0
301	2
302	3
303	1
304	0
305	1
306	2,6
307	1
308	9
309	3
310	6
311	0
312	4
313	4
314	1
315	4
316	3
317	7
318	1
319	2
320	3
321	4
322	4
323	9
324	2
325	0
326	0,3
327	4
328	0
329	1
330	5
331	3
332	2
333	2
334	0
335	4
336	5
337	1
338	2
339	1
340	2
341	3
342	4
343	5,6
344	2
345	7
346	1
347	6
348	1
349	0
350	1
351	2
352	0
353	0
354	4
355	2
356	0
357	5
358	0,7
359	0
360	2
361	4
362	0
363	1
364	3
365	4
366	1
367	1
368	9
369	9
370	5
371	4
372	2
373	0
374	3
375	0
376	1
377	1
378	8
379	5
380	2
381	1
382	2
383	1
384	3
385	2
386	4
387	0
388	2
389	0
390	6
391	9
392	6
393	2
394	3
395	2
396	1
397	0
398	1
399	0
400	1
401	1
402	1
403	3
404	5
405	4
406	1
407	4
408	2
409	2,8
410	7
411	1
412	2
413	0
414	1
415	5
416	0
417	1
418	1
419	5
420	1
421	0
422	0
423	0
424	0
425	4
426	2
427	0
428	4
429	4
430	6
431	3
432	5
433	5
434	6
435	0
436	0
437	2,4
438	2
439	1
440	4
441	0
442	0
443	0
444	2
445	1
446	0
447	1
448	5
449	3
450	6
451	1
452	6
453	5
454	2
455	0
456	6
457	0
458	1
459	5
460	1
461	0
462	0
463	4
464	0
465	8
466	8
467	1
468	0
469	0
470	0
471	5
472	0
473	5
474	1
475	1
476	0
477	1
478	1
479	2
480	3
481	0
482	0
483	0
484	9
485	1,2
486	0
487	4
488	3
489	3
490	1
491	7
492	0
493	0
494	1
495	1
496	3
497	5
498	4
499	2
500	4
501	9
502	1
503	5
504	1
505	6
506	5
507	0
508	0
509	4
510	1
511	2
512	6
513	4,9
514	0
515	6
516	1
517	5
518	6,7
519	6
520	5
521	1
522	1
523	0
524	4
525	0
526	0
527	3
528	1
529	4
530	1,3
531	0
532	1
533	0
534	1
535	2
536	0
537	2
538	0
539	0
540	3
541	0
542	0
543	1
544	0
545	0
546	1
547	2
548	0
549	2
550	2
551	7
552	3
553	0
554	3
555	4
556	0
557	4
558	0
559	1
560	0
561	2
562	0
563	1
564	3
565	2
566	6
567	9
568	0
569	1
570	2
571	0
572	3
573	0
574	0
575	3,4
576	1
577	1
578	6
579	5
580	1
581	7
582	1
583	5
584	0
585	3
586	0
587	0
588	0
589	1
590	0
591	2
592	3
593	4
594	2
595	7
596	3
597	2
598	6
599	2
600	1
601	0
602	0,3
603	8
604	9
605	2
606	0
607	0
608	5
609	0
610	0
611	7
612	5
613	0
614	1
615	0
616	0
617	1
618	0
619	0
620	1
621	0
622	0
623	2
624	0
625	2
626	2
627	1
628	2
629	1
630	0
631	2
632	2
633	0,1
634	0
635	4
636	2
637	0
638	1
639	0
640	3
641	0
642	1
643	3
644	1
645	2
646	2
647	0
648	8
649	0
650	0
651	1
652	2
653	0
654	3
655	0
656	0
657	4
658	0
659	0
660	0
661	6
662	5
663	4
664	6
665	1
666	1
667	1
668	3
669	0
670	1
671	1
672	6
673	2
674	9
675	0
676	0
677	0
678	2
679	7
680	1
681	1
682	0
683	0
684	0,4
685	1
686	7
687	0
688	3
689	2
690	0
691	1
692	2
693	0
694	1
695	2
696	2,6
697	7
698	0
699	2
700	2,4
701	7
702	2
703	0
704	4
705	2
706	0
707	4
708	3
709	3
710	4
711	4
712	1
713	6
714	1
715	1
716	1
717	3
718	5
719	4
720	1
721	2
722	0
723	3
724	0
725	1
726	0
727	6
728	0
729	3
730	3
731	1
732	2
733	1
734	3
735	0
736	5
737	0
738	2
739	0
740	4
741	2
742	0
743	0
744	0
745	2
746	1
747	0
748	4
749	0
750	0
751	0
752	2
753	0
754	3
755	3
756	0
757	1
758	2
759	2
760	2
761	0
762	3
763	2
764	3
765	3
766	0
767	1
768	3
769	0
770	0
771	2
772	0
773	2
774	1
775	1
776	0
777	0
778	3
779	1
780	1
781	6
782	1
783	4
784	3
785	6
786	0
787	0
788	5,7
789	2
790	4
791	2
792	1
793	0
794	0
795	2
796	1
797	0
798	4
799	0
800	2
801	6
802	1
803	0
804	3
805	4
806	9
807	1
808	0
809	5
810	0
811	3,7
812	3
813	0
814	2
815	5
816	1
817	1
818	2
819	3
820	0
821	1
822	3
823	1
824	0,5
825	2
826	0
827	2
828	3
829	2
830	4
831	3
832	7
833	8
834	3
835	2
836	0
837	4
838	0
839	0
840	2,5
841	3
842	0
843	0
844	6
845	2
846	4
847	9
848	5
849	2
850	2
851	0
852	4
853	1
854	4
855	0
856	1
857	2
858	5
859	0
860	2
861	2
862	5
863	0
864	2
865	2
866	0
867	1
868	6
869	1
870	1,3
871	1
872	1
873	0
874	0
875	0
876	9
877	6
878	2
879	2
880	2
881	2
882	6
883	3
884	7
885	1
886	4
887	0
888	2
889	2
890	3
891	1
892	1
893	2
894	2
895	2
896	1
897	1
898	0
899	1
900	0
901	4
902	1
903	2
904	0
905	1
906	3
907	0
908	3
909	2
910	0
911	3
912	6
913	6
914	1
915	0
916	2
917	8
918	4
919	0
920	0
921	1
922	1
923	7
924	2
925	1
926	1
927	1
928	2
929	0
930	4
931	0
932	4
933	0
934	4
935	0
936	2
937	4
938	0
939	9
940	1
941	0
942	1
943	0
944	2
945	1
946	4
947	2
948	5
949	1
950	0
951	9
952	2,5,7
953	4
954	9
955	2
956	3
957	0
958	3
959	1
960	0
961	1
962	1
963	1
964	3
965	6
966	1
967	0
968	1
969	8
970	0
971	3
972	1
973	1
974	3
975	5,6
976	4
977	0
978	8
979	1
980	3
981	8
982	2
983	4
984	4
985	3,5
986	0
987	2
988	0
989	1
990	1
991	1
992	0
993	6
994	1
995	4
996	6
997	0
998	1,4,6,7,8,9
999	0,2,4,5,8
1000	0
1001	0
1002	0
1003	0
1004	0
1005	0
1006	0
1007	0
1008	0
1009	0
1010	0
1011	0
1012	0
1013	0
1014	0
1015	0
1016	0
1017	0
1018	2
1019	2
1020	2
1021	2
1022	2
1023	2
1024	2
1025	2
1026	2
1027	2
1028	2
1029	2
1030	2
1031	2
1032	2
1033	2
1034	2
1035	2
1036	6
1037	6
1038	6
1039	6
1040	6
1041	6
1042	6
1043	6
1044	6
1045	6
1046	6
1047	6
1048	6
1049	6
1050	6
1051	6
1052	6
1053	6
1054	9
1055	9
1056	9
1057	9
1058	9
1059	9
1060	9
1061	9
1062	9
1063	9
1064	9
1065	9
1066	9
1067	9
1068	9
1069	9
1070	9
1071	9
1072	8
1073	8
1074	8
1075	8
1076	8
1077	8
1078	8
1079	8
1080	8
1081	8
1082	8
1083	8
1084	8
1085	8
1086	8
1087	8
1088	8
1089	8
