ATT0(float,1);ATT1(float,10);ATT2(string,10);
0.122;0.604,0.743,0.249,0.0281,0.229,0.0745,0.819,0.391,0.923,0.703;aa;
0.424;0.846,0.883,0.187,0.081,0.583,0.129,0.768,0.414,0.367,0.822;aaaaaaaaa;
0.379;0.796,0.357,0.483,0.154,0.752,0.0878,0.968,0.294,0.909,0.859;aaaaaaaaa;
0.25;0.411,0.255,0.466,0.754,0.405,0.936,0.936,0.585,0.856,0.338;aaaaaa;
0.153;0.916,0.38,0.885,0.661,0.102,0.325,0.0612,0.274,0.0419,0.328;aa;
0.176;0.237,0.329,0.414,0.045,0.903,0.49,0.534,0.887,0.472,0.64;aaaaaaaa;
0.72;0.912,0.194,0.148,0.331,0.846,0.695,0.052,0.246,0.0354,0.769;aa;
0.246;0.318,0.441,0.729,0.19,0.476,0.842,0.876,0.754,0.684,0.468;aaaaaaaaaa;
0.707;0.32,0.114,0.98,0.152,0.318,0.496,0.246,0.927,0.159,0.541;aaaaaaa;
0.369;0.59,0.504,0.836,0.776,0.601,0.438,0.867,0.378,0.294,0.0988;aaaaa;
0.216;0.267,0.752,0.895,0.956,0.326,0.167,0.71,0.218,0.215,0.905;aaa;
0.791;0.1,0.151,0.0785,0.594,0.933,0.798,0.956,0.269,0.902,0.156;aa;
0.165;0.558,0.797,0.53,0.643,0.493,0.866,0.493,0.043,0.195,0.918;aaa;
0.747;0.709,0.325,0.281,0.121,0.94,0.028,0.605,0.272,0.122,0.715;aaaaa;
0.426;0.174,0.114,0.994,0.0474,0.341,0.633,0.155,0.941,0.508,0.116;aaaaaaaa;
0.829;0.287,0.162,0.371,0.325,0.917,0.824,0.358,0.103,0.622,0.166;aaaaaaa;
0.313;0.695,0.599,0.578,0.925,0.489,0.931,0.49,0.891,0.412,0.636;aaaaaaaa;
0.825;0.614,0.0501,0.668,0.258,0.727,0.16,0.0526,0.56,0.375,0.71;aaaaaaa;
0.792;0.0522,0.138,0.608,0.146,0.0499,0.159,0.78,0.499,0.799,0.927;aaaaaaaa;
0.953;0.932,0.577,0.0719,0.426,0.462,0.796,0.794,0.258,0.576,0.271;aaaaaaa;
0.75;0.388,0.648,0.092,0.211,0.989,0.721,0.48,0.0354,0.768,0.0421;aaaaaaaaa;
0.238;0.666,0.74,0.499,0.843,0.656,0.323,0.546,0.691,0.279,0.925;aa;
0.761;0.494,0.172,0.881,0.358,0.487,0.705,0.857,0.96,0.813,0.522;aaaaaaaaa;
0.942;0.647,0.101,0.166,0.0862,0.647,0.835,0.145,0.779,0.717,0.781;aaaaaaaaa;
0.746;0.792,0.471,0.969,0.916,0.513,0.802,0.977,0.238,0.385,0.481;aaaaaa;
0.607;0.0103,0.444,0.753,0.894,0.814,0.242,0.0974,0.0672,0.372,0.774;aaaaaaaaa;
0.789;0.241,0.27,0.194,0.194,0.728,0.162,0.357,0.00526,0.793,0.821;aaaaaaaa;
0.312;0.392,0.141,0.42,0.685,0.972,0.403,0.159,0.869,0.375,0.892;aa;
0.482;0.358,0.265,0.981,0.431,0.252,0.464,0.187,0.277,0.386,0.551;aaaaaaaa;
0.447;0.621,0.447,0.0105,0.255,0.803,0.709,0.424,0.228,0.729,0.831;aaa;
0.827;0.0977,0.561,0.768,0.0574,0.182,0.225,0.26,0.554,0.399,0.268;aaaaaa;
0.345;0.271,0.0948,0.224,0.551,0.712,0.904,0.289,0.272,0.173,0.508;aaaa;
0.842;0.933,0.506,0.333,0.828,0.435,0.00674,0.469,0.268,0.195,0.955;aaaaaa;
0.341;0.158,0.231,0.929,0.74,0.0699,0.566,0.255,0.679,0.65,0.695;aaaaaaaaa;
0.958;0.173,0.985,0.672,0.502,0.874,0.96,0.578,0.532,0.32,0.985;aaaa;
0.402;0.721,0.82,0.212,0.0455,0.138,0.855,0.944,0.686,0.258,0.527;aaaaaaaa;
0.333;0.491,0.056,0.574,0.0525,0.399,0.284,0.476,0.128,0.198,0.296;aaaaa;
0.00379;0.396,0.548,0.253,0.0233,0.321,0.616,0.044,0.23,0.48,0.384;aaaaa;
0.874;0.94,0.658,0.67,0.31,0.431,0.231,0.369,0.225,0.292,0.824;aaa;
0.391;0.122,0.6,0.304,0.292,0.565,0.575,0.571,0.371,0.194,0.67;aaa;
0.378;0.366,0.236,0.331,0.428,0.496,0.42,0.499,0.312,0.219,0.716;a;
0.357;0.351,0.399,0.705,0.324,0.595,0.457,0.897,0.581,0.345,0.908;aa;
0.154;0.99,0.479,0.905,0.621,0.537,0.946,0.575,0.203,0.964,0.713;aaaaaaa;
0.306;0.541,0.165,0.647,0.533,0.299,0.138,0.441,0.168,0.936,0.34;a;
0.525;0.51,0.662,0.275,0.208,0.237,0.902,0.0914,0.464,0.843,0.259;a;
0.511;0.965,0.072,0.84,0.724,0.938,0.929,0.888,0.553,0.339,0.687;aaaaaaa;
0.213;0.301,0.339,0.168,0.016,0.961,0.228,0.106,0.246,0.447,0.518;a;
0.289;0.415,0.541,0.665,0.809,0.296,0.411,0.596,0.863,0.964,0.282;aaaaaaa;
0.754;0.258,0.757,0.907,0.832,0.447,0.238,0.856,0.801,0.759,0.651;aaaaaaaaa;
0.371;0.632,0.137,0.942,0.331,0.421,0.0528,0.502,0.863,0.166,0.757;aaaaa;
0.772;0.496,0.751,0.115,0.961,0.189,0.554,0.703,0.142,0.499,0.362;aaaaaaaa;
0.346;0.14,0.957,0.0116,0.268,0.749,0.837,1.96e-05,0.727,0.819,0.0816;aaaaaaaaa;
0.347;0.352,0.322,0.88,0.485,0.551,0.915,0.793,0.655,0.866,0.953;aaaaaaaa;
0.47;0.483,0.102,0.597,0.237,0.484,0.0411,0.327,0.289,0.623,0.856;aaaaaaaaa;
0.81;0.62,0.506,0.301,0.657,0.811,0.713,0.0744,0.947,0.879,0.995;aaaaaaaa;
0.406;0.692,0.628,0.13,0.228,0.589,0.826,0.389,0.655,0.024,0.374;aaaa;
0.555;0.553,0.865,0.487,0.38,0.298,0.305,0.0854,0.633,0.145,0.44;aa;
0.89;0.684,0.0892,0.845,0.297,0.725,0.19,0.958,0.294,0.323,0.264;aaaaaaaa;
0.999;0.051,0.423,0.528,0.0951,0.462,0.287,0.598,0.608,0.968,0.305;aaaaaaaaa;
0.919;0.111,0.0997,0.214,0.995,0.609,0.4,0.802,0.0327,0.897,0.656;aaaaaaaaa;
0.461;0.717,0.74,0.359,0.163,0.554,0.64,0.719,0.891,0.955,0.855;a;
0.563;0.723,0.682,0.805,0.0964,0.522,0.657,0.297,0.906,0.532,0.00264;aaa;
0.0105;0.0835,0.878,0.643,0.26,0.693,0.596,0.0708,0.279,0.27,0.000542;aaaaa;
0.803;0.238,0.277,0.00274,0.283,0.802,0.331,0.153,0.102,0.853,0.878;aaaaaaaaa;
0.0812;0.328,0.643,0.708,0.837,0.0303,0.793,0.21,0.77,0.95,0.336;aaaa;
0.602;0.706,0.522,0.567,0.623,0.682,0.292,0.417,0.0331,0.855,0.809;aaa;
0.641;0.856,0.453,0.0178,0.287,0.255,0.146,0.965,0.383,0.215,0.699;aaa;
0.979;0.381,0.745,0.937,0.361,0.284,0.00216,0.965,0.16,0.766,0.485;aaaaaaaaa;
0.717;0.676,0.788,0.967,0.68,0.125,0.559,0.151,0.702,0.769,0.956;aa;
0.207;0.356,0.219,0.783,0.251,0.945,0.862,0.524,0.871,0.649,0.799;aaaaaaaaaa;
0.8;0.555,0.0203,0.787,0.99,0.107,0.304,0.356,0.945,0.475,0.145;aa;
0.934;0.56,0.424,0.958,0.189,0.661,0.287,0.808,0.74,0.176,0.0704;aaaaaaaa;
0.996;0.457,0.956,0.0445,0.183,0.425,0.547,0.846,0.679,0.486,0.138;a;
0.0868;0.362,0.205,0.929,0.599,0.637,0.608,0.114,0.581,0.118,0.0368;aaaaaaaaaa;
0.216;0.381,0.521,0.556,0.363,0.893,0.517,0.312,0.897,0.21,0.73;aa;
0.518;0.787,0.997,0.0519,0.168,0.0477,0.758,0.0114,0.969,0.643,0.0366;aaa;
0.0278;0.905,0.898,0.802,0.466,0.361,0.328,0.64,0.362,0.588,0.869;aaaaaaaaaa;
0.768;0.438,0.713,0.418,0.58,0.688,0.404,0.659,0.121,0.0907,0.471;aaaaaaa;
0.145;0.386,0.349,0.862,0.76,0.332,0.0504,0.419,0.821,0.395,0.583;aa;
0.563;0.462,0.598,0.753,0.537,0.673,0.86,0.327,0.253,0.678,0.627;aaaa;
0.179;0.524,0.292,0.276,0.674,0.942,0.779,0.627,0.484,0.776,0.319;aaaaa;
0.588;0.704,0.965,0.737,0.132,0.702,0.5,0.0696,0.474,0.589,0.158;aaaaaaaa;
0.182;0.919,0.475,0.0257,0.92,0.0403,0.139,0.129,0.171,0.25,0.66;a;
0.214;0.0276,0.784,0.624,0.58,0.379,0.851,0.648,0.194,0.0809,0.394;aaaaaaaa;
0.16;0.254,0.409,0.256,0.681,0.345,0.514,0.035,0.278,0.256,0.13;a;
0.174;0.0715,0.571,0.783,0.711,0.664,0.0683,0.297,0.657,0.807,0.237;aaaaaaaa;
0.543;0.536,0.126,0.533,0.547,0.142,0.428,0.742,0.69,0.149,0.384;aaaa;
0.0551;0.33,0.54,0.59,0.85,0.134,0.651,0.476,0.571,0.784,0.75;a;
0.57;0.0625,0.477,0.42,0.387,0.664,0.628,0.197,0.702,0.866,0.787;aa;
0.451;0.299,0.995,0.768,0.498,0.853,0.945,0.667,0.897,0.0694,0.79;aaaaa;
0.615;0.924,0.092,0.159,0.672,0.635,0.445,0.612,0.369,0.0959,0.913;aaaaaaaa;
0.688;0.829,0.832,0.653,0.49,0.931,0.201,0.826,0.598,0.524,0.908;aaaaa;
0.0235;0.46,0.968,0.068,0.382,0.96,0.531,0.94,0.285,0.5,0.719;aaaaaaa;
0.661;0.0679,0.178,0.958,0.554,0.725,0.0163,0.341,0.754,0.346,0.776;aaaaaaaa;
0.114;0.252,0.312,0.491,0.257,0.17,0.768,0.521,0.383,0.623,0.836;a;
0.989;0.0302,0.531,0.481,0.402,0.955,0.588,0.656,0.734,0.136,0.731;aaaaa;
0.536;0.638,0.891,0.0868,0.455,0.528,0.275,0.16,0.254,0.796,0.0317;a;
0.861;0.802,0.798,0.787,0.318,0.0272,0.511,0.845,0.387,0.572,0.396;aaaaa;
0.0757;0.765,0.811,0.243,0.524,0.14,0.509,0.456,0.52,0.885,0.527;a;
0.0459;0.148,0.0325,0.284,0.636,0.857,0.684,0.348,0.4,0.304,0.989;aa;
0.521;0.976,0.853,0.148,0.421,0.369,0.995,0.101,0.103,0.357,0.568;aaaaa;
0.63;0.673,0.961,0.763,0.517,0.853,0.0147,0.736,0.969,0.509,0.757;aaaaa;
0.635;0.2,0.917,0.784,0.109,0.85,0.934,0.329,0.577,0.271,0.63;aaaaaa;
0.25;0.0607,0.647,0.14,0.46,0.19,0.556,0.0349,0.983,0.398,0.13;aaaaaaa;
0.476;0.00369,0.205,0.155,0.533,0.696,0.719,0.904,0.23,0.709,0.219;aaaaaaaaa;
0.8;0.0955,0.296,0.104,0.82,0.463,0.0618,0.44,0.657,0.18,0.769;aaaaaaaaa;
0.443;0.656,0.308,0.558,0.272,0.858,0.58,0.104,0.986,0.542,0.0787;aaaaaaaaaa;
0.988;0.126,0.982,0.857,0.314,0.289,0.821,0.769,0.382,0.0795,0.759;aaaaaaaaaa;
0.206;0.379,0.919,0.88,0.231,0.496,0.326,0.118,0.0301,0.564,0.686;a;
0.351;0.743,0.823,0.785,0.613,0.103,0.824,0.625,0.206,0.214,0.207;a;
0.393;0.316,0.68,0.692,0.528,0.733,0.996,0.695,0.591,0.093,0.825;aaaaaaaa;
0.542;0.284,0.604,0.134,0.114,0.586,0.422,0.544,0.916,0.733,0.43;aaaaaaaa;
0.176;0.905,0.745,0.392,0.377,0.237,0.281,0.000766,0.586,0.454,0.807;a;
0.866;0.319,0.345,0.0812,0.904,0.19,0.933,0.273,0.151,0.383,0.616;aaaaaaa;
0.96;0.67,0.447,0.385,0.432,0.634,0.216,0.288,0.00707,0.433,0.929;aaaaa;
0.584;0.277,0.17,0.928,0.546,0.396,0.838,0.325,0.756,0.26,0.458;aaaaaaa;
0.035;0.585,0.36,0.502,0.722,0.138,0.484,0.454,0.387,0.309,0.0972;aaaaa;
0.437;0.818,0.552,0.0893,0.341,0.106,0.512,0.448,0.765,0.964,0.388;aaaaaaaaaa;
0.547;0.804,0.846,0.885,0.501,0.22,0.974,0.0882,0.535,0.579,0.244;aaaaa;
0.529;0.565,0.893,0.202,0.878,0.954,0.182,0.488,0.575,0.244,0.403;aaaaaa;
0.208;0.191,0.909,0.629,0.31,0.196,0.65,0.388,0.78,0.0159,0.831;aaaaaaaaa;
0.129;0.8,0.273,0.273,0.443,0.968,0.135,0.467,0.576,0.368,0.125;a;
0.407;0.257,0.667,0.113,0.061,0.411,0.486,0.25,0.676,0.033,0.0987;aaaaaaaaa;
0.334;0.269,0.238,0.295,0.219,0.667,0.612,0.729,0.64,0.546,0.241;a;
0.681;0.0484,0.533,0.048,0.267,0.736,0.819,0.114,0.945,0.758,0.696;aaa;
0.939;0.555,0.618,0.451,0.174,0.252,0.744,0.528,0.174,0.0093,0.448;aaaaaaa;
0.727;0.62,0.771,0.732,0.0773,0.721,0.466,0.62,0.585,0.692,0.932;aaaaaaaaa;
0.337;0.124,0.185,0.175,0.545,0.559,0.289,0.541,0.692,0.159,0.426;aaaaaaaa;
0.426;0.164,0.717,0.594,0.467,0.885,0.316,0.207,0.374,0.232,0.135;aaaaaaaaaa;
0.502;0.0985,0.924,0.132,0.289,0.526,0.846,0.987,0.784,0.332,0.208;aaa;
0.877;0.422,0.943,0.0334,0.862,0.611,0.95,0.736,0.16,0.601,0.918;aaaa;
0.488;0.391,0.314,0.43,0.55,0.651,0.0893,0.448,0.291,0.804,0.0689;aaa;
0.49;0.988,0.686,0.423,0.00772,0.651,0.525,0.475,0.569,0.889,0.547;aaaaaaaaaa;
0.829;0.715,0.461,0.452,0.218,0.819,0.057,0.714,0.689,0.464,0.647;aaaaaaa;
0.178;0.601,0.847,0.932,0.423,0.678,0.149,0.171,0.536,0.39,0.835;a;
0.725;0.892,0.213,0.228,0.351,0.651,0.961,0.329,0.461,0.593,0.0695;aaaaaa;
0.694;0.924,0.0109,0.474,0.367,0.748,0.544,0.505,0.0272,0.999,0.835;aaaaaaa;
6.56e-05;0.433,0.0463,0.0931,0.771,0.329,0.726,0.698,0.82,0.259,0.342;aaaaa;
0.921;0.327,0.312,0.685,0.418,0.981,0.642,0.241,0.282,0.811,0.435;aaa;
0.533;0.248,0.0617,0.579,0.549,0.606,0.404,0.0888,0.395,0.0185,0.354;aaaaaa;
0.896;0.829,0.197,0.0729,0.205,0.818,0.0407,0.784,0.0747,0.826,0.456;aaaaaa;
0.00805;0.624,0.206,0.685,0.0569,0.6,0.889,0.457,0.657,0.181,0.0315;aaaaaaaa;
0.371;0.791,0.801,0.228,0.598,0.316,0.657,0.409,0.0913,0.0806,0.203;aaaaaaaa;
0.777;0.16,0.236,0.622,0.062,0.216,0.703,0.266,0.148,0.741,0.691;aaa;
0.206;0.229,0.937,0.295,0.941,0.54,0.504,0.0304,0.00465,0.0392,0.343;aaaaa;
0.714;0.481,0.0082,0.103,0.0974,0.258,0.945,0.616,0.683,0.184,0.312;aaaaa;
0.505;0.186,0.497,0.495,0.244,0.0245,0.358,0.913,0.688,0.985,0.409;a;
0.881;0.63,0.511,0.126,0.672,0.474,0.368,0.821,0.897,0.52,0.357;aaaaaaaa;
0.932;0.901,0.917,0.0632,0.712,0.404,0.683,0.641,0.62,0.765,0.905;aa;
0.22;0.627,0.0109,0.585,0.992,0.657,0.0642,0.729,0.0156,0.668,0.00123;aaaa;
0.577;0.166,0.0541,0.68,0.182,0.465,0.977,0.362,0.0156,0.747,0.295;aaaa;
0.391;0.303,0.948,0.0439,0.472,0.172,0.483,0.644,0.384,0.361,0.493;aaaaaaaaaa;
0.141;0.967,0.792,0.219,0.717,0.0229,0.341,0.575,0.501,0.75,0.165;aaaaaaaaaa;
0.403;0.697,0.163,0.582,0.14,0.706,0.0137,0.794,0.101,0.351,0.582;a;
0.563;0.604,0.487,0.555,0.422,0.288,0.0535,0.449,0.748,0.0672,0.416;aaaaaaaa;
0.375;0.875,0.676,0.655,0.705,0.512,0.355,0.569,0.841,0.675,0.17;a;
0.936;0.194,0.849,0.203,0.0294,0.88,0.588,0.225,0.706,0.789,0.857;aaaaaaaaa;
0.0574;0.971,0.378,0.899,0.557,0.574,0.752,0.684,0.333,0.231,0.641;aa;
0.591;0.422,0.143,0.177,0.57,0.81,0.132,0.309,0.0582,0.68,0.64;aaaaaaaaaa;
0.329;0.507,0.0677,0.269,0.429,0.339,0.271,0.689,0.118,0.274,0.418;aaaaaaaaaa;
0.25;0.898,0.792,0.63,0.695,0.109,0.32,0.316,0.197,0.36,0.407;aa;
0.503;0.783,0.705,0.28,0.87,0.0507,0.983,0.457,0.541,0.941,0.949;aaaaa;
0.761;0.252,0.59,0.81,0.939,0.209,0.127,0.54,0.346,0.518,0.85;aaaaaaaaa;
0.00469;0.593,0.124,0.119,0.703,0.742,0.444,0.421,0.472,0.551,0.578;aaaaa;
0.868;0.705,0.802,0.613,0.979,0.0722,0.402,0.608,0.83,0.0828,0.874;aaaaaaa;
0.288;0.154,0.26,0.868,0.909,0.526,0.847,0.21,0.756,0.442,0.354;aaaaaaaa;
0.473;0.871,0.986,0.999,0.132,0.188,0.306,0.46,0.624,0.0223,0.395;a;
0.00556;0.205,0.545,0.92,0.681,0.586,0.38,0.501,0.445,0.25,0.643;a;
0.202;0.0719,0.721,0.441,0.851,0.9,0.391,0.843,0.106,0.638,0.0783;aaaaaaa;
0.134;0.244,0.633,0.377,0.259,0.441,0.357,0.291,0.185,0.606,0.453;aaaaaaaaaa;
0.342;0.924,0.19,0.451,0.294,0.723,0.186,0.382,0.0589,0.356,0.336;aaaaaaaaa;
0.963;0.922,0.981,0.977,0.943,0.919,0.381,0.447,0.0579,0.644,0.335;aaaa;
0.845;0.798,0.651,0.0543,0.906,0.904,0.384,0.793,0.698,0.165,0.566;aaaa;
0.596;0.543,0.717,0.286,0.271,0.896,0.408,0.551,0.248,0.203,0.474;a;
0.0162;0.13,0.327,0.702,0.105,0.97,0.32,0.415,0.107,0.537,0.48;aaa;
0.874;0.983,0.0323,0.255,0.618,0.226,0.898,0.223,0.59,0.148,0.42;aaaaaaaaa;
0.182;0.855,0.505,0.915,0.0381,0.137,0.146,0.393,0.421,0.765,0.472;aaa;
0.0354;0.763,0.694,0.759,0.458,0.16,0.349,0.238,0.777,0.454,0.342;aaaaaa;
0.654;0.519,0.0137,0.93,0.562,0.0746,0.866,0.185,0.451,0.147,0.04;aaaaaaa;
0.732;0.714,0.132,0.102,0.665,0.803,0.405,0.716,0.699,0.571,0.257;aaaaaa;
0.607;0.41,0.578,0.966,0.567,0.768,0.558,0.819,0.817,0.611,0.22;aaa;
0.263;0.401,0.394,0.439,0.755,0.598,0.24,0.304,0.922,0.00345,0.147;aaaaaaaa;
0.802;0.141,0.761,0.492,0.775,0.817,0.842,0.908,0.555,0.888,0.638;aaaaaa;
0.623;0.767,0.842,0.114,0.426,0.0764,0.77,0.371,0.553,0.719,0.938;aaaaaaa;
0.108;0.0529,0.547,0.64,0.852,0.502,0.982,0.768,0.149,0.525,0.698;aaaaaaaaaa;
0.307;0.132,0.522,0.839,0.701,0.885,0.442,0.0105,0.654,0.197,0.536;aaaaaaaa;
0.969;0.521,0.405,0.672,0.279,0.779,0.744,0.126,0.636,0.361,0.0117;aaaaaaaaaa;
0.637;0.117,0.806,0.201,0.0788,0.991,0.206,0.335,0.845,0.726,0.821;aaa;
0.438;0.32,0.313,0.399,0.17,0.198,0.783,0.334,0.685,0.201,0.391;aaaa;
0.808;0.79,0.603,0.645,0.795,0.419,0.175,0.289,0.936,0.657,0.914;aaaaaa;
0.153;0.121,0.814,0.58,0.948,0.406,0.704,0.697,0.879,0.867,0.955;aaaa;
0.0779;0.74,0.888,0.979,0.671,0.939,0.746,0.322,0.418,0.377,0.91;aaaaaaaa;
0.261;0.692,0.697,0.923,0.019,0.603,0.346,0.546,0.437,0.292,0.502;aaaaaaaaa;
0.457;0.275,0.282,0.917,0.475,0.0607,0.54,0.298,0.882,0.868,0.247;aaaaaaaa;
0.0387;0.434,0.224,0.0202,0.42,0.927,0.766,0.281,0.535,0.605,0.438;a;
0.604;0.084,0.419,0.148,0.223,0.908,0.179,0.439,0.804,0.526,0.169;aaaaaa;
0.176;0.949,0.911,0.505,0.617,0.232,0.664,0.753,0.00365,0.74,0.228;aaa;
0.253;0.826,0.93,0.877,0.268,0.535,0.221,0.183,0.819,0.256,0.424;aaa;
0.0832;0.511,0.314,0.716,0.879,0.17,0.371,0.449,0.839,0.946,0.793;aaaaa;
0.374;0.231,0.767,0.822,0.571,0.172,0.244,0.666,0.704,0.401,0.982;aaaaaaaaa;
0.326;0.729,0.0111,0.654,0.587,0.404,0.101,0.0162,0.625,0.498,0.503;aaaa;
0.0399;0.632,0.517,0.462,0.191,0.797,0.132,0.633,0.356,0.737,0.382;aa;
0.743;0.604,0.453,0.996,0.607,0.619,0.375,0.194,0.0553,0.983,0.0968;aaaaaaa;
0.4;0.311,0.627,0.673,0.363,0.0305,0.506,0.24,0.133,0.108,0.883;aaaaaaaa;
0.649;0.85,0.267,0.169,0.37,0.363,0.999,0.0145,0.198,0.732,0.585;aaaaaaaaaa;
0.545;0.676,0.81,0.863,0.8,0.218,0.849,0.0465,0.522,0.718,0.472;a;
0.957;0.0459,0.394,0.956,0.268,0.208,0.875,0.901,0.603,0.459,0.381;aaaaaaaa;
0.258;0.306,0.731,0.505,0.263,0.821,0.553,0.21,0.575,0.154,0.31;a;
0.13;0.985,0.0691,0.744,0.831,0.546,0.508,0.476,0.533,0.669,0.814;aaaa;
0.854;0.116,0.799,0.98,0.783,0.491,0.983,0.46,0.826,0.902,0.366;aaaaaaaaa;
0.614;0.0707,0.553,0.708,0.881,0.89,0.967,0.623,0.18,0.0522,0.691;aaaaaa;
0.155;0.222,0.253,0.716,0.21,0.889,0.237,0.0948,0.0728,0.529,0.858;aaaaaaaa;
0.731;0.497,0.162,0.151,0.961,0.196,0.0511,0.686,0.445,0.906,0.0199;aa;
0.186;0.0874,0.436,0.457,0.528,0.738,0.302,0.195,0.162,0.647,0.0303;aaaaa;
0.812;0.271,0.252,0.813,0.548,0.107,0.866,0.243,0.969,0.958,0.601;aaaaaa;
0.571;0.761,0.487,0.234,0.967,0.385,0.316,0.139,0.783,0.556,0.585;aa;
0.713;0.631,0.025,0.422,0.886,0.662,0.647,0.918,0.494,0.00929,0.744;aaa;
0.287;0.678,0.331,0.539,0.33,0.941,0.649,0.635,0.28,0.0143,0.0897;a;
0.172;0.682,0.117,0.677,0.962,0.483,0.609,0.691,0.0484,0.565,0.9;aaaaaaaaa;
0.137;0.0919,0.0443,0.855,0.967,0.983,0.542,0.26,0.674,0.731,0.306;aaaaaaaa;
0.672;0.728,0.00115,0.167,0.468,0.59,0.454,0.182,0.681,0.0443,0.895;aaaaaaa;
0.681;0.84,0.145,0.413,0.158,0.062,0.687,0.337,0.703,0.289,0.0817;aaaaaaaaaa;
0.462;0.764,0.174,0.431,0.488,0.447,0.152,0.137,0.374,0.253,0.511;aaaaaa;
0.0408;0.229,0.692,0.128,0.967,0.0949,0.915,0.672,0.4,0.155,0.805;aaaaaaa;
0.852;0.836,0.285,0.27,0.341,0.377,0.083,0.878,0.247,0.731,0.0257;aaaaa;
0.875;0.508,0.178,0.926,0.0826,0.0199,0.829,0.308,0.95,0.299,0.389;aaa;
0.94;0.288,0.46,0.936,0.53,0.00655,0.35,0.0618,0.724,0.255,0.701;aaaaa;
0.829;0.162,0.547,0.137,0.55,0.51,0.132,0.506,0.0299,0.742,0.979;aaaaa;
0.94;0.0947,0.256,0.618,0.286,0.105,0.626,0.991,0.617,0.7,0.175;aaaaaa;
0.0905;0.68,0.0635,0.59,0.214,0.232,0.85,0.562,0.662,0.15,0.998;aaaaaaaa;
0.289;0.309,0.102,0.14,0.000849,0.67,0.829,0.632,0.456,0.541,0.79;aaa;
0.819;0.962,0.624,0.506,0.496,0.309,0.663,0.332,0.762,0.701,0.167;a;
0.491;0.282,0.0614,0.262,0.801,0.758,0.397,0.27,0.578,0.224,0.8;a;
0.923;0.622,0.868,0.753,0.0125,0.93,0.101,0.654,0.732,0.492,0.74;aaaaaaaaaa;
0.149;0.645,0.628,0.504,0.423,0.0445,0.705,0.253,0.788,0.0759,0.227;a;
0.267;0.376,0.926,0.194,0.574,0.00632,0.981,0.555,0.464,0.826,0.439;aaaaaa;
0.254;0.027,0.907,0.0198,0.343,0.0257,0.968,0.495,0.309,0.38,0.92;aaaaaaaaaa;
0.301;0.265,0.375,0.319,0.801,0.326,0.675,0.68,0.0946,0.851,0.875;aaaaaaa;
0.398;0.356,0.227,0.331,0.0399,0.525,0.895,0.725,0.501,0.672,0.396;aaaa;
0.184;0.45,0.0195,0.87,0.302,0.683,0.474,0.418,0.732,0.185,0.564;a;
0.45;0.305,0.469,0.562,0.513,0.252,0.692,0.85,0.0352,0.884,0.592;aaaaaaa;
0.306;0.343,0.577,0.75,0.353,0.867,0.402,0.988,0.785,0.393,0.322;aaaaaaaaaa;
0.328;0.786,0.361,0.108,0.349,0.18,0.624,0.0274,0.151,0.463,0.0836;aaa;
0.686;0.777,0.103,0.728,0.704,0.8,0.718,0.593,0.773,0.552,0.745;aaaaaaa;
0.693;0.595,0.427,0.713,0.639,0.138,0.63,0.287,0.627,0.587,0.671;aaaaaa;
0.266;0.3,0.449,0.181,0.0585,0.264,0.448,0.603,0.61,0.5,0.697;aaaaaaaaaa;
0.741;0.727,0.608,0.113,0.367,0.957,0.537,0.197,0.848,0.426,0.319;aaaaaaaa;
0.601;0.599,0.374,0.657,0.852,0.903,0.816,0.794,0.959,0.857,0.179;aaaa;
0.31;0.533,0.752,0.683,0.0321,0.971,0.858,0.452,0.477,0.526,0.395;aaaa;
0.133;0.855,0.593,0.407,0.757,0.0131,0.878,0.191,0.935,0.413,0.0933;aaa;
0.574;0.261,0.0354,0.262,0.288,0.176,0.906,0.793,0.213,0.272,0.918;aaaaaaaa;
0.385;0.496,0.212,0.394,0.675,0.754,0.108,0.259,0.866,0.374,0.863;aa;
0.327;0.213,0.48,0.781,0.623,0.498,0.634,0.48,0.465,0.334,0.986;aaaa;
0.679;0.537,0.319,0.66,0.294,0.992,0.184,0.0463,0.934,0.457,0.586;a;
0.845;0.628,0.0269,0.569,0.929,0.487,0.304,0.409,0.647,0.996,0.632;aaaaaaa;
0.444;0.693,0.841,0.185,0.823,0.325,0.453,0.706,0.407,0.472,0.205;aaaaaaaaa;
0.283;0.727,0.196,0.133,0.725,0.142,0.868,0.207,0.323,0.227,0.457;aaaaa;
0.41;0.226,0.355,0.362,0.836,0.526,0.266,0.162,0.361,0.39,0.0682;aaaaaaaaa;
0.231;0.539,0.434,0.317,0.15,0.00451,0.311,0.00637,0.98,0.093,0.283;aaaaaaa;
0.22;0.572,0.657,0.652,0.11,0.251,0.23,0.109,0.51,0.448,0.394;aaaaaaaaa;
0.385;0.0579,0.602,0.364,0.992,0.152,0.949,0.65,0.197,0.13,0.816;aaaa;
0.313;0.892,0.28,0.59,0.724,0.881,0.455,0.958,0.771,0.605,0.451;aaaaaaa;
0.751;0.0887,0.0134,0.192,0.931,0.0091,0.26,0.642,0.00204,0.316,0.544;aa;
0.42;0.714,0.707,0.237,0.54,0.732,0.463,0.758,0.761,0.98,0.695;aa;
0.258;0.756,0.398,0.239,0.736,0.976,0.132,0.477,0.757,0.841,0.234;aa;
0.985;0.564,0.385,0.327,0.554,0.699,0.192,0.268,0.358,0.849,0.595;aaa;
0.00569;0.201,0.0344,0.863,0.421,0.497,0.0589,0.345,0.627,0.426,0.701;aaaaaaaaa;
0.625;0.543,0.251,0.053,0.869,0.991,0.134,0.323,0.135,0.141,0.287;aaaaaaa;
0.451;0.585,0.835,0.636,0.927,0.282,0.249,0.923,0.847,0.0199,0.237;aaa;
0.429;0.535,0.894,0.664,0.513,0.355,0.164,0.96,0.438,0.876,0.0682;aaaa;
0.048;0.494,0.806,0.167,0.525,0.617,0.751,0.344,0.375,0.428,0.5;aaaaa;
0.0556;0.267,0.274,0.611,0.732,0.879,0.877,0.885,0.261,0.602,0.129;aaaaaaa;
0.427;0.025,0.213,0.885,0.923,0.0499,0.22,0.776,0.677,0.722,0.325;aaaaaaa;
0.858;0.0498,0.25,0.12,0.618,0.567,0.548,0.46,0.99,0.00128,0.648;aaaaaaaaa;
0.83;0.998,0.529,0.289,0.835,0.28,0.534,0.0119,0.271,0.406,0.405;aa;
0.0412;0.662,0.319,0.821,0.355,0.332,0.0128,0.215,0.885,0.112,0.262;a;
0.382;0.191,0.0405,0.151,0.294,0.875,0.678,0.154,0.0972,0.303,0.076;aa;
0.128;0.629,0.107,0.378,0.692,0.315,0.548,0.792,0.839,0.208,0.0547;aaaaaaaaaa;
0.176;0.602,0.489,0.451,0.528,0.136,0.104,0.695,0.521,0.332,0.851;aa;
0.892;0.0588,0.921,0.597,0.194,0.642,0.297,0.796,0.0205,0.24,0.354;aaaaaaa;
0.661;0.967,0.289,0.486,0.294,0.741,0.538,0.247,0.139,0.0535,0.851;a;
0.816;0.648,0.643,0.521,0.234,0.173,0.368,0.774,0.633,0.47,0.417;aaaaaaaaaa;
0.578;0.938,0.223,0.781,0.581,0.729,0.6,0.321,0.998,0.173,0.78;aaaa;
0.105;0.0438,0.404,0.00251,0.995,0.798,0.463,0.185,0.25,0.854,0.516;a;
0.418;0.0705,0.334,0.442,0.747,0.452,0.893,0.625,0.826,0.385,0.363;aaaaaaaaaa;
0.86;0.792,0.199,0.719,0.839,0.724,0.643,0.176,0.44,0.0132,0.533;aaaa;
0.355;0.556,0.128,0.278,0.132,0.381,0.12,0.443,0.493,0.483,0.238;aa;
0.566;0.458,0.141,0.481,0.974,0.8,0.148,0.987,0.864,0.93,0.252;aaaaaaaa;
0.782;0.192,0.226,0.266,0.126,0.945,0.287,0.665,0.137,0.0549,0.789;aa;
0.216;0.884,0.926,0.542,0.823,0.35,0.94,0.69,0.211,0.788,0.869;a;
0.196;0.898,0.932,0.238,0.512,0.213,0.146,0.835,0.385,0.984,0.466;aaaaaaaaa;
0.842;0.811,0.833,0.306,0.713,0.166,0.997,0.438,0.892,0.364,0.729;aaaaaa;
0.163;0.0593,0.78,0.781,0.856,0.137,0.0559,0.412,0.954,0.127,0.547;aaa;
0.0328;0.697,0.747,0.245,0.00253,0.874,0.862,0.34,0.869,0.914,0.178;aa;
0.844;0.328,0.78,0.649,0.452,0.952,0.725,0.493,0.104,0.327,0.911;aaaaaaaaa;
0.0946;0.297,0.441,0.864,0.0111,0.331,0.545,0.17,0.276,0.441,0.32;aaaaaaaa;
0.828;0.808,0.62,0.485,0.66,0.543,0.354,0.126,0.298,0.157,0.253;aaaaaaa;
0.361;0.885,0.99,0.2,0.416,0.719,0.5,0.923,0.72,0.219,0.626;aaaa;
0.379;0.618,0.0845,0.0798,0.807,0.791,0.786,0.644,0.0432,0.519,0.438;aaaa;
0.183;0.989,0.226,0.812,0.417,0.49,0.342,0.915,0.525,0.0357,0.246;aaaa;
0.242;0.239,0.279,0.821,0.0252,0.113,0.362,0.162,0.0156,0.751,0.347;aaa;
0.128;0.941,0.846,0.539,0.16,0.292,0.439,0.245,0.398,0.334,0.581;aaaaaaaaaa;
0.92;0.377,0.286,0.987,0.000542,0.704,0.794,0.452,0.872,0.762,0.0827;aaaaaaaaa;
0.157;0.47,0.0777,0.52,0.93,0.214,0.0246,0.14,0.911,0.498,0.815;aaaaa;
0.0663;0.106,0.869,0.445,0.165,0.28,0.949,0.599,0.127,0.808,0.641;a;
0.0609;0.941,0.0653,0.658,0.866,0.546,0.146,0.865,0.625,0.688,0.772;aaaaaa;
0.568;0.0133,0.567,0.698,0.447,0.41,0.797,0.317,0.428,0.722,0.933;aaaaaaaa;
0.592;0.736,0.126,0.571,0.447,0.906,0.357,0.143,0.476,0.0454,0.61;aaaaaaaaa;
0.0503;0.404,0.824,0.705,0.157,0.0726,0.666,0.827,0.63,0.0772,0.699;aaa;
0.256;0.919,0.605,0.569,0.275,0.477,0.29,0.00336,0.615,0.727,0.907;aaaaaaaaa;
0.343;0.988,0.253,0.743,0.653,0.785,0.594,0.538,0.153,0.677,0.332;aaa;
0.864;0.131,0.951,0.78,0.481,0.493,0.0316,0.649,0.189,0.246,0.303;aaa;
0.503;0.772,0.414,0.247,0.745,0.568,0.874,0.858,0.72,0.0302,0.32;a;
0.00734;0.312,0.0238,0.816,0.29,0.267,0.05,0.516,0.703,0.393,0.765;aa;
0.758;0.543,0.685,0.858,0.457,0.305,0.448,0.679,0.464,0.806,0.906;aaaaaaaaaa;
0.285;0.0605,0.305,0.518,0.449,0.156,0.351,0.659,0.399,0.673,0.407;aaa;
0.996;0.707,0.214,0.162,0.176,0.651,0.771,0.344,0.745,0.425,0.709;aaaaaaaaaa;
0.277;0.965,0.978,0.458,0.262,0.201,0.541,0.419,0.672,0.236,0.165;aaa;
0.357;0.516,0.0922,0.767,0.705,0.857,0.703,0.0946,0.869,0.195,0.0352;aaaaa;
0.212;0.665,0.0339,0.478,0.789,0.771,0.882,0.303,0.544,0.147,0.0534;a;
0.107;0.936,0.966,0.118,0.987,0.546,0.571,0.836,0.344,0.806,0.782;aaaaaaaaa;
0.647;0.555,0.083,0.535,0.406,0.13,0.839,0.628,0.284,0.222,0.357;aaaaaaaaa;
0.904;0.601,0.975,0.469,0.493,0.836,0.473,0.182,0.168,0.561,0.193;aaaaaaa;
0.549;0.774,0.0827,0.81,0.31,0.369,0.474,0.489,0.698,0.336,0.886;aaaa;
0.00654;0.819,0.168,0.367,0.36,0.734,0.99,0.851,0.763,0.445,0.915;aaaaaaa;
0.0645;0.0914,0.717,0.35,0.222,0.534,0.882,0.536,0.422,0.459,0.152;aaaaaaaa;
0.449;0.415,0.442,0.232,0.241,0.105,0.126,0.893,0.87,0.5,0.128;aaaaaaa;
0.081;0.295,0.0538,0.539,0.929,0.846,0.00914,0.946,0.876,0.0993,0.32;aaaa;
0.214;0.279,0.448,0.362,0.58,0.817,0.666,0.563,0.852,0.167,0.578;aaaaaaaa;
0.981;0.209,0.0135,0.0952,0.889,0.143,0.884,0.948,0.975,0.523,0.878;aaaaa;
0.448;0.999,0.434,0.332,0.137,0.985,0.549,0.111,0.396,0.0141,0.963;aaaaa;
0.857;0.16,0.13,0.188,0.679,0.671,0.85,0.574,0.979,0.37,0.552;aaaaa;
0.49;0.904,0.515,0.61,0.103,0.547,0.804,0.563,0.751,0.688,0.575;aaa;
0.907;0.908,0.125,0.089,0.879,0.521,0.353,0.297,0.835,0.799,0.768;aaaaaa;
0.536;0.218,0.617,0.144,0.0934,0.59,0.245,0.411,0.223,0.229,0.0353;aaa;
0.776;0.999,0.612,0.0597,0.481,0.615,0.136,0.19,0.575,0.33,0.965;aaaaaaaaa;
0.339;0.262,0.0996,0.543,0.58,0.306,0.0736,0.111,0.699,0.924,0.0691;aaaaaa;
0.314;0.548,0.507,0.0481,0.12,0.339,0.534,0.335,0.429,0.893,0.828;a;
0.34;0.167,0.678,0.278,0.253,0.938,0.629,0.858,0.69,0.679,0.556;aaaaaaaa;
0.0378;0.669,0.459,0.73,0.978,0.224,0.34,0.82,0.253,0.46,0.893;aaaaaaa;
0.0963;0.0534,0.549,0.315,0.00672,0.0834,0.338,0.298,0.142,0.0905,0.00237;aaa;
0.26;0.804,0.42,0.0933,0.158,0.138,0.0934,0.642,0.235,0.219,0.355;aaaa;
0.485;0.943,0.924,0.738,0.703,0.455,0.559,0.86,0.748,0.796,0.632;aaaaaa;
0.802;0.00829,0.266,0.33,0.928,0.00361,0.196,0.881,0.917,0.831,0.553;aaaaaaaaaa;
0.852;0.789,0.0757,0.984,0.532,0.701,0.81,0.943,0.518,0.709,0.219;aaaaaaa;
0.198;0.37,0.199,0.82,0.595,0.865,0.251,0.437,0.163,0.856,0.902;aaaa;
0.922;0.77,0.986,0.783,0.574,0.422,0.988,0.301,0.734,0.0248,0.823;aaa;
0.415;0.733,0.723,0.571,0.124,0.113,0.684,0.707,0.866,0.382,0.689;aaaaaaaa;
0.185;0.17,0.0825,0.589,0.13,0.244,0.886,0.573,0.637,0.0497,0.753;a;
0.469;0.689,0.0444,0.187,0.474,0.244,0.867,0.929,0.218,0.905,0.713;aa;
0.227;0.899,0.777,0.514,0.138,0.531,0.696,0.124,0.666,0.182,0.996;aaa;
0.662;0.997,0.505,0.0733,0.352,0.69,0.212,0.253,0.599,0.0887,0.0888;a;
0.0929;0.118,0.98,0.0855,0.729,0.259,0.306,0.101,0.678,0.648,0.562;a;
0.894;0.297,0.878,0.344,0.93,0.549,0.743,0.332,0.716,0.212,0.723;aaaaaaaa;
0.735;0.895,0.422,0.84,0.686,0.785,0.488,0.859,0.522,0.29,0.52;aaaaaaa;
0.369;0.634,0.913,0.601,0.642,0.443,0.0321,0.902,0.652,0.43,0.794;aa;
0.599;0.356,0.191,0.27,0.0813,0.465,0.806,0.385,0.995,0.765,0.0476;aaaaaaaaaa;
0.896;0.799,0.0825,0.185,0.429,0.438,0.492,0.176,0.644,0.953,0.407;aaaaaa;
0.335;0.679,0.512,0.966,0.672,0.0477,0.172,0.267,0.502,0.225,0.193;aa;
0.127;0.928,0.834,0.903,0.514,0.935,0.621,0.88,0.0134,0.146,0.394;aaaaaaaa;
0.192;0.371,0.391,0.91,0.819,0.808,0.199,0.637,0.628,0.623,0.585;aaaaa;
0.133;0.498,0.454,0.806,0.246,0.902,0.03,0.58,0.12,0.877,0.747;aaa;
0.0773;0.335,0.494,0.917,0.987,0.718,0.546,0.667,0.879,0.881,0.387;aaaaaaa;
0.516;0.314,0.34,0.552,0.641,0.704,0.963,0.0346,0.236,0.999,0.984;aaaaaaaa;
0.251;0.708,0.726,0.7,0.795,0.584,0.0912,0.346,0.24,0.0464,0.144;aaaaa;
0.703;0.486,0.372,0.0252,0.152,0.93,0.16,0.889,0.227,0.735,0.536;aaaa;
0.73;0.767,0.919,0.493,0.78,0.625,0.742,0.124,0.972,0.792,0.549;aaaaa;
0.909;0.223,0.883,0.844,0.459,0.637,0.807,0.544,0.276,0.769,0.954;a;
0.664;0.67,0.646,0.0848,0.5,0.838,0.404,0.887,0.874,0.71,0.932;aaaa;
0.689;0.037,0.0472,0.585,0.115,0.696,0.626,0.981,0.858,0.525,0.703;aaaaaa;
0.982;0.888,0.911,0.409,0.145,0.948,0.181,0.188,0.708,0.00779,0.15;a;
0.0724;0.222,0.125,0.664,0.235,0.969,0.64,0.739,0.241,0.277,0.625;aaaa;
0.202;0.477,0.0718,0.0582,0.0879,0.179,0.256,0.37,0.0569,0.123,0.329;aaaaaaaaaa;
0.175;0.0615,0.326,0.392,0.62,0.0751,0.63,0.865,0.192,0.816,0.552;aaaaaaaaa;
0.0177;0.455,0.21,0.229,0.587,0.582,0.73,0.822,0.681,0.15,0.582;aaaaaaa;
0.789;0.385,0.877,0.964,0.255,0.965,0.814,0.178,0.606,0.00212,0.242;aaaaaaaaaa;
0.805;0.0378,0.678,0.875,0.675,0.86,0.945,0.176,0.233,0.231,0.603;aaaaa;
0.316;0.439,0.894,0.525,0.658,0.927,0.113,0.366,0.305,0.536,0.34;aa;
0.34;0.0903,0.907,0.842,0.862,0.569,0.991,0.583,0.072,0.393,0.646;a;
0.44;0.32,0.478,0.99,0.255,0.48,0.0255,0.124,0.246,0.431,0.762;a;
0.4;0.074,0.722,0.595,0.288,0.238,0.0164,0.463,0.58,0.681,0.118;aa;
0.832;0.734,0.733,0.289,0.245,0.172,0.42,0.693,0.18,0.704,0.908;a;
0.0869;0.409,0.292,0.968,0.679,0.287,0.154,0.0396,0.433,0.417,0.252;aaaaaa;
0.977;0.293,0.444,0.356,0.904,0.00267,0.93,0.752,0.929,0.13,0.409;aa;
0.341;0.5,0.256,0.937,0.176,0.205,0.685,0.0869,0.243,0.923,0.687;aaa;
0.317;0.783,0.47,0.733,0.226,0.86,0.286,0.0574,0.15,0.61,0.291;aaaaaaa;
0.724;0.248,0.578,0.76,0.49,0.101,0.741,0.0706,0.345,0.954,0.242;aaaaaaaaa;
0.107;0.681,0.785,0.229,0.033,0.842,0.637,0.633,0.213,0.251,0.771;aaaaaaaaa;
0.427;0.101,0.234,0.885,0.883,0.639,0.798,0.487,0.144,0.528,0.548;aa;
0.978;0.211,0.957,0.293,0.249,0.00432,0.612,0.0323,0.169,0.0558,0.981;a;
0.157;0.928,0.49,0.306,0.421,0.656,0.33,0.131,0.0801,0.148,0.0445;a;
0.37;0.27,0.0136,0.758,0.928,0.721,0.885,0.721,0.651,0.0873,0.291;aaaaa;
0.591;0.117,0.364,0.089,0.533,0.95,0.614,0.6,0.641,0.984,0.889;aaaa;
0.393;0.189,0.297,0.554,0.152,0.278,0.552,0.672,0.489,0.662,0.0612;aaa;
0.976;0.297,0.354,0.837,0.333,0.615,0.737,0.384,0.478,0.168,0.663;aaaaaaa;
0.99;0.951,0.816,0.115,0.488,0.0647,0.665,0.499,0.201,0.246,0.323;aaaaaaa;
0.393;0.929,0.499,0.817,0.787,0.622,0.262,0.601,0.372,0.704,0.456;aaaaaaaaaa;
0.458;0.309,0.282,0.334,0.819,0.0919,0.0429,0.0801,0.234,0.277,0.139;aaaaaaaaaa;
0.559;0.112,0.0858,0.705,0.597,0.839,0.528,0.858,0.736,0.44,0.537;aaaaaaaaa;
0.154;0.699,0.987,0.653,0.75,1,0.339,0.1,0.629,0.23,0.934;aaaaaaaa;
0.963;0.736,0.636,0.161,0.481,0.911,0.0808,0.365,0.711,0.656,0.518;a;
0.354;0.905,0.283,0.874,0.307,0.59,0.627,0.645,0.491,0.213,0.226;aaaaa;
0.805;0.998,0.545,0.253,0.849,0.894,0.892,0.998,0.543,0.265,0.999;aaaaa;
0.989;0.723,0.173,0.183,0.116,0.0555,0.0802,0.151,0.0765,0.171,0.885;aaaaaaaa;
0.406;0.998,0.751,0.0486,0.231,0.529,0.215,0.223,0.0146,0.395,0.626;a;
0.437;0.237,0.0811,0.888,0.697,0.0702,0.162,0.58,0.0153,0.0717,0.333;aaaaaaaaaa;
0.599;0.153,0.973,0.394,0.0135,0.254,0.352,0.139,0.197,0.696,0.249;aaaaaa;
0.732;0.86,0.0213,0.0914,0.527,0.645,0.714,0.783,0.621,0.569,0.297;a;
0.633;0.589,0.623,0.195,0.582,0.0812,0.493,0.799,0.245,0.359,0.269;aaa;
0.279;0.42,0.0763,0.605,0.836,0.976,0.18,0.548,0.985,0.1,0.819;aaaaaaaaa;
0.55;0.482,0.109,0.355,0.894,0.897,0.787,0.396,0.0293,0.394,0.591;aaa;
0.818;0.509,0.113,0.961,0.951,0.478,0.613,0.577,0.067,0.06,0.984;aaaaaaaaa;
0.139;0.218,0.759,0.223,0.287,0.782,0.796,0.528,0.996,0.757,0.565;aaaaaa;
0.873;0.585,0.32,0.0384,0.976,0.762,0.895,0.132,0.0337,0.42,0.0572;aaaa;
0.422;0.806,0.276,0.333,0.0466,0.603,0.847,0.791,0.658,0.0535,0.717;a;
0.441;0.563,0.37,0.727,0.275,0.254,0.478,0.626,0.123,0.866,0.486;aaaaaaaaaa;
0.746;0.881,0.187,0.311,0.0647,0.0688,0.417,0.803,0.107,0.395,0.504;aaaaaaaaaa;
0.127;0.876,0.242,0.534,0.849,0.877,0.15,0.997,0.418,0.386,0.588;aaaaaaa;
0.493;0.396,0.431,0.479,0.417,0.903,0.25,0.596,0.38,0.971,1;aaaa;
0.0122;0.205,0.603,0.467,0.135,0.865,0.673,0.467,0.589,0.0662,0.574;aaaaaaaaaa;
0.975;0.764,0.758,0.98,0.769,0.828,0.235,0.577,0.694,0.666,0.601;aaaaa;
0.54;0.396,0.266,0.565,0.996,0.673,0.0904,0.16,0.588,0.00397,0.705;aaaaaaaa;
0.21;0.0993,0.902,0.347,0.309,0.861,0.911,0.757,0.855,0.309,0.657;aaaaaa;
0.385;0.192,0.4,0.254,0.792,0.914,0.556,0.623,0.0669,0.678,0.155;aaa;
0.743;0.173,0.0675,0.728,0.664,0.214,0.247,0.273,0.888,0.617,0.381;aaaaaaaa;
0.202;0.121,0.483,0.687,0.607,0.718,0.871,0.0616,0.216,0.0542,0.648;aaaaaaa;
0.928;0.29,0.372,0.181,0.997,0.919,0.0612,0.45,0.483,0.167,0.208;aaaaaaaaa;
0.321;0.792,0.257,0.702,0.348,0.976,0.97,0.0963,0.214,0.0114,0.356;aaaaaa;
0.661;0.823,0.811,0.781,0.0619,0.225,0.774,0.796,0.153,0.304,0.645;aaaaaaa;
0.661;0.485,0.276,0.606,0.982,0.426,0.619,0.477,0.113,0.98,0.139;a;
0.0331;0.54,0.217,0.759,0.827,0.244,0.652,0.919,0.0182,0.267,0.693;aaaaa;
0.63;0.0981,0.787,0.841,0.917,0.678,0.155,0.165,0.868,0.334,0.585;aaaaa;
0.238;0.542,0.386,0.447,0.809,0.152,0.778,0.384,0.923,0.437,0.715;aaaaa;
0.38;0.832,0.528,0.968,0.0572,0.478,0.313,0.536,0.00801,0.711,0.964;aaaaaaa;
0.453;0.075,0.297,0.667,0.097,0.307,0.275,0.781,0.656,0.208,0.826;aaaaaaa;
0.0429;0.86,0.577,0.722,0.427,0.632,0.0923,0.263,0.413,0.978,0.311;aaaaaaaaaa;
0.412;0.663,0.582,0.207,0.146,0.277,0.912,0.851,0.45,0.293,0.471;aaaa;
0.981;0.225,0.281,0.397,0.713,0.316,0.996,0.477,0.903,0.217,0.431;aaa;
0.974;0.699,0.619,0.43,0.682,0.732,0.1,0.545,0.0486,0.0496,0.776;aaa;
0.964;0.773,0.823,0.21,0.587,0.899,0.905,0.297,0.559,0.102,0.303;aaaaaaaaaa;
0.592;0.849,0.627,0.249,0.467,0.256,0.459,0.775,0.97,0.914,0.775;aaa;
0.111;0.659,0.849,0.859,0.676,0.199,0.126,0.713,0.173,0.569,0.0302;aaaaaaaa;
0.5;0.528,0.883,0.523,0.637,0.924,0.606,0.609,0.606,0.917,0.185;aaaaaaaaa;
0.165;0.877,0.235,0.0473,0.169,0.624,0.208,0.691,0.638,0.744,0.532;aaaaa;
0.103;0.324,0.247,0.556,0.699,0.454,0.584,0.624,0.252,0.257,0.769;aaaaaaaaa;
0.172;0.843,0.349,0.0171,0.233,0.774,0.848,0.0855,0.485,0.81,0.255;aaaaaaa;
0.563;0.561,0.843,0.0524,0.483,0.494,0.118,0.819,0.97,0.397,0.88;aaaaaaaa;
0.388;0.818,0.733,0.576,0.223,0.73,0.491,0.925,0.0669,0.25,0.514;aaaaaaaa;
0.258;0.177,0.175,0.564,0.181,0.377,0.883,0.223,0.0655,0.752,0.383;aaaaaaaaa;
0.0456;0.654,0.971,0.516,0.161,0.716,0.0764,0.785,0.432,0.4,0.185;aaaaaaa;
0.581;0.512,0.943,0.366,0.381,0.623,0.862,0.509,0.781,0.393,0.52;aaaaaaaaaa;
0.00898;0.371,0.687,0.361,0.88,0.789,0.761,0.923,0.993,0.586,0.547;aaaaaa;
0.855;0.347,0.124,0.0372,0.452,0.967,0.544,0.147,0.786,0.428,0.0659;aaaaaaaaaa;
0.276;0.713,0.289,0.145,0.074,0.55,0.354,0.275,0.951,0.0848,0.692;aaaa;
0.507;0.764,0.331,0.664,0.875,0.682,0.652,0.473,0.356,0.626,0.136;aaaaaaaaa;
0.375;0.133,0.752,0.569,0.927,0.984,0.785,0.244,0.733,0.782,0.644;aaaa;
0.0603;0.414,0.141,0.00388,0.114,0.366,0.717,0.795,0.839,0.364,0.173;aaaaaaa;
0.874;0.635,0.209,0.985,0.692,0.142,0.77,0.0875,0.314,0.0319,0.247;aaaaaaa;
0.28;0.986,0.814,0.396,0.299,0.632,0.0944,0.227,0.294,0.299,0.655;aaaaaa;
0.333;0.628,0.249,0.0311,0.349,0.339,0.988,0.474,0.953,0.151,0.0298;aaaaaa;
0.847;0.24,0.58,0.0414,0.481,0.392,0.34,0.0104,0.11,0.101,0.787;aaa;
0.14;0.895,0.121,0.449,0.32,0.826,0.808,0.253,0.226,0.768,0.763;aaaa;
0.802;0.781,0.598,0.194,0.109,0.122,0.546,0.792,0.239,0.799,0.136;aaa;
0.92;0.48,0.458,0.921,0.805,0.0109,0.381,0.506,0.0705,0.676,0.552;aaaaaa;
0.794;0.491,0.714,0.153,0.711,0.954,0.685,0.76,0.109,0.623,0.912;aaaaaa;
0.0506;0.019,0.341,0.512,0.65,0.751,0.254,0.162,0.58,0.993,0.979;aaaaaaa;
0.852;0.772,0.56,0.257,0.999,0.418,0.596,0.438,0.498,0.512,0.953;aaaa;
0.0933;0.53,0.224,0.362,0.642,0.704,0.307,0.0989,0.218,0.989,0.34;aaaaaa;
0.432;0.488,0.47,0.865,0.084,0.931,0.939,0.166,0.907,0.118,0.244;aaaaaaaaa;
0.83;0.725,0.974,0.685,0.989,0.226,0.801,0.304,0.169,0.0527,0.625;aaaaa;
0.214;0.876,0.0842,0.628,0.795,0.308,0.322,0.701,0.508,0.619,0.131;aaaaaaaaa;
0.28;0.882,0.132,0.813,0.339,0.272,0.487,0.118,0.0529,0.28,0.95;aaaa;
0.208;0.0425,0.318,0.439,0.688,0.452,0.494,0.193,0.0495,0.896,0.154;aaaaa;
0.155;0.313,0.521,0.953,0.428,0.189,0.766,0.766,0.667,0.387,0.209;aaaaaaaaaa;
0.523;0.547,0.134,0.177,0.78,0.669,0.521,0.942,0.744,0.211,0.39;aaaaaa;
0.52;0.319,0.323,0.517,0.396,0.0614,0.564,0.733,0.675,0.42,0.192;aaaaaaa;
0.329;0.59,0.958,0.705,0.0386,0.604,0.555,0.898,0.223,0.268,0.273;aaaaaa;
0.608;0.192,0.26,0.296,0.282,0.559,0.642,0.242,1,0.918,0.469;aaaaaa;
0.847;0.479,0.601,0.97,0.952,0.267,0.898,0.86,0.355,0.522,0.432;aaa;
0.61;0.377,0.591,0.165,0.847,0.283,0.00182,0.506,0.135,0.67,0.348;a;
0.163;0.892,0.48,0.502,0.97,0.854,0.274,0.966,0.132,0.754,0.0958;a;
0.726;0.192,0.858,0.475,0.124,0.395,0.336,0.784,0.558,0.79,0.106;aaaaaaa;
0.824;0.4,0.716,0.195,0.0607,0.0934,0.287,0.71,0.961,0.593,0.788;a;
0.0205;0.233,0.58,0.802,0.744,0.894,0.194,0.769,0.895,0.578,0.398;aaaaaaa;
0.269;0.981,0.52,0.177,0.123,0.786,0.782,0.57,0.351,0.832,0.647;aaaaaa;
0.766;0.102,0.218,0.599,0.835,0.61,0.564,0.258,0.804,0.994,0.69;aaaaaaaaa;
0.802;0.664,0.914,0.165,0.851,0.783,0.34,0.802,0.525,0.4,0.304;aaaaa;
0.0701;0.319,0.766,0.736,0.405,0.744,0.788,0.119,0.23,0.357,0.296;aaaaa;
0.142;0.582,0.372,0.589,0.512,0.166,0.622,0.0235,0.922,0.23,0.705;aaaaaaaa;
0.263;0.778,0.18,0.121,0.199,0.35,0.5,0.701,0.291,0.971,0.603;aaa;
0.182;0.405,0.0427,0.466,0.782,0.19,0.324,0.31,0.315,0.694,0.399;aaa;
0.727;0.0279,0.865,0.821,0.66,0.567,0.868,0.0306,0.788,0.832,0.187;aaaaaaaa;
0.016;0.324,0.186,0.631,0.657,0.23,0.0292,0.145,0.092,0.241,0.757;aaa;
0.573;0.351,0.0283,0.524,0.903,0.425,0.923,0.357,0.129,0.486,0.069;aaaaaaaaaa;
0.541;0.251,0.225,0.199,0.721,0.739,0.226,0.252,0.0677,0.293,0.0825;aaaaaa;
0.497;0.82,0.247,0.76,0.585,0.342,0.394,0.435,0.876,0.288,0.0551;aaaaaa;
0.999;0.274,0.444,0.724,0.287,0.638,0.378,0.261,0.353,0.932,0.302;aa;
0.838;0.67,0.593,0.426,0.844,0.912,0.871,0.825,0.797,0.15,0.328;aaaaaaaaa;
0.298;0.274,0.0577,0.259,0.775,0.451,0.309,0.849,0.186,0.33,0.0553;aaaaaaa;
0.971;0.928,0.273,0.222,0.443,0.764,0.761,0.0454,0.15,0.95,0.57;aa;
0.126;0.256,0.286,0.11,0.103,0.814,0.0166,0.067,0.571,0.372,0.81;aa;
0.944;0.468,0.153,0.177,0.502,0.721,0.188,0.122,0.558,0.195,0.668;aaaa;
0.896;0.362,0.205,0.237,0.0559,0.943,0.191,0.966,0.364,0.153,0.779;aaaaaaa;
0.278;0.748,0.528,0.0554,0.863,0.63,0.777,0.664,0.607,0.0957,0.549;a;
0.394;0.6,0.524,0.357,0.661,0.43,0.2,0.12,0.726,0.137,0.0661;aaa;
0.671;0.0678,0.859,0.607,0.717,0.297,0.521,0.383,0.139,0.205,0.696;aaaaaa;
0.344;0.099,0.0992,0.213,0.607,0.926,0.504,0.163,0.941,0.0113,0.61;aaaaaaa;
0.142;0.691,0.155,0.571,0.363,0.606,0.938,0.376,0.375,0.119,0.116;aaaaaaaaa;
0.725;0.0336,0.817,0.796,0.734,0.547,0.681,0.519,0.877,0.369,0.67;aa;
0.334;0.22,0.144,0.775,0.365,0.591,0.572,0.616,0.0643,0.0121,0.379;aaaaaaa;
0.372;0.362,0.761,0.148,0.41,0.0756,0.537,0.955,0.408,0.472,0.766;aaa;
0.688;0.871,0.193,0.641,0.645,0.372,0.394,0.265,0.819,0.114,0.266;aaaaaa;
0.873;0.601,0.762,0.488,0.972,0.935,0.88,0.337,0.432,0.0296,0.889;aaaa;
0.96;0.944,0.762,0.0872,0.355,0.852,0.127,0.323,0.251,0.84,0.319;aaaaaaaaa;
0.168;0.883,0.235,0.291,0.189,0.116,0.575,0.479,0.406,0.847,0.763;aaaaaaaaa;
0.0799;0.438,0.959,0.15,0.503,0.732,0.183,0.872,0.848,0.957,0.163;aaaaaaaaaa;
0.588;0.784,0.175,0.392,0.739,0.508,0.34,0.171,0.247,0.886,0.814;aaaaaa;
0.78;0.559,0.958,0.884,0.338,0.575,0.749,0.211,0.752,0.343,0.503;aaa;
0.425;0.599,0.677,0.0321,0.0866,0.191,0.108,0.402,0.964,0.909,0.762;a;
0.791;0.353,0.00207,0.16,0.91,0.979,0.275,0.625,0.699,0.414,0.0557;aaaaa;
0.26;0.753,0.971,0.857,0.491,0.194,0.719,0.622,0.402,0.311,0.63;aa;
0.825;0.219,0.67,0.858,0.0807,0.111,0.278,0.766,0.23,0.62,0.55;aaaaa;
0.634;0.299,0.218,0.276,0.765,0.234,0.902,0.907,0.876,0.207,0.929;aaaaaaaaa;
0.447;0.9,0.486,0.352,0.481,0.678,0.738,0.65,0.0458,0.0823,0.831;aaaaaa;
0.905;0.91,0.746,0.198,0.513,0.934,0.863,0.323,0.284,0.0898,0.21;aaaaaaaa;
0.123;0.663,0.536,0.0543,0.976,0.702,0.669,0.3,0.0512,0.926,0.891;a;
0.854;0.508,0.932,0.378,0.294,0.0434,0.655,0.765,0.385,0.315,0.0139;a;
0.25;0.163,0.431,0.854,0.733,0.495,0.0634,0.559,0.577,0.836,0.89;aaaaaaaa;
0.00333;0.71,0.0767,0.495,0.0744,0.755,0.438,0.00884,0.196,0.507,0.0218;aaa;
0.382;0.568,0.381,0.378,0.747,0.918,0.0802,0.345,0.399,0.185,0.417;aaaaaaaaa;
0.985;0.791,0.854,0.183,0.191,0.0965,0.423,0.54,0.573,0.515,0.319;aaaaaaaa;
0.474;0.553,0.137,0.838,0.991,0.14,0.153,0.71,0.698,0.757,0.158;aaa;
0.987;0.00542,0.0113,0.821,0.0128,0.269,0.643,0.495,0.351,0.776,0.803;aaaaaaa;
0.994;0.677,0.616,0.0811,0.753,0.807,0.893,0.857,0.417,0.853,0.23;aaaaaaaa;
0.0166;0.402,0.681,0.334,0.841,0.139,0.132,0.118,0.479,0.572,0.486;aa;
0.333;0.835,0.712,0.221,0.732,0.952,0.687,0.116,0.0718,0.895,0.419;a;
0.253;0.726,0.0144,0.244,0.409,0.264,0.413,0.96,0.311,0.974,0.149;aa;
0.234;0.922,0.112,0.665,0.582,0.025,0.644,0.902,0.737,0.678,0.768;aa;
0.0941;0.62,0.716,0.33,0.472,0.156,0.248,0.716,0.745,0.449,0.356;aa;
0.949;0.331,0.473,0.881,0.0725,0.309,0.675,0.925,0.0753,0.253,0.695;aaaaaa;
0.431;0.541,0.0636,0.961,0.937,0.439,0.0917,0.424,0.833,0.657,0.9;aaaa;
0.0351;0.372,0.989,0.0991,0.104,0.257,0.488,0.752,0.845,0.636,0.789;a;
0.747;0.0531,0.244,0.763,0.938,0.0468,0.227,0.474,0.638,0.164,0.562;aaaaaaaa;
0.324;0.451,0.468,0.561,0.845,0.833,0.731,0.33,0.274,0.929,0.832;aaaaaaaa;
0.924;0.11,0.0476,0.326,0.892,0.549,0.596,0.296,0.758,0.935,0.816;aaaaaaaa;
0.913;0.775,0.159,0.942,0.625,0.932,0.927,0.107,0.3,0.393,0.118;aaaaaaaa;
0.441;0.334,0.742,0.99,0.667,0.456,0.366,0.00526,0.339,0.397,0.718;aa;
0.118;0.742,0.162,0.103,0.311,0.473,0.904,0.339,0.211,0.663,0.552;aaaaaaaaa;
0.0383;0.473,0.189,0.0999,0.0497,0.206,0.712,0.671,0.71,0.173,0.21;aaaaaa;
0.576;0.0258,0.207,0.172,0.179,0.407,0.315,0.318,0.603,0.75,0.147;aaaaa;
0.405;0.938,0.217,0.0597,0.716,0.697,0.436,0.931,0.398,0.22,0.915;aa;
0.955;0.557,0.00124,0.183,0.281,0.474,0.614,0.166,0.677,0.275,0.923;aaaaaaaaa;
0.245;0.776,0.47,0.579,0.102,0.469,0.106,0.884,0.567,0.401,0.0854;aaaaaaaaaa;
0.0492;0.681,0.97,0.404,0.117,0.93,0.53,0.234,0.846,0.304,0.984;aaaaaa;
0.495;0.683,0.899,0.718,0.877,0.715,0.554,0.268,0.123,0.615,0.992;aaaa;
0.675;0.528,0.822,0.709,0.547,0.53,0.715,0.952,0.304,0.093,0.419;aaaaa;
0.512;0.473,0.898,0.811,0.0979,0.471,0.574,0.518,0.991,0.262,0.445;aaa;
0.495;0.478,0.267,0.45,0.359,0.472,0.361,0.586,0.0796,0.187,0.911;aaaaaaaaaa;
0.928;0.658,0.587,0.811,0.12,0.262,0.844,0.859,0.232,0.59,0.959;aa;
0.843;0.336,0.373,0.947,0.417,0.584,0.153,0.737,0.781,0.669,0.315;aaaa;
0.512;0.506,0.342,0.706,0.586,0.352,0.252,0.419,0.763,0.963,0.272;aaaa;
0.259;0.437,0.424,0.349,0.824,0.116,0.602,0.0102,0.479,0.43,0.997;aaaa;
0.0424;0.531,0.383,0.693,0.949,0.735,0.983,0.74,0.035,0.0792,0.489;aaaaaaa;
0.526;0.374,0.324,0.03,0.703,0.258,0.529,0.312,0.369,0.0272,0.981;aaaaaaaaaa;
0.0505;0.107,0.618,0.511,0.929,0.632,0.197,0.788,0.491,0.0257,0.651;aaaaa;
0.663;0.569,0.62,0.423,0.295,0.881,0.509,0.21,0.57,0.0609,0.918;aaaaaaaaaa;
0.943;0.859,0.67,0.748,0.526,0.234,0.075,0.536,0.954,0.687,0.0308;aaaaaaa;
0.812;0.516,0.932,0.493,0.988,0.875,0.142,0.247,0.503,0.0133,0.0697;aaaaaaaaaa;
0.273;0.605,0.362,0.53,0.85,0.745,0.804,0.18,0.839,0.32,0.886;a;
0.828;0.89,0.182,0.868,0.00225,0.247,0.849,0.727,0.718,0.83,0.697;aaaa;
0.938;0.0294,0.124,0.516,0.437,0.768,0.853,0.911,0.27,0.0641,0.693;aa;
0.44;0.593,0.383,0.352,0.943,0.939,0.863,0.197,0.224,0.757,0.251;aaa;
0.141;0.62,0.271,0.429,0.655,0.337,0.028,0.0997,0.92,0.23,0.857;aa;
0.0897;0.989,0.218,0.604,0.613,0.153,0.757,0.32,0.283,0.322,0.198;aaaaaaaaaa;
0.594;0.559,0.213,0.554,0.202,0.41,0.956,0.217,0.645,0.406,0.768;aaa;
0.813;0.685,0.00344,0.79,0.289,0.222,0.566,0.208,0.972,0.402,0.635;aa;
0.607;0.0458,0.457,0.0857,0.267,0.254,0.707,0.151,0.698,0.496,0.458;aaaaaaaaa;
0.257;0.407,0.186,0.87,0.672,0.722,0.269,0.409,0.422,0.00549,0.596;aaaa;
0.558;0.601,0.553,0.384,0.824,0.752,0.98,0.949,0.992,0.453,0.517;aaaaaaaaa;
0.755;0.724,0.621,0.337,0.0235,0.774,0.913,0.452,0.61,0.413,0.00284;aaaa;
0.0509;0.729,0.53,0.632,0.0293,0.571,0.139,0.505,0.735,0.888,0.374;aaaaaa;
0.989;0.952,0.257,0.0905,0.483,0.542,0.956,0.903,0.477,0.0598,0.754;aaaaaa;
0.61;0.194,0.298,0.524,0.479,0.587,0.271,0.106,0.128,0.32,0.441;aaaaaa;
0.973;0.262,0.112,0.252,0.0949,0.636,0.654,0.199,0.349,0.684,0.221;aaa;
0.465;0.297,0.733,0.234,0.875,0.0646,0.828,0.433,0.763,0.981,0.594;aaaaaaaaa;
0.249;0.689,0.309,0.8,0.88,0.841,0.168,0.603,0.434,0.0638,0.859;aaaaaaaa;
0.462;0.408,0.878,0.679,0.332,0.897,0.59,0.0221,0.0243,0.77,0.549;a;
0.274;0.881,0.00192,0.544,0.322,0.684,0.134,0.503,0.917,0.577,0.106;aaaaaaaa;
0.179;0.868,0.726,0.145,0.403,0.0496,0.357,0.162,0.824,0.00943,0.0475;aaaa;
0.978;0.242,0.128,0.395,0.789,0.544,0.283,0.575,0.012,0.808,0.659;aaaaa;
0.462;0.267,0.299,0.856,0.32,0.913,0.331,0.938,0.449,0.214,0.748;aaaaa;
0.572;0.0129,0.669,0.467,0.111,0.115,0.628,0.394,0.458,0.383,0.304;aaaaaa;
0.299;0.703,0.964,0.406,0.313,0.09,0.348,0.432,0.718,0.0305,0.986;aaaaaaaa;
0.712;0.174,0.539,0.128,0.438,0.44,0.426,0.642,0.691,0.94,0.324;aaaaa;
0.774;0.638,0.631,0.988,0.631,0.938,0.571,0.802,0.971,0.265,0.792;aaa;
0.965;0.816,0.582,0.883,0.301,0.701,0.0516,0.601,0.0336,0.551,0.295;aaaaaa;
0.966;0.277,0.0305,0.934,0.163,0.0485,0.68,0.715,0.606,0.774,0.584;aaaaa;
0.268;0.37,0.0281,0.838,0.86,0.261,0.287,0.664,0.57,0.798,0.364;aaaaaaaa;
0.122;0.421,0.197,0.035,0.5,0.95,0.786,0.477,0.332,0.818,0.769;aaa;
0.468;0.397,0.424,0.687,0.783,0.721,0.439,0.926,0.566,0.109,0.882;aaaaa;
0.972;0.926,0.104,0.434,0.0983,0.731,0.764,0.222,0.509,0.04,0.484;a;
0.758;0.467,0.817,0.64,0.291,0.23,0.251,0.859,0.297,0.00519,0.853;a;
0.541;0.762,0.483,0.592,0.408,0.81,0.26,0.863,0.0906,0.0241,0.506;aaaaaaaa;
0.016;0.749,0.619,0.882,0.484,0.466,0.508,0.682,0.47,0.992,0.138;aaaaaa;
0.0909;0.203,0.805,0.524,0.844,0.0271,0.974,0.331,0.258,0.555,0.0711;aaaaaaaaa;
0.303;0.5,0.589,0.61,0.822,0.634,0.81,0.263,0.502,0.528,0.503;aaa;
0.456;0.467,0.8,0.657,0.628,0.754,0.513,0.0428,0.0105,0.396,0.205;aaa;
0.0926;0.418,0.236,0.293,0.33,0.506,0.252,0.75,0.0791,0.821,0.225;a;
0.66;0.568,0.92,0.705,0.873,0.0623,0.473,0.544,0.58,0.462,0.659;aaaaaa;
0.296;0.135,0.837,0.0479,0.977,0.982,0.438,0.66,0.535,0.047,0.132;aaaaaaaa;
0.713;0.249,0.537,0.303,0.351,0.2,0.658,0.323,0.556,0.582,0.458;aaaaaaaaaa;
0.591;0.0814,0.765,0.31,0.195,0.689,0.338,0.294,0.565,0.225,0.427;aaaaaaaaaa;
0.293;0.983,0.13,0.486,0.736,0.435,0.412,0.0505,0.597,0.0653,0.142;aaaaa;
0.955;0.538,0.976,0.853,0.169,0.775,0.288,0.754,0.823,0.0846,0.78;aaaaa;
0.209;0.125,0.819,0.144,0.877,0.34,0.746,0.0936,0.772,0.0937,0.25;aaaaaaaaaa;
0.351;0.277,0.992,0.203,0.225,0.316,0.377,0.991,0.86,0.144,0.961;aaaaaaaa;
0.819;0.216,0.242,0.497,0.786,0.958,0.279,0.192,0.479,0.499,0.477;aaaaaaaaaa;
0.49;0.892,0.87,0.784,0.712,0.178,0.401,0.503,0.8,0.379,0.369;aaa;
0.219;0.94,0.876,0.756,0.596,0.891,0.876,0.538,0.726,0.631,0.32;aaa;
0.698;0.577,0.475,0.174,0.642,0.363,0.358,0.309,0.0272,0.805,0.899;aaaaaaa;
0.0427;0.336,0.923,0.428,0.27,0.447,0.056,0.298,0.207,0.362,0.302;aaa;
0.529;0.794,0.0544,0.506,0.637,0.587,0.00833,0.0891,0.876,0.593,0.371;aaaaa;
0.586;0.558,0.199,0.677,0.551,0.801,0.553,0.514,0.756,0.997,0.685;aaaaaaa;
0.75;0.036,0.665,0.987,0.00635,0.494,0.585,0.224,0.936,0.136,0.968;aaaaaa;
0.791;0.16,0.6,0.107,0.317,0.683,0.000156,0.538,0.139,0.423,0.564;aaaaaaaaa;
0.118;0.403,0.405,0.487,0.119,0.0905,0.675,0.633,0.513,0.00698,0.801;aaaaaaaa;
0.539;0.221,0.24,0.88,0.22,0.409,0.46,0.828,0.392,0.844,0.0489;aaaaaaaa;
0.97;0.726,0.961,0.867,0.279,0.111,0.193,0.877,0.609,0.0995,0.0256;aaaaaaaaaa;
0.906;0.558,0.406,0.432,0.101,0.489,0.95,0.769,0.0839,0.219,0.849;aaaaaaa;
0.56;0.634,0.348,0.911,0.948,0.366,0.763,0.298,0.825,0.147,0.39;aaaaa;
0.0905;0.724,0.172,0.689,0.287,0.843,0.339,0.958,0.706,0.198,0.456;aaaaaa;
0.943;0.519,0.604,0.429,0.207,0.7,0.162,0.333,0.671,0.762,0.964;aaaaaa;
0.138;0.64,0.72,0.574,0.136,0.357,0.198,0.797,0.226,0.324,0.531;aaaa;
0.926;0.0605,0.426,0.199,0.788,0.492,0.627,0.0673,0.836,0.167,0.567;aaaaaaaa;
0.628;0.51,0.462,0.631,0.0129,0.705,0.417,0.225,0.776,0.786,0.187;aa;
0.574;0.899,0.931,0.967,0.928,0.377,0.195,0.859,0.743,0.732,0.69;aaaaaaaaa;
0.325;0.0767,0.466,0.482,0.142,0.756,0.226,0.647,0.595,0.0761,0.903;aaaaa;
0.165;0.501,0.339,0.761,0.515,0.702,0.118,0.373,0.353,0.138,0.221;aaaaa;
0.693;0.6,0.998,0.0154,0.722,0.106,0.514,0.231,0.234,0.691,0.333;aaa;
0.858;0.178,0.641,0.69,0.46,0.737,0.946,0.372,0.15,0.751,0.121;aaaaaaaaa;
0.548;0.992,0.596,0.686,0.468,0.518,0.524,0.934,0.179,0.673,0.681;aaaaaa;
0.782;0.239,0.576,0.627,0.283,0.406,0.808,0.242,0.512,0.751,0.0862;aaaaaaaaa;
0.217;0.537,0.634,0.511,0.67,0.489,0.953,0.569,0.539,0.157,0.459;aa;
0.315;0.0551,0.706,0.327,0.898,0.639,0.632,0.711,0.96,0.88,0.0276;aaa;
0.0316;0.336,0.825,0.228,0.64,0.235,0.618,0.927,0.575,0.268,0.98;aaaaaaaa;
0.194;0.227,0.106,0.51,0.826,0.886,0.143,0.455,0.269,0.0946,0.748;aaaaaaaaa;
0.236;0.984,0.854,0.0914,0.416,0.155,0.687,0.9,0.633,0.83,0.155;aaaaa;
0.395;0.0578,0.101,0.467,0.833,0.586,0.414,0.361,0.461,0.493,0.673;aaaaaaa;
0.173;0.555,0.965,0.629,0.521,0.168,0.38,0.41,0.555,0.878,0.467;aaaaaaaaaa;
0.492;0.662,0.243,0.947,0.371,0.503,0.452,0.6,0.41,0.99,0.933;aaa;
0.992;0.975,0.505,0.521,0.00641,0.956,0.572,0.0989,0.225,0.424,0.325;aaaaaaaa;
0.529;0.367,0.963,0.0435,0.222,0.161,0.138,0.344,0.861,0.989,0.0684;aaaaaaa;
0.876;0.721,0.618,0.564,0.871,0.677,0.348,0.307,0.345,0.166,0.281;aaa;
0.144;0.421,0.701,0.952,0.366,0.953,0.574,0.0338,0.608,0.739,0.473;aaaaa;
0.502;0.397,0.588,0.98,0.0259,0.721,0.027,0.314,0.697,0.616,0.775;aaa;
0.321;0.561,0.695,0.553,0.373,0.272,0.513,0.813,0.998,0.38,0.62;aaaaaaaa;
0.0846;0.655,0.302,0.743,0.344,0.088,0.312,0.525,0.732,0.179,0.591;a;
0.279;0.182,0.39,0.623,0.0875,0.227,0.595,0.212,0.911,0.18,0.869;aaaa;
0.748;0.164,0.474,0.533,0.67,0.634,0.941,0.555,0.0197,0.0167,0.827;aaaaa;
0.425;0.565,0.726,0.0629,0.933,0.493,0.87,0.833,0.564,0.357,0.601;aaaaaaaaa;
0.636;0.722,0.894,0.0922,0.587,0.361,0.634,0.285,0.917,0.576,0.373;aaaa;
0.326;0.152,0.414,0.812,0.442,0.489,0.449,0.835,0.698,0.14,0.198;aaaaaaaa;
0.428;0.323,0.293,0.891,0.86,0.586,0.707,0.503,0.286,0.779,0.57;a;
0.861;0.335,0.774,0.575,0.245,0.618,0.475,0.0422,0.555,0.299,0.000814;aaaa;
0.751;0.581,0.924,0.33,0.609,0.559,0.873,0.384,0.483,0.357,0.309;aaaa;
0.531;0.172,0.192,0.924,0.244,0.351,0.232,0.804,0.528,0.773,0.795;aaaa;
0.698;0.621,0.736,0.0346,0.753,0.421,0.834,0.829,0.227,0.427,0.025;aa;
0.247;0.594,0.449,0.51,0.189,0.232,0.69,0.792,0.808,0.822,0.9;aaa;
0.975;0.0975,0.796,0.113,0.0759,0.667,0.0332,0.923,0.246,0.621,0.161;aa;
0.0871;0.783,0.398,0.95,0.434,0.737,0.0731,0.844,0.172,0.0428,0.332;aaaaaaaaa;
0.229;0.758,0.879,0.907,0.0051,0.336,0.517,0.957,0.079,0.328,0.383;aaa;
0.884;0.494,0.266,0.877,0.666,0.601,0.97,0.0819,0.409,0.881,0.18;aaaa;
0.316;0.453,0.77,0.312,0.0669,0.591,0.561,0.833,0.827,0.844,0.322;aaaaa;
0.174;0.199,0.232,0.666,0.638,0.104,0.974,0.336,0.297,0.278,0.776;aaaa;
0.391;0.333,0.691,0.95,0.598,0.473,0.916,0.922,0.63,0.814,0.882;a;
0.273;0.327,0.247,0.276,0.355,0.811,0.149,0.137,0.567,0.681,0.639;aaaaaaaaaa;
0.936;0.288,0.154,0.766,0.799,0.0846,0.227,0.928,0.293,0.171,0.712;aaaaaaaa;
0.853;0.892,0.291,0.795,0.101,0.715,0.515,0.317,0.689,0.00075,0.581;aaaaaaaaa;
0.453;0.508,0.888,0.529,0.925,0.757,0.728,0.419,0.71,0.709,0.756;aaaa;
0.101;0.437,0.324,0.0101,0.534,0.844,0.833,0.00768,0.387,0.217,0.363;aa;
0.469;0.44,0.951,0.574,0.51,0.542,0.186,0.367,0.879,0.845,0.371;aaaaa;
0.755;0.876,0.0772,0.0747,0.876,0.401,0.149,0.384,0.702,0.794,0.6;aaa;
0.917;0.911,0.214,0.781,0.181,0.0527,0.245,0.295,0.241,0.484,0.0895;aaaaaa;
0.46;0.96,0.705,0.562,0.916,0.403,0.123,0.764,0.713,0.0297,0.789;aa;
0.17;0.662,0.987,0.522,0.165,0.537,0.492,0.438,0.375,0.293,0.677;aaa;
0.0335;0.0672,0.621,0.186,0.752,0.712,0.525,0.674,0.437,0.474,0.0342;aaaaaaa;
0.533;0.585,0.163,0.44,0.656,0.156,0.357,0.956,0.267,0.189,0.111;aaaaaa;
0.0582;0.48,0.457,0.919,0.509,0.0936,0.516,0.459,0.358,0.712,0.226;aaaaaaa;
0.978;0.77,0.393,0.716,0.339,0.518,0.452,0.837,0.133,0.242,0.12;aaaa;
0.163;0.595,0.841,0.891,0.27,0.141,0.526,0.592,0.701,0.712,0.936;aaa;
0.48;0.954,0.367,0.741,0.94,0.979,0.448,0.849,0.769,0.441,0.738;aaaaaaaaaa;
0.427;0.367,0.414,0.571,0.432,0.59,0.128,0.887,0.484,0.464,0.439;aaaaaaaa;
0.556;0.801,0.301,0.0531,0.325,0.743,0.527,0.655,0.524,0.368,0.892;aaaaaaaa;
0.237;0.93,0.746,0.485,0.277,0.108,0.56,0.0626,0.248,0.0367,0.752;aaaaaa;
0.667;0.973,0.69,0.238,0.344,0.277,0.0512,0.564,0.567,0.439,0.17;aaaaaa;
0.156;0.00745,0.398,0.901,0.28,0.735,0.651,0.593,0.59,0.622,0.067;aaa;
0.247;0.0291,0.77,0.484,0.349,0.976,0.294,0.275,0.755,0.268,0.927;aaaaaaaa;
0.0308;0.202,0.633,0.539,0.369,0.662,0.643,0.898,0.5,0.568,0.327;aa;
0.0857;0.127,0.214,0.228,0.808,0.922,0.918,0.614,0.255,0.69,0.692;aaaa;
0.0463;0.381,0.286,0.364,0.0622,0.354,0.312,0.451,0.86,0.661,0.764;aaaaaaaaa;
0.926;0.441,0.137,0.614,0.655,0.469,0.132,0.648,0.614,0.716,0.581;aaaaaaa;
0.0387;0.829,0.754,0.978,0.194,0.913,0.132,0.967,0.456,0.706,0.21;aaa;
0.49;0.679,0.308,0.0268,0.0254,0.475,0.499,0.285,0.913,0.655,0.383;aa;
0.446;0.726,0.603,0.215,0.771,0.193,0.856,0.536,0.789,0.38,0.903;aaaaaaaaaa;
0.971;0.905,0.915,0.648,0.381,0.731,0.458,0.972,0.217,0.42,0.24;aaa;
0.104;0.709,0.901,0.733,0.626,0.801,0.331,0.156,0.705,0.869,0.766;aaaaa;
0.788;0.961,0.963,0.651,0.586,0.258,0.101,0.847,0.437,0.796,0.544;aaaa;
0.742;0.655,0.821,0.778,0.278,0.898,0.592,0.65,0.407,0.382,0.291;aaaaaaa;
0.0799;0.902,0.00397,0.371,0.442,0.28,0.833,0.718,0.00445,0.639,0.0293;aaaaaaaa;
0.377;0.757,0.802,0.0106,0.715,0.963,0.855,0.912,0.621,0.537,0.0992;aaaaaaa;
0.234;0.548,0.21,0.381,0.552,0.747,0.382,0.743,0.646,0.541,0.848;aa;
0.717;0.0775,0.196,0.922,0.811,0.781,0.279,0.121,0.13,0.227,0.656;aa;
0.647;1,0.551,0.191,0.766,0.183,0.661,0.0342,0.936,0.648,0.67;aa;
0.66;0.45,0.0935,0.115,0.727,0.474,0.329,0.86,0.958,0.871,0.34;aaaaaa;
0.759;0.176,0.129,0.472,0.278,0.105,0.195,0.762,0.114,0.405,0.183;aaaa;
0.618;0.603,0.176,0.245,0.32,0.993,0.603,0.663,0.174,0.318,0.816;aaa;
0.856;0.501,0.465,0.486,0.0913,0.0141,0.209,0.995,0.0319,0.941,0.347;aaaaaa;
0.685;0.677,0.172,0.798,0.78,0.127,0.563,0.49,0.737,0.847,0.705;aaaa;
0.207;0.999,0.291,0.519,0.854,0.21,0.362,0.206,0.175,0.791,0.199;aaaaaaa;
0.587;0.441,0.655,0.885,0.28,0.476,0.321,0.533,0.732,0.405,0.987;aaaaaaaaa;
0.16;0.126,0.581,0.29,0.807,0.144,0.483,0.225,0.306,0.883,0.242;aaaaaaa;
0.663;0.879,0.987,0.15,0.674,0.675,0.39,0.37,0.18,0.888,0.594;a;
0.227;0.375,0.904,0.746,0.145,0.18,0.876,0.387,0.138,0.456,0.495;aaaaaaaaa;
0.275;0.197,0.797,0.644,0.204,0.513,0.633,0.634,0.946,0.949,0.707;a;
0.534;0.503,0.437,0.534,0.0759,0.429,0.187,0.848,0.466,0.0926,0.293;aaaaaaa;
0.361;1,0.107,0.847,0.85,0.478,0.301,0.0339,0.738,0.228,0.433;aaaaaaaaa;
0.924;0.767,0.00493,0.448,0.123,0.203,0.902,0.971,0.788,0.44,0.422;a;
0.808;0.202,0.762,0.734,0.0241,0.894,0.71,0.529,0.598,0.339,0.407;aaaaaaa;
0.844;0.539,0.398,0.151,0.961,0.271,0.854,0.105,0.349,0.0721,0.535;aaa;
0.638;0.734,0.316,0.0939,0.93,0.0963,0.576,0.571,0.279,0.776,0.318;aaaa;
0.474;0.664,0.531,0.00267,0.152,0.151,0.314,0.891,0.459,0.0142,0.988;aaaaa;
0.778;0.524,0.925,0.855,0.34,0.977,0.636,0.165,0.808,0.414,0.802;aaaaaa;
0.00383;0.322,0.736,0.577,0.337,0.24,0.341,0.78,0.458,0.896,0.156;aaaaaaaaa;
0.862;0.21,0.0488,0.704,0.545,0.716,0.971,0.261,0.0848,0.308,0.0573;aaaaaaaaaa;
0.494;0.93,0.898,0.0485,0.178,0.259,0.0705,0.643,0.414,0.456,0.435;a;
0.77;0.764,0.492,0.464,0.92,0.728,0.468,0.854,0.573,0.59,0.0854;aaaaaa;
0.944;0.0777,0.0672,0.879,0.0629,0.965,0.794,0.382,0.387,0.769,0.833;aaaaaaaa;
0.0211;0.274,0.882,0.588,0.835,0.214,0.623,0.554,0.000175,0.875,0.822;aaaaaaaa;
0.863;0.144,0.811,0.716,0.287,0.27,0.908,0.502,0.573,0.789,0.178;aaaaaaaa;
0.485;0.763,0.812,0.896,0.14,0.188,0.951,0.875,0.582,0.17,0.701;aaaaa;
0.519;0.37,0.602,0.848,0.804,0.167,0.484,0.156,0.406,0.586,0.0767;aaaaa;
0.475;0.937,0.76,0.502,0.526,0.335,0.271,0.614,0.758,0.544,0.402;aaaaaaaa;
0.766;0.209,0.511,0.798,0.0167,0.358,0.338,0.899,0.52,0.656,0.655;aaaaaaaa;
0.196;0.45,0.403,0.607,0.408,0.233,0.733,0.65,0.23,0.146,0.578;aaaaa;
0.232;0.821,0.538,0.465,0.185,0.261,0.68,0.478,0.682,0.485,0.433;aaaaa;
0.452;0.8,0.766,0.615,0.257,0.326,0.201,0.412,0.529,0.339,0.501;aa;
0.0692;0.803,0.95,0.121,0.201,0.0865,0.755,0.0105,0.0605,0.894,0.937;a;
0.463;0.93,0.635,0.18,0.267,0.719,0.646,0.379,0.541,0.191,0.702;aaa;
0.62;0.821,0.158,0.883,0.331,0.952,0.477,0.49,0.795,0.89,0.981;aaaaaa;
0.487;0.789,0.341,0.197,0.207,0.219,0.646,0.0532,0.437,0.797,0.697;aaaaaaa;
0.87;0.407,0.584,0.389,0.572,0.328,0.62,0.483,0.69,0.561,0.548;aaaaaaaaaa;
0.738;0.854,0.0167,0.12,0.482,0.259,0.801,0.211,0.875,0.717,0.958;aaaaaa;
0.051;0.332,0.577,0.184,0.707,0.612,0.224,0.0653,0.154,0.465,0.879;aaa;
0.517;0.658,0.366,0.754,0.119,0.321,0.528,0.644,0.566,0.411,0.721;aaaaaaa;
0.411;0.307,0.331,0.374,0.501,0.328,0.0847,0.522,0.23,0.149,0.171;aaaaaaaaa;
0.0546;0.504,0.363,0.633,0.803,0.859,0.321,0.371,0.428,0.854,0.826;aaaaa;
0.297;0.928,0.966,0.399,0.914,0.211,0.61,0.949,0.177,0.828,0.612;aaaaaaaaaa;
0.0964;0.214,0.441,0.801,0.994,0.807,0.0707,0.408,0.706,0.25,0.653;aa;
0.0811;0.464,0.023,0.511,0.425,0.569,0.494,0.28,0.774,0.253,0.923;aaaaaaaaa;
0.377;0.496,0.821,0.133,0.0604,0.808,0.632,0.762,0.00496,0.669,0.294;aaa;
0.212;0.681,0.833,0.463,0.351,0.15,0.883,0.868,0.782,0.825,0.713;aaaaaa;
0.511;0.238,0.877,0.273,0.688,0.773,0.0364,0.322,0.27,0.852,0.0488;aaa;
0.836;0.867,0.0507,0.376,0.0972,0.528,0.801,0.751,0.183,0.547,0.832;aaa;
0.71;0.481,0.22,0.817,0.917,0.197,0.0163,0.945,0.0455,0.515,0.649;aaaaaaaaaa;
0.528;0.785,0.632,0.551,0.0994,0.437,0.785,0.421,0.047,0.817,0.597;aaaaaa;
0.229;0.578,0.991,0.486,0.68,0.942,0.0466,0.217,0.828,0.866,0.87;aaaaaaaa;
0.953;0.488,0.61,0.318,0.544,0.724,0.146,0.799,0.664,0.027,0.204;aa;
0.151;0.505,0.186,0.0978,0.241,0.152,0.72,0.434,0.652,0.242,0.705;aaaaaaaaa;
0.895;0.0861,0.304,0.89,0.471,0.343,0.279,0.424,0.493,0.676,0.347;aaaaaaaaa;
0.00568;0.587,0.749,0.378,0.736,0.727,0.874,0.709,0.243,0.559,0.337;aaaaaaa;
0.128;0.973,0.668,0.497,0.522,0.393,0.963,0.902,0.989,0.567,0.276;aaaaaaaaaa;
0.967;0.381,0.223,0.949,0.282,0.557,0.456,0.175,0.0744,0.0443,0.0201;aaaa;
0.821;0.57,0.298,0.434,0.581,0.593,0.035,0.764,0.705,0.353,0.972;aaa;
0.848;0.874,0.289,0.698,0.426,0.792,0.461,0.433,0.578,0.358,0.595;aaaaaaa;
0.201;0.251,0.181,0.00237,0.21,0.894,0.107,0.747,0.697,0.382,0.259;aaaaaa;
0.406;0.36,0.187,0.394,0.98,0.972,0.901,0.271,0.58,0.944,0.684;aaaaaaaa;
0.768;0.556,0.453,0.693,0.824,0.336,0.0314,0.693,0.113,0.149,0.000636;aaaaaaaaaa;
0.708;0.0684,0.359,0.952,0.014,0.746,0.464,0.153,0.439,0.76,0.924;aa;
0.23;0.859,0.831,0.302,0.759,0.79,0.162,0.181,0.774,0.937,0.737;aaaa;
0.104;0.109,0.992,0.965,0.588,0.784,0.973,0.953,0.155,0.351,0.769;aaaaaaaaaa;
0.861;0.938,0.462,0.391,0.296,0.251,0.15,0.773,0.00985,0.43,0.499;aaaaaaaaa;
0.167;0.204,0.613,0.609,0.714,0.749,0.502,0.595,0.107,0.406,0.349;aaaa;
0.331;0.199,0.653,0.933,0.872,0.774,0.385,0.337,0.332,0.399,0.128;aaaaaaaaaa;
0.261;0.687,0.714,0.0415,0.191,0.136,0.923,0.311,0.135,0.448,0.007;aaaaaaaaaa;
0.648;0.165,0.292,0.205,0.914,0.0393,0.0582,0.118,0.744,0.563,0.0795;aa;
0.0596;0.989,0.539,0.217,0.888,0.6,0.303,0.733,0.0779,0.697,0.558;aaaaaaaaaa;
0.763;0.341,0.67,0.445,0.412,0.0933,0.124,0.0602,0.808,0.291,0.0319;a;
0.735;0.391,0.725,0.812,0.336,0.81,0.0717,0.212,0.95,0.835,0.0637;a;
0.396;0.52,0.119,0.927,0.903,0.348,0.288,0.588,0.729,0.52,0.0941;aaaaaa;
0.661;0.0587,0.372,0.761,0.939,0.372,0.545,0.056,0.296,0.807,0.61;aaa;
0.504;0.243,0.222,0.666,0.0502,0.788,0.713,0.0379,0.965,0.978,0.726;aaaa;
0.201;0.0982,0.688,0.415,0.931,0.475,0.911,0.363,0.738,0.398,0.846;aaaa;
0.731;0.663,0.34,0.0433,0.391,0.279,0.127,0.535,0.262,0.292,0.649;a;
0.648;0.434,0.997,0.907,0.375,0.98,0.609,0.591,0.0652,0.291,0.526;aaaaa;
0.683;0.743,0.622,0.0686,0.185,0.226,0.637,0.621,0.555,0.00259,0.312;aaa;
0.776;0.281,0.404,0.00469,0.662,0.536,0.842,0.096,0.392,0.355,0.995;aaaaaaaa;
0.593;0.381,0.0508,0.741,0.417,0.134,0.981,0.882,0.9,0.188,0.701;aaa;
0.762;0.547,0.439,0.981,0.592,0.762,0.594,0.17,0.556,0.0268,0.267;aa;
0.241;0.437,0.614,0.755,0.215,0.345,0.293,0.14,0.793,0.622,0.855;aaaaaaaaaa;
0.957;0.632,0.3,0.132,0.0741,0.827,0.0329,0.192,0.541,0.209,0.281;aaaaaaaa;
0.765;0.245,0.686,0.187,0.513,0.53,0.566,0.779,0.0761,0.198,0.375;aaa;
0.896;0.556,0.0374,0.826,0.753,0.912,0.208,0.204,0.228,0.989,0.663;aaaaaa;
0.0594;0.747,0.0856,0.885,0.385,0.305,0.864,0.163,0.0162,0.238,0.923;aa;
0.805;0.0748,0.925,0.176,0.666,0.287,0.992,0.767,0.965,0.485,0.326;aaaaaa;
0.0176;0.936,0.503,0.983,0.387,0.488,0.763,0.217,0.455,0.232,0.254;aaaaaa;
0.0307;0.547,0.261,0.904,0.504,0.731,0.341,0.401,0.857,0.405,0.402;aaaaaaaaaa;
0.905;0.493,0.973,0.663,0.208,0.433,0.893,0.0331,0.774,0.366,0.282;aaaa;
0.139;0.167,0.251,0.696,0.0465,0.0566,0.281,0.826,0.52,0.656,0.954;aaaaaa;
0.3;0.0528,0.233,0.764,0.311,0.641,0.492,0.457,0.848,0.0342,0.694;aaaaaaaaaa;
0.183;0.789,0.685,0.732,0.652,0.719,0.781,0.688,0.126,0.979,0.297;aaa;
0.428;0.401,0.81,0.142,0.824,0.034,0.0287,0.994,0.451,0.452,0.457;aaaaaa;
0.67;0.773,0.555,0.242,0.992,0.535,0.352,0.561,0.828,0.551,0.846;aaaaaaa;
0.397;0.46,0.142,0.278,0.343,0.327,0.569,0.8,0.538,0.542,0.545;aaaaaaaaaa;
0.737;0.189,0.602,0.343,0.787,0.29,0.786,0.456,0.445,0.361,0.593;aaaaaaaa;
0.798;0.179,0.0884,0.817,0.907,0.495,0.63,0.28,0.784,0.337,0.398;aaaaaaaaa;
0.234;0.839,0.595,0.0328,0.786,0.669,0.408,0.0129,0.815,0.874,0.645;aaa;
0.319;0.0662,0.797,0.88,0.316,0.651,0.0347,0.864,0.958,0.314,0.64;aaaaaaaaa;
0.481;0.15,0.901,0.936,0.994,0.172,0.964,0.329,0.658,0.523,0.895;aaaaaaaaaa;
0.925;0.6,0.399,0.822,0.0149,0.911,0.667,0.00579,0.0239,0.556,0.0168;aaa;
0.731;0.0572,0.885,0.643,0.715,0.383,0.207,0.99,0.488,0.414,0.53;aaaaaaaaa;
0.547;0.525,0.219,0.404,0.327,0.32,0.697,0.232,0.946,0.61,0.06;aaaaa;
0.442;0.57,0.548,0.561,0.0221,0.195,0.582,0.221,0.302,0.416,0.883;aaaa;
0.483;0.103,0.966,0.612,0.229,0.518,0.148,0.888,0.906,0.331,0.575;aaa;
0.132;0.902,0.333,0.671,0.877,0.208,0.323,0.444,0.311,0.381,0.21;aaaaaaa;
0.998;0.207,0.881,0.733,0.415,0.321,0.473,0.245,0.188,0.463,0.95;aaaaaaaaaa;
0.666;0.584,0.689,0.528,0.899,0.953,0.0556,0.515,0.628,0.157,0.5;aaaaaaaaa;
0.495;0.834,0.954,0.854,0.122,0.877,0.921,0.579,0.00529,0.989,0.437;aaaaaaaa;
0.394;0.0642,0.819,0.944,0.861,0.528,0.635,0.911,0.204,0.0154,0.617;aaaaaaaa;
0.429;0.895,0.983,0.563,0.566,0.966,0.543,0.743,0.135,0.528,0.326;aaaaaaaaa;
0.866;0.961,0.198,0.509,0.585,0.0385,0.157,0.529,0.568,0.594,0.87;a;
0.579;0.108,0.923,0.876,0.11,0.321,0.374,0.56,0.731,0.083,0.497;aa;
0.598;0.344,0.268,0.435,0.247,0.618,0.108,0.0837,0.95,0.233,0.207;aaaaaaaa;
0.859;0.358,0.368,0.392,0.694,0.921,0.8,0.946,0.212,0.752,0.132;aaaa;
0.623;0.206,0.156,0.721,0.252,0.315,0.29,0.416,0.94,0.356,0.483;aaaa;
0.739;0.798,0.562,0.612,0.477,0.227,0.747,0.0806,0.526,0.897,0.564;aaaaaa;
0.142;0.343,0.724,0.597,0.8,0.811,0.413,0.652,0.0217,0.215,0.0791;aaaaaaaaa;
0.8;0.565,0.0923,0.44,0.954,0.26,0.84,0.0884,0.191,0.145,0.938;aaaaaa;
0.904;0.0457,0.987,0.639,0.478,0.492,0.232,0.0928,0.891,0.437,0.483;aaaaaa;
0.307;0.744,0.48,0.913,0.262,0.525,0.325,0.464,0.612,0.855,0.807;aaa;
0.961;0.0475,0.626,0.0358,0.582,0.324,0.595,0.0189,0.707,0.0345,0.771;aaaaaaaaaa;
0.729;0.638,0.288,0.48,0.736,0.19,0.183,0.759,0.102,0.695,0.13;aa;
0.42;0.199,0.429,0.466,0.648,0.895,0.356,0.478,0.698,0.254,0.799;aaaaaaaa;
0.494;0.726,0.588,0.0522,0.879,0.427,0.43,0.498,0.618,0.342,0.319;aaaaaaaa;
0.665;0.549,0.424,0.138,0.485,0.897,0.171,0.486,0.314,0.449,0.436;aaaaaaaa;
0.177;0.0402,0.582,0.333,0.374,0.0131,0.0413,0.685,0.346,0.436,0.229;aaaa;
0.749;0.1,0.765,0.619,0.295,0.947,0.996,0.904,0.0668,0.776,0.682;aaaaaaaaaa;
0.187;0.594,0.861,0.623,0.621,0.152,0.113,0.878,0.079,0.685,0.903;aa;
0.00876;0.42,0.293,0.837,0.814,0.0723,0.976,0.514,0.952,0.156,0.507;a;
0.789;0.343,0.434,0.315,0.912,0.833,0.299,0.9,0.695,0.462,0.0711;aaaaaaaaaa;
0.899;0.793,0.0483,0.969,0.945,0.138,0.779,0.574,0.59,0.295,0.295;aaaaaaaa;
0.675;0.472,0.777,0.732,0.382,0.45,0.683,0.707,0.833,0.995,0.444;aaaaaa;
0.909;0.225,0.0129,0.557,0.637,0.523,0.465,0.114,0.898,0.176,0.93;aaaaaaaa;
0.886;0.602,0.673,0.317,0.186,0.473,0.578,0.177,0.1,0.629,0.277;aaaaaaaaaa;
0.836;0.41,0.00784,0.106,0.191,0.39,0.969,0.771,0.372,0.487,0.914;aaaa;
0.484;0.0814,0.192,0.901,0.922,0.384,0.305,0.452,0.42,0.96,0.331;a;
0.0807;0.435,0.403,0.768,0.499,0.337,0.539,0.363,0.766,0.251,0.0563;aaaaaaa;
0.422;0.433,0.292,0.906,0.0306,0.529,0.695,0.37,0.138,0.803,0.367;aaaaaa;
0.236;0.139,0.574,0.949,0.948,0.866,0.983,0.443,0.677,0.717,0.661;aaa;
0.933;0.6,0.849,0.0153,0.928,0.0753,0.368,0.696,0.51,0.687,0.0975;aaaaaaaa;
0.756;0.228,0.952,0.416,0.486,0.424,0.277,0.941,0.194,0.383,0.655;aaaaaaaaaa;
0.515;0.117,0.685,0.471,0.137,0.426,0.961,0.513,0.602,0.0947,0.819;aaaaaaaaaa;
0.856;0.905,0.149,0.505,0.601,0.897,0.596,0.592,0.294,0.397,0.778;aa;
0.674;0.78,0.306,0.44,0.972,0.877,0.499,0.885,0.87,0.177,0.838;aaa;
0.114;0.366,0.407,0.121,0.179,0.512,0.0965,0.535,0.533,0.462,0.815;aaa;
0.188;0.399,0.228,0.733,0.565,0.605,0.623,0.121,0.622,0.585,0.487;aaaaaaaaaa;
0.264;0.312,0.313,0.409,0.0428,0.569,0.469,0.808,0.915,0.789,0.455;aaaa;
0.0188;0.967,0.413,0.0487,0.498,0.338,0.734,0.8,0.805,0.625,0.118;a;
0.689;0.493,0.586,0.969,0.822,0.789,0.306,0.0582,0.376,0.394,0.154;aaa;
0.432;0.0322,0.152,0.547,0.0609,0.921,0.772,0.907,0.532,0.567,0.264;aaaaa;
0.168;0.358,0.623,0.00349,0.213,0.136,0.617,0.706,0.0348,0.604,0.696;aaaaa;
0.274;0.782,0.886,0.103,0.342,0.832,0.95,0.0503,0.82,0.945,0.143;aaa;
0.275;0.0286,0.959,0.986,0.427,0.491,0.25,0.884,0.988,0.231,0.806;aaa;
0.877;0.227,0.937,0.0347,0.329,0.503,0.825,0.368,0.66,0.78,0.565;aaaaaaa;
0.729;0.621,0.741,0.9,0.168,0.308,0.945,0.339,0.788,0.691,0.247;aaaaaaaa;
0.226;0.372,0.702,0.151,0.921,0.533,0.465,0.856,0.557,0.852,0.125;aaaa;
0.629;0.432,0.896,0.83,0.224,0.231,0.223,0.319,0.264,0.602,0.301;aaaaaaaaaa;
0.688;0.382,0.63,0.365,0.478,0.193,0.854,0.999,0.218,0.935,0.2;aaaaaaaaa;
0.465;0.137,0.15,0.135,0.236,0.111,0.918,0.533,0.976,0.249,0.19;aaaa;
0.755;0.166,0.873,0.0676,0.0504,0.216,0.147,0.791,0.898,0.556,0.667;aaaa;
0.376;0.271,0.929,0.662,0.96,0.589,0.0903,0.974,0.626,0.468,0.622;aaaa;
0.949;0.673,0.00604,0.935,0.146,0.864,0.842,0.672,0.245,0.213,0.186;aaaaaaaa;
0.495;0.912,0.674,0.689,0.807,0.942,0.991,0.00805,0.596,0.235,0.447;aaaaaaaaa;
0.29;0.446,0.669,0.24,0.756,0.655,0.532,0.138,0.498,0.0567,0.57;aaaaaaaaa;
0.0984;0.68,0.41,0.136,0.98,0.057,0.946,0.556,0.379,0.39,0.311;aaaaaaa;
0.0119;0.624,0.844,0.925,0.463,0.353,0.983,0.862,0.272,0.862,0.694;aaaaaaa;
0.124;0.898,0.00327,0.502,0.537,0.477,0.322,0.0965,0.985,0.923,0.437;aaaaaaaaaa;
0.134;0.694,0.176,0.646,0.212,0.704,0.28,0.225,0.325,0.308,0.115;aa;
0.304;0.744,0.0423,0.0817,0.283,0.674,0.762,0.923,0.127,0.391,0.574;aaaaaaaaa;
0.0115;0.259,0.264,0.456,0.0688,0.255,0.000527,0.302,0.6,0.939,0.198;aaaaaaaaa;
0.889;0.0761,0.486,0.134,0.0831,0.0502,0.882,0.1,0.37,0.8,0.904;aaa;
0.0713;0.785,0.491,0.608,0.695,0.00841,0.0633,0.75,0.0281,0.426,0.919;aaaaaaaa;
0.454;0.948,0.918,0.717,0.65,0.152,0.855,0.15,0.82,0.734,0.108;aaaaaa;
0.00532;0.737,0.0931,0.458,0.76,0.785,0.585,0.212,0.77,0.752,0.389;aa;
0.255;0.308,0.302,0.905,0.459,0.0203,0.212,0.857,0.14,0.0452,0.68;a;
0.573;0.564,0.803,0.422,0.423,0.336,0.987,0.533,0.876,0.117,0.0699;aaaa;
0.884;0.892,0.541,0.214,0.392,0.851,0.332,0.383,0.801,0.787,0.193;aaaaaaa;
0.558;0.471,0.292,0.621,0.994,0.951,0.936,0.0894,0.661,0.268,0.505;aaaaa;
0.041;0.459,0.35,0.349,0.423,0.209,0.751,0.054,0.182,0.508,0.189;aaaaaa;
0.652;0.22,0.112,0.554,0.00981,0.284,0.224,0.648,0.255,0.189,0.968;aaaaa;
0.645;0.224,0.494,0.221,0.119,0.816,0.39,0.929,0.827,0.953,0.887;aaaaaaa;
0.52;0.29,0.432,0.949,0.76,0.216,0.702,0.38,0.856,0.051,0.15;aaaaaa;
0.159;0.152,0.719,0.611,0.0719,0.433,0.498,0.502,0.66,0.522,0.148;aaaaaaaaa;
0.071;0.515,0.759,0.349,0.421,0.635,0.0737,0.47,0.489,0.0633,0.141;aaaaaaa;
0.732;0.288,0.881,0.79,0.855,0.316,0.62,0.29,0.381,0.957,0.433;aaa;
0.358;0.25,0.369,0.234,0.676,0.607,0.206,0.629,0.876,0.449,0.952;a;
0.0199;0.837,0.325,0.69,0.439,0.506,0.851,0.00973,0.474,0.651,0.4;aaaaa;
0.0697;0.244,0.483,0.42,0.159,0.578,0.287,0.831,0.52,0.127,0.83;aaaa;
0.291;0.442,0.602,0.637,0.187,0.812,0.236,0.861,0.976,0.302,0.36;aa;
0.64;0.811,0.404,0.384,0.578,0.259,0.351,0.817,0.849,0.618,0.712;aaaaa;
0.0146;0.422,0.604,0.136,0.995,0.588,0.793,0.848,0.0947,0.111,0.545;aaaaa;
0.67;0.488,0.149,0.929,0.77,0.398,0.322,0.99,0.758,0.438,0.508;aaaaaaaaaa;
0.575;0.838,0.346,0.8,0.0499,0.74,0.516,0.443,0.347,0.947,0.927;aaa;
0.625;0.688,0.659,0.145,0.0696,0.441,0.523,0.653,0.572,0.937,0.405;aaaaaaaa;
0.079;0.804,0.559,0.714,0.742,0.206,0.907,0.866,0.844,0.335,0.0501;aa;
0.59;0.606,0.587,0.814,0.889,0.152,0.62,0.00169,0.985,0.318,0.907;aaa;
0.0303;0.545,0.901,0.884,0.885,0.981,0.0629,0.489,0.46,0.402,0.329;aaa;
0.505;0.897,0.00713,0.297,0.115,0.754,0.803,0.272,0.333,0.697,0.729;aaaaaaaaaa;
0.701;0.595,0.292,0.17,0.031,0.708,0.905,0.816,0.943,0.0017,0.501;aaaaaaaaaa;
0.358;0.759,0.738,0.751,0.184,0.727,0.805,0.948,0.227,0.678,0.537;aaaaaaaaa;
0.459;0.804,0.549,0.629,0.431,0.0788,0.0325,0.0579,0.141,0.281,0.0504;aaaa;
0.226;0.0266,0.624,0.0809,0.551,0.751,0.706,0.122,0.66,0.848,0.141;aaaaa;
0.958;0.649,0.478,0.841,0.613,0.375,0.129,0.656,0.374,0.819,0.391;aaaaaaaaa;
0.243;0.673,0.517,0.236,0.278,0.867,0.0475,0.809,0.721,0.346,0.607;aaaaaa;
0.878;0.808,0.722,0.058,0.638,0.631,0.39,0.0521,0.487,0.661,0.313;aaaaaaaaaa;
0.324;0.854,0.69,0.647,0.0282,0.647,0.277,0.218,0.279,0.267,0.0618;aaaa;
0.0335;0.191,0.946,0.576,0.502,0.906,0.715,0.466,0.35,0.0332,0.273;aaaaa;
0.946;0.619,0.631,0.756,0.296,0.131,0.0714,0.0919,0.144,0.12,0.808;aaaaaaaaa;
0.772;0.43,0.00143,0.307,0.11,0.519,0.406,0.503,0.835,0.144,0.505;aaaaaaaa;
0.871;0.81,0.27,0.195,0.48,0.733,0.677,0.897,0.0717,0.918,0.545;aaaaa;
0.513;0.185,0.992,0.276,0.0161,0.738,0.877,0.304,0.6,0.298,0.286;aaaa;
0.185;0.0191,0.165,0.608,0.192,0.944,0.175,0.803,0.831,0.561,0.892;aaa;
0.444;0.447,0.617,0.473,0.797,0.335,0.965,0.575,0.192,0.543,0.482;a;
0.443;0.717,0.27,0.974,0.682,0.348,0.16,0.988,0.796,0.661,0.396;aa;
0.401;0.55,0.7,0.699,0.779,0.887,0.826,0.0555,0.515,0.318,0.212;aaaaaaaaaa;
0.987;0.571,0.93,0.733,0.584,0.399,0.585,0.113,0.556,0.349,0.747;aa;
0.788;0.231,0.315,0.617,0.817,0.779,0.131,0.12,0.0526,0.0647,0.561;aaaaaaaaa;
0.941;0.526,0.941,0.282,0.521,0.699,0.402,0.8,0.914,0.204,0.724;aaa;
0.229;0.0216,0.482,0.992,0.812,0.217,0.294,0.085,0.755,0.972,0.294;aaaaa;
0.0753;0.954,0.277,0.544,0.685,0.558,0.926,0.149,0.0233,0.372,0.94;aaaaaa;
0.224;0.802,0.0636,0.0642,0.762,0.042,0.473,0.971,0.781,0.991,0.759;aaaaaaaaa;
0.764;0.31,0.754,0.0796,0.709,0.564,0.671,0.817,0.291,0.547,0.221;aaa;
0.961;0.305,0.332,0.977,0.959,0.0183,0.829,0.51,0.528,0.202,0.509;aaaaaaa;
0.923;0.407,0.441,0.405,0.512,0.354,0.158,0.262,0.934,0.75,0.486;a;
0.42;0.906,0.98,0.644,0.111,0.742,0.665,0.737,0.606,0.856,0.693;aaa;
0.617;0.364,0.0266,0.897,0.0517,0.853,0.542,0.609,0.344,0.909,0.272;aaaa;
0.622;0.505,0.918,0.94,0.983,0.737,0.861,0.295,0.641,0.546,0.321;aaaa;
0.521;0.0598,0.777,0.232,0.135,0.12,0.541,0.0519,0.474,0.916,0.741;aaaaa;
0.527;0.818,0.801,0.0743,0.511,0.436,0.854,0.00683,0.579,0.676,0.181;aaaa;
0.387;0.24,0.292,0.408,0.73,0.0179,0.709,0.395,0.214,0.259,0.321;aaaaaa;
0.287;0.71,0.757,0.294,0.123,0.701,0.601,0.846,0.319,0.0219,0.892;aaaaaaaaaa;
0.562;0.971,0.963,0.854,0.683,0.963,0.837,0.665,0.855,0.245,0.947;aaaaaaaa;
0.599;0.833,0.685,0.344,0.377,0.828,0.167,0.967,0.916,0.86,0.961;aaa;
0.578;0.823,0.711,0.777,0.551,0.138,0.652,0.686,0.594,0.545,0.219;aaaaaaaa;
0.143;0.779,0.33,0.519,0.587,0.617,0.345,0.403,0.701,0.304,0.996;aaaa;
0.541;0.406,0.713,0.63,0.0744,0.0607,0.662,0.597,0.126,0.677,0.58;aaaaaaaaa;
0.0731;0.43,0.514,0.0437,0.595,0.133,0.498,0.481,0.319,0.973,0.292;aaa;
0.529;0.0252,0.0172,0.123,0.105,0.836,0.763,0.217,0.448,0.662,0.0975;aa;
0.133;0.0967,0.0892,0.938,0.612,0.835,0.248,0.303,0.202,0.468,0.353;aaaaaaaaa;
0.598;0.278,0.789,0.79,0.741,0.8,0.657,0.98,0.814,0.337,0.458;aaaaaaaaaa;
0.0055;0.598,0.24,0.818,0.278,0.772,0.342,0.732,0.96,0.016,0.169;aaaaaaaaa;
0.373;0.922,0.475,0.086,0.386,0.356,0.212,0.996,0.443,0.969,0.00466;a;
0.695;0.386,0.0268,0.0287,0.707,0.64,0.298,0.372,0.867,0.166,0.319;aaaaaa;
0.455;0.11,0.542,0.249,0.0416,0.678,0.831,0.638,0.79,0.151,0.701;aaaaaaaaa;
0.212;0.879,0.558,0.258,0.427,0.985,0.725,0.128,0.158,0.872,0.101;aaaaa;
0.773;0.845,0.871,0.794,0.321,0.927,0.983,0.789,0.627,0.332,0.257;aaaaaaaaaa;
0.991;0.114,0.497,0.474,0.784,0.0363,0.928,0.55,0.0823,0.256,0.113;aaaaaaaaa;
0.556;0.965,0.0774,0.852,0.905,0.242,0.00384,0.0286,0.593,0.0952,0.00334;aa;
0.436;0.304,0.0371,0.688,0.231,0.141,0.255,0.433,0.0172,0.293,0.391;aaa;
0.614;0.00556,0.289,0.837,0.905,0.586,0.0901,0.906,0.673,0.949,0.979;aaaa;
0.456;0.92,0.478,0.534,0.666,0.597,0.738,0.388,0.165,0.778,0.183;aaaaaaaaaa;
0.912;0.866,0.301,0.179,0.0255,0.227,0.651,0.847,0.855,0.91,0.12;aa;
0.467;0.494,0.208,0.293,0.443,0.534,0.196,0.119,0.528,0.964,0.448;a;
0.533;0.301,0.365,0.0727,0.251,0.175,0.19,0.557,0.901,0.252,0.0836;aaaaaaa;
0.568;0.601,0.656,0.437,0.905,0.0847,0.735,0.154,0.676,0.929,0.914;aaa;
0.963;0.294,0.935,0.717,0.449,0.876,0.163,0.439,0.409,0.765,0.719;aaaa;
0.813;0.44,0.726,0.67,0.437,0.331,0.36,0.373,0.83,0.252,0.709;aaaaa;
0.927;0.289,0.736,0.769,0.912,0.877,0.111,0.631,0.157,0.335,0.123;aaaaaaaa;
0.931;0.357,0.537,0.545,0.218,0.651,0.968,0.956,0.0667,0.616,0.415;a;
0.766;0.82,0.0767,0.287,0.505,0.00308,0.537,0.181,0.775,0.597,0.0432;aaa;
0.27;0.629,0.328,0.425,0.843,0.294,0.685,0.96,0.0676,0.875,0.00995;aaa;
0.289;0.19,0.108,0.873,0.0222,0.972,0.991,0.183,0.823,0.129,0.583;aaaaaa;
0.55;0.581,0.696,0.494,0.161,0.162,0.238,0.866,0.55,0.366,0.556;aaa;
0.297;0.199,0.694,0.592,0.814,0.617,0.278,0.996,0.512,0.711,0.897;aaa;
0.371;0.395,0.882,0.541,0.414,0.627,0.0018,0.825,0.332,0.102,0.827;aaaa;
0.192;0.496,0.228,0.262,0.494,0.319,0.263,0.732,0.927,0.496,0.625;aaaaaa;
0.228;0.221,0.571,0.465,0.607,0.96,0.442,0.599,0.905,0.893,0.263;aaaaaaaaa;
0.763;0.426,0.405,0.186,0.565,0.173,0.306,0.0895,0.585,0.226,0.827;aaaa;
0.507;0.317,0.211,0.0934,0.515,0.282,0.546,0.183,0.973,0.871,0.0526;aa;
0.245;0.285,0.522,0.921,0.34,0.928,0.305,0.211,0.186,0.884,0.12;aa;
0.913;0.728,0.899,0.728,0.265,0.0505,0.763,0.085,0.677,0.749,0.458;aaaa;
0.609;0.201,0.901,0.255,0.719,0.418,0.974,0.192,0.413,0.55,0.855;aaaaaaaaaa;
0.917;0.301,0.2,0.0556,0.59,0.49,0.182,0.538,0.987,0.143,0.163;aaaa;
0.053;0.0753,0.471,0.0959,0.902,0.00958,0.0695,0.999,0.204,0.137,0.793;aaaaaaaaa;
0.49;0.00143,0.361,0.246,0.95,0.304,0.754,0.396,0.039,0.25,0.124;aa;
0.295;0.337,0.84,0.972,0.442,0.515,0.822,0.306,0.388,0.433,0.439;aaaaaaaa;
0.341;0.672,0.846,0.449,0.633,0.354,0.625,0.835,0.405,0.345,0.577;aaaaaaaaa;
0.329;0.689,0.746,0.552,0.163,0.699,0.581,0.785,0.672,0.447,0.926;aaa;
0.461;0.822,0.398,0.804,0.797,0.584,0.888,0.544,0.544,0.00679,0.00808;aaaaaaaaa;
0.768;0.422,0.136,0.043,0.495,0.37,0.976,0.813,0.0333,0.23,0.676;aaaaaaa;
0.76;0.659,0.608,0.514,0.776,0.477,0.197,0.122,0.356,0.609,0.788;aaaaaa;
0.83;0.455,0.749,0.915,0.985,0.206,0.556,0.647,0.0214,0.909,0.308;aaaaaaaaa;
0.58;0.849,0.149,0.297,0.392,0.0178,0.41,0.609,0.252,0.283,0.528;aaaaaaaa;
0.542;0.176,0.834,0.355,0.679,0.539,0.295,0.439,0.938,0.498,0.249;aaaaaaaaa;
0.208;0.358,0.831,0.647,0.59,0.382,0.0507,0.457,0.148,0.917,0.678;aaaaaaaaa;
0.876;0.636,0.0465,0.443,0.602,0.588,0.737,0.781,0.754,0.626,0.641;aaaa;
0.83;0.455,0.749,0.915,0.985,0.206,0.556,0.647,0.0214,0.909,0.308;aaaaaaaa;
0.58;0.849,0.149,0.297,0.392,0.0178,0.41,0.609,0.252,0.283,0.528;aaaa;
0.542;0.176,0.834,0.355,0.679,0.539,0.295,0.439,0.938,0.498,0.249;aaaaaaaa;
0.208;0.358,0.831,0.647,0.59,0.382,0.0507,0.457,0.148,0.917,0.678;aa;
0.876;0.636,0.0465,0.443,0.602,0.588,0.737,0.781,0.754,0.626,0.641;a;
0.83;0.455,0.749,0.915,0.985,0.206,0.556,0.647,0.0214,0.909,0.308;aaaaaaaa;
0.58;0.849,0.149,0.297,0.392,0.0178,0.41,0.609,0.252,0.283,0.528;a;
0.542;0.176,0.834,0.355,0.679,0.539,0.295,0.439,0.938,0.498,0.249;aaaaaaaaa;
0.208;0.358,0.831,0.647,0.59,0.382,0.0507,0.457,0.148,0.917,0.678;aaa;
0.876;0.636,0.0465,0.443,0.602,0.588,0.737,0.781,0.754,0.626,0.641;aa;
0.83;0.455,0.749,0.915,0.985,0.206,0.556,0.647,0.0214,0.909,0.308;aaaaa;
0.58;0.849,0.149,0.297,0.392,0.0178,0.41,0.609,0.252,0.283,0.528;aaaa;
0.542;0.176,0.834,0.355,0.679,0.539,0.295,0.439,0.938,0.498,0.249;aaaa;
0.208;0.358,0.831,0.647,0.59,0.382,0.0507,0.457,0.148,0.917,0.678;aaaaaaaaa;
0.876;0.636,0.0465,0.443,0.602,0.588,0.737,0.781,0.754,0.626,0.641;aaa;
0.83;0.455,0.749,0.915,0.985,0.206,0.556,0.647,0.0214,0.909,0.308;aaaaaaaaa;
0.58;0.849,0.149,0.297,0.392,0.0178,0.41,0.609,0.252,0.283,0.528;aaaaa;
0.542;0.176,0.834,0.355,0.679,0.539,0.295,0.439,0.938,0.498,0.249;aaaaaa;
0.208;0.358,0.831,0.647,0.59,0.382,0.0507,0.457,0.148,0.917,0.678;aaaaaaaaaa;
0.876;0.636,0.0465,0.443,0.602,0.588,0.737,0.781,0.754,0.626,0.641;aaaaaa;
0.83;0.455,0.749,0.915,0.985,0.206,0.556,0.647,0.0214,0.909,0.308;aaaa;
0.58;0.849,0.149,0.297,0.392,0.0178,0.41,0.609,0.252,0.283,0.528;aaaa;
0.542;0.176,0.834,0.355,0.679,0.539,0.295,0.439,0.938,0.498,0.249;aaaaaaaaa;
0.208;0.358,0.831,0.647,0.59,0.382,0.0507,0.457,0.148,0.917,0.678;aaaaaaaaa;
0.876;0.636,0.0465,0.443,0.602,0.588,0.737,0.781,0.754,0.626,0.641;aa;
0.83;0.455,0.749,0.915,0.985,0.206,0.556,0.647,0.0214,0.909,0.308;aaaaaaaaa;
0.58;0.849,0.149,0.297,0.392,0.0178,0.41,0.609,0.252,0.283,0.528;aaa;
0.542;0.176,0.834,0.355,0.679,0.539,0.295,0.439,0.938,0.498,0.249;aaa;
0.208;0.358,0.831,0.647,0.59,0.382,0.0507,0.457,0.148,0.917,0.678;aaaaaaa;
0.876;0.636,0.0465,0.443,0.602,0.588,0.737,0.781,0.754,0.626,0.641;aa;
0.83;0.455,0.749,0.915,0.985,0.206,0.556,0.647,0.0214,0.909,0.308;aaaaaaaaaa;
0.58;0.849,0.149,0.297,0.392,0.0178,0.41,0.609,0.252,0.283,0.528;aaaaaaaaaa;
0.542;0.176,0.834,0.355,0.679,0.539,0.295,0.439,0.938,0.498,0.249;aaaaaaaaaa;
0.208;0.358,0.831,0.647,0.59,0.382,0.0507,0.457,0.148,0.917,0.678;aaaa;
0.876;0.636,0.0465,0.443,0.602,0.588,0.737,0.781,0.754,0.626,0.641;aaaaaaaa;
0.83;0.455,0.749,0.915,0.985,0.206,0.556,0.647,0.0214,0.909,0.308;aaaaaaa;
0.58;0.849,0.149,0.297,0.392,0.0178,0.41,0.609,0.252,0.283,0.528;a;
0.542;0.176,0.834,0.355,0.679,0.539,0.295,0.439,0.938,0.498,0.249;aaaaaaa;
0.208;0.358,0.831,0.647,0.59,0.382,0.0507,0.457,0.148,0.917,0.678;aaaa;
0.876;0.636,0.0465,0.443,0.602,0.588,0.737,0.781,0.754,0.626,0.641;aaaaaa;
0.83;0.455,0.749,0.915,0.985,0.206,0.556,0.647,0.0214,0.909,0.308;aaaaaaaaaa;
0.58;0.849,0.149,0.297,0.392,0.0178,0.41,0.609,0.252,0.283,0.528;aaaaaaaaaa;
0.542;0.176,0.834,0.355,0.679,0.539,0.295,0.439,0.938,0.498,0.249;a;
0.208;0.358,0.831,0.647,0.59,0.382,0.0507,0.457,0.148,0.917,0.678;a;
0.876;0.636,0.0465,0.443,0.602,0.588,0.737,0.781,0.754,0.626,0.641;aaaa;
0.83;0.455,0.749,0.915,0.985,0.206,0.556,0.647,0.0214,0.909,0.308;aa;
0.58;0.849,0.149,0.297,0.392,0.0178,0.41,0.609,0.252,0.283,0.528;aaaaaaaaaa;
0.542;0.176,0.834,0.355,0.679,0.539,0.295,0.439,0.938,0.498,0.249;aaa;
0.208;0.358,0.831,0.647,0.59,0.382,0.0507,0.457,0.148,0.917,0.678;a;
0.876;0.636,0.0465,0.443,0.602,0.588,0.737,0.781,0.754,0.626,0.641;a;
0.83;0.455,0.749,0.915,0.985,0.206,0.556,0.647,0.0214,0.909,0.308;aaaaaa;
0.58;0.849,0.149,0.297,0.392,0.0178,0.41,0.609,0.252,0.283,0.528;a;
0.542;0.176,0.834,0.355,0.679,0.539,0.295,0.439,0.938,0.498,0.249;aaaaaaaaaa;
0.208;0.358,0.831,0.647,0.59,0.382,0.0507,0.457,0.148,0.917,0.678;aaaaa;
0.876;0.636,0.0465,0.443,0.602,0.588,0.737,0.781,0.754,0.626,0.641;aaaaa;
0.83;0.455,0.749,0.915,0.985,0.206,0.556,0.647,0.0214,0.909,0.308;aaaaaaaa;
0.58;0.849,0.149,0.297,0.392,0.0178,0.41,0.609,0.252,0.283,0.528;aaaaaaa;
0.542;0.176,0.834,0.355,0.679,0.539,0.295,0.439,0.938,0.498,0.249;aaaaaaa;
0.208;0.358,0.831,0.647,0.59,0.382,0.0507,0.457,0.148,0.917,0.678;a;
0.876;0.636,0.0465,0.443,0.602,0.588,0.737,0.781,0.754,0.626,0.641;aa;
0.83;0.455,0.749,0.915,0.985,0.206,0.556,0.647,0.0214,0.909,0.308;a;
0.58;0.849,0.149,0.297,0.392,0.0178,0.41,0.609,0.252,0.283,0.528;aaaaaa;
0.542;0.176,0.834,0.355,0.679,0.539,0.295,0.439,0.938,0.498,0.249;a;
0.208;0.358,0.831,0.647,0.59,0.382,0.0507,0.457,0.148,0.917,0.678;a;
0.876;0.636,0.0465,0.443,0.602,0.588,0.737,0.781,0.754,0.626,0.641;aa;
0.83;0.455,0.749,0.915,0.985,0.206,0.556,0.647,0.0214,0.909,0.308;aaaaa;
0.58;0.849,0.149,0.297,0.392,0.0178,0.41,0.609,0.252,0.283,0.528;aaaaaaaaaa;
0.542;0.176,0.834,0.355,0.679,0.539,0.295,0.439,0.938,0.498,0.249;aa;
0.208;0.358,0.831,0.647,0.59,0.382,0.0507,0.457,0.148,0.917,0.678;aa;
0.876;0.636,0.0465,0.443,0.602,0.588,0.737,0.781,0.754,0.626,0.641;aaaaa;
0.83;0.455,0.749,0.915,0.985,0.206,0.556,0.647,0.0214,0.909,0.308;aaaaaaa;
0.58;0.849,0.149,0.297,0.392,0.0178,0.41,0.609,0.252,0.283,0.528;aaaaaaaaa;
0.542;0.176,0.834,0.355,0.679,0.539,0.295,0.439,0.938,0.498,0.249;aaaaa;
0.208;0.358,0.831,0.647,0.59,0.382,0.0507,0.457,0.148,0.917,0.678;aaaaaaa;
0.876;0.636,0.0465,0.443,0.602,0.588,0.737,0.781,0.754,0.626,0.641;aaaaaaaaa;
0.83;0.455,0.749,0.915,0.985,0.206,0.556,0.647,0.0214,0.909,0.308;aa;
0.58;0.849,0.149,0.297,0.392,0.0178,0.41,0.609,0.252,0.283,0.528;aa;
0.542;0.176,0.834,0.355,0.679,0.539,0.295,0.439,0.938,0.498,0.249;aaaaa;
0.208;0.358,0.831,0.647,0.59,0.382,0.0507,0.457,0.148,0.917,0.678;aaaaaaaaa;
0.876;0.636,0.0465,0.443,0.602,0.588,0.737,0.781,0.754,0.626,0.641;aaaaaaa;
0.83;0.455,0.749,0.915,0.985,0.206,0.556,0.647,0.0214,0.909,0.308;a;
0.58;0.849,0.149,0.297,0.392,0.0178,0.41,0.609,0.252,0.283,0.528;aaaaaaaa;
0.542;0.176,0.834,0.355,0.679,0.539,0.295,0.439,0.938,0.498,0.249;aaaaaaaaaa;
0.208;0.358,0.831,0.647,0.59,0.382,0.0507,0.457,0.148,0.917,0.678;aaaaaaaaa;
0.876;0.636,0.0465,0.443,0.602,0.588,0.737,0.781,0.754,0.626,0.641;aaa;
0.83;0.455,0.749,0.915,0.985,0.206,0.556,0.647,0.0214,0.909,0.308;aaaa;
0.58;0.849,0.149,0.297,0.392,0.0178,0.41,0.609,0.252,0.283,0.528;aa;
0.542;0.176,0.834,0.355,0.679,0.539,0.295,0.439,0.938,0.498,0.249;aaaaaaaaaa;
0.208;0.358,0.831,0.647,0.59,0.382,0.0507,0.457,0.148,0.917,0.678;aa;
0.876;0.636,0.0465,0.443,0.602,0.588,0.737,0.781,0.754,0.626,0.641;aaaaaaaaaa;
0.83;0.455,0.749,0.915,0.985,0.206,0.556,0.647,0.0214,0.909,0.308;aaaaaaaaaa;
0.58;0.849,0.149,0.297,0.392,0.0178,0.41,0.609,0.252,0.283,0.528;aaaaa;
0.542;0.176,0.834,0.355,0.679,0.539,0.295,0.439,0.938,0.498,0.249;aaaaaa;
0.208;0.358,0.831,0.647,0.59,0.382,0.0507,0.457,0.148,0.917,0.678;aaaaaaaa;
0.876;0.636,0.0465,0.443,0.602,0.588,0.737,0.781,0.754,0.626,0.641;aaa;
0.83;0.455,0.749,0.915,0.985,0.206,0.556,0.647,0.0214,0.909,0.308;aaaaaaa;
0.58;0.849,0.149,0.297,0.392,0.0178,0.41,0.609,0.252,0.283,0.528;aa;
0.542;0.176,0.834,0.355,0.679,0.539,0.295,0.439,0.938,0.498,0.249;aaa;
0.208;0.358,0.831,0.647,0.59,0.382,0.0507,0.457,0.148,0.917,0.678;a;
0.876;0.636,0.0465,0.443,0.602,0.588,0.737,0.781,0.754,0.626,0.641;a;
0.83;0.455,0.749,0.915,0.985,0.206,0.556,0.647,0.0214,0.909,0.308;aaaaaa;
0.58;0.849,0.149,0.297,0.392,0.0178,0.41,0.609,0.252,0.283,0.528;aaaaaaaaa;
0.542;0.176,0.834,0.355,0.679,0.539,0.295,0.439,0.938,0.498,0.249;aaaaa;
0.208;0.358,0.831,0.647,0.59,0.382,0.0507,0.457,0.148,0.917,0.678;aa;
0.876;0.636,0.0465,0.443,0.602,0.588,0.737,0.781,0.754,0.626,0.641;aaaaaaa;
0.83;0.455,0.749,0.915,0.985,0.206,0.556,0.647,0.0214,0.909,0.308;a;
0.58;0.849,0.149,0.297,0.392,0.0178,0.41,0.609,0.252,0.283,0.528;aaaaa;
0.542;0.176,0.834,0.355,0.679,0.539,0.295,0.439,0.938,0.498,0.249;aa;
0.208;0.358,0.831,0.647,0.59,0.382,0.0507,0.457,0.148,0.917,0.678;aaa;
0.876;0.636,0.0465,0.443,0.602,0.588,0.737,0.781,0.754,0.626,0.641;aaaaaaa;
0.83;0.455,0.749,0.915,0.985,0.206,0.556,0.647,0.0214,0.909,0.308;aaaaaaa;
0.58;0.849,0.149,0.297,0.392,0.0178,0.41,0.609,0.252,0.283,0.528;aaaaaaaaa;
0.542;0.176,0.834,0.355,0.679,0.539,0.295,0.439,0.938,0.498,0.249;aaaaaaaa;
0.208;0.358,0.831,0.647,0.59,0.382,0.0507,0.457,0.148,0.917,0.678;a;
0.876;0.636,0.0465,0.443,0.602,0.588,0.737,0.781,0.754,0.626,0.641;aaaaaaaa;
0.83;0.455,0.749,0.915,0.985,0.206,0.556,0.647,0.0214,0.909,0.308;a;
0.58;0.849,0.149,0.297,0.392,0.0178,0.41,0.609,0.252,0.283,0.528;aaaaaa;
0.542;0.176,0.834,0.355,0.679,0.539,0.295,0.439,0.938,0.498,0.249;aaaaaa;
0.208;0.358,0.831,0.647,0.59,0.382,0.0507,0.457,0.148,0.917,0.678;a;
0.876;0.636,0.0465,0.443,0.602,0.588,0.737,0.781,0.754,0.626,0.641;aaa;
