0	0
1	1
2	2
3	3
4	4,5,11,18,41
5	5,12,37
6	6
7	7
8	5,8
9	5,9
10	5,10
11	11
12	12
13	13
14	14
15	15
16	16
17	17,20,28
18	11,18
19	19
20	20
21	21
22	22
23	23
24	24
25	25
26	26
27	5,27,30
28	28
29	29
30	30
31	31
32	26,32
33	33
34	34
35	35,36
36	36
37	8,37
38	29,38
39	39
40	40
41	41
42	42
43	43
44	14,44
45	45
46	1,25,46
47	47
48	48
49	49
50	0
51	24
52	15
53	16,46
54	35
55	5,10
56	3
57	2
58	2
59	6
60	1,17
61	3
62	5
63	14
64	38
65	1
66	15
67	10
68	1
69	15
70	17
71	18
72	4
73	8,13
74	17
75	6,39
76	10
77	12
78	23
79	5,32
80	14
81	4
82	12
83	2,44
84	47
85	6,26
86	31
87	5
88	1,33
89	12
90	46
91	12
92	4
93	11
94	42
95	47
96	47
97	30
98	14
99	7
100	9
101	3
102	0
103	18
104	0
105	4
106	7
107	4
108	15
109	3
110	3
111	7
112	1
113	2
114	10
115	4
116	5
117	0
118	3
119	13,16
120	8
121	1
122	9
123	19
124	28
125	10
126	26
127	7
128	2
129	19
130	17
131	21
132	11
133	10
134	2
135	10
136	10
137	38
138	11
139	49
140	19
141	14
142	21
143	39
144	19
145	7
146	2
147	1,36
148	10
149	6
150	1
151	21,32
152	8,42
153	14
154	17,21
155	13
156	3
157	14,31
158	0
159	8
160	22
161	3
162	29
163	29
164	34
165	9
166	11
167	9,45
168	3
169	12
170	20
171	26
172	4
173	13,26
174	1,6
175	6
176	1
177	11
178	0
179	15
180	30
181	5,28
182	22
183	11
184	4
185	19
186	0
187	22
188	12
189	10
190	12
191	1
192	15
193	19
194	0
195	15
196	32
197	13
198	21
199	10
200	3
201	16
202	0
203	4
204	11
205	3
206	0
207	2
208	9
209	1
210	7
211	4
212	14
213	7
214	4
215	1
216	7
217	5
218	0
219	26
220	4
221	17
222	6,30,42,45
223	43
224	10
225	1
226	1
227	10
228	11
229	2
230	1
231	3
232	25
233	0
234	8
235	15
236	14
237	7
238	12
239	4
240	7
241	4
242	6
243	4
244	2,17
245	6
246	2
247	32
248	3
249	0
250	13
251	3
252	7
253	9
254	6
255	8
256	17
257	3
258	27
259	34
260	14
261	11
262	11
263	11
264	1
265	9
266	22
267	2
268	32
269	21
270	3
271	24
272	10
273	23
274	13
275	5
276	32,36
277	22
278	7
279	13
280	21
281	7
282	11,30
283	3
284	16
285	22
286	0
287	18
288	8
289	45
290	27,48
291	14
292	0
293	9
294	17
295	13
296	1
297	4
298	18
299	10
300	8
301	18
302	2
303	2,6
304	19
305	8
306	5
307	16
308	30
309	21
310	10
311	25,27
312	28
313	40
314	9
315	2
316	9
317	33,44
318	36
319	5
320	7
321	44
322	4
323	4
324	17,39
325	22
326	8
327	5
328	1
329	0
330	7
331	42
332	25
333	34
334	8
335	10
336	12
337	41
338	1,8
339	15
340	14
341	41
342	9
343	18
344	1
345	8
346	22
347	25
348	2
349	15
350	13
351	20
352	11
353	12
354	4
355	10
356	7
357	0
358	6
359	12
360	25
361	0
362	6
363	8
364	0
365	3
366	39
367	11
368	11
369	4,42
370	0
371	8
372	4
373	0
374	1,35
375	1
376	7
377	12
378	1
379	31
380	3
381	8
382	9
383	2
384	2
385	0
386	18
387	19
388	9
389	5
390	5
391	19
392	2
393	0
394	5
395	23
396	10
397	0
398	12
399	12
400	13,32
401	5
402	4
403	27,33
404	3,33
405	24
406	32,33
407	3
408	6,35
409	42
410	39
411	13
412	19
413	27
414	5
415	5
416	0
417	4
418	19
419	25
420	0
421	28
422	8
423	23
424	1,32
425	13,24
426	5
427	7
428	3
429	40
430	2
431	22
432	1
433	7
434	5
435	9
436	39,48
437	19
438	15
439	16,18
440	7
441	5
442	5
443	29
444	0
445	4
446	11
447	8
448	15
449	28
450	16
451	16
452	5
453	24
454	19
455	13
456	12
457	4
458	6
459	0
460	13,41
461	12
462	8
463	2
464	27
465	1
466	35
467	8
468	30
469	6
470	41
471	2
472	22
473	42
474	11
475	8
476	8
477	28
478	9
479	35
480	13
481	10
482	1
483	16
484	34
485	4
486	7
487	19
488	23,38
489	1
490	5
491	27
492	6
493	26
494	0
495	19
496	5
497	22,32
498	8
499	11
500	12
501	12
502	0
503	4
504	31
505	1
506	3
507	11
508	3
509	21
510	11
511	9
512	2
513	11
514	0
515	0
516	13
517	21
518	3
519	11
520	2
521	5
522	0
523	6
524	44
525	5
526	6,27
527	5
528	1
529	2
530	9
531	2,14,32,44
532	33
533	3
534	19
535	15
536	1
537	1
538	13
539	27
540	7
541	19
542	3
543	3
544	8
545	35
546	7
547	7
548	7
549	1
550	0
551	5
552	20
553	19
554	8
555	30
556	22
557	3
558	0
559	16
560	14
561	14
562	11
563	4
564	3,14
565	3
566	8
567	1
568	1
569	34
570	6,11
571	6
572	7
573	12
574	6,43
575	4
576	19
577	14
578	11
579	7
580	2
581	18
582	0
583	8
584	19
585	22
586	2
587	0
588	1
589	29
590	2
591	31
592	2
593	15
594	13
595	11
596	17
597	4
598	2
599	14
600	28
601	42
602	14
603	1
604	1
605	6
606	3
607	29
608	6
609	1
610	0
611	0
612	11
613	7,38
614	3
615	0
616	1
617	7
618	5
619	10
620	1
621	13
622	19
623	1
624	17
625	0
626	12
627	25
628	0
629	38
630	10
631	0
632	26
633	13
634	12
635	6
636	2
637	0
638	27
639	1
640	40
641	2
642	19
643	2
644	18
645	7
646	39
647	1
648	22,37,48
649	21
650	0
651	42
652	2
653	47
654	8
655	37
656	4
657	9
658	10
659	6
660	2
661	16
662	8
663	2
664	8
665	12
666	3
667	26
668	8
669	28
670	32
671	2
672	23
673	16
674	17
675	6
676	10
677	0
678	15
679	16
680	1
681	8
682	17
683	7,26
684	4
685	1
686	1
687	26
688	8
689	37
690	0
691	4
692	11
693	9
694	8
695	11
696	34
697	1
698	11
699	0
700	11,35
701	2
702	25
703	11
704	37
705	10,36,40
706	3
707	16
708	7
709	10
710	21,34
711	2
712	3
713	0
714	17
715	2
716	17
717	26
718	1
719	5
720	9
721	7
722	13
723	2
724	8
725	7
726	10
727	12
728	9
729	17
730	12
731	40,44
732	39
733	14
734	9
735	11
736	11
737	20
738	9
739	1
740	4
741	3
742	5
743	7
744	0
745	21
746	9
747	26
748	6
749	21
750	9
751	21
752	7
753	12
754	5
755	24
756	15,37
757	8
758	21
759	18
760	33
761	31
762	49
763	11
764	30
765	1
766	12
767	1
768	12
769	4
770	18
771	24
772	1
773	6
774	10
775	2
776	9
777	0
778	14
779	2
780	4
781	17
782	34
783	2
784	34
785	18
786	1
787	13
788	2
789	40
790	5
791	20
792	26
793	5
794	10
795	3
796	17
797	0
798	3
799	13
800	13
801	11
802	4
803	12
804	21
805	0
806	11
807	1
808	8
809	34
810	21,35
811	1
812	0
813	8
814	21
815	5
816	46
817	7
818	11
819	0
820	13
821	13
822	26
823	35
824	6
825	1
826	24
827	9
828	18
829	7
830	5
831	28
832	37
833	41
834	2
835	26
836	29
837	12
838	1
839	6
840	11
841	33,34,46
842	4
843	7
844	39
845	14
846	16
847	9
848	10
849	27
850	1
851	6,7
852	12
853	4
854	17
855	6
856	13
857	8
858	5
859	4
860	10
861	4
862	23
863	12
864	24
865	5
866	1
867	17
868	7
869	27
870	17
871	20
872	2
873	10
874	15
875	10
876	4
877	17
878	14
879	2
880	5,21
881	9
882	11
883	0
884	9,16
885	24
886	17
887	1
888	49
889	1
890	5
891	0
892	5
893	23
894	25
895	8
896	19
897	0
898	29
899	13
900	31
901	12
902	28
903	7
904	15
905	24,37
906	2
907	10
908	8
909	13
910	5
911	11
912	0
913	10
914	16
915	1
916	17
917	0
918	30
919	14
920	32
921	4
922	10
923	5,17,35
924	6
925	7
926	25
927	2
928	1
929	3
930	25
931	20
932	4
933	3
934	7
935	33
936	11
937	14
938	11
939	39
940	8
941	6
942	5
943	10
944	9
945	16
946	30
947	2
948	11
949	5,41
950	0
951	7
952	39
953	9
954	4
955	9
956	1
957	13
958	27,35,43
959	33
960	19
961	12
962	1
963	6
964	5
965	39,41
966	15
967	16
968	40
969	9
970	0,2
971	42
972	14
973	37
974	11
975	29,32
976	24
977	15,31
978	16
979	12
980	13
981	5
982	17
983	3
984	18
985	0
986	2
987	32
988	1
989	10
990	0
991	8
992	13
993	12
994	5
995	12,41
996	18
997	6
998	2
999	0
1000	0
1001	0
1002	0
1003	0
1004	0
1005	2
1006	2
1007	2
1008	2
1009	2
1010	6
1011	6
1012	6
1013	6
1014	6
1015	14
1016	14
1017	14
1018	14
1019	14
1020	30
1021	30
1022	30
1023	30
1024	30
1025	49
1026	49
1027	49
1028	49
1029	49
1030	48
1031	48
1032	48
1033	48
1034	48
1035	47
1036	47
1037	47
1038	47
1039	47
1040	46
1041	46
1042	46
1043	46
1044	46
1045	45
1046	45
1047	45
1048	45
1049	45
1050	44
1051	44
1052	44
1053	44
1054	44
1055	43
1056	43
1057	43
1058	43
1059	43
1060	42
1061	42
1062	42
1063	42
1064	42
1065	41
1066	41
1067	41
1068	41
1069	41
1070	40
1071	40
1072	40
1073	40
1074	40
1075	39
1076	39
1077	39
1078	39
1079	39
1080	38
1081	38
1082	38
1083	38
1084	38
1085	37
1086	37
1087	37
1088	37
1089	37
1090	36
1091	36
1092	36
1093	36
1094	36
1095	35
1096	35
1097	35
1098	35
1099	35
1100	34
1101	34
1102	34
1103	34
1104	34
1105	33
1106	33
1107	33
1108	33
1109	33
1110	32
1111	32
1112	32
1113	32
1114	32
1115	29
1116	29
1117	29
1118	29
1119	29
1120	31
1121	31
1122	31
1123	31
1124	31
