0	0,2
1	1
2	2
3	3
4	4
5	5
6	6
7	7
8	1,5,8
9	9
10	1
11	0
12	0,6
13	0
14	0
15	5,6,7
16	1
17	2,8
18	0
19	2
20	2
21	1
22	0,3,9
23	3
24	9
25	0,1
26	0,2
27	2
28	6
29	0
30	5,7
31	1
32	1
33	2
34	3
35	6
36	5
37	1,5,7
38	4,9
39	2
40	1,5
41	7,8
42	0,1,2,4,9
43	2,4
44	0
45	3
46	0,2,9
47	1
48	0,5
49	1
50	1
51	6
52	0,1
53	5,9
54	0,1
55	2
56	3
57	3,7
58	2,3
59	4
60	0
61	1
62	0,7
63	7
64	0
65	0
66	3
67	1
68	2
69	1,2
70	2
71	1
72	4
73	4
74	1
75	9
76	4
77	1,9
78	2
79	0
80	1
81	5
82	3
83	0
84	0
85	3
86	4
87	4
88	9
89	3
90	0
91	2
92	0,6
93	0
94	0
95	0
96	1
97	3
98	4,8
99	1
100	0
101	0,1
102	0
103	3
104	4
105	6
106	1
107	0,8,9
108	1
109	4
110	1
111	1
112	9
113	0
114	4,5
115	0
116	4
117	0
118	0
119	3
120	0
121	9
122	0
123	1
124	1
125	0
126	1
127	1
128	2
129	1
130	0
131	1
132	0
133	0,4
134	4
135	2,9
136	3
137	1
138	3
139	0
140	1
141	3
142	3
143	3
144	0
145	4,5
146	0
147	7
148	4
149	2
150	4
151	3
152	1
153	1
154	1
155	0
156	1
157	2,3
158	3
159	0
160	4
161	1
162	4
163	1
164	0
165	2,8
166	2
167	4
168	3
169	4
170	0
171	1
172	7
173	5
174	6
175	7
176	0
177	1
178	1
179	2
180	2
181	0
182	8
183	1
184	0,8
185	0
186	3
187	0
188	2
189	0
190	0,5
191	1,8
192	0
193	0
194	2
195	6
196	2,8
197	0
198	1
199	2
200	9
201	7
202	3
203	1
204	3
205	4
206	2,6
207	1
208	0,3
209	1
210	1
211	1
212	1
213	0
214	2
215	0
216	0
217	1,7
218	2
219	2
220	8
221	7
222	2
223	1
224	2
225	3
226	1
227	5
228	4
229	1
230	3
231	0,5
232	0
233	4
234	2
235	3
236	3
237	1
238	0
239	3
240	0
241	1
242	5
243	0
244	2
245	1
246	3
247	2
248	0
249	2
250	2
251	0
252	1
253	0
254	6
255	0
256	4
257	4
258	2
259	0
260	1
261	0
262	1,5
263	0,1
264	4
265	1
266	1
267	0
268	6
269	3
270	4
271	2
272	9
273	0
274	2
275	4,8
276	2
277	5
278	6
279	2
280	1
281	1
282	3,6
283	6
284	5
285	0
286	0
287	1
288	2
289	2
290	1
291	1
292	4
293	0
294	1
295	1
296	1
297	0
298	4
299	3
300	1
301	0
302	3
303	1
304	2
305	3
306	3
307	3
308	8
309	1
310	0
311	0
312	1
313	1
314	2
315	0
316	0
317	4
318	3
319	4
320	0
321	1
322	0
323	1
324	4
325	0
326	0
327	0
328	1
329	1
330	3
331	0
332	2
333	1
334	4
335	8
336	1
337	4
338	1
339	1
340	1
341	8
342	1
343	1,8
344	1
345	0
346	2,5
347	5
348	2
349	0
350	4
351	1
352	8
353	3
354	4
355	0
356	7
357	0
358	0
359	1
360	0
361	1
362	0
363	0,5
364	3
365	7
366	3
367	2
368	1
369	4
370	1
371	0
372	0
373	2
374	2
375	1
376	0
377	0
378	6
379	2
380	5,9
381	1
382	4
383	0
384	0
385	1
386	3
387	3
388	8
389	0
390	0
391	0
392	7
393	3
394	0
395	1
396	4
397	5
398	4
399	2
400	2
401	3
402	1
403	0
404	6
405	4
406	3
407	0
408	1
409	3
410	0,8
411	0
412	2,8
413	6
414	0
415	3
416	0
417	0
418	4
419	0
420	2
421	3
422	5
423	4
424	0
425	0,5
426	2
427	5
428	1,6
429	2
430	9
431	7
432	0
433	0
434	3
435	0
436	5
437	1
438	2
439	4
440	3
441	0
442	1
443	4
444	0
445	3
446	2
447	0
448	0
449	2
450	0
451	0
452	0
453	2
454	0
455	6
456	1
457	4
458	3
459	1
460	0
461	5
462	2
463	0
464	2
465	0
466	1
467	3
468	1
469	1
470	5
471	5
472	1
473	3
474	6,7
475	5
476	8
477	0
478	1,3,6
479	0
480	1
481	7
482	0
483	1
484	6
485	3
486	1
487	3,4
488	8
489	2
490	0
491	0
492	0
493	1
494	1
495	6
496	2
497	9
498	0
499	1
500	3
501	6
502	1
503	2
504	9
505	0
506	0
507	2
508	0
509	1
510	3
511	8
512	2
513	0
514	0
515	1
516	4
517	1
518	0
519	1
520	1,2
521	3
522	0
523	4
524	0
525	1
526	3
527	5
528	1,8
529	0
530	0
531	2
532	3
533	5
534	3
535	2,7
536	6
537	2
538	2
539	1
540	0
541	1
542	4
543	0
544	2
545	4
546	4
547	1
548	0
549	0
550	7,9
551	3
552	1
553	5
554	4
555	0
556	0
557	0
558	0
559	0
560	0,6
561	3
562	0
563	1
564	1
565	1,7
566	1
567	4
568	0
569	2
570	0
571	4
572	5
573	4
574	0
575	0
576	1
577	1,3,4
578	0
579	1
580	1,6
581	1
582	0
583	0
584	4
585	0
586	2
587	0
588	0
589	4
590	0
591	0
592	1
593	2
594	0
595	0
596	0
597	3
598	0
599	2,5
600	2
601	1
602	4
603	0
604	1
605	4
606	3
607	4
608	6
609	0
610	1
611	6
612	0
613	5
614	9
615	0
616	7
617	3
618	4
619	2
620	2
621	0
622	3
623	3
624	2
625	0
626	2
627	4
628	0
629	2
630	6
631	4
632	3
633	4,5
634	1
635	1
636	2
637	4
638	1
639	1
640	3
641	0
642	3
643	0
644	1
645	0
646	1
647	0
648	1
649	0
650	1
651	0
652	0
653	7
654	2
655	0
656	7
657	3
658	0
659	4
660	0
661	0
662	3
663	2
664	2,3
665	2
666	7
667	1
668	6
669	1
670	0
671	5
672	2
673	2
674	1
675	0
676	0
677	0
678	2
679	2
680	4
681	0
682	0
683	0
684	0
685	0
686	1
687	3
688	0
689	9
690	0
691	0
692	0
693	1
694	4
695	3
696	0
697	2
698	4
699	2
700	0
701	1
702	1
703	2
704	4
705	0
706	5
707	4
708	1
709	1
710	3
711	0
712	4
713	7
714	0
715	7
716	3
717	0
718	0
719	0
720	1
721	3
722	3
723	9
724	0
725	1
726	3
727	0
728	4
729	1
730	0
731	1
732	1
733	9
734	0
735	3
736	0
737	4
738	2
739	3,7
740	0
741	0
742	5
743	0
744	2
745	0
746	3
747	0
748	5
749	2
750	9
751	0
752	0
753	0
754	1
755	5
756	2
757	3
758	2
759	1
760	1
761	5
762	4
763	2
764	5
765	4
766	2
767	5
768	5
769	0
770	0
771	0
772	1
773	1
774	5
775	0,6
776	0
777	0
778	0
779	4
780	0
781	0
782	1
783	0
784	0
785	2
786	1
787	3
788	0
789	2
790	3
791	1
792	1
793	1
794	0
795	5
796	0
797	1
798	0
799	0
800	0
801	1
802	0
803	1
804	2
805	0
806	4
807	7,8
808	4
809	0
810	1
811	0
812	1
813	1
814	1
815	1
816	2
817	0
818	1
819	6
820	1
821	6
822	1
823	3
824	2
825	2
826	0
827	0
828	2
829	9
830	2,5
831	6
832	1
833	1
834	1
835	0
836	2,8
837	3
838	2
839	0
840	2
841	0
842	0
843	1
844	7
845	6
846	1
847	4
848	0
849	7
850	1
851	0
852	3
853	4
854	3
855	0
856	0
857	4
858	9
859	2
860	0
861	1
862	3
863	0
864	3
865	4
866	2
867	1
868	0,4
869	7
870	1
871	1
872	2
873	0
874	5
875	2
876	0
877	0
878	1
879	1
880	2
881	3,7
882	2
883	1
884	1
885	1
886	2
887	0
888	0
889	0
890	0
891	3
892	0
893	1
894	2
895	3
896	2
897	2
898	1
899	2
900	5
901	0
902	0
903	2
904	4
905	1
906	0
907	3
908	2
909	2
910	8
911	1
912	4
913	0
914	5,6
915	0
916	1
917	0
918	1
919	0
920	0
921	0
922	0
923	0
924	0
925	4
926	1
927	2
928	0
929	6
930	1
931	3
932	0
933	1
934	0
935	1
936	1
937	2
938	3
939	4
940	1
941	0
942	0
943	1
944	1
945	0
946	1
947	2
948	1
949	1
950	0
951	2
952	1
953	6,8
954	2
955	2
956	3
957	0
958	6
959	1
960	0
961	1
962	0
963	1
964	1
965	3
966	0
967	1
968	5
969	0
970	1
971	0
972	0
973	0
974	3
975	1
976	0
977	2
978	1
979	0
980	0
981	0,8
982	1,4,6
983	3
984	2
985	0
986	4,7,8,9
987	1
988	0
989	1
990	5
991	0
992	2
993	0,1,9
994	2
995	2,5,7
996	2,3
997	0
998	0
999	0
1000	0
1001	0
1002	0
1003	0
1004	0
1005	2
1006	2
1007	2
1008	2
1009	2
1010	6
1011	6
1012	6
1013	6
1014	6
1015	9
1016	9
1017	9
1018	9
1019	9
1020	8
1021	8
1022	8
1023	8
1024	8
