ATT0(float,1);ATT1(float,10);ATT2(string,10);
0.234;0.13,0.837,0.359,0.051,0.311,0.775,0.461,0.197,0.319,0.656;aaaaaaaaaa;
0.57;0.717,0.396,0.765,0.841,0.844,0.246,0.543,0.563,0.139,0.174;aaa;
0.982;0.174,0.716,0.409,0.201,0.888,0.988,0.584,0.575,0.603,0.0986;aaaaaaaaa;
0.48;0.136,0.551,0.453,0.368,0.896,0.0309,0.478,0.666,0.00169,0.28;aaaaaaa;
0.125;0.455,0.191,0.296,0.0887,0.9,0.766,0.61,0.944,0.0766,0.123;aaaaaaaaaa;
0.0798;0.379,0.915,0.182,0.00243,0.74,0.651,0.244,0.932,0.839,0.438;aaaaaaaaaa;
0.635;0.287,0.302,0.222,0.801,0.0762,0.871,0.364,0.869,0.269,0.869;aa;
0.284;0.664,0.323,0.0818,0.928,0.171,0.615,0.891,0.284,0.37,0.97;aaaaaaa;
0.0582;0.109,0.312,0.326,0.77,0.641,0.846,0.157,0.151,0.714,0.288;aaaaaa;
0.0311;0.901,0.116,0.292,0.821,0.131,0.454,0.319,0.662,0.537,0.904;aa;
0.246;0.979,0.776,0.895,0.356,0.641,0.0259,0.133,0.123,0.472,0.669;aaa;
0.437;0.399,0.277,0.173,0.833,0.606,0.931,0.315,0.908,0.526,0.769;aaaaaaaa;
0.258;0.427,0.478,0.765,0.16,0.0315,0.148,0.0686,0.859,0.825,0.944;aaaaa;
0.291;0.986,0.309,0.0243,0.29,0.556,0.431,0.342,0.992,0.571,0.925;a;
0.63;0.473,0.074,0.211,0.335,0.268,0.397,0.699,0.603,0.0834,0.265;aaa;
0.799;0.762,0.691,0.421,0.187,0.263,0.851,0.763,0.643,0.984,0.0736;aaa;
0.251;0.57,0.799,0.528,0.511,0.822,0.165,0.503,0.183,0.919,0.671;aaa;
0.204;0.83,0.4,0.198,0.74,0.322,0.325,0.195,0.328,0.921,0.654;aaaaaaaa;
0.458;0.814,0.586,0.521,0.624,0.935,0.916,0.676,0.459,0.861,0.234;aaaaaaaaa;
0.0613;0.0983,0.201,0.766,0.167,0.574,0.724,0.892,0.0654,0.792,0.523;aaaaa;
0.161;0.501,0.0983,0.536,0.19,0.131,0.75,0.774,0.502,0.705,0.688;aaaaaa;
0.399;0.566,0.35,0.489,0.132,0.785,0.563,0.00306,0.471,0.541,0.188;aa;
0.797;0.0459,0.416,0.439,0.704,0.11,0.283,0.104,0.971,0.815,0.402;aaaaaaaa;
0.634;0.569,0.462,0.731,0.071,0.0198,0.92,0.761,0.956,0.648,0.142;aaaaaaa;
0.797;0.0263,0.0366,0.745,0.718,0.407,0.863,0.267,0.32,0.125,0.556;aaa;
0.505;0.0523,0.689,0.637,0.315,0.322,0.997,0.399,0.271,0.224,0.76;aaaaa;
0.239;0.832,0.391,0.445,0.434,0.908,0.207,0.336,0.227,0.306,0.173;aa;
0.0463;0.101,0.461,0.692,0.405,0.495,0.0247,0.86,0.245,0.887,0.216;aaaa;
0.504;0.869,0.997,0.689,0.605,0.884,0.711,0.718,0.67,0.923,0.202;aaaaa;
0.201;0.651,0.312,0.606,0.217,0.438,0.444,0.5,0.579,0.15,0.8;a;
0.611;0.225,0.0139,0.543,0.434,0.487,0.162,0.546,0.72,0.483,0.438;aa;
0.465;0.439,0.945,0.381,0.198,0.319,0.914,0.953,0.632,0.123,0.678;aaaaaaa;
0.498;0.985,0.682,0.959,0.39,0.876,0.0128,0.369,0.613,0.752,0.441;aaaaaaaaa;
0.643;0.205,0.112,0.00123,0.29,0.0414,0.805,0.187,0.525,0.725,0.836;a;
0.727;0.126,0.109,0.757,0.0454,0.439,0.256,0.765,0.978,0.007,0.631;aaa;
0.142;0.892,0.612,0.352,0.474,0.497,0.0877,0.0699,0.523,0.446,0.914;a;
0.45;0.32,0.598,0.576,0.141,0.624,0.703,0.808,0.653,0.139,0.42;aa;
0.669;0.95,0.149,0.377,0.839,0.344,0.191,0.000122,0.257,0.474,0.0716;a;
0.632;0.146,0.238,0.572,0.92,0.741,0.275,0.175,0.433,0.736,0.567;aaaaaaaa;
0.392;0.576,0.611,0.645,0.351,0.0179,0.157,0.68,0.424,0.562,0.72;aaaaa;
0.657;0.548,0.579,0.669,0.282,0.521,0.839,0.748,0.332,0.412,0.548;a;
0.84;0.208,0.843,0.933,0.471,0.552,0.192,0.302,0.906,0.886,0.736;aaaaa;
0.404;0.559,0.693,0.61,0.897,0.463,0.891,0.853,0.457,0.677,0.901;a;
0.48;0.712,0.108,0.0511,0.2,0.303,0.139,0.0317,0.803,0.551,0.519;aaaa;
0.31;0.21,0.628,0.888,0.379,0.834,0.917,0.339,0.633,0.33,0.149;aa;
0.963;0.104,0.4,0.38,0.39,0.814,0.113,0.754,0.734,0.162,0.16;aaaaaaaa;
0.192;0.309,0.379,0.862,0.597,0.0457,0.879,0.355,0.92,0.72,0.952;aaaaa;
0.203;0.0565,0.113,0.91,0.275,0.392,0.598,0.0605,0.188,0.129,0.481;aaaaaaaa;
0.428;0.378,0.455,0.267,0.15,0.42,0.246,0.886,0.968,0.493,0.739;aaaa;
0.292;0.86,0.897,0.509,0.0179,0.954,0.373,0.287,0.969,0.271,0.628;a;
0.0476;0.109,0.969,0.397,0.918,0.107,0.739,0.948,0.674,0.704,0.541;aaaaa;
0.381;0.164,0.457,0.67,0.284,0.888,0.466,0.749,0.291,0.893,0.841;a;
0.51;0.306,0.684,0.955,0.175,0.215,0.822,0.723,0.605,0.93,0.211;aa;
0.723;0.969,0.979,0.258,0.0459,0.336,0.167,0.961,0.142,0.759,0.00551;aa;
0.649;0.633,0.893,0.8,0.962,0.356,0.135,0.685,0.479,0.261,0.135;aaaaa;
0.92;0.653,0.0895,0.481,0.179,0.0492,0.118,0.336,0.737,0.911,0.411;aaaaaa;
0.69;0.638,0.668,0.533,0.494,0.528,0.167,0.655,0.682,0.681,0.733;aaaa;
0.736;0.105,0.676,0.287,0.488,0.0181,0.806,0.747,0.596,0.295,0.419;aaaaa;
0.798;0.566,0.0295,0.707,0.0901,0.388,0.552,0.627,0.273,0.744,0.456;aaaaaaa;
0.515;0.541,0.594,0.415,0.248,0.801,0.243,0.541,0.0442,0.793,0.0294;aaaaaaaaaa;
0.531;0.905,0.764,0.768,0.276,0.967,0.371,0.788,0.85,0.986,0.905;aaaa;
0.879;0.278,0.064,0.356,0.807,0.818,0.257,0.885,0.908,0.711,0.635;aaaaaaaaa;
0.369;0.683,0.359,0.939,0.382,0.355,0.951,0.916,0.332,0.276,0.209;aaaaaa;
0.0845;0.353,0.399,0.48,0.256,0.771,0.217,0.875,0.308,0.521,0.129;aa;
0.772;0.695,0.656,0.154,0.606,0.974,0.451,0.562,0.469,0.601,0.164;aaaaaaa;
0.173;0.291,0.0572,0.485,0.0615,0.991,0.478,0.506,0.901,0.395,0.858;aaaaaaaa;
0.00158;0.721,0.599,0.763,0.487,0.365,0.141,0.282,0.539,0.175,0.779;aaaaaa;
0.573;0.349,0.483,0.215,0.659,0.256,0.0431,0.779,0.432,0.115,0.122;aaaaaaaaaa;
0.578;0.403,0.344,0.02,0.875,0.141,0.403,0.564,0.208,0.579,0.0683;aaaaaaa;
0.087;0.407,0.126,0.664,0.944,0.988,0.379,0.551,0.58,0.583,0.35;aaa;
0.906;0.34,0.0273,0.391,0.683,0.0793,0.917,0.0637,0.885,0.787,0.123;aa;
0.0259;0.938,0.803,0.462,0.182,0.789,0.0713,0.769,0.159,0.119,0.08;aaa;
0.652;0.501,0.963,0.655,0.756,0.427,0.518,0.999,0.264,0.867,0.38;aaa;
0.522;0.45,0.483,0.98,0.145,0.0666,0.297,0.0724,0.165,0.459,0.306;aaaaaaaaaa;
0.102;0.262,0.209,0.828,0.867,0.424,0.0741,0.627,0.166,0.114,0.311;aaaaaaaaa;
0.977;0.418,0.661,0.184,0.483,0.536,0.756,0.459,0.232,0.669,0.801;aaaaa;
0.223;0.563,0.715,0.854,0.956,0.602,0.301,0.683,0.849,0.54,0.944;aaaaaaaa;
0.16;0.687,0.767,0.029,0.0614,0.761,0.441,0.898,0.0768,0.403,0.311;aaaaaaaaaa;
0.786;0.969,0.593,0.181,0.661,0.703,0.116,0.307,0.527,0.638,0.654;aaaaaaa;
0.606;0.684,0.904,0.313,0.236,0.832,0.663,0.975,0.363,0.528,0.992;aaaaaa;
0.373;0.0561,0.466,0.492,0.618,0.964,0.55,0.564,0.0274,0.806,0.0382;aaaaaa;
0.987;0.489,0.154,0.208,0.836,0.771,0.347,0.435,0.663,0.172,0.73;aaaaa;
0.396;0.244,0.848,0.134,0.562,0.768,0.802,0.771,0.898,0.949,0.807;a;
0.579;0.871,0.741,0.481,0.725,0.994,0.939,0.287,0.0304,0.161,0.941;aaaaaa;
0.699;0.531,0.908,0.393,0.215,0.197,0.662,0.917,0.951,0.299,0.939;aa;
0.687;0.185,0.0247,0.212,0.00691,0.259,0.918,0.0284,0.988,0.406,0.964;aaaaaaaa;
0.463;0.123,0.681,0.347,0.0591,0.184,0.0888,0.00522,0.0713,0.874,0.398;aaaaaaaaaa;
0.954;0.66,0.6,0.055,0.115,0.974,0.195,0.921,0.862,0.839,0.248;aaaaaaaaa;
0.452;0.864,0.803,0.834,0.829,0.428,0.312,0.287,0.959,0.238,0.423;aaaaaaa;
0.156;0.725,0.102,0.782,0.358,0.873,0.338,0.0108,0.465,0.259,0.527;aaaa;
0.865;0.917,0.545,0.492,0.24,0.996,0.996,0.475,0.0901,0.459,0.898;aaaaa;
0.405;0.61,0.66,0.697,0.546,0.786,0.382,0.677,0.721,0.592,0.191;aaaa;
0.0353;0.234,0.531,0.56,0.794,0.318,0.788,0.442,0.525,0.444,0.365;aaaaaaaaaa;
0.526;0.799,0.519,0.57,0.472,0.621,0.682,0.989,0.769,0.222,0.236;aaaaa;
0.699;0.964,0.0632,0.545,0.941,0.19,0.616,0.638,0.817,0.906,0.548;aaaaa;
0.568;0.799,0.902,0.111,0.411,0.429,0.494,0.0906,0.306,0.309,0.219;aa;
0.385;0.00273,0.901,0.939,0.841,0.0986,0.164,0.474,0.64,0.972,0.107;aaaa;
0.668;0.454,0.323,0.192,0.129,0.39,0.775,0.913,0.477,0.576,0.631;aaaa;
0.716;0.277,0.0379,0.633,0.608,0.666,0.71,0.508,0.566,0.623,0.363;aaaaaaaaaa;
0.171;0.43,0.771,0.283,0.947,0.871,0.0549,0.397,0.335,0.74,0.305;aaa;
0.447;0.834,0.66,0.588,0.935,0.305,0.376,0.406,0.413,0.192,0.443;aaaaaaa;
0.398;0.941,0.143,0.695,0.31,0.0973,0.279,0.263,0.308,0.447,0.297;a;
0.463;0.556,0.927,0.765,0.97,0.839,0.122,0.574,0.931,0.168,0.97;aaaa;
0.489;0.023,0.753,0.282,0.481,0.00707,0.824,0.163,0.145,0.492,0.0932;aaaaa;
0.396;0.217,0.464,0.337,0.577,0.113,0.709,0.515,0.67,0.0583,0.919;aaaaaaaaaa;
0.0588;0.567,0.527,0.384,0.263,0.65,0.782,0.288,0.0344,0.173,0.483;aaa;
0.679;0.626,0.00433,0.63,0.867,0.615,0.136,0.57,0.958,0.68,0.204;aaaaaaa;
0.269;0.591,0.3,0.126,0.651,0.556,0.0872,0.248,0.681,0.739,0.972;aaaaaa;
0.633;0.881,0.816,0.621,0.365,0.633,0.666,0.348,0.543,0.632,0.543;aaaaaaaaa;
0.433;0.876,0.49,0.582,0.558,0.026,0.797,0.917,0.303,0.299,0.676;aaaaaaa;
0.609;0.501,0.357,0.00331,0.0824,0.297,0.903,0.188,0.605,0.52,0.427;aaaaaaa;
0.238;0.304,0.169,0.114,0.625,0.266,0.244,0.725,0.142,0.0448,0.761;aa;
0.923;0.431,0.877,0.721,0.111,0.598,0.378,0.908,0.354,0.825,0.363;aaaaaa;
0.199;0.94,0.346,0.661,0.419,0.554,0.568,0.279,0.525,0.67,0.613;aa;
0.641;0.8,0.289,0.185,0.196,0.0983,0.751,0.181,0.137,0.679,0.78;aaaaaaa;
0.195;0.114,0.871,0.944,0.509,0.0209,0.863,0.451,0.255,0.582,0.986;a;
0.825;0.804,0.673,0.545,0.239,0.569,0.47,0.962,0.84,0.123,0.893;aaa;
0.352;0.628,0.499,0.819,0.861,0.239,0.609,0.384,0.36,0.0958,0.62;aaaaa;
0.557;0.542,0.644,0.989,0.912,0.441,0.793,0.579,0.816,0.491,0.532;aaaaaaa;
0.626;0.2,0.812,0.898,0.921,0.864,0.938,0.558,0.909,0.0601,0.0287;aaaaaaaa;
0.861;0.077,0.547,0.462,0.667,0.333,0.287,0.985,0.756,0.759,0.759;aa;
0.829;0.189,0.943,0.482,0.889,0.915,0.928,0.816,0.109,0.982,0.432;aaaaaaaaaa;
0.779;0.635,0.997,0.473,0.694,0.371,0.899,0.671,0.139,0.826,0.495;aaaaaaaaa;
0.825;0.105,0.822,0.229,0.663,0.616,0.187,0.095,0.952,0.448,0.393;aaaaa;
0.572;0.682,0.469,0.723,0.883,0.644,0.0322,0.348,0.252,0.901,0.381;aaaa;
0.0256;0.75,0.371,0.501,0.988,0.999,0.451,0.169,0.294,0.349,0.122;a;
0.0516;0.339,0.828,0.516,0.365,0.874,0.56,0.63,0.79,0.977,0.272;aaa;
0.124;0.139,0.686,0.374,0.126,0.684,0.885,0.0448,0.865,0.0425,0.181;aaaaaa;
0.591;0.66,0.891,0.804,0.178,0.972,0.0912,0.607,0.766,0.184,0.327;aaaaaa;
0.0518;0.651,0.263,0.683,0.778,0.683,0.767,0.767,0.411,0.551,0.209;aaaaaaaa;
0.112;0.487,0.63,0.728,0.0933,0.693,0.767,0.595,0.477,0.72,0.126;aaaaaaaa;
0.599;0.933,0.873,0.746,0.741,0.218,0.291,0.262,0.418,0.906,0.0196;aaa;
0.226;0.208,0.496,0.955,0.416,0.136,0.163,0.835,0.402,0.0145,0.0163;aaa;
0.27;0.286,0.61,0.327,0.638,0.0299,0.196,0.496,0.415,0.898,0.006;aaa;
0.472;0.498,0.314,0.982,0.78,0.514,0.887,0.328,0.833,0.594,0.501;aaaaaa;
0.0238;0.919,0.369,0.223,0.755,0.685,0.445,0.563,0.961,0.419,0.474;aaa;
0.519;0.954,0.674,0.607,0.899,0.39,0.0777,0.234,0.362,0.192,0.369;aaa;
0.191;0.894,0.362,0.0791,0.531,0.541,0.868,0.765,0.537,0.293,0.827;aaaaaaaaa;
0.648;0.744,0.663,0.406,0.669,0.64,0.773,0.659,0.698,0.825,0.825;aaaaaa;
0.824;0.428,0.6,0.216,0.305,0.886,0.112,0.22,0.12,0.0922,0.78;aaaaaa;
0.497;0.64,0.253,0.833,0.0908,0.285,0.46,0.336,0.812,0.136,0.272;aa;
0.346;0.206,0.101,0.837,0.845,0.414,0.309,0.24,0.503,0.148,0.462;aaaaaaaa;
0.841;0.0346,0.241,0.78,0.178,0.71,0.671,0.202,0.183,0.319,0.64;aaaaaaa;
0.127;0.857,0.715,0.233,0.534,0.358,0.584,0.397,0.296,0.692,0.958;aaaaaaaaa;
0.225;0.812,0.36,0.414,0.376,0.639,0.45,0.786,0.668,0.332,0.764;aaa;
0.53;0.871,0.746,0.117,0.041,0.101,0.931,0.464,0.953,0.729,0.828;aaaaa;
0.536;0.0653,0.408,0.837,0.162,0.763,0.373,0.781,0.107,0.0445,0.315;aaaaaa;
0.852;0.702,0.0616,0.459,0.491,0.114,0.455,0.551,0.705,0.35,0.791;aa;
0.221;0.315,0.515,0.839,0.593,0.459,0.7,0.32,0.209,0.913,0.0331;aa;
0.237;0.452,0.133,0.865,0.386,0.667,0.56,0.136,0.597,0.491,0.329;aaaaaaaaa;
0.538;0.75,0.742,0.773,0.468,0.582,0.399,0.847,0.489,0.78,0.0534;aaa;
0.688;0.966,0.118,0.0243,0.905,0.129,0.301,0.0954,0.958,0.362,0.81;aa;
0.978;0.33,0.21,0.177,0.685,0.627,0.0245,0.181,0.448,0.473,0.576;aa;
0.081;0.158,0.0795,0.00544,0.189,0.879,0.91,0.917,0.633,0.285,0.777;aaaaaa;
0.126;0.61,0.137,0.861,0.764,0.156,0.796,0.859,0.703,0.938,0.666;a;
0.29;0.56,0.519,0.184,0.0125,0.582,0.998,0.797,0.399,0.781,0.16;aaa;
0.136;0.868,0.0983,0.0566,0.846,0.347,0.125,0.649,0.777,0.128,0.385;aaa;
0.811;0.517,0.949,0.62,0.319,0.106,0.353,0.0688,0.978,0.887,0.619;aaaaaaa;
0.147;0.123,0.995,0.39,0.395,0.894,0.738,0.287,0.569,0.636,0.767;a;
0.589;0.491,0.327,0.524,0.473,0.82,0.679,0.486,0.75,0.682,0.0603;aaaaaaaaaa;
0.116;0.118,0.299,0.158,0.825,0.901,0.631,0.606,0.9,0.493,0.624;aaaaa;
0.237;0.706,0.387,0.537,0.528,0.34,0.532,0.251,0.0117,0.552,0.659;aaa;
0.462;0.277,0.918,0.252,0.941,0.764,0.113,0.00284,0.145,0.906,0.0384;aaaa;
0.579;0.252,0.216,0.992,0.932,0.536,0.807,0.617,0.694,0.33,0.896;a;
0.799;0.3,0.939,0.494,0.376,0.897,0.911,0.914,0.909,0.795,0.464;a;
0.512;0.279,0.481,0.251,0.299,0.802,0.779,0.301,0.899,0.151,0.497;aaaaaaaaaa;
0.513;0.478,0.471,0.638,0.241,0.451,0.69,0.407,0.518,0.176,0.642;aa;
0.579;0.5,0.464,0.768,0.273,0.873,0.973,0.557,0.0154,0.402,0.981;aaaaaaa;
0.299;0.11,0.914,0.809,0.747,0.729,0.147,0.706,0.93,0.83,0.288;aa;
0.645;0.216,0.122,0.889,0.258,0.078,0.122,0.794,0.883,0.419,0.701;aaaaaaaa;
0.724;0.725,0.941,0.624,0.659,0.165,0.681,0.755,0.831,0.698,0.418;aaaa;
0.504;0.576,0.814,0.414,0.973,0.535,0.945,0.543,0.564,0.225,0.202;aaaaaaa;
0.0766;0.654,0.674,0.497,0.973,0.661,0.409,0.42,0.844,0.221,0.289;aaaaaaaa;
0.409;0.702,0.364,0.504,0.946,0.724,0.738,0.763,0.708,0.0491,0.832;aaaaaaaaaa;
0.661;0.44,0.879,0.554,0.14,0.813,0.574,0.427,0.824,0.558,0.389;aaaaaa;
0.189;0.914,0.626,0.321,0.858,0.791,0.214,0.791,0.209,0.889,0.968;aaaaaaaa;
0.797;0.648,0.661,0.357,0.574,0.454,0.542,0.232,0.129,0.578,0.792;aa;
0.313;0.0493,0.404,0.501,0.226,0.381,0.928,0.233,0.206,0.762,0.406;a;
0.182;0.538,0.365,0.0521,0.268,0.986,0.126,0.227,0.293,0.76,0.471;aaaaaaa;
0.548;0.821,0.308,0.489,0.989,0.321,0.692,0.32,0.704,0.235,0.608;aaaaaa;
0.431;0.987,0.0934,0.953,0.0679,0.604,0.0983,0.00205,0.0639,0.511,0.786;aaaaaaaaaa;
0.0857;0.94,0.531,0.0679,0.922,0.829,0.648,0.912,0.526,0.747,0.448;aaaaaaaa;
0.509;0.894,0.712,0.123,0.432,0.00888,0.908,0.428,0.68,0.317,0.246;aaaaaa;
0.724;0.806,0.963,0.133,0.987,0.727,0.957,0.533,0.922,0.886,0.791;aaaaaaaaaa;
0.423;0.719,0.525,0.224,0.609,0.396,0.25,0.569,0.162,0.251,0.484;aaaaa;
0.573;0.469,0.274,0.192,0.937,0.744,0.313,0.528,0.969,0.146,0.838;aaaa;
0.568;0.403,0.932,0.857,0.623,0.519,0.234,0.883,0.469,0.691,0.827;aaaaaaa;
0.574;0.949,0.351,0.528,0.631,0.93,0.732,0.888,0.345,0.215,0.993;aaaa;
0.147;0.252,0.854,0.63,0.251,0.612,0.0765,0.424,0.243,0.436,0.529;aaaaaa;
0.409;0.312,0.949,0.669,0.369,0.522,0.114,0.118,0.265,0.544,0.335;aaaaaaaaa;
0.145;0.968,0.704,0.312,0.0851,0.661,0.997,0.253,0.598,0.62,0.0521;aaaaaaaaaa;
0.353;0.914,0.125,0.756,0.773,0.0833,0.33,0.489,0.0741,0.783,0.294;aaa;
0.796;0.661,0.189,0.784,0.955,0.814,0.648,0.375,0.454,0.923,0.936;aaaaaa;
0.807;0.161,0.313,0.714,0.271,0.454,0.123,0.621,0.795,0.0698,0.351;aa;
0.998;0.653,0.618,0.35,0.606,0.83,0.503,0.781,0.467,0.039,0.74;aaaaaaaa;
0.0246;0.249,0.565,0.862,0.197,0.225,0.875,0.0986,0.975,0.194,0.723;aaaaaa;
0.606;0.467,0.435,0.655,0.0473,0.199,0.143,0.995,0.407,0.655,0.674;a;
0.356;0.981,0.825,0.353,0.878,0.0541,0.458,0.233,0.334,0.629,0.563;aaaaaa;
0.666;0.17,0.633,0.339,0.0731,0.633,0.55,0.0574,0.435,0.0674,0.0995;aaaaaa;
0.0097;0.619,0.958,0.104,0.147,0.12,0.223,0.393,0.881,0.131,0.0542;a;
0.757;0.132,0.244,0.656,0.793,0.62,0.199,0.965,0.758,0.166,0.504;aaaaa;
0.543;0.0914,0.954,0.864,0.445,0.214,0.406,0.92,0.686,0.767,0.894;aaaaaaaaa;
0.986;0.363,0.815,0.915,0.123,0.0241,0.711,0.0833,0.167,0.441,0.377;aaa;
0.414;0.736,0.599,0.369,0.466,0.825,0.924,0.691,0.914,0.214,0.972;aaaa;
0.433;0.296,0.242,0.201,0.42,0.324,0.0793,0.961,0.451,0.807,0.766;aaaaaaaa;
0.984;0.811,0.27,0.244,0.655,0.61,0.59,0.657,0.0276,0.396,0.504;aaaaaaaaa;
0.652;0.703,0.521,0.103,0.526,0.91,0.778,0.547,0.5,0.324,0.91;aaaaaaa;
0.47;0.81,0.311,0.734,0.0566,0.984,0.906,0.706,0.89,0.104,0.0641;aaaaa;
0.603;0.178,0.462,0.198,0.272,0.266,0.239,0.0943,0.633,0.5,0.153;a;
0.848;0.473,0.0104,0.72,0.219,0.9,0.0728,0.312,0.342,0.758,0.752;aaaa;
0.564;0.557,0.198,0.873,0.569,0.188,0.423,0.812,0.853,0.827,0.131;aaaaaaaaa;
0.349;0.769,0.903,0.496,0.667,0.917,0.569,0.942,0.953,0.776,0.408;aaaaaaa;
0.0221;0.987,0.522,0.743,0.558,0.352,0.938,0.0684,0.528,0.505,0.539;aaaa;
0.476;0.891,0.959,0.964,0.822,0.212,0.664,0.934,0.0716,0.114,0.288;aaa;
0.415;0.868,0.152,0.139,0.888,0.0946,0.829,0.23,0.467,0.546,0.888;aaaaaaaa;
0.76;0.366,0.965,0.968,0.254,0.533,0.824,0.449,0.106,0.301,0.167;aaaa;
0.779;0.479,0.214,0.0878,0.86,0.485,0.0537,0.353,0.185,0.246,0.536;aaaaaaaaa;
0.535;0.787,0.706,0.978,0.739,0.301,0.705,0.667,0.183,0.89,0.312;aaaaaaaa;
0.48;0.826,0.817,0.308,0.432,0.563,0.959,0.587,0.236,0.368,0.359;aaaaaaaa;
0.785;0.786,0.247,0.767,0.51,0.883,0.843,0.168,0.759,0.414,0.61;a;
0.0556;0.293,0.831,0.125,0.787,0.7,0.536,0.857,0.349,0.096,0.737;aaaaaaaa;
0.608;0.503,0.93,0.495,0.345,0.761,0.996,0.725,0.984,0.00443,0.416;aaaaaaaaaa;
0.838;0.391,0.759,0.785,0.689,0.371,0.531,0.609,0.672,0.387,0.0711;aaa;
0.18;0.858,0.903,0.526,0.585,0.846,0.591,0.981,0.0547,0.2,0.139;aaaaaaaa;
0.557;0.371,0.52,0.37,0.544,0.0175,0.97,0.574,0.616,0.604,0.834;aaaaaaaa;
0.252;0.277,0.119,0.507,0.372,0.668,0.29,0.397,0.3,0.798,0.446;aaaa;
0.418;0.118,0.0557,0.781,0.627,0.934,0.142,0.0172,0.683,0.637,0.29;aaaaaaa;
0.0513;0.836,0.648,0.669,0.739,0.551,0.737,0.577,0.948,0.731,0.462;aaaaaaaaaa;
0.488;0.258,0.781,0.489,0.56,0.235,0.206,0.161,0.103,0.814,0.355;aaaaaaa;
0.172;0.195,0.292,0.416,0.175,0.201,0.603,0.921,0.389,0.419,0.44;aaaaaaaaa;
0.544;0.338,0.192,0.759,0.638,0.0513,0.75,0.594,0.421,0.698,0.326;aaaaaaaaa;
0.519;0.599,0.91,0.0746,0.585,0.151,0.743,0.848,0.105,0.474,0.713;aaaaaaaa;
0.776;0.497,0.748,0.409,0.586,0.149,0.757,0.941,0.0771,0.657,0.486;aaa;
0.657;0.793,0.621,0.933,0.723,0.776,0.653,0.673,0.769,0.328,0.62;aaaaa;
0.739;0.816,0.0512,0.31,0.028,0.54,0.694,0.274,0.718,0.819,0.312;aaa;
0.323;0.663,0.614,0.374,0.0288,0.933,0.366,0.904,0.998,0.706,0.113;a;
0.724;0.0104,0.685,0.179,0.606,0.855,0.418,0.901,0.992,0.166,0.388;aaaaaaa;
0.624;0.617,0.0689,0.492,0.397,0.582,0.162,0.585,0.825,0.992,0.584;aaaa;
0.674;0.556,0.521,0.59,0.242,0.7,0.0225,0.168,0.39,0.405,0.93;aaaaaa;
0.401;0.7,0.508,0.741,0.502,0.418,0.743,0.888,0.427,0.047,0.918;aa;
0.815;0.334,0.972,0.499,0.53,0.976,0.883,0.0325,0.871,0.715,0.322;aaaaaaaaaa;
0.838;0.504,0.185,0.0688,0.998,0.0144,0.684,0.806,0.331,0.296,0.885;aa;
0.98;0.338,0.797,0.993,0.318,0.0583,0.817,0.95,0.0609,0.962,0.893;aaa;
0.554;0.268,0.867,0.212,0.411,0.206,0.829,0.154,0.909,0.362,0.718;aaaaa;
0.177;0.65,0.771,0.216,0.0214,0.493,0.195,0.281,0.0608,0.143,0.679;aaaaa;
0.606;0.136,0.0642,0.235,0.121,0.758,0.595,0.279,0.128,0.0675,0.249;aaaaa;
0.127;0.876,0.819,0.565,0.233,0.974,0.0134,0.572,0.68,0.131,0.885;aaaaaaaaaa;
0.539;0.192,0.327,0.751,0.502,0.138,0.118,0.391,1,0.996,0.835;aaaaaaaa;
0.682;0.838,0.117,0.897,0.192,0.584,0.188,0.539,0.675,0.497,0.91;a;
0.925;0.332,0.137,0.715,0.0102,0.414,0.0454,0.661,0.52,0.626,0.816;aaa;
0.217;0.272,0.389,0.0915,0.835,0.0354,0.947,0.531,0.385,0.794,0.237;a;
0.539;0.676,0.0684,0.166,0.856,0.338,0.996,0.144,0.949,0.38,0.854;aaa;
0.0816;0.196,0.479,0.519,0.946,0.0488,0.104,0.25,0.826,0.691,0.438;aaaaaaaaa;
0.528;0.78,0.178,0.166,0.579,0.606,0.0214,0.227,0.98,0.609,0.855;aaaaaaa;
0.539;0.0658,0.563,0.0796,0.767,0.566,0.311,0.944,0.24,0.763,0.936;aaaa;
0.183;0.923,0.519,0.19,0.715,0.0928,0.539,0.297,0.287,0.235,0.451;aaaaaaa;
0.41;0.22,0.482,0.75,0.541,0.177,0.582,0.461,0.738,0.654,0.4;aaaaaaaaa;
0.645;0.326,0.471,0.919,0.0659,0.586,0.888,0.0641,0.247,0.936,0.618;aaaaaaaa;
0.319;0.457,0.974,0.873,0.711,0.101,0.324,0.0538,0.54,0.00616,0.741;aaaaaaaa;
0.612;0.699,0.295,0.0993,0.615,0.203,0.221,0.623,0.958,0.915,0.169;aa;
0.574;0.232,0.85,0.542,0.192,0.277,0.967,0.296,0.0813,0.0561,0.733;aaaaaaaa;
0.182;0.69,0.615,0.682,0.324,0.628,0.597,0.634,0.0976,0.426,0.269;aa;
0.853;0.683,0.0758,0.848,0.313,0.464,0.0708,0.569,0.926,0.566,0.517;a;
0.646;0.904,0.579,0.972,0.953,0.214,0.633,0.604,0.333,0.0794,0.845;aaa;
0.216;0.816,0.111,0.568,0.8,0.606,0.959,0.141,0.702,0.889,0.873;aaaaaaaaa;
0.336;0.82,0.404,0.579,0.281,0.869,0.623,0.509,0.867,0.00997,0.474;aaaaaaaaaa;
0.185;0.945,0.582,0.126,0.0133,0.457,0.072,0.67,0.722,0.49,0.124;aa;
0.543;0.854,0.0223,0.174,0.0882,0.846,0.752,0.559,0.271,0.886,0.0871;a;
0.172;0.409,0.517,0.766,0.342,0.683,0.772,0.591,0.977,0.18,0.685;a;
0.597;0.289,0.379,0.17,0.289,0.815,0.915,0.853,0.484,0.013,0.733;aaaaaaa;
0.442;0.899,0.987,0.69,0.286,0.573,0.244,0.791,0.483,0.239,0.998;aaaaaa;
0.461;0.487,0.495,0.278,0.674,0.291,0.3,0.814,0.502,0.391,0.854;aa;
0.718;0.347,0.84,0.525,0.238,0.626,0.345,0.37,0.99,0.811,0.742;a;
0.54;0.938,0.0179,0.966,0.355,0.683,0.165,0.0647,0.926,0.934,0.212;aaaaaaaaaa;
0.447;0.376,0.286,0.914,0.855,0.0416,0.165,0.129,0.924,0.476,0.0321;aaaaaaaaaa;
0.902;0.937,0.634,0.311,0.0772,0.646,0.249,0.804,0.826,0.351,0.603;a;
0.304;0.17,0.325,0.833,0.281,0.431,0.0323,0.893,0.61,0.77,0.409;aaaaaa;
0.163;0.665,0.946,0.795,0.967,0.862,0.0192,0.178,0.38,0.854,0.243;aaaaaaaa;
0.824;0.454,0.182,0.478,0.218,0.366,0.258,0.985,0.972,0.652,0.763;aaaaaaa;
0.878;0.348,0.777,0.214,0.118,0.747,0.378,0.868,0.624,0.275,0.192;aaaaa;
0.128;0.797,0.296,0.663,0.793,0.319,0.589,0.149,0.755,0.542,0.155;aaaaaaaaaa;
0.161;0.649,0.828,0.843,0.37,0.92,0.882,0.98,0.821,0.532,0.0825;aaaaaaa;
0.0825;0.632,0.0219,0.972,0.867,0.336,0.924,0.556,0.115,0.878,0.078;aa;
0.864;0.0204,0.391,0.965,0.528,0.122,0.924,0.0658,0.614,0.989,0.787;aaaaaaaaaa;
0.707;0.0929,0.879,0.295,0.851,0.633,0.116,0.682,0.183,0.238,0.387;a;
0.879;0.133,0.574,0.535,0.175,0.378,0.492,0.836,0.156,0.218,0.887;aa;
0.33;0.979,0.726,0.315,0.997,0.721,0.927,0.799,0.749,0.993,0.506;aaaaaaaaa;
0.989;0.873,0.544,0.86,0.916,0.983,0.921,0.87,0.745,0.691,0.834;aaa;
0.335;0.0644,0.839,0.89,0.698,0.579,0.489,0.231,0.94,0.577,0.661;aaaaaa;
0.668;0.609,0.677,0.139,0.125,0.624,0.0762,0.579,0.481,0.662,0.135;aaaaa;
0.609;0.678,0.181,0.504,0.853,0.368,0.29,0.88,0.00956,0.177,0.57;aaa;
0.693;0.557,0.129,0.239,0.929,0.15,0.329,0.168,0.199,0.844,0.634;aaaa;
0.287;0.739,0.607,0.193,0.741,0.824,0.589,0.741,0.45,0.776,0.592;aaa;
0.555;0.0439,0.329,0.0884,0.994,0.959,0.245,0.737,0.768,0.334,0.521;aaaaaaaaaa;
0.905;0.533,0.38,0.773,0.943,0.658,0.578,0.339,0.529,0.365,0.66;aaaaaaaaa;
0.226;0.538,0.78,0.0778,0.0741,0.253,0.783,0.15,0.719,0.589,0.898;aa;
0.213;0.628,0.657,0.755,0.332,0.862,0.402,0.742,0.39,0.989,0.431;aa;
0.758;0.532,0.185,0.367,0.616,0.135,0.628,0.639,0.86,0.0437,0.491;aa;
0.0496;0.219,0.0292,0.315,0.271,0.643,0.704,0.424,0.768,0.411,0.67;aaaaa;
0.349;0.498,0.114,0.629,0.701,0.229,0.0931,0.605,0.805,0.505,0.446;aaaaaaaaa;
0.821;0.278,0.349,0.0969,0.651,0.373,0.734,0.416,0.909,0.69,0.507;aaaa;
0.597;0.362,0.0981,0.0839,0.651,0.701,0.691,0.392,0.836,0.303,0.471;a;
0.0997;0.494,0.0821,0.377,0.301,0.00484,0.303,0.295,0.108,0.397,0.0554;aaa;
0.974;0.888,0.673,0.753,0.993,0.761,0.188,0.996,0.346,0.459,0.755;aaaaaaaaa;
0.748;0.451,0.0468,0.191,0.287,0.989,0.719,0.0945,0.645,0.871,0.931;aaaaaaaa;
0.19;0.227,0.107,0.33,0.348,0.045,0.0768,0.944,0.609,0.295,0.531;aaaaaaa;
0.455;0.245,0.445,0.894,0.317,0.246,0.762,0.26,0.432,0.803,0.985;aaaaaaaaa;
0.472;0.313,0.832,0.407,0.163,0.737,0.434,0.669,0.905,0.822,0.864;aaa;
0.354;0.676,0.929,0.33,0.796,0.35,0.259,0.394,0.393,0.0354,0.869;aaaaa;
0.0298;0.387,0.206,0.787,0.499,0.85,0.65,0.498,0.994,0.0146,0.275;aa;
0.738;0.148,0.311,0.75,0.793,0.693,0.822,0.214,0.483,0.861,0.0023;aa;
0.426;0.11,0.193,0.729,0.59,0.236,0.631,0.2,0.452,0.0695,0.701;aaaaa;
0.73;0.938,0.979,0.682,0.629,0.071,0.544,0.239,0.859,0.838,0.789;aaaaa;
0.79;0.0825,0.129,0.13,0.487,0.133,0.808,0.873,0.323,0.882,0.291;aaaaaaa;
0.319;0.82,0.438,0.0572,0.0256,0.743,0.931,0.786,0.721,0.129,0.471;aaaaaaaaaa;
0.707;0.523,0.733,0.61,0.51,0.884,0.69,0.86,0.881,0.891,0.763;aaaaaa;
0.799;0.742,0.674,0.312,0.994,0.263,0.796,0.0926,0.138,0.878,0.178;aaaaaa;
0.937;0.977,0.96,0.106,0.305,0.726,0.162,0.937,0.591,0.237,0.56;aa;
0.509;0.665,0.15,0.774,0.917,0.238,0.96,0.188,0.0761,0.888,0.22;aaaa;
0.975;0.472,0.168,0.583,0.858,0.482,0.629,0.983,0.757,0.269,0.109;a;
0.604;0.276,0.94,0.796,0.307,0.115,0.0843,0.677,0.155,0.243,0.38;aaaaa;
0.279;0.859,0.84,0.575,0.0318,0.412,0.828,0.108,0.366,0.439,0.613;aaaaaaa;
0.598;0.462,0.115,0.218,0.817,0.899,0.103,0.474,0.153,0.401,0.914;aaaaaa;
0.77;0.865,0.88,0.493,0.483,0.298,0.742,0.269,0.334,0.502,0.898;aaaaa;
0.191;0.375,0.903,0.267,0.113,0.336,0.538,0.732,0.799,0.163,0.393;aaaaaaaa;
0.264;0.348,0.0179,0.242,0.467,0.47,0.188,0.354,0.894,0.803,0.706;aaaaaaaa;
0.781;0.982,0.847,0.611,0.279,0.163,0.719,0.0937,0.358,0.329,0.494;aaaaaaaaaa;
0.882;0.693,0.291,0.85,0.366,0.0999,0.221,0.883,0.411,0.912,0.942;aaaaaaaaa;
0.133;0.892,0.68,0.829,0.955,0.522,0.46,0.635,0.435,0.494,0.529;aaaa;
0.767;0.418,0.177,0.654,0.335,0.865,0.0963,0.267,0.951,0.846,0.771;aaaaaa;
0.831;0.87,0.393,0.999,0.222,0.937,0.0448,0.899,0.864,0.12,0.326;aaaaaaaa;
0.146;0.587,0.231,0.756,0.864,0.383,0.785,0.744,0.46,0.151,0.0331;aa;
0.28;0.542,0.479,0.634,0.851,0.919,0.298,0.279,0.315,0.416,0.262;a;
0.0758;0.411,0.735,0.663,0.456,0.154,0.982,0.674,0.18,0.609,0.193;aaaaaaaa;
0.347;0.446,0.266,0.134,0.0642,0.406,0.42,0.289,0.427,0.211,0.167;aaaaa;
0.0646;0.931,0.894,0.417,0.761,0.645,0.0753,0.454,0.892,0.286,0.881;aaaa;
0.811;0.515,0.367,0.714,0.843,0.948,0.788,0.267,0.36,0.0321,0.927;aaaaaaaaaa;
0.172;0.709,0.558,0.793,0.309,0.22,0.503,0.997,0.645,0.952,0.272;aaaaaaaaaa;
0.235;0.675,0.114,0.904,0.626,0.972,0.146,0.997,0.176,0.872,0.946;aaaaa;
0.33;0.263,0.988,0.523,0.415,0.951,0.934,0.975,0.548,0.126,0.745;aaaaaaaa;
0.283;0.719,0.545,0.176,0.833,0.808,0.314,0.288,0.448,0.14,0.952;aaaaaaaaa;
0.088;0.381,0.0157,0.15,0.868,0.106,0.681,0.393,0.185,0.983,0.0145;aaaaaa;
0.131;0.596,0.356,0.131,0.715,0.737,0.534,0.32,0.125,0.282,0.973;aaaaaa;
0.498;0.332,0.929,0.399,0.922,0.718,0.972,0.691,0.75,0.364,0.424;a;
0.656;0.398,0.276,0.663,0.841,0.961,0.848,0.697,0.22,0.479,0.374;aaaaaaaa;
0.0869;0.00423,0.89,0.159,0.463,0.12,0.972,0.235,0.234,0.662,0.184;aaaaaa;
0.975;0.488,0.942,0.397,0.852,0.616,0.359,0.155,0.152,0.217,0.138;aaaaaaaaa;
0.652;0.877,0.328,0.413,0.549,0.773,0.873,0.757,0.911,0.133,0.874;aaaaaaa;
0.747;0.594,0.943,0.866,0.0831,0.631,0.014,0.978,0.213,0.683,0.554;aaa;
0.814;0.727,0.355,0.229,0.886,0.955,0.463,0.224,0.185,0.914,0.61;aaaaaaa;
0.246;0.724,0.312,0.492,0.324,0.538,0.51,0.187,0.561,0.869,0.911;aaaaaaa;
0.298;0.985,0.928,0.745,0.777,0.886,0.496,0.546,0.914,0.131,0.218;aaaa;
0.104;0.621,0.583,0.913,0.0975,0.896,0.544,0.361,0.306,0.619,0.507;aaaaaa;
0.832;0.723,0.879,0.827,0.0443,0.831,0.478,0.0966,0.1,0.508,0.134;aaaaaaaaa;
0.514;0.601,0.993,0.00184,0.0199,0.941,0.00909,0.0897,0.991,0.248,0.0133;aaaaaaaaaa;
0.325;0.628,0.851,0.222,0.302,0.66,0.644,0.64,0.348,0.706,0.482;aaaaaa;
0.987;0.613,0.542,0.999,0.974,0.832,0.714,0.644,0.643,0.516,0.128;aaaaaaa;
0.563;0.191,0.914,0.285,0.844,0.638,0.137,0.227,0.89,0.158,0.144;aaa;
0.565;0.621,0.89,0.933,0.0391,0.152,0.701,0.598,0.558,0.608,0.0472;aaaaa;
0.0566;0.696,0.307,0.395,0.52,0.0239,0.894,0.423,0.479,0.347,0.699;aaaaaaaa;
0.585;0.856,0.797,0.17,0.873,0.421,0.822,0.0708,0.0778,0.892,0.967;a;
0.447;0.253,0.665,0.492,0.0637,0.302,0.78,0.818,0.322,0.506,0.245;aaaaaaaaa;
0.909;0.324,0.947,0.686,0.131,0.147,0.479,0.19,0.855,0.744,0.814;aaaaaaaa;
0.113;0.536,0.218,0.611,0.4,0.795,0.442,0.968,0.622,0.767,0.89;aaa;
0.866;0.722,0.106,0.674,0.801,0.206,0.55,0.47,0.966,0.0338,0.499;a;
0.105;0.742,0.159,0.64,0.431,0.291,0.81,0.663,0.632,0.825,0.69;aaaaaaa;
0.654;0.402,0.393,0.921,0.659,0.605,0.945,0.109,0.987,0.552,0.819;aaaaaaa;
0.818;0.672,0.267,0.483,0.548,0.216,0.888,0.016,0.155,0.308,0.175;aaaa;
0.299;0.223,0.988,0.925,0.585,0.635,0.564,0.235,0.806,0.156,0.11;aaaaaaaa;
0.229;0.768,0.17,0.515,0.589,0.164,0.925,0.941,0.336,0.835,0.3;aaaaaaa;
0.422;0.41,0.71,0.575,0.985,0.823,0.426,0.243,0.406,0.395,0.631;aaaaaaaa;
0.638;0.321,0.0756,0.346,0.145,0.361,0.576,0.0934,0.699,0.356,0.46;aa;
0.665;0.677,0.48,0.0253,0.483,0.304,0.0373,0.552,0.484,0.187,0.27;aaaaaaaa;
0.68;0.312,0.194,0.962,0.587,0.91,0.577,0.543,0.982,0.361,0.385;aaaaaaaa;
0.991;0.804,0.9,0.367,0.92,0.965,0.906,0.514,0.943,0.431,0.812;aaaaa;
0.0151;0.518,0.354,0.642,0.803,0.841,0.413,0.963,0.193,0.605,0.27;aaaaaa;
0.825;0.488,0.624,0.785,0.293,0.465,0.418,0.951,0.8,0.699,0.519;aaaaaaa;
0.422;0.571,0.961,0.00101,0.906,0.893,0.963,0.354,0.579,0.0869,0.473;aaaaaaaaa;
0.578;0.676,0.353,0.648,0.11,0.125,0.618,0.804,0.493,0.224,0.128;aaaa;
0.213;0.368,0.109,0.594,0.524,0.338,0.411,0.305,0.795,0.996,0.784;aaaaa;
0.771;0.548,0.283,0.28,0.684,0.409,0.823,0.663,0.39,0.00559,0.164;a;
0.123;0.341,0.33,0.087,0.756,0.24,0.149,0.00546,0.51,0.824,0.836;aaaaaaaaa;
0.195;0.985,0.211,0.673,0.493,0.175,0.716,0.529,0.52,0.48,0.717;a;
0.396;0.0118,0.327,0.526,0.566,0.57,0.381,0.922,0.336,0.0118,0.937;aaaaaa;
0.0868;0.759,0.439,0.5,0.556,0.584,0.201,0.319,0.0854,0.162,0.285;aaa;
0.47;0.00945,0.187,0.101,0.843,0.573,0.49,0.245,0.718,0.601,0.481;aa;
0.0772;0.763,0.223,0.36,0.165,0.623,0.242,0.223,0.548,0.966,0.659;a;
0.348;0.0693,0.00769,0.936,0.599,0.656,0.591,0.678,0.66,0.152,0.659;aa;
0.299;0.0118,0.341,0.163,0.377,0.731,0.369,0.209,0.0876,0.633,0.265;aaaaaaa;
0.037;0.4,0.342,0.235,0.425,0.033,0.499,0.694,0.797,0.944,0.467;aaaaaaaa;
0.112;0.889,0.811,0.219,0.421,0.475,0.874,0.345,0.324,0.947,0.34;aaaaaaaaa;
0.512;0.165,0.69,0.989,0.236,0.399,0.7,0.495,0.66,0.537,0.00249;aa;
0.723;0.194,0.335,0.994,0.698,0.892,0.573,0.73,0.0944,0.745,0.0376;aaaaaaaaaa;
0.935;0.97,0.56,0.479,0.661,0.0042,0.295,0.133,0.87,0.682,0.494;aaaaaaaaa;
0.593;0.959,0.268,0.39,0.0102,0.349,0.231,0.379,0.301,0.0205,0.154;aaaaaa;
0.782;0.764,0.183,0.884,0.49,0.752,0.843,0.359,0.534,0.524,0.473;aa;
0.684;0.0651,0.319,0.451,0.908,0.834,0.932,0.611,0.101,0.405,0.855;aaa;
0.0825;0.322,0.156,0.924,0.889,0.101,0.508,0.287,0.365,0.313,0.925;aaaaaaaa;
0.861;0.586,0.496,0.286,0.518,0.505,0.306,0.691,0.0158,0.078,0.81;aaaaa;
0.0844;0.662,0.803,0.85,0.195,0.407,0.685,0.476,0.722,0.693,0.886;aaaa;
0.62;0.0654,0.474,0.0319,0.552,0.171,0.429,0.536,0.465,0.315,0.936;aaa;
0.513;0.259,0.83,0.841,0.572,0.275,0.689,0.52,0.0878,0.833,0.999;a;
0.971;0.566,0.748,0.0817,0.832,0.778,0.355,0.0962,0.239,0.446,0.416;aaaa;
0.465;0.898,0.584,0.76,0.757,0.0628,0.376,0.478,0.795,0.995,0.627;aaa;
0.779;0.519,0.423,0.899,0.037,0.0341,0.361,0.0696,0.0345,0.46,0.804;aaaaaa;
0.89;0.827,0.0474,0.103,0.802,0.999,0.391,0.839,0.0556,0.00644,0.592;aaaaa;
0.851;0.774,0.514,0.469,0.812,0.142,0.0574,0.352,0.0954,0.00654,0.137;aaaaa;
0.427;0.00388,0.95,0.507,0.629,0.541,0.538,0.591,0.736,0.988,0.185;aaaaaaaaaa;
0.557;0.948,0.0465,0.493,0.827,0.886,0.45,0.839,0.903,0.698,0.356;aaaa;
0.838;0.551,0.0481,0.0411,0.11,0.156,0.233,0.362,0.177,0.216,0.223;aaaa;
0.66;0.0237,0.833,0.774,0.514,0.901,0.849,0.825,0.445,0.909,0.938;aaaaaaaaa;
0.787;0.534,0.0527,0.65,0.121,0.0925,0.382,0.183,0.499,0.297,0.494;a;
0.494;0.872,0.423,0.00555,0.303,0.362,0.551,0.897,0.0163,0.945,0.969;aaaaaa;
0.189;0.468,0.844,0.134,0.949,0.135,0.621,0.347,0.575,0.862,0.363;a;
0.0274;0.0826,0.997,0.885,0.634,0.329,0.62,0.987,0.574,0.618,0.551;aaaaaaaaa;
0.354;0.764,0.55,0.732,0.799,0.0665,0.688,0.261,0.658,0.624,0.301;aaaaaaaaaa;
0.172;0.776,0.899,0.791,0.219,0.532,0.486,0.203,0.261,0.231,0.344;aaaaaaa;
0.799;0.269,0.973,0.69,0.829,0.793,0.27,0.43,0.117,0.425,0.709;aaaaaaa;
0.00881;0.496,0.0237,0.112,0.319,0.014,0.342,0.598,0.565,0.137,0.741;aaaa;
0.705;0.0915,0.459,0.00163,0.0401,0.998,0.542,0.503,0.424,0.649,0.885;aa;
0.383;0.829,0.248,0.692,0.283,0.297,0.48,0.991,0.369,0.991,0.0747;aaaaaaa;
0.0494;0.532,0.423,0.0077,0.17,0.881,0.823,0.0597,0.968,0.603,0.226;aaaaaa;
0.169;0.247,0.202,0.0619,0.793,0.541,0.663,0.854,0.61,0.0595,0.199;aa;
0.608;0.826,0.474,0.987,0.0569,0.17,0.433,0.813,0.988,0.31,0.741;aaaa;
0.676;0.59,0.009,0.552,0.655,0.307,0.94,0.105,0.882,0.578,0.289;aaaaaaaaa;
0.33;0.124,0.115,0.305,0.887,0.715,0.892,0.95,0.688,0.454,0.233;aaaaa;
0.785;0.623,0.846,0.0637,0.958,0.383,0.937,0.178,0.613,0.688,0.166;aaa;
0.474;0.59,0.753,0.295,0.121,0.225,0.487,0.934,0.621,0.46,0.537;aaaaaaaaa;
0.115;0.15,0.262,0.326,0.917,0.762,0.123,0.452,0.569,0.342,0.0422;aaaaaaa;
0.428;0.913,0.955,0.357,0.186,0.185,0.893,0.8,0.975,0.645,0.624;aaaaaaaaaa;
0.328;0.69,0.119,0.84,0.944,0.872,0.132,0.907,0.447,0.498,0.454;aaaaaaaaa;
0.632;0.608,0.266,0.511,0.85,0.814,0.242,0.514,0.649,0.0715,0.408;aaaaaaaaa;
0.77;0.203,0.597,0.336,0.964,0.168,0.636,0.755,0.851,0.786,0.977;a;
0.104;0.549,0.0103,0.796,0.679,0.655,0.415,0.732,0.0503,0.57,0.159;aaaaaa;
0.419;0.29,0.16,0.221,0.998,0.687,0.563,0.681,0.638,0.418,0.207;aaa;
0.452;0.382,0.406,0.0674,0.992,0.19,0.247,0.498,0.767,0.618,0.743;aaa;
0.289;0.385,0.747,0.352,0.204,0.894,0.199,0.7,0.4,0.417,0.545;aaaaaaaaa;
0.778;0.947,0.907,0.869,0.28,0.332,0.487,0.591,0.0495,0.333,0.864;aaa;
0.822;0.861,0.707,0.259,0.678,0.875,0.494,0.866,0.0604,0.0468,0.95;aaa;
0.306;0.559,0.295,0.864,0.000349,0.796,0.908,0.459,0.803,0.732,0.255;aaaaaaaa;
0.608;0.545,0.699,0.548,0.147,0.512,0.37,0.903,0.245,0.106,0.804;aaaaaaaa;
0.994;0.772,0.0833,0.819,0.0598,0.082,0.666,0.218,0.71,0.442,0.14;aaa;
0.971;0.653,0.327,0.378,0.302,0.468,0.734,0.843,0.426,0.354,0.0286;aaaaaa;
0.766;0.349,0.0502,0.27,0.42,0.874,0.555,0.896,0.134,0.793,0.277;aaaaaaa;
0.0243;0.107,0.63,0.964,0.544,0.96,0.221,0.0692,0.652,0.374,0.443;aaa;
0.125;0.849,0.121,0.193,0.833,0.105,0.955,0.437,0.211,0.336,0.44;aaaaa;
0.659;0.248,0.723,0.483,0.0609,0.179,0.285,0.43,0.522,0.637,0.195;aaaaa;
0.125;0.0332,0.603,0.447,0.505,0.798,0.0104,0.64,0.385,0.463,0.832;aaa;
0.961;0.00884,0.952,0.784,0.827,0.348,0.826,0.0176,0.739,0.227,0.929;aaaaaaaaa;
0.412;0.0314,0.437,0.361,0.14,0.228,0.557,0.367,0.248,0.68,0.528;a;
0.394;0.861,0.435,0.708,0.565,0.519,0.786,0.932,0.686,0.26,0.132;aaaaaa;
0.769;0.622,0.833,0.431,0.444,0.454,0.321,0.688,0.815,0.551,0.96;aaaaaa;
0.933;0.497,0.234,0.52,0.0298,0.563,0.795,0.424,0.312,0.39,0.492;aaa;
0.9;0.998,0.888,0.271,0.161,0.587,0.569,0.875,0.216,0.985,0.041;aa;
0.0882;0.437,0.376,0.988,0.674,0.741,0.363,0.118,0.399,0.244,0.0138;aaaaaaaaa;
0.819;0.192,0.247,0.2,0.171,0.399,0.686,0.909,0.591,0.548,0.902;aaaaaaa;
0.0729;0.181,0.589,0.323,0.019,0.748,0.566,0.877,0.66,0.416,0.49;aaaaa;
0.891;0.621,0.26,0.476,0.225,0.24,0.356,0.208,0.85,0.381,0.944;aaaaaa;
0.0154;0.424,0.662,0.691,0.968,0.67,0.29,0.293,0.925,0.674,0.568;aa;
0.535;0.44,0.934,0.354,0.921,0.48,0.802,0.897,0.763,0.764,0.07;aaaaaaaa;
0.496;0.175,0.354,0.841,0.692,0.661,0.599,0.309,0.644,0.111,0.0648;a;
0.607;0.606,0.769,0.908,0.118,0.219,0.523,0.166,0.178,0.97,0.806;aaaaaaaaa;
0.362;0.828,0.689,0.87,0.136,0.96,0.663,0.57,0.955,0.144,0.517;aaaaaaaa;
0.366;0.772,0.922,0.404,0.176,0.484,0.486,0.88,0.107,0.225,0.456;aaaa;
0.0476;0.712,0.844,0.467,0.391,0.353,0.868,0.808,0.712,0.355,0.775;aaaaaaaaa;
0.112;0.77,0.604,0.663,0.927,0.123,0.783,0.375,0.195,0.792,0.629;aaaaaaaaaa;
0.418;0.74,0.385,0.933,0.315,0.985,0.0319,0.144,0.365,0.41,0.979;aaaaaaaa;
0.182;0.591,0.223,0.856,0.907,0.0732,0.199,0.276,0.887,0.211,0.993;aaaaaaaa;
0.183;0.0714,0.795,0.985,0.209,0.337,0.833,0.00244,0.942,0.332,0.725;aaaaaaa;
0.124;0.183,0.876,0.983,0.32,0.862,0.818,0.768,0.144,0.153,0.871;a;
0.71;0.727,0.391,0.0105,0.756,0.284,0.328,0.0158,0.708,0.278,0.0449;aaaaaaaa;
0.0188;0.379,0.442,0.811,0.934,0.488,0.044,0.566,0.908,0.937,0.443;aa;
0.67;0.725,0.874,0.625,0.399,0.816,0.186,0.54,0.333,0.787,0.727;aaaa;
0.566;0.341,0.95,0.815,0.669,0.144,0.418,0.184,0.07,0.94,0.642;aaaaaaaa;
0.74;0.0544,0.601,0.0554,0.334,0.487,0.911,0.493,0.736,0.277,0.708;aaaa;
0.598;0.387,0.93,0.465,0.534,0.723,0.826,0.56,0.926,0.426,0.78;aaaaaaa;
0.0997;0.332,0.414,0.291,0.633,0.199,0.03,0.474,0.0621,0.144,0.823;aaaaa;
0.647;0.801,0.215,0.769,0.0743,0.422,0.903,0.247,0.56,0.737,0.0233;aaa;
0.00134;0.302,0.63,0.656,0.907,0.541,0.156,0.311,0.862,0.0265,0.823;aaaa;
0.0557;0.101,0.0863,0.618,0.0855,0.717,0.694,0.61,0.289,0.181,0.718;aaaaaaaaaa;
0.236;0.758,0.0618,0.658,0.741,0.973,0.588,0.18,0.994,0.942,0.618;aaaa;
0.0838;0.675,0.148,0.818,0.415,0.956,0.576,0.139,0.194,0.505,0.475;aaaaaaaa;
0.385;0.872,0.0274,0.727,0.616,0.64,0.571,0.261,0.719,0.205,0.085;aaa;
0.237;0.36,0.694,0.522,0.906,0.0303,0.354,0.49,0.191,0.995,0.668;aaaaaa;
0.898;0.582,0.808,0.746,0.924,0.43,0.294,0.907,0.159,0.848,0.0862;aaaaaaa;
0.393;0.814,0.201,0.925,0.239,0.882,0.29,0.474,0.00321,0.555,0.135;a;
0.572;0.624,0.00821,0.959,0.152,0.887,0.109,0.0529,0.312,0.791,0.612;a;
0.208;0.909,0.352,0.218,0.165,0.799,0.766,0.373,0.285,0.531,0.896;aaaaaaaa;
0.579;0.948,0.551,0.935,0.504,0.657,0.51,0.261,0.857,0.121,0.46;aaaaaaaaa;
0.289;0.179,0.105,0.377,1,0.406,0.391,0.459,0.317,0.834,0.181;aaaa;
0.166;0.635,0.393,0.0943,0.326,0.562,0.76,0.275,0.0871,0.371,0.696;aaaaaaa;
0.2;0.586,0.00233,0.306,0.788,0.418,0.928,0.347,0.116,0.89,0.705;aaaaaaaaaa;
0.0165;0.933,0.439,0.694,0.363,0.687,0.708,0.993,0.438,0.492,0.345;aaaaaaaa;
0.119;0.52,0.699,0.914,0.414,0.586,0.416,0.279,0.638,0.326,0.69;aaaaaa;
0.592;0.635,0.535,0.792,0.335,0.527,0.193,0.396,0.523,0.525,0.441;aaaaaaaaaa;
0.932;0.158,0.112,0.517,0.643,0.434,0.75,0.464,0.193,0.518,0.763;aaa;
0.916;0.478,0.232,0.96,0.108,0.546,0.00665,0.144,0.0547,0.318,0.785;aaaaa;
0.865;0.3,0.723,0.387,0.879,0.953,0.00841,0.363,0.806,0.896,0.966;aaaa;
0.707;0.808,0.141,0.0161,0.453,0.647,0.809,0.391,0.865,0.743,0.869;aaaaaaaaaa;
0.882;0.37,0.173,0.667,0.104,0.106,0.0402,0.997,0.512,0.136,0.891;aa;
0.19;0.0542,0.937,0.432,0.148,0.75,0.749,0.944,0.308,0.922,0.978;a;
0.0484;0.735,0.838,0.373,0.775,0.49,0.031,0.8,0.254,0.419,0.366;aaa;
0.0784;0.26,0.608,0.183,0.705,0.769,0.197,0.871,0.727,0.359,0.31;a;
0.373;0.341,0.163,0.365,0.4,0.178,0.949,0.102,0.00548,0.347,0.478;aaa;
0.401;0.582,0.287,0.385,0.246,0.574,0.671,0.779,0.799,0.238,0.757;aaaaa;
0.271;0.238,0.355,0.495,0.821,0.0875,0.305,0.824,0.908,0.949,0.19;aaaaaaa;
0.183;0.567,0.22,0.75,0.242,0.93,0.43,0.42,0.825,0.365,0.221;aaaaaaa;
0.479;0.542,0.644,0.938,0.252,0.763,0.998,0.422,0.238,0.929,0.202;aaaaaaa;
0.176;0.794,0.934,0.22,0.913,0.472,0.92,0.351,0.971,0.421,0.762;aaaaaaaaa;
0.507;0.918,0.978,0.384,0.509,0.727,0.33,0.0508,0.513,0.564,0.754;aaaaaaaaaa;
0.398;0.0101,0.886,0.329,0.673,0.393,0.278,0.475,0.804,0.964,0.258;aaaaaaaaa;
0.87;0.766,0.582,0.539,0.0749,0.244,0.418,0.373,0.713,0.587,0.0944;a;
0.405;0.111,0.04,0.987,0.773,0.356,0.678,0.664,0.343,0.689,0.681;aaaaa;
0.839;0.115,0.834,0.809,0.262,0.435,0.879,0.958,0.518,0.297,0.833;aaaa;
0.521;0.867,0.105,0.961,0.39,0.302,0.685,0.0424,0.607,0.314,0.537;aaaaaaaaa;
0.34;0.721,0.165,0.218,0.949,0.495,0.284,0.529,0.365,0.933,0.495;aaa;
0.251;0.48,0.533,0.594,0.691,0.361,0.135,0.884,0.764,0.943,0.77;aaaaa;
0.506;0.978,0.541,0.886,0.407,0.813,0.405,0.0885,0.397,0.336,0.648;aaaaaaaaaa;
0.885;0.684,0.27,0.791,0.692,0.492,0.806,0.507,0.152,0.796,0.114;aaaaaaa;
0.131;0.212,0.559,0.773,0.318,0.308,0.882,0.0292,0.766,0.617,0.88;aaaaaa;
0.58;0.471,0.504,0.544,0.422,0.925,0.555,0.897,0.92,0.912,0.234;aaaaaa;
0.651;0.923,0.1,0.0761,0.356,0.046,0.172,0.0861,0.0396,0.184,0.21;aaaaaaa;
0.249;0.236,0.253,0.76,0.0742,0.831,0.405,0.525,0.492,0.51,0.216;aa;
0.731;0.904,0.887,0.302,0.242,0.305,0.971,0.00199,0.764,0.397,0.164;aaaaaaa;
0.471;0.515,0.962,0.983,0.26,0.29,0.599,0.643,0.294,0.805,0.624;aaa;
0.997;0.924,0.769,0.657,0.653,0.0117,0.183,0.256,0.609,0.911,0.932;aaa;
0.438;0.957,0.667,0.538,0.396,0.187,0.153,0.854,0.948,0.333,0.951;aaaaaaaaa;
0.92;0.0098,0.622,0.851,0.66,0.379,0.804,0.797,0.244,0.00255,0.17;aaaaaaa;
0.55;0.769,0.204,0.324,0.054,0.868,0.748,0.954,0.161,0.324,0.328;aaaaa;
0.405;0.568,0.411,0.941,0.897,0.772,0.535,0.712,0.782,0.0631,0.0348;aaaaaaaa;
0.406;0.321,0.151,0.833,0.694,0.143,0.746,0.455,0.579,0.989,0.118;aaaaaaaaa;
0.222;0.725,0.369,0.745,0.979,0.961,0.389,0.272,0.0472,0.507,0.318;aaaaaaaaaa;
0.629;0.591,0.0137,0.584,0.805,0.502,0.147,0.0653,0.539,0.133,0.0165;aaaaaa;
0.75;0.922,0.214,0.00449,0.844,0.197,0.149,0.397,0.715,0.634,0.274;aaaaaa;
0.992;0.383,0.926,0.582,0.818,0.065,0.0947,0.407,0.222,0.844,0.154;aaaaaaaa;
0.864;0.447,0.157,0.919,0.826,0.386,0.389,0.516,0.923,0.75,0.37;aaaaaaaa;
0.0255;0.873,0.925,0.339,0.0623,0.488,0.703,0.173,0.171,0.505,0.0352;aaaaaaaaaa;
0.126;0.903,0.353,0.0468,0.425,0.122,0.779,0.547,0.936,0.965,0.966;aaaaa;
0.535;0.976,0.652,0.122,0.973,0.872,0.833,0.775,0.839,0.946,0.598;aaaaaaaaaa;
0.72;0.505,0.705,0.711,0.0638,0.863,0.585,0.465,0.561,0.29,0.9;aaaaaa;
0.578;0.235,0.068,0.659,0.483,0.303,0.908,0.504,0.367,0.0395,0.5;aaaaaaaa;
0.951;0.376,0.719,0.792,0.33,0.698,0.955,0.453,0.373,0.718,0.127;aaaaa;
0.69;0.644,0.85,0.132,0.713,0.00495,0.721,0.0496,0.727,0.541,0.242;aaaaaaa;
0.765;0.0735,0.359,0.0177,0.547,0.776,0.0622,0.154,0.383,0.338,0.244;aaaaaa;
0.817;0.43,0.671,0.0857,0.838,0.102,0.864,0.496,0.998,0.243,0.916;aaaaaaa;
0.766;0.345,0.667,0.96,0.98,0.877,0.765,0.375,0.278,0.302,0.00727;aaaaaa;
0.2;0.0839,0.395,0.0209,0.283,0.549,0.909,0.806,0.799,0.746,0.888;a;
0.0854;0.939,0.104,0.67,0.045,0.798,0.119,0.411,0.132,0.817,0.37;aaaaaaaa;
0.215;0.0248,0.789,0.713,0.726,0.306,0.781,0.74,0.896,0.761,0.771;a;
0.466;0.287,0.777,0.0194,0.8,0.602,0.542,0.253,0.269,0.869,0.272;aaaaaaa;
0.158;0.577,0.267,0.421,0.237,0.00701,0.502,0.203,0.178,0.899,0.983;a;
1;0.118,0.729,0.465,0.28,0.11,0.927,0.956,0.477,0.155,0.707;aaa;
0.842;0.266,0.388,0.555,0.122,0.0904,0.626,0.576,0.741,0.643,0.569;aaaaa;
0.783;0.738,0.159,0.765,0.178,0.975,0.835,0.501,0.99,0.799,0.583;aaaaaaa;
0.26;0.538,0.202,0.832,0.59,0.033,0.586,0.751,0.998,0.521,0.581;aaaaa;
0.881;0.405,0.399,0.838,0.24,0.484,0.661,0.506,0.765,0.954,0.816;aa;
0.877;0.835,0.158,0.349,0.109,0.352,0.546,0.889,0.295,0.464,0.205;aaaa;
0.201;0.402,0.461,0.566,0.0516,0.557,0.387,0.257,0.963,0.039,0.124;aaaaaaa;
0.995;0.488,0.103,0.839,0.826,0.137,0.43,0.215,0.552,0.855,0.805;aaa;
0.411;0.893,0.774,0.148,0.963,0.0907,0.485,0.324,0.786,0.371,0.717;aaaa;
0.965;0.463,0.773,0.207,0.997,0.0635,0.265,0.235,0.559,0.939,0.313;aaaaa;
0.489;0.666,0.242,0.941,0.599,0.134,0.11,0.676,0.344,0.437,0.24;aaaaaaaaa;
0.807;0.959,0.72,0.678,0.151,0.421,0.0568,0.0865,0.442,0.925,0.562;aaaa;
0.216;0.0969,0.229,0.344,0.306,0.0019,0.987,0.146,0.881,0.146,0.544;aaa;
0.647;0.18,0.702,0.885,0.961,0.921,0.543,0.298,0.704,0.0356,0.393;aaaaaaaaaa;
0.801;0.972,0.203,0.667,0.157,0.508,0.202,0.675,0.594,0.153,0.404;aa;
0.734;0.267,0.202,0.157,0.496,0.655,0.0704,0.274,0.0863,0.0512,0.787;aaaaaa;
0.509;0.651,0.152,0.0903,0.826,0.136,0.86,0.781,0.836,0.547,0.0446;aaaa;
0.0632;0.256,0.921,0.326,0.82,0.55,0.388,0.342,0.665,0.672,0.634;aaaaaaaaa;
0.0874;0.924,0.872,0.816,0.147,0.228,0.498,0.159,0.838,0.19,0.456;aaaaaaaa;
0.125;0.53,0.0404,0.982,0.365,0.866,0.539,0.293,0.723,0.988,0.72;aaaaaa;
0.511;0.199,0.58,0.435,0.781,0.996,0.844,0.265,0.448,0.861,0.233;aaaaaaaaa;
0.411;0.877,0.652,0.953,0.921,0.155,0.0096,0.798,0.118,0.0478,0.552;aaaa;
0.632;0.0594,0.221,0.148,0.918,0.826,0.132,0.483,0.775,0.568,0.753;a;
0.234;0.949,0.0581,0.364,0.884,0.488,0.385,0.871,0.889,0.0915,0.816;aaaaa;
0.437;0.912,0.17,0.677,0.122,0.657,0.249,0.968,0.0729,0.146,0.166;aaaaaaaa;
0.914;0.878,0.582,0.602,0.893,0.668,0.0925,0.547,0.856,0.0841,0.769;aaaaaaa;
0.227;0.299,0.0618,0.193,0.443,0.954,0.494,0.152,0.893,0.4,0.642;aaaaa;
0.712;0.546,0.931,0.341,0.6,0.997,0.472,0.483,0.598,0.315,0.396;aa;
0.438;0.18,0.48,0.126,0.862,0.871,0.394,0.456,0.846,0.194,0.863;aaaaaaaa;
0.0153;0.699,0.108,0.65,0.0574,0.517,0.735,0.234,0.63,0.136,0.174;aaaaaaaa;
0.621;0.4,0.981,0.155,0.262,0.547,0.0431,0.672,0.163,0.784,0.985;aaaa;
0.171;0.736,0.014,0.389,0.247,0.997,0.659,0.195,0.304,0.56,0.892;aaaaaaaaaa;
0.922;0.881,0.643,0.351,0.877,0.443,0.913,0.806,0.661,0.43,0.471;aaaaaaaaaa;
0.185;0.0532,0.827,0.862,0.247,0.127,0.226,0.893,0.392,0.679,0.0634;aaa;
0.119;0.685,0.855,0.133,0.607,0.642,0.0382,0.0221,0.0854,0.165,0.247;a;
0.577;0.863,0.903,0.0271,0.338,0.252,0.498,0.28,0.436,0.708,0.103;a;
0.88;0.465,0.201,0.742,0.758,0.249,0.187,0.144,0.805,0.286,0.017;aaaaaaaaaa;
0.649;0.93,0.867,0.629,0.731,0.0262,0.916,0.7,0.564,0.352,0.0714;a;
0.62;0.797,0.211,0.357,0.605,0.657,0.0536,0.558,0.597,0.394,0.337;aaa;
0.635;0.396,0.571,0.946,0.841,0.972,0.427,0.528,0.197,0.835,0.0183;aaaaaaa;
0.783;0.708,0.494,0.716,0.238,0.894,0.348,0.582,0.914,0.301,0.947;aaaaa;
0.349;0.948,0.572,0.819,0.24,0.319,0.254,0.66,0.129,0.293,0.881;aaaaaaaaa;
0.774;0.911,0.426,0.401,0.922,0.0839,0.439,0.426,0.362,0.577,0.597;aaaaaaaa;
0.902;0.992,0.226,0.639,0.27,0.593,0.109,0.0472,0.325,0.162,0.68;aa;
0.972;0.936,0.0798,0.0134,0.92,0.941,0.645,0.0406,0.784,0.0239,0.427;aaaaaa;
0.818;0.962,0.18,0.679,0.543,0.946,0.916,0.923,0.22,0.185,0.0526;aaaaaaaaaa;
0.723;0.224,0.675,0.312,0.901,0.0341,0.213,0.901,0.712,0.66,0.87;aaaaaaaa;
0.111;0.87,0.491,0.263,0.663,0.203,0.102,0.966,0.529,0.031,0.623;aaaaaaaaaa;
0.776;0.322,0.793,0.371,0.35,0.498,0.731,0.361,0.707,0.726,0.544;aaaaaaa;
0.759;0.188,0.501,0.963,0.859,0.272,0.214,0.285,0.364,0.265,0.432;aaaaaaa;
0.594;0.212,0.392,0.762,0.61,0.919,0.026,0.788,0.0153,0.64,0.0329;aaa;
0.114;0.535,0.165,0.225,0.0924,0.644,0.0158,0.407,0.134,0.309,0.82;aaaaaaaa;
0.941;0.17,0.294,0.679,0.359,0.186,0.752,0.864,0.277,0.12,0.351;aaaaaaaaaa;
0.215;0.937,0.874,0.506,0.257,0.669,0.478,0.408,0.641,0.289,0.341;aa;
0.0763;0.173,0.222,0.0098,0.405,0.225,0.882,0.214,0.79,0.141,0.763;aa;
0.42;0.836,0.157,0.835,0.21,0.448,0.384,0.694,0.879,0.581,0.659;aa;
0.161;0.557,0.424,0.127,0.114,0.882,0.0856,0.353,0.806,0.864,0.942;aa;
0.322;0.064,0.868,0.633,0.247,0.49,0.354,0.445,0.559,0.944,0.559;aaaaaa;
0.447;0.938,0.911,0.67,0.49,0.496,0.938,0.189,0.381,0.79,0.107;aaaaaaaa;
0.753;0.504,0.177,0.467,0.541,0.408,0.265,0.439,0.65,0.0671,0.204;aaaaaaaa;
0.109;0.902,0.889,0.837,0.0887,0.0515,0.966,0.12,0.132,0.439,0.94;aaaaaaa;
0.985;0.666,0.868,0.988,0.294,0.574,0.939,0.322,0.205,0.419,0.124;aaa;
0.489;0.379,0.0874,0.961,0.128,0.261,0.256,0.275,0.0217,0.688,0.236;aaaaaaaaa;
0.584;0.635,0.866,0.803,0.457,0.7,0.844,0.45,0.962,0.843,0.543;aaaaaaaa;
0.921;0.564,0.72,0.883,0.607,0.237,0.136,0.118,0.912,0.88,0.344;aaaaa;
0.404;0.499,0.203,0.79,0.0896,0.555,0.726,0.51,0.715,0.545,0.361;aaaaaaaaaa;
0.319;0.682,0.463,0.958,0.387,0.381,0.623,0.949,0.895,0.836,0.171;aaaaaaaaa;
0.415;0.892,0.556,0.536,0.0728,0.115,0.71,0.18,0.779,0.62,0.683;aaaaaaaa;
0.388;0.197,0.919,0.126,0.25,0.0228,0.778,0.759,0.548,0.568,0.605;aaaaaaa;
0.0611;0.528,0.667,0.874,0.117,0.701,0.53,0.374,0.193,0.792,0.796;aaaaaaaa;
0.213;0.278,0.0594,0.525,0.422,0.307,0.113,0.413,0.87,0.33,0.726;aaaaa;
0.304;0.539,0.952,0.0156,0.0166,0.331,0.485,0.189,0.766,0.767,0.489;a;
0.0753;0.591,0.661,0.994,0.564,0.541,0.605,0.0458,0.013,0.558,0.331;aaaaaa;
0.536;0.338,0.82,0.177,0.939,0.502,0.832,0.764,0.312,0.236,0.218;aaa;
0.736;0.142,0.128,0.404,0.0826,0.462,0.169,0.0949,0.626,0.729,0.338;aaaaaaaaa;
0.788;0.0391,0.31,0.977,0.441,0.177,0.907,0.749,0.822,0.847,0.843;aaaaaaaa;
0.642;0.202,0.835,0.0159,0.778,0.382,0.379,0.814,0.748,0.369,0.196;aaaaaaa;
0.185;0.354,0.763,0.338,0.338,0.226,0.205,0.894,0.683,0.482,0.916;aaaaa;
0.943;0.0267,0.148,0.18,0.979,0.44,0.435,0.676,0.394,0.268,0.649;aaaaaaaa;
0.378;0.00376,0.648,0.559,0.958,0.993,0.99,0.452,0.224,0.064,0.411;aaaaaaaaa;
0.561;0.961,0.956,0.864,0.158,0.144,0.432,0.581,0.106,0.0616,0.125;aaaa;
0.975;0.898,0.357,0.913,0.132,0.48,0.327,0.147,0.618,0.204,0.572;a;
0.0559;0.0958,0.631,0.569,0.169,0.537,0.962,0.877,0.444,0.1,0.237;aaa;
0.395;0.525,0.71,0.987,0.02,0.238,0.446,0.689,0.274,0.363,0.122;aaaaaaaa;
0.569;0.453,0.0705,0.749,0.251,0.791,0.0279,0.993,0.815,0.175,0.427;aaaaaaa;
0.89;0.0588,0.0264,0.685,0.369,0.575,0.363,0.451,0.913,0.372,0.28;a;
0.763;0.0211,0.378,0.652,0.222,0.633,0.983,0.544,0.365,0.312,0.643;a;
0.129;0.308,0.491,0.83,0.883,0.562,0.176,0.567,0.638,0.109,0.112;aaa;
0.564;0.37,0.0956,0.155,0.892,0.658,0.157,0.245,0.179,0.582,0.00104;aaaa;
0.933;0.963,0.856,0.749,0.373,0.303,0.444,0.2,0.839,0.344,0.423;aaa;
0.488;0.0188,0.889,0.985,0.4,0.268,0.197,0.523,1,0.85,0.474;aaa;
0.154;0.856,0.689,0.817,0.934,0.827,0.658,0.848,0.0316,0.847,0.463;aaaaaaaaa;
0.174;0.763,0.223,0.451,0.135,0.0557,0.168,0.379,0.17,0.194,0.305;aaaaaa;
0.448;0.499,0.0508,0.203,0.361,0.66,0.0381,0.449,0.983,0.079,0.651;aaaaaa;
0.273;0.000378,0.586,0.0984,0.165,0.0158,0.718,0.64,0.277,0.517,0.173;aaaaaaaaaa;
0.796;0.747,0.605,0.777,0.9,0.0268,0.845,0.185,0.792,0.626,0.915;aaaaaaa;
0.0697;0.49,0.697,0.0644,0.293,0.545,0.114,0.147,0.72,0.146,0.134;aaa;
0.247;0.551,0.899,0.65,0.326,0.0698,0.564,0.264,0.662,0.147,0.501;aaaaa;
0.386;0.605,0.646,0.0797,0.537,0.193,0.419,0.243,0.806,0.391,0.65;aaaaaaa;
0.788;0.648,0.524,0.427,0.298,0.000869,0.0783,0.192,0.0126,0.182,0.877;aaaaaaaaa;
0.884;0.346,0.601,0.612,0.924,0.973,0.203,0.759,0.775,0.974,0.268;a;
0.731;0.00822,0.637,0.88,0.329,0.0774,0.898,0.606,0.181,0.764,0.57;aaaaaaaaa;
0.684;0.000251,0.503,0.332,0.593,0.3,0.914,0.999,0.847,0.835,0.102;aaa;
0.756;0.617,0.217,0.117,0.777,0.513,0.662,0.239,0.139,0.865,0.781;aaaaaaaaaa;
0.531;0.617,0.397,0.392,0.909,0.14,0.503,0.649,0.0927,0.786,0.0185;aaaaaa;
0.802;0.138,0.762,0.862,0.352,0.788,0.0197,0.29,0.81,0.583,0.949;aaaaaaaa;
0.458;0.124,0.617,0.321,0.0516,0.129,0.445,0.543,0.7,0.86,0.818;aaaaaa;
0.727;0.203,0.626,0.0883,0.235,0.385,0.526,0.294,0.94,0.139,0.902;aa;
0.932;0.568,0.302,0.466,0.431,0.246,0.817,0.133,0.568,0.229,0.614;aaaaaaaaa;
0.658;0.794,0.784,0.152,0.0279,0.77,0.458,0.724,0.148,0.413,0.366;aaaaaa;
0.854;0.876,0.869,0.869,0.732,0.147,0.387,0.424,0.0342,0.824,0.573;aaaaa;
0.0438;0.262,0.241,0.675,0.967,0.744,0.0928,0.108,0.649,0.873,0.763;aaaaaaaaa;
0.846;0.0849,0.119,0.466,0.623,0.668,0.969,0.476,0.74,0.555,0.901;aaaaaaaaa;
0.497;0.383,0.307,0.41,0.149,0.565,0.838,0.86,0.808,0.232,0.409;aaaaaaaa;
0.58;0.108,0.698,0.705,0.246,0.0081,0.204,0.45,0.931,0.349,0.611;aa;
0.616;0.882,0.357,0.986,0.727,0.72,0.566,0.819,0.219,0.722,0.805;a;
0.627;0.282,0.679,0.142,0.494,0.819,0.775,0.119,0.749,0.0414,0.485;aaaa;
0.266;0.932,0.461,0.535,0.875,0.651,0.798,0.34,0.237,0.812,0.357;aaaaa;
0.438;0.143,0.791,0.612,0.00852,0.13,0.571,0.553,0.372,0.529,0.741;aaaaaaa;
0.437;0.849,0.465,0.674,0.175,0.712,0.672,0.119,0.662,0.199,0.527;aaa;
0.293;0.951,0.208,0.312,0.904,0.213,0.412,0.743,0.6,0.844,0.93;aaaaaaaaa;
0.79;0.121,0.649,0.391,0.104,0.364,0.00419,0.929,0.676,0.59,0.468;aaaaaaa;
0.0481;0.143,0.994,0.198,0.347,0.413,0.687,0.121,0.596,0.00841,0.986;aaaaa;
0.617;0.41,0.612,0.555,0.116,0.242,0.726,0.701,0.75,0.626,0.772;aaaa;
0.153;0.174,0.848,0.292,0.253,0.956,0.571,0.13,0.725,0.737,0.591;aaaaaaaaaa;
0.789;0.222,0.0589,0.888,0.0727,0.633,0.77,0.659,0.339,0.972,0.546;aaaa;
0.911;0.0898,0.762,0.823,0.11,0.842,0.459,0.257,0.767,0.566,0.204;aaaaa;
0.492;0.232,0.273,0.533,0.952,0.309,0.945,0.798,0.249,0.259,0.608;aaa;
0.402;0.908,0.828,0.126,0.432,0.483,0.513,0.457,0.516,0.592,0.00222;aa;
0.566;0.0137,0.491,0.256,0.954,0.668,0.58,0.39,0.949,0.396,0.546;aaaaaa;
0.0871;0.991,0.381,0.8,0.867,0.988,0.662,0.689,0.365,0.895,0.823;aaaaaaaa;
0.87;0.478,0.233,0.952,0.773,0.191,0.688,0.285,0.208,0.328,0.644;aa;
0.39;0.575,0.844,0.738,0.694,0.402,0.211,0.388,0.188,0.738,0.703;aaaaaaaaa;
0.381;0.181,0.609,0.982,0.649,0.941,0.18,0.316,0.913,0.376,0.773;aaa;
0.0226;0.284,0.816,0.189,0.925,0.358,0.098,0.592,0.733,0.26,0.625;aaaaa;
0.348;0.862,0.255,0.61,0.311,0.245,0.307,0.185,0.187,0.279,0.959;aaaaaa;
0.552;0.646,0.846,0.502,0.0898,0.483,0.183,0.834,0.505,0.58,0.11;aaaaaa;
0.261;0.491,0.162,0.977,0.79,0.163,0.0885,0.992,0.422,0.929,0.652;aaaaaaa;
0.313;0.603,0.672,0.699,0.996,0.566,0.959,0.405,0.938,0.0245,0.35;aaaaa;
0.133;0.352,0.809,0.742,0.23,0.155,0.227,0.441,0.604,0.654,0.083;aaa;
0.505;0.926,0.627,0.652,0.488,0.55,0.563,0.706,0.991,0.504,0.00365;aaaaaaaaaa;
0.214;0.774,0.837,0.897,0.892,0.649,0.647,0.922,0.137,0.537,0.625;aaa;
0.655;0.429,0.0634,0.707,0.0651,0.824,0.43,0.976,0.656,0.256,0.514;aa;
0.0565;0.958,0.305,0.276,0.859,0.742,0.298,0.956,0.0379,0.662,0.962;aaaaaaaa;
0.0706;0.476,0.52,0.942,0.00891,0.735,0.15,0.966,0.849,0.517,0.139;aaa;
0.637;0.107,0.966,0.826,0.265,0.744,0.92,0.305,0.506,0.534,0.184;aaaaaa;
0.259;0.728,0.746,0.805,0.998,0.111,0.648,0.321,0.2,0.515,0.702;aaaaaaaaaa;
0.255;0.987,0.229,0.532,0.818,0.0974,0.805,0.366,0.776,0.525,0.839;aaaaaaa;
0.824;0.148,0.721,0.804,0.213,0.0519,0.415,0.753,0.956,0.571,0.0448;aaaaaa;
0.557;0.854,0.314,0.438,0.687,0.68,0.306,0.296,0.189,0.814,0.202;aaaa;
0.221;0.616,0.917,0.0544,0.371,0.141,0.736,0.517,0.633,0.279,0.126;aaaaaaaaaa;
0.981;0.58,0.0229,0.173,0.855,0.896,0.949,0.327,0.0446,0.743,0.366;aa;
0.62;0.118,0.0171,0.813,0.417,0.492,0.0187,0.148,0.267,0.106,0.193;aaaaa;
0.56;0.0347,0.546,0.328,0.0679,0.23,0.591,0.211,0.965,0.235,0.0538;aaaaaaa;
0.936;0.166,0.689,0.862,0.939,0.473,0.799,0.425,0.684,0.074,0.504;aaaaaa;
0.942;0.409,0.22,0.434,0.981,0.204,0.0506,0.333,0.477,0.731,0.461;aaaaaaaaa;
0.893;0.0341,0.819,0.0115,0.25,0.644,0.945,0.415,0.0219,0.835,0.0441;a;
0.465;0.896,0.754,0.815,0.163,0.000447,0.495,0.517,0.155,0.16,0.902;aaaaaaa;
0.0708;0.0982,0.0417,0.165,0.717,0.32,0.439,0.607,0.304,0.624,0.182;aaa;
0.613;0.0109,0.706,0.324,0.0293,0.0603,0.199,0.437,0.126,0.899,0.391;aaa;
0.127;0.595,0.7,0.615,0.463,0.524,0.078,0.812,0.757,0.105,0.23;aaaaa;
0.635;0.486,0.785,0.691,0.146,0.847,0.282,0.456,0.82,0.157,0.0312;aaaaaaaa;
0.122;0.291,0.329,0.963,0.502,0.29,0.166,0.464,0.837,0.153,0.472;aa;
0.9;0.0477,0.758,0.329,0.331,0.538,0.162,0.0692,0.227,0.934,0.0225;aaa;
0.661;0.0573,0.889,0.8,0.305,0.653,0.893,0.522,0.655,0.976,0.608;aaaaaaaaaa;
0.546;0.251,0.441,0.455,0.962,0.871,0.677,0.319,0.875,0.387,0.711;aaaaa;
0.0509;0.641,0.771,0.173,0.934,0.977,0.616,1,0.203,0.729,0.692;aaa;
0.674;0.948,0.195,0.935,0.0904,0.801,0.26,0.634,0.273,0.864,0.527;aaaaaaaaa;
0.41;0.104,0.992,0.712,0.64,0.376,0.577,0.875,0.343,0.222,0.776;a;
0.484;0.463,0.267,0.962,0.873,0.914,0.126,0.302,0.936,0.997,0.854;aaaaaaaaa;
0.683;0.321,0.923,0.00256,0.925,0.874,0.686,0.502,0.249,0.977,0.0933;aaaaaaaaa;
0.192;0.34,0.281,0.418,0.524,0.485,0.121,0.0405,0.3,0.115,0.613;aaaaaaaaa;
0.405;0.309,0.896,0.422,0.412,0.758,0.615,0.727,0.668,0.228,0.809;a;
0.1;0.716,0.0598,0.227,0.612,0.276,0.771,0.0274,0.22,0.716,0.54;aaaaaaaaaa;
0.505;0.594,0.0506,0.963,0.59,0.0496,0.153,0.507,0.218,0.765,0.801;aaaaaaaaa;
0.891;0.166,0.876,0.354,0.299,0.634,0.665,0.0868,0.809,0.668,0.3;aaaa;
0.815;0.0674,0.0277,0.126,0.757,0.669,0.459,0.687,0.301,0.0731,0.47;aaaa;
0.0352;0.657,0.151,0.134,0.732,0.032,0.955,0.304,0.041,1,0.662;aaaaa;
0.0197;0.833,0.33,0.99,0.593,0.523,0.255,0.893,0.941,0.0119,0.825;aaa;
0.824;0.687,0.25,0.285,0.475,0.158,0.621,0.393,0.6,0.638,0.242;aaaaaa;
0.796;0.138,0.575,0.0274,0.347,0.258,0.958,0.396,0.289,0.582,0.603;aaaaaaaaaa;
0.63;0.903,0.771,0.0969,0.0271,0.656,0.867,0.0537,0.52,0.296,0.807;aa;
0.307;0.198,0.745,0.326,0.944,0.1,0.317,0.436,0.809,0.259,0.667;aa;
0.407;0.43,0.446,0.619,0.176,0.301,0.641,0.938,0.604,0.992,0.512;aaaaa;
0.578;0.569,0.136,0.112,0.935,0.93,0.935,0.716,0.859,0.44,0.699;a;
0.81;0.289,0.57,0.842,0.415,0.0716,0.824,0.382,0.831,0.784,0.259;aaaa;
0.85;0.0247,0.171,0.657,0.672,0.428,0.485,0.0481,0.733,0.361,0.881;aaaaaaaaaa;
0.462;0.558,0.132,0.858,0.717,0.497,0.302,0.49,0.39,0.896,0.287;aaaaaa;
0.734;0.647,0.0218,0.0633,0.192,0.448,0.0868,0.341,0.766,0.566,0.433;aaaaa;
0.0426;0.527,0.586,0.142,0.0612,0.977,0.547,0.424,0.0542,0.0845,0.204;a;
0.787;0.985,0.671,0.627,0.598,0.671,0.867,0.532,0.479,0.193,0.381;aaaa;
0.549;0.386,0.905,0.627,0.959,0.325,0.452,0.622,0.137,0.382,0.899;a;
0.574;0.134,0.588,0.00563,0.629,0.256,0.896,0.735,0.848,0.781,0.625;aa;
0.286;0.488,0.209,0.82,0.887,0.247,0.136,0.225,0.0601,0.551,0.733;aaaaaaaa;
0.527;0.692,0.405,0.73,0.242,0.905,0.828,0.397,0.362,0.0338,0.0214;a;
0.445;0.504,0.457,0.179,0.0845,0.443,0.787,0.313,0.352,0.837,0.58;aaaaaaaaa;
0.843;0.716,0.0618,0.392,0.958,0.967,0.741,0.989,0.241,0.729,0.157;aaaa;
0.201;0.754,0.657,0.0356,0.825,0.0171,0.587,0.33,0.378,0.978,0.994;aaaa;
0.888;0.419,0.562,0.578,0.194,0.279,0.897,0.644,0.127,0.0275,0.989;aaaaaaaaaa;
0.0129;0.0676,0.417,0.787,0.671,0.607,0.791,0.692,0.123,0.723,0.421;aaaaaaa;
0.379;0.85,0.632,0.726,0.566,0.281,0.908,0.626,0.584,0.985,0.0167;aa;
0.716;0.094,0.864,0.275,0.55,0.316,0.0492,0.603,0.623,0.682,0.947;aaaaaa;
0.438;0.615,0.859,0.0892,0.347,0.543,0.989,0.956,0.357,0.828,0.394;aaaaa;
0.981;0.541,0.211,0.367,0.0799,0.513,0.546,0.437,0.921,0.271,0.142;aaaaaaaa;
0.907;0.488,0.704,0.863,0.615,0.954,0.605,0.0168,0.135,0.497,0.421;a;
0.645;0.762,0.202,0.844,0.18,0.091,0.664,0.349,0.0362,0.317,0.983;aaaaaaaaaa;
0.196;0.81,0.304,0.827,0.476,0.6,0.205,0.238,0.106,0.541,0.212;aaaaa;
0.948;0.521,0.106,0.948,0.143,0.995,0.658,0.51,0.907,0.0453,0.661;aaaaa;
0.709;0.968,0.619,0.856,0.924,0.118,0.103,0.88,0.631,0.316,0.78;aaaaaaaaa;
0.5;0.016,0.452,0.229,0.653,0.154,0.00803,0.904,0.57,0.0138,0.384;aaaaaaaa;
0.588;0.469,0.273,0.557,0.0361,0.318,0.501,0.88,0.738,0.453,0.392;aaaaa;
0.166;0.745,0.502,0.779,0.698,0.115,0.658,0.815,0.789,0.178,0.996;aaaaaaa;
0.779;0.913,0.945,0.12,0.894,0.733,0.902,0.363,0.741,0.605,0.282;aaaa;
0.582;0.305,0.721,0.0219,0.989,0.251,0.759,0.559,0.457,0.478,0.41;aaaaa;
0.981;0.422,0.808,0.875,0.5,0.627,0.807,0.938,0.91,0.536,0.0935;aaaaaaaa;
0.249;0.759,0.781,0.879,0.789,0.643,0.675,0.296,0.418,0.135,0.776;aa;
0.271;0.597,0.17,0.451,0.013,0.0598,0.241,0.66,0.577,0.605,0.324;aaaaaaaa;
0.268;0.0538,0.829,0.0693,0.287,0.543,0.999,0.315,0.584,0.821,0.34;a;
0.335;0.578,0.995,0.103,0.68,0.614,0.817,0.379,0.844,0.34,0.0532;aaaaaa;
0.0131;0.829,0.758,0.912,0.905,0.463,0.253,0.491,0.347,0.409,0.555;aaaaaaa;
0.62;0.975,0.369,0.226,0.388,0.047,0.404,0.317,0.853,0.793,0.632;aaaaaaaaa;
0.536;0.104,0.751,0.972,0.0333,0.522,0.492,0.599,0.888,0.127,0.318;aaaaaaa;
0.351;0.466,0.308,0.185,0.841,0.305,0.981,0.338,0.117,0.626,0.0922;aaaaaaaaaa;
0.903;0.531,0.738,0.387,0.378,0.547,0.194,0.1,0.991,0.471,0.889;aaaa;
0.706;0.947,0.296,0.0416,0.868,0.762,0.452,0.359,0.958,0.904,0.0716;aaaaaaa;
0.8;0.365,0.199,0.367,0.607,0.164,0.897,0.837,0.627,0.72,0.0377;aaaaaa;
0.106;0.0651,0.56,0.458,0.279,0.0944,0.226,0.847,0.674,0.833,0.914;aaa;
0.0711;0.884,0.831,0.632,0.0342,0.711,0.237,0.103,0.379,0.6,0.386;aa;
0.606;0.605,0.0107,0.868,0.288,0.556,0.564,0.188,0.858,0.79,0.082;aaaa;
0.0583;0.988,0.495,0.277,0.605,0.967,0.466,0.0311,0.0215,0.979,0.978;aaaa;
0.947;0.426,0.81,0.475,0.659,0.159,0.986,0.678,0.314,0.896,0.87;a;
0.406;0.995,0.674,0.714,0.676,0.133,0.942,0.121,0.679,0.593,0.0211;aaaaaaaaaa;
0.395;0.545,0.0121,0.261,0.3,0.288,0.255,0.22,0.66,0.107,0.238;aaaaaa;
0.313;0.597,0.989,0.156,0.269,0.881,0.755,0.321,0.0771,0.0567,0.0783;aaa;
0.372;0.904,0.947,0.196,0.964,0.733,0.353,0.567,0.784,0.343,0.903;aaaaaaaa;
0.106;0.112,0.576,0.147,0.829,0.00197,0.395,0.428,0.497,0.489,0.539;aaaaaaaa;
0.583;0.722,0.151,0.362,0.388,0.714,0.888,0.868,0.988,0.45,0.533;a;
0.0527;0.802,0.977,0.167,0.431,0.91,0.872,0.492,0.5,0.553,0.495;aa;
0.186;0.408,0.555,0.183,0.643,0.656,0.961,0.0806,0.183,0.541,0.49;aaaaaaaaaa;
0.98;0.645,0.815,0.745,0.558,0.0268,0.384,0.138,0.277,0.586,0.428;aaaaaaaa;
0.0666;0.146,0.24,0.267,0.285,0.65,0.0459,0.174,0.7,0.723,0.0956;aaaaaaaaa;
0.421;0.951,0.136,0.534,0.205,0.836,0.0192,0.696,0.159,0.111,0.379;aaaaaaa;
0.2;0.903,0.59,0.299,0.346,0.412,0.459,0.683,0.466,0.42,0.719;aaaaaaa;
0.542;0.102,0.159,0.384,0.248,0.807,0.454,0.353,0.48,0.4,0.621;aaaaaaaaaa;
0.417;0.906,0.374,0.768,0.0991,0.583,0.457,0.898,0.217,0.552,0.273;aaaaaaaaa;
0.908;0.0595,0.876,0.591,0.567,0.696,0.155,0.734,0.214,0.942,0.0526;aaaa;
0.905;0.268,0.595,0.184,0.267,0.554,0.0248,0.487,0.427,0.707,0.72;aa;
0.8;0.344,0.384,0.317,0.809,0.437,0.931,0.307,0.0468,0.47,0.853;aaaaaaaaa;
0.133;0.811,0.12,0.317,0.83,0.594,0.445,0.478,0.0643,0.885,0.451;aaaaa;
0.576;0.239,0.978,0.426,0.636,0.516,0.113,0.544,0.31,0.338,0.929;aaaaa;
0.135;0.761,0.398,0.993,0.156,0.612,0.276,0.937,0.68,0.385,0.266;aaaaaaaaa;
0.275;0.286,0.959,0.347,0.1,0.248,0.546,0.368,0.493,0.83,0.204;aaaaaa;
0.302;0.593,0.766,0.969,0.567,0.833,0.42,0.206,0.294,0.944,0.571;aaaaaaaa;
0.824;0.685,0.664,0.706,0.112,0.538,0.383,0.506,0.245,0.462,0.351;aaaaaaaaaa;
0.227;0.028,0.717,0.859,0.463,0.908,0.0445,0.104,0.397,0.72,0.157;aaaaaaaaaa;
0.273;0.941,0.698,0.0146,0.939,0.829,0.11,0.0538,0.596,0.906,0.0465;aaaaaaaaa;
0.993;0.0856,0.329,0.865,0.158,0.46,0.875,0.168,0.15,0.461,0.275;aaaaaaa;
0.775;0.751,0.616,0.857,0.145,0.692,0.904,0.256,0.355,0.827,0.712;aaaa;
0.15;0.654,0.0409,0.0802,0.272,0.163,0.0649,0.344,0.786,0.0225,0.41;aaaaaa;
0.795;0.653,0.805,0.132,0.0469,0.467,0.063,0.255,0.948,0.704,0.816;aaaaaaaaaa;
0.876;0.585,0.885,0.00726,0.0453,0.699,0.528,0.995,0.2,0.498,0.479;aaa;
0.306;0.129,0.902,0.383,0.275,0.213,0.725,0.605,0.749,0.778,0.659;a;
0.992;0.944,0.0702,0.0701,0.719,0.656,0.81,0.0512,0.242,0.709,0.315;aaaaaaaaa;
0.242;0.603,0.121,0.831,0.374,0.0767,0.211,0.546,0.418,0.701,0.222;aaaaaaa;
0.937;0.362,0.893,0.453,0.116,0.589,0.743,0.804,0.883,0.287,0.823;aaaa;
0.156;0.634,0.276,0.392,0.195,0.546,0.887,0.562,0.304,0.292,0.957;a;
0.339;0.343,0.328,0.898,0.805,0.871,0.573,0.496,0.95,0.611,0.747;aaa;
0.449;0.403,0.0409,0.359,0.411,0.384,0.608,0.415,0.558,0.123,0.421;aaaaaaaaa;
0.404;0.525,0.396,0.213,0.0621,0.246,0.0378,0.438,0.503,0.648,0.1;aaaaaaaaaa;
0.942;0.643,0.474,0.959,0.375,0.889,0.454,0.207,0.257,0.244,0.876;a;
0.128;0.946,0.717,0.529,0.628,0.114,0.869,0.692,0.374,0.107,0.119;aaaaaaaaaa;
0.134;0.54,0.724,0.135,0.0111,0.938,0.46,0.41,0.453,0.881,0.562;aaaaaaaa;
0.961;0.888,0.792,0.874,0.923,0.894,0.399,0.109,0.0533,0.608,0.8;aaa;
0.666;0.4,0.826,0.284,0.818,0.947,0.675,0.101,0.73,0.337,0.361;a;
0.418;0.464,0.6,0.177,0.731,0.198,0.0454,0.637,0.883,0.932,0.359;a;
0.038;0.936,0.55,0.0249,0.325,0.248,0.012,0.996,0.253,0.177,0.351;aaaaaaaaaa;
0.45;0.846,0.281,0.00932,0.94,0.632,0.944,0.857,0.146,0.863,0.122;a;
0.64;0.636,0.676,0.235,0.201,0.285,0.361,0.676,0.779,0.452,0.815;aaaaaaaa;
0.794;0.853,0.92,0.414,0.487,0.0312,0.427,0.133,0.503,0.385,0.151;aa;
0.0933;0.94,0.842,0.655,0.468,0.736,0.595,0.717,0.31,0.41,0.5;aaaaaaa;
0.316;0.184,0.988,0.696,0.84,0.0041,0.723,0.959,0.876,0.376,0.504;a;
0.569;0.719,0.594,0.687,0.899,0.79,0.0288,0.524,0.882,0.414,0.571;aa;
0.117;0.115,0.795,0.429,0.952,0.015,0.551,0.988,0.0651,0.431,0.911;aa;
0.51;0.0284,0.379,0.0332,0.422,0.599,0.331,0.492,0.32,0.888,0.215;aaa;
0.0147;0.132,0.695,0.867,0.601,0.628,0.327,0.828,0.535,0.336,0.429;aaaaaa;
0.476;0.536,0.817,0.887,0.136,0.443,0.522,0.405,0.962,0.077,0.674;aaaaaaaaa;
0.462;0.422,0.174,0.204,0.529,0.843,0.0549,0.085,0.589,0.706,0.72;aaaaaaaaa;
0.544;0.811,0.755,0.439,0.668,0.903,0.167,0.184,0.681,0.0518,0.555;aaaaaa;
0.397;0.332,0.707,0.529,0.307,0.912,0.017,0.754,0.84,0.0555,0.976;aaaaa;
0.719;0.176,0.958,0.74,0.56,0.765,0.0638,0.665,0.123,0.763,0.0696;aaaaaaaaaa;
0.189;0.578,0.246,0.522,0.251,0.0195,0.375,0.261,0.0596,0.567,0.053;aaaaaa;
0.391;0.419,0.176,0.762,0.149,0.688,0.814,0.367,0.468,0.174,0.324;aaaaaaaaa;
0.631;0.599,0.272,0.497,0.53,0.177,0.049,0.985,0.0394,0.993,0.0287;aaaaaaaa;
0.932;0.748,0.188,0.193,0.185,0.948,0.19,0.425,0.124,0.162,0.108;aaaaaaaaaa;
0.844;0.401,0.951,0.36,0.246,0.611,0.32,0.906,0.825,0.912,0.47;aaaaaa;
0.254;0.0971,0.538,0.532,0.349,0.277,0.876,0.979,0.263,0.951,0.624;aaaaaaaaaa;
0.796;0.306,0.104,0.906,0.658,0.365,0.157,0.0448,0.991,0.162,0.124;a;
0.926;0.587,0.496,0.0974,0.87,0.965,0.152,0.277,0.311,0.602,0.883;aaaaaa;
0.966;0.458,0.559,0.32,0.12,0.411,0.923,0.305,0.249,0.0594,0.583;aaaaaaaaaa;
0.253;0.0342,0.476,0.488,0.577,0.236,0.462,0.491,0.482,0.258,0.976;aaaaa;
0.24;0.644,0.937,0.178,0.99,0.201,0.697,0.566,0.15,0.0414,0.333;aaaaaa;
0.215;0.272,0.155,0.295,0.132,0.14,0.478,0.0728,0.357,0.202,0.13;aaaaaaaa;
0.526;0.587,0.224,0.79,0.4,0.996,0.0291,0.465,0.268,0.343,0.307;aaaaa;
0.96;0.422,0.664,0.298,0.96,0.458,0.986,0.288,0.503,0.7,0.456;aaaaaa;
0.908;0.844,0.295,0.493,0.456,0.492,0.418,0.55,0.885,0.298,0.817;aaaaaaaaa;
0.629;0.461,0.0041,0.0248,0.664,0.627,0.198,0.154,0.266,0.307,0.108;a;
0.824;0.745,0.279,0.795,0.847,0.426,0.189,0.995,0.458,0.69,0.0232;a;
0.0762;0.784,0.51,0.629,0.184,0.501,0.116,0.0158,0.768,0.108,0.873;aaaaa;
0.814;0.604,0.177,0.509,0.523,0.209,0.818,0.684,0.919,0.267,0.0517;aaaaaaaaaa;
0.525;0.574,0.598,0.601,0.101,0.553,0.309,0.988,0.638,0.337,0.168;aaaaaaaaaa;
0.0936;0.25,0.682,0.018,0.544,0.804,0.784,0.76,0.939,0.085,0.172;aa;
0.818;0.784,0.943,0.623,0.128,0.285,0.384,0.326,0.186,0.937,0.499;aaaaaaaaa;
0.316;0.347,0.891,0.527,0.745,0.0189,0.721,0.982,0.733,0.0877,0.0802;aaaa;
0.354;0.843,0.345,0.356,0.59,0.367,0.246,0.383,0.907,0.963,0.853;aaaaaaaaaa;
0.363;0.542,0.796,0.752,0.354,0.488,0.17,0.141,0.628,0.97,0.374;aaa;
0.24;0.326,0.82,0.0663,0.88,0.343,0.115,0.803,0.784,0.257,0.595;aaaaaaaaa;
0.0982;0.577,0.156,0.643,0.802,0.528,0.462,0.309,0.269,0.572,0.391;aa;
0.394;0.678,0.569,0.588,0.571,0.823,0.109,0.0631,0.761,0.848,0.999;aaaaaaaaaa;
0.512;0.661,0.563,0.512,0.296,0.905,0.213,0.398,0.506,0.652,0.668;aaaaaaa;
0.255;0.957,0.575,0.389,0.272,0.386,0.473,0.629,0.535,0.171,0.346;a;
0.592;0.98,0.282,0.137,0.245,0.662,0.894,0.37,0.318,0.749,0.535;aa;
0.986;0.287,0.596,0.442,0.34,0.477,0.824,0.543,0.781,0.217,0.782;aaaaaaaaa;
0.0702;0.71,0.798,0.941,0.0644,0.106,0.0973,0.822,0.978,0.98,0.207;aaaaaaa;
0.391;0.328,0.747,0.413,0.461,0.0748,0.269,0.708,0.985,0.914,0.544;aaaaaaa;
0.905;0.844,0.568,0.869,0.782,0.459,0.884,0.595,0.126,0.677,0.951;aaaa;
0.92;0.563,0.411,0.916,0.746,0.13,0.842,0.605,0.357,0.846,0.227;aaaaaaaaa;
0.292;0.00833,0.0929,0.363,0.641,0.228,0.723,0.131,0.853,0.19,0.936;a;
0.718;0.48,0.162,0.889,0.173,0.157,0.666,0.218,0.519,0.988,0.851;aaaaa;
0.353;0.615,0.598,0.171,0.775,0.547,0.53,0.712,0.962,0.784,0.973;aaaaaaaaaa;
0.368;0.355,0.737,0.319,0.46,0.864,0.648,0.115,0.349,0.856,0.469;aa;
0.669;0.55,0.0713,0.964,0.943,0.793,0.627,0.576,0.707,0.239,0.565;aaaaaaaaa;
0.297;0.941,0.681,0.397,0.676,0.914,0.228,0.567,0.272,0.405,0.309;a;
0.896;0.523,0.189,0.78,0.594,0.407,0.282,0.631,0.552,0.172,0.983;a;
0.2;0.551,0.457,0.246,0.973,0.627,0.214,0.79,0.274,0.437,0.189;aaaaaaa;
0.0601;0.219,0.892,0.368,0.786,0.802,0.713,0.858,0.567,0.305,0.029;aa;
0.963;0.643,0.404,0.144,0.988,0.0606,0.0847,0.344,0.142,0.423,0.0538;aaaaaaa;
0.384;0.508,0.653,0.138,0.824,0.474,0.957,0.528,0.243,0.559,0.374;aaaaaaa;
0.481;0.707,0.32,0.222,0.461,0.871,0.727,0.384,0.476,0.129,0.411;aaaaaaaaaa;
0.162;0.317,0.502,0.386,0.115,0.112,0.757,0.835,0.76,0.199,0.833;a;
0.532;0.613,0.192,0.335,0.174,0.638,0.264,0.298,0.135,0.487,0.844;aaaaaaaa;
0.751;0.731,0.351,0.0237,0.545,0.203,0.0405,0.0521,0.659,0.39,0.82;aaaaaaa;
0.326;0.103,0.57,0.0278,0.134,0.0523,0.47,0.587,0.75,0.706,0.766;aaaaaaa;
0.968;0.173,0.84,0.0611,0.712,0.0626,0.368,0.0391,0.769,0.759,0.853;aaaaaa;
0.264;0.664,0.251,0.485,0.884,0.597,0.00183,0.513,0.416,0.761,0.448;aaaaaaa;
0.588;0.91,0.537,0.218,0.0172,0.891,0.954,0.716,0.924,0.545,0.871;aaaaaaaaa;
0.772;0.749,0.106,0.974,0.356,0.4,0.402,0.851,0.466,0.338,0.485;aaa;
0.818;0.0397,0.696,0.956,0.552,0.705,0.923,0.422,0.532,0.971,0.702;aaaaaaaaa;
0.401;0.242,0.423,0.577,0.17,0.147,0.464,0.96,0.295,0.784,0.611;aaaaaaa;
0.395;0.555,0.514,0.473,0.352,0.956,0.69,0.334,0.843,0.767,0.68;aaaaaaaaa;
0.0798;0.706,0.263,0.921,0.215,0.15,0.956,0.499,0.739,0.671,0.913;aa;
0.867;0.653,0.111,0.0387,0.722,0.144,0.299,0.167,0.163,0.728,0.825;a;
0.762;0.846,0.941,0.484,0.227,0.776,0.209,0.17,0.203,0.838,0.183;aaaaaaaa;
0.918;0.243,0.00458,0.434,0.576,0.85,0.521,0.729,0.653,0.262,0.104;aaa;
0.19;0.489,0.535,0.607,0.883,0.238,0.584,0.112,0.967,0.043,0.513;aaaaaaaa;
0.863;0.562,0.623,0.199,0.194,0.777,0.995,0.547,0.17,0.705,0.922;aa;
0.725;0.247,0.324,0.151,0.374,0.932,0.0259,0.608,0.612,0.016,0.613;aaaa;
0.982;0.869,0.567,0.635,0.519,0.381,0.678,0.178,0.453,0.634,0.94;aaa;
0.101;0.848,0.514,0.582,0.245,0.699,0.845,0.447,0.399,0.563,0.868;aaaaaaaaaa;
0.053;0.957,0.0696,0.985,0.973,0.366,0.136,0.126,0.976,0.239,0.449;aaaaa;
0.82;0.555,0.195,0.618,0.571,0.466,0.0806,0.609,0.249,0.909,0.877;aa;
0.32;0.621,0.39,0.416,0.964,0.878,0.383,0.931,0.907,0.589,0.771;aaaaaaaaaa;
0.7;0.963,0.397,0.67,0.0684,0.437,0.338,0.785,0.00304,0.997,0.418;aaaaa;
0.0884;0.175,0.334,0.348,0.553,0.615,0.217,0.184,0.418,0.791,0.247;aaa;
0.315;0.203,0.89,0.715,0.781,0.57,0.922,0.165,0.818,0.706,0.465;aa;
0.946;0.613,0.0956,0.15,0.357,0.438,0.868,0.133,0.735,0.279,0.147;aaaa;
0.595;0.0323,0.792,0.462,0.617,0.609,0.397,0.439,0.721,0.529,0.812;aaaaa;
0.304;0.488,0.238,0.344,0.605,0.511,0.739,0.879,0.197,0.689,0.749;aaaaaaa;
0.565;0.688,0.133,0.788,0.339,0.427,0.54,0.956,0.732,0.48,0.852;aaaaaaaaaa;
0.0182;0.49,0.771,0.9,0.488,0.942,0.956,0.0481,0.0203,0.975,0.248;aaaaaaaaa;
0.322;0.69,0.636,0.94,0.903,0.177,0.966,0.682,0.497,0.99,0.818;aaaa;
0.671;0.885,0.556,0.24,0.703,0.893,0.0878,0.132,0.86,0.49,0.752;aaaaaaaaaa;
0.91;0.392,0.0665,0.782,0.574,0.644,0.946,0.932,0.654,0.841,0.832;aa;
0.804;0.586,0.504,0.573,0.672,0.759,0.498,0.922,0.165,0.791,0.511;aaaa;
0.291;0.00898,0.0439,0.856,0.247,0.155,0.0434,0.683,0.127,0.178,0.456;aaaaaaaaaa;
0.804;0.315,0.225,0.23,0.698,0.936,0.158,0.523,0.0592,0.605,0.523;aaaaaaaaaa;
0.4;0.448,0.868,0.116,0.8,0.786,0.0737,0.186,0.968,0.663,0.181;aaaaa;
0.714;0.0885,0.528,0.372,0.192,0.659,0.00722,0.59,0.84,0.408,0.872;aaaa;
0.54;0.934,0.942,0.865,0.173,0.457,0.408,0.302,0.17,0.553,0.885;aa;
0.763;0.249,0.677,0.514,0.782,0.698,0.451,0.739,0.642,0.599,0.867;aaaa;
0.527;0.145,0.559,0.0699,0.329,0.957,0.705,0.693,0.13,0.897,0.214;aa;
0.717;0.835,0.45,0.682,0.203,0.594,0.051,0.998,0.528,0.445,0.513;aaaaaaa;
0.214;0.354,0.62,0.261,0.375,0.17,0.899,0.294,0.507,0.22,0.679;aaaaaaaaaa;
0.464;0.0415,0.905,0.504,0.277,0.558,0.0364,0.323,0.781,0.0608,0.856;aaaaa;
0.221;0.924,0.992,0.231,0.812,0.927,0.016,0.692,0.0602,0.998,0.103;a;
0.58;0.617,0.0928,0.0277,0.903,0.2,0.508,0.615,0.285,0.239,0.629;aa;
0.149;0.662,0.623,0.579,0.354,0.33,0.598,0.806,0.482,0.381,0.118;aaaaaaaaa;
0.394;0.53,0.419,0.342,0.157,0.429,0.937,0.0855,0.576,0.647,0.257;aaaaaaaa;
0.602;0.353,0.538,0.311,0.172,0.0801,0.919,0.951,0.56,0.753,0.252;aa;
0.846;0.405,0.818,0.694,0.946,0.12,0.0362,0.948,0.000447,0.954,0.979;aaaaaaaaaa;
0.104;0.0283,0.905,0.647,0.945,0.255,0.564,0.245,0.561,0.181,0.9;aaaaaaaa;
0.648;0.789,0.716,0.465,0.977,0.507,0.647,0.138,0.559,0.471,0.476;aaa;
0.351;0.869,0.307,0.294,0.13,0.175,0.151,0.334,0.244,0.481,0.654;aaaaa;
0.731;0.986,0.51,0.953,0.0742,0.0503,0.341,0.549,0.419,0.0664,0.688;aaaa;
0.259;0.12,0.615,0.405,0.874,0.338,0.73,0.703,0.338,0.846,0.876;aaaa;
0.429;0.385,0.213,0.0516,0.969,0.0566,0.539,0.457,0.951,0.18,0.396;aa;
0.226;0.444,0.66,0.926,0.718,0.443,0.837,0.714,0.987,0.709,0.37;aaa;
0.923;0.548,0.973,0.577,0.399,0.331,0.371,0.524,0.631,0.476,0.302;aaaaaaaaaa;
0.354;0.165,0.569,0.578,0.144,0.215,0.494,0.425,0.546,0.15,0.58;aaaaa;
0.852;0.0371,0.0185,0.704,0.046,0.808,0.233,0.777,0.399,0.166,0.121;a;
0.764;0.201,0.539,0.673,0.312,0.584,0.0438,0.287,0.726,0.879,0.153;aaaaaaaaa;
0.593;0.792,0.749,0.717,0.202,0.116,0.0795,0.902,0.594,0.345,0.383;aaaaaaa;
0.944;0.727,0.987,0.467,0.135,0.616,0.209,0.857,0.917,0.799,0.383;aaaaaaaaa;
0.289;0.711,0.616,0.576,0.996,0.431,0.958,0.545,0.947,0.805,0.828;aaaaaaa;
0.703;0.503,0.00612,0.000622,0.997,0.852,0.0968,0.84,0.103,0.353,0.681;a;
0.484;0.675,0.776,0.651,0.00357,0.765,0.84,0.672,0.659,0.52,0.448;a;
0.477;0.958,0.212,0.609,0.598,0.374,0.563,0.412,0.717,0.881,0.856;aaaaaaaa;
0.361;0.563,0.408,0.297,0.41,0.525,0.539,0.929,0.799,0.0917,0.722;aaaaa;
0.883;0.944,0.595,0.362,0.56,0.257,0.936,0.86,0.727,0.291,0.328;aaaaaaaaa;
0.396;0.0267,0.433,0.22,0.522,0.75,0.936,0.287,0.277,0.805,0.0789;aaaaaaaaa;
0.374;0.35,0.124,0.564,0.831,0.072,0.0763,0.875,0.286,0.188,0.0443;aaaaaa;
0.0126;0.349,0.291,0.178,0.617,0.288,0.221,0.564,0.478,0.137,0.59;a;
0.548;0.839,0.783,0.535,0.415,0.245,0.437,0.493,0.491,0.549,0.62;aaaa;
0.0296;0.469,0.188,0.82,0.365,0.258,0.754,0.905,0.591,0.729,0.11;aaaaaaaaaa;
0.271;0.36,0.117,0.834,0.823,0.972,0.726,0.174,0.518,0.365,0.726;aaaaaaaaaa;
0.602;0.0968,0.039,0.367,0.974,0.0584,0.98,0.503,0.163,0.278,0.71;aaaaaaaa;
0.718;0.932,0.731,0.508,0.43,0.595,0.703,0.996,0.274,0.195,0.335;aaaaaaa;
0.556;0.574,0.802,0.361,0.521,0.561,0.866,0.938,0.234,0.273,0.318;aaaa;
0.844;0.618,0.103,0.317,0.349,0.911,0.409,0.425,0.447,0.782,0.577;aaaaaaa;
0.0404;0.924,0.522,0.551,0.895,0.929,0.276,0.0519,0.454,0.737,0.393;aaaaaaaa;
0.202;0.134,0.742,0.122,0.707,0.177,0.137,0.274,0.673,0.658,0.541;aaa;
0.249;0.681,0.651,0.871,0.206,0.636,0.153,0.283,0.296,0.961,0.515;aaaaaaa;
0.344;0.431,0.776,0.85,0.526,0.0609,0.0209,0.571,0.465,0.83,0.725;aaaaaaa;
0.439;0.164,0.0449,0.423,0.552,0.326,0.39,0.211,0.252,0.0759,0.132;aaaa;
0.255;0.0337,0.725,0.473,0.83,0.0886,0.843,0.666,0.195,0.0726,0.85;a;
0.17;0.677,0.812,0.832,0.22,0.242,0.264,0.883,0.682,0.683,0.0642;aaaaaa;
0.0312;0.532,0.395,0.103,0.482,0.607,0.42,0.203,0.407,0.86,0.714;aaaaaaaaaa;
0.307;0.0772,0.441,0.364,0.236,0.9,0.978,0.354,0.0974,0.731,0.0977;aaaaa;
0.697;0.0602,0.0251,0.0846,0.55,0.194,0.113,0.689,0.487,0.784,0.475;aa;
0.802;0.437,0.47,0.211,0.639,0.217,0.334,0.467,0.155,0.195,0.372;aaaaaaa;
0.544;0.0704,0.285,0.933,0.896,0.634,0.574,0.909,0.531,0.628,0.767;aaaaaaaa;
0.247;0.871,0.0872,0.826,0.163,0.0398,0.444,0.864,0.183,0.522,0.365;aaaaaaa;
0.26;0.525,0.0755,0.511,0.0695,0.348,0.903,0.803,0.603,0.225,0.648;aaaaaaaa;
0.103;0.38,0.677,0.0486,0.364,0.176,0.109,0.186,0.503,0.772,0.308;aaa;
0.827;0.219,0.859,0.227,0.0802,0.0507,0.186,0.9,0.755,0.654,0.265;a;
0.583;0.51,0.733,0.805,0.931,0.661,0.9,0.472,0.157,0.18,0.564;aa;
0.747;0.664,0.501,0.686,0.347,0.892,0.388,0.656,0.493,0.901,0.699;aaaaaaaa;
0.661;0.112,0.138,0.55,0.261,0.929,0.0925,0.916,0.88,0.663,0.902;aaaaaaaa;
0.09;0.162,0.678,0.0913,0.777,0.752,0.0742,0.903,0.00782,0.893,0.866;aaaaaaaa;
0.338;0.592,0.294,0.417,0.123,0.3,0.0963,0.649,0.905,0.825,0.641;aaaaa;
0.556;0.0793,0.797,0.778,0.305,0.745,0.401,0.131,0.439,0.905,0.203;aaa;
0.781;0.451,0.8,0.507,0.517,0.927,0.976,0.0585,0.615,0.476,0.751;aaaaaaaa;
0.226;0.283,0.36,0.0383,0.322,0.291,0.781,0.0784,0.461,0.0123,0.0929;aaaaaaaaaa;
0.981;0.857,0.568,0.602,0.278,0.0341,0.0412,0.876,0.285,0.417,0.637;aaaaaaa;
0.533;0.66,0.425,0.937,0.993,0.139,0.304,0.335,0.2,0.927,0.44;aaaaaaaaa;
0.153;0.0691,0.924,0.207,0.675,0.906,0.889,0.267,0.579,0.475,0.406;aa;
0.395;0.973,0.897,0.818,0.481,0.066,0.492,0.353,0.535,0.632,0.13;aaaaaaaaa;
0.98;0.876,0.0174,0.749,0.843,0.274,0.917,0.42,0.446,0.869,0.807;aaaa;
0.863;0.0327,0.0999,0.965,0.579,0.861,0.884,0.0566,0.416,0.887,0.775;aaaaaa;
0.462;0.138,0.778,0.438,0.117,0.627,0.202,0.839,0.454,0.817,0.336;aa;
0.538;0.251,0.895,0.547,0.645,0.112,0.295,0.834,0.14,0.927,0.563;aaaaaa;
0.688;0.173,0.642,0.837,0.127,0.877,0.745,0.186,0.725,0.462,0.336;aaaaaaaa;
0.609;0.513,0.583,0.387,0.34,0.0951,0.784,0.736,0.589,0.74,0.19;aaaaaaa;
0.237;0.305,0.241,0.341,0.778,0.234,0.357,0.957,0.625,0.657,0.283;aaaaaaaa;
0.529;0.916,0.96,0.231,0.124,0.361,0.0415,0.0979,0.439,0.406,0.471;aaaaaaaa;
0.538;0.251,0.895,0.547,0.645,0.112,0.295,0.834,0.14,0.927,0.563;aaaaa;
0.688;0.173,0.642,0.837,0.127,0.877,0.745,0.186,0.725,0.462,0.336;aaaa;
0.609;0.513,0.583,0.387,0.34,0.0951,0.784,0.736,0.589,0.74,0.19;aaaa;
0.237;0.305,0.241,0.341,0.778,0.234,0.357,0.957,0.625,0.657,0.283;aaaaa;
0.529;0.916,0.96,0.231,0.124,0.361,0.0415,0.0979,0.439,0.406,0.471;aaaaaaa;
0.538;0.251,0.895,0.547,0.645,0.112,0.295,0.834,0.14,0.927,0.563;aaaaaaa;
0.688;0.173,0.642,0.837,0.127,0.877,0.745,0.186,0.725,0.462,0.336;aaaaaaaaa;
0.609;0.513,0.583,0.387,0.34,0.0951,0.784,0.736,0.589,0.74,0.19;aaa;
0.237;0.305,0.241,0.341,0.778,0.234,0.357,0.957,0.625,0.657,0.283;aaaaaaaa;
0.529;0.916,0.96,0.231,0.124,0.361,0.0415,0.0979,0.439,0.406,0.471;aaaa;
0.538;0.251,0.895,0.547,0.645,0.112,0.295,0.834,0.14,0.927,0.563;aaaaa;
0.688;0.173,0.642,0.837,0.127,0.877,0.745,0.186,0.725,0.462,0.336;aaaaaaaaa;
0.609;0.513,0.583,0.387,0.34,0.0951,0.784,0.736,0.589,0.74,0.19;aaaaaaa;
0.237;0.305,0.241,0.341,0.778,0.234,0.357,0.957,0.625,0.657,0.283;aaaaaaa;
0.529;0.916,0.96,0.231,0.124,0.361,0.0415,0.0979,0.439,0.406,0.471;aaaaa;
0.538;0.251,0.895,0.547,0.645,0.112,0.295,0.834,0.14,0.927,0.563;aaaaaaaa;
0.688;0.173,0.642,0.837,0.127,0.877,0.745,0.186,0.725,0.462,0.336;aaaa;
0.609;0.513,0.583,0.387,0.34,0.0951,0.784,0.736,0.589,0.74,0.19;aaaaaaaaa;
0.237;0.305,0.241,0.341,0.778,0.234,0.357,0.957,0.625,0.657,0.283;a;
0.529;0.916,0.96,0.231,0.124,0.361,0.0415,0.0979,0.439,0.406,0.471;a;
0.538;0.251,0.895,0.547,0.645,0.112,0.295,0.834,0.14,0.927,0.563;aaa;
0.688;0.173,0.642,0.837,0.127,0.877,0.745,0.186,0.725,0.462,0.336;aaaaaaaaa;
0.609;0.513,0.583,0.387,0.34,0.0951,0.784,0.736,0.589,0.74,0.19;aaaaa;
0.237;0.305,0.241,0.341,0.778,0.234,0.357,0.957,0.625,0.657,0.283;a;
0.529;0.916,0.96,0.231,0.124,0.361,0.0415,0.0979,0.439,0.406,0.471;aaaa;
0.538;0.251,0.895,0.547,0.645,0.112,0.295,0.834,0.14,0.927,0.563;aaaaaaaaa;
0.688;0.173,0.642,0.837,0.127,0.877,0.745,0.186,0.725,0.462,0.336;aaaa;
0.609;0.513,0.583,0.387,0.34,0.0951,0.784,0.736,0.589,0.74,0.19;aaaaaaaaaa;
0.237;0.305,0.241,0.341,0.778,0.234,0.357,0.957,0.625,0.657,0.283;aaaaaa;
0.529;0.916,0.96,0.231,0.124,0.361,0.0415,0.0979,0.439,0.406,0.471;aaaaaaaa;
0.538;0.251,0.895,0.547,0.645,0.112,0.295,0.834,0.14,0.927,0.563;aaaaa;
0.688;0.173,0.642,0.837,0.127,0.877,0.745,0.186,0.725,0.462,0.336;aaaaaaaa;
0.609;0.513,0.583,0.387,0.34,0.0951,0.784,0.736,0.589,0.74,0.19;aa;
0.237;0.305,0.241,0.341,0.778,0.234,0.357,0.957,0.625,0.657,0.283;aaa;
0.529;0.916,0.96,0.231,0.124,0.361,0.0415,0.0979,0.439,0.406,0.471;aaa;
0.538;0.251,0.895,0.547,0.645,0.112,0.295,0.834,0.14,0.927,0.563;aaaaaaa;
0.688;0.173,0.642,0.837,0.127,0.877,0.745,0.186,0.725,0.462,0.336;aaaaaa;
0.609;0.513,0.583,0.387,0.34,0.0951,0.784,0.736,0.589,0.74,0.19;a;
0.237;0.305,0.241,0.341,0.778,0.234,0.357,0.957,0.625,0.657,0.283;aaaaaaaaa;
0.529;0.916,0.96,0.231,0.124,0.361,0.0415,0.0979,0.439,0.406,0.471;aa;
0.538;0.251,0.895,0.547,0.645,0.112,0.295,0.834,0.14,0.927,0.563;aaaaaaaaaa;
0.688;0.173,0.642,0.837,0.127,0.877,0.745,0.186,0.725,0.462,0.336;aaaaaaaa;
0.609;0.513,0.583,0.387,0.34,0.0951,0.784,0.736,0.589,0.74,0.19;aaaaaaaaaa;
0.237;0.305,0.241,0.341,0.778,0.234,0.357,0.957,0.625,0.657,0.283;aaaa;
0.529;0.916,0.96,0.231,0.124,0.361,0.0415,0.0979,0.439,0.406,0.471;aaaaaaaa;
0.538;0.251,0.895,0.547,0.645,0.112,0.295,0.834,0.14,0.927,0.563;aaaaaaaaaa;
0.688;0.173,0.642,0.837,0.127,0.877,0.745,0.186,0.725,0.462,0.336;a;
0.609;0.513,0.583,0.387,0.34,0.0951,0.784,0.736,0.589,0.74,0.19;a;
0.237;0.305,0.241,0.341,0.778,0.234,0.357,0.957,0.625,0.657,0.283;aaaaaaaaaa;
0.529;0.916,0.96,0.231,0.124,0.361,0.0415,0.0979,0.439,0.406,0.471;aaaa;
0.538;0.251,0.895,0.547,0.645,0.112,0.295,0.834,0.14,0.927,0.563;aaaaaa;
0.688;0.173,0.642,0.837,0.127,0.877,0.745,0.186,0.725,0.462,0.336;aa;
0.609;0.513,0.583,0.387,0.34,0.0951,0.784,0.736,0.589,0.74,0.19;aaaaaaaa;
0.237;0.305,0.241,0.341,0.778,0.234,0.357,0.957,0.625,0.657,0.283;aaaaaa;
0.529;0.916,0.96,0.231,0.124,0.361,0.0415,0.0979,0.439,0.406,0.471;a;
0.538;0.251,0.895,0.547,0.645,0.112,0.295,0.834,0.14,0.927,0.563;aaaa;
0.688;0.173,0.642,0.837,0.127,0.877,0.745,0.186,0.725,0.462,0.336;a;
0.609;0.513,0.583,0.387,0.34,0.0951,0.784,0.736,0.589,0.74,0.19;aaaaaaaaa;
0.237;0.305,0.241,0.341,0.778,0.234,0.357,0.957,0.625,0.657,0.283;aaaa;
0.529;0.916,0.96,0.231,0.124,0.361,0.0415,0.0979,0.439,0.406,0.471;aaaaaaaaa;
0.538;0.251,0.895,0.547,0.645,0.112,0.295,0.834,0.14,0.927,0.563;aa;
0.688;0.173,0.642,0.837,0.127,0.877,0.745,0.186,0.725,0.462,0.336;aaaaaaaaaa;
0.609;0.513,0.583,0.387,0.34,0.0951,0.784,0.736,0.589,0.74,0.19;aaaa;
0.237;0.305,0.241,0.341,0.778,0.234,0.357,0.957,0.625,0.657,0.283;aaaaa;
0.529;0.916,0.96,0.231,0.124,0.361,0.0415,0.0979,0.439,0.406,0.471;aa;
0.538;0.251,0.895,0.547,0.645,0.112,0.295,0.834,0.14,0.927,0.563;aaa;
0.688;0.173,0.642,0.837,0.127,0.877,0.745,0.186,0.725,0.462,0.336;aaaaaaaaa;
0.609;0.513,0.583,0.387,0.34,0.0951,0.784,0.736,0.589,0.74,0.19;aaaa;
0.237;0.305,0.241,0.341,0.778,0.234,0.357,0.957,0.625,0.657,0.283;aaa;
0.529;0.916,0.96,0.231,0.124,0.361,0.0415,0.0979,0.439,0.406,0.471;aaa;
0.538;0.251,0.895,0.547,0.645,0.112,0.295,0.834,0.14,0.927,0.563;a;
0.688;0.173,0.642,0.837,0.127,0.877,0.745,0.186,0.725,0.462,0.336;aaaaaa;
0.609;0.513,0.583,0.387,0.34,0.0951,0.784,0.736,0.589,0.74,0.19;aaaa;
0.237;0.305,0.241,0.341,0.778,0.234,0.357,0.957,0.625,0.657,0.283;aaaa;
0.529;0.916,0.96,0.231,0.124,0.361,0.0415,0.0979,0.439,0.406,0.471;aaa;
0.538;0.251,0.895,0.547,0.645,0.112,0.295,0.834,0.14,0.927,0.563;aa;
0.688;0.173,0.642,0.837,0.127,0.877,0.745,0.186,0.725,0.462,0.336;aaaaa;
0.609;0.513,0.583,0.387,0.34,0.0951,0.784,0.736,0.589,0.74,0.19;aaaaaaaa;
0.237;0.305,0.241,0.341,0.778,0.234,0.357,0.957,0.625,0.657,0.283;aaaaaaaaa;
0.529;0.916,0.96,0.231,0.124,0.361,0.0415,0.0979,0.439,0.406,0.471;aa;
0.538;0.251,0.895,0.547,0.645,0.112,0.295,0.834,0.14,0.927,0.563;aaaaa;
0.688;0.173,0.642,0.837,0.127,0.877,0.745,0.186,0.725,0.462,0.336;aaa;
0.609;0.513,0.583,0.387,0.34,0.0951,0.784,0.736,0.589,0.74,0.19;aa;
0.237;0.305,0.241,0.341,0.778,0.234,0.357,0.957,0.625,0.657,0.283;aaaaa;
0.529;0.916,0.96,0.231,0.124,0.361,0.0415,0.0979,0.439,0.406,0.471;aaaa;
0.538;0.251,0.895,0.547,0.645,0.112,0.295,0.834,0.14,0.927,0.563;aaaaaaaaa;
0.688;0.173,0.642,0.837,0.127,0.877,0.745,0.186,0.725,0.462,0.336;aaaa;
0.609;0.513,0.583,0.387,0.34,0.0951,0.784,0.736,0.589,0.74,0.19;aaaaaaa;
0.237;0.305,0.241,0.341,0.778,0.234,0.357,0.957,0.625,0.657,0.283;aa;
0.529;0.916,0.96,0.231,0.124,0.361,0.0415,0.0979,0.439,0.406,0.471;aa;
0.538;0.251,0.895,0.547,0.645,0.112,0.295,0.834,0.14,0.927,0.563;aa;
0.688;0.173,0.642,0.837,0.127,0.877,0.745,0.186,0.725,0.462,0.336;aaaaaa;
0.609;0.513,0.583,0.387,0.34,0.0951,0.784,0.736,0.589,0.74,0.19;aaaaaaaaaa;
0.237;0.305,0.241,0.341,0.778,0.234,0.357,0.957,0.625,0.657,0.283;aa;
0.529;0.916,0.96,0.231,0.124,0.361,0.0415,0.0979,0.439,0.406,0.471;aaaaaaa;
0.538;0.251,0.895,0.547,0.645,0.112,0.295,0.834,0.14,0.927,0.563;aaa;
0.688;0.173,0.642,0.837,0.127,0.877,0.745,0.186,0.725,0.462,0.336;aaaaaa;
0.609;0.513,0.583,0.387,0.34,0.0951,0.784,0.736,0.589,0.74,0.19;aaaaaaaaaa;
0.237;0.305,0.241,0.341,0.778,0.234,0.357,0.957,0.625,0.657,0.283;aaaaaaaaa;
0.529;0.916,0.96,0.231,0.124,0.361,0.0415,0.0979,0.439,0.406,0.471;aa;
0.538;0.251,0.895,0.547,0.645,0.112,0.295,0.834,0.14,0.927,0.563;a;
0.688;0.173,0.642,0.837,0.127,0.877,0.745,0.186,0.725,0.462,0.336;aaaaaaa;
0.609;0.513,0.583,0.387,0.34,0.0951,0.784,0.736,0.589,0.74,0.19;aaaa;
0.237;0.305,0.241,0.341,0.778,0.234,0.357,0.957,0.625,0.657,0.283;aaaaaa;
0.529;0.916,0.96,0.231,0.124,0.361,0.0415,0.0979,0.439,0.406,0.471;aaaaaaaaaa;
0.538;0.251,0.895,0.547,0.645,0.112,0.295,0.834,0.14,0.927,0.563;aaa;
0.688;0.173,0.642,0.837,0.127,0.877,0.745,0.186,0.725,0.462,0.336;aaaaa;
0.609;0.513,0.583,0.387,0.34,0.0951,0.784,0.736,0.589,0.74,0.19;aaaa;
0.237;0.305,0.241,0.341,0.778,0.234,0.357,0.957,0.625,0.657,0.283;aaa;
0.529;0.916,0.96,0.231,0.124,0.361,0.0415,0.0979,0.439,0.406,0.471;aaaaaaaaa;
0.538;0.251,0.895,0.547,0.645,0.112,0.295,0.834,0.14,0.927,0.563;aaa;
0.688;0.173,0.642,0.837,0.127,0.877,0.745,0.186,0.725,0.462,0.336;aaaaaaa;
0.609;0.513,0.583,0.387,0.34,0.0951,0.784,0.736,0.589,0.74,0.19;aaaa;
0.237;0.305,0.241,0.341,0.778,0.234,0.357,0.957,0.625,0.657,0.283;aaaaaaa;
0.529;0.916,0.96,0.231,0.124,0.361,0.0415,0.0979,0.439,0.406,0.471;aaaaaaaa;
0.538;0.251,0.895,0.547,0.645,0.112,0.295,0.834,0.14,0.927,0.563;aaaaaa;
0.688;0.173,0.642,0.837,0.127,0.877,0.745,0.186,0.725,0.462,0.336;aaaaaaa;
0.609;0.513,0.583,0.387,0.34,0.0951,0.784,0.736,0.589,0.74,0.19;aaaaaaaa;
0.237;0.305,0.241,0.341,0.778,0.234,0.357,0.957,0.625,0.657,0.283;aa;
0.529;0.916,0.96,0.231,0.124,0.361,0.0415,0.0979,0.439,0.406,0.471;aa;
