0	0,5
1	1
2	2,44
3	3
4	4,18
5	2,5,16,26
6	6,42
7	0,7,13,18,24,43
8	4,8,34
9	9,18
10	10
11	11
12	12
13	13
14	12,14,40,44
15	15
16	16,29
17	7,11,17
18	18
19	19
20	18,20
21	9,21
22	22
23	23
24	24
25	25
26	26
27	27
28	28
29	29
30	30
31	31
32	32
33	33
34	34
35	35
36	36
37	6,37
38	38
39	39
40	40
41	41
42	42
43	14,43
44	9,44
45	27,45
46	46
47	47
48	48
49	49
50	4
51	25
52	12
53	3
54	5
55	4
56	12
57	2
58	5
59	4
60	2,15
61	5
62	2
63	34
64	15
65	0
66	5
67	3
68	7
69	22
70	20,23
71	5
72	10
73	14
74	4
75	2
76	6,24
77	25
78	10
79	2
80	17
81	6,22
82	2
83	2
84	37
85	1
86	36
87	4
88	3,30
89	34
90	2
91	32
92	6
93	7
94	1
95	10
96	15
97	5
98	2
99	36
100	10,18
101	0
102	1
103	12
104	1
105	14,35
106	0
107	43
108	2
109	4
110	4,26
111	17
112	25
113	12
114	39
115	21
116	2
117	2
118	28
119	0
120	12,30,32
121	7
122	3
123	5
124	25
125	11,39
126	7
127	5
128	1
129	17
130	3,26
131	3
132	4
133	10
134	22
135	0
136	7
137	6
138	2
139	13,28
140	22
141	5,13
142	7
143	19,26
144	7
145	16
146	10
147	17
148	24
149	1
150	3
151	20
152	4
153	22
154	11
155	4
156	10
157	10
158	3
159	0
160	5
161	23,27
162	39
163	16
164	26
165	6
166	4
167	3
168	14
169	12
170	22
171	1,2
172	10
173	23
174	32
175	6
176	0
177	3,20
178	6
179	16
180	2
181	7
182	22
183	8
184	1
185	9,36
186	0
187	30
188	40
189	0
190	17
191	2
192	36
193	7
194	32
195	8
196	25
197	5
198	16
199	6,16,44
200	12
201	25
202	12
203	2
204	36
205	2
206	28
207	36
208	7
209	1
210	3
211	13
212	1
213	1
214	29
215	31
216	34
217	4
218	8
219	11
220	4
221	4
222	0
223	1
224	9
225	22
226	19
227	0
228	11
229	14
230	1
231	29
232	8
233	7
234	1
235	27
236	17
237	8,44
238	3
239	5
240	21,33
241	1
242	6
243	19
244	23
245	9
246	18,32
247	11
248	5
249	2
250	19
251	0
252	0
253	6
254	22
255	2
256	25
257	34
258	3
259	12
260	0
261	24
262	18
263	13
264	16
265	9
266	0
267	11,25
268	4
269	25
270	8
271	3
272	5
273	3
274	4
275	4
276	42
277	13
278	27
279	3
280	27
281	16
282	6
283	19
284	10
285	41,44
286	12
287	10
288	9
289	20
290	1
291	4
292	32
293	7
294	29
295	0
296	9
297	4
298	0
299	9
300	29
301	0
302	35,42
303	5
304	7,24
305	48
306	6,43
307	20,45
308	22
309	25
310	21
311	21
312	17
313	4
314	37
315	25
316	3
317	19
318	9,20
319	5
320	8
321	1
322	19
323	11
324	13
325	2
326	5,26
327	5
328	0
329	1
330	6
331	15
332	0,12
333	27
334	0
335	29
336	17
337	25
338	29
339	12
340	12
341	7
342	26
343	6
344	28
345	3
346	21
347	4
348	14
349	2
350	2
351	15
352	16
353	3
354	10
355	8
356	3
357	33
358	21
359	0
360	15
361	9
362	34
363	1
364	3
365	0
366	0
367	1
368	6
369	12
370	9
371	16
372	12
373	3
374	11
375	23
376	12
377	2
378	27
379	3
380	6
381	12
382	0
383	5
384	12
385	18
386	12
387	4
388	2,40,48
389	8
390	5
391	1
392	10
393	24
394	6
395	10
396	15
397	2
398	15
399	3
400	6
401	13
402	7
403	3
404	5
405	2
406	13
407	13,37
408	12
409	36
410	46
411	2
412	38
413	45
414	3
415	43
416	5
417	13
418	1
419	29
420	14
421	36
422	44
423	1
424	25
425	0
426	6
427	7
428	2
429	17
430	4,19
431	4
432	0
433	2
434	0
435	1
436	9
437	5
438	8,43
439	1
440	22
441	3
442	10
443	3
444	1
445	3
446	10
447	8
448	1
449	10
450	24
451	25
452	0
453	39
454	2
455	24
456	3
457	14
458	2
459	9
460	6
461	7
462	11
463	20
464	13
465	3
466	11
467	4
468	1
469	3
470	13
471	10
472	23,46
473	5
474	6
475	15
476	7
477	10
478	14
479	3
480	25
481	30
482	12
483	7
484	16
485	3
486	6,33
487	27
488	14
489	29
490	19
491	14
492	27
493	2
494	43
495	3
496	2
497	36
498	8
499	9
500	0
501	8
502	31,44
503	26
504	5
505	7
506	0
507	4
508	38
509	6
510	2
511	3
512	6
513	4
514	3
515	3
516	1
517	8
518	24
519	24
520	8
521	5
522	13
523	3
524	11
525	1
526	27
527	4
528	5
529	4
530	18
531	0
532	8
533	15
534	9
535	0
536	7
537	22
538	13
539	27
540	14,36
541	3
542	21
543	29
544	8
545	13
546	3
547	6
548	0,48
549	12
550	3
551	35
552	2
553	32
554	11
555	8
556	12,49
557	12
558	2
559	15
560	0
561	3
562	15
563	33
564	1
565	14
566	7
567	14
568	19
569	8
570	0
571	3
572	43
573	8
574	11
575	5
576	10
577	20
578	33
579	12
580	14
581	32
582	27
583	5
584	1
585	37
586	3
587	4
588	2
589	0
590	23
591	11
592	8
593	23
594	6
595	2
596	11
597	22
598	4
599	1
600	35
601	19
602	18
603	8
604	24
605	31
606	14
607	5
608	3
609	19
610	2
611	16
612	0
613	17
614	45,49
615	4
616	17
617	22
618	11
619	10
620	18
621	26
622	16
623	5
624	17
625	10
626	20
627	21
628	16
629	15
630	6
631	17
632	8
633	5
634	1
635	22
636	24
637	23
638	23
639	1,18
640	5
641	21
642	8
643	12
644	39
645	16
646	8
647	41
648	36
649	46
650	12
651	12
652	14
653	1
654	4
655	9
656	1
657	30
658	5
659	2
660	12
661	0
662	15
663	1
664	20
665	4
666	1
667	7
668	7
669	28
670	21
671	8
672	11
673	4
674	5
675	45
676	1
677	6
678	0
679	8
680	5
681	9
682	22
683	1
684	14
685	27
686	35
687	2
688	26
689	20
690	1
691	11
692	2
693	5
694	3
695	8
696	3
697	16
698	18
699	11
700	20
701	4
702	13
703	28
704	18
705	4
706	5
707	15,16
708	5
709	3
710	5
711	3
712	42
713	20
714	2
715	1
716	34,37
717	19
718	8
719	1
720	2
721	14
722	3
723	0
724	35
725	12
726	23
727	16
728	24
729	4
730	21,29
731	0
732	9
733	11
734	10
735	33
736	14
737	38
738	14
739	13
740	8
741	9
742	13
743	2
744	10
745	38
746	12
747	6
748	16
749	19
750	5
751	13
752	0
753	15
754	0
755	17
756	4
757	12
758	37
759	23
760	0
761	29
762	3
763	38
764	4
765	0
766	36
767	8
768	8,35
769	1
770	0
771	0
772	8
773	15
774	30,49
775	4
776	2
777	1
778	6
779	13
780	15
781	16
782	3
783	14
784	5
785	7
786	2
787	1
788	10
789	14
790	8
791	26
792	3
793	1
794	2
795	2
796	1
797	6
798	39
799	18
800	18
801	3
802	25
803	6
804	1
805	5
806	2
807	13,17,33,47
808	4
809	20
810	17
811	21
812	0
813	18
814	6
815	8
816	18
817	1
818	9
819	0
820	2
821	10
822	5,39
823	5
824	3
825	2
826	4
827	10
828	11
829	28
830	3
831	5
832	27
833	1
834	4
835	1
836	41
837	6
838	12
839	10
840	0
841	22
842	21
843	5
844	17
845	36
846	23
847	40,43
848	20
849	8
850	23
851	0
852	26
853	26
854	4
855	17,36
856	20
857	4
858	1
859	4
860	29
861	14,32,42
862	0
863	16
864	13
865	1
866	2
867	17
868	22
869	11
870	5
871	0
872	8
873	34,46
874	16
875	14
876	2
877	1
878	5
879	32
880	5
881	1
882	20
883	0
884	14
885	0
886	33
887	7
888	11
889	45
890	9
891	8
892	14
893	14
894	9
895	35
896	34
897	3
898	38
899	13
900	15
901	9,30
902	7
903	3
904	4
905	5
906	3
907	0
908	17
909	2
910	7
911	8
912	5
913	11
914	0
915	8
916	35
917	3
918	11
919	12
920	2
921	16
922	2
923	16
924	9
925	13
926	32
927	5
928	38
929	37
930	27
931	7
932	3
933	21
934	27
935	1
936	27
937	1
938	6
939	14
940	40
941	31
942	10
943	31
944	5
945	1
946	10
947	5,15,28,29,30,44
948	45
949	14
950	2
951	14
952	27
953	2
954	6
955	0
956	4
957	7,33
958	13
959	11
960	2
961	15
962	3
963	3
964	16
965	15
966	1
967	0
968	18,31,32,34
969	41
970	0
971	26
972	13
973	21,38
974	10
975	24
976	4
977	32
978	26
979	5
980	9
981	9
982	11
983	14
984	13
985	5
986	35
987	2
988	9
989	46
990	6
991	1
992	16
993	22,42
994	37,40
995	4
996	7
997	4
998	6
999	0
1000	0
1001	0
1002	0
1003	0
1004	0
1005	2
1006	2
1007	2
1008	2
1009	2
1010	6
1011	6
1012	6
1013	6
1014	6
1015	14
1016	14
1017	14
1018	14
1019	14
1020	30
1021	30
1022	30
1023	30
1024	30
1025	49
1026	49
1027	49
1028	49
1029	49
1030	48
1031	48
1032	48
1033	48
1034	48
1035	47
1036	47
1037	47
1038	47
1039	47
1040	46
1041	46
1042	46
1043	46
1044	46
1045	45
1046	45
1047	45
1048	45
1049	45
1050	44
1051	44
1052	44
1053	44
1054	44
1055	43
1056	43
1057	43
1058	43
1059	43
1060	42
1061	42
1062	42
1063	42
1064	42
1065	41
1066	41
1067	41
1068	41
1069	41
1070	40
1071	40
1072	40
1073	40
1074	40
1075	39
1076	39
1077	39
1078	39
1079	39
1080	38
1081	38
1082	38
1083	38
1084	38
1085	37
1086	37
1087	37
1088	37
1089	37
1090	36
1091	36
1092	36
1093	36
1094	36
1095	35
1096	35
1097	35
1098	35
1099	35
1100	34
1101	34
1102	34
1103	34
1104	34
1105	33
1106	33
1107	33
1108	33
1109	33
1110	32
1111	32
1112	32
1113	32
1114	32
1115	29
1116	29
1117	29
1118	29
1119	29
1120	31
1121	31
1122	31
1123	31
1124	31
