0	0
1	1
2	2
3	3
4	4
5	0,5,7
6	6
7	7,9
8	8
9	7,9
10	0
11	0
12	0
13	3
14	4
15	6
16	2
17	1,3
18	1,3,9
19	0,1,3,5
20	9
21	0
22	0,1
23	1
24	0,2
25	2,3,6
26	0
27	1
28	0,1
29	4,9
30	5
31	2
32	0
33	2
34	0,1
35	1
36	3
37	0
38	2
39	5
40	1
41	0
42	1
43	1
44	2
45	1
46	8,9
47	0
48	0,3
49	3
50	0
51	0
52	0
53	0
54	0
55	1
56	3,4
57	4
58	2
59	4
60	4
61	2
62	1
63	1,5
64	1
65	1
66	1
67	6
68	0
69	1,7
70	0
71	0,4
72	0
73	0,4,8
74	0,2
75	0
76	4
77	0
78	1
79	0
80	0
81	2
82	0,1
83	1,2,7
84	1
85	1
86	2
87	1
88	0
89	0
90	3
91	3
92	4
93	1
94	8
95	7
96	2
97	8
98	2
99	2
100	1
101	0
102	1
103	1
104	9
105	3,9
106	3
107	0
108	3,8,9
109	1,6
110	0,1
111	2
112	0,3
113	1
114	7
115	5
116	0,4
117	1
118	0
119	2,5
120	0
121	0
122	1
123	3
124	0
125	0
126	3
127	7
128	2
129	2
130	1,2
131	0
132	0
133	4
134	0
135	4,7
136	8
137	1
138	6
139	0
140	1
141	1
142	2
143	0
144	1
145	1
146	0
147	3,5
148	3,4
149	1
150	2
151	0
152	2,8
153	1
154	1
155	2
156	4
157	8
158	1
159	2
160	0
161	2
162	0
163	1
164	2,5
165	0
166	1
167	0,2
168	0
169	5
170	3
171	0
172	1
173	3
174	0
175	9
176	3,9
177	2
178	2
179	1
180	1
181	2
182	1
183	5
184	0
185	5
186	1
187	1,5
188	2
189	2
190	0
191	4
192	1
193	0,3
194	0
195	3
196	5
197	1
198	0
199	4
200	0
201	6
202	0
203	1
204	2
205	1
206	7,9
207	6
208	1
209	3
210	0
211	0
212	2
213	3
214	0
215	0
216	3,7
217	4
218	0
219	2
220	2,3,6
221	0
222	4
223	1
224	2
225	0
226	2
227	8
228	0
229	0
230	2
231	0
232	0
233	8
234	4
235	1
236	1
237	4
238	0,1
239	3
240	1
241	0
242	0
243	1
244	1
245	0
246	3,9
247	4
248	1
249	0
250	2,6
251	0
252	1
253	2
254	0
255	2
256	1
257	0
258	1
259	0
260	0
261	0
262	2,9
263	4
264	3
265	0
266	2,6
267	2
268	2
269	0
270	0
271	0
272	6
273	1
274	1,3
275	1,7
276	6
277	3
278	0
279	3
280	1
281	0
282	1
283	1
284	0
285	2
286	2
287	1
288	3,9
289	7
290	0
291	1
292	1
293	0
294	7
295	2
296	4
297	0
298	8
299	9
300	4,6
301	0
302	1
303	0
304	3
305	5
306	0
307	7
308	2
309	5
310	7
311	2
312	6
313	0
314	1
315	1
316	8
317	1
318	0
319	0
320	2
321	3
322	1
323	9
324	1
325	3
326	0
327	1
328	3
329	7
330	1
331	3
332	2
333	2
334	3
335	6
336	5
337	5,7
338	1
339	0
340	3
341	4
342	1
343	1
344	1
345	0
346	0
347	1
348	6
349	5
350	2
351	3
352	1
353	8
354	0
355	3
356	0
357	4
358	0
359	0
360	4
361	1
362	0
363	3,6
364	3
365	2
366	6
367	0
368	2,8
369	4
370	3,7
371	0
372	0
373	1,2
374	5
375	7
376	0
377	4
378	4
379	2
380	6
381	0
382	2
383	2
384	1,8
385	1
386	5
387	0
388	4
389	0
390	1
391	0
392	7
393	2
394	0
395	3
396	1
397	6
398	5,9
399	2
400	0
401	2
402	1
403	4
404	1
405	3
406	1
407	3
408	1
409	3
410	0
411	2
412	2
413	0
414	5
415	2
416	2
417	0
418	5
419	1
420	0
421	0
422	7
423	0
424	5
425	2
426	1
427	0
428	1
429	0
430	3
431	1
432	1
433	0
434	0
435	2
436	2
437	0
438	3
439	1
440	0
441	2
442	5,6
443	2
444	3
445	5
446	6
447	1
448	3
449	4
450	0
451	0
452	7
453	4
454	2
455	0
456	8
457	0
458	2
459	0
460	2
461	3
462	5
463	1
464	1
465	4,7
466	2,3
467	6
468	1
469	2
470	1
471	1
472	7
473	2
474	1
475	2
476	8
477	1
478	2
479	3
480	2
481	0
482	3
483	1
484	6
485	5
486	5
487	1
488	2
489	3
490	1
491	2
492	3
493	1
494	8
495	7,8
496	5
497	0,5,8
498	9
499	1
500	1
501	6
502	2
503	0
504	8
505	1
506	3
507	6,8
508	4
509	5
510	7
511	0
512	2
513	0
514	2
515	0
516	1
517	1
518	0
519	0
520	7
521	5
522	4
523	2
524	0
525	1
526	0
527	0
528	2
529	3
530	2
531	4
532	2
533	3
534	0,5
535	7
536	1
537	1
538	0
539	1
540	5
541	1
542	3
543	3
544	8
545	3
546	2
547	2
548	0
549	0
550	0
551	0
552	0
553	2
554	4
555	4
556	0,1
557	0
558	6
559	0
560	3
561	4
562	4
563	1
564	2
565	0
566	2
567	6
568	1
569	4
570	0
571	8
572	7
573	0
574	1
575	7
576	1
577	2
578	7
579	4
580	0
581	4,6
582	0
583	1,4
584	2
585	1
586	0
587	0
588	4,8
589	2
590	5
591	8
592	0
593	1
594	3
595	3
596	4
597	2
598	3
599	2
600	2
601	7
602	0
603	0
604	1
605	0
606	1
607	3
608	0
609	2,6
610	0
611	0
612	0
613	0
614	1,7
615	0
616	1
617	3
618	7
619	3
620	4
621	1
622	2
623	2
624	6
625	1
626	3,7
627	5
628	1
629	1
630	0
631	0
632	5
633	2
634	1
635	0
636	1
637	7
638	7
639	0
640	2
641	1
642	1
643	3
644	1
645	0
646	0
647	5
648	2
649	2
650	1
651	6
652	1
653	0
654	0
655	1
656	1
657	0
658	1
659	1
660	0
661	3
662	1
663	0,3
664	2
665	3
666	9
667	1
668	9
669	2
670	0
671	0
672	4
673	4
674	0
675	1
676	0
677	1
678	3
679	3
680	5
681	5
682	0
683	3
684	1
685	8
686	1
687	2
688	2
689	1
690	0
691	2
692	1
693	4
694	3
695	0
696	6
697	8
698	0
699	1
700	0
701	6
702	0
703	1
704	0
705	3
706	4
707	2
708	1
709	1
710	1
711	0
712	4
713	3
714	4
715	5
716	2
717	8,9
718	0
719	1
720	1
721	4
722	0
723	1
724	5
725	2
726	3
727	0
728	7
729	0
730	0
731	0
732	7
733	1
734	8
735	2
736	1
737	1
738	5
739	1
740	3
741	2
742	0
743	2
744	1
745	0
746	4
747	0
748	0
749	4
750	1
751	3
752	0
753	3
754	3
755	0
756	0
757	1
758	5
759	0
760	4
761	3
762	3
763	0
764	0
765	4
766	4
767	2
768	0
769	2
770	0
771	5
772	7
773	9
774	0
775	3
776	0
777	0
778	5
779	0
780	0,1,2,3,4,5,6,7,9
781	1
782	0
783	2
784	0
785	1
786	0
787	1
788	0
789	3
790	5
791	0
792	5
793	0
794	0
795	0
796	3
797	4
798	3
799	2
800	2
801	2
802	1
803	0
804	0
805	3
806	3
807	3
808	1
809	0
810	6
811	2
812	5
813	1
814	6
815	1
816	0
817	1
818	0
819	1
820	5
821	2
822	1
823	0
824	0
825	6
826	2
827	0,5
828	0
829	5
830	6
831	3
832	0
833	6
834	5
835	0
836	1
837	1
838	0
839	1
840	0
841	1
842	7
843	1
844	7,8
845	1
846	0
847	7
848	2
849	0
850	4
851	2
852	0
853	5
854	1
855	1
856	3
857	2
858	1
859	0
860	0
861	0
862	6
863	5
864	5
865	1
866	4
867	3
868	1
869	1
870	0
871	0
872	5
873	0
874	0
875	1
876	0
877	0
878	3
879	0
880	1
881	0
882	6
883	1
884	5
885	2
886	6
887	0
888	2
889	2
890	6
891	3
892	3
893	7
894	5
895	3
896	4
897	1
898	3
899	7
900	0
901	6
902	3
903	0,8
904	0
905	3
906	0
907	2
908	6
909	6
910	0
911	3
912	3
913	1
914	0
915	0
916	1
917	7
918	4
919	2
920	1
921	5
922	3
923	2
924	3
925	4
926	1
927	0
928	2
929	1
930	1
931	1
932	1
933	5
934	2
935	2
936	2
937	1
938	0
939	5
940	7
941	0
942	1
943	1
944	0
945	0
946	3
947	3
948	6
949	3
950	4
951	1
952	0
953	2
954	2
955	2
956	0
957	0
958	0
959	1
960	3
961	0
962	2
963	1
964	2
965	0
966	2
967	0
968	6
969	0
970	0
971	0
972	4
973	6
974	1
975	2
976	6,8
977	3
978	0
979	2
980	2
981	0
982	1
983	1
984	7
985	3
986	1
987	0,6
988	0
989	1
990	6,7
991	0
992	4
993	5
994	3,4
995	0
996	0
997	5
998	2,5
999	1
1000	0
1001	0
1002	0
1003	0
1004	0
1005	2
1006	2
1007	2
1008	2
1009	2
1010	6
1011	6
1012	6
1013	6
1014	6
1015	9
1016	9
1017	9
1018	9
1019	9
1020	8
1021	8
1022	8
1023	8
1024	8
