0	0
1	1
2	2
3	3,9
4	4
5	5,9
6	6
7	2,7
8	8
9	9
10	3
11	0
12	0,2
13	1
14	1
15	1
16	1
17	4
18	0
19	0
20	1
21	7
22	1
23	1
24	2
25	5
26	0
27	2
28	4
29	0
30	1
31	1
32	1
33	1
34	1
35	1
36	3
37	0,6,8
38	5
39	0
40	5,8
41	2
42	1
43	8
44	7
45	0
46	1,4,5
47	1
48	1
49	0
50	0,3
51	2
52	1
53	1,3
54	0,7
55	0
56	0
57	1
58	4
59	0,8
60	2,9
61	1
62	4
63	6,9
64	2,3
65	5,6
66	1,9
67	0
68	7
69	0,5
70	2
71	4
72	1
73	2
74	6
75	4
76	0
77	0
78	5
79	3
80	2,4,6
81	0
82	3
83	5
84	0
85	1
86	0
87	2,5,7
88	2
89	0,4
90	5
91	0
92	2,4
93	3
94	0
95	0,7
96	1,7,8
97	1
98	2,8
99	3
100	2
101	0,3
102	1,8
103	3,9
104	6
105	3
106	0
107	0
108	3
109	1,4
110	0
111	2,4
112	2
113	0
114	3
115	1
116	5
117	0
118	0
119	2,4
120	1
121	1
122	0
123	0,2
124	0
125	0,1,3
126	7
127	2
128	2,6
129	3
130	0
131	1
132	6
133	0
134	1
135	1,3
136	0
137	0,6
138	0
139	1,2
140	2,5
141	1,2,8,9
142	2
143	6
144	0,7
145	0
146	3
147	0
148	0
149	3,7
150	0
151	5
152	1,4
153	5
154	3,5,8
155	4
156	0
157	2,6
158	1
159	0
160	2,5
161	1,6
162	1
163	1
164	4
165	1,4
166	5
167	0
168	4
169	0
170	3,4,8
171	8
172	3,7
173	2,4,5,9
174	1
175	0,1,9
176	0
177	1
178	7
179	1
180	4
181	1
182	0,2
183	2
184	2
185	9
186	0,4
187	2
188	0,8
189	6
190	0
191	1,5,6
192	1,4
193	1,7
194	0
195	0
196	1
197	4
198	2,5,8
199	0,3,7,8,9
200	0,2,7,8
201	2
202	4
203	0
204	5
205	1,3
206	5
207	4
208	3
209	3
210	4,5
211	7
212	5
213	2,7
214	1,2,3
215	6
216	2,4
217	0,3
218	0
219	0
220	5,7
221	2
222	0
223	1
224	0,4
225	3,7
226	1
227	0
228	0
229	8
230	0
231	0,7
232	1
233	0
234	1
235	1
236	0
237	1
238	2
239	4
240	1,8
241	5
242	8
243	0,2
244	0
245	0
246	1
247	1
248	5
249	1
250	2,4
251	1
252	0
253	1
254	7
255	7
256	1
257	1,2
258	0
259	0
260	3
261	2
262	0
263	2
264	2
265	1
266	2,4
267	0
268	4,6
269	5
270	0
271	7,9
272	5
273	7
274	7
275	1,9
276	2
277	0
278	7
279	3
280	7
281	1
282	0,9
283	2
284	7
285	1,5
286	3
287	0
288	1
289	0
290	2
291	2,9
292	2
293	3
294	3
295	0
296	2
297	0
298	1,2
299	2
300	0
301	0,1
302	5,7
303	0
304	1
305	3
306	1,2
307	3
308	0,4,7
309	5
310	1
311	2,6
312	2
313	1
314	1
315	2,6
316	2
317	2
318	6
319	2
320	0
321	2,9
322	8
323	0
324	2
325	0
326	1
327	0,1,5
328	0,9
329	1
330	4
331	2,4
332	1
333	3
334	1
335	0
336	8
337	1
338	4
339	0
340	1
341	0
342	0
343	0
344	4
345	1
346	0,8
347	5,8
348	3
349	2
350	0
351	2
352	2
353	1
354	0
355	2
356	1,7
357	0
358	0
359	0
360	1
361	1
362	6
363	0,6
364	4
365	1
366	5
367	4
368	6
369	1,5
370	1
371	4
372	1
373	6
374	3
375	5
376	3,7
377	0
378	0
379	4
380	5
381	4
382	4
383	6
384	2
385	3
386	0
387	0,6,7
388	2
389	6
390	1,6
391	0,8
392	4
393	0
394	1
395	0
396	1
397	5
398	1,5,6
399	0
400	3,5
401	2
402	1
403	0,3,9
404	0
405	0
406	5
407	1
408	5
409	1
410	0
411	3
412	3,6
413	4
414	1,3
415	8
416	1
417	1,8
418	0
419	5
420	3,6
421	5
422	6
423	1
424	4
425	0
426	0
427	3,6
428	4
429	2,3
430	0
431	2
432	2
433	2
434	2
435	0
436	0
437	2
438	0
439	3
440	0,2
441	0
442	5
443	1,2
444	4
445	0,7
446	2
447	4
448	4,5
449	0,1
450	0
451	1
452	2
453	2,5
454	2
455	0
456	0
457	0
458	0,1
459	0
460	1
461	0
462	0
463	2,5
464	8
465	0
466	2
467	8
468	0,6
469	1
470	0
471	0
472	0
473	2
474	1
475	5
476	1
477	0
478	0
479	3
480	7
481	0
482	1
483	8
484	5
485	3
486	4,7
487	1
488	0
489	3
490	2
491	2
492	0
493	1
494	1
495	1
496	1
497	2
498	4,6,8
499	0
500	6
501	4
502	5
503	0
504	0
505	8
506	0
507	0
508	3
509	2
510	1
511	0
512	0
513	1
514	0
515	2
516	1
517	1
518	8
519	8,9
520	0
521	5
522	7
523	7
524	2
525	3,5,8
526	1
527	4
528	1
529	5
530	0
531	4
532	2
533	0
534	0,7
535	0
536	0
537	0
538	0
539	5
540	0,8
541	0
542	7
543	4
544	0
545	6
546	3
547	8
548	6
549	1,4,7,9
550	5
551	2
552	0,2
553	6
554	1
555	6,8
556	2
557	0
558	4
559	2,9
560	0
561	4
562	0
563	3,6
564	0,5
565	3
566	0
567	2
568	9
569	1
570	4
571	4
572	0
573	2,8
574	2
575	1,3
576	4
577	3
578	1
579	1
580	1
581	1
582	3
583	0
584	0
585	3
586	1
587	4,9
588	1
589	3
590	1,5,9
591	9
592	0,3,7
593	2
594	2
595	3
596	9
597	3,4
598	1,7
599	1
600	1
601	8
602	5
603	4
604	4
605	4
606	0,7
607	3,4,8
608	1
609	0
610	3
611	1
612	0
613	3
614	2
615	1
616	6
617	1
618	3
619	7
620	0,3,8
621	2
622	2
623	3
624	6
625	0
626	6
627	1,4
628	4,5
629	2
630	0
631	1
632	4
633	1
634	0
635	3
636	1
637	3
638	9
639	2
640	2
641	0,6
642	0
643	0
644	0
645	4
646	0
647	3
648	1
649	1
650	7
651	2
652	0
653	8
654	2,4,8
655	0
656	6
657	2
658	0,9
659	0
660	0,6
661	0
662	5
663	5
664	0,1,7
665	0
666	4
667	5
668	1
669	5
670	0
671	6
672	1,7
673	3,4
674	2,6
675	2
676	0
677	7
678	2
679	1,2,5
680	1
681	1
682	2,4
683	0
684	1
685	2
686	0
687	6,9
688	7,9
689	0
690	1,7,9
691	0
692	4
693	1
694	1
695	0
696	0,6
697	1
698	6
699	0,8
700	1
701	0
702	4
703	3
704	0
705	3
706	8
707	2
708	5
709	1,4
710	0
711	2
712	0
713	1
714	5
715	1
716	2
717	5
718	1
719	1
720	1,3
721	1
722	1
723	1
724	8
725	6
726	1
727	0
728	3
729	0
730	6
731	1
732	1
733	7
734	2,6
735	1
736	7
737	3
738	4
739	4,8
740	2
741	3
742	1
743	2,5
744	0
745	2
746	1
747	2
748	1
749	3
750	1
751	0
752	4
753	4,9
754	0
755	1
756	0
757	0
758	1,2,3,5
759	3
760	1
761	1
762	3
763	0
764	0
765	3
766	1
767	1
768	1
769	4,6
770	3,8
771	1
772	2
773	1
774	7
775	6
776	7
777	1
778	5
779	0
780	3
781	0
782	5
783	4
784	7
785	2,6
786	2
787	3
788	0
789	1
790	1,6
791	1,7
792	1
793	2
794	4
795	9
796	4
797	9
798	2
799	0,5
800	1
801	0
802	1
803	1
804	1,7
805	3
806	1
807	2
808	2
809	0
810	0
811	0
812	0
813	3
814	3
815	1
816	2
817	2
818	3,8
819	1,4
820	3
821	0
822	2
823	0
824	1
825	5
826	1
827	1
828	3
829	0
830	4
831	3
832	0
833	5,7
834	3,4,9
835	3
836	5
837	0
838	0
839	1
840	0
841	0
842	0
843	2
844	0
845	3,7
846	5
847	0
848	3
849	0
850	1
851	0
852	1
853	2
854	0
855	0
856	0
857	7
858	3
859	0
860	6
861	2,6,7
862	0
863	5
864	2
865	0
866	5,8
867	0
868	5
869	2
870	6
871	3
872	0
873	1
874	5
875	1
876	4
877	6
878	1
879	0
880	3
881	8
882	0
883	1
884	1
885	5
886	5
887	2
888	6,8
889	7
890	6
891	3,5,6
892	0
893	2
894	3
895	3
896	0
897	0
898	6
899	1
900	0
901	0
902	4
903	6
904	0
905	0
906	2
907	3,4
908	7
909	2
910	0
911	4
912	0
913	1
914	1,2
915	1
916	3
917	8,9
918	3
919	0
920	4
921	1
922	1
923	0
924	6
925	0
926	4
927	6
928	1
929	0,2
930	2
931	2
932	7
933	0
934	6
935	4
936	1
937	5
938	2
939	2
940	0
941	1
942	5
943	3
944	3
945	2
946	0,7
947	0
948	3,4
949	2
950	9
951	0,3
952	6
953	4
954	0
955	2
956	0
957	3
958	1
959	0
960	5
961	4
962	3
963	2
964	2
965	0
966	2
967	2
968	0
969	1,2
970	0
971	3
972	4
973	3
974	2
975	4
976	2
977	1
978	0
979	1
980	2
981	6
982	0
983	4
984	1
985	2
986	0
987	0
988	5
989	1
990	2
991	4
992	3
993	5
994	2
995	0
996	0
997	0
998	2,9
999	3,7
1000	5
1001	2
1002	1
1003	5
1004	0
1005	1
1006	0
1007	6
1008	5
1009	6
1010	0
1011	5
1012	2
1013	0
1014	0
1015	5
1016	2
1017	5
1018	3
1019	0
1020	8
1021	4
1022	2,4,9
1023	3,8
1024	4
1025	0
1026	2
1027	1
1028	1
1029	0
1030	1
1031	0
1032	1
1033	2,9
1034	4
1035	5
1036	0
1037	2
1038	0
1039	1
1040	3
1041	3
1042	4
1043	4
1044	0
1045	7
1046	7
1047	2
1048	5
1049	0
1050	2
1051	5
1052	1
1053	2
1054	1
1055	3
1056	2
1057	0
1058	4
1059	4
1060	0
1061	1
1062	2
1063	3
1064	2
1065	2
1066	2
1067	5,6
1068	1
1069	3,5,8
1070	0
1071	0,5
1072	2
1073	9
1074	0
1075	0,3
1076	1
1077	3
1078	8
1079	0
1080	3
1081	1
1082	0
1083	1
1084	2
1085	2,3,4
1086	3,4
1087	1
1088	2
1089	0
1090	5
1091	0
1092	2
1093	1
1094	2,4
1095	1
1096	0
1097	1
1098	1
1099	2
1100	0
1101	2
1102	4,6
1103	2
1104	4
1105	2
1106	1
1107	0
1108	7
1109	2,8
1110	1
1111	1,4
1112	7
1113	4
1114	1
1115	1
1116	3
1117	0
1118	0
1119	0
1120	0
1121	0
1122	8
1123	0
1124	0
1125	3
1126	8
1127	0
1128	0
1129	1
1130	0
1131	0
1132	7
1133	1
1134	3
1135	2
1136	2
1137	1,7
1138	9
1139	1
1140	2
1141	0
1142	1
1143	0
1144	0
1145	0
1146	0
1147	0
1148	3
1149	0,2,3,5,7
1150	1
1151	2,5
1152	3
1153	1
1154	5
1155	5
1156	0
1157	0
1158	2
1159	5
1160	1,3
1161	1
1162	0
1163	1
1164	2
1165	6
1166	7
1167	4
1168	0
1169	5
1170	0
1171	3
1172	1
1173	0
1174	1
1175	4,6
1176	7
1177	2
1178	0
1179	0
1180	0
1181	3
1182	0,2,5
1183	0
1184	2
1185	1
1186	0
1187	2
1188	1
1189	3
1190	0
1191	0
1192	5
1193	3
1194	3
1195	2
1196	5
1197	2
1198	0
1199	5
1200	1,8
1201	0
1202	1
1203	0
1204	5
1205	4
1206	2
1207	6
1208	2
1209	2
1210	1
1211	1
1212	0
1213	8
1214	2,6
1215	2
1216	7
1217	2
1218	3
1219	1
1220	0
1221	8
1222	3
1223	3
1224	1
1225	4
1226	1
1227	6
1228	2
1229	1
1230	4
1231	0
1232	1
1233	0
1234	1
1235	1
1236	1
1237	0
1238	1
1239	0
1240	0
1241	2
1242	1
1243	1,5
1244	1
1245	1
1246	4
1247	1
1248	1,2
1249	7
1250	3,4
1251	0
1252	2
1253	0
1254	2,3
1255	5
1256	0
1257	4
1258	0
1259	0
1260	1
1261	4
1262	0
1263	0
1264	0
1265	0
1266	0,8
1267	5
1268	1
1269	2,5
1270	1
1271	3
1272	1
1273	0
1274	5
1275	4
1276	1
1277	2
1278	0
1279	1
1280	0
1281	0
1282	1,5
1283	5
1284	3
1285	0
1286	0
1287	2
1288	0
1289	2
1290	2
1291	5
1292	5
1293	2
1294	1
1295	0
1296	4
1297	0
1298	2
1299	1
1300	4,6
1301	6
1302	2
1303	2
1304	2
1305	0
1306	9
1307	2
1308	5
1309	3
1310	7
1311	0
1312	6
1313	1
1314	4
1315	0
1316	3
1317	0
1318	0
1319	2
1320	0,8
1321	3
1322	1
1323	1
1324	3
1325	2
1326	0
1327	3
1328	1
1329	3,9
1330	2
1331	2
1332	6
1333	2
1334	1
1335	1,7
1336	2,6,7
1337	1
1338	1
1339	0
1340	0,1
1341	0
1342	0
1343	1
1344	0,4
1345	3,9
1346	1
1347	1
1348	4
1349	2
1350	4
1351	2
1352	2
1353	1
1354	1
1355	0,3
1356	1
1357	3,7
1358	1
1359	0
1360	1
1361	2
1362	1
1363	2
1364	1
1365	6
1366	1
1367	2,7,9
1368	1
1369	0
1370	1
1371	0
1372	1
1373	1
1374	2
1375	2
1376	0
1377	1
1378	3
1379	2
1380	1,8
1381	0
1382	2
1383	1
1384	1
1385	0
1386	4,7,8
1387	0
1388	1
1389	1
1390	1
1391	2
1392	0
1393	0
1394	3
1395	4
1396	2
1397	7
1398	2
1399	8
1400	2
1401	0
1402	0
1403	4
1404	1
1405	8
1406	1
1407	0
1408	0
1409	0
1410	1
1411	1
1412	0,8
1413	0
1414	0
1415	8
1416	4,7
1417	0
1418	0
1419	0
1420	1
1421	2
1422	3
1423	0
1424	1
1425	1
1426	1
1427	3
1428	0
1429	0
1430	5
1431	0
1432	2
1433	6,8
1434	0
1435	3
1436	5
1437	5
1438	3
1439	0,3
1440	0
1441	0
1442	0
1443	2
1444	2
1445	0
1446	2
1447	9
1448	0,1
1449	2
1450	7
1451	2
1452	0
1453	4
1454	2
1455	2,4
1456	0
1457	5
1458	3
1459	4
1460	0
1461	3
1462	3
1463	7
1464	3
1465	0
1466	0
1467	2,7
1468	5
1469	6
1470	0
1471	3
1472	2
1473	3
1474	1
1475	1
1476	3
1477	2
1478	3
1479	1
1480	0
1481	4
1482	2
1483	4
1484	2,3
1485	0,4
1486	1,7
1487	1
1488	0,8
1489	0,7
1490	0
1491	0
1492	1
1493	5,7,8
1494	0
1495	0
1496	1
1497	0
1498	8
1499	1
1500	5
1501	3
1502	4
1503	0
1504	0
1505	0
1506	4
1507	0
1508	0
1509	1
1510	2
1511	0
1512	0,2,4
1513	4
1514	0
1515	6
1516	0
1517	4
1518	0
1519	3
1520	2
1521	6
1522	2
1523	3
1524	0
1525	1
1526	4
1527	1
1528	1
1529	9
1530	1
1531	4
1532	0
1533	0
1534	2
1535	0
1536	0
1537	7
1538	2
1539	3
1540	0
1541	0
1542	1
1543	1
1544	3
1545	6
1546	5
1547	1
1548	1
1549	5
1550	2
1551	2
1552	0
1553	2
1554	0
1555	5
1556	4
1557	5,9
1558	0,3
1559	1
1560	0
1561	2
1562	0
1563	6
1564	5
1565	1
1566	4,7
1567	6
1568	1
1569	4
1570	1
1571	4
1572	0
1573	5
1574	1
1575	4
1576	0
1577	2
1578	4
1579	1
1580	0
1581	5
1582	1
1583	0
1584	9
1585	6
1586	0
1587	4
1588	0
1589	2
1590	0
1591	1,2,9
1592	4
1593	0
1594	1
1595	2
1596	7
1597	4
1598	0
1599	5
1600	1
1601	2
1602	3,4
1603	5
1604	0
1605	2
1606	0
1607	1
1608	6,8
1609	2
1610	3
1611	0
1612	2
1613	2
1614	7
1615	4
1616	3
1617	0
1618	2
1619	1
1620	2
1621	4
1622	1
1623	0,5,9
1624	1
1625	5
1626	2
1627	6
1628	2
1629	4
1630	3
1631	2
1632	2
1633	0
1634	8
1635	3
1636	1
1637	1
1638	2
1639	0
1640	1
1641	1
1642	0
1643	7
1644	8
1645	1
1646	5
1647	5
1648	1
1649	1
1650	3
1651	1
1652	1
1653	3
1654	4
1655	1
1656	1
1657	0
1658	1
1659	1
1660	8
1661	1
1662	0
1663	1
1664	0
1665	5
1666	0
1667	9
1668	0
1669	4,6
1670	0
1671	1
1672	0
1673	5
1674	2
1675	3,5
1676	7
1677	0
1678	2
1679	0
1680	1
1681	0
1682	1
1683	2
1684	6
1685	4
1686	2,7
1687	2
1688	1
1689	1
1690	0
1691	0
1692	3
1693	3
1694	0
1695	0
1696	3
1697	1
1698	3
1699	2
1700	0
1701	1
1702	1,7
1703	1
1704	0
1705	2
1706	0
1707	0
1708	6
1709	2
1710	0
1711	1
1712	0
1713	7
1714	0
1715	1,3
1716	2
1717	2
1718	1
1719	5,6
1720	1
1721	4
1722	1
1723	0
1724	2
1725	7
1726	4
1727	1
1728	0
1729	5
1730	1
1731	4
1732	4
1733	1
1734	5
1735	1
1736	0
1737	4
1738	1
1739	0
1740	6
1741	4
1742	0
1743	1
1744	2
1745	8
1746	0
1747	0
1748	0
1749	0
1750	0
1751	0
1752	1
1753	0
1754	0
1755	2
1756	2
1757	0
1758	3
1759	2
1760	1
1761	0
1762	3
1763	8
1764	0
1765	0
1766	2
1767	3
1768	4
1769	2
1770	0
1771	1
1772	0
1773	1
1774	0
1775	1
1776	7
1777	8
1778	5
1779	6
1780	5
1781	1
1782	0
1783	0
1784	0,3
1785	3,8
1786	5
1787	3
1788	0
1789	3
1790	9
1791	2
1792	1
1793	0
1794	2
1795	3
1796	1
1797	5
1798	3,6
1799	5
1800	2
1801	8
1802	2,7
1803	0
1804	1
1805	1
1806	1
1807	0
1808	0
1809	1
1810	2
1811	0
1812	8
1813	0
1814	0
1815	2
1816	0
1817	1
1818	4
1819	1
1820	1
1821	1
1822	0
1823	2
1824	2
1825	1
1826	0
1827	0
1828	2
1829	4
1830	2,4
1831	0
1832	1
1833	1
1834	2
1835	2
1836	0
1837	4
1838	0
1839	4
1840	1
1841	0
1842	2
1843	3
1844	2
1845	1
1846	3
1847	1,5
1848	4
1849	2
1850	4
1851	1
1852	7
1853	7
1854	0
1855	4
1856	2
1857	0
1858	0
1859	4
1860	6
1861	6
1862	5
1863	1
1864	1
1865	0
1866	4
1867	1
1868	0
1869	1
1870	3
1871	1
1872	2
1873	1
1874	0
1875	0
1876	4,5
1877	0
1878	0
1879	0
1880	1
1881	2
1882	2
1883	0
1884	0,2
1885	0
1886	2
1887	6
1888	1
1889	2
1890	0
1891	2
1892	1
1893	1
1894	0
1895	0
1896	6
1897	4
1898	3
1899	5
1900	5
1901	1
1902	5,9
1903	1
1904	3
1905	4
1906	4
1907	2
1908	1
1909	6
1910	6
1911	0
1912	5
1913	0
1914	1
1915	1
1916	2,8
1917	1
1918	0
1919	0
1920	2
1921	2
1922	5
1923	0
1924	6
1925	2
1926	0
1927	0
1928	1
1929	3
1930	0
1931	3
1932	1
1933	0
1934	0
1935	0
1936	0
1937	4
1938	1
1939	3
1940	0
1941	3,6
1942	1
1943	1
1944	0
1945	3
1946	1
1947	2
1948	0
1949	3
1950	5,6,7
1951	1
1952	3
1953	0
1954	1
1955	0
1956	4,9
1957	4
1958	1
1959	2,3
1960	2
1961	2
1962	2
1963	2,7
1964	1
1965	0
1966	3
1967	3
1968	4
1969	8
1970	1
1971	0
1972	1
1973	5
1974	0
1975	1
1976	5
1977	1,2
1978	1
1979	0
1980	1
1981	0
1982	6
1983	2
1984	1
1985	0
1986	8
1987	6
1988	1
1989	1
1990	0,7
1991	0
1992	6
1993	0
1994	1
1995	1
1996	4
1997	4,6
1998	2
1999	3
2000	8
2001	0
2002	5
2003	5
2004	0
2005	0
2006	2
2007	5
2008	2
2009	4
2010	8
2011	4
2012	0
2013	1
2014	5
2015	0
2016	0
2017	2
2018	0
2019	4,6
2020	4,6
2021	0
2022	1
2023	3
2024	5,7
2025	2
2026	0
2027	1
2028	0
2029	4
2030	7
2031	0
2032	0
2033	3
2034	1
2035	1
2036	7
2037	0
2038	6
2039	7
2040	5
2041	6
2042	9
2043	4
2044	2,4,8
2045	0
2046	5
2047	0
2048	0
2049	1,6
2050	9
2051	4
2052	2
2053	2
2054	2
2055	1
2056	3
2057	3
2058	5
2059	5
2060	1
2061	0
2062	4
2063	4
2064	0
2065	2
2066	0
2067	2
2068	3
2069	0
2070	2
2071	0
2072	2
2073	3
2074	7
2075	0
2076	0
2077	4,8
2078	3
2079	6
2080	1
2081	3
2082	8
2083	2
2084	0
2085	1
2086	1
2087	1
2088	2
2089	0
2090	0
2091	2
2092	0
2093	1
2094	1
2095	3
2096	5
2097	0
2098	0
2099	6
2100	1
2101	0
2102	6
2103	0,4
2104	0
2105	3
2106	3
2107	0
2108	2
2109	4
2110	0
2111	0
2112	2
2113	2
2114	2
2115	0
2116	0
2117	5
2118	3
2119	1
2120	2
2121	4
2122	0
2123	0
2124	1
2125	1,4
2126	1
2127	4
2128	1
2129	8
2130	5
2131	0
2132	0
2133	7
2134	0
2135	0
2136	1
2137	1
2138	2
2139	2
2140	4
2141	0
2142	1
2143	2
2144	2
2145	1
2146	2
2147	4
2148	1
2149	1
2150	4
2151	1
2152	0
2153	5
2154	2
2155	3
2156	0
2157	1
2158	2
2159	2
2160	4
2161	4
2162	3
2163	1
2164	8
2165	0
2166	0
2167	4
2168	2
2169	0
2170	2,8
2171	3
2172	0
2173	7
2174	4
2175	0
2176	0
2177	0
2178	3
2179	7
2180	1
2181	1
2182	0
2183	3
2184	4
2185	6
2186	0
2187	4
2188	5
2189	1
2190	0
2191	0
2192	5
2193	1
2194	4
2195	2
2196	3
2197	0
2198	1
2199	3
2200	0
2201	0
2202	0
2203	4
2204	2
2205	6
2206	1
2207	7
2208	2
2209	0,4
2210	2
2211	1
2212	0
2213	8,9
2214	6
2215	4
2216	0
2217	0
2218	3
2219	0
2220	1
2221	1
2222	0
2223	0
2224	4
2225	2,3,8
2226	0
2227	7
2228	0
2229	1
2230	0
2231	0
2232	6
2233	3
2234	6
2235	0
2236	0,8
2237	1
2238	0
2239	0
2240	3
2241	8
2242	5
2243	0
2244	0
2245	0
2246	9
2247	2
2248	0
2249	0
2250	2
2251	0
2252	6
2253	5
2254	2
2255	3
2256	0
2257	1
2258	4
2259	1
2260	1
2261	1
2262	0
2263	4
2264	3
2265	1
2266	0
2267	5
2268	1
2269	0,8
2270	0
2271	1
2272	9
2273	0
2274	1
2275	0
2276	1
2277	0
2278	2
2279	3
2280	2
2281	1
2282	0
2283	2
2284	3
2285	2
2286	1
2287	0
2288	2
2289	7
2290	1
2291	5
2292	5
2293	1
2294	1
2295	2
2296	0
2297	1
2298	5
2299	0
2300	1
2301	1
2302	2
2303	4
2304	4
2305	1
2306	1
2307	0
2308	1
2309	1
2310	0
2311	2
2312	4
2313	1
2314	3
2315	8
2316	6
2317	2
2318	8
2319	1
2320	2
2321	4
2322	3
2323	0
2324	4,7
2325	1
2326	1
2327	0
2328	2
2329	3
2330	4,8,9
2331	1
2332	0
2333	2
2334	7,9
2335	0
2336	0
2337	1
2338	2
2339	0
2340	1
2341	1
2342	0
2343	0
2344	0
2345	7
2346	0
2347	0
2348	7
2349	2
2350	1
2351	0
2352	0
2353	1
2354	4
2355	0
2356	0
2357	3
2358	1
2359	0
2360	0
2361	2
2362	1
2363	4
2364	1
2365	0
2366	0
2367	4
2368	1
2369	1
2370	2
2371	5
2372	1
2373	1
2374	1
2375	1
2376	1
2377	2
2378	1
2379	0
2380	2
2381	1
2382	2
2383	1
2384	0
2385	4
2386	2
2387	5
2388	6
2389	0
2390	0
2391	2
2392	0
2393	0
2394	1
2395	4
2396	2
2397	0
2398	3
2399	3
2400	0
2401	2
2402	3
2403	1
2404	2
2405	0
2406	0
2407	6
2408	0,2
2409	1
2410	4
2411	0
2412	7
2413	5
2414	2
2415	5
2416	2
2417	1
2418	8
2419	1
2420	4
2421	0
2422	3
2423	0
2424	2
2425	1
2426	2
2427	0
2428	0
2429	3
2430	0
2431	3
2432	0
2433	1
2434	2
2435	0
2436	5
2437	6
2438	0
2439	1
2440	1
2441	3
2442	1
2443	2
2444	5
2445	3
2446	2
2447	0
2448	1
2449	1
2450	2
2451	0
2452	2
2453	2
2454	3
2455	3
2456	0
2457	1
2458	1
2459	1
2460	1
2461	1
2462	1
2463	4
2464	7
2465	1
2466	0
2467	1
2468	0,3
2469	1
2470	5,9
2471	0
2472	1
2473	1
2474	4
2475	3
2476	1
2477	7
2478	0
2479	1
2480	4
2481	1
2482	2
2483	4
2484	0
2485	4
2486	2
2487	3
2488	4
2489	0
2490	0
2491	2
2492	7
2493	0
2494	2
2495	6
2496	1
2497	1
2498	2
2499	0
2500	0
2501	0
2502	2
2503	1
2504	1
2505	1,7
2506	0
2507	4
2508	6
2509	0
2510	0
2511	0
2512	3
2513	3
2514	2
2515	1
2516	1,4
2517	8
2518	2
2519	5
2520	0
2521	1
2522	6
2523	2
2524	2
2525	8
2526	3
2527	8
2528	9
2529	0
2530	0
2531	9
2532	1
2533	6
2534	0
2535	1
2536	6
2537	2
2538	2
2539	0
2540	3
2541	0
2542	0
2543	4
2544	1
2545	1
2546	9
2547	2
2548	3
2549	1
2550	0
2551	0
2552	3
2553	1
2554	0
2555	1
2556	0
2557	3
2558	6
2559	0
2560	0
2561	2
2562	1
2563	2
2564	6
2565	2
2566	1
2567	2
2568	2
2569	5
2570	0
2571	0
2572	2
2573	0
2574	1
2575	7
2576	1
2577	0
2578	1
2579	6
2580	3
2581	0
2582	0
2583	7
2584	0
2585	1
2586	0
2587	5
2588	0
2589	7
2590	0
2591	0
2592	6
2593	2
2594	3
2595	2
2596	8
2597	4
2598	9
2599	0
2600	3
2601	1
2602	1
2603	1
2604	6
2605	5
2606	3
2607	1
2608	1
2609	1
2610	1
2611	1
2612	7
2613	4
2614	7
2615	0
2616	1
2617	0
2618	3
2619	0
2620	2
2621	5
2622	4
2623	2
2624	1
2625	3
2626	4
2627	0
2628	1
2629	7
2630	1
2631	2
2632	2
2633	3
2634	1
2635	1
2636	0
2637	0
2638	0
2639	0
2640	1
2641	1
2642	6
2643	6
2644	0
2645	0
2646	1
2647	1
2648	1
2649	2
2650	4
2651	0
2652	5
2653	1
2654	2
2655	4
2656	8
2657	3
2658	0
2659	3
2660	1
2661	1
2662	0
2663	2
2664	6
2665	5
2666	0
2667	3
2668	0
2669	0
2670	0
2671	2
2672	2
2673	3
2674	1
2675	0
2676	0
2677	6
2678	4
2679	0
2680	0
2681	0,4
2682	0
2683	1
2684	0
2685	3
2686	6
2687	0
2688	0
2689	2
2690	0
2691	0
2692	1
2693	0
2694	5
2695	3
2696	2
2697	8
2698	0
2699	0
2700	5
2701	0
2702	6
2703	0
2704	1
2705	2
2706	1
2707	2
2708	2
2709	0
2710	2
2711	5
2712	0
2713	0
2714	4
2715	0
2716	0
2717	1
2718	0
2719	7
2720	3
2721	3
2722	2
2723	0
2724	2
2725	0
2726	4
2727	4
2728	3,4
2729	0
2730	9
2731	0
2732	3
2733	5
2734	1
2735	2,8
2736	7
2737	1
2738	3
2739	3
2740	3
2741	0
2742	6
2743	2,3
2744	8
2745	3
2746	1
2747	8
2748	2
2749	3
2750	1
2751	2
2752	5
2753	1
2754	4
2755	1
2756	2
2757	2
2758	4
2759	2
2760	5
2761	0
2762	4
2763	0
2764	0
2765	0
2766	9
2767	4
2768	1
2769	4
2770	0
2771	1
2772	5
2773	8
2774	5
2775	1
2776	2
2777	2
2778	3
2779	0
2780	0
2781	0
2782	0
2783	6
2784	4
2785	2
2786	2
2787	2
2788	0
2789	4
2790	0
2791	0
2792	0
2793	1
2794	1
2795	4
2796	0
2797	5
2798	0
2799	2
2800	0
2801	2
2802	0
2803	0
2804	1
2805	0
2806	1
2807	5
2808	6
2809	0
2810	1
2811	0
2812	4
2813	1
2814	1
2815	9
2816	0
2817	0
2818	0
2819	3
2820	1
2821	3
2822	2
2823	0
2824	4
2825	4
2826	0
2827	4
2828	0
2829	3
2830	5
2831	6
2832	7
2833	0
2834	0
2835	0
2836	4
2837	0
2838	1
2839	1
2840	5
2841	0
2842	8
2843	2
2844	6
2845	3
2846	7
2847	2
2848	3
2849	1
2850	2
2851	2
2852	1
2853	1
2854	0
2855	1
2856	0
2857	1
2858	3,4
2859	0
2860	0
2861	2
2862	4
2863	0
2864	2
2865	1
2866	0
2867	0
2868	0
2869	2
2870	4
2871	0
2872	4
2873	3
2874	1
2875	0
2876	2
2877	0
2878	3
2879	3
2880	2
2881	5
2882	8
2883	3
2884	0
2885	2
2886	1
2887	1
2888	0
2889	0
2890	0
2891	2
2892	6
2893	4
2894	0
2895	0
2896	7
2897	7
2898	1
2899	0
2900	6
2901	0
2902	0
2903	0
2904	1
2905	3
2906	0
2907	1
2908	4
2909	3
2910	0
2911	1
2912	2
2913	5
2914	3
2915	0
2916	0
2917	5,6
2918	1
2919	0
2920	1
2921	8
2922	2
2923	1
2924	0
2925	2
2926	1
2927	1
2928	1
2929	3,7
2930	0
2931	6
2932	3
2933	3
2934	2
2935	6
2936	0
2937	4
2938	2
2939	4
2940	1
2941	0
2942	6
2943	6,7
2944	0
2945	7
2946	4
2947	0
2948	0
2949	1
2950	0
2951	1
2952	4
2953	0
2954	3
2955	0
2956	0
2957	0
2958	3
2959	7
2960	5
2961	5
2962	0,7
2963	0,2
2964	1
2965	0
2966	4
2967	1
2968	0,6
2969	7
2970	0
2971	7
2972	1
2973	7
2974	2
2975	4
2976	0
2977	1
2978	2
2979	0
2980	1
2981	0
2982	0
2983	1
2984	1
2985	0
2986	0
2987	1
2988	6
2989	0
2990	1
2991	0
2992	0
2993	0
2994	4
2995	0
2996	0
2997	2
2998	0
2999	7
3000	1
3001	2
3002	2
3003	0
3004	3
3005	3
3006	5
3007	0
3008	0
3009	4
3010	0
3011	1
3012	2
3013	1
3014	2
3015	2
3016	1
3017	1
3018	0
3019	2
3020	5
3021	0
3022	1
3023	3
3024	2
3025	3
3026	3
3027	5
3028	5
3029	3
3030	1
3031	3
3032	6
3033	1
3034	2
3035	0
3036	9
3037	0
3038	2
3039	0
3040	7
3041	9
3042	2
3043	6
3044	0
3045	0
3046	6
3047	4
3048	1
3049	2,5,9
3050	2
3051	2
3052	3
3053	2
3054	2
3055	0
3056	2
3057	1
3058	6
3059	3
3060	0
3061	5
3062	1
3063	2
3064	0
3065	3
3066	3
3067	4
3068	1
3069	0
3070	1
3071	3
3072	1
3073	2,6
3074	3
3075	0
3076	3
3077	2
3078	1
3079	0
3080	5
3081	0
3082	0
3083	0
3084	2
3085	0
3086	1
3087	3
3088	4
3089	2
3090	4
3091	1
3092	3
3093	2
3094	2
3095	7
3096	4
3097	4
3098	1
3099	0
3100	1
3101	0
3102	1
3103	3
3104	7
3105	0
3106	0
3107	3
3108	3
3109	6
3110	3
3111	1
3112	7
3113	0
3114	1
3115	1
3116	1
3117	1
3118	0
3119	0
3120	0
3121	3
3122	1
3123	2
3124	0
3125	6,9
3126	6
3127	0
3128	2
3129	7
3130	0
3131	3
3132	7,9
3133	7
3134	2
3135	2
3136	1
3137	1
3138	1
3139	1
3140	8
3141	0
3142	1
3143	3
3144	1
3145	4
3146	3
3147	0,4
3148	1
3149	0
3150	9
3151	1
3152	0
3153	0
3154	3
3155	9
3156	7
3157	2
3158	3
3159	1
3160	2
3161	3
3162	4
3163	7
3164	2
3165	1
3166	1
3167	3
3168	3
3169	0
3170	1
3171	7,8
3172	3
3173	5
3174	0
3175	8
3176	4
3177	1
3178	6
3179	2
3180	1
3181	2
3182	2
3183	4
3184	5
3185	3
3186	3
3187	0
3188	2
3189	3
3190	5
3191	3
3192	2
3193	1
3194	0
3195	3
3196	1
3197	4
3198	1
3199	0
3200	5
3201	1
3202	9
3203	0
3204	3
3205	1
3206	9
3207	0
3208	8
3209	1
3210	7
3211	0
3212	8
3213	0
3214	0
3215	1,5
3216	7
3217	4
3218	1
3219	4
3220	5
3221	2
3222	4
3223	1
3224	0
3225	0
3226	0
3227	2
3228	1
3229	0
3230	3
3231	6
3232	1
3233	1
3234	3
3235	0
3236	2
3237	9
3238	1
3239	1
3240	2
3241	0
3242	1
3243	0
3244	0
3245	5
3246	8
3247	5
3248	0
3249	2
3250	0
3251	1
3252	2
3253	1
3254	0
3255	2
3256	1
3257	7
3258	0
3259	0
3260	0
3261	2
3262	0
3263	2
3264	6
3265	0,7
3266	2
3267	0
3268	0
3269	0
3270	0
3271	6
3272	3
3273	1
3274	5
3275	5
3276	4
3277	0
3278	0
3279	1
3280	0
3281	1
3282	1
3283	0
3284	0
3285	2
3286	3
3287	1
3288	0
3289	0
3290	1
3291	3
3292	0
3293	2
3294	5
3295	3
3296	3
3297	0
3298	7
3299	0
3300	4
3301	1
3302	2
3303	1
3304	0
3305	0
3306	1
3307	0
3308	3
3309	4
3310	0
3311	4
3312	4
3313	1
3314	0
3315	1
3316	0
3317	5
3318	4
3319	0
3320	3
3321	8
3322	0
3323	6
3324	4
3325	0
3326	2
3327	1
3328	7
3329	7
3330	0
3331	0
3332	0
3333	7
3334	1
3335	0
3336	3
3337	0
3338	2
3339	8
3340	4
3341	7
3342	0
3343	1
3344	2
3345	4
3346	9
3347	5
3348	1
3349	0
3350	6
3351	4
3352	8
3353	3
3354	3
3355	0
3356	0
3357	7
3358	0
3359	7
3360	3
3361	2
3362	2
3363	1
3364	6
3365	4,7
3366	2
3367	0
3368	3
3369	3
3370	4
3371	5
3372	5
3373	4
3374	0
3375	0
3376	0
3377	3
3378	0
3379	9
3380	0
3381	1
3382	1
3383	0
3384	3
3385	0
3386	8
3387	1
3388	2
3389	5
3390	6
3391	1
3392	4
3393	0
3394	2
3395	2
3396	3
3397	0
3398	0
3399	0
3400	1
3401	0
3402	0
3403	1
3404	1
3405	6
3406	0
3407	0
3408	1
3409	3
3410	0
3411	2
3412	8
3413	2
3414	0
3415	0
3416	0
3417	1
3418	0
3419	2
3420	3
3421	0
3422	2
3423	5
3424	0
3425	6
3426	2
3427	1
3428	0
3429	0
3430	7
3431	0
3432	0
3433	7
3434	5
3435	1
3436	1
3437	4
3438	1
3439	0
3440	5
3441	0
3442	1
3443	1,3,5,6
3444	4
3445	1
3446	2
3447	0
3448	0
3449	6
3450	0
3451	2
3452	0
3453	1
3454	1
3455	2
3456	2
3457	8
3458	7
3459	1
3460	0
3461	2
3462	0
3463	0
3464	2
3465	6
3466	4
3467	0
3468	5
3469	3
3470	1
3471	1
3472	2
3473	0
3474	1
3475	0
3476	1
3477	0
3478	0
3479	2
3480	2
3481	0
3482	3
3483	1
3484	0
3485	0
3486	3
3487	4
3488	7
3489	2
3490	0
3491	1
3492	9
3493	7
3494	0
3495	0
3496	2
3497	3
3498	1
3499	7
3500	4
3501	2
3502	0
3503	4
3504	7
3505	0
3506	0
3507	0
3508	0
3509	1
3510	6
3511	8
3512	0
3513	6
3514	6
3515	3
3516	0
3517	1
3518	3
3519	2
3520	1
3521	1
3522	0
3523	7
3524	3
3525	0
3526	1
3527	0
3528	4
3529	0
3530	1
3531	0
3532	5
3533	1
3534	2
3535	5
3536	4
3537	0,7
3538	1
3539	6
3540	6
3541	2
3542	0
3543	3
3544	1
3545	0
3546	7
3547	1
3548	3
3549	3
3550	2
3551	0
3552	0
3553	0
3554	1
3555	0
3556	0
3557	0
3558	0
3559	0
3560	1
3561	4
3562	1
3563	0
3564	0
3565	7
3566	2
3567	2
3568	2
3569	0
3570	3
3571	3
3572	0
3573	3
3574	2
3575	1
3576	0
3577	4
3578	0
3579	0
3580	0
3581	0
3582	2
3583	1
3584	1
3585	2
3586	0
3587	3
3588	0
3589	2
3590	1
3591	0
3592	2
3593	0
3594	2
3595	3
3596	2
3597	1
3598	9
3599	0
3600	1
3601	2
3602	5
3603	2,5
3604	1
3605	2,9
3606	4
3607	0
3608	0
3609	1
3610	2
3611	2
3612	8
3613	7
3614	2
3615	3
3616	7
3617	7
3618	2
3619	0
3620	0,4
3621	0
3622	0
3623	0
3624	7
3625	0
3626	0
3627	1
3628	4
3629	4
3630	2
3631	1
3632	0
3633	3
3634	0
3635	2
3636	1
3637	1
3638	0
3639	1
3640	0
3641	4
3642	0
3643	1
3644	2
3645	9
3646	4
3647	1
3648	2
3649	6
3650	7
3651	3,4
3652	1
3653	3
3654	0
3655	1
3656	0
3657	0
3658	3
3659	1
3660	4,6,9
3661	1
3662	3
3663	0
3664	0
3665	0
3666	2
3667	0
3668	8
3669	0
3670	0
3671	0
3672	1
3673	1
3674	0
3675	0
3676	9
3677	2
3678	1
3679	4
3680	1
3681	4
3682	1
3683	3
3684	5
3685	4
3686	0
3687	4
3688	9
3689	2
3690	1
3691	4
3692	5
3693	5
3694	0
3695	5
3696	2
3697	4
3698	5
3699	1
3700	1
3701	1
3702	1
3703	9
3704	4
3705	1,8
3706	3
3707	0,9
3708	3
3709	1
3710	3
3711	8
3712	6
3713	2
3714	1,9
3715	2
3716	2
3717	3,6
3718	0
3719	0
3720	0
3721	2
3722	2
3723	5
3724	4
3725	0
3726	1
3727	2
3728	8
3729	4
3730	6
3731	0
3732	1
3733	0
3734	1
3735	5
3736	0
3737	2
3738	2
3739	0
3740	7
3741	3
3742	3
3743	1
3744	5
3745	6
3746	5
3747	5
3748	0
3749	0,6
3750	0,5
3751	6
3752	0
3753	4
3754	3
3755	6
3756	0
3757	3
3758	1
3759	1
3760	2
3761	0
3762	1
3763	0
3764	4
3765	5
3766	5
3767	4
3768	0
3769	4
3770	4
3771	7
3772	2
3773	1
3774	4
3775	1
3776	1
3777	1
3778	2,4
3779	1
3780	3
3781	0
3782	4
3783	0
3784	1
3785	3
3786	3
3787	9
3788	1
3789	8
3790	1
3791	5
3792	6
3793	1
3794	0
3795	1
3796	5
3797	8
3798	3
3799	0
3800	1
3801	3
3802	0
3803	2
3804	1
3805	4
3806	1
3807	0
3808	1
3809	1
3810	2
3811	7
3812	0
3813	1
3814	6
3815	2
3816	9
3817	0
3818	0
3819	1
3820	0
3821	0
3822	2
3823	3
3824	0
3825	1
3826	1
3827	0
3828	2
3829	0
3830	7
3831	2
3832	1
3833	2
3834	1
3835	0
3836	4
3837	1
3838	2,3
3839	1
3840	6
3841	6
3842	3
3843	0
3844	0
3845	3
3846	0
3847	0
3848	4
3849	4
3850	1
3851	1
3852	4
3853	0
3854	1
3855	4
3856	0
3857	1
3858	0
3859	1
3860	7
3861	3
3862	2
3863	1
3864	1
3865	0
3866	3,7
3867	0
3868	2
3869	1,2
3870	2
3871	0
3872	0
3873	1
3874	0
3875	1
3876	5
3877	0
3878	2
3879	4
3880	1
3881	0
3882	5
3883	2
3884	1
3885	8
3886	4,8
3887	0
3888	1
3889	1
3890	5
3891	8
3892	3
3893	0
3894	4
3895	7
3896	2
3897	7
3898	5
3899	3
3900	1,8
3901	2
3902	4
3903	2
3904	1
3905	5
3906	2
3907	4
3908	1
3909	7
3910	6
3911	0
3912	0
3913	6
3914	0
3915	2
3916	4
3917	1
3918	1
3919	0
3920	0
3921	0
3922	0
3923	0
3924	2
3925	1
3926	5
3927	0
3928	0
3929	0
3930	1
3931	3
3932	1
3933	1
3934	6
3935	1
3936	1
3937	9
3938	3
3939	4
3940	0
3941	1
3942	0
3943	4
3944	0
3945	0
3946	0
3947	2
3948	0
3949	3
3950	2
3951	0
3952	3
3953	4,6
3954	1
3955	0
3956	0
3957	2
3958	0
3959	2
3960	0
3961	1
3962	1
3963	1
3964	4
3965	4
3966	3
3967	6
3968	3
3969	1
3970	5
3971	1
3972	2
3973	0
3974	3
3975	3
3976	1
3977	0
3978	0
3979	2
3980	3
3981	6
3982	3
3983	0
3984	9
3985	1
3986	0
3987	9
3988	0
3989	3
3990	1
3991	5,7
3992	0
3993	1
3994	5
3995	0
3996	5
3997	3
3998	0
3999	6,8
4000	2
4001	0
4002	0
4003	3
4004	1
4005	1
4006	1
4007	2
4008	1
4009	0
4010	2
4011	3
4012	2
4013	4
4014	1
4015	4
4016	2
4017	6,9
4018	7
4019	3
4020	0
4021	4,7
4022	0
4023	6
4024	0
4025	2
4026	1
4027	5
4028	2
4029	0
4030	6
4031	4
4032	0
4033	6
4034	0
4035	4
4036	1
4037	0
4038	4
4039	0
4040	1
4041	2
4042	0
4043	1
4044	0
4045	2
4046	0
4047	2
4048	0
4049	1
4050	0
4051	5
4052	0
4053	1
4054	2
4055	0
4056	2
4057	2
4058	5,7
4059	1
4060	1
4061	7
4062	1
4063	1
4064	5
4065	7
4066	2
4067	0
4068	6
4069	2
4070	0
4071	1
4072	2
4073	3
4074	1
4075	1
4076	1
4077	4
4078	2
4079	1,3
4080	3
4081	1
4082	0
4083	3
4084	4
4085	1
4086	3
4087	3
4088	0
4089	5
4090	2
4091	3
4092	4
4093	1,9
4094	0
4095	2
4096	1,5
4097	4
4098	0
4099	0
4100	1
4101	0
4102	0
4103	0
4104	1
4105	0
4106	5
4107	0
4108	2
4109	0
4110	1
4111	1
4112	0
4113	1
4114	7
4115	9
4116	3
4117	0
4118	3
4119	0
4120	3
4121	1
4122	2
4123	4
4124	4
4125	1
4126	1
4127	7
4128	0
4129	0
4130	1
4131	1
4132	0
4133	1
4134	5,9
4135	1
4136	2
4137	4
4138	1
4139	1
4140	4
4141	4
4142	0
4143	3
4144	3
4145	0
4146	0
4147	1
4148	1
4149	3
4150	0
4151	1
4152	1
4153	6
4154	2
4155	1
4156	0
4157	5
4158	0
4159	1
4160	0
4161	0
4162	4
4163	2
4164	0
4165	0
4166	3
4167	2
4168	0
4169	1
4170	1
4171	7
4172	1
4173	1
4174	4
4175	8
4176	1
4177	4
4178	2
4179	0
4180	9
4181	5
4182	1
4183	4
4184	3
4185	0
4186	7
4187	1
4188	6
4189	1
4190	5
4191	0
4192	8
4193	5
4194	0
4195	2
4196	0
4197	3
4198	6
4199	1
4200	0
4201	3
4202	1
4203	4
4204	0
4205	4
4206	3
4207	0
4208	0
4209	8
4210	3
4211	2
4212	1
4213	2
4214	1,3
4215	1
4216	0
4217	0
4218	4
4219	5
4220	2
4221	7
4222	0
4223	6
4224	2
4225	0
4226	2
4227	0
4228	3
4229	3
4230	0
4231	2
4232	2
4233	3
4234	1
4235	2
4236	5
4237	3
4238	0
4239	4
4240	0
4241	1
4242	5
4243	0
4244	0
4245	5
4246	1
4247	1
4248	3
4249	4
4250	0
4251	7
4252	0,5,7
4253	0
4254	2
4255	2
4256	3
4257	3
4258	0
4259	5
4260	0
4261	0
4262	5,7
4263	5
4264	0
4265	5
4266	1
4267	0
4268	2
4269	0
4270	0
4271	0
4272	5
4273	0
4274	4
4275	0
4276	0
4277	1
4278	2
4279	6
4280	2
4281	1
4282	2
4283	0
4284	0
4285	5
4286	2
4287	3
4288	8
4289	0
4290	1
4291	0
4292	5
4293	9
4294	1
4295	2
4296	3
4297	2
4298	2
4299	2
4300	0
4301	4
4302	0
4303	7
4304	1
4305	3
4306	0
4307	2,9
4308	1
4309	1
4310	0
4311	0
4312	6
4313	1
4314	0
4315	1
4316	0
4317	6
4318	2
4319	4
4320	2
4321	0
4322	4
4323	0
4324	2
4325	0
4326	1
4327	0
4328	2
4329	2
4330	1
4331	4,6
4332	1
4333	3
4334	0
4335	0
4336	2
4337	0
4338	3
4339	0
4340	5
4341	5
4342	2
4343	4
4344	7
4345	3
4346	3
4347	1
4348	5
4349	0
4350	1
4351	1
4352	1
4353	1
4354	9
4355	7
4356	1
4357	3
4358	0
4359	4
4360	5
4361	3
4362	0
4363	5
4364	3
4365	4
4366	2
4367	3
4368	2
4369	3,4
4370	0
4371	1
4372	0
4373	0
4374	2
4375	0
4376	2
4377	4
4378	5,9
4379	4
4380	1
4381	7
4382	4
4383	1
4384	0
4385	0,9
4386	1
4387	0
4388	0
4389	1
4390	5,6
4391	0
4392	7
4393	2
4394	0
4395	0
4396	0
4397	0,1,2,3,4,6,7,8,9
4398	0,1,2,3,4,5,6,7,8,9
4399	0,2
4400	0
4401	0
4402	0
4403	0
4404	0
4405	2
4406	2
4407	2
4408	2
4409	2
4410	6
4411	6
4412	6
4413	6
4414	6
4415	9
4416	9
4417	9
4418	9
4419	9
4420	8
4421	8
4422	8
4423	8
4424	8
