ATT0(string,9);ATT1(float,10);ATT2(string,10);
aaaaaaa;0.301,0.543,0.213,0.501,0.342,0.41,0.924,0.578,0.813,0.142;a;
a;0.5,0.411,0.26,0.694,0.26,0.204,0.822,0.57,0.495,0.751;a;
aaa;0.362,0.924,0.322,0.399,0.647,0.592,0.485,0.244,0.953,0.165;aaaaaa;
a;0.218,0.635,0.403,0.486,0.827,0.978,0.921,0.805,0.628,0.355;a;
aa;0.937,0.852,0.949,0.269,0.401,0.137,0.476,0.635,0.346,0.428;aaaaaaaa;
aaaaaaaaa;0.369,0.654,0.489,0.813,0.285,0.541,0.8,0.00191,0.472,0.887;aaaa;
aaaaaaa;0.709,0.446,0.578,0.213,0.711,0.425,0.392,0.344,0.244,0.394;aaaaaaaaaa;
aaaaaaaaa;0.513,0.845,0.0594,0.277,0.716,0.22,0.0551,0.101,0.782,0.345;aaaaaaaaaa;
aaa;0.891,0.0146,0.64,0.448,0.107,0.976,0.512,0.388,0.232,0.231;aaaaaaaaa;
a;0.263,0.942,0.544,0.655,0.987,0.553,0.0581,0.46,0.629,0.988;aaaaaaaaaa;
aaa;0.451,0.653,0.101,0.811,0.0655,0.152,0.267,0.527,0.947,0.672;aaaaaa;
aaaa;0.291,0.564,0.719,0.527,0.42,0.819,0.732,0.323,0.201,0.0338;aaaaaaaa;
aaaaaaa;0.172,0.201,0.909,0.521,0.174,0.964,0.324,0.44,0.366,0.511;aaaaaaaa;
aaaaa;0.0862,0.416,0.345,0.685,0.78,0.905,0.948,0.188,0.781,0.149;aaaaaaaaaa;
aaa;0.31,0.19,0.918,0.826,0.414,0.433,0.639,0.814,0.447,0.815;aaaaaaaa;
aaaaa;0.0613,0.179,0.722,0.691,0.0592,0.296,0.15,0.407,0.311,0.674;aaa;
aaaaaaa;0.176,0.837,0.511,0.0293,0.788,0.995,0.754,0.702,0.706,0.22;aaaaaaaaa;
aaa;0.188,0.914,0.752,0.0194,0.254,0.121,0.12,0.152,0.818,0.743;aaaaaaaa;
a;0.167,0.0637,0.0412,0.362,0.885,0.0364,0.179,0.87,0.204,0.828;aaaaaa;
a;0.00689,0.935,0.0801,0.511,0.297,0.818,0.307,0.2,0.17,0.658;aaaaaaa;
aa;0.699,0.0967,0.479,0.17,0.747,0.00063,0.943,0.96,0.677,0.801;a;
aaaaaaaaa;0.27,0.648,0.594,0.237,0.155,0.103,0.152,0.219,0.985,0.0506;aaaaaa;
aaa;0.511,0.334,0.937,0.738,0.465,0.577,0.149,0.674,0.283,0.383;aa;
aaaaa;0.573,0.931,0.0896,0.316,0.664,0.614,0.182,0.336,0.623,0.665;aaaaaa;
aaaaa;0.0887,0.224,0.705,0.507,0.971,0.0596,0.371,0.0157,0.159,0.172;aaaa;
aaaaa;0.462,0.706,0.842,0.715,0.139,0.696,0.598,0.293,0.518,0.496;aaaaaaa;
aaaaaaa;0.222,0.11,0.599,0.649,0.875,0.651,0.598,0.454,0.667,0.381;a;
aa;0.712,0.442,0.405,0.656,0.0348,0.29,0.827,0.478,0.157,0.397;aaaaaaaaaa;
aaaaaaa;0.813,0.4,0.884,0.393,0.499,0.852,0.378,0.936,0.549,0.703;aaaaaaaa;
aaa;0.917,0.317,0.833,0.541,0.761,0.425,0.72,0.253,0.612,0.389;aaa;
a;0.811,0.119,0.669,0.233,0.514,0.544,0.385,0.288,0.135,0.908;aaa;
aa;0.875,0.567,0.247,0.275,0.0894,0.41,0.509,0.627,0.203,0.928;aaaaaaaaa;
aaa;0.0554,0.725,0.291,0.893,0.322,0.611,0.795,0.758,0.764,0.0965;aa;
aaaaaaa;0.423,0.493,0.577,0.701,0.142,0.00933,0.574,0.127,0.518,0.195;aaaaaaaa;
a;0.481,0.53,0.989,0.441,0.074,0.132,0.419,0.0367,0.112,0.314;aaa;
aa;0.5,0.982,0.66,0.181,0.14,0.645,0.00428,0.93,0.687,0.911;aaaaaaa;
aaaa;0.248,0.737,0.443,0.812,0.917,0.799,0.166,0.249,0.457,0.441;aaaa;
aaa;0.505,0.206,0.837,0.845,0.429,0.489,0.739,0.731,0.933,0.000784;aaaaaaaaaa;
aaa;0.259,0.591,0.733,0.21,0.685,0.684,0.793,0.11,0.816,0.246;aaaaa;
aaaaaaa;0.236,0.769,0.934,0.163,0.0359,0.347,0.321,0.621,0.71,0.677;aaaaaa;
aaaaaaaaa;0.943,0.38,0.545,0.994,0.785,0.0735,0.747,0.82,0.0264,0.45;aaaaaaa;
aaa;0.534,0.577,0.459,0.0763,0.682,0.955,0.0201,0.722,0.838,0.697;aaaaaaaa;
aaaaaa;0.26,0.573,0.353,0.118,0.592,0.383,0.244,0.442,0.279,0.00491;aaa;
aaaaaaaa;0.242,0.192,0.137,0.516,0.62,0.451,0.947,0.941,0.268,0.333;aaaaaaaa;
aaaa;0.325,0.605,0.552,0.555,0.288,0.0334,0.0687,0.334,0.00423,0.927;a;
aaa;0.805,0.303,0.621,0.441,0.613,0.547,0.676,0.036,0.69,0.146;aaaaa;
aaaaaaaaa;0.189,0.08,0.0905,0.764,0.139,0.129,0.127,0.966,0.524,0.942;aa;
a;0.877,0.122,0.719,0.214,0.405,0.574,0.179,0.974,0.423,0.0576;aaaaa;
aaaaa;0.825,0.298,0.792,0.592,0.707,0.0288,0.721,0.348,0.213,0.255;aaaaa;
aaaaa;0.26,0.114,0.501,0.578,0.199,0.743,0.74,0.00597,0.347,0.701;aaa;
a;0.171,0.157,0.553,0.929,0.0252,0.217,0.773,0.732,0.717,0.816;aaa;
aaaaaaa;0.201,0.574,0.267,0.923,0.317,0.774,0.183,0.872,0.351,0.574;aaaaa;
aa;0.296,0.542,0.258,0.247,0.755,0.279,0.76,0.42,0.29,0.666;a;
aaaaaaa;0.406,0.349,0.55,0.279,0.885,0.333,0.799,0.0879,0.486,0.704;aaaaaaaa;
aaaaaaa;0.0699,0.306,0.687,0.0954,0.248,0.624,0.335,0.0863,0.472,0.051;aaaaaaaaaa;
aaaaaaaaa;0.314,0.716,0.4,0.0107,0.691,0.0482,0.579,0.438,0.467,0.591;aaa;
aaaaaaaaa;0.403,0.63,0.645,0.17,0.846,0.269,0.985,0.8,0.378,0.00361;aaaaa;
aa;0.908,0.113,0.399,0.0211,0.983,0.273,0.875,0.217,0.375,0.0455;a;
aaaaaaaa;0.636,0.761,0.654,0.867,0.201,0.756,0.549,0.52,0.0772,0.352;aa;
aaa;0.067,0.984,0.867,0.778,0.888,0.146,0.0365,0.196,0.863,0.405;aaaaaaaa;
aaa;0.931,0.204,0.294,0.916,0.965,0.222,0.618,0.764,0.233,0.253;aaaaaaaaa;
aaaaaaaa;0.417,0.483,0.21,0.466,0.837,0.543,0.822,0.0828,0.152,0.77;aaaaaaaaaa;
aaaaaaaa;0.792,0.349,0.622,0.253,0.643,0.0465,0.893,0.11,0.251,0.112;aaaaaa;
aaa;0.921,0.725,0.338,0.684,0.422,0.0992,0.0753,0.868,0.503,0.316;aaaaa;
a;0.413,0.696,0.782,0.306,0.392,0.489,0.49,0.456,0.926,0.994;aaaa;
aaaaaaaaa;0.114,0.7,0.138,0.383,0.699,0.592,0.418,0.131,0.03,0.284;aaaaaa;
aaaaaaa;0.109,0.982,0.413,0.203,0.262,0.972,0.71,0.565,0.993,0.576;aaaaaaaaaa;
aaaaaaaaa;0.916,0.917,0.531,0.962,0.25,0.193,0.685,0.411,0.47,0.0524;a;
a;0.933,0.407,0.467,0.924,0.814,0.622,0.2,0.788,0.36,0.946;aaaaaaaa;
aaaaaaaa;0.759,0.43,0.0123,0.372,0.956,0.0584,0.307,0.788,0.418,0.781;aaaaaa;
a;0.0654,0.77,0.512,0.405,0.77,0.15,0.423,0.769,0.446,0.877;aaaaa;
aaaaaa;0.699,0.802,0.693,0.521,0.337,0.0581,0.771,0.114,0.583,0.206;aaaaaaaa;
aaaaaaaaa;0.84,0.325,0.855,0.649,0.181,0.243,0.223,0.586,0.701,0.432;aa;
a;0.526,0.217,0.416,0.288,0.576,0.81,0.109,0.733,0.196,0.831;aaaaaaaa;
aaaaaaaa;0.962,0.692,0.655,0.61,0.746,0.705,0.811,0.0321,0.0176,0.722;aaaaaaaa;
aaaaaaaa;0.887,0.405,0.885,0.154,0.26,0.584,0.824,0.326,0.927,0.644;aaaaaaaa;
aaaaaa;0.662,0.139,0.356,0.725,0.265,0.603,0.717,0.227,0.99,0.945;aaaaaa;
aaaaa;0.107,0.507,0.888,0.58,0.678,0.542,0.259,0.11,0.0102,0.702;aaaaaaa;
aaaaaaaaa;0.75,0.347,0.0423,0.75,0.556,0.367,0.136,0.723,0.0265,0.141;aaaaaa;
aaa;0.559,0.415,0.585,0.791,0.419,0.997,0.88,0.853,0.168,0.629;aaa;
aaaaaa;0.891,0.315,0.603,0.737,0.45,0.921,0.0978,0.486,0.545,0.445;a;
aaaa;0.152,0.658,0.917,0.131,0.333,0.641,0.808,0.48,0.987,0.196;aaa;
aaaa;0.42,0.449,0.574,0.919,0.386,0.249,0.304,0.676,0.0409,0.512;aaaaaaa;
aaaaaaaaa;0.332,0.84,0.401,0.183,0.796,0.485,0.606,0.468,0.514,0.965;aa;
aaaaa;0.907,0.896,0.115,0.44,0.328,0.618,0.575,0.00471,0.309,0.885;aaaa;
a;0.924,0.676,0.604,0.667,0.211,0.262,0.408,0.407,0.604,0.166;aaaaa;
aaa;0.782,0.202,0.936,0.983,0.188,0.497,0.0271,0.175,0.903,0.18;aaaaaaa;
aaaaaa;0.906,0.985,0.0274,0.338,0.79,0.725,0.512,0.963,0.249,0.185;aaaaaaaaaa;
aaaaaaa;0.77,0.601,0.198,0.629,0.0666,0.76,0.00945,0.474,0.88,0.423;aaaaaaaaaa;
aaaaaa;0.297,0.868,0.524,0.0575,0.767,0.28,0.342,0.0386,0.894,0.953;aaa;
aaaaaaaa;0.732,0.658,0.327,0.597,0.28,0.7,0.534,0.779,0.426,0.824;aaaaaaa;
aaaaaa;0.364,0.116,0.36,0.592,0.408,0.612,0.472,0.279,0.651,0.146;aaa;
aaaaaaaaa;0.469,0.924,0.116,0.267,0.977,0.0458,0.9,0.485,0.814,0.351;aaaaaaaa;
aaaa;0.903,0.4,0.253,0.974,0.6,0.865,0.23,0.66,0.676,0.475;aaaaaaaaa;
a;0.517,0.61,0.531,0.945,0.174,0.165,0.948,0.902,0.767,0.191;aaa;
aa;0.959,0.429,0.648,0.117,0.821,0.271,0.949,0.473,0.536,0.752;aaaaaaaaaa;
aaaaaaaaa;0.938,0.725,0.943,0.705,0.17,0.776,0.212,0.279,0.286,0.737;aaaaaaaaaa;
aaaaa;0.369,0.861,0.594,0.00821,0.0285,0.487,0.992,0.0109,0.796,0.268;aaaaaaaaa;
aaa;0.778,0.377,0.517,0.771,0.477,0.0391,0.789,0.676,0.586,0.996;aaaaa;
aaaa;0.787,0.0559,0.804,0.54,0.679,0.569,0.18,0.251,0.127,0.455;aa;
aa;0.0646,0.147,0.189,0.624,0.316,0.296,0.633,0.787,0.892,0.9;aaa;
aaaaaaaa;0.16,0.992,0.00645,0.866,0.685,0.699,0.738,0.0674,0.552,0.338;aaaaa;
aaa;0.953,0.589,0.586,0.00235,0.626,0.321,0.843,0.696,0.599,0.58;aa;
aaaaaaaaa;0.102,0.126,0.109,0.153,0.745,0.798,0.86,0.803,0.596,0.246;aaaaaaaaa;
aa;0.416,0.225,0.207,0.96,0.54,0.589,0.69,0.976,0.363,0.937;aaaaaa;
aaaaaaa;0.264,0.0234,0.0805,0.474,0.263,0.744,0.765,0.782,0.0733,0.445;aaaaaaaaa;
a;0.902,0.412,0.906,0.752,0.788,0.842,0.00815,0.428,0.173,0.132;aaaa;
a;0.16,0.335,0.506,0.401,0.85,0.293,0.309,0.271,0.804,0.176;aaa;
aaaaaaaa;0.15,0.586,0.611,0.645,0.569,0.8,0.242,0.632,0.77,0.451;aaaaa;
aaaaaaaaa;0.72,0.369,0.352,0.601,0.902,0.903,0.536,0.537,0.688,0.911;aa;
aaaaaaaa;0.52,0.0965,0.533,0.713,0.868,0.994,0.456,0.0134,0.124,0.723;aaa;
aa;0.781,0.772,0.433,0.81,0.269,0.0771,0.18,0.507,0.86,0.197;aaaaaaa;
aaaaaaaa;0.628,0.772,0.231,0.712,0.983,0.348,0.656,0.657,0.215,0.407;aaaa;
aaaaaa;0.381,0.354,0.129,0.301,0.454,0.248,0.301,0.371,0.93,0.278;aaaaaa;
aaaa;0.378,0.84,0.618,0.844,0.759,0.821,0.935,0.265,0.562,0.0436;aaaaa;
aaaaaaaaa;0.829,0.127,0.0185,0.176,0.713,0.414,0.873,0.932,0.0943,0.308;aaaaaaa;
aaaaaaaa;0.701,0.455,0.822,0.148,0.765,0.382,0.301,0.398,0.808,0.787;aaaaa;
aa;0.847,0.599,0.667,0.452,0.795,0.869,0.248,0.0443,0.227,0.228;a;
a;0.392,0.206,0.871,0.347,0.537,0.352,0.577,0.721,0.361,0.471;aaaa;
aaaaaaa;0.199,0.218,0.276,0.568,0.88,0.568,0.588,0.566,0.282,0.642;aaaaa;
aaaaaaa;0.445,0.0372,0.315,0.72,0.927,0.539,0.531,0.823,0.246,0.771;aa;
aaa;0.951,0.117,0.0935,0.891,0.278,0.788,0.391,0.683,0.717,0.363;aaaaaaaaaa;
aaaaaaaa;0.659,0.717,0.888,0.315,0.757,0.821,0.625,0.585,0.0895,0.671;aaaaaaaaaa;
aa;0.262,0.943,0.953,0.202,0.947,0.446,0.491,0.702,0.42,0.774;a;
aaa;0.791,0.223,0.107,0.918,0.959,0.0849,0.217,0.616,0.362,0.43;aaa;
aaaaa;0.36,0.173,0.831,0.462,0.429,0.252,0.127,0.456,0.579,0.927;aaaaaa;
a;0.0771,0.429,0.672,0.292,0.581,0.494,0.936,0.774,0.739,0.633;aaaaaaa;
a;0.412,0.429,0.734,0.554,0.59,0.791,0.994,0.0388,0.35,0.84;aaa;
aaaaaa;0.487,0.177,0.449,0.971,0.989,0.625,0.132,0.541,0.895,0.303;aa;
aaaaaaaa;0.176,0.895,0.457,0.83,0.158,0.53,0.00902,0.915,0.983,0.916;aaaaaaaaaa;
aa;0.0636,0.612,0.399,0.954,0.636,0.834,0.316,0.322,0.402,0.222;aa;
a;0.943,0.52,0.333,0.631,0.168,0.237,0.943,0.788,0.576,0.116;aaaaaa;
aaaa;0.47,0.192,0.523,0.86,0.948,0.0643,0.401,0.124,0.368,0.831;aa;
a;0.542,0.768,0.867,0.346,0.632,0.289,0.204,0.708,0.734,0.0734;aaaaaaaaaa;
aaaa;0.24,0.0108,0.163,0.91,0.757,0.314,0.00489,0.136,0.685,0.178;aaaaaaaa;
aaaaaaa;0.551,0.609,0.976,0.338,0.0497,0.595,0.79,0.542,0.201,0.422;aa;
a;0.249,0.0646,0.494,0.37,0.862,0.917,0.118,0.648,0.478,0.805;aa;
a;0.197,0.356,0.324,0.777,0.525,0.282,0.392,0.984,0.207,0.677;aaaaaaa;
aaaaaaaa;0.129,0.321,0.706,0.0406,0.0117,0.122,0.377,0.566,0.101,0.879;aaaaaaaaa;
aaaa;0.933,0.182,0.0672,0.283,0.193,0.339,0.508,0.0824,0.652,0.59;aaaaaa;
a;0.326,0.519,0.117,0.0773,0.523,0.361,0.77,0.138,0.199,0.85;aaaaaa;
aaaa;0.595,0.253,0.323,0.378,0.381,0.557,0.433,0.448,0.69,0.656;aaaaaa;
aaaaaaaa;0.496,0.375,0.596,0.521,0.64,0.776,0.00524,0.119,0.00886,0.784;aa;
aaaaaaaa;0.688,0.206,0.00289,0.864,0.245,0.197,0.814,0.841,0.791,0.982;aaaaa;
aaaaaaaa;0.945,0.0727,0.207,0.55,0.168,0.586,0.693,0.613,0.877,0.748;a;
aaaa;0.94,0.532,0.00844,0.202,0.454,0.835,0.376,0.789,0.666,0.501;a;
aaa;0.341,0.0848,0.859,0.9,0.585,0.391,0.605,0.963,0.153,0.676;aa;
aaaaa;0.534,0.989,0.813,0.498,0.524,0.123,0.507,0.851,0.0214,0.0275;aa;
aaaaaaaaa;0.381,0.761,0.543,0.169,0.358,0.286,0.168,0.994,0.86,0.172;aaaaaaaaa;
aaaaaaaaa;0.984,0.6,0.832,0.828,0.704,0.669,0.399,0.643,0.261,0.125;aaaaa;
a;0.0447,0.435,0.742,0.526,0.659,0.749,0.741,0.0782,0.437,0.851;aaaaaa;
aaaa;0.841,0.804,0.342,0.326,0.585,0.933,0.359,0.99,0.236,0.816;aaa;
aaaaaaaa;0.24,0.651,0.243,0.427,0.139,0.824,0.473,0.748,0.482,0.999;aaaaaaaa;
aa;0.216,0.0657,0.248,0.282,0.841,0.61,0.449,0.0706,0.272,0.0882;aaaaaaaaa;
aaaa;0.0715,0.604,0.225,0.168,0.768,0.827,0.284,0.673,0.312,0.0331;aaaaaaaa;
aaaa;0.346,0.736,0.876,0.326,0.47,0.538,0.908,0.292,0.9,0.0165;aaaaaaaaaa;
aaaaa;0.049,0.34,0.102,0.985,0.0231,0.903,0.681,0.267,0.376,0.344;aa;
aaaa;0.177,0.363,0.857,0.413,0.762,0.191,0.332,0.306,0.0264,0.801;a;
aaaaaaa;0.642,0.312,0.788,0.445,0.00223,0.663,0.0785,0.955,0.315,0.319;aaa;
aa;0.928,0.481,0.303,0.162,0.698,0.728,0.598,0.173,0.93,0.378;aaaaaaaaa;
aaa;0.125,0.934,0.207,0.852,0.315,0.181,0.0421,0.31,0.43,0.0744;aaaaaaaaa;
aa;0.363,0.473,0.384,0.802,0.723,0.964,0.758,0.132,0.032,0.378;aa;
a;0.468,0.35,0.969,0.356,0.67,0.606,0.278,0.612,0.0136,0.0686;aaaaaa;
aaaaaaaa;0.614,0.563,0.938,0.166,0.758,0.61,0.307,0.41,0.468,0.457;aaa;
aa;0.683,0.151,0.291,0.369,0.385,0.269,0.294,0.686,0.875,0.984;aaaa;
aaaaaaa;0.526,0.968,0.948,0.31,0.453,0.868,0.761,0.197,0.00606,0.787;aaaaaaa;
aaaaaaaaa;0.446,0.592,0.101,0.193,0.0435,0.715,0.557,0.499,0.0234,0.778;aa;
aaaaa;0.575,0.134,0.127,0.0783,0.394,0.502,0.159,0.526,0.791,0.435;aaaaa;
aaa;0.911,0.584,0.705,0.0463,0.752,0.364,0.489,0.936,0.469,0.133;aaaa;
aaaaaa;0.0298,0.907,0.0837,0.34,0.692,0.654,0.5,0.682,0.959,0.0637;aa;
aa;0.991,0.0553,0.848,0.723,0.986,0.328,0.174,0.235,0.818,0.344;aaaaaa;
aaaa;0.496,0.831,0.369,0.557,0.878,0.53,0.0417,0.215,0.831,0.936;aaaaaaa;
aaaaa;0.603,0.487,0.795,0.573,0.612,0.841,0.352,0.628,0.935,0.364;aaaaaaaa;
aaaaa;0.494,0.875,0.166,0.936,0.916,0.791,0.521,0.0579,0.885,0.426;aaaaaa;
aaaaaaa;0.0736,0.337,0.112,0.0197,0.861,0.467,0.184,0.999,0.888,0.525;aaa;
aaaaaaaaa;0.922,0.426,0.698,0.619,0.605,0.199,0.31,0.104,0.0958,0.0159;aaa;
a;0.0776,0.465,0.294,0.488,0.225,0.389,0.241,0.713,0.706,0.132;a;
a;0.721,0.421,0.0788,0.969,0.774,0.993,0.0238,0.0428,0.424,0.281;aaaaa;
aaaaaaaaa;0.633,0.874,0.1,0.897,0.878,0.00566,0.53,0.541,0.544,0.771;aaaaaaaaaa;
aaaaa;0.485,0.193,0.137,0.631,0.302,0.989,0.746,0.593,0.111,0.231;aaa;
aaaaaaaaa;0.857,0.965,0.311,0.722,0.295,0.962,0.0708,0.957,0.157,0.361;aaaa;
aaa;0.514,0.237,0.66,0.653,0.567,0.754,0.17,0.521,0.486,0.86;aaa;
aaaaaaaaa;0.88,0.81,0.506,0.934,0.2,0.269,0.905,0.992,0.0601,0.189;aaaaaaaa;
aaaaaaaa;0.237,0.572,0.661,0.335,0.543,0.466,0.225,0.382,0.598,0.907;a;
aaa;0.67,0.773,0.508,0.429,0.413,0.482,0.151,0.751,0.164,0.0926;aaaaaaaa;
aa;0.676,0.946,0.82,0.306,0.102,0.524,0.338,0.137,0.314,0.275;aaaaaaaaa;
aaaa;0.954,0.589,0.845,0.404,0.318,0.925,0.197,0.181,0.364,0.235;aaaaaaa;
aaaa;0.976,0.772,0.711,0.223,0.593,0.893,0.961,0.615,0.746,0.81;a;
aaaaaaaaa;0.747,0.551,0.0759,0.956,0.481,0.876,0.189,0.959,0.0545,0.983;aaaaaaaaaa;
aaaaaaaaa;0.514,0.234,0.628,0.505,0.831,0.516,0.302,0.974,0.456,0.579;aaaaaaaaaa;
aaaaaa;0.483,0.416,0.0326,0.448,0.929,0.418,0.287,0.967,0.971,0.226;a;
aaaaa;0.00052,0.769,0.458,0.65,0.776,0.183,0.746,0.463,0.259,0.819;aaaaaaaa;
a;0.44,0.888,0.221,0.846,0.882,0.465,0.314,0.748,0.351,0.681;aa;
aa;0.246,0.98,0.0209,0.0618,0.13,0.35,0.333,0.63,0.665,0.489;aa;
aaaaaa;0.36,0.624,0.404,0.953,0.606,0.499,0.284,0.392,0.365,0.217;aaa;
a;0.226,0.693,0.0151,0.507,0.986,0.689,0.192,0.921,0.185,0.625;aaaaaa;
aaaa;0.183,0.276,0.785,0.714,0.893,0.799,0.0834,0.233,0.856,0.793;aa;
aaaa;0.554,0.434,0.486,0.733,0.219,0.912,0.788,0.0848,0.267,0.778;aaaaaaa;
a;0.452,0.935,0.857,0.322,0.727,0.972,0.253,0.206,0.00186,0.0795;aaaaaaaaa;
aaaa;0.491,0.426,0.662,0.872,0.88,0.223,0.913,0.29,0.655,0.678;aa;
aaaa;0.618,0.96,0.19,0.714,0.172,0.482,0.188,0.519,0.289,0.127;aaaaa;
aaa;0.0156,0.00257,0.933,0.289,0.288,0.14,0.118,0.715,0.913,0.88;aaaaaaaa;
aaaaaaa;0.501,0.703,0.914,0.677,0.568,0.679,0.696,0.116,0.999,0.0515;aaaaaaaaa;
aaaaaaaa;0.373,0.831,0.998,0.837,0.446,0.386,0.713,0.267,0.732,0.327;aaa;
aaaaaaa;0.536,0.84,0.174,0.776,0.0868,0.844,0.358,0.269,0.287,0.327;aaaaaaaaa;
aaa;0.485,0.757,0.433,0.147,0.415,0.891,0.184,0.261,0.875,0.523;aaaaaaa;
aaaa;0.249,0.529,0.000841,0.789,0.597,0.976,0.969,0.917,0.33,0.102;aaaaaaa;
aaa;0.306,0.524,0.785,0.4,0.872,0.304,0.896,0.438,0.432,0.782;aaaaaaaaa;
aaa;0.282,0.648,0.617,0.839,0.843,0.294,0.076,0.945,0.558,0.0913;aa;
aaaaaa;0.333,0.476,0.615,0.7,0.344,0.806,0.255,0.564,0.344,0.296;aaaa;
aaaaaaa;0.392,0.688,0.836,0.891,0.0181,0.714,0.238,0.402,0.0955,0.174;aaaaaaaaaa;
aaa;0.339,0.921,0.154,0.297,0.38,0.964,0.213,0.138,0.24,0.335;aaa;
aa;0.238,0.833,0.504,0.99,0.875,0.548,0.441,0.271,0.86,0.507;aaaaaaa;
aaaaaaaa;0.344,0.502,0.286,0.567,0.407,0.253,0.77,0.793,0.286,0.172;aa;
aaaaaa;0.172,0.853,0.394,0.771,0.771,0.728,0.438,0.265,0.678,0.0525;aaaaaaaaa;
aaa;0.852,0.529,0.868,0.536,0.679,0.252,0.379,0.182,0.852,0.343;aaaa;
aaaaaaa;0.164,0.7,0.219,0.125,0.0954,0.675,0.809,0.822,0.456,0.583;a;
aa;0.52,0.105,0.234,0.0258,0.371,0.0661,0.0415,0.293,0.4,0.302;aaaaa;
aaaaaaa;0.0167,0.73,0.13,0.991,0.894,0.338,0.00308,0.897,0.541,0.202;aaaaaaaa;
aaaaaaaaa;0.382,0.195,0.777,0.619,0.098,0.446,0.435,0.839,0.122,0.0654;aaaaaaaa;
aaaaaaa;0.474,0.756,0.485,0.484,0.635,0.206,0.105,0.977,0.353,0.629;aaaa;
aaaaaa;0.671,0.103,0.0656,0.762,0.252,0.724,0.545,0.0401,0.487,0.276;aaaaaaa;
aaaa;0.0238,0.695,0.781,0.37,0.533,0.692,0.751,0.677,0.0943,0.224;aaaaaaa;
a;0.446,0.631,0.728,0.146,0.0846,0.991,0.662,0.121,0.618,0.451;aaaaaaa;
aaaaa;0.575,0.486,0.636,0.823,0.953,0.11,0.45,0.68,0.235,0.69;aaaaaaaa;
a;0.653,0.726,0.507,0.934,0.304,0.102,0.89,0.591,0.0579,0.373;aaa;
aaaaaaa;0.632,0.555,0.774,0.89,0.0933,0.336,0.631,0.869,0.425,0.705;aaaaaaaaa;
aa;0.106,0.444,0.0761,0.3,0.545,0.461,0.351,0.389,0.0951,0.822;a;
aaaaaaaaa;0.984,0.516,0.74,0.811,0.27,0.362,0.57,0.323,0.775,0.38;aaaaaaaaa;
aa;0.574,0.0889,0.798,0.324,0.784,0.605,0.366,0.727,0.464,0.835;aa;
a;0.807,0.0469,0.173,0.233,0.632,0.779,0.555,0.931,0.399,0.0923;aaaa;
aaa;0.564,0.163,0.895,0.915,0.731,0.656,0.623,0.554,0.414,0.92;aaaaaaaa;
aa;0.794,0.012,0.725,0.404,0.163,0.417,0.321,0.528,0.407,0.123;aaaaa;
aaaaaaa;0.383,0.874,0.509,0.688,0.352,0.537,0.588,0.671,0.118,0.105;aaaaa;
aaa;0.361,0.823,0.632,0.827,0.164,0.893,0.453,0.33,0.157,0.736;aaaaaaaaaa;
aaaaaaaaa;0.506,0.244,0.00883,0.33,0.026,0.0936,0.521,0.286,0.286,0.298;aa;
aa;0.755,0.516,0.694,0.753,0.0622,0.873,0.241,0.223,0.277,0.328;aaaaaa;
aaa;0.214,0.612,0.79,0.925,0.793,0.778,0.571,0.64,0.611,0.389;aaaaaaaaaa;
aaaaaaa;0.25,0.93,0.937,0.459,0.715,0.158,0.709,0.534,0.849,0.14;aa;
aaaaaaaa;0.0988,0.061,0.111,0.541,0.345,0.597,0.133,0.802,0.521,0.242;aaaaaa;
aaa;0.0619,0.536,0.0866,0.988,0.053,0.741,0.967,0.705,0.478,0.026;aaaaaaaa;
aaaaaaaaa;0.223,0.727,0.946,0.941,0.269,0.233,0.488,0.081,0.143,0.575;aaaaaaaaa;
aaa;0.848,0.42,0.778,0.872,0.525,0.847,0.453,0.898,0.609,0.75;aaaaaa;
aaaa;0.0282,0.265,0.0726,0.00386,0.557,0.0638,0.964,0.158,0.0901,0.129;a;
a;0.166,0.867,0.972,0.926,0.972,0.119,0.974,0.569,0.821,0.412;aaaaaaa;
a;0.712,0.171,0.0506,0.406,0.0582,0.923,0.858,0.837,0.101,0.901;aaaaaaaa;
aaaaaaa;0.241,0.125,0.0376,0.25,0.832,0.119,0.974,0.71,0.45,0.679;aaaaaaaa;
aaaaaaa;0.758,0.139,0.698,0.958,0.597,0.449,0.489,0.124,0.102,0.00559;aaaaaaaaaa;
aaaa;0.439,0.472,0.479,0.725,0.264,0.241,0.899,0.113,0.639,0.0288;aaaaaaaaaa;
aaa;0.905,0.911,0.0817,0.357,0.894,0.194,0.504,0.939,0.549,0.678;aaaaaa;
aaaaa;0.368,0.304,0.829,0.269,0.201,0.861,0.948,0.508,0.876,0.432;aaaaa;
aaa;0.624,0.28,0.364,0.767,0.144,0.22,0.86,0.7,0.934,0.952;aa;
aaaaaaa;0.0542,0.698,0.622,0.345,0.827,0.947,0.116,0.637,0.137,0.237;aa;
aaa;0.764,0.177,0.00425,0.287,0.182,0.444,0.203,0.863,0.195,0.148;aaaaaaaa;
a;0.0232,0.271,0.216,0.613,0.793,0.337,0.903,0.9,0.114,0.575;aaa;
aa;0.368,0.353,0.721,0.819,0.169,0.0777,0.0174,0.607,0.61,0.335;aa;
aaaa;0.369,0.329,0.252,0.614,0.516,0.122,0.626,0.79,0.0274,0.0562;aaaaa;
aaaaaa;0.644,0.379,0.592,0.68,0.119,0.179,0.782,0.943,0.00244,0.626;aaaaaaaaa;
aaa;0.00447,0.834,0.683,0.676,0.306,0.708,0.357,0.541,0.156,0.767;aaaaaaaaa;
aaaaa;0.53,0.141,0.626,0.495,0.358,0.202,0.401,0.609,0.46,0.876;aa;
aaaaaa;0.478,0.654,0.682,0.0311,0.245,0.701,0.399,0.924,0.707,0.0226;aaaaa;
aaaaaaa;0.809,0.69,0.54,0.233,0.2,0.0689,0.872,0.15,0.0228,0.178;aaaaaaaaa;
aa;0.695,0.0846,0.0705,0.915,0.0708,0.185,0.7,0.222,0.129,0.215;aaaaaa;
aaaaaaaaa;0.896,0.181,0.806,0.255,0.449,0.582,0.312,0.697,0.687,0.41;aaaaa;
aaaaaa;0.705,0.669,0.405,0.793,0.833,0.324,0.823,0.045,0.677,0.00516;aaa;
aaaaaaaaa;0.747,0.375,0.388,0.268,0.498,0.493,0.84,0.016,0.735,0.825;aaaaaa;
aaaaa;0.67,0.488,0.682,0.636,0.0119,0.398,0.609,0.138,0.0385,0.115;aaaaaaaaa;
aaaaaaaa;0.668,0.225,0.618,0.357,0.217,0.0479,0.693,0.66,0.036,0.109;a;
aaaaaaa;0.29,0.0186,0.122,0.436,0.793,0.515,0.362,0.81,0.986,0.584;aaaaaaa;
aaaa;0.368,0.359,0.803,0.172,0.592,0.273,0.25,0.303,0.716,0.066;aaaaaaa;
aaaaa;0.645,0.86,0.486,0.318,0.553,0.565,0.0134,0.519,0.146,0.934;aaa;
aa;0.817,0.324,0.626,0.729,0.391,0.865,0.989,0.0218,0.105,0.711;aaaaaaaaa;
aaaaaaaaa;0.288,0.191,0.972,0.0327,0.39,0.506,0.923,0.989,0.511,0.0679;aaaa;
aaaaaa;0.733,0.467,0.198,0.0788,0.364,0.873,0.571,0.596,0.747,0.248;aaaaaaaa;
aaaaaaaa;0.897,0.0574,0.671,0.251,0.845,0.999,0.692,0.834,0.0528,0.953;aa;
a;0.868,0.71,0.621,0.748,0.428,0.357,0.792,0.649,0.607,0.657;aaaaaaa;
aaaa;0.301,0.773,0.789,0.231,0.511,0.218,0.94,0.82,0.61,0.0204;a;
aaaaaaaa;0.928,0.479,0.436,0.554,0.169,0.443,0.267,0.786,0.431,0.601;aaaa;
a;0.147,0.681,0.691,0.725,0.504,0.476,0.104,0.365,0.819,0.979;aaaa;
aaaaaaaa;0.177,0.0148,0.71,0.0118,0.593,0.132,0.11,0.33,0.755,0.653;aaa;
a;0.781,0.679,0.787,0.379,0.0785,0.229,0.112,0.836,0.986,0.295;aaaaaaa;
aaaaa;0.0854,0.82,0.571,0.299,0.99,0.806,0.0584,0.0557,0.865,0.894;aaaaaa;
a;0.334,0.636,0.992,0.956,0.466,0.927,0.364,0.643,0.877,0.53;aaaaaaa;
a;0.726,0.35,0.923,0.979,0.814,0.713,0.473,0.921,0.217,0.883;aaaaaaa;
aaaaaaaa;0.341,0.863,0.568,0.791,0.199,0.749,0.486,0.17,0.921,0.797;aaaaaaaaa;
aaaaaaaaa;0.815,0.443,0.778,0.958,0.816,0.922,0.379,0.832,0.33,0.929;aaaa;
aa;0.741,0.944,0.0277,0.36,0.956,0.518,0.8,0.963,0.078,0.256;aa;
aa;0.355,0.655,0.643,0.985,0.9,0.0874,0.81,0.0108,0.12,0.225;aaaa;
aaaaaaaaa;0.287,0.417,0.988,0.835,0.444,0.674,0.837,0.727,0.874,0.935;aaaaaaaa;
aaaa;0.979,0.507,0.572,0.212,0.217,0.953,0.221,0.708,0.144,0.212;aa;
aaa;0.992,0.114,0.64,0.908,0.199,0.161,0.329,0.756,0.368,0.844;aa;
aaaaaa;0.161,0.105,0.97,0.915,0.492,0.373,0.936,0.148,0.257,0.981;aaaaaaa;
aaaaa;0.325,0.646,0.282,0.443,0.0956,0.184,0.0624,0.957,0.167,0.576;aaaaaa;
aa;0.312,0.228,0.0371,0.359,0.773,0.104,0.457,0.315,0.923,0.59;aaaaa;
aaa;0.994,0.485,0.927,0.993,0.557,0.327,0.513,0.723,0.856,0.05;aaaaaaaa;
aaaaaaa;0.868,0.00243,0.999,0.921,0.72,0.992,0.193,0.39,0.874,0.6;aaaa;
aaaa;0.839,0.732,0.0738,0.79,0.669,0.277,0.0865,0.898,0.803,0.166;a;
aaaaa;0.963,0.586,0.0283,0.924,0.407,0.207,0.506,0.874,0.711,0.903;a;
aaa;0.819,0.037,0.581,0.272,0.734,0.519,0.9,0.424,0.375,0.236;aaaaaa;
aaaa;0.806,0.277,0.434,0.366,0.863,0.823,0.63,0.31,0.556,0.274;aaaaaaaaa;
aaaa;0.142,0.0981,0.664,0.156,0.916,0.943,0.297,0.355,0.499,0.814;aaa;
aaaaaaaa;0.287,0.772,0.243,0.529,0.147,0.748,0.0652,0.979,0.804,0.95;a;
aaaaaaaa;0.939,0.885,0.497,0.97,0.0297,0.0703,0.0949,0.546,0.562,0.738;aaa;
aaa;0.657,0.585,0.698,0.331,0.249,0.0761,0.891,0.914,0.24,0.0324;aaaaaa;
aaa;0.185,0.208,0.66,0.26,0.907,0.68,0.367,0.236,0.431,0.309;aaaaaaaa;
aaaaaaa;0.217,0.311,0.531,0.532,0.741,0.774,0.645,0.299,0.699,0.703;aaaaaa;
aaaaaaaa;0.699,0.387,0.867,0.816,0.0233,0.757,0.903,0.644,0.337,0.919;aaaaaaaaa;
aaaaaaa;0.0961,0.508,0.891,0.205,0.361,0.551,0.544,0.553,0.0649,0.0477;aaaa;
aaaaaaaa;0.101,0.818,0.699,0.8,0.631,0.189,0.693,0.212,0.977,0.136;aaa;
aa;0.777,0.337,0.14,0.875,0.853,0.664,0.228,0.284,0.762,0.927;aaaaaa;
aaaaaa;0.975,0.984,0.958,0.86,0.65,0.024,0.909,0.155,0.043,0.681;aaaaaa;
aaaaaaa;0.979,0.334,0.487,0.336,0.395,0.445,0.165,0.736,0.519,0.98;aaaa;
aaaaaaa;0.335,0.381,0.913,0.443,0.683,0.812,0.855,0.776,0.811,0.798;aaaaaaa;
aaaaaaaa;0.0936,0.151,0.866,0.0394,0.948,0.556,0.655,0.209,0.392,0.589;aaaaaaaa;
aaaaaa;0.304,0.549,0.679,0.85,0.278,0.9,0.273,0.558,0.443,0.0572;aaaaaaaaaa;
aaaaa;0.0732,0.442,0.654,0.813,0.863,0.0129,0.962,0.377,0.781,0.269;aaaaaaaaaa;
aaa;0.633,0.0659,0.816,0.492,0.627,0.107,0.926,0.181,0.908,0.946;aaaaa;
a;0.809,0.932,0.0819,0.581,0.734,0.708,0.00323,0.425,0.336,0.902;aaaaa;
aaaaaaa;0.11,0.928,0.661,0.861,0.407,0.582,0.356,0.19,0.241,0.0819;aaaaaaaaa;
aaaaaaaaa;0.542,0.0715,0.818,0.557,0.307,0.849,0.896,0.275,0.00932,0.0774;aaaaa;
aaaaaaa;0.119,0.166,0.841,0.783,0.213,0.179,0.411,0.731,0.529,0.983;aaaaa;
aaaaa;0.473,0.926,0.982,0.056,0.263,0.063,0.00839,0.258,0.815,0.157;a;
aaaa;0.63,0.349,0.916,0.208,0.786,0.0393,0.403,0.897,0.539,0.408;aaaaa;
aaa;0.629,0.11,0.974,0.656,0.771,0.733,0.92,0.718,0.146,0.722;aaaa;
aaaaa;0.13,0.241,0.403,0.636,0.663,0.874,0.298,0.71,0.291,0.535;aaaaaaa;
aaaaa;0.103,0.393,0.126,0.394,0.196,0.0613,0.86,0.464,0.509,0.956;aaaaa;
aa;0.34,0.876,0.46,0.402,0.66,0.939,0.262,0.97,0.709,0.722;aaaaa;
aaaaa;0.375,0.495,0.964,0.0304,0.963,0.257,0.238,0.041,0.477,0.359;aaaaaa;
a;0.0124,0.881,0.0632,0.533,0.193,0.88,0.351,0.653,0.541,0.099;aaaaaa;
aaaaaaaa;0.354,0.581,0.921,0.57,0.533,0.61,0.119,0.0992,0.0298,0.299;aaaaaa;
aa;0.875,0.587,0.628,0.535,0.284,0.633,0.578,0.396,0.456,0.47;aaaaaaaa;
aaaaaaaaa;0.712,0.874,0.924,0.791,0.804,0.718,0.357,0.745,0.126,0.793;aaaaaa;
aaaa;0.675,0.651,0.987,0.384,0.788,0.538,0.768,0.86,0.0702,0.157;aaaaaaaa;
aaaa;0.467,0.994,0.418,0.92,0.592,0.55,0.028,0.907,0.0462,0.387;aaaaaa;
aaaa;0.248,0.752,0.539,0.426,0.408,0.778,0.027,0.146,0.785,0.985;aaaaaaaaaa;
aaaaa;0.027,0.419,0.181,0.208,0.0927,0.0631,0.713,0.984,0.896,0.8;aaaa;
aaaaaaaaa;0.696,0.0845,0.389,0.333,0.533,0.172,0.191,0.793,0.583,0.0479;aaaaaaa;
aa;0.411,0.684,0.425,0.143,0.121,0.683,0.577,0.294,0.582,0.816;aa;
aaaaa;0.489,0.291,0.379,0.974,0.141,0.512,0.911,0.797,0.613,0.952;a;
aaaaaaaa;0.285,0.668,0.799,0.795,0.644,0.808,0.517,0.441,0.35,0.557;aaaa;
aaaaaaaaa;0.263,0.406,0.394,0.37,0.9,0.892,0.76,0.427,0.421,0.616;aaa;
aaa;0.481,0.835,0.782,0.0422,0.102,0.0192,0.0434,0.238,0.5,0.66;aa;
aaaaaa;0.0866,0.476,0.703,0.278,0.366,0.198,0.351,0.544,0.408,0.715;aaaaaaaaa;
aaaaa;0.781,0.897,0.505,0.0715,0.761,0.0152,0.823,0.634,0.0213,0.587;aaaaaaaaa;
aaa;0.17,0.872,0.907,0.495,0.884,0.91,0.406,0.237,0.921,0.941;a;
aaaaaaa;0.612,0.561,0.275,0.0255,0.214,0.783,0.821,0.736,0.161,0.688;aaaaaa;
a;0.848,0.356,0.923,0.686,0.321,0.373,0.525,0.425,0.142,0.0629;a;
aaa;0.329,0.552,0.00551,0.0931,0.102,0.237,0.781,0.259,0.778,0.0861;aaaaaaaaaa;
aaaaaaaaa;0.712,0.947,0.0105,0.86,0.373,0.752,0.0214,0.0223,0.106,0.617;aaaaaaaa;
aaaaaaaaa;0.646,0.0467,0.182,0.407,0.137,0.476,0.606,0.513,0.0733,0.197;aaaaaaaaa;
aaa;0.978,0.356,0.151,0.181,0.0826,0.568,0.631,0.299,0.894,0.917;a;
aaaaa;0.327,0.354,0.128,0.433,0.327,0.739,0.908,0.246,0.843,0.179;aaaaaaaaa;
aaaaaaa;0.365,0.0529,0.787,0.955,0.0888,0.218,0.627,0.464,0.488,0.521;aaaaaaa;
aaa;0.912,0.627,0.838,0.323,0.98,0.651,0.535,0.747,0.854,0.556;aaa;
aaaaaaa;0.932,0.898,0.462,0.024,0.11,0.942,0.552,0.947,0.999,0.126;aaaaaaaaa;
aaaaaaaa;0.394,0.127,0.374,0.158,0.484,0.676,0.632,0.382,0.673,0.147;aaaaaaaaaa;
aaa;0.587,0.271,0.911,0.79,0.428,0.886,0.566,0.955,0.0176,0.489;aa;
aaaaa;0.859,0.829,0.586,0.567,0.672,0.766,0.922,0.116,0.722,0.946;a;
aa;0.506,0.12,0.395,0.251,0.159,0.837,0.988,0.918,0.797,0.918;aaaaaaa;
a;0.706,0.337,0.759,0.846,0.796,0.138,0.904,0.27,0.198,0.863;aaaa;
aaa;0.0313,0.706,0.863,0.347,0.926,0.548,0.846,0.973,0.728,0.0283;aaaaaaa;
aaa;0.96,0.238,0.5,0.395,0.733,0.508,0.348,0.461,0.0185,0.275;aaaaaaaaa;
aaaaa;0.279,0.0488,0.839,0.843,0.00194,0.198,0.574,0.0849,0.19,0.357;aaaaaaaa;
aaaaaaaa;0.887,0.191,0.495,0.557,0.665,0.646,0.96,0.00338,0.647,0.478;aaaaaa;
aaa;0.338,0.993,0.489,0.0403,0.177,0.736,0.825,0.397,0.775,0.715;aaa;
aaaaaa;0.986,0.828,0.0182,0.627,0.689,0.708,0.013,0.276,0.623,0.512;aaa;
aaa;0.829,0.887,0.695,0.309,0.408,0.824,0.873,0.687,0.139,0.532;aaaa;
aa;0.503,0.0343,0.283,0.362,0.701,0.11,0.772,0.891,0.123,0.255;aaaa;
aa;0.121,0.867,0.494,0.31,0.154,0.997,0.00622,0.734,0.531,0.265;aaaa;
aaaaaaaa;0.62,0.685,0.193,0.402,0.902,0.586,0.744,0.0222,0.857,0.289;aa;
aaaaaaaaa;0.112,0.635,0.13,0.575,0.969,0.381,0.00581,0.862,0.331,0.068;aaaa;
aaaaaaaaa;0.00772,0.441,0.87,0.986,0.899,0.13,0.542,0.725,0.847,0.0379;aa;
aa;0.55,0.766,0.162,0.0355,0.963,0.493,0.603,0.253,0.104,0.657;a;
aaaaaaa;0.839,0.147,1,0.512,0.729,0.565,0.00852,0.816,0.296,0.593;aaaaaaaaaa;
aaaaaaaa;0.456,0.462,0.244,0.754,0.00728,0.716,0.37,0.272,0.784,0.285;aaaaaaaa;
aa;0.861,0.952,0.356,0.206,0.686,0.0932,0.0985,0.521,0.451,0.485;aaaaaaaa;
aaa;0.972,0.575,0.187,0.259,0.514,0.612,0.149,0.746,0.349,0.0404;aa;
aaaaaaa;0.419,0.438,0.415,0.602,0.613,0.169,0.728,0.693,0.824,0.577;aa;
aaaaaa;0.121,0.372,0.745,0.0262,0.833,0.761,0.38,0.724,0.148,0.0554;aaaaaaaaaa;
aaaaaa;0.92,0.124,0.118,0.237,0.796,0.695,0.703,0.116,0.94,0.872;aaaaaaaaa;
aaaa;0.655,0.805,0.568,0.0393,0.4,0.364,0.66,0.19,0.441,0.506;aaaaaaaa;
aaa;0.991,0.575,0.765,0.357,0.326,0.784,0.0527,0.381,0.328,0.71;aaaaaaaaa;
aaaaaa;0.501,0.187,0.388,0.809,0.776,0.962,0.425,0.796,0.413,0.0325;aaaaaaaaaa;
aaaa;0.695,0.517,0.39,0.251,0.559,0.678,0.531,0.706,0.772,0.094;aaaaaaaaa;
a;0.0177,0.588,0.261,0.106,0.0372,0.858,0.741,0.0938,0.363,0.949;aaaaa;
aaaaaaaaa;0.195,0.781,0.264,0.523,0.718,0.465,0.732,0.565,0.084,0.296;aaaaaaa;
aaa;0.406,0.00185,0.221,0.654,0.678,0.387,0.276,0.109,0.716,0.259;a;
aaaaa;0.232,0.664,0.975,0.498,0.671,0.691,0.506,0.882,0.61,0.229;aaaaa;
aaaaaaa;0.828,0.0473,0.716,0.16,0.514,0.892,0.499,0.659,0.648,0.959;a;
aaa;0.00625,0.0728,0.737,0.871,0.978,0.9,0.708,0.206,0.821,0.856;aaaaaaaaa;
aa;0.125,0.688,0.722,0.182,0.152,0.191,0.668,0.295,0.144,0.158;aaaaa;
aaa;0.146,0.979,0.937,0.507,0.653,0.0379,0.621,0.747,0.713,0.893;aaa;
a;0.0322,0.267,0.153,0.233,0.913,0.0284,0.709,0.178,0.655,0.0916;a;
aaaaaaaa;0.781,0.963,0.838,0.387,0.15,0.271,0.0144,0.0139,0.159,0.422;aaaa;
aaaaaa;0.88,0.673,0.864,0.351,0.28,0.411,0.85,0.542,0.0468,0.377;aaaaaaaaa;
aaaaaaaa;0.57,0.358,0.759,0.564,0.475,0.312,0.115,0.396,0.427,0.878;aaaaaaaaaa;
aaaaa;0.652,0.315,0.0379,0.832,0.368,0.0547,0.0364,0.0116,0.444,0.776;aaaaaaaaa;
aaa;0.73,0.951,0.696,0.551,0.491,0.422,0.171,0.548,0.194,0.689;aaaaaaaaa;
aaaaaaaaa;0.7,0.344,0.536,0.301,0.421,0.111,0.476,0.592,0.321,0.418;aaaaaaaaaa;
aa;0.342,0.342,0.0358,0.849,0.117,0.381,0.0174,0.661,0.623,0.717;aaaaa;
aaaaaaa;0.525,0.717,0.739,0.737,0.214,0.569,0.357,0.959,0.573,0.919;aaaaaaaa;
aa;0.703,0.0309,0.34,0.818,0.53,0.00191,0.953,0.159,0.995,0.171;a;
aaaaaaaaa;0.0517,0.806,0.442,0.595,0.919,0.371,0.613,0.288,0.92,0.728;aaaaaa;
aa;0.25,0.593,0.331,0.939,0.265,0.162,0.971,0.504,0.84,0.863;aaaaaaa;
aaaaaaaa;0.132,0.311,0.741,0.845,0.92,0.458,0.805,0.215,0.647,0.71;aaaaaaaaa;
aaaaa;0.201,0.0183,0.497,0.663,0.752,0.0972,0.938,0.806,0.367,0.954;aaaaaa;
aaaaaaaa;0.798,0.966,0.965,0.221,0.48,0.56,0.308,0.339,0.315,0.599;aa;
aa;0.691,0.464,0.597,0.792,0.642,0.814,0.422,0.67,0.239,0.401;aaaa;
aa;0.582,0.91,0.157,0.155,0.85,0.666,0.534,0.614,0.83,0.369;aaaaaa;
aaaaa;0.812,0.594,0.395,0.211,0.729,0.907,0.842,0.151,0.271,0.593;aaaa;
aaaa;0.814,0.876,0.0384,0.562,0.754,0.337,0.755,0.0586,0.715,0.0768;aaaaaaaaa;
a;0.586,0.54,0.436,0.313,0.315,0.787,0.703,0.532,0.197,0.203;aaaaa;
a;0.904,0.797,0.104,0.717,0.468,0.0372,0.0197,0.438,0.828,0.844;aa;
aaa;0.0344,0.689,0.873,0.286,0.887,0.159,0.902,0.679,0.726,0.28;aaaaa;
aaaaaa;0.102,0.542,0.934,0.542,0.526,0.562,0.833,0.0588,0.709,0.542;aa;
a;0.893,0.0308,0.787,0.544,0.457,0.788,0.621,0.893,0.14,0.51;aaa;
aaaaaaaa;0.209,0.1,0.848,0.486,0.27,0.172,0.186,0.845,0.252,0.501;aaaa;
aaaaaa;0.253,0.669,0.461,0.383,0.279,0.33,0.0272,0.96,0.498,0.441;a;
aaaa;0.566,0.309,0.315,0.232,0.383,0.876,0.582,0.933,0.683,0.203;aaaaaaaa;
aaa;0.374,0.166,0.896,0.391,0.919,0.211,0.179,0.773,0.835,0.74;a;
aaaa;0.799,0.0473,0.585,0.491,0.558,0.407,0.106,0.539,0.538,0.123;aaaaaaaaaa;
aaaaa;0.774,0.587,0.341,0.904,0.595,0.0374,0.18,0.0387,0.478,0.119;aaaaaaa;
aaaa;0.616,0.454,0.824,0.565,0.684,0.989,0.169,0.368,0.994,0.379;aaaaaaaa;
aaa;0.364,0.768,0.853,0.965,0.316,0.57,0.441,0.29,0.27,0.811;aa;
aa;0.469,0.99,0.87,0.367,0.647,0.277,0.876,0.24,0.938,0.927;aaaaaaaaa;
aaaaaaa;0.939,0.566,0.853,0.855,0.298,0.919,0.431,0.206,0.0173,0.105;aaaaaaaaa;
aaaaa;0.463,0.517,0.479,0.0277,0.0496,0.267,0.722,0.974,0.166,0.411;aaa;
aaa;0.319,0.85,0.525,0.0596,0.552,0.424,0.864,0.23,0.779,0.42;aaaaaa;
aaaaaa;0.964,0.458,0.578,0.955,0.525,0.205,0.897,0.461,0.776,0.71;aaaa;
aa;0.665,0.607,0.77,0.517,0.109,0.688,0.549,0.173,0.684,0.464;aa;
aaa;0.187,0.567,0.657,0.525,0.839,0.914,0.429,0.814,0.289,0.843;aaaaaaaaa;
aaaaaaaaa;0.504,0.491,0.105,0.492,0.718,0.197,0.0423,0.753,0.041,0.772;aaaaa;
aaaaa;0.211,0.99,0.858,0.586,0.272,0.447,0.401,0.722,0.62,0.0783;aaaaaaaaa;
aaaaaaaaa;0.561,0.0707,0.555,0.785,0.79,0.399,0.602,0.549,0.167,0.0703;aa;
a;0.618,0.0821,0.867,0.537,0.818,0.374,0.0301,0.767,0.513,0.701;aaaaaaa;
aaaaaaaaa;0.314,0.387,0.403,0.102,0.229,0.0942,0.165,0.00542,0.97,0.821;aaa;
a;0.473,0.675,0.876,0.893,0.423,0.734,0.559,0.551,0.6,0.0151;aaaaaaa;
aaa;0.935,0.352,0.505,0.612,0.0144,0.75,0.437,0.77,0.138,0.288;a;
aaaaaaaa;0.806,0.1,0.242,0.715,0.0865,0.312,0.428,0.425,0.728,0.777;aaaaaaaaa;
aaaaa;0.0939,0.163,0.378,0.219,0.646,0.872,0.809,0.0175,0.383,0.505;aaaaaaaaa;
aaaaaa;0.745,0.0913,0.259,0.367,0.843,0.238,0.444,0.308,0.131,0.0876;aaaaaa;
aaa;0.0324,0.504,0.0182,0.375,0.18,0.0267,0.454,0.173,0.711,0.798;aaaa;
aaaaaa;0.883,0.0402,0.109,0.172,0.424,0.277,0.455,0.581,0.584,0.536;aaaaaaa;
aaaaaa;0.924,0.735,0.0173,0.357,0.207,0.653,0.443,0.41,0.292,0.399;aaaaaaaaaa;
aaaa;0.432,0.327,0.176,0.439,0.587,0.179,0.996,0.363,0.638,0.284;aaaaaaa;
aaaaaaaaa;0.948,0.484,0.316,0.483,0.936,0.849,0.269,0.943,0.69,0.521;aaaaaaaa;
aaaaaaa;0.348,0.211,0.604,0.747,0.856,0.191,0.825,0.111,0.721,0.976;aaaaaaa;
aaaaaaaaa;0.616,0.681,0.535,0.0869,0.987,0.385,0.81,0.49,0.489,0.65;aaa;
aaaaaaa;0.346,0.0116,0.924,0.352,0.408,0.135,0.926,0.152,0.107,0.264;aaaaaaaaa;
aaaaaaaa;0.307,0.658,0.55,0.523,0.62,0.975,0.0989,0.111,0.0515,0.428;a;
aaaaaaa;0.162,0.367,0.33,0.00386,0.847,0.594,0.482,0.473,0.538,0.936;aaaaaaaaa;
aaaaaa;0.803,0.945,0.553,0.0555,0.898,0.665,0.244,0.634,0.168,0.315;a;
aaaaaaa;0.565,0.17,0.889,0.933,0.137,0.943,0.913,0.898,0.826,0.627;aaaaaaaaa;
aaaaaaaa;0.539,0.17,0.499,0.124,0.358,0.94,0.631,0.782,0.872,0.379;aaaaaaaaaa;
aaaaaaaa;0.767,0.887,0.598,0.467,0.142,0.0598,0.767,0.76,0.285,0.631;aaaaaaa;
aa;0.742,0.12,0.43,0.0612,0.711,0.902,0.865,0.402,0.517,0.848;aa;
aaaa;0.7,0.658,0.696,0.407,0.117,0.488,0.683,0.0951,0.428,0.451;aaaaaa;
aaa;0.141,0.681,0.726,0.519,0.827,0.628,0.501,0.053,0.23,0.248;aaaaaaaaa;
aaaaaaa;0.549,0.147,0.532,0.736,0.9,0.154,0.735,0.798,0.887,0.828;aaaaaaaa;
aa;0.692,0.0428,0.333,0.675,0.113,0.283,0.917,0.381,0.0548,0.192;a;
aaaaaaa;0.0862,0.542,0.49,0.487,0.0692,0.23,0.532,0.632,0.761,0.266;aaaaaa;
aaaaaaaa;0.0587,0.292,0.305,0.515,0.716,0.0171,0.939,0.447,0.0514,0.729;aaaaaaaaaa;
aaaaaa;0.513,0.471,0.000716,0.342,0.869,0.917,0.327,0.262,0.166,0.191;aaaaaaa;
aaaa;0.682,0.602,0.00129,0.238,0.818,0.192,0.532,0.0333,0.251,0.556;aaaaaaaaaa;
aaaa;0.419,0.919,0.188,0.241,0.614,0.728,0.864,0.986,0.906,0.301;aaaaaaa;
aaa;0.906,0.792,0.227,0.18,0.429,0.188,1,0.439,0.0451,0.712;aaaaaaaaaa;
aaaaa;0.911,0.928,0.701,0.0321,0.125,0.853,0.325,0.841,0.536,0.677;aaaaaa;
aa;0.822,0.328,0.0207,0.834,0.0832,0.0129,0.0118,0.925,0.835,0.727;aaaaaaaaaa;
aaaaaa;0.163,0.664,0.287,0.0726,0.00653,0.236,0.0697,0.975,0.0736,0.43;aaaaaaa;
a;0.92,0.417,0.971,0.434,0.127,0.00949,0.345,0.261,0.955,0.655;aaaaaaaaa;
aaaaaa;0.258,0.763,0.406,0.879,0.376,0.453,0.371,0.797,0.0543,0.477;a;
aaaaaa;0.291,0.0137,0.809,0.305,0.196,0.291,0.632,0.986,0.97,0.429;aaaaaaaaa;
aaaaaa;0.507,0.0792,0.548,0.772,0.43,0.161,0.681,0.737,0.58,0.612;a;
aa;0.731,0.749,0.452,0.254,0.702,0.243,0.176,0.25,0.213,0.811;a;
aaaaaaaaa;0.229,0.71,0.447,0.65,0.711,0.562,0.751,0.588,0.442,0.59;aaaaaa;
aaaaaa;0.382,0.484,0.908,0.252,0.866,0.189,0.499,0.752,0.322,0.607;a;
aaaaaa;0.501,0.226,0.108,0.36,0.548,0.939,0.0238,0.671,0.3,0.451;aaa;
aa;0.872,0.609,0.53,0.52,0.0175,0.125,0.888,0.25,0.866,0.299;aaaaaa;
aaaaaaaa;0.722,0.00216,0.71,0.47,0.215,0.913,0.193,0.95,0.83,0.519;aaaaaaaaaa;
aaaaaaaaa;0.385,0.271,0.665,0.194,0.487,0.982,0.948,0.84,0.204,0.00777;aaaa;
a;0.522,0.974,0.71,0.0685,0.809,0.824,0.769,0.49,0.143,0.461;aaaaaaaaaa;
aaaaaaaa;0.759,0.814,0.905,0.0408,0.546,0.782,0.754,0.472,0.213,0.545;aaaaaaaaa;
aaaaaaaaa;0.615,0.252,0.738,0.5,0.79,0.891,0.674,0.0791,0.721,0.474;aaaaaa;
aaaaaa;0.31,0.361,0.165,0.257,0.359,0.934,0.784,0.537,0.333,0.421;aaaaaaaaaa;
aaaa;0.656,0.701,0.348,0.871,0.367,0.287,0.729,0.659,0.408,0.588;aaaaaaa;
a;0.809,0.94,0.747,0.559,0.944,0.98,0.981,0.661,0.876,0.81;aaaaaaaa;
aaaaaaa;0.709,0.107,0.912,0.609,0.22,0.95,0.903,0.7,0.77,0.0168;aaaaaaaa;
aaaaaaaa;0.562,0.222,0.922,0.28,0.755,0.933,0.889,0.0785,0.112,0.563;aaaaaa;
aaaaaa;0.718,0.192,0.757,0.685,0.886,0.132,0.0999,0.866,0.973,0.932;aa;
aaa;0.396,0.724,0.849,0.226,0.258,0.563,0.772,0.0274,0.787,0.0295;aaaaaaaaaa;
a;0.0106,0.214,0.869,0.963,0.287,0.525,0.558,0.353,0.833,0.61;aa;
aaaaaa;0.697,0.31,0.546,0.275,0.276,0.764,0.727,0.995,0.451,0.849;aaa;
aaa;0.951,0.606,0.485,0.761,0.54,0.603,0.519,0.0847,0.0821,0.219;aaaaaaaaaa;
aaaaaaaa;0.89,0.446,0.922,0.997,0.614,0.99,0.067,0.991,0.107,0.983;aaa;
aaaaaaaaa;0.555,0.851,0.155,0.381,0.459,0.165,0.972,0.0245,0.158,0.0651;aaaaaaaaaa;
aaa;0.199,0.791,0.448,0.591,0.975,0.339,0.967,0.283,0.679,0.557;a;
aaaaaa;0.141,0.0679,0.816,0.0309,0.247,0.108,0.189,0.434,0.216,0.211;aaaaa;
aaaaaa;0.551,0.945,0.981,0.387,0.896,0.101,0.647,0.149,0.992,0.969;aaaa;
aaaaaaaaa;0.818,0.304,0.26,0.591,0.734,0.0624,0.312,0.554,0.877,0.802;aaaaaa;
aaaaaaaaa;0.145,0.0283,0.215,0.151,0.379,0.162,0.796,0.104,0.743,0.792;aaaaaaa;
aaaaaa;0.484,0.329,0.71,0.629,0.754,0.524,0.198,0.534,0.574,0.175;aaaaaaaa;
aaaa;0.346,0.97,0.0891,0.241,0.727,0.836,0.764,0.667,0.548,0.0584;aaaaaaaaa;
aaaaaaa;0.887,0.69,0.337,0.652,0.147,0.708,0.143,0.826,0.462,0.992;aaaaa;
aa;0.762,0.105,0.67,0.925,0.6,0.636,0.683,0.563,0.902,0.0947;aaa;
aaaaaa;0.453,0.441,0.558,0.823,0.428,0.468,0.777,0.553,0.55,0.65;aaaaaaaa;
aaaaaa;0.00602,0.239,0.189,0.856,0.382,0.347,0.126,0.0472,0.0335,0.84;aa;
aaaa;0.498,0.403,0.481,0.125,0.298,0.532,0.971,0.953,0.468,0.68;aaaa;
a;0.305,0.524,0.51,0.32,0.427,0.256,0.415,0.0596,0.819,0.0472;aaaa;
aaaaa;0.738,0.666,0.417,0.861,0.223,0.238,0.259,0.421,0.897,0.682;aaaaa;
aaaaaa;0.553,0.574,0.217,0.828,0.753,0.903,0.231,0.467,0.439,0.723;aaaaaaa;
aaaaaaaa;0.694,0.195,0.984,0.176,0.317,0.0147,0.994,0.0638,0.00497,0.481;aaaaaaaa;
aaa;0.592,0.714,0.497,0.734,0.0977,0.344,0.082,0.627,0.963,0.112;aaaaa;
aaaaaa;0.489,0.0377,0.907,0.148,0.31,0.118,0.189,0.936,0.966,0.783;aaaaaaaaaa;
aaaaaaaaa;0.205,0.773,0.482,0.297,0.272,0.0184,0.158,0.269,0.0351,0.141;aaaaaaaa;
aaaaaaaa;0.783,0.328,0.156,0.109,0.95,0.00327,0.208,0.746,0.342,0.436;aaa;
aaaaaa;0.946,0.166,0.772,0.945,0.123,0.839,0.67,0.13,0.302,0.294;aaaaa;
aaaaaaa;0.593,0.0442,0.499,0.521,0.424,0.634,0.627,0.366,0.981,0.869;aaaaaa;
aaaaa;0.0484,0.183,0.784,0.651,0.0181,0.249,0.194,0.764,0.118,0.284;aaaa;
aaaaaa;0.469,0.361,0.401,0.77,0.203,0.225,0.791,0.886,0.356,0.605;aaaaa;
aaaaaaaa;0.323,0.709,0.605,0.713,0.431,0.0265,0.711,0.228,0.669,0.673;aaaaaaa;
aaaaaaa;0.965,0.263,0.151,0.831,0.761,0.372,0.816,0.248,0.315,0.654;aaaaa;
aaa;0.481,0.899,0.0484,0.0239,0.812,0.382,0.11,0.543,0.948,0.658;aaaaa;
aaaaaaaaa;0.617,0.967,0.305,0.559,0.965,0.242,0.506,0.654,0.176,0.984;a;
aa;0.179,0.909,0.768,0.794,0.233,0.109,0.47,0.514,0.187,0.157;aaaaa;
aaaa;0.757,0.949,0.741,0.395,0.148,0.115,0.38,0.00201,0.719,0.546;aaaaaaaa;
aaa;0.629,0.0248,0.688,0.163,0.791,0.109,0.985,0.264,0.0387,0.881;aa;
aa;0.218,0.537,0.124,0.715,0.337,0.019,0.241,0.275,0.397,0.304;a;
aaaa;0.365,0.311,0.786,0.976,0.0525,0.812,0.266,0.456,0.521,0.955;aaaaaaaa;
aaaaaa;0.361,0.758,0.27,0.609,0.498,0.95,0.885,0.293,0.52,0.311;aaaaaa;
aaaaaaaa;0.568,0.164,0.59,0.154,0.0998,0.0233,0.819,0.0265,0.264,0.196;aaaa;
a;0.973,0.913,0.951,0.768,0.0869,0.421,0.783,0.865,0.179,0.566;aaaaaa;
a;0.702,0.95,0.183,0.0943,0.666,0.616,0.903,0.318,0.406,0.837;aaaaaa;
aaa;0.805,0.942,0.0174,0.321,0.251,0.598,0.771,0.469,0.923,0.516;aaaaaaaaaa;
aaaa;0.996,0.495,0.0856,0.391,0.0149,0.681,0.764,0.387,0.768,0.098;aaaaaaaa;
aaaaa;0.329,0.492,0.766,0.47,0.874,0.72,0.699,0.381,0.574,0.451;aa;
aaaaaaaa;0.175,0.269,0.884,0.579,0.182,0.868,0.243,0.63,0.547,0.358;aaaa;
aaaaaaa;0.842,0.571,0.664,0.551,0.233,0.44,0.781,0.346,0.041,0.881;aaaaaaa;
aaaaa;0.228,0.778,0.952,0.896,0.194,0.784,0.803,0.57,0.589,0.37;aaaaaaaa;
aaaaaaaaa;0.804,0.671,0.0654,0.316,0.359,0.0648,0.692,0.923,0.703,0.301;aaaaaaaa;
aaaa;0.619,0.863,0.492,0.696,0.876,0.562,0.618,0.206,0.872,0.0897;a;
aaaaaaaaa;0.367,0.325,0.4,0.102,0.378,0.309,0.798,0.575,0.0321,0.183;aaaaaaaa;
aaaaaaaaa;0.832,0.476,0.431,0.128,0.19,0.84,0.861,0.0369,0.597,0.312;aaaa;
aa;0.129,0.142,0.882,0.625,0.174,0.758,0.992,0.834,0.176,0.782;aaaaaaa;
aaaa;0.884,0.328,0.607,0.823,0.864,0.494,0.413,0.766,0.859,0.767;aaa;
aaaa;0.422,0.0988,0.867,0.0292,0.0567,0.155,0.767,0.00726,0.266,0.282;a;
aaa;0.764,0.798,0.558,0.511,0.21,0.433,0.616,0.945,0.937,0.981;aaaaaaaaa;
aaaa;0.691,0.624,0.125,0.89,0.873,0.239,0.407,0.405,0.0597,0.554;aaaaa;
aaaa;0.931,0.253,0.332,0.679,0.829,0.844,0.804,0.574,0.736,0.454;aaaaaaaaa;
aaaaaaaaa;0.959,0.832,0.345,0.322,0.687,0.126,0.0495,0.252,0.55,0.235;aaa;
aaaaaaa;0.294,0.968,0.491,0.65,0.868,0.211,0.739,0.837,0.0528,0.219;aaa;
a;0.288,0.571,0.729,0.875,0.0812,0.208,0.604,0.817,0.83,0.789;aaaaaa;
aaa;0.275,0.359,0.773,0.617,0.351,0.595,0.326,0.367,0.709,0.198;aaaaaaaaaa;
aaaaaa;0.68,0.415,0.274,0.236,0.396,0.76,0.925,0.801,0.83,0.216;aaaaaaaaaa;
aaaaaaaa;0.454,0.583,0.775,0.397,0.465,0.393,0.216,0.376,0.738,0.775;aaaaaa;
aa;0.0933,0.896,0.534,0.99,0.532,0.934,0.818,0.508,0.643,0.428;a;
aaaaaa;0.454,0.192,0.118,0.248,0.744,0.962,0.809,0.484,0.581,0.13;aaaaaa;
aaaaaaaa;0.0158,0.63,0.365,0.389,0.0194,0.112,0.897,0.309,0.605,0.828;aaaaaaa;
aaaaaa;0.403,0.488,0.777,0.136,0.726,0.00718,0.0303,0.609,0.549,0.186;aaaa;
aaaaaaa;0.957,0.744,0.513,0.284,0.961,0.131,0.355,0.0548,0.09,0.119;aaaaaaaaa;
aaaaaaaaa;0.368,0.373,0.00584,0.788,0.519,0.783,0.985,0.148,0.706,0.61;aaaaa;
a;0.274,0.364,0.624,0.13,0.682,0.349,0.568,0.806,0.761,0.685;aaaaa;
aaaaaaaaa;0.271,0.638,0.554,0.294,0.266,0.0482,0.529,0.858,0.863,0.0636;aaaaaaa;
aaaaaaaa;0.561,0.849,0.232,0.34,0.923,0.534,0.857,0.642,0.0181,0.752;a;
aaaaa;0.631,0.822,0.0407,0.133,0.959,0.213,0.684,0.472,0.168,0.183;aaaaaaaaa;
aaaaaaaa;0.575,0.669,0.488,0.329,0.237,0.712,0.186,0.704,0.447,0.153;aaaaaaaaa;
aaa;0.0866,0.484,0.817,0.734,0.257,0.257,0.505,0.165,0.724,0.969;aaaaa;
aaaaaaaa;0.658,0.684,0.229,0.138,0.795,0.442,0.742,0.754,0.325,0.895;a;
aaaaaaaaa;0.753,0.676,0.541,0.907,0.489,0.164,0.806,0.851,0.411,0.345;a;
a;0.783,0.0892,0.832,0.774,0.448,0.0298,0.653,0.601,0.615,0.959;aaaaaaaaaa;
aaa;0.892,0.396,0.08,0.186,0.638,0.395,0.017,0.418,0.0237,0.00635;aaaaaa;
aa;0.108,0.113,0.601,0.0785,0.39,0.137,0.201,0.732,0.366,0.495;aaaaaaaaaa;
a;0.325,0.808,0.473,0.655,0.449,0.399,0.887,0.708,0.837,0.458;aaaaaaa;
aaaaa;0.465,0.362,0.0476,0.555,0.417,0.763,0.446,0.863,0.696,0.945;aaaaaaa;
aaaaaaaaa;0.275,0.0304,0.806,0.848,0.916,0.829,0.604,0.0753,0.507,0.507;aaaa;
aaaa;0.25,0.849,0.432,0.956,0.132,0.743,0.763,0.867,0.409,0.365;aa;
a;0.646,0.45,0.447,0.796,0.129,0.374,0.729,0.638,0.764,0.991;a;
aaa;0.249,0.923,0.297,0.146,0.32,0.11,0.251,0.485,0.203,0.25;aaa;
aaaaa;0.235,0.398,0.031,0.532,0.372,0.578,0.861,0.0223,0.7,0.615;aaaaaaa;
aa;0.156,0.877,0.816,0.323,0.405,0.424,0.852,0.99,0.658,0.458;aaaaaa;
aaaaaaaaa;0.618,0.808,0.328,0.178,0.0472,0.351,0.439,0.108,0.573,0.695;aa;
aaaaaa;0.984,0.407,0.37,0.119,0.312,0.0543,0.881,0.306,0.235,0.0379;aaaaaa;
aaaaaaaaa;0.203,0.506,0.0612,0.58,0.384,0.25,0.154,0.984,0.601,0.155;aaaaaa;
aaaaaa;0.401,0.712,0.648,0.11,0.927,0.204,0.162,0.292,0.661,0.613;aaaaaaaaa;
aaaaaa;0.745,0.356,0.248,0.701,0.465,0.176,0.261,0.0143,0.816,0.226;aaaaaaaa;
aaaa;0.131,0.469,0.127,0.239,0.565,0.323,0.851,0.86,0.486,0.0922;aaaaaaa;
aaaaaaaaa;0.765,0.376,0.345,0.233,0.913,0.452,0.637,0.532,0.776,0.649;aaaa;
aaaaa;0.508,0.0282,0.702,0.321,0.417,0.713,0.27,0.0135,0.645,0.506;aa;
a;0.299,0.286,0.0116,0.585,0.0159,0.74,0.205,0.745,0.184,0.63;aaaa;
aa;0.471,0.715,0.917,0.975,0.433,0.34,0.642,0.779,0.19,0.621;aaaaa;
aaaaaaaaa;0.866,0.35,0.482,0.149,0.0565,0.0573,0.448,0.662,0.178,0.184;aa;
aaaaaa;0.389,0.706,0.427,0.0848,0.512,0.461,0.301,0.641,0.867,0.272;aaaaaaaaa;
aaaaa;0.337,0.101,0.481,0.478,0.667,0.0908,0.26,0.368,0.13,0.495;aaaaaaaa;
aaaaaaaa;0.449,0.975,0.0481,0.619,0.361,0.383,0.282,0.645,0.32,0.178;a;
a;0.32,0.847,0.53,0.361,0.865,0.7,0.963,0.204,0.227,0.00472;aaa;
aaaaaaa;0.634,0.295,0.488,0.491,0.0821,0.344,0.135,0.913,0.243,0.0189;aaa;
aa;0.185,0.656,0.179,0.505,0.155,0.221,0.492,0.362,0.339,0.799;a;
aaaaa;1,0.527,0.484,0.407,0.058,0.502,0.626,0.788,0.72,0.698;aaaaaa;
aaaaaa;0.327,0.697,0.292,0.26,0.128,0.733,0.572,0.163,0.676,0.627;aaaa;
aaaaaaaa;0.203,0.205,0.748,0.465,0.446,0.171,0.89,0.394,0.479,0.769;aa;
aaaaa;0.171,0.531,0.659,0.704,0.766,0.653,0.654,0.604,0.715,0.914;aaa;
aaa;0.776,0.625,0.683,0.347,0.229,0.291,0.297,0.0747,0.414,0.727;aaaaaaaaa;
aaa;0.496,0.278,0.454,0.329,0.816,0.831,0.439,0.574,0.645,0.36;aa;
a;0.16,0.383,0.696,0.354,0.188,0.819,9.56e-06,0.29,0.178,0.628;a;
aaaaaa;0.96,0.00622,0.256,0.962,0.14,0.975,0.314,0.565,0.121,0.803;aaaaaaaa;
aaaaaa;0.59,0.189,0.068,0.317,0.0699,0.0417,0.472,0.535,0.979,0.143;aaa;
aaaaaa;0.339,0.576,0.925,0.0122,0.238,0.433,0.676,0.338,0.911,0.453;aaaaaaaaa;
aaaaaaaa;0.0272,0.397,0.778,0.155,0.97,0.366,0.274,0.182,0.226,0.766;aaaaaa;
a;0.89,0.17,0.634,0.307,0.000216,0.969,0.924,0.507,0.158,0.552;aaaa;
aaaaa;0.148,0.17,0.853,0.513,0.228,0.384,0.269,0.0833,0.364,0.732;aaaaaaaaa;
aaaa;0.0224,0.6,0.687,0.811,0.166,0.803,0.403,0.136,0.534,0.538;aaaaaa;
aaaaaaaaa;0.837,0.394,0.892,0.239,0.2,0.309,0.461,0.145,0.336,0.3;aaa;
aaaa;0.211,0.514,0.284,0.0194,0.879,0.746,0.437,0.179,0.814,0.814;aaa;
a;0.705,0.34,0.98,0.242,0.706,0.459,0.426,0.688,0.697,0.986;aaaaaaaa;
aaaaaa;0.686,0.395,0.758,0.15,0.496,0.261,0.824,0.388,0.751,0.165;aaaaaaa;
aaaa;0.391,0.554,0.0569,0.998,0.994,0.13,0.358,0.324,0.863,0.572;aaaa;
a;0.00672,0.674,0.175,0.473,0.841,0.0149,0.42,0.609,0.808,0.174;aaaaaaaa;
aa;0.845,0.603,0.756,0.385,0.929,0.125,0.218,0.877,0.223,0.662;aaaaaaa;
a;0.255,0.122,0.531,0.678,0.843,0.0659,0.687,0.261,0.803,0.773;aaaaaaa;
aa;0.418,0.973,0.542,0.11,0.872,0.0887,0.502,0.482,0.78,0.169;a;
aaaa;0.0408,0.391,0.355,0.0432,0.295,0.516,0.0781,0.65,0.853,0.685;aaaa;
aaaaaaaa;0.269,0.0542,0.916,0.598,0.616,0.119,0.341,0.66,0.843,0.0416;aa;
aaaa;0.534,0.648,0.806,0.601,0.331,0.715,0.999,0.107,0.206,0.365;aaaaaaa;
aaaaa;0.317,0.794,0.908,0.39,0.218,0.581,0.354,0.282,0.852,0.48;aaaaaaaaa;
aaaaa;0.838,0.864,0.991,0.549,0.759,0.00436,0.278,0.73,0.527,0.149;aaaaaa;
aaa;0.286,0.142,0.849,0.905,0.406,0.636,0.726,0.136,0.123,0.137;aaaaaaa;
aaaa;0.14,0.362,0.131,0.498,0.522,0.556,0.162,0.664,0.894,0.737;aaaaaaa;
aaaaa;0.121,0.084,0.888,0.526,0.238,0.908,0.144,0.121,0.876,0.543;aaa;
aaa;0.316,0.469,0.694,0.897,0.202,0.523,0.897,0.98,0.23,0.918;aa;
aaa;0.954,0.584,0.352,0.618,0.181,0.163,0.926,0.752,0.248,0.629;aaaaaaa;
aaaaaaa;0.771,0.732,0.161,0.229,0.619,0.0587,0.721,0.951,0.446,0.431;aa;
aaa;0.163,0.449,0.315,0.952,0.236,0.047,0.797,0.597,0.587,0.788;aaaaaaaaa;
aaaaaa;0.388,0.419,0.127,0.985,0.441,0.13,0.423,0.916,0.523,0.206;aa;
aaaa;0.781,0.387,0.172,0.974,0.599,0.167,0.612,0.365,0.584,0.385;a;
aa;0.651,0.534,0.12,0.555,0.674,0.685,0.915,0.498,0.627,0.707;aaaaaaa;
aaaaaa;0.806,0.913,0.102,0.173,0.818,0.603,0.146,0.268,0.446,0.265;a;
aa;0.589,0.389,0.742,0.645,0.986,0.249,0.286,0.308,0.379,0.874;aaaaa;
aa;0.22,0.707,0.0264,0.473,0.663,0.909,0.224,0.674,0.433,0.0845;aaaa;
aa;0.294,0.787,0.0515,0.116,0.0976,0.296,0.379,0.0462,0.976,0.219;aaaaaaaaaa;
aaaaaaaaa;0.359,0.167,0.286,0.949,0.391,0.716,0.679,0.974,0.717,0.78;aaaaa;
aaaaaaaa;0.988,0.858,0.762,0.442,0.797,0.313,0.373,0.105,0.0549,0.862;aaaaaaa;
a;0.426,0.364,0.143,0.759,0.836,0.363,0.805,0.308,0.515,0.0615;aaa;
aa;0.933,0.471,0.302,0.289,0.242,0.251,0.329,0.961,0.102,0.438;aaaaaa;
aaaaaaaa;0.372,0.223,0.869,0.0125,0.803,0.503,0.695,0.82,0.105,0.728;aaaaaaaaaa;
aaaaaa;0.787,0.955,0.953,0.778,0.357,0.173,0.728,0.25,0.858,0.392;aaa;
aaaaaaaaa;0.511,0.516,0.226,0.842,0.804,0.582,0.171,0.429,0.541,0.511;a;
aaaaaaaaa;0.0266,0.73,0.829,0.738,0.818,0.676,0.976,0.512,0.506,0.702;aaa;
aa;0.781,0.968,0.524,0.416,0.0373,0.209,0.029,0.205,0.392,0.823;aaa;
aaaaaaaa;0.184,0.704,0.834,0.0359,0.968,0.51,0.971,0.447,0.448,0.597;aaaaaaaa;
aaaaaaaaa;0.997,0.0343,0.0522,0.204,0.959,0.24,0.647,0.194,0.138,0.678;aaaaaa;
aaaaaa;0.368,0.781,0.523,0.127,0.207,0.694,0.189,0.991,0.764,0.39;aaa;
aaaa;0.611,0.735,0.732,0.205,0.594,0.389,0.0948,0.499,0.325,0.444;a;
aaaa;0.514,0.871,0.235,0.294,0.286,0.0124,0.808,0.813,0.908,0.865;aaaaaaa;
aaaaaaaa;0.195,0.563,0.248,0.197,0.456,0.387,0.547,0.274,0.953,0.348;aaaaaaaaa;
a;0.769,0.611,0.0883,0.696,0.762,0.278,0.937,0.634,0.977,0.912;aaaaaaaaaa;
aaa;0.0904,0.893,0.786,0.986,0.318,0.463,0.0983,0.123,0.185,0.0719;aaaaaaaaa;
aa;0.946,0.938,0.29,0.756,0.227,0.172,0.884,0.738,0.146,0.633;aaaa;
aaaaaaa;0.784,0.799,0.531,0.284,0.0707,0.961,0.243,1,0.856,0.525;aaaaaaaaa;
aaaaaaaa;0.195,0.393,0.134,0.668,0.892,0.115,0.951,0.411,0.761,0.966;aaaaaaa;
aa;0.704,0.318,0.916,0.0871,0.833,0.231,0.214,0.815,0.00911,0.603;a;
aaaaaaa;0.00238,0.126,0.123,0.463,0.803,0.342,0.437,0.357,0.133,0.67;aaaaaa;
aaaaaaaa;0.595,0.381,0.384,0.201,0.885,0.386,0.799,0.54,0.0255,0.0562;aaaaa;
aaaaa;0.104,0.831,0.106,0.475,0.642,0.653,0.653,0.0526,0.627,0.0214;a;
aaaaaaaa;0.851,0.495,0.725,0.963,0.347,0.998,0.9,0.99,0.376,0.493;aaaaaa;
aaa;0.0427,0.339,0.783,0.108,0.817,0.775,0.302,0.737,0.965,0.425;aaaaa;
aaaaaaaaa;0.111,0.409,0.355,0.586,0.997,0.0238,0.491,0.596,0.0999,0.777;aaaaaaaaaa;
aaaaaaaa;0.211,0.588,0.616,0.962,0.375,0.928,0.799,0.987,0.713,0.611;aaaaaaaaa;
aaaaaaaaa;0.991,0.233,0.106,0.082,0.445,0.673,0.491,0.561,0.395,0.407;aaaaaaa;
aaaa;0.272,0.884,0.415,0.14,0.823,0.253,0.795,0.455,0.87,0.321;aaaaaaaa;
aaaaaa;0.379,0.232,0.559,0.033,0.59,0.329,0.349,0.00435,0.0818,0.538;aaaaaaaa;
aaaa;0.904,0.0148,0.248,0.443,0.339,0.66,0.698,0.609,0.107,0.201;a;
aa;0.696,0.362,0.801,0.781,0.328,0.245,0.0937,0.0153,0.808,0.587;aaaaaaaaaa;
aaaaaaaa;0.595,0.0341,0.706,0.0209,0.519,0.774,0.544,0.606,0.707,0.833;aaaaaaaaa;
aaaaaaaaa;0.0549,0.266,0.734,0.513,0.9,0.822,0.477,0.771,0.22,0.245;aaaaaaaaa;
aaaaaaaa;0.399,0.259,0.265,0.503,0.726,0.638,0.823,0.0747,0.0639,0.654;aaa;
a;0.153,0.321,0.0672,0.0552,0.838,0.669,0.607,0.248,0.0761,0.302;a;
aaaaaaaa;0.734,0.187,0.775,0.4,0.00508,0.648,0.561,0.169,0.0295,0.273;aaaaaaaa;
aaaa;0.85,0.494,0.427,0.556,0.446,0.492,0.527,0.707,0.532,0.00283;a;
aaaaaaaa;0.458,0.572,0.758,0.524,0.498,0.72,0.733,0.197,0.122,0.133;aaa;
aaaaa;0.46,0.634,0.355,0.00527,0.72,0.924,0.869,0.44,0.00429,0.804;aaaaa;
aaaaaaa;0.472,0.229,0.338,0.085,0.0242,0.232,0.299,0.128,0.36,0.894;aaaaa;
aaaaaaaaa;0.662,0.465,0.661,0.703,0.263,0.723,0.597,0.55,0.188,0.985;aaaaaaaa;
aaaaa;0.044,0.844,0.995,0.754,0.741,0.134,0.189,0.573,0.708,0.00947;aaaaaaa;
aa;0.847,0.854,0.0917,0.349,0.493,0.598,0.44,0.931,0.68,0.901;a;
aaaaaaaa;0.761,0.428,0.162,0.723,0.314,0.6,0.935,0.434,0.641,0.953;aaaaa;
aaaaaaaaa;0.703,0.695,0.404,0.269,0.75,0.95,0.773,0.704,0.164,0.38;aaaaaa;
aaaaa;0.406,0.0151,0.141,0.945,0.624,0.689,0.956,0.459,0.856,0.95;aaaaaaaa;
a;0.2,0.283,0.788,0.597,0.847,0.538,0.628,0.36,0.419,0.649;aaaa;
aaaa;0.146,0.571,0.562,0.962,0.95,0.979,0.359,0.778,0.876,0.316;aaaaaaaaaa;
aaaaa;0.348,0.093,0.405,0.225,0.477,0.697,0.782,0.635,0.502,0.331;aaaa;
aa;0.502,0.717,0.613,0.161,0.867,0.662,0.853,0.995,0.89,0.557;aaa;
a;0.198,0.107,0.514,0.231,0.645,0.276,0.278,0.457,0.517,0.029;aaaaaaaaa;
aaaaaaaa;0.144,0.318,0.908,0.305,0.802,0.936,0.441,0.277,0.353,0.508;aaaaaaa;
aaaaaaaaa;0.463,0.098,0.591,0.764,0.412,0.917,0.279,0.547,0.109,0.169;a;
aaaaaaaa;0.714,0.00457,0.582,0.69,0.482,0.104,0.0849,0.224,0.673,0.344;aa;
a;0.942,0.367,0.632,0.218,0.0097,0.691,0.0317,0.495,0.705,0.979;a;
aaaa;0.71,0.0623,0.803,0.422,0.0139,0.574,0.927,0.196,0.25,0.594;aaaaaaa;
aaaaa;0.0713,0.995,0.441,0.307,0.822,0.942,0.445,0.00605,0.42,0.781;aaa;
aa;0.196,0.00185,0.3,0.745,0.0671,0.211,0.266,0.29,0.711,0.529;aaaaaa;
aaaaaaa;0.164,0.118,0.0122,0.556,0.687,0.411,0.169,0.819,0.0503,0.217;aaaaa;
aaaaaa;0.276,0.719,0.38,0.203,0.544,0.889,0.394,0.104,0.7,0.593;aaaaaaaaaa;
aaaaa;0.963,0.0461,0.321,0.414,0.986,0.151,0.777,0.545,0.245,0.333;aaaaaa;
aaaa;0.00829,0.88,0.67,0.306,0.22,0.11,0.929,0.639,0.629,0.672;aaa;
aaaaaaa;0.196,0.598,0.576,0.907,0.536,0.112,0.36,0.294,0.344,0.994;aaaaaaaaaa;
aaa;0.905,0.222,0.876,0.51,0.46,0.353,0.0737,0.644,0.894,0.193;aaa;
aaaaa;0.807,0.3,0.727,0.36,0.877,0.972,0.552,0.209,0.753,0.693;a;
aaaaaa;0.00223,0.0207,0.685,0.547,0.46,0.811,0.408,0.826,0.544,0.811;aaaa;
aaaaaaa;0.79,0.899,0.627,0.869,0.299,0.239,0.936,0.841,0.0279,0.224;aaa;
aa;0.122,0.781,0.902,0.11,0.539,0.239,0.613,0.916,0.905,0.323;aaaaaaaaa;
aaaaaa;0.457,0.247,0.591,0.73,0.913,0.583,0.579,1,0.659,0.395;a;
aaaaaaa;0.793,0.384,0.682,0.96,0.372,0.173,0.237,0.0639,0.469,0.0522;aaaaaaaaa;
aa;0.232,0.642,0.0687,0.128,0.428,0.788,0.232,0.175,0.262,0.411;aa;
aa;0.772,0.606,0.17,0.716,0.378,0.589,0.115,0.173,0.165,0.189;aaaaaaaaa;
aaaaaaa;0.458,0.372,0.478,0.57,0.787,0.215,0.0746,0.664,0.994,0.956;a;
aaaaa;0.884,0.534,0.162,0.747,0.675,0.819,0.164,0.712,0.499,0.752;aaaa;
a;0.99,0.951,0.526,0.076,0.671,0.543,0.716,0.472,0.454,0.093;aaaaaaaaaa;
aaa;0.141,0.453,0.162,0.707,0.985,0.821,0.263,0.68,0.0594,0.653;aaaa;
aaaaaa;0.873,0.597,0.0114,0.981,0.328,0.533,0.158,0.461,0.939,0.387;aaaaaaa;
aaaaa;0.219,0.872,0.661,0.9,0.0823,0.697,0.541,0.634,0.897,0.216;aaaaa;
aaaaaaaa;0.928,0.0719,0.0288,0.427,0.799,0.907,0.00767,0.572,0.505,0.415;aaaaaaaaa;
aaaa;0.892,0.198,0.425,0.751,0.479,0.395,0.968,0.32,0.922,0.0121;aaaaaa;
aaaaaaaaa;0.45,0.715,0.427,0.829,0.608,0.365,0.963,0.672,0.712,0.176;aaaaa;
aaaaa;0.545,0.52,0.773,0.89,0.291,0.36,0.358,0.276,0.632,0.669;aaa;
aa;0.133,0.634,0.365,0.171,0.816,0.527,0.571,0.255,0.863,0.755;aaaaa;
aaa;0.907,0.264,0.0155,0.376,0.741,0.354,0.558,0.719,0.0198,0.382;aaaaaaaaa;
a;0.327,0.45,0.471,0.293,0.825,0.567,0.636,0.609,0.797,0.595;aaa;
aa;0.228,0.548,0.97,0.284,0.474,0.946,0.292,0.2,0.694,0.981;aaa;
aaaaaaaa;0.587,0.212,0.466,0.241,0.665,0.584,0.113,0.852,0.44,0.827;aaaaaa;
aa;0.547,0.902,0.787,0.173,0.443,0.58,0.472,0.243,0.62,0.784;aaa;
aa;0.378,0.165,0.221,0.954,0.293,0.757,0.545,0.457,0.802,0.019;aaaaaaaaa;
aaaa;0.887,0.174,0.152,0.484,0.337,0.754,0.631,0.26,0.384,0.338;a;
a;0.704,0.29,0.875,0.944,0.875,0.0191,0.0184,0.686,0.233,0.398;aaa;
aaaaaaaa;0.298,0.113,0.226,0.815,0.347,0.772,0.829,0.0624,0.43,0.989;aaaaaaaaa;
aaaaaaaaa;0.488,0.15,0.069,0.709,0.219,0.329,0.0965,0.118,0.252,0.724;aa;
aaaaaaaaa;0.557,0.892,0.446,0.738,0.409,0.245,0.554,0.623,0.819,0.347;aaaaaaaaaa;
a;0.997,0.867,0.475,0.5,0.801,0.0762,0.618,0.383,0.816,0.975;aaaaaaaaa;
aaaaaa;0.995,0.6,0.109,0.408,1,0.954,0.933,0.692,0.339,0.739;aa;
aaa;0.0345,0.25,0.732,0.469,0.929,0.0635,0.38,0.885,0.429,0.719;aaaaa;
a;0.924,0.601,0.942,0.0461,0.606,0.623,0.892,0.891,0.881,0.939;a;
aa;0.474,0.906,0.105,0.0481,0.681,0.332,0.389,0.614,0.00863,0.202;aaaaaaaaaa;
aaa;0.208,0.217,0.656,0.123,0.00868,0.439,0.609,0.851,0.98,0.527;aaaaaa;
aaaaaaa;0.15,0.42,0.633,0.386,0.568,0.867,0.999,0.77,0.025,0.951;aaaaaaaaaa;
aaa;0.462,0.445,0.711,0.0354,0.947,0.736,0.889,0.979,0.651,0.987;aaaaaa;
aaa;0.912,0.545,0.265,0.935,0.856,0.313,0.578,0.6,0.558,0.792;aaaaa;
aaaaa;0.771,0.158,0.558,0.0443,0.732,0.304,0.812,0.335,0.161,0.467;aaaaaaaaa;
aaaaa;0.208,0.281,0.919,0.175,0.0967,0.135,0.0758,0.0317,0.524,0.592;aaaa;
aaaa;0.589,0.676,0.606,0.151,0.799,0.554,0.185,0.572,0.908,0.554;aaaaaaaa;
aaaaaaa;0.444,0.628,0.309,0.194,0.544,0.151,0.00833,0.00217,0.0512,0.957;aa;
a;0.0461,0.166,0.739,0.716,0.25,0.446,0.0697,0.43,0.465,0.191;aaaaa;
aaaaa;0.204,0.701,0.193,0.248,0.847,0.564,0.58,0.499,0.97,0.214;aaaaaaa;
aaaaaaa;0.193,0.33,0.786,0.298,0.286,0.475,0.757,0.532,0.755,0.577;aaaaaaaa;
aaaaaaaaa;0.663,0.598,0.483,0.913,0.435,0.219,0.953,0.1,0.899,0.861;aaaa;
a;0.291,0.0412,0.354,0.476,0.892,0.548,0.73,0.541,0.92,0.393;aaaa;
aaaaaaaaa;0.424,0.31,0.779,0.23,0.0146,0.471,0.111,0.871,0.672,0.547;aaaaa;
aaaaaaaaa;0.041,0.0825,0.533,0.155,0.181,0.166,0.466,0.0961,0.839,0.257;aaa;
aaaaaaaa;0.364,0.395,0.451,0.592,0.718,0.846,0.885,0.2,0.97,0.401;aa;
aa;0.574,0.331,0.975,0.895,0.431,0.652,0.759,0.597,0.493,0.878;aaaaa;
aaaa;0.186,0.811,0.6,0.404,0.822,0.025,0.388,0.281,0.78,0.861;aaa;
aaa;0.204,0.353,0.656,0.0872,0.529,0.415,0.196,0.63,0.919,0.451;aaaaaa;
aaaa;0.846,0.753,0.707,0.601,0.879,0.72,0.695,0.619,0.381,0.659;aaaaa;
aaaaa;0.591,0.0586,0.283,0.575,0.0298,0.0728,0.121,0.779,0.973,0.821;aaaaaaaa;
aaaaaaaaa;0.507,0.524,0.668,0.507,0.787,0.269,0.0215,0.269,0.316,0.259;aaaaaaa;
aa;0.231,0.574,0.298,0.569,0.571,0.756,0.871,0.241,0.992,0.848;aaaaaaaaa;
aaaaa;0.471,0.278,0.903,0.74,0.835,0.249,0.0719,0.633,0.379,0.63;aaaaa;
a;0.33,0.999,0.2,0.153,0.636,0.825,0.422,0.761,0.896,0.945;aaaaaaaaaa;
aaa;0.0862,0.331,0.779,0.54,0.169,0.17,0.355,0.46,0.251,0.00953;a;
aaaaa;0.768,0.323,0.87,0.265,0.825,0.487,0.411,0.303,0.0822,0.752;aaaaaaaa;
aa;0.95,0.124,0.822,0.857,0.231,0.092,0.978,0.535,0.534,0.539;aaaaaa;
aa;0.148,0.0474,0.445,0.468,0.602,0.141,0.768,0.515,0.879,0.35;aaaaaaaaa;
a;0.728,0.797,0.586,0.313,0.338,0.694,0.175,0.081,0.732,0.875;aa;
aa;0.252,0.318,0.793,0.652,0.618,0.17,0.723,0.488,0.469,0.719;aaaaaa;
a;0.834,0.372,0.781,0.337,0.948,0.823,0.866,0.0239,0.873,0.432;aaaaaa;
aaaaaa;0.0953,0.408,0.451,0.535,0.501,0.34,0.528,0.499,0.331,0.968;aaaaaaaaa;
aaaaaaaa;0.523,0.0908,0.0872,0.373,0.101,0.293,0.13,0.612,0.485,0.961;a;
aaaa;0.321,0.493,0.0808,0.537,0.387,0.388,0.0748,0.0988,0.0682,0.733;aaaaaaaaa;
a;0.791,0.113,0.47,0.0762,0.807,0.847,0.766,0.159,0.39,0.929;aaaaaaa;
aaaaaaaaa;0.156,0.571,0.63,0.446,0.971,0.407,0.322,0.871,0.271,0.65;aaaaa;
aaaaaaaa;0.314,0.283,0.893,0.919,0.228,0.556,0.313,0.147,0.363,0.0771;aa;
aaa;0.114,0.586,0.766,0.336,0.196,0.152,0.632,0.98,0.3,0.669;aaa;
aaaaa;0.638,0.525,0.118,0.0876,0.688,0.51,0.113,0.196,0.623,0.168;aaaa;
aaaaaa;0.0638,0.295,0.168,0.177,0.85,0.386,0.115,0.576,0.752,0.326;aaaaaaaa;
aaaaaaaaa;0.388,0.955,0.605,0.185,0.673,0.983,0.405,0.291,0.215,0.902;aaaaaaaaa;
aaaaaaaaa;0.493,0.575,0.442,0.914,0.919,0.997,0.434,0.426,0.45,0.382;aaaaaaaaa;
aaaaa;0.71,0.749,0.571,0.024,0.448,0.414,0.294,0.809,0.446,0.378;aaaa;
a;0.655,0.28,0.132,0.605,0.462,0.548,0.82,0.454,0.341,0.177;a;
aa;0.894,0.283,0.856,0.903,0.311,0.323,0.11,0.146,0.643,0.755;aaaaaaa;
aaaaaaaa;0.672,0.71,0.0256,0.828,0.0656,0.0378,0.609,0.87,0.957,0.359;a;
a;0.563,0.456,0.149,0.222,0.535,0.663,0.329,0.0617,0.0778,0.211;aaaaaaaa;
aaa;0.267,0.526,0.741,0.753,0.334,0.496,0.811,0.326,0.0511,0.559;a;
aa;0.447,0.836,0.246,0.567,0.121,0.244,0.13,0.422,0.42,0.0518;aaaa;
aaaaa;0.79,0.563,0.98,0.425,0.833,0.297,0.321,0.0948,0.0174,0.831;aaaaaaaaa;
a;0.188,0.0993,0.583,0.212,0.851,0.87,0.367,0.968,0.978,0.375;a;
a;0.999,0.923,0.803,0.571,0.987,0.356,0.944,0.523,0.684,0.829;aa;
aaaaaaaa;0.475,0.929,0.282,0.641,0.787,0.0738,0.603,0.453,0.454,0.958;aaaaaaaa;
aa;0.811,0.765,0.777,0.937,0.578,0.291,0.887,0.401,0.463,0.59;aaaaaaaaa;
aaa;0.872,0.976,0.229,0.577,0.152,0.333,0.388,0.401,0.932,0.356;aaa;
aaa;0.813,0.71,0.186,0.187,0.937,0.873,0.665,0.307,0.254,0.816;aaaaaaaaa;
aaaaaaa;0.277,0.257,0.0737,0.526,0.663,0.43,0.207,0.658,0.0278,0.311;aaaaaa;
aaaaaaaaa;0.182,0.308,0.973,0.964,0.0888,0.683,0.66,0.431,0.384,0.426;aaaa;
aaaaaaa;0.245,0.446,0.718,0.288,0.0798,0.168,0.452,0.626,0.877,0.817;aaaaaaa;
aaaa;0.121,0.606,0.463,0.379,0.864,0.31,0.448,0.0454,0.287,0.211;aaaaaaaa;
aaaaaaaa;0.817,0.606,0.401,0.691,0.934,0.718,0.774,0.265,0.521,0.037;aaa;
aaaaaaaaa;0.237,0.946,0.672,0.114,0.776,0.864,0.655,0.203,0.772,0.373;aa;
aaaaa;0.961,0.976,0.663,0.276,0.226,0.563,0.256,0.839,0.502,0.917;a;
aaaaaaaaa;0.0641,0.634,0.0281,0.982,0.167,0.404,0.327,0.752,0.773,0.801;aaa;
aaaa;0.486,0.908,0.367,0.281,0.975,0.533,0.63,0.696,0.663,0.766;aa;
aaa;0.612,0.519,0.76,0.151,0.741,0.832,0.853,0.0856,0.032,0.258;aaa;
aa;0.0534,0.955,0.825,0.037,0.372,0.163,0.883,0.379,0.364,0.0132;aaaa;
aa;0.669,0.365,0.604,0.158,0.0256,0.638,0.857,0.584,0.973,0.872;aaaaaa;
aaaaa;0.798,0.35,0.463,0.27,0.629,0.0836,0.799,0.811,0.741,0.197;aaaa;
aaaaaa;0.432,0.404,0.764,0.884,0.915,0.306,0.635,0.000458,0.632,0.269;aa;
aa;0.367,0.695,0.737,0.584,0.292,0.93,0.377,0.227,0.544,0.683;aaaaaaaaa;
aaaaaaaaa;0.705,0.451,0.489,0.663,0.403,0.492,0.534,0.334,0.337,0.794;aa;
aaaaa;0.422,0.783,0.646,0.279,0.266,0.703,0.98,0.441,0.179,0.382;aaaaaaaaaa;
aa;0.943,0.499,0.506,0.275,0.749,0.59,0.498,0.87,0.788,0.0152;a;
aaaaaaa;0.222,0.758,0.795,0.79,0.168,0.802,0.351,0.112,0.023,0.433;aaaaaaaaa;
aa;0.147,0.749,0.173,0.425,0.934,0.747,1,0.365,0.757,0.18;aaaaaaaaaa;
aa;0.35,0.913,0.691,0.661,0.644,0.202,0.633,0.821,0.0261,0.412;aaaaaaaaaa;
aaaaaa;0.262,0.191,0.0544,0.292,0.551,0.656,0.15,0.0832,0.112,0.992;aaaaaaa;
aaaaaaa;0.347,0.327,0.764,0.0756,0.618,0.189,0.199,0.787,0.634,0.997;aaaaaaaaa;
aaaaaaaaa;0.558,0.23,0.946,0.247,0.612,0.931,0.594,0.712,0.306,0.818;aaaaa;
aaa;0.755,0.89,0.627,0.695,0.191,0.512,0.603,0.193,0.395,0.935;a;
a;0.632,0.627,0.627,0.385,0.758,0.0231,0.967,0.644,0.832,0.205;aaaaaaa;
aaaaaaaaa;0.931,0.82,0.73,0.391,0.261,0.117,0.372,0.393,0.493,0.905;a;
aaaaaaa;0.717,0.873,0.935,0.312,0.695,0.203,0.24,0.0451,0.835,0.338;aa;
aaaaa;0.717,0.465,0.484,0.258,0.29,0.273,0.572,0.059,0.107,0.0511;aaaaaa;
aa;0.31,0.0692,0.15,0.0258,0.131,0.424,0.365,0.79,0.876,0.448;aaaaaaaaa;
aaaa;0.792,0.765,0.72,0.479,0.391,0.878,0.399,0.307,0.276,0.346;aaaaaaaa;
aaa;0.752,0.854,0.48,0.102,0.492,0.174,0.36,0.568,0.0553,0.0719;aa;
aa;0.359,0.265,0.11,0.0266,0.328,0.406,0.895,0.574,0.777,0.147;aaaaaa;
aaaaaaa;0.112,0.173,0.394,0.957,0.106,0.241,0.61,0.643,0.766,0.0895;aaaaa;
aaaaaaa;0.517,0.378,0.343,0.44,0.87,0.974,0.404,0.45,0.518,0.649;aaaaaaaaa;
aaaaaaa;0.827,0.914,0.815,0.392,0.201,0.404,0.151,0.726,0.407,0.711;aaaaaaaaa;
aaaaaa;0.492,0.627,0.687,0.836,0.299,0.801,0.0159,0.0211,0.458,0.492;aa;
aa;0.836,0.054,0.719,0.444,0.0033,0.534,0.175,0.489,0.946,0.901;aaaaaaaa;
aaaaaaaa;0.489,0.652,0.934,0.884,0.931,0.512,0.57,0.0178,0.92,0.859;aaaaa;
aaaaa;1,0.481,0.344,0.251,0.94,0.887,0.157,0.622,0.481,0.865;aaaaaaa;
aaaaaaa;0.824,0.404,0.232,0.199,0.164,0.0684,0.797,0.925,0.408,0.56;aaaaa;
aaaaaa;0.28,0.982,0.789,0.663,0.0474,0.978,0.759,0.351,0.803,0.0324;aa;
aaaaaaaa;0.657,0.151,0.324,0.856,0.303,0.886,0.319,0.91,0.965,0.764;aaaaaaaaa;
aaaaaaaa;0.865,0.875,0.998,0.386,0.321,0.853,0.605,0.785,0.0814,0.801;aaaa;
aaaaaa;0.101,0.23,0.413,0.101,0.516,0.404,0.911,0.465,0.45,0.712;aa;
aaaaaaaa;0.829,0.15,0.931,0.923,0.0521,0.956,0.191,0.662,0.72,0.00451;aaaa;
aaaaaaaa;0.441,0.39,0.0132,0.807,0.124,0.532,0.66,0.986,0.969,0.0555;aaaaaaaaa;
aaaaa;0.617,0.243,0.348,0.232,0.175,0.77,0.0221,0.305,0.0326,0.174;aaaaaaaaaa;
aaa;0.838,0.51,0.4,0.271,0.326,0.895,0.0947,0.505,0.774,0.506;aaaaaaaaa;
aa;0.582,0.412,0.978,0.447,0.00191,0.123,0.28,0.773,0.955,0.646;aaaaaaaaa;
a;0.417,0.937,0.122,0.893,0.134,0.634,0.942,0.176,0.00493,0.574;aaaaaaa;
aaaaaa;0.429,0.000744,0.602,0.396,0.262,0.78,0.895,0.0212,0.722,0.483;aaaaaaaaaa;
aaa;0.949,0.00806,0.98,0.795,0.0625,0.0296,0.977,0.958,0.962,0.00162;aaaaa;
aaaaaa;0.937,0.26,0.129,0.585,0.667,0.0682,0.215,0.913,0.736,0.626;aaa;
aaaaa;0.269,0.0768,0.778,0.792,0.366,0.338,0.333,0.0227,0.237,0.747;aaaaaaaaaa;
aaaa;0.951,0.912,0.852,0.838,0.402,0.96,0.473,0.413,0.503,0.972;a;
aaaa;0.416,0.848,0.342,0.673,0.745,0.376,0.779,0.465,0.0969,0.783;aaaaaaa;
aaaa;0.608,0.742,0.000338,0.0385,0.368,0.3,0.729,0.831,0.955,0.343;aaaa;
aaa;0.917,0.529,0.396,0.059,0.548,0.927,0.0585,0.767,0.945,0.057;aaaaaaaaaa;
aaaaaa;0.258,0.144,0.641,0.802,0.995,0.506,0.386,0.166,0.764,0.97;aaaaa;
aaaaa;0.017,0.751,0.613,0.816,0.0344,0.348,0.264,0.412,0.485,0.0646;aaaaaaaaaa;
aa;0.325,0.543,0.97,0.174,0.106,0.165,0.726,0.324,0.473,0.777;aaaaa;
aaaa;0.959,0.34,0.243,0.587,0.79,0.112,0.178,0.817,0.296,0.893;aaaa;
aaaaaaa;0.944,0.663,0.339,0.371,0.542,0.132,0.584,0.582,0.985,0.0825;aaaaaaa;
aaaaaaaa;0.112,0.554,0.764,0.22,0.351,0.13,0.116,0.768,0.654,0.289;aaaaaaaaa;
aaaa;0.255,0.599,0.878,0.854,0.139,0.37,0.71,0.756,0.875,0.0194;aaaaaaaa;
aaaaaaa;0.832,0.426,0.155,0.615,0.524,0.222,0.114,0.465,0.105,0.928;aa;
aaaa;0.188,0.00964,0.223,0.352,0.634,0.533,0.0697,0.207,0.689,0.617;aaaa;
aaaa;0.14,0.0924,0.938,0.603,0.253,0.947,0.838,0.801,0.405,0.501;aaaaaaaa;
aaaaaaaa;0.536,0.318,0.654,0.0831,0.236,0.894,0.16,0.671,0.984,0.612;aaa;
aaaaa;0.763,0.555,0.376,0.532,0.27,0.602,0.743,0.148,0.454,0.18;aaaaa;
aaaa;0.0896,0.228,0.000127,0.787,0.219,0.378,0.0771,0.857,0.702,0.38;aaaa;
aaaaa;0.759,0.263,0.532,0.503,0.308,0.659,0.383,0.579,0.615,0.834;aaaaaaa;
aaaa;0.214,0.877,0.795,0.0952,0.122,0.00119,0.476,0.271,0.438,0.92;aa;
aaaaaaa;0.826,0.763,0.0565,0.19,0.263,0.21,0.688,0.98,0.89,0.0189;aaaaa;
aaaaaaaa;0.131,0.615,0.109,0.784,0.0721,0.611,0.548,0.865,0.224,0.745;aaa;
aaa;0.32,0.711,0.832,0.23,0.454,0.588,0.418,0.867,0.00584,0.496;aa;
aaaaaa;0.438,0.613,0.511,0.597,0.589,0.0732,0.395,0.846,0.000795,0.184;aa;
a;0.653,0.833,0.0337,0.0212,0.0295,0.447,0.701,0.00826,0.0717,0.69;aaaaa;
aaaaaaaaa;0.0432,0.783,0.712,0.905,0.468,0.0113,0.454,0.12,0.656,0.265;aaa;
aaa;0.96,0.857,0.258,0.0958,0.838,0.173,0.836,0.255,0.964,0.73;aaaaaaaaa;
aaaaa;0.929,0.793,0.0164,0.28,0.457,0.692,0.48,0.835,0.0978,0.414;aaa;
aaaaaaaa;0.295,0.495,0.62,0.946,0.87,0.487,0.477,0.597,0.882,0.807;aaaaa;
aaa;0.565,0.876,0.0828,0.989,0.595,0.176,0.694,0.867,0.884,0.459;aaaaaaaaa;
aaaa;0.894,0.182,0.0301,0.342,0.23,0.272,0.398,0.764,0.436,0.342;aaaaaaa;
aaaaaaaaa;0.491,0.249,0.876,0.197,0.489,0.724,0.393,0.413,0.871,0.713;aaaa;
aaaa;0.562,0.641,0.488,0.554,0.819,0.377,0.589,0.941,0.424,0.121;aaaaaaaaa;
aa;0.351,0.582,0.394,0.527,0.16,0.648,0.267,0.594,0.0943,0.586;aaaaaaa;
a;0.907,0.784,0.0447,0.782,0.482,0.424,0.434,0.356,0.9,0.881;aaaaaaa;
aaaaaaaaa;0.26,0.933,0.00754,0.372,0.57,0.682,0.366,0.327,0.189,0.516;aaaa;
aaaaaaaaa;0.927,0.505,0.736,0.825,0.36,0.945,0.846,0.245,0.416,0.763;aaaaaaaa;
aaaaaaa;0.956,0.123,0.287,0.487,0.565,0.296,0.912,0.266,0.678,0.294;aaaaaaaaa;
aaaaaaaaa;0.603,0.0394,0.0731,0.818,0.716,0.123,0.153,0.419,0.418,0.989;aaaaaaaaa;
aaaaaa;0.751,0.575,0.574,0.51,0.521,0.326,0.104,0.694,0.223,0.176;aaaaa;
aa;0.749,0.0662,0.681,0.16,0.721,0.0952,0.493,0.0872,0.487,0.996;aa;
aaa;0.455,0.539,0.41,0.934,0.0815,0.698,0.777,0.283,0.951,0.0805;aaaaaa;
a;0.0118,0.108,0.103,0.876,0.65,0.827,0.97,0.212,0.757,0.00934;aaaaaaaaaa;
aaa;0.579,0.36,0.733,0.754,0.785,0.633,0.997,0.605,0.889,0.904;aaaaaaaa;
aaaaaa;0.562,0.67,0.49,0.471,0.759,0.207,0.785,0.349,0.753,0.149;aaa;
aa;0.733,0.481,0.522,0.69,0.171,0.857,0.38,0.276,0.14,0.807;aaa;
aa;0.0359,0.666,0.36,0.293,0.617,0.95,0.827,0.317,0.859,0.121;aaaaaaaaaa;
aaaaaaaa;0.986,0.136,0.813,0.699,0.164,0.639,0.681,0.54,0.688,0.126;aaaa;
a;0.866,0.698,0.657,0.551,0.862,0.0273,0.596,0.758,0.852,0.801;aa;
aaaaaaaa;0.444,0.322,0.888,0.446,0.297,0.392,0.669,0.361,0.198,0.372;aa;
aaaaa;0.118,0.868,0.882,0.832,0.514,0.0772,0.98,0.691,0.154,0.836;aaaaaaaa;
aaaaa;0.914,0.868,0.123,0.639,0.0349,0.197,0.762,0.931,0.269,0.829;aaaaaa;
aaa;0.169,0.566,0.122,0.748,0.335,0.0378,0.858,0.166,0.266,0.503;aaaaaa;
aa;0.578,0.939,0.288,0.709,0.106,0.822,0.331,0.265,0.0813,0.373;aaaaaaaaa;
aaaaaaa;0.251,0.696,0.569,0.138,0.998,0.788,0.156,0.962,0.131,0.486;aaaaaaa;
aaaaaa;0.0339,0.35,0.223,0.0635,0.87,0.425,0.336,0.455,0.596,0.0767;aaaaaaa;
aaaaa;0.349,0.536,0.033,0.647,0.795,0.797,0.675,0.742,0.0948,0.188;a;
a;0.0992,0.907,0.864,0.126,0.409,0.809,0.717,0.858,0.195,0.289;aaaaaaaaaa;
aaaaaa;0.504,0.909,0.619,0.365,0.74,0.296,0.987,0.759,0.119,0.758;aaaaaaaaaa;
aaaa;0.421,0.696,0.826,0.184,0.703,0.172,0.847,0.0512,0.91,0.136;aaaaaaa;
aaaaaaa;0.246,0.952,0.697,0.184,0.425,0.0583,0.406,0.976,0.451,0.00869;a;
aaaa;0.175,0.812,0.611,0.222,0.996,0.586,0.923,0.908,0.574,0.671;aaaa;
a;0.248,0.452,0.729,0.43,0.123,0.546,0.522,0.0575,0.279,0.0422;a;
a;0.175,0.886,0.858,0.591,0.23,0.888,0.2,0.0214,0.701,0.524;aaaaaaaa;
aaa;0.434,0.878,0.536,0.855,0.891,0.503,0.466,0.648,0.545,0.0433;aaaaa;
aaaaaa;0.974,0.793,0.791,0.688,0.97,0.457,0.553,0.521,0.461,0.546;aaaaaaaa;
aaaaaaa;0.524,0.362,0.0969,0.056,0.719,0.446,0.359,0.691,0.341,0.701;aaa;
aaaa;0.86,0.133,0.0482,0.055,0.629,0.257,0.785,0.416,0.39,0.245;aaaa;
aa;0.209,0.159,0.738,0.525,0.316,0.624,0.277,0.865,0.799,0.744;aaaaaaaaaa;
aa;0.29,0.837,0.191,0.294,0.676,0.898,0.761,0.483,0.662,0.48;aaaa;
aaaa;0.983,0.228,0.939,0.161,0.32,0.315,0.118,0.0027,0.549,0.232;aaaaaaa;
aa;0.899,0.735,0.71,0.648,0.646,0.249,0.429,0.0701,0.845,0.076;aa;
aaaa;0.0452,0.105,0.215,0.522,0.262,0.923,0.955,0.371,0.821,0.0876;aa;
aaaa;0.857,0.0911,0.378,0.546,0.479,0.282,0.809,0.0452,0.785,0.643;aaaaaaaa;
aaaaaaaa;0.858,0.614,0.7,0.233,0.227,0.267,0.876,0.92,0.018,0.408;aaaaa;
aaaaa;0.53,0.983,0.771,0.615,0.591,0.681,0.574,0.437,0.198,0.755;aaaaa;
aaaaaaaa;0.703,0.345,0.575,0.0256,0.44,0.993,0.95,0.427,0.24,0.286;a;
a;0.648,0.756,0.116,0.388,0.196,0.936,0.394,0.331,0.922,0.421;aaaa;
aaaaa;0.746,0.34,0.0611,0.903,0.31,0.428,0.586,0.682,0.583,0.402;aaaaaa;
aaaaaaa;0.162,0.203,0.337,0.68,0.584,0.388,0.946,0.138,0.615,0.707;aaaa;
aaa;0.0351,0.214,0.401,0.405,0.0837,0.0924,0.168,0.682,0.133,0.189;aaaaaaaa;
a;0.141,0.856,0.442,0.649,0.951,0.541,0.424,0.647,0.967,0.77;aaa;
aaaaaaa;0.582,0.822,0.081,0.33,0.501,0.618,0.807,0.312,0.578,0.329;aaa;
a;0.41,0.0707,0.128,0.0682,0.756,0.808,0.224,0.755,0.178,0.227;aaaaaaaaa;
aaaaaaa;0.689,0.169,0.254,0.838,0.311,0.286,0.514,0.208,0.621,0.852;aaaaaa;
aaaaa;0.497,0.921,0.29,0.774,0.947,0.48,0.322,0.389,0.63,0.223;aaaa;
aaaaa;0.51,0.176,0.633,0.352,0.422,0.18,0.129,0.736,0.518,0.871;a;
aaaaaaa;0.295,0.28,0.349,0.82,0.0353,0.235,0.931,0.929,0.536,0.0689;aaaaaaaa;
aaa;0.673,0.747,0.151,0.648,0.717,0.0863,0.206,0.767,0.183,0.857;aaaaaaaaaa;
aaaaaaaa;0.886,0.485,0.0706,0.114,0.892,0.694,0.412,0.553,0.552,0.303;aaa;
a;0.0768,0.908,0.887,0.00415,0.301,0.184,0.332,0.461,0.927,0.804;aaa;
aaaaaa;0.703,0.843,0.988,0.214,0.589,0.333,0.151,0.52,0.815,0.687;aaaaaaaaaa;
aa;0.329,0.951,0.377,0.743,0.115,0.92,0.129,0.987,0.436,0.645;a;
aaaa;0.596,0.885,0.353,0.865,0.643,0.624,0.973,0.296,0.761,0.899;aaaaaaaaaa;
aaaaa;0.392,0.152,0.406,0.32,0.618,0.0917,0.134,0.598,0.251,0.957;aaaaaa;
aa;0.835,0.229,0.342,0.881,0.0769,0.159,0.65,0.879,0.125,0.0294;aaaaa;
a;0.285,0.196,0.742,0.448,0.439,0.743,0.832,0.52,0.888,0.00057;aaa;
aaaaaaaa;0.701,0.000319,0.102,0.457,0.781,0.57,0.483,0.207,0.606,0.432;aa;
aaaaa;0.526,0.797,0.695,0.621,0.496,0.688,0.913,0.55,0.935,0.209;aaaaaaaa;
aa;0.418,0.608,0.432,0.943,0.673,0.954,0.968,0.971,0.694,0.357;aaaaaaaaaa;
aaaaa;0.105,0.848,0.262,0.695,0.328,0.337,0.658,0.404,0.913,0.376;aaa;
aaaaaaaaa;0.832,0.00375,0.83,0.841,0.755,0.746,0.937,0.913,0.288,0.572;aaaaa;
aaaaaaaa;0.17,0.0797,0.164,0.81,0.789,0.00013,0.0475,0.695,0.348,0.43;aa;
aaaaaaaa;0.523,0.191,0.591,0.371,0.97,0.47,0.283,0.272,0.761,0.809;aaaaaaa;
aaaa;0.222,0.683,0.896,0.53,0.193,0.422,0.829,0.6,0.646,0.481;aaaaaaaaa;
aaaaaa;0.132,0.513,0.625,0.349,0.972,0.268,0.0191,0.332,0.582,0.864;a;
aaaaa;0.754,0.959,0.00439,0.32,0.815,0.897,0.067,0.486,0.321,0.904;a;
aaaaaaa;0.904,0.126,0.352,0.635,0.0546,0.11,0.4,0.454,0.284,0.259;aaaaaaaa;
aa;0.975,0.528,0.395,0.891,0.223,0.904,0.255,0.129,0.316,0.388;aaa;
aaaaaaaa;0.473,0.29,0.3,0.325,0.127,0.455,0.974,0.101,0.623,0.0785;aaaa;
a;0.766,0.677,0.217,0.044,0.155,0.579,0.497,0.0651,0.608,0.361;aaaaaaaaaa;
aaa;0.116,0.863,0.212,0.0268,0.24,0.061,0.247,0.164,0.6,0.956;aaaaaaaa;
a;0.976,0.306,0.513,0.15,0.115,0.343,0.562,0.721,0.84,0.95;a;
aaaaaaaaa;0.0599,0.207,0.00239,0.17,0.00297,0.748,0.857,0.881,0.792,0.578;aaaaaaaaaa;
a;0.882,0.444,0.255,0.355,0.869,0.0902,0.782,0.567,0.0274,0.19;aaaaaaaa;
aaaaaa;0.396,0.328,0.734,0.258,0.72,0.901,0.587,0.681,0.196,0.342;aaaaaaaaaa;
aaaaaaaa;0.684,0.104,0.852,0.106,0.333,0.868,0.377,0.435,0.11,0.104;aaaaaaaaaa;
aa;0.252,0.329,0.846,0.137,0.419,0.786,0.741,0.0159,0.701,0.336;aaaaaaaaaa;
aaaaa;0.947,0.851,0.834,0.0731,0.363,0.453,0.611,0.754,0.00837,0.0463;aaaaa;
aaaa;0.2,0.975,0.403,0.15,0.401,0.745,0.0458,0.652,0.878,0.537;aaaaaaaaa;
aaaaaaa;0.206,0.78,0.309,0.4,0.71,0.915,0.409,0.559,0.66,0.429;aaaaa;
aaaaaaa;0.783,0.956,0.805,0.851,0.423,0.584,0.331,0.588,0.194,0.672;aaaaaa;
aa;0.66,0.311,0.604,0.618,0.125,0.0832,0.353,0.222,0.235,0.612;aaaa;
aaaaaaaa;0.695,0.954,0.428,0.794,0.379,0.468,0.0613,0.772,0.283,0.0878;aaaaaaaa;
aaaaaaaa;0.735,0.31,0.867,0.837,0.443,0.875,0.88,0.345,0.237,0.415;aaaaaaa;
aaaa;0.84,0.92,0.0638,0.0575,0.0101,0.848,0.462,0.0692,0.0226,0.106;aaaaaaaa;
aaaaaaaa;0.0323,0.144,0.838,0.217,0.659,0.0447,0.456,0.395,0.205,0.602;aaaaaaaa;
aaaaaa;0.381,0.265,0.311,0.48,0.879,0.853,0.0449,0.0721,0.32,0.815;aaaaaaaaa;
aaa;0.0392,0.0708,0.16,0.309,0.121,0.119,0.76,0.973,0.307,0.569;aaaa;
a;0.243,0.396,0.709,0.0838,0.345,0.766,0.74,0.109,0.671,0.298;a;
aaaa;0.298,0.912,0.344,0.676,0.738,0.165,0.572,0.118,0.356,0.693;aaaaaaaaa;
aa;0.875,0.209,0.395,0.104,0.758,0.812,0.438,0.554,0.642,0.952;aaaaa;
aaaaaa;0.226,0.982,0.77,0.863,0.531,0.041,0.764,0.91,0.243,0.95;aaaa;
aaaaaaaaa;0.812,0.497,0.627,0.422,0.646,0.767,0.341,0.623,0.72,0.587;aaaaaa;
aaaaaa;0.139,0.342,0.176,0.257,0.95,0.628,0.928,0.913,0.304,0.398;aaaaaaaaa;
aaaaaaaa;0.986,0.593,0.437,0.764,0.385,0.253,0.312,0.608,0.985,0.294;aaaa;
aaaaaaa;0.754,0.369,0.724,0.856,0.854,0.892,0.686,0.705,0.619,0.0656;aaaaaa;
aaaaaa;0.786,0.47,0.859,0.772,0.401,0.821,0.327,0.214,0.564,0.882;aaaa;
aaaaaaaaa;0.265,0.824,0.977,0.622,0.226,0.951,0.571,0.0412,0.723,0.261;aaaaaaa;
aaaaaaa;0.902,0.19,0.256,0.0308,0.105,0.563,0.913,0.372,0.767,0.958;aaaa;
aaaaaaaa;0.0433,0.764,0.583,0.213,0.00828,0.577,0.15,0.772,0.81,0.754;aaaa;
aaaaaaaa;0.357,0.963,0.865,0.309,0.0907,0.759,0.301,0.619,0.492,0.968;aaaaaa;
aaaaaa;0.526,0.322,0.22,0.153,0.902,0.228,0.412,0.066,0.666,0.0525;aaaa;
a;0.389,0.104,0.985,0.616,0.928,0.868,0.984,0.0525,0.158,0.16;a;
aaa;0.689,0.188,0.545,0.0706,0.224,0.367,0.254,0.684,0.922,0.252;aaaaaaaaa;
a;0.208,0.358,0.628,0.242,0.303,0.949,0.619,0.33,0.758,0.767;aaa;
aaaaaa;0.78,0.813,0.531,0.751,0.449,0.392,0.502,0.0969,0.279,0.568;aaaaa;
aaaaaaa;0.961,0.377,0.228,0.784,0.982,0.701,0.888,0.529,0.999,0.657;aa;
aaaaaaa;0.85,0.153,0.451,0.638,0.551,0.477,0.233,0.524,0.932,0.164;aaaaaaa;
aaaaaaaaa;0.905,0.649,0.0562,0.424,0.0426,0.00181,0.74,0.0976,0.161,0.367;aa;
aaaaaaaaa;0.866,0.659,0.0693,0.371,0.635,0.542,0.285,0.882,0.362,0.375;aaaaaaaa;
aaaaaa;0.0724,0.113,0.578,0.294,0.309,0.176,0.312,0.536,0.485,0.799;aaaaaaaaaa;
aaa;0.743,0.532,0.46,0.518,0.304,0.306,0.0856,0.719,0.794,0.493;aaaaaaaa;
a;0.427,0.914,0.129,0.538,0.518,0.281,0.971,0.794,0.481,0.109;aaaaaaa;
aaa;0.96,0.04,0.855,0.934,0.823,0.412,0.874,0.0663,0.849,0.456;aaaaaaaa;
aaaaaaaaa;0.866,0.659,0.0693,0.371,0.635,0.542,0.285,0.882,0.362,0.375;aaaaaaaaa;
aaaaaa;0.0724,0.113,0.578,0.294,0.309,0.176,0.312,0.536,0.485,0.799;aaaaaaaaaa;
aaa;0.743,0.532,0.46,0.518,0.304,0.306,0.0856,0.719,0.794,0.493;aaa;
a;0.427,0.914,0.129,0.538,0.518,0.281,0.971,0.794,0.481,0.109;aaaaaaaaaa;
aaa;0.96,0.04,0.855,0.934,0.823,0.412,0.874,0.0663,0.849,0.456;aa;
aaaaaaaaa;0.866,0.659,0.0693,0.371,0.635,0.542,0.285,0.882,0.362,0.375;aaaaa;
aaaaaa;0.0724,0.113,0.578,0.294,0.309,0.176,0.312,0.536,0.485,0.799;aaaaaaaaa;
aaa;0.743,0.532,0.46,0.518,0.304,0.306,0.0856,0.719,0.794,0.493;aaaa;
a;0.427,0.914,0.129,0.538,0.518,0.281,0.971,0.794,0.481,0.109;aaaaaaaa;
aaa;0.96,0.04,0.855,0.934,0.823,0.412,0.874,0.0663,0.849,0.456;aaaaa;
aaaaaaaaa;0.866,0.659,0.0693,0.371,0.635,0.542,0.285,0.882,0.362,0.375;aaaaaaaaaa;
aaaaaa;0.0724,0.113,0.578,0.294,0.309,0.176,0.312,0.536,0.485,0.799;aaaaaaaaaa;
aaa;0.743,0.532,0.46,0.518,0.304,0.306,0.0856,0.719,0.794,0.493;aaaaa;
a;0.427,0.914,0.129,0.538,0.518,0.281,0.971,0.794,0.481,0.109;aaaaaaaa;
aaa;0.96,0.04,0.855,0.934,0.823,0.412,0.874,0.0663,0.849,0.456;aaaaaa;
aaaaaaaaa;0.866,0.659,0.0693,0.371,0.635,0.542,0.285,0.882,0.362,0.375;aaaaaaaa;
aaaaaa;0.0724,0.113,0.578,0.294,0.309,0.176,0.312,0.536,0.485,0.799;aaaaaaaaaa;
aaa;0.743,0.532,0.46,0.518,0.304,0.306,0.0856,0.719,0.794,0.493;aaaaaaa;
a;0.427,0.914,0.129,0.538,0.518,0.281,0.971,0.794,0.481,0.109;aaaaaaaa;
aaa;0.96,0.04,0.855,0.934,0.823,0.412,0.874,0.0663,0.849,0.456;aaaaaaaaa;
aaaaaaaaa;0.866,0.659,0.0693,0.371,0.635,0.542,0.285,0.882,0.362,0.375;aaaaaaa;
aaaaaa;0.0724,0.113,0.578,0.294,0.309,0.176,0.312,0.536,0.485,0.799;aa;
aaa;0.743,0.532,0.46,0.518,0.304,0.306,0.0856,0.719,0.794,0.493;aaa;
a;0.427,0.914,0.129,0.538,0.518,0.281,0.971,0.794,0.481,0.109;aaaa;
aaa;0.96,0.04,0.855,0.934,0.823,0.412,0.874,0.0663,0.849,0.456;aaaa;
aaaaaaaaa;0.866,0.659,0.0693,0.371,0.635,0.542,0.285,0.882,0.362,0.375;aaaa;
aaaaaa;0.0724,0.113,0.578,0.294,0.309,0.176,0.312,0.536,0.485,0.799;aa;
aaa;0.743,0.532,0.46,0.518,0.304,0.306,0.0856,0.719,0.794,0.493;aaaaaaaaaa;
a;0.427,0.914,0.129,0.538,0.518,0.281,0.971,0.794,0.481,0.109;aaaaaa;
aaa;0.96,0.04,0.855,0.934,0.823,0.412,0.874,0.0663,0.849,0.456;aaa;
aaaaaaaaa;0.866,0.659,0.0693,0.371,0.635,0.542,0.285,0.882,0.362,0.375;aaaaaaaaa;
aaaaaa;0.0724,0.113,0.578,0.294,0.309,0.176,0.312,0.536,0.485,0.799;aaaaaaaa;
aaa;0.743,0.532,0.46,0.518,0.304,0.306,0.0856,0.719,0.794,0.493;aaaaaaa;
a;0.427,0.914,0.129,0.538,0.518,0.281,0.971,0.794,0.481,0.109;a;
aaa;0.96,0.04,0.855,0.934,0.823,0.412,0.874,0.0663,0.849,0.456;aa;
aaaaaaaaa;0.866,0.659,0.0693,0.371,0.635,0.542,0.285,0.882,0.362,0.375;aaaaaaaaaa;
aaaaaa;0.0724,0.113,0.578,0.294,0.309,0.176,0.312,0.536,0.485,0.799;aaaaaa;
aaa;0.743,0.532,0.46,0.518,0.304,0.306,0.0856,0.719,0.794,0.493;aaa;
a;0.427,0.914,0.129,0.538,0.518,0.281,0.971,0.794,0.481,0.109;aaaaaaaaa;
aaa;0.96,0.04,0.855,0.934,0.823,0.412,0.874,0.0663,0.849,0.456;aaa;
aaaaaaaaa;0.866,0.659,0.0693,0.371,0.635,0.542,0.285,0.882,0.362,0.375;aaaa;
aaaaaa;0.0724,0.113,0.578,0.294,0.309,0.176,0.312,0.536,0.485,0.799;aaaaaaa;
aaa;0.743,0.532,0.46,0.518,0.304,0.306,0.0856,0.719,0.794,0.493;aaaaaaaa;
a;0.427,0.914,0.129,0.538,0.518,0.281,0.971,0.794,0.481,0.109;aaa;
aaa;0.96,0.04,0.855,0.934,0.823,0.412,0.874,0.0663,0.849,0.456;aaaaaaa;
aaaaaaaaa;0.866,0.659,0.0693,0.371,0.635,0.542,0.285,0.882,0.362,0.375;aaaa;
aaaaaa;0.0724,0.113,0.578,0.294,0.309,0.176,0.312,0.536,0.485,0.799;aaaaaaaaa;
aaa;0.743,0.532,0.46,0.518,0.304,0.306,0.0856,0.719,0.794,0.493;aaaaaaaaaa;
a;0.427,0.914,0.129,0.538,0.518,0.281,0.971,0.794,0.481,0.109;aaaaaa;
aaa;0.96,0.04,0.855,0.934,0.823,0.412,0.874,0.0663,0.849,0.456;aaaaaaaaaa;
aaaaaaaaa;0.866,0.659,0.0693,0.371,0.635,0.542,0.285,0.882,0.362,0.375;aaaaaaa;
aaaaaa;0.0724,0.113,0.578,0.294,0.309,0.176,0.312,0.536,0.485,0.799;aaa;
aaa;0.743,0.532,0.46,0.518,0.304,0.306,0.0856,0.719,0.794,0.493;aaaa;
a;0.427,0.914,0.129,0.538,0.518,0.281,0.971,0.794,0.481,0.109;aaaaaaa;
aaa;0.96,0.04,0.855,0.934,0.823,0.412,0.874,0.0663,0.849,0.456;a;
aaaaaaaaa;0.866,0.659,0.0693,0.371,0.635,0.542,0.285,0.882,0.362,0.375;aaaaaa;
aaaaaa;0.0724,0.113,0.578,0.294,0.309,0.176,0.312,0.536,0.485,0.799;aaaa;
aaa;0.743,0.532,0.46,0.518,0.304,0.306,0.0856,0.719,0.794,0.493;aaaaaa;
a;0.427,0.914,0.129,0.538,0.518,0.281,0.971,0.794,0.481,0.109;aa;
aaa;0.96,0.04,0.855,0.934,0.823,0.412,0.874,0.0663,0.849,0.456;aaaa;
aaaaaaaaa;0.866,0.659,0.0693,0.371,0.635,0.542,0.285,0.882,0.362,0.375;a;
aaaaaa;0.0724,0.113,0.578,0.294,0.309,0.176,0.312,0.536,0.485,0.799;aaaaaaaa;
aaa;0.743,0.532,0.46,0.518,0.304,0.306,0.0856,0.719,0.794,0.493;aaaaaaa;
a;0.427,0.914,0.129,0.538,0.518,0.281,0.971,0.794,0.481,0.109;aaaaaaaaaa;
aaa;0.96,0.04,0.855,0.934,0.823,0.412,0.874,0.0663,0.849,0.456;aaaaaaaaa;
aaaaaaaaa;0.866,0.659,0.0693,0.371,0.635,0.542,0.285,0.882,0.362,0.375;aaaaaa;
aaaaaa;0.0724,0.113,0.578,0.294,0.309,0.176,0.312,0.536,0.485,0.799;aaaaaaaa;
aaa;0.743,0.532,0.46,0.518,0.304,0.306,0.0856,0.719,0.794,0.493;aa;
a;0.427,0.914,0.129,0.538,0.518,0.281,0.971,0.794,0.481,0.109;a;
aaa;0.96,0.04,0.855,0.934,0.823,0.412,0.874,0.0663,0.849,0.456;aaaaaaa;
aaaaaaaaa;0.866,0.659,0.0693,0.371,0.635,0.542,0.285,0.882,0.362,0.375;aa;
aaaaaa;0.0724,0.113,0.578,0.294,0.309,0.176,0.312,0.536,0.485,0.799;aa;
aaa;0.743,0.532,0.46,0.518,0.304,0.306,0.0856,0.719,0.794,0.493;aaaa;
a;0.427,0.914,0.129,0.538,0.518,0.281,0.971,0.794,0.481,0.109;aaa;
aaa;0.96,0.04,0.855,0.934,0.823,0.412,0.874,0.0663,0.849,0.456;aaaaa;
aaaaaaaaa;0.866,0.659,0.0693,0.371,0.635,0.542,0.285,0.882,0.362,0.375;aaaa;
aaaaaa;0.0724,0.113,0.578,0.294,0.309,0.176,0.312,0.536,0.485,0.799;aaaaaaa;
aaa;0.743,0.532,0.46,0.518,0.304,0.306,0.0856,0.719,0.794,0.493;aaaaaaaaaa;
a;0.427,0.914,0.129,0.538,0.518,0.281,0.971,0.794,0.481,0.109;aaaaaaaa;
aaa;0.96,0.04,0.855,0.934,0.823,0.412,0.874,0.0663,0.849,0.456;aa;
aaaaaaaaa;0.866,0.659,0.0693,0.371,0.635,0.542,0.285,0.882,0.362,0.375;aaaa;
aaaaaa;0.0724,0.113,0.578,0.294,0.309,0.176,0.312,0.536,0.485,0.799;a;
aaa;0.743,0.532,0.46,0.518,0.304,0.306,0.0856,0.719,0.794,0.493;aaaaaaaaa;
a;0.427,0.914,0.129,0.538,0.518,0.281,0.971,0.794,0.481,0.109;a;
aaa;0.96,0.04,0.855,0.934,0.823,0.412,0.874,0.0663,0.849,0.456;aaaaaaaa;
aaaaaaaaa;0.866,0.659,0.0693,0.371,0.635,0.542,0.285,0.882,0.362,0.375;aaaaaaaaaa;
aaaaaa;0.0724,0.113,0.578,0.294,0.309,0.176,0.312,0.536,0.485,0.799;aaaa;
aaa;0.743,0.532,0.46,0.518,0.304,0.306,0.0856,0.719,0.794,0.493;aaaaaaaaaa;
a;0.427,0.914,0.129,0.538,0.518,0.281,0.971,0.794,0.481,0.109;aaaaaa;
aaa;0.96,0.04,0.855,0.934,0.823,0.412,0.874,0.0663,0.849,0.456;aaa;
aaaaaaaaa;0.866,0.659,0.0693,0.371,0.635,0.542,0.285,0.882,0.362,0.375;aaaaaa;
aaaaaa;0.0724,0.113,0.578,0.294,0.309,0.176,0.312,0.536,0.485,0.799;aaaaaaaa;
aaa;0.743,0.532,0.46,0.518,0.304,0.306,0.0856,0.719,0.794,0.493;aaaaaaaaa;
a;0.427,0.914,0.129,0.538,0.518,0.281,0.971,0.794,0.481,0.109;aaa;
aaa;0.96,0.04,0.855,0.934,0.823,0.412,0.874,0.0663,0.849,0.456;aaaa;
aaaaaaaaa;0.866,0.659,0.0693,0.371,0.635,0.542,0.285,0.882,0.362,0.375;aaaaa;
aaaaaa;0.0724,0.113,0.578,0.294,0.309,0.176,0.312,0.536,0.485,0.799;aaaaaaa;
aaa;0.743,0.532,0.46,0.518,0.304,0.306,0.0856,0.719,0.794,0.493;a;
a;0.427,0.914,0.129,0.538,0.518,0.281,0.971,0.794,0.481,0.109;aaaaaa;
aaa;0.96,0.04,0.855,0.934,0.823,0.412,0.874,0.0663,0.849,0.456;aa;
aaaaaaaaa;0.866,0.659,0.0693,0.371,0.635,0.542,0.285,0.882,0.362,0.375;a;
aaaaaa;0.0724,0.113,0.578,0.294,0.309,0.176,0.312,0.536,0.485,0.799;aa;
aaa;0.743,0.532,0.46,0.518,0.304,0.306,0.0856,0.719,0.794,0.493;a;
a;0.427,0.914,0.129,0.538,0.518,0.281,0.971,0.794,0.481,0.109;aaaaaaa;
aaa;0.96,0.04,0.855,0.934,0.823,0.412,0.874,0.0663,0.849,0.456;a;
aaaaaaaaa;0.866,0.659,0.0693,0.371,0.635,0.542,0.285,0.882,0.362,0.375;a;
aaaaaa;0.0724,0.113,0.578,0.294,0.309,0.176,0.312,0.536,0.485,0.799;aaaaaaaaa;
aaa;0.743,0.532,0.46,0.518,0.304,0.306,0.0856,0.719,0.794,0.493;aaaaaa;
a;0.427,0.914,0.129,0.538,0.518,0.281,0.971,0.794,0.481,0.109;aaaaaa;
aaa;0.96,0.04,0.855,0.934,0.823,0.412,0.874,0.0663,0.849,0.456;aaaaaaaa;
aaaaaaaaa;0.866,0.659,0.0693,0.371,0.635,0.542,0.285,0.882,0.362,0.375;aaaaaaa;
aaaaaa;0.0724,0.113,0.578,0.294,0.309,0.176,0.312,0.536,0.485,0.799;aaa;
aaa;0.743,0.532,0.46,0.518,0.304,0.306,0.0856,0.719,0.794,0.493;aaaaaaaaa;
a;0.427,0.914,0.129,0.538,0.518,0.281,0.971,0.794,0.481,0.109;aaaaaaa;
aaa;0.96,0.04,0.855,0.934,0.823,0.412,0.874,0.0663,0.849,0.456;aaa;
aaaaaaaaa;0.866,0.659,0.0693,0.371,0.635,0.542,0.285,0.882,0.362,0.375;aaaa;
aaaaaa;0.0724,0.113,0.578,0.294,0.309,0.176,0.312,0.536,0.485,0.799;aaaaaaaaa;
aaa;0.743,0.532,0.46,0.518,0.304,0.306,0.0856,0.719,0.794,0.493;aaaaa;
a;0.427,0.914,0.129,0.538,0.518,0.281,0.971,0.794,0.481,0.109;aaaa;
aaa;0.96,0.04,0.855,0.934,0.823,0.412,0.874,0.0663,0.849,0.456;a;
