0	0
1	1
2	2
3	3
4	4
5	5
6	3,6
7	3,7
8	8
9	9
10	4
11	3
12	0
13	3,4
14	2,4
15	2,3,4,5
16	6
17	2
18	1
19	0
20	0,7
21	2,3,4,7
22	1,5
23	4,5
24	3
25	7
26	0
27	6
28	0
29	2
30	0
31	1
32	1
33	2
34	4
35	1
36	2
37	1
38	1,4
39	1
40	4
41	1
42	2
43	4,5
44	0,4
45	1,3
46	2
47	2
48	0
49	1
50	6
51	0,3,4
52	5
53	0
54	2,3,6
55	8
56	0
57	1
58	3
59	2
60	3,5
61	0
62	6
63	0
64	2
65	1
66	2,6
67	3
68	2
69	0
70	2
71	0,3
72	3,9
73	0,5
74	0,1
75	0
76	4
77	7
78	0
79	2
80	0
81	1
82	0
83	3,5,7
84	0,3
85	0
86	0
87	0
88	0
89	1
90	0,4
91	0
92	1
93	4
94	0
95	7
96	0
97	2
98	0
99	0
100	3
101	9
102	0
103	1,5
104	0
105	1
106	3
107	4
108	3,4
109	0
110	4,5
111	0
112	5
113	1,5
114	4,6
115	5
116	0
117	6
118	3
119	0
120	0
121	1
122	2
123	2,4
124	1
125	1
126	6
127	1
128	3
129	2
130	0
131	1
132	0
133	3
134	0
135	0
136	4
137	3,4
138	0
139	0
140	2
141	7
142	3,6
143	0
144	1
145	3
146	0
147	3
148	2
149	0
150	4
151	3
152	0
153	0,6
154	1
155	1
156	4
157	3
158	5
159	0
160	5
161	2,4
162	0
163	0
164	4
165	0
166	0
167	1
168	1
169	2
170	5
171	2,8
172	4
173	0
174	0
175	4
176	5
177	2
178	2
179	0
180	0
181	2
182	4,6
183	1
184	2,5
185	0
186	5
187	0
188	2
189	1
190	3
191	0
192	3
193	3
194	2
195	4
196	8
197	3
198	0
199	5
200	2
201	0
202	3
203	0
204	0
205	4
206	0
207	2
208	4
209	3,6
210	1
211	0
212	4
213	4,5
214	3
215	3
216	3,6
217	0
218	2
219	4
220	0
221	0
222	0
223	0
224	0
225	1
226	1
227	6
228	4
229	3
230	0
231	1
232	3
233	2
234	0
235	0
236	1
237	2
238	5
239	0
240	4
241	0
242	0
243	9
244	2,5
245	0
246	0
247	3
248	6
249	2
250	0
251	9
252	0
253	0
254	4
255	3
256	1
257	2,3
258	3,5,6
259	5
260	1,5
261	0
262	2
263	0
264	0
265	4,7
266	1
267	2
268	6
269	4,7
270	0
271	2
272	2
273	5
274	1
275	0
276	5
277	1,4
278	1
279	7
280	6
281	0
282	0
283	2,4
284	1
285	1
286	2
287	2
288	1
289	1
290	0
291	4
292	7
293	6
294	0
295	3
296	7
297	1
298	0
299	1
300	5
301	0
302	0
303	0
304	0
305	1
306	0
307	8
308	0
309	6
310	1
311	0
312	3
313	1
314	9
315	6
316	2
317	2
318	1
319	3
320	0
321	1
322	5
323	0
324	0
325	2
326	4
327	1
328	0
329	0
330	2
331	0
332	2
333	1
334	1
335	1
336	2
337	1
338	3
339	1,6
340	0
341	4,7
342	5
343	0
344	2
345	0
346	4
347	3
348	4
349	0
350	1
351	3
352	3
353	1
354	3
355	7
356	1
357	0
358	2
359	1,5
360	4
361	0
362	3
363	0
364	0
365	1
366	1
367	2
368	2
369	1
370	1
371	1
372	0
373	3
374	0
375	8
376	2
377	1
378	0
379	5,7
380	5
381	4
382	1
383	1
384	0
385	3
386	1
387	0
388	0
389	0
390	0
391	0
392	2
393	9
394	0
395	0
396	0
397	2
398	0
399	3
400	1
401	0
402	6
403	0
404	7
405	6
406	0
407	2
408	4
409	3
410	0
411	1
412	2
413	2
414	0
415	0
416	2
417	2
418	1
419	2
420	0
421	2
422	0
423	1
424	2
425	0
426	0
427	3
428	1
429	0
430	0
431	6
432	0,5
433	4
434	0
435	1,3
436	1,4,5
437	0
438	0
439	1
440	1,4
441	1
442	2
443	0
444	2
445	0
446	1
447	0
448	5
449	3
450	4
451	0
452	2
453	4
454	6
455	7
456	0
457	3
458	0
459	8
460	0
461	5
462	1
463	3
464	2
465	3
466	0
467	2
468	2
469	1
470	2
471	1
472	0
473	0
474	2
475	4
476	8
477	7
478	0
479	3
480	0
481	1
482	1
483	0
484	2
485	2
486	6
487	0
488	3
489	0
490	0
491	4
492	0
493	2
494	0
495	0
496	0
497	3
498	4
499	1
500	0
501	5
502	1
503	0
504	1
505	0
506	0
507	1
508	0
509	3
510	1
511	1
512	0
513	3
514	7
515	0
516	1
517	6,8
518	0
519	0
520	2
521	0,4
522	0
523	1
524	1,2
525	7
526	2
527	2
528	9
529	0
530	0
531	8
532	0
533	1
534	1
535	5,6
536	2
537	1
538	0
539	7
540	0
541	0
542	0
543	4
544	3,6
545	0
546	8
547	0
548	1
549	2,7
550	3
551	7
552	3,4
553	2
554	0
555	2
556	0
557	9
558	3
559	2
560	6
561	1
562	4
563	0
564	6
565	7
566	1
567	2
568	1
569	7
570	2
571	1
572	0
573	3,5,6
574	7
575	2
576	1
577	0
578	0
579	0
580	2
581	0
582	8
583	0
584	1
585	0
586	5,8
587	3
588	2
589	2
590	5,9
591	7
592	2
593	0
594	0
595	2
596	3
597	0
598	5
599	0
600	5,6
601	0
602	0
603	2
604	0
605	0
606	0
607	0
608	3
609	0
610	0
611	7
612	6
613	0
614	0
615	0
616	1
617	2
618	1
619	6
620	0
621	3
622	0
623	6
624	0
625	3
626	6
627	0
628	1
629	3
630	0
631	4
632	2
633	2
634	4
635	1
636	7
637	3
638	1
639	1,7
640	4
641	3
642	0
643	0
644	2
645	8
646	5
647	5
648	9
649	4
650	0
651	2
652	0
653	1
654	2
655	0
656	1
657	0
658	0
659	2
660	1
661	4
662	2
663	0
664	1
665	5
666	0
667	1
668	1
669	2
670	5
671	5
672	1
673	0
674	7
675	5
676	0
677	0
678	3
679	0
680	1
681	2
682	0
683	1
684	5
685	3
686	5
687	1
688	7
689	0
690	1
691	1
692	7
693	7
694	1
695	2
696	0
697	1
698	0
699	0
700	1
701	5
702	1
703	2
704	0
705	0
706	2
707	8
708	3
709	5,7
710	1
711	1
712	1
713	4
714	5
715	0
716	3
717	8
718	1
719	0
720	3
721	6
722	3
723	2
724	0
725	5,7
726	0
727	4
728	2
729	1
730	1
731	0
732	0
733	5
734	6
735	0
736	1
737	1
738	1
739	5
740	1
741	0
742	3
743	2
744	2
745	5
746	0
747	0
748	1
749	3
750	1
751	3
752	3
753	2
754	0
755	3
756	1
757	1
758	6
759	1
760	0
761	0
762	2
763	0
764	6
765	0
766	4,8
767	4
768	0
769	1
770	2
771	3
772	0
773	0
774	0
775	0
776	5
777	0
778	0
779	1
780	2
781	4
782	0
783	3
784	5
785	0
786	0
787	0
788	3
789	1
790	8
791	4
792	0
793	1
794	1
795	0
796	1
797	2
798	8
799	2
800	2
801	3
802	1
803	0
804	5
805	2
806	2
807	1
808	0
809	1
810	1
811	1
812	3
813	0
814	2
815	1
816	0
817	3
818	5
819	3
820	4
821	1
822	0
823	0
824	3
825	6
826	4
827	4
828	1
829	1
830	1
831	5
832	0
833	4
834	1
835	2
836	1
837	0
838	0
839	0
840	4
841	3
842	1
843	3
844	8
845	1
846	4
847	2
848	2
849	2
850	4
851	4,5
852	7
853	2
854	0
855	9
856	0
857	1
858	6
859	2
860	5,9
861	2
862	0
863	3
864	1
865	0
866	0
867	0
868	1
869	5
870	1
871	3
872	0
873	1
874	7
875	2
876	1
877	3
878	4
879	8
880	3
881	4
882	0
883	0
884	0
885	0
886	1
887	3
888	0
889	3
890	4
891	0
892	7
893	3
894	0
895	0
896	3
897	0
898	7
899	0,6
900	9
901	5
902	3
903	2
904	5
905	2
906	2
907	2
908	5
909	1
910	0
911	7
912	0
913	0
914	5
915	5
916	3
917	4,5,6,8
918	2
919	1
920	4
921	2
922	0
923	3
924	0
925	2,4,5,6,7,9
926	4
927	0
928	0
929	4
930	4
931	0
932	1
933	1
934	4
935	0
936	0
937	1
938	0
939	0
940	0
941	2
942	6
943	2
944	0
945	4
946	4
947	1
948	1
949	0
950	0
951	0
952	4
953	2
954	2
955	1
956	7
957	1
958	4
959	6
960	2
961	3
962	2
963	0
964	1
965	5,6
966	1
967	3
968	7
969	1
970	1
971	1
972	0
973	2
974	0
975	3,4,5
976	0
977	0
978	3
979	5
980	4
981	3
982	2
983	0
984	2,5,6,7
985	3
986	2
987	1
988	4
989	2
990	3,4
991	1
992	0
993	4
994	4,6
995	0
996	0
997	2
998	0
999	2
1000	0
1001	0
1002	0
1003	0
1004	0
1005	2
1006	2
1007	2
1008	2
1009	2
1010	6
1011	6
1012	6
1013	6
1014	6
1015	9
1016	9
1017	9
1018	9
1019	9
1020	8
1021	8
1022	8
1023	8
1024	8
