0	0
1	1
2	2
3	3
4	1,4
5	5
6	6
7	7
8	8
9	9
10	2
11	0,1
12	6
13	4,8
14	0
15	3
16	2
17	6
18	3
19	0
20	1
21	0
22	0
23	1
24	0
25	2,3
26	2,8
27	0,4
28	0
29	1
30	1,9
31	3
32	1,4
33	5
34	0
35	1
36	2
37	9
38	0
39	2,5,6
40	1
41	3
42	5,6
43	1,5
44	0
45	4
46	3
47	3
48	9
49	1
50	2
51	2
52	0,5
53	0
54	0
55	0
56	1
57	1,8,9
58	2
59	2,8
60	2
61	1
62	0,9
63	7
64	0
65	8
66	0
67	0
68	0,5,6,9
69	4
70	1
71	1
72	7
73	0
74	3
75	0
76	2,3
77	2,3
78	1,4
79	5
80	3
81	1,3
82	0,4,9
83	3
84	3
85	1,7
86	0,1,4
87	2,4,5,6
88	1
89	2,7
90	5
91	0,6
92	2
93	0
94	0
95	5,8
96	0
97	2
98	0
99	3
100	1
101	0,1,2,3,5,9
102	0,3,7
103	2
104	0
105	0,7
106	3,7
107	9
108	1,2,6,8
109	5
110	1
111	0,9
112	3
113	8
114	9
115	0
116	7
117	8
118	0
119	5
120	1,6
121	0
122	3
123	4,9
124	0,9
125	0,1,2,8
126	3,4,5
127	0,9
128	0,3
129	4,8
130	0,3
131	5
132	2
133	5
134	0
135	1
136	1,7
137	6
138	2
139	1
140	1,7
141	3
142	2
143	0
144	0
145	1
146	5
147	1,2
148	3
149	0
150	5
151	2
152	5
153	1
154	1,4
155	0,5
156	3,6
157	2
158	0,9
159	1
160	2
161	2
162	2
163	0,6
164	0
165	1
166	2
167	3,6,8
168	1,9
169	2
170	3
171	4,9
172	4,5
173	7,9
174	7,8
175	4
176	3,4
177	0
178	1,9
179	1,2,5,9
180	7
181	6,8
182	3,6
183	2
184	1
185	9
186	3,4
187	0
188	4
189	4
190	1
191	2
192	1
193	1
194	1
195	0,6
196	1
197	0
198	1,3,5
199	0
200	1
201	1
202	3,8
203	4
204	0
205	7
206	0
207	1
208	4
209	3
210	4,9
211	0,4,8
212	0
213	0
214	2
215	0
216	8
217	2
218	4
219	2
220	0
221	0
222	0
223	1
224	6
225	2
226	1
227	0
228	2
229	2
230	0
231	1
232	1
233	6
234	1,2
235	0
236	0
237	1,7,8
238	0
239	4
240	0
241	0,2,8
242	0
243	3
244	1
245	0,9
246	0,3,7
247	3,4
248	4,9
249	2
250	4,8
251	3
252	9
253	0
254	2
255	0
256	4
257	0
258	1,5
259	2
260	1,3
261	4
262	8
263	3
264	3
265	1
266	4
267	0
268	2
269	0
270	1
271	2
272	2,4
273	8
274	7
275	5
276	3
277	4
278	2,3
279	1
280	0
281	1
282	7
283	9
284	2
285	1,5
286	1
287	5
288	0,7
289	0
290	0
291	7
292	0
293	4
294	5
295	2,3
296	2
297	2,9
298	2
299	6
300	2
301	1
302	1
303	5
304	2
305	3
306	2
307	5
308	5
309	1
310	0
311	0
312	1,2,9
313	2
314	0
315	2
316	2
317	2
318	0
319	2
320	0
321	0
322	5
323	0,6
324	0
325	0,8
326	0,5,6
327	2
328	0
329	3,4
330	2
331	1,4
332	5
333	4,9
334	0,5,9
335	3,7
336	1,7
337	3
338	2
339	1
340	0,1
341	0,3
342	2
343	0,1
344	1
345	6
346	0,7
347	1
348	1
349	6
350	1
351	2
352	0
353	0
354	0
355	2
356	2
357	0
358	0,2
359	2
360	2
361	2
362	5
363	5
364	0
365	0
366	1
367	0
368	2
369	2
370	0
371	2
372	0
373	0
374	3,4
375	2
376	4
377	4
378	1
379	0
380	2,8
381	0
382	0
383	0
384	0
385	3
386	0
387	0
388	2
389	0,6
390	3
391	1,8
392	0,3
393	1
394	0
395	3
396	4
397	0,5
398	0
399	6
400	3
401	1
402	6
403	0
404	1,4
405	2,9
406	0
407	1,4
408	2
409	0
410	1
411	1
412	0
413	0
414	1
415	6
416	4
417	0,3,9
418	1
419	0
420	0,2
421	0
422	5,8
423	0
424	0
425	0
426	3
427	0
428	0,8
429	0
430	2,5,9
431	1
432	3
433	1,7
434	0
435	0
436	5
437	0
438	1
439	2
440	0
441	5
442	1
443	4
444	4
445	4
446	6
447	0
448	3,6,8
449	2
450	2
451	2
452	2
453	0
454	0
455	1
456	1
457	1
458	0
459	2
460	5
461	1
462	2
463	1
464	1
465	1
466	2,7
467	2
468	3
469	0
470	0
471	4,5
472	0
473	0
474	6
475	2
476	2
477	0
478	3
479	0
480	5
481	0
482	0
483	3
484	2
485	0,3
486	3
487	3
488	1
489	4
490	0
491	4,7
492	0
493	0
494	0
495	0
496	1,6
497	6
498	1
499	4
500	6
501	4
502	2
503	0
504	2
505	0
506	1
507	0
508	0
509	0
510	0
511	0
512	1
513	1
514	1
515	1
516	1
517	1,2,5
518	3
519	1
520	4
521	2
522	1
523	3,6
524	0
525	1
526	1
527	0
528	4,9
529	0
530	4
531	6
532	3,6
533	0
534	5
535	2
536	1
537	0
538	0
539	3
540	0
541	6
542	1
543	0
544	4
545	0
546	0
547	0
548	6
549	1
550	1
551	0
552	0
553	0
554	1,7
555	3
556	0
557	1,5
558	1
559	4,5
560	0
561	1
562	1
563	1
564	1
565	0
566	0
567	0
568	1
569	1
570	3
571	1
572	0
573	5
574	0
575	2
576	4
577	1
578	0
579	0
580	0
581	1
582	0
583	3
584	0,4
585	2
586	0,5
587	2,5
588	0,9
589	0
590	0
591	0
592	5
593	2
594	2
595	1,3
596	0
597	0
598	2,8
599	1
600	3
601	3,4,5
602	0
603	1
604	2
605	1,9
606	2
607	1
608	1
609	0
610	5
611	1
612	0,1
613	3,4
614	2
615	5
616	0
617	0
618	0,6
619	4
620	4
621	6
622	3
623	2
624	6
625	2
626	7
627	2,6
628	1
629	7
630	1
631	4
632	5
633	1
634	5
635	4
636	0
637	2,5
638	4
639	1
640	9
641	0
642	2
643	0
644	0
645	0
646	2,5
647	0
648	0
649	4
650	4
651	1
652	5
653	4
654	2
655	1
656	6
657	2,5
658	1
659	3
660	3
661	1
662	0
663	2
664	2
665	1
666	2
667	1
668	0
669	2
670	0
671	2
672	6
673	0
674	2
675	1
676	8
677	1
678	1
679	0
680	5
681	4
682	0
683	0
684	4
685	0
686	1
687	3
688	5
689	4
690	1,3
691	0
692	1
693	2
694	0
695	0
696	4
697	3
698	4,8
699	0,1
700	0
701	1
702	1
703	0
704	6
705	0
706	2
707	0
708	1
709	0
710	0
711	2
712	1
713	2
714	5
715	1
716	4
717	0
718	5
719	1
720	1
721	0
722	2
723	8
724	2
725	3
726	6,8
727	8
728	0
729	2
730	5
731	3
732	4
733	1
734	2
735	2
736	0
737	6
738	3
739	0,3
740	0
741	0
742	1
743	1
744	0
745	1
746	1
747	2
748	2
749	1
750	4
751	1
752	0
753	3
754	9
755	1
756	0
757	0
758	0
759	0,2
760	0
761	1,4
762	3
763	7
764	5
765	0
766	8
767	1,4
768	0,5
769	1,8,9
770	2
771	4,9
772	3
773	5
774	3,9
775	0,7
776	6
777	0
778	6
779	0
780	6
781	1,2
782	4,5
783	0
784	1
785	0
786	2
787	2
788	7
789	1,3
790	4
791	2
792	6
793	5
794	1
795	2
796	0
797	0
798	1
799	1
800	2
801	4
802	2
803	4
804	3
805	2
806	3
807	3
808	2
809	7
810	1
811	3,5
812	3
813	0
814	2
815	0
816	0
817	7
818	2
819	0
820	0
821	0
822	3
823	0
824	0
825	1
826	5
827	3
828	4
829	5
830	3
831	3
832	1
833	3
834	1
835	0
836	7
837	5
838	0
839	0,3
840	1
841	0
842	0
843	0
844	8
845	1
846	3,5
847	1
848	1
849	4
850	3
851	1,9
852	3
853	0
854	7
855	0
856	5
857	1
858	6
859	0
860	0,7
861	2
862	2
863	6
864	0
865	9
866	0
867	1
868	3
869	2
870	0
871	0,4,9
872	0
873	9
874	0
875	5
876	4,7
877	0
878	0
879	0,1
880	0
881	0
882	4
883	6
884	0
885	2
886	0
887	3
888	3
889	2
890	3
891	4,5
892	1
893	2,6
894	0
895	6
896	1
897	0
898	0
899	2
900	1
901	3
902	2
903	3
904	5
905	6
906	0
907	6
908	1,2,6
909	4,7
910	0
911	2
912	0
913	2
914	0
915	2
916	5
917	6
918	1
919	2
920	2
921	0
922	1
923	3
924	0
925	5
926	3
927	1
928	7
929	5
930	3,9
931	1
932	0,2
933	2
934	2
935	2,5,8
936	2,4
937	4
938	1
939	3
940	0
941	2
942	2
943	2
944	1
945	9
946	2
947	2
948	0
949	1
950	3
951	1
952	0
953	6
954	6
955	4
956	0
957	2
958	1
959	1
960	4
961	2
962	5
963	2
964	1,3
965	3
966	1
967	5
968	0
969	1
970	0
971	0
972	1
973	1
974	0,3,5
975	0
976	1
977	5
978	0
979	3
980	6
981	2
982	1
983	1
984	0
985	0
986	3
987	1
988	3
989	7
990	1
991	5
992	4
993	4
994	1
995	4
996	1,4
997	0
998	3
999	5
1000	1
1001	0
1002	0
1003	2
1004	3
1005	3
1006	0
1007	1
1008	8,9
1009	6
1010	4
1011	1
1012	1
1013	0
1014	0
1015	1
1016	3
1017	2,6
1018	1
1019	0,4
1020	3
1021	1
1022	1
1023	1
1024	3
1025	3
1026	3
1027	0
1028	7
1029	0
1030	3
1031	1
1032	8
1033	0
1034	1
1035	0
1036	9
1037	1
1038	0
1039	2
1040	2
1041	2
1042	5
1043	0
1044	0
1045	0
1046	6
1047	0,8
1048	2
1049	1,6
1050	4
1051	1
1052	0
1053	1
1054	4
1055	3
1056	1,5
1057	0
1058	1,5
1059	0
1060	0,6
1061	1
1062	0
1063	2
1064	8
1065	3
1066	1
1067	1
1068	4
1069	7
1070	2
1071	0
1072	0
1073	2
1074	4
1075	2
1076	3
1077	2
1078	1
1079	1
1080	4
1081	0
1082	1
1083	8
1084	0
1085	0
1086	3
1087	6
1088	2
1089	0
1090	3
1091	0
1092	1,6
1093	1
1094	2
1095	4
1096	7
1097	4
1098	0
1099	2
1100	0
1101	2
1102	1
1103	1
1104	8
1105	2
1106	0
1107	5
1108	0
1109	2,7
1110	0
1111	1,8
1112	7
1113	3
1114	1
1115	0
1116	0
1117	0
1118	3
1119	0
1120	2
1121	0
1122	0
1123	5
1124	0
1125	2
1126	2
1127	0
1128	2
1129	2
1130	2
1131	0
1132	4
1133	0
1134	0
1135	2
1136	0
1137	5,7
1138	1
1139	2
1140	3
1141	2
1142	9
1143	1
1144	2
1145	1
1146	3
1147	9
1148	8
1149	0
1150	0
1151	2
1152	1
1153	3
1154	0
1155	4
1156	1
1157	0
1158	1
1159	0
1160	1
1161	3
1162	0
1163	2
1164	2
1165	2
1166	4,7
1167	6
1168	0
1169	2
1170	1
1171	2
1172	8
1173	1
1174	0
1175	6
1176	0
1177	6
1178	1
1179	0
1180	7
1181	0
1182	1
1183	1
1184	2
1185	1
1186	2
1187	3
1188	0
1189	4
1190	0
1191	5
1192	1
1193	0
1194	0
1195	0
1196	1
1197	1
1198	2
1199	2
1200	4
1201	0
1202	1
1203	6
1204	1
1205	2
1206	2
1207	3
1208	5
1209	2
1210	1
1211	0
1212	0
1213	2
1214	3,7
1215	1
1216	4
1217	1
1218	3
1219	6
1220	5
1221	2
1222	0
1223	1
1224	1
1225	0
1226	0
1227	1
1228	1
1229	6
1230	0
1231	0
1232	1
1233	2
1234	0
1235	0
1236	1
1237	0
1238	2
1239	0
1240	0
1241	1
1242	0
1243	1
1244	4
1245	1
1246	0
1247	2
1248	0
1249	0
1250	3
1251	1
1252	4
1253	0
1254	1
1255	0
1256	3
1257	0
1258	4
1259	5
1260	3
1261	2,6
1262	1,3
1263	6
1264	1
1265	5
1266	1
1267	0
1268	3
1269	5
1270	1
1271	3
1272	0
1273	2
1274	1
1275	3,8
1276	9
1277	1
1278	1
1279	5
1280	7
1281	1
1282	0
1283	1
1284	1
1285	2,3
1286	6
1287	3
1288	0
1289	8
1290	2
1291	4
1292	1
1293	4,5
1294	1
1295	3
1296	2
1297	1
1298	1
1299	0,4
1300	0
1301	1
1302	0
1303	0
1304	0
1305	0
1306	6
1307	1,5
1308	1,5
1309	0
1310	3
1311	3
1312	5
1313	1,6
1314	1
1315	0
1316	2
1317	0
1318	1
1319	4
1320	0
1321	0
1322	0
1323	4
1324	0
1325	2
1326	4
1327	3
1328	1
1329	0
1330	0
1331	3
1332	2
1333	2
1334	2
1335	0
1336	0
1337	4
1338	4
1339	2
1340	6,8
1341	2
1342	7
1343	6
1344	2
1345	2
1346	0
1347	1,4
1348	7
1349	3
1350	6
1351	0
1352	0
1353	1
1354	5
1355	2
1356	1
1357	1
1358	8
1359	2
1360	0
1361	0
1362	4
1363	2
1364	0
1365	4
1366	0
1367	1
1368	3
1369	1,2
1370	2
1371	0
1372	5
1373	5
1374	0
1375	1
1376	0
1377	3
1378	5
1379	0
1380	1
1381	2,7
1382	1
1383	1,9
1384	1
1385	0
1386	5,7
1387	0
1388	3
1389	1
1390	4
1391	1
1392	1,7
1393	0
1394	0
1395	1
1396	7
1397	6
1398	1
1399	1
1400	1
1401	4
1402	2,4
1403	2
1404	2
1405	3
1406	1
1407	3
1408	4
1409	5
1410	7
1411	1
1412	2
1413	1
1414	4
1415	2
1416	7
1417	0
1418	3
1419	4
1420	2
1421	5
1422	1,4
1423	5
1424	0
1425	2
1426	0
1427	2
1428	1
1429	1,8
1430	2,4
1431	6
1432	3
1433	4
1434	4
1435	2
1436	2
1437	0,2,3
1438	0
1439	1
1440	1
1441	1
1442	0
1443	2
1444	3
1445	2
1446	1
1447	0
1448	8
1449	2
1450	5
1451	7
1452	1
1453	4
1454	0
1455	6
1456	2
1457	0
1458	0
1459	4
1460	1
1461	1
1462	9
1463	2
1464	1
1465	1
1466	4
1467	2
1468	3,9
1469	0
1470	0
1471	0
1472	1
1473	1
1474	5,6
1475	4
1476	0
1477	3
1478	5
1479	1,5
1480	0
1481	0
1482	4
1483	4
1484	0
1485	3
1486	3,7
1487	2
1488	5
1489	3
1490	0
1491	3
1492	4,8
1493	3
1494	7
1495	4
1496	6
1497	1
1498	5,8
1499	1
1500	0
1501	1
1502	2
1503	4
1504	2
1505	5
1506	5
1507	1
1508	6
1509	6,9
1510	2
1511	0
1512	5
1513	3
1514	5
1515	4
1516	4
1517	3
1518	1
1519	6
1520	1
1521	0
1522	1
1523	1,2
1524	0
1525	3
1526	2
1527	0
1528	1
1529	1
1530	0
1531	0,8
1532	1
1533	3
1534	2
1535	4
1536	1
1537	1
1538	4
1539	0
1540	0
1541	5
1542	1
1543	1
1544	1
1545	0
1546	0,4
1547	0,3
1548	7
1549	2
1550	0,9
1551	5
1552	0
1553	2
1554	0
1555	0
1556	5,6
1557	2
1558	2
1559	4
1560	3
1561	0
1562	1
1563	3
1564	5
1565	9
1566	1
1567	2
1568	1
1569	1
1570	0
1571	0
1572	0
1573	4
1574	4
1575	2
1576	1
1577	5
1578	3
1579	1
1580	0
1581	0
1582	3
1583	3
1584	1
1585	0
1586	0,5
1587	1
1588	0
1589	2
1590	0
1591	0
1592	0
1593	2
1594	0
1595	4
1596	4
1597	2
1598	2
1599	0
1600	6
1601	9
1602	3
1603	8
1604	0
1605	0
1606	2,3,5
1607	0
1608	6
1609	0
1610	2
1611	2
1612	2
1613	0
1614	0
1615	0
1616	2
1617	0
1618	2
1619	5
1620	4
1621	0
1622	1
1623	2
1624	1
1625	4
1626	2,3
1627	0
1628	0
1629	1
1630	4
1631	3
1632	2
1633	0
1634	4
1635	4
1636	0
1637	2
1638	3
1639	5
1640	1
1641	0
1642	7
1643	2
1644	2
1645	0
1646	1
1647	5
1648	4
1649	0
1650	1
1651	5
1652	0
1653	0
1654	0
1655	5
1656	0
1657	0
1658	6
1659	1
1660	8
1661	7
1662	0
1663	1
1664	0
1665	0
1666	2
1667	9
1668	4
1669	5
1670	1
1671	2
1672	0,5
1673	3
1674	1
1675	0
1676	8
1677	6
1678	4
1679	0
1680	5
1681	0
1682	1
1683	0
1684	5
1685	3
1686	1
1687	1
1688	1
1689	3
1690	1
1691	1
1692	2
1693	4
1694	0
1695	0
1696	3
1697	0
1698	4
1699	1
1700	1
1701	0
1702	1
1703	0
1704	4
1705	0
1706	0
1707	2
1708	2
1709	0
1710	0
1711	5
1712	2
1713	0
1714	1
1715	2
1716	1
1717	2
1718	0
1719	0
1720	3
1721	1
1722	1
1723	4,7
1724	2
1725	1
1726	1
1727	0
1728	1
1729	4
1730	0
1731	5
1732	2
1733	2
1734	1
1735	5
1736	3
1737	3
1738	7
1739	0
1740	1
1741	2
1742	0
1743	4
1744	3
1745	0
1746	3
1747	1
1748	3
1749	1
1750	2
1751	1
1752	2
1753	0
1754	0
1755	0
1756	6
1757	1
1758	2
1759	5
1760	0
1761	9
1762	0
1763	2
1764	1
1765	0
1766	2
1767	1
1768	4
1769	8
1770	0
1771	1
1772	0
1773	0
1774	1
1775	1
1776	3
1777	2
1778	0
1779	1
1780	0
1781	0
1782	3
1783	0
1784	2
1785	0
1786	1
1787	2
1788	9
1789	1
1790	0
1791	1
1792	4
1793	0
1794	0
1795	5
1796	0
1797	2
1798	3
1799	3
1800	2
1801	3
1802	0
1803	4
1804	5
1805	3
1806	4
1807	1
1808	1
1809	0
1810	4
1811	1
1812	3
1813	0
1814	5
1815	1
1816	1
1817	1
1818	2
1819	2
1820	3
1821	0
1822	2
1823	5
1824	3
1825	1,2
1826	6
1827	7
1828	1
1829	3
1830	1
1831	2
1832	0
1833	0
1834	0
1835	0
1836	6
1837	0
1838	0
1839	2
1840	2
1841	0
1842	3
1843	1
1844	3
1845	0,3
1846	0
1847	8
1848	0
1849	0
1850	1
1851	0
1852	1
1853	7
1854	1
1855	1
1856	2
1857	2
1858	4
1859	0
1860	0
1861	5
1862	3
1863	0
1864	2
1865	0
1866	0
1867	0
1868	1,3
1869	4
1870	4
1871	1
1872	2
1873	0
1874	1
1875	7
1876	0
1877	2
1878	1
1879	0
1880	8
1881	1
1882	4
1883	2
1884	0
1885	1
1886	0
1887	4
1888	4
1889	0
1890	3
1891	0
1892	2
1893	3
1894	0
1895	6
1896	2
1897	3
1898	1
1899	0
1900	6
1901	3
1902	7
1903	2
1904	0
1905	0
1906	7
1907	0
1908	1,2
1909	5
1910	0
1911	1
1912	2
1913	8
1914	0
1915	7
1916	0
1917	6
1918	0
1919	2
1920	0
1921	3
1922	6
1923	0
1924	0
1925	2
1926	3
1927	2
1928	6
1929	0
1930	0
1931	7
1932	0
1933	8
1934	2
1935	0
1936	0
1937	3
1938	4
1939	1
1940	0
1941	0
1942	4
1943	0
1944	0
1945	5
1946	2
1947	6
1948	0
1949	0
1950	4
1951	0
1952	2
1953	1
1954	4
1955	0
1956	0
1957	0
1958	3
1959	4
1960	1
1961	6
1962	0
1963	4
1964	2
1965	3
1966	5
1967	4
1968	0
1969	0
1970	3
1971	2,7
1972	1
1973	2
1974	1
1975	3
1976	4
1977	1
1978	6
1979	2
1980	1
1981	2
1982	3
1983	1
1984	1
1985	0
1986	0
1987	3,5
1988	2
1989	1
1990	3
1991	0
1992	2
1993	0
1994	2
1995	2
1996	7
1997	8
1998	0
1999	3,4,9
2000	0
2001	0
2002	0
2003	0
2004	0
2005	0
2006	1
2007	1
2008	1
2009	3
2010	1
2011	3
2012	2
2013	0
2014	1
2015	5
2016	8
2017	0
2018	0
2019	4
2020	4
2021	0
2022	3
2023	1
2024	3
2025	3
2026	0
2027	3
2028	0,7
2029	0
2030	0
2031	1
2032	5
2033	3
2034	4
2035	8
2036	5
2037	0
2038	3
2039	1
2040	8
2041	3
2042	2
2043	0
2044	2
2045	2
2046	1
2047	1
2048	1,7
2049	0
2050	0
2051	2,3
2052	0
2053	0
2054	1
2055	3
2056	5
2057	0
2058	5
2059	3
2060	8
2061	4,9
2062	6
2063	2
2064	0
2065	0,8
2066	0
2067	4
2068	0
2069	1
2070	4
2071	2
2072	6,7
2073	6
2074	1,2
2075	0
2076	4
2077	1
2078	2
2079	3
2080	0
2081	0
2082	4
2083	7
2084	0
2085	2
2086	5
2087	4
2088	0
2089	1
2090	0
2091	1
2092	1
2093	6
2094	2
2095	0
2096	3
2097	3,7
2098	8
2099	0
2100	3
2101	0
2102	3
2103	1
2104	3
2105	4
2106	0
2107	3
2108	1
2109	5
2110	4
2111	2
2112	1
2113	0
2114	1
2115	1
2116	0
2117	3
2118	4
2119	0
2120	8
2121	1
2122	0
2123	0
2124	1
2125	2,7
2126	0
2127	1
2128	1
2129	1
2130	1
2131	4
2132	3
2133	4
2134	0
2135	2
2136	0
2137	2
2138	0
2139	2
2140	1
2141	5
2142	0
2143	2
2144	0
2145	1
2146	5
2147	0
2148	1
2149	5
2150	0
2151	5
2152	0
2153	2
2154	2,4
2155	0
2156	4
2157	4
2158	4
2159	2
2160	5
2161	3
2162	1
2163	2
2164	0
2165	4
2166	0
2167	9
2168	0
2169	1
2170	1
2171	4
2172	6
2173	1
2174	4
2175	0
2176	5
2177	3
2178	3
2179	0
2180	6
2181	1
2182	2
2183	4
2184	3
2185	0
2186	1
2187	3
2188	0
2189	0
2190	7
2191	1
2192	3
2193	3
2194	0
2195	5
2196	0
2197	2
2198	0
2199	0
2200	1
2201	1
2202	0
2203	5
2204	0
2205	0
2206	1
2207	3
2208	0
2209	1
2210	1
2211	3
2212	4
2213	7
2214	4
2215	3,9
2216	1
2217	3
2218	2
2219	6
2220	1
2221	4
2222	8
2223	2
2224	0
2225	8
2226	0
2227	0
2228	7
2229	0
2230	0
2231	3
2232	1
2233	2
2234	0
2235	5
2236	0
2237	9
2238	0
2239	0
2240	5,9
2241	2
2242	0
2243	1
2244	0
2245	5
2246	1
2247	5
2248	0
2249	5
2250	1
2251	0
2252	4
2253	2
2254	1
2255	0
2256	3
2257	0
2258	4
2259	0
2260	1
2261	1
2262	1
2263	7
2264	1
2265	9
2266	3
2267	6
2268	2
2269	0
2270	3
2271	1
2272	7
2273	1
2274	2
2275	1
2276	4
2277	8
2278	7
2279	1
2280	2
2281	3
2282	3
2283	3
2284	1
2285	0
2286	1
2287	1
2288	0
2289	2
2290	1
2291	1
2292	2
2293	1
2294	0
2295	6
2296	2,3
2297	3
2298	2
2299	1
2300	0
2301	0
2302	0
2303	1
2304	1
2305	0
2306	3
2307	0
2308	3
2309	0
2310	0
2311	5
2312	1
2313	5
2314	0
2315	0
2316	3
2317	1
2318	1,3
2319	2
2320	0
2321	0
2322	3
2323	5
2324	0
2325	0
2326	2
2327	3
2328	1,3
2329	4
2330	0
2331	6
2332	7
2333	1
2334	1
2335	2
2336	3
2337	1
2338	1
2339	0
2340	4
2341	6
2342	0
2343	6
2344	3
2345	1
2346	0
2347	6
2348	1
2349	2,7
2350	2
2351	0
2352	0
2353	6
2354	6
2355	2
2356	1
2357	3
2358	5
2359	7
2360	6
2361	5
2362	1,2
2363	1
2364	0,3
2365	2
2366	1
2367	0
2368	4
2369	4
2370	0
2371	3
2372	0
2373	0
2374	9
2375	0
2376	7
2377	5
2378	3
2379	1
2380	3
2381	0
2382	1
2383	5
2384	2
2385	1
2386	0
2387	0
2388	2
2389	2
2390	4
2391	2
2392	0
2393	2
2394	5
2395	1
2396	4
2397	2
2398	6
2399	4,5
2400	5
2401	4
2402	0
2403	1
2404	1
2405	0
2406	0
2407	2
2408	3
2409	4
2410	0
2411	6
2412	2
2413	2
2414	2
2415	1
2416	1
2417	7
2418	1
2419	0
2420	3
2421	2
2422	0
2423	0
2424	2
2425	5
2426	4
2427	5
2428	2
2429	0
2430	5
2431	1,5
2432	4
2433	1
2434	1
2435	3
2436	1
2437	3
2438	4
2439	1
2440	4
2441	4,5
2442	0
2443	0
2444	3
2445	0
2446	0
2447	4
2448	4
2449	1
2450	5
2451	0
2452	3
2453	3
2454	2
2455	3
2456	1
2457	2
2458	6
2459	5
2460	3
2461	3
2462	1
2463	7
2464	0
2465	3
2466	1
2467	4
2468	2
2469	0
2470	0
2471	2
2472	4
2473	2
2474	2
2475	2
2476	5
2477	0
2478	0
2479	1
2480	3
2481	0
2482	0
2483	0
2484	1
2485	0
2486	2
2487	1
2488	0
2489	3
2490	1
2491	1
2492	2
2493	1
2494	6
2495	0
2496	6
2497	6
2498	0
2499	0
2500	2
2501	1
2502	4
2503	8
2504	0
2505	2
2506	0
2507	1
2508	4
2509	4
2510	4
2511	0
2512	0
2513	2
2514	4
2515	3
2516	0
2517	9
2518	2
2519	2
2520	1
2521	0
2522	3
2523	5
2524	0
2525	0
2526	1
2527	6
2528	1,5
2529	5
2530	0
2531	0
2532	0
2533	4
2534	3
2535	0
2536	0
2537	5
2538	2
2539	4
2540	1
2541	2
2542	0
2543	5
2544	0
2545	5
2546	0
2547	3
2548	1
2549	5
2550	2
2551	1
2552	0
2553	0
2554	8
2555	3
2556	6
2557	2
2558	1
2559	2
2560	0
2561	4
2562	0
2563	7
2564	1
2565	0
2566	0
2567	1
2568	4
2569	4
2570	1
2571	2
2572	6
2573	3
2574	2
2575	6
2576	0
2577	6,9
2578	2
2579	0
2580	2
2581	0
2582	7
2583	9
2584	9
2585	3
2586	0
2587	4
2588	2
2589	2
2590	0
2591	3
2592	0
2593	1
2594	2
2595	4
2596	5
2597	0
2598	1
2599	0
2600	1
2601	4
2602	3
2603	0
2604	2
2605	5
2606	7
2607	7
2608	6
2609	3
2610	3
2611	0
2612	3
2613	0
2614	4
2615	4
2616	0
2617	5
2618	3
2619	2
2620	0
2621	0
2622	0
2623	1
2624	3
2625	0
2626	6
2627	0
2628	1
2629	1
2630	0
2631	1
2632	0
2633	4
2634	5
2635	3
2636	0
2637	3,5
2638	2
2639	0
2640	1
2641	4
2642	0
2643	0
2644	2
2645	1
2646	7
2647	0
2648	2
2649	4
2650	1
2651	6
2652	2
2653	2
2654	1
2655	1
2656	3
2657	2,3,7
2658	0
2659	1
2660	5
2661	1
2662	0
2663	4
2664	0
2665	5
2666	0
2667	3
2668	0
2669	3
2670	2
2671	2
2672	3
2673	5
2674	3
2675	2
2676	8
2677	1
2678	4
2679	5
2680	5
2681	0
2682	0
2683	0
2684	0
2685	3
2686	0
2687	3
2688	1
2689	1
2690	0
2691	0
2692	6
2693	1
2694	2
2695	0
2696	0
2697	4
2698	9
2699	2
2700	1
2701	4
2702	8
2703	1
2704	0
2705	2
2706	0
2707	5
2708	1
2709	3
2710	8
2711	6
2712	3
2713	1
2714	2
2715	0
2716	0
2717	2
2718	3
2719	1,9
2720	4
2721	0
2722	0
2723	3
2724	1
2725	5
2726	0
2727	4
2728	0,3
2729	3
2730	2
2731	0
2732	4
2733	0
2734	0
2735	0
2736	0
2737	0
2738	4
2739	5
2740	0
2741	2
2742	1
2743	1
2744	3
2745	5
2746	0
2747	3
2748	2
2749	3
2750	2
2751	4
2752	2
2753	4
2754	0
2755	0
2756	0
2757	0
2758	2
2759	4
2760	0
2761	1
2762	1
2763	3
2764	4
2765	0
2766	2
2767	4
2768	8
2769	2
2770	3
2771	3
2772	2
2773	2
2774	4
2775	0
2776	4
2777	8
2778	0
2779	0
2780	0
2781	0
2782	0
2783	4
2784	1
2785	5
2786	1
2787	1
2788	3
2789	3
2790	7
2791	4
2792	1
2793	0
2794	3
2795	0
2796	1
2797	0
2798	0
2799	5
2800	2
2801	4
2802	4
2803	0
2804	0
2805	0
2806	1
2807	1
2808	1
2809	6
2810	0
2811	1
2812	1
2813	2
2814	1
2815	1
2816	2
2817	3,9
2818	0
2819	0
2820	0
2821	0
2822	1
2823	1
2824	3
2825	0
2826	0
2827	2
2828	0
2829	0
2830	7
2831	1
2832	3
2833	0
2834	8
2835	0
2836	3
2837	0
2838	5
2839	4
2840	0
2841	1
2842	0
2843	5
2844	6
2845	0
2846	1
2847	3
2848	4
2849	4
2850	1
2851	3
2852	3
2853	0
2854	6
2855	3
2856	2
2857	5
2858	4
2859	0
2860	0
2861	6
2862	1
2863	3
2864	9
2865	1
2866	0
2867	3
2868	0
2869	0
2870	2
2871	0
2872	8
2873	5
2874	2
2875	2
2876	0
2877	8
2878	1
2879	3
2880	6
2881	0
2882	2
2883	0
2884	0
2885	0
2886	1
2887	1
2888	0
2889	2
2890	5
2891	1
2892	2
2893	3
2894	1
2895	2
2896	1
2897	2
2898	1
2899	7
2900	2
2901	0
2902	5
2903	0
2904	0
2905	0
2906	5
2907	2
2908	1,6
2909	7,8
2910	1
2911	2
2912	5
2913	5,8
2914	5
2915	1
2916	0
2917	1
2918	0
2919	5
2920	5
2921	1
2922	3
2923	0
2924	3
2925	1
2926	2
2927	1
2928	1,5
2929	1
2930	0
2931	2
2932	3
2933	1
2934	0
2935	0
2936	0
2937	2
2938	0
2939	1
2940	1
2941	3
2942	2
2943	1
2944	0
2945	5
2946	0
2947	3
2948	1
2949	1
2950	2
2951	2
2952	0
2953	3
2954	8
2955	2
2956	4
2957	0
2958	1
2959	0
2960	3
2961	9
2962	1,2
2963	5
2964	4
2965	0
2966	1
2967	1
2968	1
2969	5
2970	3
2971	0
2972	3
2973	0
2974	3
2975	1
2976	2
2977	0
2978	4
2979	1
2980	0,3,8
2981	0
2982	4
2983	0
2984	0
2985	0
2986	3
2987	7
2988	1
2989	1
2990	3
2991	2
2992	2
2993	0
2994	0
2995	6
2996	1
2997	0
2998	4
2999	1
3000	0
3001	0
3002	3
3003	4
3004	1
3005	3
3006	0
3007	4
3008	3
3009	0
3010	3
3011	0
3012	2
3013	3
3014	5
3015	1
3016	0
3017	0
3018	4
3019	6
3020	0
3021	0
3022	5
3023	3
3024	5
3025	1
3026	1
3027	0
3028	0
3029	1
3030	0
3031	1
3032	2
3033	2
3034	3
3035	6
3036	2
3037	1
3038	6
3039	2
3040	5
3041	2
3042	0
3043	7
3044	1
3045	2
3046	0
3047	0
3048	1
3049	1
3050	4
3051	8
3052	7
3053	0
3054	1
3055	1,8
3056	4
3057	6
3058	0
3059	2
3060	2
3061	0
3062	0
3063	1
3064	0
3065	2
3066	0
3067	1
3068	6
3069	0
3070	4
3071	0
3072	0
3073	2
3074	2,3
3075	2
3076	0
3077	1
3078	5
3079	4
3080	2
3081	0
3082	0
3083	0
3084	2
3085	2
3086	0
3087	3
3088	1
3089	0
3090	2
3091	3
3092	9
3093	6
3094	5
3095	6,9
3096	0
3097	1
3098	0
3099	1
3100	3
3101	2
3102	0
3103	2
3104	3
3105	0
3106	2
3107	6
3108	4,5
3109	1
3110	0
3111	8
3112	4
3113	1
3114	2
3115	2
3116	2
3117	4
3118	0
3119	1
3120	3
3121	3
3122	5
3123	0
3124	3
3125	2
3126	1
3127	2
3128	4
3129	4
3130	3
3131	7
3132	3
3133	1
3134	0
3135	1
3136	0
3137	1
3138	7
3139	4
3140	1
3141	3
3142	1
3143	1
3144	6
3145	2
3146	6
3147	2
3148	1
3149	2
3150	1
3151	1
3152	2
3153	2
3154	9
3155	1
3156	4
3157	3
3158	0
3159	1
3160	0
3161	0
3162	0
3163	1
3164	6
3165	4
3166	1
3167	5
3168	7
3169	1
3170	2
3171	1
3172	4
3173	1
3174	3
3175	5
3176	5
3177	2
3178	2
3179	6,8
3180	9
3181	1
3182	1
3183	0
3184	0
3185	8
3186	2
3187	0
3188	1
3189	0
3190	7
3191	1
3192	1
3193	3
3194	0
3195	9
3196	1
3197	0
3198	2
3199	1
3200	1
3201	0
3202	1
3203	0
3204	0
3205	0
3206	1
3207	5
3208	1
3209	0
3210	0
3211	6
3212	2
3213	2
3214	0
3215	5
3216	0
3217	0
3218	0
3219	0
3220	0
3221	0
3222	1
3223	0
3224	2
3225	1
3226	3,9
3227	9
3228	2
3229	0
3230	3
3231	2
3232	2
3233	0
3234	3
3235	1
3236	4
3237	4
3238	3
3239	1
3240	8
3241	1
3242	9
3243	3
3244	4
3245	0
3246	6
3247	1
3248	1
3249	7
3250	1
3251	4
3252	1
3253	2
3254	4
3255	1
3256	0
3257	1
3258	2
3259	0
3260	1
3261	7
3262	4
3263	1
3264	2
3265	2
3266	1
3267	3
3268	2
3269	0
3270	2
3271	0
3272	3
3273	0
3274	4
3275	0
3276	4
3277	4
3278	2
3279	1
3280	1
3281	0
3282	4
3283	9
3284	3
3285	2
3286	2
3287	6
3288	1
3289	0
3290	3
3291	1
3292	1
3293	2
3294	3
3295	0
3296	0
3297	2
3298	2
3299	0
3300	6
3301	2,8
3302	4
3303	0
3304	1
3305	0
3306	3
3307	4
3308	9
3309	0
3310	0
3311	4
3312	9
3313	3
3314	2
3315	5
3316	1
3317	0
3318	2
3319	5
3320	1
3321	2
3322	2
3323	0
3324	6,8
3325	5
3326	6,8
3327	6
3328	3,4
3329	0
3330	2
3331	2
3332	1
3333	0
3334	0
3335	6,8
3336	1
3337	4
3338	1
3339	6,7
3340	3
3341	0
3342	2
3343	6
3344	4
3345	9
3346	0
3347	0
3348	7,9
3349	7
3350	1
3351	1
3352	1
3353	5
3354	0
3355	6
3356	0
3357	0
3358	2
3359	2
3360	1
3361	9
3362	3
3363	1
3364	2
3365	2
3366	0
3367	0
3368	0
3369	2
3370	1
3371	0
3372	3
3373	2
3374	3
3375	0
3376	1
3377	6
3378	0
3379	6
3380	1
3381	3
3382	1
3383	1
3384	8
3385	3
3386	2
3387	4
3388	0,7
3389	2
3390	3
3391	6
3392	4
3393	2,8
3394	6
3395	1
3396	5
3397	5
3398	0
3399	1
3400	2
3401	5
3402	1
3403	0
3404	1
3405	0
3406	8
3407	1
3408	2
3409	3,7
3410	2
3411	0
3412	1,3
3413	2
3414	0
3415	0
3416	0
3417	3
3418	0
3419	2
3420	1
3421	0
3422	0,9
3423	2
3424	8
3425	9
3426	0
3427	1
3428	1
3429	0
3430	0
3431	6
3432	2
3433	2
3434	2
3435	1
3436	3
3437	1
3438	7
3439	0
3440	0
3441	0
3442	4
3443	8,9
3444	0
3445	5,6
3446	2
3447	4
3448	0
3449	1
3450	3
3451	0
3452	0
3453	2
3454	5
3455	2
3456	5
3457	1
3458	0
3459	5
3460	0
3461	0
3462	0
3463	6
3464	3
3465	2
3466	3
3467	0
3468	0
3469	3
3470	2
3471	3
3472	1
3473	2
3474	3
3475	3
3476	1
3477	1
3478	1
3479	6
3480	3
3481	4
3482	1
3483	0
3484	5
3485	2
3486	2
3487	2
3488	0
3489	0
3490	4
3491	7
3492	5
3493	0
3494	0
3495	0
3496	2
3497	1
3498	1
3499	3
3500	0
3501	1
3502	0
3503	0
3504	0
3505	2
3506	0
3507	0
3508	4
3509	0
3510	3
3511	3
3512	2
3513	2
3514	1
3515	3
3516	3
3517	1
3518	0
3519	5
3520	1
3521	0
3522	0
3523	2
3524	0
3525	0
3526	0
3527	0
3528	0
3529	2,9
3530	1
3531	3
3532	3
3533	2
3534	2
3535	1
3536	1
3537	1,2
3538	5
3539	0
3540	4,9
3541	3
3542	2
3543	0
3544	1
3545	0
3546	5
3547	0
3548	4
3549	0
3550	1
3551	0
3552	0,8
3553	7
3554	0
3555	0
3556	0
3557	0
3558	3
3559	0
3560	1
3561	4
3562	4
3563	0
3564	0
3565	5
3566	1
3567	1
3568	2
3569	7
3570	2
3571	0
3572	0
3573	0
3574	0
3575	1
3576	3
3577	0
3578	2
3579	6
3580	4
3581	0
3582	2
3583	2
3584	9
3585	1
3586	0
3587	2
3588	0
3589	6
3590	0
3591	0
3592	0
3593	3
3594	3
3595	0
3596	4
3597	2
3598	5
3599	3
3600	3
3601	0
3602	0
3603	0
3604	1
3605	2
3606	0
3607	0
3608	1
3609	3
3610	5
3611	1
3612	3
3613	0
3614	1
3615	2
3616	0
3617	2
3618	0
3619	1
3620	0
3621	0
3622	2
3623	9
3624	2
3625	1
3626	5
3627	7
3628	3
3629	1
3630	7
3631	3
3632	0
3633	2
3634	3
3635	2
3636	0
3637	0
3638	1
3639	0
3640	1
3641	4
3642	0
3643	2
3644	6
3645	6
3646	3
3647	2
3648	1
3649	1
3650	6
3651	0
3652	0
3653	9
3654	2
3655	1
3656	0
3657	0
3658	2
3659	3
3660	4,7,9
3661	0
3662	0
3663	3
3664	2
3665	0
3666	2
3667	5
3668	3
3669	2
3670	4
3671	2
3672	1,4
3673	1
3674	1
3675	0
3676	1
3677	0,2,3,4,7,8,9
3678	1
3679	0
3680	1,2,3,4,5,6,8,9
3681	4,5
3682	2
3683	6
3684	2
3685	1
3686	1
3687	1
3688	2,3
3689	0
3690	0,1,2,3,4,5,6,7,8,9
3691	0
3692	0
3693	1
3694	2
3695	1
3696	0
3697	0
3698	1
3699	1,2,4,6,7,8
3700	0
3701	0
3702	0
3703	0
3704	0
3705	2
3706	2
3707	2
3708	2
3709	2
3710	6
3711	6
3712	6
3713	6
3714	6
3715	9
3716	9
3717	9
3718	9
3719	9
3720	8
3721	8
3722	8
3723	8
3724	8
