0	0
1	1
2	2
3	3
4	4
5	5
6	6
7	7
8	8
9	9
10	3,5
11	0
12	0
13	7
14	0,5
15	1
16	2
17	0,2,3
18	4
19	2,6
20	6,7,8
21	0,7
22	3
23	1,9
24	5
25	1
26	1
27	3
28	0,4
29	2
30	0
31	1,5,6
32	3,8
33	2
34	2
35	5
36	1
37	5
38	1
39	3,4,9
40	0,9
41	0
42	5,8
43	3
44	1
45	7
46	5,6
47	2
48	5
49	1,6
50	0,1,2
51	0
52	4
53	5
54	0,1
55	0
56	4
57	2
58	2
59	2,3
60	4
61	3
62	1
63	6
64	1,6,9
65	1
66	1
67	2
68	3
69	2,4
70	3
71	3,8
72	2
73	4
74	1,5
75	2
76	3
77	0
78	6
79	0,5
80	1
81	2
82	0
83	1,9
84	0,5
85	5
86	0
87	0
88	2
89	0,1
90	3
91	3,6
92	5,7
93	4
94	0,2,6
95	4
96	5,6
97	1
98	1
99	1
100	4,6
101	0
102	0
103	2,9
104	4
105	0
106	1
107	1
108	7
109	5,8
110	3
111	3
112	2
113	3
114	0
115	2
116	1
117	3
118	0
119	2
120	2
121	2
122	2
123	2
124	2
125	5
126	8
127	8
128	0
129	1
130	8
131	1
132	3
133	0
134	0,1,8
135	1,4
136	6
137	1
138	2,4,5
139	3,5
140	5
141	4
142	2
143	0
144	0
145	3
146	2
147	4
148	2
149	0
150	1
151	3
152	1
153	4
154	1
155	0
156	4
157	4,7
158	5
159	3
160	3,7
161	1
162	3
163	2
164	0
165	1
166	0
167	2,3
168	1
169	2
170	8
171	5
172	2
173	1
174	2
175	1
176	1
177	8
178	0
179	3
180	0
181	1
182	1
183	1
184	5
185	2,4
186	6
187	3
188	0
189	5
190	1
191	5
192	2
193	4
194	0,6
195	0
196	8
197	0
198	1
199	1
200	2
201	0
202	2
203	2
204	4,5
205	0,8,9
206	0
207	2
208	2
209	1
210	1
211	3
212	1
213	3
214	3,9
215	0
216	3
217	1
218	2
219	3
220	5
221	0,7
222	1
223	0
224	2
225	1
226	0
227	1
228	9
229	3
230	0,6
231	2
232	3
233	4
234	1
235	1
236	2
237	0
238	2
239	0
240	0
241	0
242	8
243	1
244	3
245	0
246	0
247	7
248	0
249	2
250	4
251	4
252	1
253	5
254	6
255	0
256	3,6
257	0
258	3,7
259	1
260	0
261	1
262	1
263	2
264	1
265	1
266	0
267	3
268	4
269	3
270	3
271	2
272	0
273	0
274	0
275	4,5
276	0
277	7
278	1
279	2
280	7
281	1,8
282	4
283	2
284	0
285	4
286	1
287	1
288	0
289	3
290	0
291	0
292	2
293	2
294	3,5,6
295	0
296	1
297	0
298	2
299	0
300	0
301	1
302	3
303	7
304	2
305	2
306	0
307	0
308	0
309	2
310	2
311	5
312	7
313	1,4
314	3
315	0
316	1
317	1
318	0
319	0
320	1
321	7
322	1
323	2
324	0
325	5
326	1
327	4
328	2
329	2
330	5
331	1,5
332	1
333	0
334	0
335	2,7
336	0
337	4
338	4
339	0
340	0
341	1
342	3
343	3
344	2
345	0
346	2
347	8
348	6
349	0
350	3
351	2
352	1,2
353	5
354	1
355	0
356	7
357	0
358	1
359	7
360	1
361	1
362	4,6
363	3
364	3
365	1
366	4
367	3
368	4
369	1
370	0
371	2
372	3
373	0
374	4
375	8
376	9
377	4,5
378	0
379	6
380	0
381	4
382	0
383	8
384	4
385	1
386	1
387	6
388	3
389	2
390	2
391	0
392	2
393	3
394	0
395	3
396	1
397	0
398	2
399	2
400	0
401	0
402	3
403	3
404	3
405	0
406	0
407	3
408	2
409	1
410	1
411	5
412	1
413	2
414	3
415	2
416	0
417	2
418	7
419	0
420	4
421	0
422	2
423	0
424	7
425	1
426	3
427	0,3
428	4
429	1
430	0
431	0
432	1
433	1,7
434	4
435	1
436	1
437	4
438	6
439	1
440	0
441	1
442	0
443	0
444	1
445	0
446	0
447	0
448	1
449	7
450	0
451	1
452	0
453	0
454	1
455	2
456	8
457	2
458	2
459	8
460	0
461	0
462	0
463	0
464	4,7
465	1
466	0
467	1
468	3
469	1
470	3
471	1
472	0
473	0
474	2
475	9
476	8
477	3,8
478	2
479	6
480	1
481	3
482	1
483	2
484	0
485	1
486	1
487	5
488	1
489	1
490	6
491	5
492	3
493	7
494	9
495	2
496	5
497	0
498	1
499	0
500	1
501	0
502	1
503	2
504	0
505	0
506	9
507	0
508	5
509	0
510	3
511	0
512	1
513	2
514	0
515	0
516	3
517	1,6
518	0
519	2
520	1
521	0
522	3
523	2
524	3
525	0
526	0
527	1
528	5
529	9
530	0
531	2
532	2
533	3
534	8
535	6
536	4
537	4
538	0
539	0
540	0
541	1
542	0
543	1
544	0
545	3
546	5
547	2
548	3
549	2
550	1
551	1
552	6
553	3
554	7,9
555	7
556	3
557	1
558	0
559	1
560	2
561	2
562	1
563	0
564	6
565	0
566	1
567	0
568	0
569	0
570	1
571	0
572	1
573	4
574	2
575	5
576	0
577	1
578	2
579	4
580	1
581	1
582	7
583	1
584	0
585	1
586	2
587	1
588	1
589	2
590	2
591	3
592	2
593	4
594	3
595	0
596	0
597	4
598	3
599	3
600	1
601	0
602	0
603	1
604	0
605	9
606	1
607	5
608	0
609	1
610	0
611	3
612	0
613	5
614	6
615	1
616	0
617	0
618	0
619	1
620	1
621	0
622	2
623	1
624	1
625	0
626	3
627	1
628	0
629	2
630	3
631	2
632	1
633	1
634	1
635	3
636	0
637	6
638	7
639	2
640	5
641	3
642	1
643	0
644	2
645	0
646	0
647	2
648	5
649	2
650	1
651	2
652	9
653	0
654	1
655	1
656	0
657	2
658	2
659	0
660	0
661	7
662	3
663	1
664	5
665	1
666	1
667	1
668	0
669	4
670	0
671	1
672	1
673	0
674	1
675	2
676	1
677	1
678	3
679	1
680	5
681	6
682	2
683	5
684	1
685	4
686	1
687	4
688	3
689	0
690	0
691	6
692	1
693	5
694	0
695	1
696	0
697	2
698	1
699	0
700	2
701	3,9
702	3
703	7
704	1
705	4
706	0
707	2
708	1
709	5
710	0
711	1
712	0
713	0
714	1
715	1
716	2
717	0
718	1
719	3
720	1
721	1
722	0
723	5
724	5
725	1
726	3
727	3
728	1
729	0
730	0
731	5
732	8
733	0
734	2
735	0
736	4
737	5
738	5
739	5
740	6
741	2
742	3
743	0
744	1
745	0
746	3
747	0
748	3
749	1
750	0
751	0
752	3,6
753	7
754	0
755	0
756	3
757	5
758	6
759	1
760	1
761	2
762	0
763	4,6,8
764	2
765	0
766	1
767	5,6
768	2
769	4
770	8
771	2
772	4
773	2
774	3
775	8
776	0
777	0
778	1
779	1
780	0
781	1
782	8
783	3
784	1
785	3
786	0
787	5
788	0
789	2
790	5
791	1
792	3
793	0
794	3
795	1
796	5
797	0
798	1
799	7
800	1
801	0
802	2
803	2
804	0
805	1
806	0
807	1
808	6
809	6
810	0
811	2
812	7
813	2
814	0
815	7
816	2
817	0
818	4
819	1
820	1,7
821	2
822	2
823	1
824	2
825	1
826	0
827	1
828	0
829	0
830	1
831	3
832	3
833	5
834	1
835	0
836	7
837	2
838	1
839	0
840	0
841	7
842	5
843	2
844	0
845	1
846	6
847	0
848	4
849	4
850	0
851	2
852	8
853	1
854	6
855	2
856	3
857	0
858	0
859	0
860	1
861	0
862	1
863	1
864	1
865	0
866	0
867	5
868	0
869	1
870	8
871	0
872	0
873	1
874	2
875	1
876	1
877	1
878	0,4
879	1
880	0
881	1
882	7
883	2
884	0
885	0
886	0
887	1
888	0
889	1
890	0
891	0
892	0
893	2
894	5
895	1
896	0
897	2
898	2
899	1
900	0
901	4
902	0
903	6
904	3
905	3
906	2
907	4
908	2
909	1
910	0
911	2
912	0
913	0
914	1
915	0
916	4
917	1
918	2
919	6
920	0
921	2
922	4,9
923	0
924	2
925	0
926	0
927	1
928	1
929	3
930	0
931	5,6
932	0
933	7
934	9
935	0
936	2
937	1
938	2
939	0
940	5
941	2
942	2
943	1
944	3
945	2
946	0
947	1
948	3
949	1
950	0
951	3
952	2
953	5
954	4
955	1
956	0
957	6
958	0
959	3
960	6
961	5,6
962	2
963	3
964	1
965	1,3,5,9
966	0
967	7
968	3
969	0
970	3
971	0
972	0
973	3
974	0
975	2,3
976	0,2,3,4,7,9
977	1
978	0
979	2
980	3
981	5
982	1
983	4
984	1
985	0
986	3
987	3
988	7,8
989	4
990	2
991	3
992	0
993	0
994	5,7
995	3
996	1
997	1,2,3,4,5
998	2
999	0
1000	0
1001	0
1002	0
1003	0
1004	0
1005	0
1006	0
1007	0
1008	0
1009	0
1010	0
1011	0
1012	0
1013	0
1014	0
1015	0
1016	0
1017	0
1018	0
1019	0
1020	0
1021	0
1022	2
1023	2
1024	2
1025	2
1026	2
1027	2
1028	2
1029	2
1030	2
1031	2
1032	2
1033	2
1034	2
1035	2
1036	2
1037	2
1038	2
1039	2
1040	2
1041	2
1042	2
1043	2
1044	6
1045	6
1046	6
1047	6
1048	6
1049	6
1050	6
1051	6
1052	6
1053	6
1054	6
1055	6
1056	6
1057	6
1058	6
1059	6
1060	6
1061	6
1062	6
1063	6
1064	6
1065	6
1066	9
1067	9
1068	9
1069	9
1070	9
1071	9
1072	9
1073	9
1074	9
1075	9
1076	9
1077	9
1078	9
1079	9
1080	9
1081	9
1082	9
1083	9
1084	9
1085	9
1086	9
1087	9
1088	8
1089	8
1090	8
1091	8
1092	8
1093	8
1094	8
1095	8
1096	8
1097	8
1098	8
1099	8
1100	8
1101	8
1102	8
1103	8
1104	8
1105	8
1106	8
1107	8
1108	8
1109	8
