0	0
1	1
2	2
3	3
4	4
5	3,5
6	6
7	7
8	8
9	5,9
10	0,9
11	0,4
12	2,4
13	1
14	2
15	0
16	0,2
17	5
18	5
19	6
20	3
21	0,1
22	2
23	0
24	6
25	0
26	2,4
27	1,6
28	5
29	0,7
30	6,7
31	4
32	6,8,9
33	1
34	0,8
35	2
36	1
37	1
38	0,4,6
39	2
40	0,2
41	1
42	0,1
43	0,5
44	0
45	0
46	3,5
47	0
48	1
49	3
50	9
51	3
52	5
53	2
54	2
55	1
56	3
57	9
58	0
59	3,4,8
60	0,3,6
61	2
62	0
63	1,3
64	0,8
65	1,3
66	1,2
67	0
68	1
69	7
70	1,3,5
71	8
72	0,8
73	2,3,5,6
74	1,5
75	2
76	0
77	1
78	0
79	0
80	4
81	0
82	1
83	0
84	0
85	0
86	1
87	6
88	0
89	8
90	1
91	0,4,6
92	1
93	7
94	3
95	0
96	1
97	4
98	1
99	0
100	2
101	2
102	6
103	4,6
104	0
105	2,8
106	0,2
107	0
108	4
109	2
110	2
111	2
112	0
113	1
114	0
115	7
116	2
117	8
118	0
119	8
120	1
121	5
122	0
123	0,8
124	1
125	1
126	5
127	1
128	5,7
129	0
130	1,9
131	2
132	0
133	0
134	2
135	2
136	2,3
137	1
138	0
139	0
140	2
141	5
142	0,2
143	1
144	1
145	5
146	5
147	3
148	0
149	1,9
150	0
151	1
152	5
153	0
154	3
155	0
156	4
157	0
158	2,3
159	6
160	4
161	3
162	3
163	0
164	0
165	1,3
166	0
167	1
168	1
169	4
170	2
171	0
172	2
173	1
174	0
175	1
176	5
177	2
178	3
179	0
180	3
181	2
182	1,5
183	2
184	3
185	2
186	1
187	0,6
188	1
189	6,7
190	1
191	5
192	1
193	5
194	1
195	8
196	2
197	3
198	3,5
199	0
200	1
201	0
202	7,8
203	3
204	2
205	1
206	2
207	2,7
208	0
209	6
210	0
211	2
212	0,2
213	0
214	2,6,7
215	1,2,4
216	3
217	2
218	4
219	0
220	0
221	7
222	0
223	4
224	2
225	0
226	0
227	1
228	3,7
229	0
230	1
231	2
232	1
233	8
234	1
235	2
236	0,4
237	0
238	2
239	3,4
240	1
241	3
242	0
243	3
244	4
245	0
246	4
247	0
248	0
249	6,7,9
250	2
251	3
252	8
253	0
254	1
255	0
256	4
257	0
258	4
259	5
260	9
261	1
262	2
263	7
264	4
265	1
266	1,2
267	0
268	5
269	0
270	2
271	7
272	1
273	9
274	9
275	6
276	1
277	2
278	2
279	1
280	1
281	0
282	1
283	1
284	4
285	1
286	0
287	2
288	8
289	0
290	2
291	2
292	6
293	7,9
294	0
295	2,9
296	5
297	0
298	3
299	1
300	0
301	1
302	1
303	2
304	9
305	8
306	1
307	1
308	7
309	0
310	3
311	2
312	0
313	5
314	7
315	3
316	3,8
317	0
318	1
319	3,5
320	6
321	3
322	8
323	4
324	4
325	0
326	3
327	3
328	0
329	1
330	1
331	0
332	3
333	0
334	3
335	0
336	0
337	6
338	5
339	1
340	6
341	0,2
342	7
343	2
344	8
345	0
346	1
347	0,6
348	7
349	6
350	1,2,7
351	2
352	5
353	0
354	2
355	0
356	2
357	0
358	1
359	6
360	1
361	0
362	2
363	6
364	3
365	0
366	3
367	4
368	1
369	1
370	1
371	2
372	1
373	3
374	0
375	0
376	5
377	2
378	6
379	1
380	4
381	2
382	0
383	2
384	0
385	1
386	1
387	0
388	3,7
389	1
390	0
391	0
392	1
393	4
394	0
395	1
396	2
397	6
398	0
399	3
400	0
401	1
402	0
403	2
404	8
405	3
406	5
407	0
408	0
409	2
410	2
411	5
412	2
413	4,8
414	3
415	1
416	0
417	8
418	1
419	0
420	1
421	2
422	3,5
423	3
424	3
425	5
426	3
427	0
428	3,5
429	2
430	2
431	6
432	0,6
433	1
434	0
435	0
436	5
437	4
438	4
439	1
440	1
441	2
442	3
443	1
444	0
445	0
446	1,9
447	0
448	1
449	4
450	2
451	0
452	1,5
453	1
454	7
455	2
456	2
457	3
458	0
459	0
460	0
461	1
462	8
463	2
464	0
465	4
466	6
467	0
468	0
469	1
470	4
471	6
472	0
473	4,5,6
474	1
475	5
476	1
477	1
478	4
479	0
480	0
481	5
482	4
483	6
484	3
485	6
486	1
487	6
488	0
489	0
490	3
491	0
492	0
493	3
494	0
495	5
496	1
497	0
498	2
499	1
500	2
501	2
502	0
503	4
504	0
505	3
506	1
507	2
508	6
509	2
510	1
511	0
512	3
513	7
514	0
515	5
516	0
517	4
518	2
519	0
520	1
521	7
522	4
523	3
524	3
525	0
526	4
527	6
528	7
529	1
530	0
531	4
532	0
533	8
534	3
535	4
536	5
537	3
538	1
539	1
540	1
541	9
542	3
543	0
544	2
545	3
546	1
547	3
548	2
549	1
550	1
551	0
552	0
553	2
554	5
555	1
556	2
557	0
558	1
559	0
560	0
561	4
562	5
563	0
564	2
565	0
566	6
567	4
568	2
569	8
570	5
571	0
572	4
573	0
574	6
575	4
576	2
577	0
578	0
579	7
580	6
581	0
582	1
583	1
584	0
585	0
586	5
587	1
588	0
589	0
590	0
591	1
592	6
593	6
594	4
595	0
596	2
597	1
598	2
599	0
600	1
601	4
602	0
603	3
604	0
605	3
606	0
607	0
608	2
609	3
610	0
611	1
612	0
613	0
614	0
615	3
616	0
617	3
618	7
619	4
620	4
621	2
622	0
623	0
624	8
625	4
626	3
627	1
628	1
629	4
630	1
631	1
632	3
633	1
634	1
635	4
636	3
637	2
638	4
639	3
640	2
641	3
642	7
643	1
644	5
645	1
646	0
647	1
648	1
649	1
650	0
651	2
652	3
653	4
654	1
655	0
656	6
657	1
658	2
659	0
660	1
661	0
662	2
663	5
664	4
665	4
666	6
667	7
668	3
669	3
670	4
671	7
672	1
673	0
674	5
675	0
676	1
677	4
678	0
679	5
680	4
681	2
682	0
683	1
684	0
685	5
686	1
687	0
688	4
689	0
690	7
691	5
692	6
693	6
694	0
695	0
696	0
697	5
698	2
699	3
700	1
701	1
702	3
703	4
704	0
705	0
706	0
707	4
708	9
709	0
710	2
711	1
712	2
713	6
714	0
715	5
716	1
717	0
718	2
719	2
720	0
721	1
722	2
723	1
724	0
725	6
726	5
727	3
728	4
729	3
730	1
731	2
732	0
733	9
734	0
735	1
736	0
737	2
738	3
739	1
740	0
741	3
742	9
743	1
744	1
745	0
746	6
747	4
748	1
749	4
750	0
751	2
752	1
753	2
754	3
755	1
756	1
757	1
758	6
759	5
760	5
761	1
762	1
763	4
764	1
765	4
766	3
767	2
768	5
769	3,8
770	2
771	1
772	3
773	0
774	3
775	0
776	4
777	1
778	0
779	1
780	0
781	2
782	0
783	6
784	5
785	8
786	1
787	1
788	0
789	1
790	4
791	0
792	0
793	1
794	1
795	3
796	0
797	0
798	1
799	6
800	4
801	0
802	2
803	4
804	1
805	1,8
806	1
807	0
808	1
809	2
810	0
811	2
812	2
813	4
814	0
815	4
816	0
817	1
818	4
819	2
820	3
821	0
822	0
823	0
824	0
825	0
826	2
827	1
828	3,6
829	2
830	0
831	1
832	1
833	2
834	0
835	4
836	6
837	6
838	1
839	3
840	0
841	3
842	1
843	2
844	4
845	1
846	2
847	0
848	3
849	0
850	1
851	4
852	4
853	2
854	0
855	2
856	0
857	2
858	2
859	0
860	0
861	4
862	0
863	1
864	2
865	8
866	0
867	1
868	3
869	3
870	0
871	0
872	8
873	2
874	0
875	1
876	1
877	1
878	0
879	2
880	3
881	2
882	1
883	7
884	3
885	4
886	2
887	1
888	1
889	2
890	2
891	6
892	0
893	0
894	1
895	0
896	0
897	0
898	2
899	4
900	2
901	0
902	1
903	9
904	4
905	0
906	5
907	3
908	4
909	4
910	0
911	1
912	0
913	4
914	2
915	1
916	2,9
917	1
918	3
919	6
920	2
921	2
922	0
923	4
924	6
925	1
926	1
927	3
928	1
929	3
930	7
931	7
932	0
933	0,8
934	0
935	0
936	0
937	2
938	3
939	0
940	2
941	0
942	4
943	6
944	3
945	0
946	0
947	1
948	1
949	0
950	1
951	3,6
952	0
953	0
954	4
955	1
956	1
957	4
958	1
959	3
960	0
961	2
962	1
963	1
964	2
965	0
966	5,7
967	2
968	3
969	1
970	6
971	0
972	1
973	6
974	2
975	4
976	1,2,3,4,6,7,8,9
977	2
978	0
979	1
980	0
981	1
982	0
983	3
984	1
985	2
986	0
987	1
988	1
989	2
990	0
991	1,7
992	3
993	5
994	2
995	0
996	3
997	0
998	0,2,4,5
999	0
1000	0
1001	0
1002	0
1003	0
1004	0
1005	2
1006	2
1007	2
1008	2
1009	2
1010	6
1011	6
1012	6
1013	6
1014	6
1015	9
1016	9
1017	9
1018	9
1019	9
1020	8
1021	8
1022	8
1023	8
1024	8
