0	0
1	1
2	2
3	3
4	4
5	5
6	6
7	7
8	8
9	9
10	2
11	0
12	3
13	2
14	0,9
15	2
16	0
17	3
18	1
19	5
20	0
21	1
22	3,6
23	0
24	3,4
25	0,2,7
26	1,4,7
27	0
28	1
29	0,7
30	2,6,9
31	2,4,6,9
32	1,2,3
33	4
34	2
35	9
36	4
37	1,2,3
38	0,5
39	1
40	4
41	1
42	4,7,9
43	1
44	1
45	0,7,9
46	1
47	0
48	1
49	2
50	5
51	5
52	1
53	1
54	0
55	1
56	3,6
57	1
58	2
59	1
60	2,6
61	0
62	1
63	4
64	3
65	5
66	9
67	0,2
68	0
69	3
70	0,1
71	1
72	0
73	0,2,5
74	1
75	0
76	0
77	1
78	4,6
79	0
80	1
81	0
82	0,2
83	1
84	0
85	8
86	8
87	2
88	1
89	0
90	4
91	0,1
92	4
93	1,8
94	7
95	4
96	0
97	1
98	1
99	3
100	8
101	3,8
102	0,7
103	2,4,9
104	0,4
105	1
106	1
107	7
108	4
109	3
110	8
111	7,9
112	1
113	2
114	1,8
115	0,8
116	0
117	6
118	0
119	1
120	1
121	0,7
122	4
123	4
124	0
125	5
126	3
127	4
128	4
129	0
130	1
131	1
132	2
133	1,5,9
134	0
135	3
136	0
137	0
138	3
139	0
140	0
141	1,2
142	6
143	1
144	3
145	1
146	1
147	5
148	1
149	3
150	2
151	1
152	3
153	0
154	3
155	0
156	0,2
157	5
158	2
159	5
160	1
161	0
162	9
163	0
164	0
165	6
166	1
167	1
168	2
169	4
170	7,8
171	0
172	6
173	2
174	2
175	4
176	9
177	8
178	4
179	0
180	3
181	1
182	6
183	2
184	0
185	7
186	1
187	2
188	0
189	1
190	4
191	1,9
192	7,8
193	1
194	7
195	4
196	3
197	1,2,4
198	5
199	9
200	4
201	0
202	5
203	1
204	9
205	9
206	1
207	3
208	0
209	5
210	4
211	5
212	2
213	0
214	6
215	1
216	8
217	0
218	5
219	1
220	1
221	0
222	4
223	4
224	3
225	1
226	1
227	0
228	0
229	1
230	1
231	1
232	2
233	2
234	0
235	1
236	6
237	0
238	0
239	4
240	1
241	3
242	5
243	4
244	1
245	6
246	5
247	5,8
248	0
249	3
250	0
251	2
252	4
253	0
254	0
255	1
256	1
257	2,6
258	0
259	2
260	1
261	3
262	0
263	1
264	2
265	2,4
266	1
267	1
268	0
269	2
270	1
271	4
272	5
273	1
274	1
275	0
276	7
277	5
278	2
279	0
280	1
281	0
282	1
283	0
284	1
285	0
286	3
287	0
288	0
289	2
290	1
291	0
292	3
293	0
294	2
295	3
296	0
297	3
298	4
299	1
300	0,5
301	7
302	0
303	8
304	2
305	0,1
306	0
307	4
308	1
309	0
310	1
311	3,4
312	3
313	2
314	0
315	1
316	6
317	0
318	1
319	3
320	1
321	0
322	3
323	0
324	9
325	6
326	2
327	2
328	1
329	1
330	0
331	7
332	2
333	3
334	0
335	0
336	3
337	4
338	1
339	4
340	3
341	2
342	0
343	9
344	0
345	0
346	0
347	4
348	0
349	1
350	1
351	1
352	4,8
353	0
354	4
355	0
356	0
357	2
358	1
359	2
360	2,9
361	1
362	0
363	2
364	4
365	3
366	5
367	2
368	3
369	2
370	0
371	5
372	0,8
373	4
374	5
375	2
376	0
377	0
378	0
379	4
380	0
381	1
382	3
383	1
384	1
385	0
386	0
387	1
388	6
389	2,9
390	1
391	2
392	4
393	1
394	2,4,6
395	0
396	8
397	0
398	0
399	1
400	2
401	1
402	3
403	3
404	1
405	0
406	1
407	0
408	3
409	1
410	1,5
411	3
412	1
413	1
414	0
415	0,5
416	1
417	2
418	1
419	5
420	4
421	0
422	7
423	0
424	2
425	0
426	0
427	3,4
428	9
429	3
430	1
431	0
432	5
433	0
434	7
435	0
436	1
437	5
438	4
439	5
440	6
441	0
442	7
443	5,7
444	4
445	1
446	0
447	7
448	2,5,6
449	8
450	1
451	9
452	7
453	1
454	0
455	4
456	0
457	0
458	0
459	1
460	4
461	8
462	1
463	0,7
464	0
465	7
466	2
467	2
468	0
469	1
470	4
471	2
472	9
473	2
474	2
475	3
476	4
477	1
478	2
479	1
480	3
481	5
482	0
483	3
484	0
485	0
486	1
487	4
488	0,1,7
489	4
490	1
491	0
492	0
493	1
494	1
495	5
496	3
497	1
498	3
499	1
500	0
501	2
502	2
503	5
504	0
505	2
506	6,8
507	4
508	3
509	3
510	1
511	5
512	3
513	4
514	3
515	0
516	4
517	3
518	3
519	2
520	5
521	1
522	1
523	4
524	0
525	2
526	2
527	0,7
528	2
529	0
530	0
531	1
532	3
533	2
534	2
535	1
536	1
537	0
538	0
539	2
540	1
541	9
542	0
543	4
544	1
545	0
546	3
547	5
548	0
549	4
550	2
551	1
552	6
553	4
554	1
555	0
556	1
557	1
558	3,8
559	4
560	0
561	8
562	4
563	4
564	4
565	2
566	5
567	4
568	0
569	3
570	5
571	1
572	0
573	3
574	1
575	2
576	1
577	0
578	6
579	1
580	5
581	1
582	0
583	1
584	2
585	2
586	5
587	2
588	3
589	0
590	2
591	4
592	2
593	1
594	0,5,6
595	1
596	2
597	3
598	2
599	2
600	1
601	3
602	0
603	1
604	4
605	1
606	6
607	0
608	6
609	5
610	0
611	0
612	1
613	2
614	0
615	1
616	1
617	4
618	0
619	7
620	1
621	8
622	0,3,8
623	1
624	0
625	3
626	4
627	4
628	0
629	1
630	2
631	6
632	1
633	0
634	1
635	5
636	6,9
637	0
638	1
639	0
640	1
641	1
642	0
643	4
644	5
645	0
646	1
647	0,3
648	4
649	6
650	5
651	1
652	2
653	0
654	2
655	0
656	8
657	3
658	4
659	0
660	0
661	3,6
662	9
663	5
664	4
665	1
666	8
667	0
668	0
669	2
670	0
671	8
672	5
673	2
674	0
675	5
676	3
677	1
678	1
679	0
680	4
681	1
682	0
683	1
684	0
685	0
686	0
687	1
688	4,8
689	0
690	0
691	6
692	6
693	6
694	2
695	4
696	1
697	1
698	1
699	1
700	2,5
701	9
702	3
703	0
704	5,8
705	2
706	2,4
707	3
708	1
709	0
710	4
711	2
712	8
713	9
714	1
715	0
716	2
717	2
718	1
719	2
720	2
721	1
722	2
723	2
724	2
725	2
726	2
727	4
728	1
729	0
730	1,4
731	4
732	5
733	0
734	1
735	0
736	1
737	8
738	0
739	3,9
740	0
741	3
742	2
743	2
744	0
745	3
746	0
747	1,3
748	1
749	8
750	0
751	3
752	0
753	6
754	0
755	0
756	0
757	2
758	6
759	2
760	3
761	0
762	0
763	1
764	2
765	0
766	5
767	1
768	5
769	4,6
770	1
771	3
772	6
773	2
774	0
775	1
776	2
777	0
778	4
779	4
780	1
781	1
782	0
783	5
784	2
785	2
786	1
787	1
788	1
789	2
790	1
791	2
792	6
793	1
794	1
795	7
796	1
797	3
798	3
799	2
800	7
801	6
802	0
803	2
804	3
805	5
806	4
807	2
808	0
809	7
810	0
811	0
812	0
813	2
814	6
815	5
816	0
817	5
818	3
819	3
820	1
821	0
822	0
823	1
824	0
825	0
826	2
827	3
828	5
829	5
830	3
831	3
832	1
833	1
834	0
835	1
836	0
837	3
838	1
839	2
840	1
841	4
842	2
843	6
844	0
845	8
846	2
847	2
848	5
849	0
850	1
851	6
852	1
853	8
854	1
855	3
856	0
857	1
858	1
859	2
860	4
861	1
862	0
863	1
864	3
865	1
866	0
867	1
868	8
869	0
870	8
871	0
872	1
873	0
874	2
875	2
876	4
877	2
878	0
879	4
880	9
881	7
882	4
883	6
884	0
885	8
886	0
887	0
888	4
889	5
890	4
891	0
892	2
893	3
894	0,2
895	2
896	2
897	1
898	3,7
899	1
900	0
901	3
902	0
903	2
904	2
905	6
906	1
907	3
908	3
909	0
910	0
911	0
912	3
913	2
914	2
915	1
916	7
917	8
918	4,5
919	1
920	1
921	2
922	2
923	0
924	3
925	2
926	1
927	1
928	1
929	0
930	1
931	2
932	0
933	1
934	9
935	2
936	0
937	1
938	5
939	3
940	0
941	3
942	8
943	1
944	0
945	6
946	3
947	5
948	3
949	4,8
950	0
951	0
952	4
953	2
954	0,7,9
955	2
956	2
957	4
958	3
959	1
960	2
961	6
962	2
963	6
964	0
965	1
966	3
967	0
968	2
969	0
970	1,6
971	1
972	1
973	1
974	4
975	7
976	1
977	8
978	2
979	3
980	2
981	0,5,7,8
982	1
983	4
984	4
985	5
986	2
987	0
988	3
989	2
990	1
991	1
992	0
993	4
994	0
995	7,8
996	2
997	0
998	1
999	2
1000	1
1001	1
1002	1
1003	1
1004	1
1005	1
1006	1
1007	1
1008	1
1009	1
1010	1
1011	1
1012	1
1013	1
1014	1
1015	1
1016	1
1017	1
1018	1
1019	1
1020	1
1021	1
1022	1
1023	1
1024	1
1025	1
1026	1
1027	1
1028	1
1029	0
1030	0
1031	0
1032	0
1033	0
1034	0
1035	0
1036	0
1037	0
1038	0
1039	0
1040	0
1041	0
1042	0
1043	0
1044	0
1045	0
1046	0
1047	0
1048	0
1049	0
1050	0
1051	0
1052	0
1053	0
1054	0
1055	0
1056	0
1057	0
1058	0
1059	0
1060	0
1061	3
1062	3
1063	3
1064	3
1065	3
1066	3
1067	3
1068	3
1069	3
1070	3
1071	3
1072	3
1073	3
1074	3
1075	3
1076	3
1077	3
1078	3
1079	3
1080	3
1081	3
1082	3
1083	3
1084	3
1085	3
1086	3
1087	3
1088	3
1089	3
1090	3
1091	3
1092	3
1093	3
1094	3
1095	3
1096	3
1097	3
1098	3
1099	5
1100	5
1101	5
1102	5
1103	5
1104	5
1105	5
1106	5
1107	5
1108	5
1109	5
1110	5
1111	5
1112	5
1113	5
1114	5
1115	5
1116	5
1117	5
1118	5
1119	5
1120	5
1121	5
1122	5
1123	5
1124	5
1125	5
1126	5
1127	5
1128	5
1129	5
1130	5
1131	5
1132	5
1133	5
1134	5
1135	5
1136	5
1137	5
1138	5
1139	4
1140	4
1141	4
1142	4
1143	4
1144	4
1145	4
1146	4
1147	4
1148	4
1149	4
1150	4
1151	4
1152	4
1153	4
1154	4
1155	4
1156	4
1157	4
1158	4
1159	4
1160	4
1161	4
1162	4
1163	4
1164	4
1165	4
1166	4
1167	4
1168	4
1169	4
1170	4
1171	4
1172	4
1173	4
1174	4
1175	4
1176	4
1177	4
1178	4
