ATT0(float,1);ATT1(float,10);ATT2(string,10);
0.237;0.763,0.219,0.254,0.367,0.803,0.341,0.649,0.173,0.436,0.208;aaaaaaaa;
0.13;0.906,0.135,0.397,0.122,0.52,0.309,0.61,0.722,0.335,0.382;aaaaaa;
0.7;0.0466,0.553,0.679,0.727,0.465,0.227,0.599,0.519,0.978,0.69;aaaaaaaa;
0.466;0.561,0.399,0.826,0.443,0.142,0.934,0.285,0.267,0.256,0.337;aaaa;
0.999;0.816,0.321,0.993,0.247,0.737,0.0773,0.197,0.996,0.944,0.286;aaa;
0.44;0.29,0.517,0.408,0.151,0.0641,0.464,0.28,0.137,0.312,0.604;aaaaaaaaaa;
0.443;0.61,0.851,0.19,0.288,0.354,0.354,0.771,0.743,0.185,0.449;aaa;
0.493;0.527,0.914,0.0713,0.927,0.514,0.436,0.156,0.606,0.598,0.165;aaaaaaa;
0.707;0.975,0.779,0.102,0.52,0.191,0.238,0.967,0.919,0.172,0.494;a;
0.37;0.844,0.00185,0.381,0.413,0.593,0.0212,0.494,0.235,0.535,0.817;aaaaaa;
0.358;0.741,0.491,0.738,0.275,0.995,0.0172,0.712,0.233,0.0295,0.0292;aaaaa;
0.798;0.908,0.877,0.639,0.774,0.739,0.913,0.989,0.142,0.635,0.488;aaaaa;
0.793;0.658,0.537,0.665,0.809,0.591,0.628,0.166,0.258,0.666,0.343;aaaaaaaaaa;
0.747;0.311,0.256,0.964,0.619,0.0725,0.399,0.802,0.717,0.0983,0.0433;aaaaa;
0.814;0.205,0.276,0.697,0.0108,0.318,0.407,0.819,0.355,0.595,0.469;aa;
0.0674;0.788,0.451,0.71,0.273,0.252,0.705,0.748,0.726,0.626,0.15;aaaaaaa;
0.283;0.897,0.415,0.818,0.688,0.96,0.172,0.589,0.206,0.516,0.154;aaaaaa;
0.212;0.765,0.339,0.679,0.708,0.85,0.7,0.161,0.864,0.174,0.392;aaaaaaaaaa;
0.348;0.82,0.0422,0.457,0.803,0.375,0.16,0.499,0.019,0.932,0.686;aaaaa;
0.962;0.404,0.521,0.379,0.208,0.0829,0.0625,0.261,0.478,0.764,0.562;aaaaaaaa;
0.423;0.0408,0.246,0.642,0.139,0.687,0.205,0.1,0.393,0.124,0.934;aaaa;
0.348;0.0252,0.644,0.711,0.538,0.292,0.543,0.193,0.159,0.0163,0.903;aaaaaa;
0.938;0.555,0.503,0.0202,0.0691,0.242,0.975,0.637,0.225,0.672,0.0449;aaaaaaaaa;
0.678;0.0587,0.938,0.0385,0.527,0.059,0.0659,0.234,0.368,0.575,0.968;aaaaaaaa;
0.0316;0.471,0.689,0.332,0.0614,0.896,0.519,0.401,0.74,0.0128,0.992;aaaaaaa;
0.734;0.688,0.545,0.322,0.79,0.142,0.722,0.308,0.345,0.596,0.336;aa;
0.12;0.417,0.432,0.709,0.178,0.0651,0.71,0.138,0.947,0.946,0.752;aaaaaaaaaa;
0.493;0.746,0.47,0.911,0.891,0.0771,0.806,0.933,0.00759,0.236,0.226;aaaaaaaa;
0.244;0.592,0.252,0.319,0.278,0.541,0.266,0.771,0.921,0.902,0.0884;aaaa;
0.00525;0.422,0.205,0.585,0.593,0.431,0.0313,0.185,0.211,0.152,0.276;aaa;
0.398;0.633,0.00943,0.222,0.157,0.838,0.2,0.909,0.841,0.0442,0.569;aaaaa;
0.484;0.693,0.331,0.306,0.477,0.269,0.123,0.736,0.835,0.251,0.57;aaaaaaaaa;
0.332;0.661,0.0824,0.872,0.648,0.212,0.483,0.736,0.798,0.0334,0.57;aaaaa;
0.0224;0.592,0.0929,0.681,0.0501,0.175,0.907,0.983,0.746,0.371,0.314;aaaaaa;
0.681;0.191,0.274,0.875,0.261,0.987,0.828,0.00777,0.276,0.129,0.453;a;
0.233;0.69,0.5,0.811,0.844,0.916,0.416,0.808,0.701,0.365,0.15;aa;
0.965;0.0343,0.196,0.505,0.0203,0.771,0.431,0.279,0.951,0.186,0.592;aaaaaaa;
0.681;0.0852,0.449,0.594,0.272,0.581,0.0644,0.509,0.157,0.956,0.434;aaaaaaaaa;
0.856;0.262,0.162,0.0329,0.395,0.628,0.964,0.91,0.641,0.513,0.863;aaa;
0.754;0.875,0.331,0.0699,0.832,0.000873,0.00245,0.682,0.39,0.249,0.442;aaaaaaaaa;
0.439;0.666,0.185,0.313,0.994,0.614,0.357,0.922,0.473,0.682,0.361;aaaaaa;
0.85;0.316,0.482,0.333,0.164,0.31,0.46,0.138,0.921,0.794,0.451;aaaaa;
0.0335;0.799,0.759,0.921,0.0801,0.0625,0.0322,0.548,0.439,0.363,0.78;aaaaaaaaaa;
0.399;0.221,0.00619,0.16,0.875,0.23,0.671,0.816,0.44,0.323,0.193;aaa;
0.862;0.875,0.496,0.296,0.555,0.178,0.456,0.29,0.873,0.305,0.0433;a;
0.715;0.404,0.967,0.121,0.64,0.0793,0.0582,0.556,0.568,0.254,0.999;aaa;
0.696;0.769,0.718,0.00457,0.834,0.107,0.657,0.33,0.665,0.191,0.458;aa;
0.484;0.32,0.243,0.0408,0.714,0.776,0.202,0.425,0.771,0.709,0.186;aaa;
0.68;0.355,0.952,0.9,0.783,0.829,0.625,0.847,0.792,0.229,0.766;aa;
0.579;0.966,0.316,0.214,0.559,0.468,0.251,0.616,0.869,0.191,0.291;aaaaaa;
0.989;0.9,0.845,0.318,0.201,0.379,0.36,0.994,0.207,0.554,0.899;aaaaaaaaaa;
0.908;0.212,0.79,0.939,0.386,0.968,0.521,0.774,0.0739,0.711,0.307;aaaaa;
0.278;0.942,0.969,0.669,0.328,0.219,0.791,0.107,0.518,0.245,0.641;aaaaaaaaa;
0.173;0.552,0.194,0.876,0.443,0.366,0.475,0.467,0.689,0.265,0.843;aaaaaaaaaa;
0.439;0.131,0.336,0.931,0.81,0.474,0.76,0.222,0.307,0.771,0.0677;aa;
0.98;0.941,0.841,0.88,0.791,0.359,0.938,1,0.751,0.115,0.64;aaaaaaaaaa;
0.107;0.143,0.366,0.616,0.785,0.282,0.714,0.415,0.587,0.0546,0.868;aaaaaaaaa;
0.85;0.5,0.907,0.7,0.375,0.249,0.0246,0.932,0.357,0.778,0.279;aaaa;
0.238;0.627,0.79,0.943,0.197,0.0144,0.43,0.0615,0.962,0.0814,0.581;aaaaaaaaa;
0.124;0.738,0.189,0.316,0.0829,0.559,0.478,0.695,0.474,0.689,0.201;a;
0.813;0.581,0.829,0.748,0.811,0.479,0.15,0.17,0.235,0.91,0.0546;aaa;
0.413;0.223,0.617,0.163,0.817,0.232,0.0681,0.128,0.255,0.672,0.852;aaaa;
0.166;0.929,0.684,0.784,0.916,0.528,0.925,0.727,0.185,0.672,0.267;aaaaaa;
0.134;0.914,0.952,0.995,0.318,0.961,0.585,0.859,0.463,0.858,0.577;aaaaa;
0.321;0.979,0.744,0.555,0.449,0.136,0.563,0.569,0.881,0.505,0.246;aaaaaaaa;
0.236;0.59,0.0367,0.855,0.0562,0.383,0.549,0.706,0.611,0.427,0.443;aaaaaaaa;
0.616;0.584,0.961,0.63,0.487,0.404,0.253,0.663,0.726,0.786,0.995;aaaaaaaa;
0.0252;0.599,0.923,0.467,0.808,0.329,0.0757,0.769,0.079,0.311,0.083;aaaaaaaaa;
0.303;0.0144,0.0137,0.23,0.879,0.909,0.0897,0.78,0.23,0.699,0.294;a;
0.493;0.418,0.278,0.739,0.823,0.414,0.866,0.723,0.22,0.462,0.286;aaa;
0.474;0.426,0.84,0.587,0.701,0.389,0.0888,0.469,0.451,0.889,0.757;aaaaaaaaa;
0.633;0.672,0.744,0.746,0.765,0.929,0.576,0.927,0.421,0.309,0.534;aaaaaa;
0.343;0.13,0.747,0.927,0.0386,0.989,0.464,0.351,0.818,0.721,0.484;aa;
0.252;0.595,0.863,0.617,0.429,0.222,0.624,0.81,0.772,0.773,0.881;aaaaaa;
0.193;0.217,0.657,0.882,0.9,0.0997,0.734,0.752,0.245,0.741,0.263;aaa;
0.97;0.921,0.896,0.694,0.58,0.0625,0.904,0.683,0.436,0.0777,0.244;a;
0.407;0.615,0.494,0.564,0.331,0.915,0.0673,0.471,0.609,0.827,0.772;aaaaaaa;
0.105;0.0734,0.937,0.0388,0.481,0.502,0.745,0.328,0.61,0.0623,0.351;a;
0.502;0.335,0.652,0.732,0.262,0.822,0.165,0.365,0.791,0.58,0.476;aaaa;
0.591;0.916,0.342,0.108,0.345,0.333,0.781,0.886,0.722,0.512,0.914;aaa;
0.197;0.538,0.563,0.0582,0.263,0.787,0.394,0.112,0.00491,0.0878,0.0775;aaaa;
0.623;0.972,0.469,0.619,0.461,0.855,0.0622,0.0829,0.801,0.38,0.775;aaaaaaaaaa;
0.574;0.178,0.959,0.544,0.728,0.953,0.392,0.178,0.0134,0.903,0.827;aaaaaaa;
0.962;0.981,0.246,0.103,0.795,0.977,0.631,0.682,0.678,0.375,0.633;aaaaaa;
0.806;0.375,0.801,0.0985,0.588,0.383,0.823,0.3,0.0652,0.0701,0.797;aaa;
0.49;0.912,0.299,0.247,0.893,0.399,0.128,0.302,0.241,0.875,0.213;a;
0.581;0.496,0.641,0.726,0.571,0.147,0.969,0.369,0.336,0.667,0.377;aaaaaaaaaa;
0.238;0.419,0.368,0.68,0.712,0.877,0.399,0.781,0.469,0.917,0.399;aaaaaaaaaa;
0.983;0.276,0.373,0.971,0.395,0.549,0.354,0.882,0.344,0.642,0.0743;aaaaaaaa;
0.626;0.647,0.383,0.54,0.276,0.332,0.0826,0.00667,0.402,0.28,0.968;aaaaaa;
0.241;0.289,0.07,0.918,0.859,0.0431,0.757,0.79,0.413,0.397,0.265;aaaa;
0.638;0.121,0.515,0.521,0.614,0.524,0.48,0.996,0.213,0.428,0.337;aaaaaa;
0.0532;0.871,0.818,0.285,0.0325,0.504,0.286,0.815,1,0.176,0.187;aaaaaa;
0.334;0.996,0.102,0.802,0.547,0.826,0.883,0.157,0.618,0.409,0.311;aaaaa;
0.147;0.0931,0.661,0.301,0.925,0.553,0.0561,0.07,0.365,0.0586,0.777;aaaa;
0.94;0.573,0.843,0.864,0.511,0.317,0.295,0.812,0.214,0.605,0.424;aaaaaaaaa;
0.265;0.553,0.512,0.403,0.64,0.562,0.756,0.37,0.772,0.0824,0.548;aaaaaaaaa;
0.25;0.216,0.976,0.835,0.505,0.935,0.511,0.826,0.944,0.818,0.705;aaaaa;
0.653;0.826,0.525,0.281,0.429,0.25,0.772,0.209,0.479,0.898,0.764;aaa;
0.035;0.946,0.67,0.176,0.636,0.427,0.404,0.171,0.012,0.152,0.692;aa;
0.239;0.709,0.182,0.292,0.672,0.919,0.166,0.179,0.522,0.0529,0.354;aaaaaaa;
0.565;0.584,0.0639,0.106,0.169,0.555,0.898,0.682,0.988,0.368,0.00839;aaaaaa;
0.479;0.606,0.355,0.0769,0.976,0.931,0.0503,0.0144,0.638,0.265,0.779;aaaaaa;
0.293;0.157,0.2,0.333,0.946,0.294,0.725,0.636,0.633,0.0884,0.0695;a;
0.407;0.101,0.618,0.689,0.866,0.661,0.545,0.798,0.29,0.816,0.511;aaaaaa;
0.635;0.374,0.787,0.246,0.294,0.399,0.829,0.277,0.0122,0.0156,0.69;aaaaaaaaa;
0.525;0.966,0.621,0.451,0.81,0.943,0.849,0.413,0.985,0.6,0.477;aaaaaa;
0.523;0.894,0.654,0.756,0.517,0.495,0.26,0.846,0.762,0.0931,0.421;aaaaa;
0.641;0.533,0.188,0.0974,0.436,0.949,0.346,0.239,0.397,0.424,0.963;aaaaaaaa;
0.551;0.16,0.361,0.987,0.0963,0.373,0.564,0.841,0.915,0.702,0.59;aaaaaaaa;
0.163;0.602,0.952,0.249,0.208,0.758,0.77,0.267,0.835,0.382,0.297;aaaaaaaa;
0.0771;0.183,0.891,0.875,0.825,0.125,0.47,0.0735,0.00959,0.583,0.621;aaaaaaa;
0.937;0.731,0.274,0.111,0.724,0.716,0.418,0.138,0.263,0.501,0.244;a;
0.263;0.825,0.347,0.12,0.175,0.00173,0.295,0.895,0.948,0.0931,0.838;a;
0.224;0.8,0.742,0.117,0.236,0.209,0.405,0.126,0.263,0.292,0.267;aaaaaaaaa;
0.439;0.25,0.465,0.715,0.85,0.777,0.953,0.503,0.161,0.0855,0.166;aaaaa;
0.321;0.627,0.36,0.98,0.605,0.163,0.87,0.941,0.891,0.685,0.157;aaaaaaaaa;
0.359;0.954,0.183,0.719,0.285,0.734,0.688,0.562,0.993,0.0387,0.031;aaaaaaaaaa;
0.888;0.218,0.931,0.38,0.931,0.448,0.102,0.0209,0.68,0.519,0.319;aaaaaaa;
0.733;0.954,0.866,0.0812,0.705,0.698,0.713,0.886,0.214,0.938,0.0886;aa;
0.449;0.708,0.691,0.401,0.901,0.647,0.344,0.538,0.428,0.159,0.715;a;
0.902;0.905,0.0745,0.349,0.199,0.072,0.764,0.317,0.537,0.597,0.181;aaaaaa;
0.603;0.549,0.15,0.221,0.192,0.549,0.786,0.643,0.92,0.565,0.919;aaa;
0.388;0.687,0.363,0.448,0.865,0.0322,0.483,0.0556,0.0893,0.102,0.148;aa;
0.477;0.452,0.424,0.395,0.362,0.344,0.699,0.643,0.0683,0.784,0.23;aa;
0.0691;0.572,0.633,0.0331,0.0556,0.753,0.261,0.182,0.919,0.422,0.306;a;
0.257;0.206,0.973,0.855,0.388,0.875,0.181,0.523,0.0784,0.97,0.909;aaaaaaaaaa;
0.823;0.534,0.127,0.133,0.995,0.361,0.934,0.209,0.816,0.899,0.916;aaaaaaa;
0.2;0.807,0.507,0.262,0.766,0.51,0.966,0.155,0.523,0.0101,0.629;aaaaaaa;
0.963;0.98,0.48,0.401,0.833,0.623,0.616,0.79,0.245,0.612,0.993;aaaaaa;
0.609;0.636,0.141,0.979,0.0791,0.525,0.123,0.024,0.676,0.891,0.454;aaaa;
0.867;0.942,0.835,0.318,0.24,0.646,0.334,0.859,0.68,0.589,0.974;aaa;
0.646;0.763,0.774,0.174,0.43,0.235,0.978,0.5,0.075,0.574,0.815;a;
0.381;0.244,0.984,0.793,0.459,0.172,0.586,0.437,0.822,0.271,0.75;aaaaaaaa;
0.171;0.197,0.464,0.743,0.882,0.997,0.451,0.762,0.946,0.837,0.727;aaaaa;
0.406;0.156,0.782,0.715,0.844,0.435,0.974,0.542,0.67,0.947,0.902;aaa;
0.922;0.926,0.386,0.429,0.913,0.078,0.838,0.46,0.203,0.513,0.817;aaa;
0.618;0.683,0.887,0.462,0.196,0.994,0.506,0.0552,0.983,0.0578,0.303;aa;
0.22;0.41,0.0496,0.555,0.842,0.27,0.353,0.392,0.891,0.525,0.806;a;
0.109;0.641,0.319,0.531,0.72,0.528,0.728,0.209,0.72,0.719,0.636;aaaaaaaaaa;
0.66;0.604,0.0326,0.273,0.303,0.946,0.758,0.0168,0.713,0.553,0.244;aaaaa;
0.123;0.838,0.516,0.939,0.261,0.276,0.135,0.775,0.0179,0.159,0.812;aaa;
0.416;0.879,0.675,0.51,0.804,0.434,0.887,0.879,0.374,0.173,0.036;aaaaa;
0.0306;0.806,0.813,0.706,0.0124,0.101,0.0822,0.932,0.436,0.994,0.742;aaaaa;
0.724;0.891,0.581,0.701,0.0696,0.589,0.89,0.106,0.0721,0.0377,0.153;aaaaaaaaaa;
0.0837;0.0479,0.656,0.333,0.309,0.357,0.678,0.212,0.402,0.559,0.829;aaa;
0.246;0.276,0.835,0.936,0.0748,0.0734,0.0468,0.506,0.0142,0.844,0.646;aaa;
1;0.203,0.963,0.0296,0.98,0.635,0.0819,0.21,0.361,0.0576,0.145;aaaaaa;
0.631;0.43,0.218,0.499,0.35,0.886,0.625,0.965,0.398,0.388,0.544;aaaaa;
0.475;0.44,0.741,0.85,0.089,0.866,0.424,0.455,0.577,0.0502,0.153;aaaaaaaa;
0.762;0.862,0.708,0.627,0.194,0.647,0.206,0.543,0.482,0.853,0.726;aaaaaaaaaa;
0.245;0.481,0.0199,0.392,0.159,0.679,0.0142,0.454,0.447,0.213,0.998;a;
0.0567;0.91,0.959,0.76,0.939,0.235,0.264,0.759,0.567,0.622,0.673;aaaaaaaa;
0.185;0.719,0.868,0.119,0.615,0.441,0.909,0.615,0.686,0.984,0.275;aaaaa;
0.00114;0.485,0.0438,0.322,0.656,0.395,0.648,0.779,0.805,0.877,0.705;aaaaaa;
0.754;0.403,0.151,0.683,0.943,0.805,0.365,0.674,0.555,0.646,0.346;aaaa;
0.3;0.389,0.163,0.731,0.353,0.671,0.85,0.323,0.805,0.252,0.899;aaaaaaaaa;
0.88;0.914,0.658,0.83,0.154,0.515,0.23,0.0334,0.00686,0.0535,0.158;aaaaaaaa;
0.478;0.476,0.947,0.162,0.611,0.156,0.924,0.242,0.945,0.273,0.254;aaaaaaa;
0.0285;0.857,0.564,0.747,0.656,0.108,0.608,0.29,0.274,0.292,0.835;aa;
0.191;0.836,0.281,0.519,0.518,0.544,0.218,0.165,0.425,0.883,0.921;aa;
0.625;0.85,0.212,0.174,0.824,0.838,0.212,0.95,0.681,0.0793,0.801;aaaaa;
0.723;0.647,0.598,0.896,0.322,0.988,0.189,0.716,0.905,0.936,0.405;aaaa;
0.863;0.455,0.707,0.85,0.206,0.917,0.198,0.243,0.304,0.166,0.645;aaaaaaaaaa;
0.271;0.112,0.903,0.166,0.124,0.645,0.527,0.0631,0.163,0.516,0.0471;aaaaaaaaa;
0.772;0.139,0.692,0.631,0.00138,0.347,0.224,0.513,0.0613,0.799,0.298;aa;
0.0424;0.75,0.28,0.121,0.801,0.329,0.489,0.0361,0.335,0.428,0.734;aaaa;
0.339;0.496,0.0814,0.531,0.532,0.328,0.56,0.202,0.394,0.409,0.198;aaaaa;
0.674;0.686,0.681,0.539,0.697,0.347,0.618,0.54,0.997,0.932,0.353;aaaaaaa;
0.506;0.347,0.162,0.0129,0.372,0.103,0.796,0.947,0.31,0.02,0.543;a;
0.202;0.106,0.746,0.124,0.917,0.0832,0.854,0.0379,0.295,0.956,0.933;aa;
0.882;0.632,0.2,0.0869,0.777,0.00791,0.0964,0.965,0.596,0.906,0.913;a;
0.515;0.319,0.533,0.689,0.509,0.208,0.69,0.318,0.557,0.49,0.404;aaaaaaaa;
0.258;0.56,0.89,0.0675,0.943,0.047,0.805,0.39,0.498,0.657,0.162;aa;
0.00827;0.989,0.286,0.506,0.438,0.117,0.474,0.629,0.739,0.929,0.838;aaaaaaaaaa;
0.194;0.756,0.222,0.184,0.969,0.332,0.323,0.013,0.873,0.136,0.0434;aaaaa;
0.58;0.421,0.208,0.965,0.454,0.931,0.931,0.362,0.831,0.641,0.231;aa;
0.265;0.322,0.0851,0.417,0.743,0.21,0.911,0.202,0.858,0.338,0.407;aaaaaa;
0.12;0.19,0.474,0.0791,0.981,0.852,0.994,0.565,0.289,0.321,0.898;aa;
0.717;0.229,0.261,0.862,0.128,0.494,0.769,0.252,0.696,0.798,0.331;aaaaa;
0.00539;0.413,0.61,0.546,0.969,0.683,0.685,0.699,0.827,0.703,0.796;aaaaaaaaaa;
0.829;0.957,0.287,0.188,0.927,0.756,0.191,0.269,0.117,0.719,0.122;aaaa;
0.589;0.36,0.701,0.046,0.66,0.463,0.952,0.222,0.663,0.828,0.506;aa;
0.991;0.143,0.978,0.347,0.539,0.966,0.832,0.765,0.895,0.749,0.671;a;
0.795;0.253,0.395,0.981,0.347,0.285,0.992,0.978,0.879,0.822,0.784;aaaaaaa;
0.917;0.192,0.391,0.54,0.417,0.782,0.673,0.429,0.347,0.0298,0.0236;aaaaaaa;
0.858;0.771,0.95,0.952,0.549,0.528,0.657,0.691,0.0424,0.825,0.145;aaaaaaa;
0.631;0.0775,0.111,0.184,0.0991,0.782,0.352,0.733,0.418,0.826,0.603;aaaa;
0.234;0.0359,0.689,0.314,0.774,0.737,0.241,0.187,0.951,0.848,0.553;aaaaaaaaaa;
0.603;0.122,0.818,0.0254,0.0869,0.956,0.688,0.521,0.962,0.844,0.143;aaaaaaaa;
0.622;0.304,0.833,0.0151,0.305,0.265,0.355,0.54,0.284,0.503,0.549;aaaaaaa;
0.771;0.172,0.898,0.501,0.626,0.901,0.698,0.379,0.5,0.345,0.625;aaaaa;
0.716;0.393,0.326,0.964,0.426,0.178,0.0239,0.976,0.931,0.45,0.763;aaaaaaaaaa;
0.778;0.186,0.723,0.539,0.754,0.738,0.166,0.375,0.662,0.917,0.181;a;
0.0782;0.4,0.748,0.37,0.365,0.331,0.2,0.947,0.461,0.674,0.875;aaaaaaaa;
0.927;0.237,0.768,0.0959,0.634,0.89,0.334,0.795,0.209,0.702,0.902;aaaa;
0.543;0.674,0.344,0.625,0.997,0.54,0.0456,0.0694,0.155,0.624,0.221;aaaaaaaaa;
0.691;0.841,0.75,0.702,0.848,0.438,0.155,0.596,0.205,0.417,0.888;aaaa;
0.524;0.762,0.949,0.802,0.428,0.859,0.31,0.604,0.36,0.614,0.019;aaaaaaaaaa;
0.568;0.654,0.126,0.402,0.724,0.612,0.854,0.165,0.584,0.849,0.196;aaaaaaa;
0.559;0.919,0.352,0.947,0.585,1,0.768,0.157,0.758,0.128,0.287;aaaaaaa;
0.695;0.149,0.923,0.739,0.0109,0.166,0.904,0.724,0.165,0.767,0.213;aaaaaaa;
0.965;0.0128,0.0888,0.297,0.576,0.561,0.486,0.674,0.337,0.666,0.856;aaaaaa;
0.0234;0.442,0.867,0.139,0.328,0.478,0.8,0.0568,0.782,0.75,0.681;aaaaaaaa;
0.0888;0.259,0.155,0.7,0.637,0.215,0.0955,0.651,0.47,0.226,0.496;aaaaaaa;
0.33;0.0388,0.598,0.823,0.159,0.128,0.138,0.381,0.076,0.433,0.975;aaaaaaa;
0.312;0.875,0.503,0.627,0.0569,0.106,0.903,0.498,0.638,0.891,0.607;a;
0.177;0.4,0.473,0.43,0.452,0.164,0.0132,0.557,0.594,0.897,0.419;a;
0.178;0.304,0.202,0.788,0.34,0.901,0.423,0.737,0.545,0.294,0.961;aaaaaaa;
0.503;0.521,0.988,0.862,0.973,0.426,0.945,0.271,0.216,0.392,0.989;aaaaa;
0.182;0.221,0.65,0.746,0.432,0.113,0.0419,0.401,0.541,0.636,0.459;aaaaaaa;
0.663;0.327,0.131,0.0945,0.0344,0.0777,0.468,0.148,0.444,0.808,0.297;aaaaaaaa;
0.739;0.932,0.792,0.916,0.732,0.894,0.581,0.634,0.152,0.195,0.72;aa;
0.473;0.0469,0.698,0.471,0.0646,0.249,0.414,0.542,0.633,0.366,0.855;aaaa;
0.944;0.047,0.267,0.849,0.663,0.489,0.171,0.101,0.946,0.155,0.209;aaaaaa;
0.566;0.914,0.472,0.00883,0.895,0.521,0.977,0.452,0.846,0.871,0.118;aaaaaaaaaa;
0.324;0.241,0.667,0.562,0.316,0.91,0.0609,0.654,0.717,0.335,0.774;aaaaaaaaa;
0.959;0.795,0.414,0.414,0.796,0.775,0.0526,0.36,0.778,0.0166,0.848;aaa;
0.158;0.926,0.148,0.273,0.928,0.234,0.776,0.562,0.944,0.699,0.632;aa;
0.603;0.158,0.304,0.394,0.225,0.00789,0.545,0.59,0.933,0.863,0.58;aa;
0.873;0.186,0.339,0.0472,0.741,0.205,0.352,0.35,0.517,0.809,0.96;aaaaaa;
0.944;0.213,0.229,0.71,0.882,0.249,0.626,0.5,0.0731,0.0326,0.191;aa;
0.319;0.29,0.418,0.588,0.859,0.162,0.717,0.685,0.715,0.0693,0.552;aaaaaaaaa;
0.607;0.338,0.493,0.871,0.186,0.658,0.504,0.631,0.709,0.493,0.757;aaaaaaaaaa;
0.15;0.0519,0.514,0.787,0.691,0.762,0.351,0.0207,0.265,0.158,0.422;aaaaaaa;
0.282;0.988,0.181,0.685,0.549,0.489,0.711,0.71,0.364,0.748,0.444;aaaaa;
0.938;0.701,0.697,0.952,0.287,0.198,0.00217,0.785,0.268,0.809,0.345;aaaaaa;
0.787;0.581,0.0242,0.464,0.454,0.431,0.997,0.814,0.762,0.488,0.0779;aaaaaaaa;
0.503;0.481,0.525,0.784,0.54,0.863,0.774,0.264,0.987,0.0958,0.366;aa;
0.352;0.00982,0.419,0.785,0.617,0.238,0.388,0.437,0.483,0.58,0.835;a;
0.948;0.881,0.533,0.294,0.941,0.451,0.651,0.193,0.194,0.709,0.695;aaaaa;
0.709;0.446,0.34,0.292,0.335,0.575,0.812,0.496,0.999,0.493,0.0455;aaaa;
0.985;0.483,0.134,0.695,0.259,0.0126,0.0232,0.067,0.739,0.086,0.17;aaaaaa;
0.186;0.00309,0.365,0.794,0.783,0.108,0.22,0.987,0.448,0.203,0.348;aaaaaaa;
0.316;0.158,0.444,0.716,0.409,0.334,0.22,0.304,0.844,0.535,0.573;aaaaaaaaa;
0.0122;0.736,0.455,0.23,0.6,0.143,0.971,0.237,0.628,0.393,0.0551;aaaa;
0.258;0.614,0.744,0.376,0.00821,0.171,0.758,0.119,0.258,0.635,0.1;aaaaaaaa;
0.593;0.164,0.679,0.169,0.409,0.801,0.604,0.398,0.875,0.73,0.776;aaaaaaa;
0.498;0.304,0.444,0.102,0.936,0.801,0.162,0.348,0.428,0.603,0.678;aaaaaaaaaa;
0.534;0.734,0.589,0.849,0.0201,0.061,0.304,0.166,0.339,0.633,0.101;aaaaaaaaaa;
0.299;0.369,0.742,0.463,0.414,0.594,0.431,0.758,0.877,0.792,0.356;aaaaa;
0.978;0.468,0.215,0.504,0.187,0.479,0.524,0.639,0.301,0.404,0.333;aaaaaaa;
0.849;0.873,0.617,0.0887,0.395,0.488,0.363,0.204,0.898,0.836,0.0833;aaaaaaaa;
0.665;0.858,0.257,0.905,0.421,0.253,0.126,0.756,0.00525,0.825,0.523;aaaaaaa;
0.33;0.0242,0.433,0.91,0.679,0.728,0.386,0.743,0.634,0.913,0.743;aaaaaaaa;
0.0979;0.408,0.907,0.275,0.0551,0.303,0.13,0.194,0.508,0.216,0.125;aaaa;
0.365;0.811,0.0535,0.0644,0.429,0.477,0.622,0.881,0.366,0.597,0.885;aaaa;
0.0474;0.623,0.931,0.086,0.738,0.4,0.685,0.835,0.473,0.857,0.581;aaaa;
0.493;0.815,0.431,0.605,0.0799,0.16,0.425,0.254,0.342,0.542,0.729;aaaaaa;
0.797;0.746,0.854,0.908,0.512,0.815,0.671,0.554,0.511,0.158,0.214;aaaaaaaaa;
0.0557;0.767,0.13,0.803,0.607,0.496,0.705,0.327,0.24,0.594,0.333;aaaaaaaa;
0.613;0.0192,0.985,0.511,0.722,0.884,0.467,0.881,0.831,0.0741,0.247;aaaaaaaaa;
0.157;0.946,0.769,0.995,0.629,0.733,0.281,0.441,0.903,0.187,0.841;aaaaaaaa;
0.751;0.588,0.734,0.0509,0.205,0.17,0.345,0.816,0.836,0.228,0.272;aaaaaa;
0.0953;0.364,0.0917,0.787,0.262,0.777,0.495,0.467,0.456,0.763,0.957;aaaaaa;
0.621;0.652,0.567,0.872,0.0438,0.0421,0.562,0.512,0.319,0.192,0.522;aaaa;
0.738;0.693,0.234,0.821,0.906,0.38,0.0334,0.38,0.334,0.659,0.184;aaaaaaaaa;
0.00758;0.528,0.524,0.457,0.784,0.0493,0.363,0.165,0.144,0.951,0.000873;aaaaaaaa;
0.681;0.387,0.29,0.623,0.868,0.411,0.885,0.403,0.117,0.092,0.203;aa;
0.139;0.325,0.679,0.165,0.635,0.187,0.219,0.383,0.604,0.42,0.316;aaaa;
0.456;0.54,0.538,0.854,0.562,0.483,0.0945,0.527,0.816,0.529,0.529;aaa;
0.519;0.368,0.731,0.91,0.379,0.515,0.063,0.352,0.724,0.792,0.201;aa;
0.865;0.0089,0.113,0.886,0.659,0.541,0.676,0.635,0.722,0.799,0.096;a;
0.634;0.554,0.281,0.368,0.617,0.291,0.798,0.737,0.254,0.469,0.133;aaaaaaaa;
0.223;0.642,0.744,0.911,0.0363,0.132,0.124,0.354,0.324,0.425,0.92;aaaaa;
0.884;0.432,0.176,0.243,0.911,0.54,0.419,0.6,0.514,0.402,0.826;aaaaaa;
0.806;0.222,0.404,0.419,0.357,0.244,0.00642,0.46,0.736,0.712,0.136;aaa;
0.518;0.367,0.0946,0.293,0.609,0.579,0.33,0.869,0.418,0.0237,0.889;aaaaaaaaa;
0.66;0.74,0.702,0.955,0.929,0.0704,0.91,0.77,0.754,0.945,0.464;aaaaaaaa;
0.284;0.135,0.39,0.723,0.122,0.313,0.747,0.472,0.912,0.381,0.000676;aaaaaaa;
0.456;0.54,0.317,0.167,0.5,0.761,0.825,0.129,0.28,0.0037,0.422;aaaaaaaaa;
0.31;0.233,0.274,0.61,0.358,0.713,0.561,0.81,0.8,0.977,0.931;aa;
0.841;0.637,0.101,0.381,0.556,0.689,0.466,0.463,0.652,0.918,0.313;aaaaaaaa;
0.774;0.887,0.138,0.2,0.67,0.701,0.518,0.305,0.566,0.0195,0.312;aaaaaaaa;
0.898;0.295,0.617,0.519,0.905,0.436,0.236,0.379,0.928,0.875,0.157;a;
0.822;0.651,0.273,0.454,0.722,0.35,0.672,0.79,0.492,0.666,0.525;aaaaaa;
0.494;0.111,0.505,0.885,0.766,0.188,0.985,0.324,0.107,0.0658,0.889;aaaa;
0.238;0.996,0.609,0.224,0.967,0.332,0.0836,0.0966,0.298,0.0183,0.855;aaaaaaa;
0.524;0.305,0.526,0.237,0.802,0.83,0.722,0.117,0.596,0.647,0.245;aaaaaaa;
0.395;0.0197,0.446,0.216,0.634,0.571,0.63,0.0336,0.814,0.997,0.408;aaaaaaaaaa;
0.4;0.852,0.917,0.363,0.762,0.263,0.656,0.349,0.332,0.297,0.342;aaaaa;
0.984;0.186,0.874,0.603,0.0634,0.631,0.582,0.00903,0.361,0.392,0.0764;aa;
0.58;0.661,0.593,0.151,0.85,0.331,0.492,0.0938,0.349,0.842,0.148;aaa;
0.0172;0.0379,0.244,0.818,0.0727,0.993,0.81,0.0402,0.302,0.0433,0.806;aaaaa;
0.0743;0.193,0.608,0.646,0.727,0.909,0.292,0.846,0.359,0.697,0.745;aaa;
0.867;0.205,0.889,0.944,0.195,0.0208,0.167,0.0607,0.109,0.474,0.307;aaaaaaaaa;
0.792;0.411,0.789,0.607,0.306,0.446,0.48,0.931,0.715,0.0557,0.0781;aaaa;
0.402;0.577,0.565,0.0197,0.881,0.748,0.311,0.234,0.93,0.296,0.99;aa;
0.999;0.884,0.708,0.715,0.228,0.269,0.035,0.752,0.91,0.351,0.705;aaaaaaaaaa;
0.558;0.411,0.0663,0.28,0.839,0.00973,0.264,0.658,0.52,0.379,0.159;aaaaaaaaaa;
0.314;0.434,0.0369,0.562,0.188,0.945,0.0242,0.291,0.408,0.478,0.287;aaaaa;
0.753;0.566,0.875,0.807,0.9,0.265,0.262,0.985,0.0594,0.0577,0.721;aaaaa;
0.825;0.542,0.762,0.8,0.671,0.177,0.282,0.323,0.204,0.625,0.546;aaa;
0.215;0.528,0.546,0.114,0.00683,0.645,0.807,0.594,0.363,0.22,0.269;aaaaaaaaa;
0.404;0.0619,0.489,0.38,0.136,0.175,0.165,0.903,0.765,0.0607,0.489;aaaaaaaaa;
0.48;0.389,0.66,0.6,0.189,0.445,0.111,0.182,0.253,0.684,0.544;a;
0.434;0.348,0.0897,0.0378,0.815,0.475,0.0816,0.227,0.682,0.907,0.917;aaaaaaa;
0.669;0.297,0.198,0.262,0.109,0.0183,0.658,0.324,0.409,0.874,0.0387;aa;
0.988;0.769,0.601,0.719,0.594,0.332,0.845,0.877,0.785,0.894,0.884;aaaa;
0.602;0.806,0.64,0.543,0.0403,0.341,0.549,0.407,0.374,0.302,0.727;aaaaaaaa;
0.615;0.183,0.19,0.459,0.236,0.17,0.147,0.976,0.384,0.249,0.71;a;
0.283;0.438,0.221,0.296,0.0674,0.833,0.357,0.0183,0.034,0.739,0.503;aaaaaa;
0.416;0.564,0.972,0.482,0.752,0.206,0.874,0.9,0.0844,0.195,0.78;aa;
0.321;0.979,0.679,0.886,0.0839,0.133,0.727,0.346,0.172,0.928,0.208;aaaaaa;
0.515;0.91,0.65,0.938,0.817,0.681,0.0868,0.868,0.467,0.703,0.438;aaaa;
0.924;0.255,0.583,0.666,0.595,0.241,0.443,0.906,0.415,0.218,0.935;a;
0.927;0.767,0.11,0.764,0.202,0.276,0.448,0.998,0.181,0.623,0.306;aaaaaaaaaa;
0.638;0.307,0.818,0.398,0.99,0.719,0.861,0.148,0.441,0.377,0.454;aaaaaa;
0.646;0.987,0.28,0.778,0.161,0.498,0.735,0.875,0.866,0.214,0.227;aa;
0.165;0.1,0.436,0.744,0.911,0.737,0.534,0.491,0.259,0.204,0.623;aaa;
0.298;0.0835,0.116,0.624,0.505,0.391,0.696,0.502,0.758,0.00123,0.737;aaa;
0.0827;0.988,0.225,0.623,0.815,0.526,0.206,0.374,0.752,0.817,0.26;aaaaaaaaa;
0.178;0.402,0.217,0.442,0.0625,0.601,0.793,0.805,0.857,0.781,0.251;aaaaaaaaaa;
0.458;0.358,0.939,0.188,0.298,0.568,0.13,0.539,0.0338,0.315,0.863;aa;
0.788;0.17,0.995,0.749,0.795,0.851,0.0213,0.332,0.312,0.337,0.736;aaaaaaaaa;
0.97;0.212,0.0769,0.38,0.551,0.324,0.718,0.127,0.124,0.181,0.0647;aaaa;
0.892;0.932,0.766,0.523,0.321,0.129,0.494,0.0179,0.479,0.362,0.876;aaaa;
0.662;0.275,0.275,0.505,0.338,0.141,0.954,0.196,0.814,0.903,0.964;aaa;
0.398;0.0907,0.37,0.472,0.0418,0.741,0.846,0.84,0.485,0.79,0.561;aaaa;
0.775;0.774,0.0955,0.626,0.351,0.615,0.274,0.536,0.935,0.00974,0.754;aaaaaaaa;
0.71;0.992,0.684,0.946,0.0676,0.355,0.997,0.681,0.842,0.176,0.718;aaaaa;
0.825;0.941,0.619,0.674,0.618,0.173,0.811,0.29,0.0134,0.0841,0.275;aaaaaaaaa;
0.544;0.744,0.717,0.349,0.724,0.619,0.471,0.604,0.298,0.317,0.383;aaaaaaaaa;
0.397;0.547,0.546,0.953,0.712,0.566,0.677,0.841,0.319,0.322,0.918;a;
0.836;0.793,0.184,0.856,0.479,0.564,0.0266,0.85,0.637,0.269,0.953;aaa;
0.85;0.465,0.25,0.11,0.0656,0.884,0.511,0.162,0.952,0.44,0.673;aaaaaa;
0.29;0.531,0.56,0.833,0.36,0.443,0.843,0.0929,0.568,0.0555,0.342;aaaaaaaaa;
0.612;0.286,0.487,0.386,0.762,0.334,0.283,0.27,0.666,0.0636,0.0726;aaaaaaa;
0.506;0.915,0.874,0.0928,0.921,0.462,0.469,0.255,0.434,0.436,0.128;aaaa;
0.372;0.239,0.187,0.0257,0.725,0.696,0.854,0.379,0.869,0.921,0.697;aaaaaaaa;
0.307;0.945,0.651,0.665,0.71,0.504,0.342,0.657,0.165,0.384,0.424;aaaaaaa;
0.278;0.106,0.456,0.0596,0.0613,0.0423,0.573,0.609,0.352,0.154,0.966;aaa;
0.00838;0.454,0.963,0.16,0.516,0.194,0.561,0.818,0.362,0.655,0.481;aaaaaaaaa;
0.455;0.185,0.24,0.562,0.601,0.254,0.307,0.472,0.052,0.922,0.201;a;
0.562;0.569,0.142,0.0214,0.845,0.13,0.0124,0.627,0.41,0.272,0.477;aaaaaaa;
0.621;0.0801,0.224,0.217,0.368,0.766,0.845,0.326,0.0073,0.97,0.225;aaaaa;
0.164;0.632,0.173,0.526,0.0702,0.296,0.0436,0.588,0.0146,0.25,0.849;aa;
0.996;0.484,0.792,0.518,0.638,0.939,0.691,0.424,0.6,0.286,0.248;aaaaaaa;
0.63;0.061,0.788,0.239,0.555,0.464,0.957,0.74,0.698,0.347,0.519;aaaaaaaaa;
0.269;0.127,0.883,0.245,0.466,0.0306,0.906,0.392,0.236,0.638,0.101;aaaaa;
0.744;0.182,0.318,0.66,0.343,0.371,0.969,0.397,0.231,0.509,0.203;aaaaaa;
0.803;0.743,0.834,0.115,0.572,0.299,0.698,0.275,0.842,0.208,0.0427;aaaa;
0.846;0.791,0.00282,0.0204,0.544,0.207,0.912,0.461,0.994,0.773,0.0357;aaaaaa;
0.571;0.0741,0.957,0.768,0.708,0.0537,0.404,0.231,0.403,0.753,0.623;aaaa;
0.323;0.155,0.0532,0.152,0.408,0.0214,0.491,0.342,0.401,0.618,0.0986;aaaaaaaa;
0.66;0.451,0.927,0.325,0.969,0.963,0.285,0.929,0.468,0.0288,0.634;aaa;
0.327;0.463,0.232,0.0628,0.677,0.772,0.446,0.975,0.338,0.757,0.697;aaaaaaaaaa;
0.391;0.248,0.255,0.859,0.932,0.0822,0.241,0.698,0.526,0.593,0.953;aaaaaaaa;
0.307;0.627,0.372,0.65,0.308,0.568,0.625,0.311,0.53,0.133,0.851;aaaaaa;
0.907;0.272,0.41,0.144,0.102,0.208,0.077,0.5,0.713,0.491,0.0824;aaaa;
0.431;0.489,0.893,0.354,0.0266,0.752,0.21,0.794,0.566,0.533,0.153;aaaaaa;
0.438;0.0979,0.436,0.0951,0.557,0.451,0.614,0.493,0.0275,0.0389,0.839;aaaaaa;
0.99;0.854,0.726,0.277,0.278,0.387,0.607,0.252,0.205,0.568,0.608;aa;
0.44;0.6,0.678,0.947,0.48,0.654,0.409,0.069,0.634,0.355,0.464;aaaaaaaaaa;
0.434;0.359,0.559,0.269,0.786,0.31,0.244,0.938,0.614,0.843,0.622;aaaaaa;
0.961;0.908,0.712,0.219,0.673,0.661,0.636,0.989,0.322,0.354,0.325;aa;
0.623;0.812,0.103,0.305,0.435,0.471,0.925,0.531,0.035,0.135,0.862;aaaaaaaa;
0.332;0.48,0.591,0.887,0.117,0.725,0.97,0.485,0.896,0.734,0.573;aaaa;
0.444;0.989,0.723,0.923,0.93,0.629,0.346,0.0424,0.502,0.898,0.597;aaaaa;
0.676;0.531,0.898,0.0286,0.763,0.697,0.843,0.0441,0.882,0.398,0.829;aaaaaaaaa;
0.866;0.138,0.812,0.771,0.357,0.822,0.199,0.326,0.16,0.748,0.241;aaaaaaaaa;
0.143;0.87,0.0844,0.908,0.689,0.962,0.687,0.82,0.0846,0.56,0.267;aa;
0.889;0.363,0.844,0.686,0.664,0.026,0.0674,0.907,0.999,0.35,0.428;aaaaaaaa;
0.429;0.972,0.962,0.678,0.26,0.64,0.644,0.00337,0.957,0.944,0.428;aaaaaaaaaa;
0.139;0.242,0.339,0.265,0.392,0.0732,0.679,0.268,0.183,0.584,0.609;aaa;
0.147;0.53,0.165,0.407,0.968,0.413,0.303,0.89,0.272,0.96,0.391;aaaaaaaa;
0.665;0.327,0.614,0.357,0.928,0.915,0.739,0.0407,0.979,0.922,0.192;aaa;
0.193;0.0936,0.9,0.792,0.036,0.829,0.948,0.763,0.228,0.109,0.999;aaaaa;
0.386;0.859,0.0175,0.161,0.984,0.887,0.0215,0.133,0.386,0.141,0.633;aaaaa;
0.735;0.393,0.336,0.264,0.59,0.367,0.0768,0.52,0.201,0.802,0.228;aaaa;
0.084;0.535,0.369,0.868,0.493,0.72,0.369,0.534,0.0972,0.189,0.403;aaaa;
0.664;0.643,0.989,0.544,0.445,0.527,0.273,0.464,0.263,0.0937,0.643;aaaaaaaaa;
0.0368;0.349,0.0984,0.638,0.682,0.955,0.979,0.389,0.318,0.473,0.769;aaaa;
0.833;0.595,0.389,0.993,0.995,0.919,0.924,0.845,0.471,0.565,0.707;aaaaaaaa;
0.0707;0.313,0.354,0.2,0.126,0.581,0.686,0.318,0.371,0.706,0.684;aaaa;
0.762;0.816,0.943,0.58,0.494,0.363,0.515,0.122,0.739,0.332,0.535;a;
0.233;0.652,0.834,0.688,0.858,0.398,0.875,0.567,0.795,0.715,0.983;aaaaaaaaa;
0.47;0.966,0.0618,0.545,0.183,0.00705,0.213,0.515,0.269,0.865,0.163;aa;
0.703;0.0837,0.324,0.0135,0.32,0.778,0.896,0.326,0.976,0.126,0.471;aaaaaaaaa;
0.175;0.573,0.507,0.236,0.735,0.734,0.412,0.706,0.955,0.74,0.213;aaaaaaaaa;
0.536;0.736,0.752,0.182,0.125,0.557,0.572,0.344,0.313,0.744,0.145;aa;
0.427;0.776,0.313,0.991,0.359,0.955,0.818,0.71,0.562,0.67,0.395;aaaaaa;
0.432;0.0565,0.636,0.978,0.264,0.464,0.536,0.132,0.338,0.0512,0.147;aaaaaaaa;
0.441;0.273,0.97,0.514,0.238,0.8,0.4,0.0126,0.99,0.68,0.515;aaaa;
0.839;0.479,0.98,0.00389,0.857,0.433,0.0734,0.771,1,0.855,0.444;aaaa;
0.136;0.181,0.596,0.357,0.142,0.798,0.813,0.498,0.223,0.174,0.199;aaaaaaaaaa;
0.821;0.908,0.466,0.917,0.118,0.584,0.957,0.919,0.864,0.603,0.976;aaa;
0.751;0.378,0.747,0.333,0.668,0.864,0.305,0.186,0.479,0.126,0.0683;aaaaaa;
0.835;0.132,0.187,0.0419,0.838,0.566,0.0322,0.574,0.612,0.778,0.805;aaaa;
0.297;0.329,0.395,0.348,0.00875,0.234,0.73,0.961,0.722,0.228,0.0292;a;
0.442;0.5,0.214,0.16,0.261,0.949,0.439,0.281,0.827,0.638,0.67;aaaaaaa;
0.412;0.575,0.801,0.154,0.362,0.675,0.539,0.506,0.367,0.756,0.361;aaaaa;
0.353;0.812,0.339,0.552,0.0316,0.925,0.769,0.0361,0.482,0.11,0.451;aaaaaa;
0.927;0.656,0.155,0.382,0.244,0.549,0.234,0.799,0.67,0.243,0.676;aaaaaaaaaa;
0.596;0.9,0.643,0.654,0.367,0.596,0.608,0.535,0.999,0.518,0.988;aaaaaaaaa;
0.37;0.514,0.065,0.495,0.419,0.532,0.105,0.705,0.181,0.681,0.732;aa;
0.819;0.462,0.788,0.031,0.265,0.133,0.731,0.189,0.369,0.365,0.736;aaaaaaaa;
0.364;0.0368,0.111,0.697,0.978,0.031,0.312,0.71,0.834,0.217,0.866;aaaaa;
0.249;0.0378,0.0753,0.448,0.0574,0.275,0.894,0.476,0.818,0.662,0.0734;aa;
0.097;0.0348,0.0119,0.533,0.946,0.233,0.113,0.658,0.394,0.971,0.162;aaaaaaaa;
0.48;0.204,0.181,0.415,0.894,0.0862,0.509,0.114,0.277,0.921,0.7;aaaaaaaaa;
0.0425;0.116,0.925,0.636,0.477,0.98,0.675,0.774,0.796,0.732,0.366;a;
0.0918;0.564,0.801,0.185,0.519,0.992,0.71,0.39,0.529,0.79,0.446;aaaa;
0.0504;0.121,0.525,0.511,0.697,0.771,0.859,0.526,0.863,0.179,0.998;aaaaaaaa;
0.0023;0.97,0.13,0.233,0.578,0.0356,0.587,0.071,0.914,0.0947,0.832;aaaaa;
0.0626;0.0675,0.739,0.186,0.673,0.786,0.933,0.639,0.641,0.999,0.828;aaaaa;
0.499;0.63,0.98,0.0622,0.66,0.479,0.243,0.628,0.651,0.172,0.169;aaa;
0.131;0.33,0.108,0.918,0.15,0.94,0.925,0.859,0.643,0.493,0.267;aaaaaaa;
0.703;0.146,0.332,0.623,0.338,0.0381,0.964,0.19,0.256,0.0694,0.82;aaaaaaaaaa;
0.46;0.287,0.596,0.0401,0.716,0.637,0.742,0.636,0.42,0.451,0.033;aaaaaa;
0.0471;0.0494,0.733,0.811,0.629,0.0404,0.443,0.82,0.305,0.886,0.108;aaaaaaa;
0.631;0.641,0.659,0.0272,0.296,0.991,0.477,0.865,0.371,0.481,0.842;aaaaaaaa;
0.78;0.553,0.636,0.739,0.571,0.146,0.0781,0.357,0.522,0.655,0.749;aaaaaaaaa;
0.222;0.188,0.172,0.806,0.871,0.231,0.766,0.445,0.688,0.49,0.0537;aaaaaaaaaa;
0.632;0.227,0.0304,0.635,0.442,0.429,0.127,0.247,0.952,0.614,0.699;aaaaa;
0.835;0.315,0.505,0.588,0.852,0.888,0.576,0.324,0.221,0.236,0.576;aaaa;
0.381;0.841,0.292,0.446,0.963,0.28,0.534,0.7,0.77,0.978,0.248;aaa;
0.519;0.564,0.262,0.66,0.399,0.222,0.71,0.0503,0.684,0.782,0.653;a;
0.724;0.746,0.55,0.0423,0.633,0.135,0.926,0.108,0.129,0.308,0.794;aaa;
0.535;0.531,0.485,0.0381,0.178,0.242,0.486,0.0592,0.623,0.331,0.711;aaaaaaaa;
0.444;0.383,0.000324,0.751,0.531,0.0458,0.488,0.825,0.928,0.63,0.938;aaaaaaa;
0.785;0.0825,0.242,0.127,0.591,0.488,0.326,0.794,0.967,0.752,0.512;aa;
0.485;0.154,0.871,0.273,0.572,0.644,0.211,0.893,0.956,0.808,0.35;aaaaaa;
0.0608;0.526,0.667,0.327,0.257,0.206,0.69,0.91,0.376,0.955,0.681;aaaaaaaaaa;
0.924;0.956,0.515,0.163,0.00933,0.224,0.686,0.321,0.738,0.138,0.13;aaaaaaaa;
0.622;0.862,0.917,0.914,0.0875,0.992,0.687,0.888,0.969,0.43,0.236;aaaaa;
0.535;0.091,0.338,0.153,0.444,0.394,0.815,0.465,0.277,0.412,0.598;aaaaaaaaa;
0.303;0.721,0.566,0.325,0.611,0.344,0.00499,0.82,0.455,0.313,0.906;aaaaaaaa;
0.257;0.528,0.0599,0.0204,0.922,0.496,0.599,0.734,0.585,0.86,0.0217;aaaaaaaa;
0.883;0.0707,0.236,0.825,0.995,0.251,0.283,0.131,0.878,0.763,0.343;aaaaaa;
0.935;0.617,0.188,0.638,0.322,0.467,0.555,0.342,0.35,0.29,0.62;aaa;
0.376;0.353,0.129,0.255,0.853,0.77,0.35,0.682,0.888,0.56,0.0813;a;
0.398;0.608,0.478,0.00424,0.265,0.559,0.334,0.46,0.0503,0.281,0.371;aa;
0.545;0.106,0.993,0.959,0.742,0.829,0.998,0.0252,0.212,0.386,0.453;aaaaaaaaa;
0.423;0.973,0.23,0.422,0.663,0.254,0.296,0.494,0.353,0.541,0.392;a;
0.648;0.905,0.622,0.56,0.319,0.986,0.567,0.272,0.369,0.859,0.892;aaaaaaaaa;
0.0318;0.656,0.87,0.649,0.604,0.311,0.887,0.728,0.116,0.962,0.588;aaaaaa;
0.0813;0.572,0.546,0.571,0.253,0.964,0.837,0.641,0.635,0.991,0.261;aa;
0.338;0.378,0.827,0.419,0.746,0.378,0.791,0.381,0.426,0.569,0.288;aaaaaaaaaa;
0.37;0.935,0.702,0.0508,0.354,0.725,0.666,0.338,0.504,0.728,0.705;aaaaa;
0.652;0.654,0.96,0.308,0.978,0.825,0.204,0.886,0.767,0.61,0.913;aaaaaaa;
0.885;0.357,0.802,0.952,0.799,0.626,0.988,0.999,0.998,0.508,0.792;aaaaa;
0.29;0.129,0.876,0.68,0.648,0.382,0.807,0.228,0.315,0.0827,0.17;aaaaaaaa;
0.923;0.445,0.202,0.47,0.364,0.441,0.292,0.164,0.692,0.051,0.578;aaaaaaaa;
0.351;0.187,0.658,0.987,0.896,0.649,0.388,0.884,0.608,0.181,0.344;aaaaaaa;
0.816;0.465,0.812,0.292,0.0526,0.809,0.596,0.962,0.702,0.319,0.349;aaaaaaaaaa;
0.943;0.869,0.748,0.531,0.0756,0.484,0.448,0.47,0.729,0.964,0.397;aaaaaa;
0.129;0.156,0.283,0.432,0.558,0.722,0.403,0.852,0.0646,0.669,0.691;aaaaaaaa;
0.99;0.243,0.637,0.894,0.8,0.334,0.00294,0.184,0.323,0.319,0.705;aaaaa;
0.711;0.353,0.222,0.854,0.784,0.658,0.367,0.362,0.956,0.105,0.324;aaaaaaaaaa;
0.766;0.987,0.78,0.326,0.131,0.248,0.733,0.944,0.361,0.289,0.321;aa;
0.0742;0.62,0.122,0.26,0.642,0.455,0.339,0.229,0.625,0.766,0.822;aaaaaa;
0.159;0.77,0.161,0.929,0.225,0.17,0.232,0.685,0.729,0.817,0.952;aaaaaaaaaa;
0.306;0.0746,0.978,0.675,0.86,0.353,0.768,0.0478,0.712,0.971,0.752;aaaaaaaaa;
0.816;0.533,0.0928,0.734,0.929,0.262,0.436,0.0644,0.0861,0.561,0.823;aaaaaa;
0.672;0.546,0.356,0.268,0.265,0.776,0.724,0.669,0.782,0.976,0.00693;aaaaaaa;
0.638;0.0645,0.463,0.221,0.235,0.896,0.491,0.0167,0.579,0.373,0.0579;aaaaaa;
0.269;0.0382,0.0836,0.476,0.387,0.316,0.145,0.436,0.631,0.00355,0.846;aaaaaaaaaa;
0.13;0.31,0.287,0.371,0.267,0.945,0.62,0.21,0.166,0.897,0.141;aaaa;
0.871;0.247,0.435,0.173,0.453,0.714,0.278,0.788,0.514,0.909,0.673;aaa;
0.263;0.643,0.255,0.592,0.503,0.783,0.697,0.245,0.609,0.238,0.836;aaaaaaaaaa;
0.406;0.198,0.671,0.403,0.829,0.389,0.095,0.0847,0.194,0.839,0.448;aa;
0.706;0.838,0.318,0.628,0.642,0.521,0.883,0.219,0.975,0.318,0.791;a;
0.4;0.201,0.198,0.812,0.612,0.727,0.633,0.631,0.0382,0.0613,0.0107;aaaaaaaa;
0.582;0.182,0.234,0.2,0.935,0.732,0.402,0.121,0.233,0.023,0.472;aaaaaaa;
0.306;0.422,0.771,0.273,0.012,0.483,0.48,0.784,0.239,0.551,0.555;aaaaaaaaa;
0.761;0.884,0.0489,0.862,0.772,0.67,0.284,0.184,0.817,0.171,0.975;aaaaaaaa;
0.191;0.00665,0.227,0.246,0.5,0.524,0.632,0.318,0.226,0.475,0.231;aa;
0.693;0.505,0.482,0.749,0.754,0.289,0.948,0.0106,0.986,0.38,0.979;aaaaaa;
0.303;0.493,0.0379,0.814,0.821,0.397,0.189,0.866,0.0817,0.0497,0.302;aaaaaaaaaa;
0.559;0.307,0.361,0.404,0.517,0.172,0.337,0.995,0.176,0.996,0.0122;aaaaaaaaaa;
0.19;0.26,0.164,0.521,0.326,0.546,0.875,0.576,0.359,0.238,0.213;aaaaaaa;
0.123;0.0154,0.376,0.548,0.716,0.251,0.388,0.407,0.244,0.923,0.557;a;
0.946;0.659,0.407,0.278,0.349,0.537,0.31,0.869,0.119,0.236,0.204;aaaaaa;
0.851;0.203,0.405,0.469,0.507,0.151,0.507,0.54,0.162,0.291,0.211;aaaaaaaa;
0.648;0.688,0.491,0.415,0.472,0.455,0.636,0.178,0.00835,0.729,0.58;aa;
0.0265;0.525,0.571,0.784,0.262,0.971,0.314,0.596,0.271,0.228,0.743;aa;
0.626;0.817,0.541,0.724,0.417,0.272,0.461,0.485,0.0968,0.0633,0.38;aaaaaaaa;
0.575;0.453,0.333,0.358,0.374,0.923,0.374,0.302,0.958,0.43,0.542;aaa;
0.229;0.33,0.339,0.0483,0.999,0.335,0.567,0.83,0.238,0.513,0.152;a;
0.244;0.237,0.934,0.793,0.995,0.85,0.936,0.533,0.0547,0.929,0.737;aaaaaaaaa;
0.555;0.263,0.377,0.397,0.158,0.597,0.548,0.857,0.0991,0.626,0.791;aaaa;
0.0665;0.534,0.191,0.973,0.443,0.331,0.312,0.353,0.307,0.951,0.804;aaaaaaa;
0.575;0.718,0.68,0.0334,0.191,0.576,0.214,0.905,0.0377,0.0581,0.299;aaaaaaaaaa;
0.408;0.582,0.758,0.693,0.287,0.571,0.387,0.609,0.946,0.308,0.324;aaaaaaaa;
0.218;0.583,0.587,0.0309,0.254,0.304,0.308,0.955,0.708,0.334,0.0898;aaaaaaaaa;
0.75;0.794,0.728,0.516,0.566,0.559,0.0739,0.047,0.359,0.666,0.842;aaaaaaaaaa;
0.759;0.0664,0.999,0.705,0.252,0.00757,0.919,0.0893,0.711,0.112,0.474;aaaaa;
0.636;0.27,0.729,0.0477,0.691,0.631,0.536,0.551,0.477,0.672,0.491;a;
0.609;0.587,0.989,0.675,0.479,0.841,0.309,0.82,0.961,0.71,0.382;aaaaaaa;
0.2;0.512,0.903,0.264,0.00628,0.41,0.493,0.012,0.154,0.351,0.623;aaa;
0.034;0.848,0.175,0.252,0.0698,0.22,0.767,0.885,0.409,0.798,0.594;aaaaaaaaaa;
0.466;0.472,0.776,0.212,0.108,0.157,0.857,0.652,0.176,0.526,0.301;aaaaaaaa;
0.351;0.684,0.25,0.656,0.45,0.456,0.291,0.873,0.434,0.548,0.124;aaaa;
0.203;0.744,0.0196,0.177,0.937,0.029,0.471,0.107,0.157,0.897,0.824;aaaa;
0.709;0.688,0.892,0.692,0.515,0.727,0.647,0.988,0.525,0.997,0.169;aaaaa;
0.0746;0.655,0.748,0.975,0.097,0.185,0.0568,0.617,0.852,0.644,0.787;aaaaaa;
0.785;0.315,0.737,0.921,0.758,0.0703,0.336,0.761,0.269,0.675,0.81;aa;
0.885;0.992,0.529,0.851,0.461,0.588,0.768,0.253,0.146,0.525,0.195;aaaaa;
0.51;0.0295,0.413,0.586,0.225,0.239,0.762,0.166,0.746,0.953,0.556;aaa;
0.473;0.0264,0.407,0.376,0.911,0.263,0.34,0.56,0.0644,0.117,0.196;aaaaa;
0.97;0.336,0.929,0.92,0.762,0.937,0.8,0.407,0.768,0.481,0.821;aaaaaaaaaa;
0.587;0.779,0.782,0.473,0.329,0.593,0.242,0.547,0.521,0.0924,0.323;aa;
0.241;0.919,0.0708,0.609,0.0284,0.785,0.0637,0.904,0.502,0.285,0.685;aaaaa;
0.572;0.923,0.501,0.256,0.171,0.437,0.605,0.984,0.211,0.608,0.251;aaa;
0.587;0.638,0.631,0.394,0.515,0.578,0.278,0.815,0.511,0.517,0.953;aaaaaaaaaa;
0.781;0.377,0.688,0.461,0.187,0.581,0.584,0.915,0.265,0.736,0.253;aaaaaaa;
0.782;0.616,0.421,0.86,0.979,0.126,0.764,0.595,0.334,0.0466,0.396;aa;
0.777;0.163,0.379,0.385,0.173,0.305,0.156,0.882,0.126,0.0126,0.24;a;
0.914;0.612,0.789,0.476,0.996,0.214,0.307,0.0559,0.919,0.18,0.502;aaaaaa;
0.182;0.806,0.588,0.627,0.0972,0.832,0.111,0.288,0.562,0.779,0.845;aaaaaaaa;
0.304;0.672,0.498,0.449,0.495,0.19,0.905,0.969,0.357,0.813,0.534;aaaaaaaa;
0.00126;0.136,0.177,0.802,0.808,0.458,0.998,0.717,0.375,0.469,0.6;aaaaaaaaa;
0.107;0.651,0.529,0.717,0.98,0.0613,0.525,0.309,0.237,0.749,0.518;aa;
0.186;0.17,0.284,0.0301,0.204,0.342,0.788,0.348,0.86,0.297,0.589;aa;
0.824;0.758,0.57,0.742,0.65,0.661,0.513,0.245,0.832,0.053,0.716;a;
0.425;0.458,0.212,0.0407,0.883,0.942,0.895,0.7,0.282,0.346,0.515;aaaaaaaaaa;
0.253;0.117,0.348,0.84,0.68,0.607,0.496,0.519,0.438,0.699,0.167;aa;
0.79;0.521,0.254,0.0731,0.11,0.534,0.539,0.199,0.442,0.125,0.098;aaaa;
0.865;0.396,0.544,0.0433,0.217,0.576,0.719,0.617,0.456,0.5,0.517;aaaaaa;
0.074;0.0367,0.823,0.317,0.794,0.943,0.994,0.309,0.618,0.294,0.0313;a;
0.46;0.641,0.133,0.934,0.63,0.477,0.163,0.711,0.851,0.224,0.941;aaaaaa;
0.0391;0.715,0.774,0.332,0.0924,0.305,0.217,0.17,0.187,0.962,0.338;aa;
0.71;0.663,0.502,0.89,0.74,0.937,0.964,0.108,0.402,0.151,0.202;aaaa;
0.181;0.744,0.868,0.946,0.829,0.543,0.795,0.505,0.224,0.234,0.299;aaaaa;
0.0558;0.739,0.931,0.572,0.593,0.482,0.715,0.103,0.0887,0.524,0.0747;aaaaaa;
0.0796;0.838,0.526,0.0828,0.397,0.321,0.0145,0.64,0.74,0.153,0.125;aaaaa;
0.564;0.635,0.844,0.719,0.611,0.141,0.887,0.842,0.156,0.437,0.605;aa;
0.972;0.954,0.738,0.654,0.317,0.596,0.593,0.71,0.984,0.473,0.0516;aaaaaaaa;
0.136;0.658,0.594,0.011,0.812,0.809,0.442,0.459,0.141,0.134,0.177;aaaaaaaaaa;
0.754;0.953,0.648,0.91,0.935,0.175,0.71,0.0502,0.671,0.794,0.725;aaaa;
0.368;0.296,0.843,0.242,0.746,0.448,0.34,0.359,0.124,0.811,0.0995;aaaa;
0.815;0.87,0.635,0.542,0.614,0.793,0.91,0.261,0.436,0.23,0.315;aaa;
0.951;0.719,0.429,0.491,0.901,0.848,0.0435,0.467,0.417,0.0815,0.369;aaaaaaaaa;
0.758;0.175,0.378,0.165,0.0931,0.464,0.292,0.335,0.483,0.55,0.574;aaaaaaaa;
0.206;0.746,0.827,0.704,0.13,0.343,0.207,0.334,0.103,0.808,0.0178;aaaaa;
0.436;0.716,0.379,0.0768,0.935,0.000171,0.429,0.31,0.419,0.885,0.338;aaaaaaaaaa;
0.534;0.907,0.283,0.115,0.308,0.143,0.0465,0.621,0.689,0.134,0.796;aaaaaaa;
0.101;0.864,0.996,0.222,0.46,0.352,0.349,0.312,0.636,0.471,0.753;aa;
0.985;0.582,0.183,0.758,0.234,0.609,0.956,0.924,0.468,0.266,0.0117;aaaaaa;
0.369;0.782,0.764,0.781,0.322,0.548,0.683,0.64,0.179,0.551,0.0632;aaaa;
0.606;0.436,0.094,0.915,0.417,0.481,0.597,0.959,0.298,0.719,0.875;aa;
0.747;0.825,0.653,0.609,0.803,0.861,0.357,0.419,0.0169,0.46,0.644;aaa;
0.815;0.0152,0.183,0.0301,0.361,0.171,0.496,0.367,0.51,0.0622,0.382;aaaaaaaa;
0.0225;0.644,0.779,0.0867,0.971,0.556,0.119,0.391,0.106,0.278,0.719;a;
0.165;0.407,0.785,0.0788,0.0944,0.0903,0.76,0.583,0.691,0.405,0.93;aaaaaaa;
0.249;0.65,0.374,0.904,0.831,0.508,0.37,0.205,0.671,0.644,0.818;aaaa;
0.241;0.549,0.878,0.0104,0.0547,0.753,0.129,0.358,0.626,0.799,0.427;a;
0.541;0.253,0.00442,0.837,0.423,0.477,0.568,0.577,0.0483,0.184,0.46;aaaaaaaaa;
0.767;0.156,0.117,0.626,0.0542,0.28,0.731,0.331,0.0326,0.202,0.986;aa;
0.758;0.575,0.249,0.525,0.764,0.168,0.349,0.868,0.193,0.13,0.394;aaaaaa;
0.899;0.0963,0.751,0.694,0.352,0.386,0.309,0.0851,0.75,0.0181,0.0395;aaaaaaaaaa;
0.983;0.585,0.92,0.255,0.415,0.83,0.183,0.749,0.976,0.335,0.853;aaaaaaaaaa;
0.367;0.897,0.422,0.304,0.585,0.13,0.474,0.242,0.253,0.192,0.681;aaaaa;
0.134;0.698,0.429,0.652,0.406,0.689,0.388,0.918,0.545,0.421,0.606;a;
0.986;0.654,0.27,0.428,0.285,0.726,0.0441,0.846,0.428,0.393,0.415;aaaaaaa;
0.209;0.495,0.471,0.293,0.977,0.18,0.144,0.803,0.762,0.978,0.325;aaaaa;
0.767;0.154,0.468,0.0862,0.232,0.534,0.181,0.698,0.775,0.362,0.147;aaaaaaaaaa;
0.963;0.104,0.321,0.0753,0.312,0.499,0.801,0.236,0.23,0.714,0.246;aaaaaaaa;
0.888;0.395,0.188,0.908,0.491,0.254,0.0257,0.594,0.901,0.0633,0.451;aaaaaaaaa;
0.963;0.712,0.131,0.667,0.941,0.635,0.408,0.697,0.502,0.256,0.623;aaaaaaaaaa;
0.685;0.755,0.49,0.193,0.357,0.0707,0.475,0.357,0.361,0.731,0.689;aaaaaaa;
0.306;0.791,0.714,0.0934,0.963,0.676,0.0223,0.854,0.138,0.197,0.925;aaaaaaaaa;
0.809;0.468,0.0475,0.924,0.623,0.672,0.243,0.97,0.974,0.0255,0.561;aaaaaaa;
0.326;0.887,0.884,0.336,0.298,0.336,0.514,0.24,0.311,0.171,0.632;aaaaaaa;
0.244;0.327,0.336,0.846,0.143,0.837,0.305,0.541,0.718,0.159,0.988;a;
0.444;0.356,0.714,0.201,0.573,0.412,0.0777,0.972,0.235,0.0442,0.817;aaaaaaa;
0.929;0.276,0.986,0.971,0.766,0.0888,0.983,0.17,0.25,0.52,0.616;aa;
0.671;0.945,0.345,0.797,0.445,0.432,0.198,0.128,0.692,0.862,0.0873;aaaaaaaa;
0.555;0.724,0.335,0.752,0.345,0.972,0.0646,0.857,0.261,0.916,0.142;aaaaaaaaaa;
0.283;0.828,0.542,0.966,0.568,0.412,0.169,0.275,0.341,0.6,0.773;aaaaa;
0.778;0.0215,0.437,0.966,0.751,0.214,0.74,0.00688,0.952,0.426,0.00716;aa;
0.228;0.723,0.86,0.392,0.911,0.112,0.512,0.364,0.912,0.405,0.977;aaaaaaaaa;
0.999;0.738,0.388,0.369,0.281,0.105,0.2,0.172,0.451,0.489,0.401;aaa;
0.817;0.16,0.598,0.894,0.885,0.13,0.213,0.68,0.764,0.857,0.0354;aaaaa;
0.371;0.406,0.557,0.321,0.317,0.882,0.692,0.68,0.61,0.598,0.676;aaa;
0.127;0.89,0.213,0.326,0.376,0.419,0.521,0.26,0.917,0.214,0.435;aaaaaaaaa;
0.93;0.559,0.313,0.642,0.0836,0.82,0.369,0.668,0.286,0.824,0.788;aaa;
0.222;0.591,0.584,0.727,0.353,0.922,0.046,0.348,0.508,0.473,0.465;aaaaaaa;
0.989;0.966,0.869,0.442,0.241,0.45,0.51,0.145,0.0273,0.414,0.87;aaaaaaa;
0.907;0.0621,0.879,0.436,0.828,0.851,0.771,0.949,0.619,0.542,0.258;a;
0.626;0.754,0.102,0.432,0.607,0.613,0.364,0.651,0.385,0.913,0.554;aaaaaa;
0.0718;0.613,0.864,0.425,0.829,0.397,0.106,0.157,0.384,0.363,0.351;aaaaaaaaaa;
0.463;0.498,0.323,0.627,0.216,0.303,0.454,0.872,0.191,0.0373,0.566;aaaaaaaa;
0.379;0.218,0.429,0.132,0.336,0.791,0.00186,0.0336,0.692,0.364,0.829;aaaaaaaa;
0.41;0.115,0.854,0.714,0.0695,0.999,0.416,0.186,0.959,0.17,0.639;a;
0.0741;0.311,0.491,0.44,0.497,0.651,0.342,0.342,0.322,0.279,0.273;aaaaaaaa;
0.876;0.792,0.673,0.461,0.243,0.903,0.431,0.772,0.957,0.443,0.554;aaaaaaaaaa;
0.979;0.175,0.526,0.682,0.833,0.265,0.356,0.653,0.797,0.449,0.373;aaaaa;
0.808;0.203,0.391,0.802,0.209,0.748,0.982,0.0879,0.996,0.76,0.232;a;
0.488;0.516,0.82,0.791,0.64,0.253,0.674,0.00774,0.262,0.891,0.342;aaaaaaaa;
0.405;0.817,0.129,0.212,0.635,0.0256,0.941,0.67,0.147,0.152,0.246;aaa;
0.263;0.398,0.937,0.527,0.749,0.00866,0.813,0.773,0.653,0.17,0.388;a;
0.357;0.0667,0.402,0.902,0.288,0.151,0.403,0.718,0.142,0.503,0.982;aa;
0.231;0.0297,0.218,0.292,0.194,0.121,0.269,0.494,0.354,0.154,0.681;aaa;
0.356;0.143,0.64,0.328,0.193,0.56,0.373,0.457,0.844,0.276,0.171;aaaaaaaaaa;
0.136;0.701,0.182,0.835,0.81,0.928,0.317,0.533,0.187,0.669,0.354;a;
0.654;0.376,0.274,0.47,0.223,0.722,0.858,0.142,0.59,0.214,0.574;a;
0.643;0.755,0.125,0.848,0.282,0.724,0.626,0.888,0.075,0.489,0.482;aaa;
0.133;0.508,0.812,0.426,0.104,0.946,0.373,0.546,0.0995,0.492,0.545;aaaaaaaa;
0.303;0.886,0.978,0.264,0.687,0.53,0.833,0.483,0.196,0.518,0.179;a;
0.414;0.765,0.298,0.981,0.562,0.0914,0.6,0.227,0.0595,0.3,0.37;aaa;
0.665;0.231,0.053,0.532,0.45,0.72,0.593,0.19,0.443,0.787,0.45;aaaa;
0.944;0.798,0.986,0.0802,0.245,0.0773,0.462,0.807,0.553,0.832,0.247;aaaaaaaaa;
0.107;0.658,0.687,0.189,0.569,0.789,0.158,0.881,0.902,0.168,0.612;aa;
0.891;0.866,0.517,0.34,0.597,0.99,0.338,0.836,0.00635,0.37,0.0809;aaaa;
0.43;0.602,0.609,0.397,0.35,0.623,0.876,0.242,0.654,0.607,0.886;aa;
0.0609;0.166,0.119,0.997,0.292,0.885,0.577,0.991,0.444,0.371,0.32;aaaaaaaa;
0.861;0.657,0.88,0.32,0.856,0.171,0.937,0.154,0.888,0.438,0.31;aaaaa;
0.0267;0.122,0.127,0.236,0.902,0.695,0.113,0.117,0.0704,0.491,0.518;aaaaaaaaa;
0.817;0.249,0.622,0.174,0.796,0.144,0.901,0.449,0.248,0.755,0.563;aaaaaaaa;
0.352;0.819,0.898,0.84,0.888,0.379,0.0634,0.397,0.612,0.365,0.907;aaa;
0.559;0.714,0.786,0.251,0.507,0.541,0.0318,0.271,0.759,0.984,0.343;aaaaa;
0.974;0.248,0.672,0.205,0.446,0.885,0.659,0.0877,0.83,0.808,0.769;aaaaaaaaa;
0.476;0.0916,0.71,0.762,0.672,0.0669,0.456,0.0411,0.365,0.193,0.859;a;
0.394;0.366,0.538,0.0887,0.37,0.073,0.77,0.94,0.141,0.00299,0.622;aaaaa;
0.321;0.712,0.813,0.744,0.0345,0.57,0.164,0.974,0.0466,0.67,0.18;aa;
0.284;0.736,0.409,0.502,0.63,0.386,0.421,0.319,0.766,0.363,0.522;aaaaa;
0.991;0.209,0.993,0.392,0.816,0.168,0.572,0.479,0.0343,0.2,0.0126;aaaaaaaaa;
0.542;0.982,0.306,0.84,0.716,0.62,0.441,0.49,0.661,0.503,0.449;aaa;
0.349;0.906,0.16,0.465,0.522,0.222,0.455,0.464,0.407,0.0904,0.497;aaaaaaaaa;
0.61;0.785,0.403,0.13,0.14,0.562,0.317,0.586,0.441,0.298,0.123;aaaaaaaaa;
0.822;0.932,0.675,0.514,0.179,0.518,0.855,0.525,0.248,0.546,0.154;aa;
0.797;0.953,0.389,0.052,0.231,0.446,0.98,0.902,0.514,0.691,0.647;aaaaaaaaa;
0.715;0.686,0.339,0.635,0.634,0.818,0.0838,0.587,0.732,0.335,0.876;aaaaaaaa;
0.332;0.571,0.619,0.0806,0.502,0.999,0.718,0.21,0.562,0.942,0.891;aaaaaaaa;
0.844;0.219,0.518,0.31,0.37,0.182,0.537,0.178,0.389,0.369,0.412;aa;
0.47;0.436,0.737,0.15,0.633,0.419,0.152,0.177,0.62,0.224,0.801;aaa;
0.821;0.988,0.675,0.354,0.903,0.0558,0.454,0.235,1,0.803,0.0285;a;
0.74;0.5,0.475,0.194,0.713,0.302,0.156,0.288,0.456,0.682,0.639;aaaa;
0.998;0.523,0.77,0.287,0.112,0.181,0.669,0.825,0.528,0.115,0.765;aaaaaaaaa;
0.199;0.963,0.766,0.0981,0.295,0.569,0.536,0.834,0.346,0.715,0.72;aaaaa;
0.977;0.24,0.112,0.278,0.76,0.726,0.874,0.194,0.651,0.102,0.958;aaaaaaaaa;
0.0154;0.0925,0.391,0.218,0.137,0.954,0.0502,0.166,0.354,0.434,0.162;aaaaaaaaaa;
0.425;0.163,0.361,0.722,0.446,0.586,0.439,0.584,0.975,0.967,0.551;aaa;
0.287;0.126,0.466,0.948,0.0641,0.486,0.163,0.809,0.168,0.443,0.29;aaaaaaaaa;
0.978;0.968,0.832,0.426,0.523,0.491,0.351,0.463,0.776,0.551,0.298;aaaaaaaa;
0.288;0.986,0.937,0.615,0.938,0.171,0.868,0.82,0.926,0.0665,0.261;aaaaa;
0.349;0.925,0.794,0.572,0.756,0.774,0.744,0.595,0.842,0.253,0.333;aaaaaaaaa;
0.706;0.0121,0.0335,0.751,0.302,0.213,0.855,0.431,0.796,0.915,0.322;aa;
0.77;0.11,0.511,0.554,0.0982,0.388,0.176,0.705,0.693,0.391,0.535;aa;
0.908;0.686,0.0666,0.791,0.798,0.305,0.84,0.592,0.922,0.791,0.959;aaaaaaaa;
0.222;0.22,0.543,0.549,0.0925,0.546,0.291,0.043,0.544,0.199,0.7;a;
0.984;0.879,0.0977,0.175,0.542,0.918,0.587,0.132,0.624,0.224,0.889;aaaaaaaaaa;
0.883;0.0409,0.039,0.93,0.212,0.364,0.825,0.338,0.527,0.426,0.413;aaaaaaaaa;
0.826;0.809,0.556,0.58,0.565,0.439,0.117,0.0655,0.637,0.338,0.772;aa;
0.876;0.541,0.561,0.536,0.371,0.371,0.59,0.513,0.307,0.669,0.555;aaaa;
0.0892;0.379,0.385,0.628,0.284,0.824,0.0336,0.422,0.175,0.0604,0.198;aaaaaaaaaa;
0.175;0.229,0.132,0.729,0.526,0.843,0.676,0.898,0.739,0.916,0.417;aaaaaaaa;
0.613;0.151,0.905,0.322,0.719,0.723,0.402,0.313,0.573,0.575,0.126;aaaaaaaa;
0.35;0.65,0.159,0.158,0.997,0.646,0.928,0.223,0.148,0.757,0.694;aaaaa;
0.283;0.489,0.495,0.486,0.25,0.128,0.536,0.425,0.602,0.794,0.845;aa;
0.436;0.846,0.571,0.228,0.384,0.448,0.893,0.633,0.902,0.777,0.0909;a;
0.901;0.735,0.279,0.377,0.901,0.76,0.739,0.208,0.945,0.432,0.676;aaaa;
0.966;0.912,0.757,0.714,0.543,0.472,0.535,0.394,0.0694,0.202,0.796;a;
0.801;0.242,0.559,0.88,0.289,0.116,0.0136,0.12,0.502,0.146,0.419;a;
0.512;0.507,0.0226,0.277,0.428,0.0837,0.941,0.989,0.0373,0.398,0.184;aaaaaa;
0.911;0.149,0.556,0.83,0.397,0.00849,0.291,0.334,0.295,0.494,0.421;aaaa;
0.0721;0.829,0.724,0.524,0.49,0.547,0.539,0.25,0.273,0.311,0.918;aaaaaaaaaa;
0.34;0.845,0.465,0.663,0.111,0.194,0.841,0.395,0.928,0.517,0.652;aaaaa;
0.662;0.684,0.732,0.162,0.813,0.576,0.0399,0.531,0.0426,0.417,0.0263;aaaa;
0.0738;0.359,0.686,0.666,0.474,0.374,0.713,0.696,0.331,0.578,0.837;aaaaaaaaaa;
0.604;0.228,0.0928,0.793,0.814,0.603,0.169,0.229,0.631,0.642,0.806;aaa;
0.637;0.0435,0.557,0.331,0.659,0.751,0.469,0.151,0.972,0.573,0.0308;aaaaaaaa;
0.473;0.537,0.00232,0.36,0.79,0.379,0.303,0.7,0.00225,0.0738,0.696;aaaaaa;
0.651;0.109,0.00467,0.972,0.0555,0.268,0.148,0.695,0.473,0.38,0.177;aaaaaaaa;
0.71;0.0863,0.101,0.898,0.876,0.0234,0.761,0.341,0.396,0.734,0.1;aaaaaaaaa;
0.635;0.415,0.609,0.591,0.0918,0.337,0.846,0.323,0.119,0.508,0.361;aaaaaaaaa;
0.778;0.264,0.527,0.806,0.0302,0.435,0.362,0.0589,0.039,0.823,0.352;a;
0.745;0.0965,0.784,0.477,0.635,0.0839,0.992,0.531,0.51,0.0941,0.71;aa;
0.664;0.758,0.984,0.564,0.128,0.873,0.00828,0.578,0.483,0.89,0.681;aa;
0.247;0.619,0.186,0.805,0.338,0.124,0.869,0.853,0.926,0.836,0.401;aaaaaaaaaa;
0.991;0.987,0.367,0.697,0.372,0.344,0.367,0.144,0.648,0.389,0.807;aaaaaa;
0.832;0.586,0.0168,0.000191,0.894,0.512,0.875,0.323,0.505,0.49,0.626;a;
0.283;0.241,0.6,0.163,0.0949,0.457,0.639,0.852,0.786,0.285,0.0146;aaaaaaaa;
0.86;0.326,0.248,0.565,0.611,0.0841,0.628,0.0672,0.635,0.177,0.902;aaaaaaa;
0.52;0.108,0.26,0.294,0.873,0.9,0.0907,0.346,0.212,0.204,0.563;aaaaaaa;
0.747;0.0322,0.295,0.112,0.742,0.527,0.391,0.379,0.949,0.265,0.805;aaaaaa;
0.525;0.747,0.0632,0.339,0.377,0.808,0.0592,0.0959,0.807,0.406,0.402;aaaa;
0.838;0.753,0.526,0.611,0.977,0.0184,0.55,0.511,0.936,0.126,0.178;aaaaaaaaaa;
0.537;0.302,0.868,0.104,0.699,0.731,0.799,0.849,0.131,0.573,0.167;aaaaaaa;
0.667;0.381,0.253,0.351,0.00817,0.0871,0.342,0.484,0.825,0.911,0.994;aaa;
0.352;0.449,0.767,0.559,0.127,0.226,0.728,0.667,0.456,0.532,0.688;aaaaaaaa;
0.16;0.534,0.9,0.506,0.697,0.0504,0.68,0.472,0.981,0.323,0.883;aaaa;
0.113;0.588,0.053,0.892,0.404,0.0859,0.0685,0.834,0.116,0.636,0.383;a;
0.904;0.63,0.971,0.949,0.00348,0.507,0.769,0.957,0.927,0.527,0.669;aaaaaaaa;
0.502;0.356,0.937,0.43,0.921,0.34,0.108,0.345,0.544,0.571,0.237;aaaaa;
0.0373;0.708,0.833,0.668,0.608,0.19,0.044,0.95,0.116,0.567,0.362;a;
0.133;0.959,0.464,0.425,0.63,0.489,0.959,0.655,0.451,0.741,0.416;aaaa;
0.44;0.746,0.68,0.241,0.796,0.346,0.484,0.268,0.737,0.559,0.807;aa;
0.721;0.0134,0.707,0.998,0.971,0.604,0.299,0.535,0.831,0.0696,0.699;aaaaaaaa;
0.217;0.283,0.0351,0.626,0.232,0.896,0.972,0.11,0.185,0.891,0.438;aaaa;
0.243;0.844,0.523,0.665,0.56,0.209,0.239,0.0443,0.876,0.0671,0.17;aaaaa;
0.25;0.895,0.092,0.152,0.144,0.317,0.592,0.546,0.617,0.947,0.527;aa;
0.661;0.358,0.818,0.383,0.499,0.832,0.765,0.335,0.411,0.386,0.597;aaaa;
0.942;0.58,0.359,0.606,0.792,0.938,0.283,0.351,0.0706,0.507,0.0781;aaaaaaaa;
0.822;0.569,0.125,0.765,0.118,0.183,0.407,0.275,0.86,0.718,0.171;aa;
0.653;0.257,0.698,0.979,0.634,0.528,0.591,0.148,0.0551,0.17,0.669;aaaa;
0.102;0.899,0.43,0.0472,0.769,0.393,0.479,0.857,0.284,0.0543,0.0581;aaaaaaa;
0.951;0.514,0.89,0.551,0.508,0.882,0.231,0.46,0.158,0.0301,0.152;aaaaaaa;
0.16;0.08,0.913,0.993,0.562,0.916,0.785,0.0832,0.735,0.612,0.851;aaaaaaaaa;
0.694;0.389,0.865,0.935,0.839,0.605,0.958,0.597,0.725,0.87,0.215;aaaaaaaaaa;
0.873;0.45,0.256,0.423,0.479,0.514,0.771,0.258,0.536,0.00445,0.379;aa;
0.555;0.0117,0.503,0.953,0.0936,0.861,0.958,0.581,0.00313,0.319,0.377;aaaaaaaaa;
0.18;0.761,0.248,0.296,0.606,0.529,0.484,0.262,0.357,0.11,0.311;aaaaaaaaa;
0.942;0.476,0.555,0.671,0.54,0.805,0.666,0.235,0.0353,0.824,0.818;aaaaaa;
0.441;0.0157,0.845,0.0397,0.341,0.385,0.807,0.755,0.805,0.924,0.433;aa;
0.0669;0.12,0.0753,0.627,0.159,0.52,0.661,0.897,0.847,0.174,0.542;aaaaaaaaa;
0.388;0.475,0.465,0.227,0.0719,0.952,0.548,0.456,0.962,0.052,0.598;aaaaaaaaaa;
0.959;0.414,0.866,0.021,0.142,0.264,0.866,0.602,0.365,0.318,0.392;a;
0.0492;0.22,0.884,0.565,0.958,0.867,0.997,0.975,0.135,0.898,0.334;aaaaa;
0.726;0.224,0.984,0.98,0.374,0.789,0.525,0.731,0.784,0.498,0.273;aaaaa;
0.476;0.146,0.616,0.882,0.0657,0.894,0.421,0.049,0.0928,0.471,0.773;aaaaaaaaa;
0.84;0.144,0.969,0.165,0.637,0.229,0.827,0.491,0.438,0.49,0.0193;aaaaaaaaa;
0.703;0.494,0.0371,0.603,0.303,0.385,0.0505,0.111,0.556,0.604,0.802;aaaaa;
0.878;0.883,0.95,0.526,0.236,0.304,0.958,0.443,0.715,0.969,0.114;a;
0.0915;0.439,0.302,0.019,0.481,0.588,0.03,0.123,0.613,0.655,0.788;aaa;
0.0151;0.897,0.775,0.967,0.459,0.403,0.275,0.421,0.232,0.189,0.964;aaaaa;
0.515;0.962,0.659,0.552,0.546,0.378,0.986,0.792,0.611,0.368,0.146;aaa;
0.908;0.956,0.113,0.412,0.0178,0.897,0.031,0.877,0.635,0.603,0.166;aaa;
0.967;0.656,0.736,0.663,0.318,0.22,0.123,0.976,0.682,0.0929,0.452;aaaaaaaa;
0.946;0.424,0.681,0.821,0.703,0.541,0.175,0.101,0.538,0.195,0.412;aaaaaaaa;
0.632;0.983,0.812,0.594,0.352,0.229,0.349,0.163,0.19,0.865,0.927;aaaa;
0.203;0.51,0.893,0.435,0.141,0.715,0.933,0.869,0.605,0.866,0.501;aa;
0.524;0.623,0.804,0.441,0.882,0.265,0.189,0.929,0.13,0.97,0.747;aa;
0.832;0.777,0.862,0.553,0.265,0.905,0.572,0.81,0.518,0.498,0.283;aaaaaaaaaa;
0.0889;0.814,0.796,0.017,0.0946,0.243,0.343,0.503,0.243,0.0652,0.522;aaaaaaaaaa;
0.895;0.571,0.111,0.409,0.806,0.458,0.603,0.0812,0.267,0.4,0.945;aaaaaaaa;
0.106;0.384,0.692,0.232,0.038,0.899,0.413,0.523,0.81,0.502,0.717;aaaaaaaaa;
0.683;0.0172,0.301,0.465,0.0219,0.51,0.661,0.0883,0.169,0.488,0.908;aaaaaaaaa;
0.49;0.957,0.304,0.596,0.797,0.0944,0.81,0.378,0.643,0.0803,0.302;aa;
0.342;0.425,0.707,0.458,0.684,0.316,0.851,0.316,0.195,0.903,0.908;aaaaaaaa;
0.378;0.506,0.183,0.283,0.556,0.0728,0.54,0.981,0.965,0.756,0.681;aaaaaaaa;
0.0718;0.871,0.289,0.144,0.263,0.769,0.556,0.348,0.155,0.862,0.246;aaa;
0.801;0.993,0.951,0.767,0.787,0.544,0.921,0.316,0.257,0.719,0.4;aaaa;
0.633;0.0741,0.499,0.228,0.957,0.872,0.179,0.521,0.874,0.201,0.288;aa;
0.764;0.748,0.849,0.81,0.154,0.946,0.305,0.173,0.791,0.454,0.798;aa;
0.658;0.985,0.412,0.782,0.0395,0.0634,0.83,0.889,0.404,0.43,0.125;aaaaaaaaaa;
0.991;0.81,0.978,0.941,0.367,0.594,0.478,0.366,0.475,0.27,0.495;aaaaa;
0.504;0.643,0.683,0.841,0.567,0.371,0.0377,0.29,0.216,0.739,0.5;aaaaaaaa;
0.711;0.782,0.066,0.558,0.281,0.912,0.197,0.334,0.935,0.34,0.755;aaaaaaaaaa;
0.45;0.103,0.911,0.711,0.163,0.995,0.666,0.521,0.71,0.585,0.354;aaaa;
0.607;0.521,0.172,0.36,0.854,0.436,0.375,0.0598,0.746,0.198,0.0698;aaaaa;
0.615;0.887,0.0626,0.107,0.65,0.97,0.338,0.812,0.629,0.493,0.646;aaaaa;
0.767;0.986,0.053,0.874,0.62,0.597,0.614,0.0517,0.634,0.581,0.686;a;
0.251;0.422,0.389,0.52,0.303,0.959,0.403,0.929,0.437,0.346,0.122;aaaaaaaaaa;
0.0607;0.107,0.447,0.254,0.825,0.733,0.0419,0.638,0.443,0.732,0.041;aa;
0.271;0.663,0.191,0.758,0.585,0.566,0.478,0.445,0.388,0.29,0.868;aaaa;
0.27;0.946,0.457,0.693,0.203,0.187,0.377,0.849,0.89,0.0187,0.413;aaaaaa;
0.478;0.561,0.901,0.101,0.356,0.661,0.707,0.148,0.557,0.73,0.272;aaaaaa;
0.00181;0.22,0.117,0.827,0.17,0.155,0.757,0.584,0.335,0.142,0.824;aaaaa;
0.823;0.0627,0.461,0.768,0.146,0.592,0.0944,0.242,0.975,0.552,0.841;a;
0.477;0.7,0.687,0.113,0.368,0.688,0.441,0.24,0.405,0.0853,0.352;aaaaaaa;
0.473;0.0371,0.905,0.491,0.48,0.193,0.89,0.741,0.0234,0.569,0.167;aaaaaa;
0.476;0.781,0.318,0.949,0.583,0.509,0.453,0.915,0.97,0.979,0.00962;a;
0.462;0.08,0.423,0.433,0.207,0.931,0.773,0.383,0.382,0.822,0.28;aaaaaaaa;
0.641;0.144,0.218,0.558,0.719,0.109,0.394,0.301,0.819,0.546,0.622;aaaaaa;
0.716;0.991,0.861,0.757,0.686,0.949,0.631,0.8,0.207,0.615,0.19;a;
0.929;0.424,0.279,0.795,0.418,0.362,0.71,0.737,0.604,0.136,0.819;aa;
0.864;0.287,0.334,0.85,0.627,0.773,0.0473,0.995,0.351,0.985,0.601;aaaaaaa;
0.0339;0.785,0.41,0.544,0.6,0.598,0.571,0.25,0.953,0.0386,0.382;aaaa;
0.0708;0.0416,0.77,0.481,0.931,0.963,0.528,0.643,0.835,0.22,0.0161;aaaaaa;
0.885;0.15,0.0766,0.523,0.649,0.677,0.687,0.0195,0.697,0.776,0.359;aa;
0.278;0.296,0.94,0.096,0.131,0.54,0.985,0.769,0.137,0.318,0.781;aaaaaaa;
0.83;0.529,0.69,0.879,0.725,0.663,0.0757,0.434,0.426,0.906,0.851;aaaaaaaaaa;
0.151;0.528,0.42,0.122,0.767,0.203,0.92,0.41,0.264,0.907,0.972;aaaaaaaaa;
0.765;0.686,0.79,0.255,0.64,0.768,0.649,0.286,0.668,0.831,0.733;aaaaa;
0.689;0.119,0.89,0.854,0.638,0.797,0.0711,0.926,0.749,0.617,0.399;aaaaa;
0.652;0.784,0.943,0.709,0.545,0.0352,0.443,0.0787,0.602,0.561,0.79;aaa;
0.0819;0.355,0.293,0.336,0.384,0.868,0.86,0.765,0.928,0.634,0.179;aaaaaaaaa;
0.55;0.101,0.00333,0.492,0.824,0.152,0.274,0.116,0.904,0.571,0.184;aaaa;
0.00226;0.277,0.346,0.825,0.515,0.355,0.143,0.418,0.0993,0.0562,0.429;aa;
0.15;0.586,0.0206,0.702,0.516,0.194,0.964,0.155,0.346,0.492,0.977;aa;
0.375;0.0628,0.204,0.46,0.0577,0.579,0.788,0.521,0.576,0.25,0.597;aaaaaaaa;
0.239;0.324,0.0453,0.498,0.316,0.42,0.243,0.266,0.669,0.67,0.726;aaaaaa;
0.17;0.108,0.0415,0.575,0.356,0.761,0.525,0.945,0.938,0.27,0.366;aaa;
0.317;0.628,0.242,0.45,0.857,0.125,0.605,0.76,0.312,0.359,0.249;aaaaaaaa;
0.0447;0.841,0.0839,0.435,0.914,0.498,0.323,0.804,0.861,0.306,0.71;aaaaa;
0.82;0.633,0.000911,0.307,0.684,0.504,0.67,0.861,0.573,0.0174,0.602;aa;
0.723;0.549,0.263,0.896,0.598,0.642,0.0134,0.312,0.394,0.95,0.928;aaaaa;
0.364;0.525,0.305,0.597,0.491,0.38,0.44,0.183,0.0427,0.936,0.973;aaaaaaaa;
0.86;0.659,0.702,0.176,0.786,0.722,0.264,0.642,0.512,0.302,0.574;aa;
0.872;0.954,0.00516,0.207,0.083,0.00989,0.915,0.315,0.595,0.236,0.89;aaaaa;
0.584;0.58,0.805,0.857,0.374,0.213,0.86,0.401,0.0897,0.32,0.492;aaaaaa;
0.787;0.0192,0.472,0.902,0.995,0.118,0.78,0.639,0.903,0.0298,0.0269;aaa;
0.854;0.564,0.703,0.785,0.203,0.652,0.0166,0.64,0.0212,0.217,0.0274;aaaaaa;
0.744;0.284,0.648,0.296,0.331,0.0158,0.0729,0.534,0.462,0.976,0.043;aaaaaa;
0.394;0.121,0.582,0.68,0.122,0.464,0.701,0.629,0.69,0.431,0.587;aaaaa;
0.381;0.515,0.472,0.79,0.0562,0.355,0.284,0.732,0.517,0.325,0.0978;aaaaaaaaaa;
0.171;0.278,0.953,0.00618,0.817,0.0611,0.821,0.585,0.996,0.729,0.0263;aaaaa;
0.114;0.881,0.943,0.00169,0.461,0.674,0.429,0.227,0.578,0.539,0.599;aaaaaaaaaa;
0.767;0.169,0.157,0.3,0.446,0.654,0.895,0.495,0.587,0.751,0.217;aaaa;
0.371;0.474,0.627,0.934,0.694,0.152,0.746,0.21,0.836,0.799,0.963;aaaa;
0.819;0.744,0.433,0.16,0.665,0.806,0.116,0.132,0.797,0.413,0.81;aaaaaaaaaa;
0.918;0.768,0.698,0.787,0.72,0.937,0.348,0.596,0.0663,0.689,0.922;aaaaa;
0.927;0.412,0.276,0.713,0.811,0.0786,0.491,0.122,0.162,0.851,0.746;aaaaa;
0.101;0.6,0.749,0.149,0.102,0.829,0.321,0.685,0.471,0.0469,0.0237;aa;
0.0987;0.0883,0.719,0.63,0.554,0.542,0.197,0.591,0.565,0.787,0.421;aa;
0.213;0.144,0.317,0.527,0.632,0.848,0.214,0.132,0.242,0.88,0.518;aaaaaaa;
0.386;0.591,0.969,0.296,0.434,0.729,0.138,0.155,0.0691,0.105,0.744;aaaaaaaaa;
0.361;0.0217,0.519,0.267,0.143,0.000736,0.93,0.898,0.572,0.863,0.316;a;
0.0924;0.358,0.848,0.872,0.9,0.707,0.602,0.738,0.056,0.604,0.00328;aaaa;
0.357;0.162,0.757,0.816,0.447,0.673,0.161,0.613,0.141,0.624,0.168;aaaaaaaaaa;
0.502;0.819,0.664,0.0632,0.703,0.861,0.536,0.558,0.709,0.547,0.785;aaaaaaa;
0.762;0.631,0.314,0.736,0.736,0.168,0.462,0.909,0.945,0.531,0.96;aaaaaa;
0.827;0.19,0.455,0.631,0.0337,0.0857,0.278,0.976,0.373,0.827,0.203;aaaaaaa;
0.0471;0.503,0.839,0.0992,0.307,0.49,0.0743,0.525,0.806,0.639,0.407;a;
0.194;0.543,0.132,0.576,0.476,0.982,0.719,0.0949,0.639,0.0807,0.373;aaaa;
0.935;0.676,0.316,0.0792,0.369,0.00169,0.146,0.344,0.715,0.938,0.943;aaaaaa;
0.893;0.108,0.42,0.421,0.687,0.629,0.583,0.553,0.299,0.524,0.457;aaaaa;
0.495;0.188,0.728,0.245,0.042,0.396,0.408,0.105,0.112,0.74,0.0678;aaaaa;
0.969;0.647,0.663,0.623,0.0838,0.0363,0.846,0.894,0.849,0.909,0.774;aaaaaaa;
0.234;0.583,0.332,0.271,0.93,0.0473,0.204,0.619,0.562,0.976,0.303;aaaaaaaaaa;
0.208;0.233,0.845,0.971,0.368,0.972,0.0107,0.986,0.86,0.122,0.823;aaa;
0.999;0.944,0.421,0.529,0.474,0.404,0.64,0.912,0.644,0.000729,0.249;aa;
0.933;0.204,0.596,0.0441,0.613,0.137,0.814,0.00542,0.932,0.497,0.615;aaaa;
0.447;0.17,0.381,0.689,0.731,0.356,0.107,0.867,0.711,0.0488,0.0474;aaaaaaa;
0.53;0.353,0.496,0.55,0.829,0.393,0.987,0.0504,0.379,0.361,0.673;aaaaaaaaaa;
0.721;0.542,0.0338,0.352,0.301,0.566,0.171,0.105,0.421,0.43,0.0892;aaaaaa;
0.865;0.0441,0.317,0.513,0.342,0.978,0.0271,0.226,0.802,0.608,0.984;aaaa;
0.557;0.746,0.226,0.691,0.595,0.831,0.776,0.752,0.644,0.901,0.89;aa;
0.0285;0.734,0.867,0.413,0.971,0.338,0.594,0.0401,0.282,0.303,0.641;aaaa;
0.575;0.3,0.284,0.0677,0.283,0.31,0.182,0.0192,0.71,0.399,0.972;aaa;
0.0603;0.0503,0.619,0.855,0.366,0.739,0.231,0.323,0.113,0.74,0.222;aaaaa;
0.085;0.566,0.661,0.938,0.773,0.735,0.792,0.967,0.578,0.403,0.916;aaaaaaaaaa;
0.965;0.398,0.578,0.124,0.779,0.032,0.699,0.264,0.168,0.568,0.822;aaaaa;
0.313;0.468,0.607,0.801,0.0813,0.144,0.0158,0.14,0.222,0.861,0.547;aaa;
0.134;0.85,0.421,0.167,0.0117,0.265,0.253,0.0602,0.049,0.493,0.527;aaaa;
0.854;0.248,0.817,0.699,0.0222,0.747,0.12,0.057,0.485,0.00784,0.817;aaaaaaaaaa;
0.385;0.384,0.418,0.582,0.0886,0.229,0.846,0.169,0.931,0.46,0.719;a;
0.618;0.423,0.71,0.317,0.647,0.892,0.262,0.219,0.237,0.746,0.373;aaaaaaaaa;
0.927;0.308,0.483,0.528,0.592,0.0452,0.211,0.943,0.0697,0.234,0.334;a;
0.903;0.972,0.539,0.615,0.0266,0.625,0.615,0.828,0.556,0.996,0.499;aaaaaa;
0.07;0.707,0.681,0.494,0.471,0.596,0.517,0.419,0.8,0.186,0.533;aa;
0.968;0.646,0.492,0.942,0.745,0.914,0.691,0.478,0.633,0.285,0.272;aaa;
0.712;0.0179,0.603,0.0375,0.121,0.257,0.506,0.605,0.844,0.483,0.579;aaaaaa;
0.73;0.446,0.306,0.194,0.552,0.916,0.573,0.0749,0.904,0.0532,0.305;aaaaa;
0.668;0.0229,0.438,0.177,0.181,0.914,0.883,0.897,0.367,0.175,0.0589;aaa;
0.883;0.921,0.977,0.898,0.861,0.0799,0.866,0.0733,0.778,0.585,0.549;aaa;
0.298;0.768,0.541,0.75,0.74,0.55,0.939,0.324,0.665,0.67,0.689;aa;
0.835;0.354,0.814,0.191,0.92,0.519,0.0108,0.253,0.182,0.985,0.134;aaaaaaaa;
0.83;0.318,0.724,0.0165,0.341,0.147,0.684,0.943,0.285,0.739,0.64;aaaaaaa;
0.524;0.7,0.254,0.502,0.423,0.0258,0.188,0.681,0.511,0.497,0.749;aaaaaaaaa;
0.694;0.226,0.528,0.377,0.566,0.332,0.597,0.361,0.578,0.74,0.772;aaaaaaa;
0.629;0.73,0.159,0.992,0.429,0.916,0.384,0.799,0.756,0.779,0.388;aaa;
0.523;0.561,0.0804,0.121,0.7,0.393,0.577,0.933,0.434,0.0288,0.0694;aaaa;
0.13;0.988,0.0342,0.238,0.691,0.878,0.0216,0.751,0.0275,0.736,0.104;aaaaaa;
0.334;0.879,0.739,0.633,0.511,0.436,0.727,0.543,0.41,0.848,0.766;aaaaa;
0.227;0.5,0.211,0.326,0.167,0.0224,0.389,0.265,0.678,0.935,0.972;aa;
0.248;0.232,0.0552,0.223,0.239,0.261,0.00824,0.567,0.494,0.195,0.418;aaaaa;
0.675;0.42,0.818,0.0667,0.744,0.124,0.423,0.47,0.241,0.479,0.229;aaaaaaaaa;
0.568;0.346,0.342,0.522,0.069,0.776,0.0383,0.575,0.509,0.357,0.17;aaaaa;
0.255;0.505,0.17,0.673,0.744,0.914,0.578,0.825,0.24,0.346,0.471;aaaaaaaa;
0.329;0.196,0.979,0.389,0.678,0.516,0.0957,0.121,0.0936,0.482,0.804;aa;
0.331;0.424,0.882,0.656,0.6,0.536,0.196,0.403,0.075,0.438,0.64;aaaa;
0.13;0.697,0.785,0.178,0.994,0.0186,0.745,0.00675,0.115,0.293,0.374;aaaaa;
0.756;0.484,0.363,0.185,0.212,0.508,0.832,0.529,0.372,0.97,0.634;aaa;
0.658;0.396,0.714,0.553,0.767,0.0132,0.276,0.244,0.927,0.234,0.824;aaaaa;
0.192;0.219,0.959,0.0725,0.958,0.966,0.236,0.211,0.199,0.379,0.0687;aaaaaaa;
0.461;0.133,0.0499,0.532,0.576,0.505,0.413,0.336,0.152,0.442,0.755;aa;
0.0752;0.0607,0.713,0.354,0.357,0.43,0.404,0.794,0.105,0.623,0.436;aaaaaa;
0.721;0.0861,0.508,0.884,0.476,0.379,0.737,0.192,0.937,0.202,0.34;aaaaaaaa;
0.0015;0.0572,0.538,0.0481,0.643,0.402,0.0709,0.567,0.806,0.445,0.351;aa;
0.866;0.636,0.0117,0.642,0.0268,0.367,0.359,0.493,0.494,0.0768,0.334;aaaaaaaaa;
0.188;0.0163,0.476,0.958,0.55,0.648,0.464,0.965,0.0665,0.79,0.0828;aaaaaa;
0.888;0.678,0.0538,0.182,0.922,0.777,0.757,0.0141,0.363,0.53,0.484;a;
0.107;0.529,0.475,0.615,0.406,0.0935,0.68,0.652,0.983,0.102,0.924;aaaaaaa;
0.496;0.41,0.0717,0.67,0.761,0.843,0.633,0.134,0.383,0.71,0.339;aaaaaaaaa;
0.321;0.808,0.941,0.887,0.667,0.764,0.374,0.0935,0.726,0.526,0.621;aaaaa;
0.461;0.903,0.117,0.0819,0.649,0.842,0.937,0.772,0.395,0.323,0.358;aa;
0.202;0.788,0.12,0.757,0.319,0.409,0.088,0.745,0.798,0.32,0.642;aaa;
0.662;0.45,0.892,0.39,0.765,0.344,0.633,0.338,0.534,0.265,0.377;a;
0.585;0.699,0.793,0.401,0.974,0.418,0.0469,0.968,0.435,0.522,0.991;aaaaaaaaaa;
0.322;0.145,0.928,0.178,0.923,0.904,0.666,0.0191,0.359,0.292,0.261;aaaaaaaaaa;
0.624;0.215,0.885,0.508,0.424,0.593,0.00496,0.505,0.0293,0.339,0.98;aaaaaaaa;
0.552;0.1,0.821,0.184,0.0803,0.711,0.397,0.0226,0.253,0.855,0.925;aaaaaaa;
0.31;0.336,0.913,0.976,0.985,0.661,0.11,0.865,0.889,0.306,0.742;aaaaaa;
0.167;0.42,0.0305,0.629,0.761,0.753,0.98,0.359,0.966,0.00891,0.103;aaaa;
0.557;0.951,0.351,0.577,0.491,0.964,0.215,0.0988,0.627,0.107,0.31;aa;
0.307;0.397,0.185,0.175,0.206,0.256,0.997,0.261,0.742,0.699,0.255;aaaaaaa;
0.922;0.121,0.207,0.106,0.164,0.345,0.419,0.623,0.419,0.0574,0.0669;aaa;
0.331;0.876,0.505,0.307,0.817,0.839,0.264,0.497,0.895,0.597,0.926;aaaaaaaa;
0.479;0.256,0.621,0.221,0.842,0.866,0.402,0.0822,0.119,0.774,0.278;aaaaaaa;
0.618;0.368,0.15,0.516,0.134,0.435,0.134,0.0587,0.355,0.059,0.681;a;
0.195;0.281,0.637,0.98,0.614,0.608,0.825,0.721,0.123,0.413,0.566;aaa;
0.813;0.86,0.26,0.151,0.504,0.269,0.262,0.177,0.197,0.334,0.58;aaaaaaaa;
0.085;0.0183,0.522,0.991,0.87,0.787,0.483,0.735,0.872,0.0292,0.341;aaa;
0.159;0.452,0.283,0.161,0.908,0.101,0.876,0.00263,0.13,0.887,0.856;aaaaaaa;
0.846;0.148,0.112,0.421,0.495,0.0102,0.773,0.708,0.446,0.47,0.131;aaaaaaaa;
0.399;0.0985,0.171,0.138,0.627,0.362,0.809,0.722,0.925,0.911,0.000324;aaa;
0.461;0.67,0.129,0.168,0.118,0.504,0.328,0.609,0.358,0.859,0.0434;aaaaaaaaaa;
0.655;0.129,0.77,0.229,0.62,0.122,0.632,0.654,0.684,0.946,0.136;aaaaaaaaaa;
0.911;0.756,0.149,0.649,0.477,0.38,0.417,0.0784,0.163,0.699,0.249;aaaaaaaaaa;
0.0483;0.772,0.0503,0.181,0.382,0.933,0.545,0.461,0.652,0.768,0.39;aaaaaaaa;
0.552;0.728,0.326,0.818,0.617,0.618,0.89,0.996,0.91,0.224,0.147;aaaaa;
0.346;0.0427,0.00043,0.923,0.722,0.584,0.649,0.801,0.818,0.29,0.51;aaaaaa;
0.26;0.695,0.703,0.213,0.576,0.564,0.775,0.194,0.388,0.416,0.969;aaaaaaaaaa;
0.607;0.927,0.539,0.713,0.887,0.426,0.214,0.848,0.731,0.05,0.251;aaaa;
0.152;0.922,0.319,0.875,0.473,0.68,0.942,0.874,0.737,0.214,0.129;aaaaa;
0.996;0.836,0.304,0.444,0.842,0.342,0.745,0.352,0.851,0.77,0.549;aaaaaaaaa;
0.852;0.526,0.449,0.58,0.676,0.941,0.78,0.441,0.301,0.394,0.813;a;
0.734;0.166,0.192,0.585,0.301,0.598,0.507,0.672,0.664,0.124,0.725;aaaaaa;
0.0395;0.228,0.991,0.387,0.0884,0.684,0.635,0.947,0.0441,0.878,0.513;aaaaa;
0.474;0.402,0.981,0.459,0.073,0.154,0.769,0.514,0.632,0.259,0.276;aaaa;
0.664;0.31,0.256,0.796,0.0865,0.331,0.264,0.496,0.767,0.881,0.913;aa;
0.249;0.798,0.0635,0.749,0.99,0.128,0.396,0.774,0.85,0.851,0.269;a;
0.934;0.475,0.143,0.352,0.219,0.447,0.634,0.525,0.718,0.468,0.097;aaaaaaa;
0.399;0.934,0.00663,0.686,0.74,0.464,0.962,0.187,0.922,0.717,0.362;aaaaa;
0.422;0.679,0.671,0.32,0.218,0.96,0.0411,0.687,0.0202,0.39,0.363;aaaaaaaa;
0.238;0.299,0.414,0.681,0.782,0.734,0.319,0.736,0.958,0.954,0.493;aaaaaaa;
0.943;0.152,0.572,0.372,0.877,0.815,0.00478,0.736,0.443,0.659,0.643;aaaaaaaaa;
0.247;0.672,0.536,0.959,0.641,0.854,0.937,0.351,0.523,0.196,0.448;a;
0.322;0.293,0.742,0.874,0.975,0.546,0.347,0.879,0.73,0.508,0.663;aaaaaaaaa;
0.75;0.179,0.169,0.943,0.217,0.00703,0.396,0.696,0.358,0.321,0.45;aaaaaa;
0.799;0.647,0.448,0.529,0.457,0.0692,0.0429,0.29,0.629,0.347,0.523;aaaaaaaa;
0.118;0.923,0.675,0.357,0.626,0.661,0.494,0.284,0.742,0.918,0.944;aa;
0.775;0.715,0.402,0.59,0.229,0.0907,0.863,0.165,0.522,0.42,0.615;aaaaaaaa;
0.993;0.668,0.868,0.542,0.609,0.337,0.512,0.964,0.315,0.233,0.948;aaaaaa;
0.408;0.354,0.402,0.254,0.337,0.998,0.658,0.845,0.103,0.883,0.358;aaaaaaaa;
0.271;0.73,0.113,0.841,0.954,0.0908,0.647,0.147,0.657,0.486,0.758;aaaaaaaaa;
0.214;0.876,0.53,0.573,0.624,0.00903,0.913,0.363,0.855,0.533,0.839;aaaaaaaaaa;
0.451;0.042,0.0803,0.233,0.876,0.973,0.957,0.929,0.323,0.59,0.0201;aaaaaa;
0.442;0.286,0.377,0.174,0.817,0.749,0.511,0.974,0.532,0.653,0.745;aaaaaaaaa;
0.627;0.277,0.668,0.84,0.041,0.88,0.616,0.686,0.425,0.0712,0.987;aaaaaaaaaa;
0.12;0.724,0.191,0.491,0.544,0.0405,0.513,0.881,0.88,0.845,0.927;aa;
0.278;0.231,0.327,0.64,0.691,0.5,0.205,0.583,0.471,0.243,0.624;aaa;
0.718;0.47,0.679,0.366,0.336,0.603,0.49,0.346,0.598,0.566,0.461;aaaaa;
0.494;0.55,0.991,0.00117,0.377,0.188,0.29,0.62,0.522,0.405,0.72;aaa;
0.615;0.865,0.596,0.28,0.139,0.84,0.693,0.121,0.367,0.528,0.483;aaaaaaaaaa;
0.352;0.178,0.901,0.399,0.409,0.207,0.669,0.32,0.274,0.214,0.963;aaaaaa;
0.944;0.0875,0.212,0.808,0.976,0.244,0.531,0.163,0.229,0.467,0.285;aaaaaa;
0.121;0.613,0.103,0.361,0.312,0.607,0.272,0.926,0.147,0.981,0.838;aaaaaaaa;
0.0887;0.305,0.386,0.744,0.373,0.178,0.182,0.437,0.465,0.957,0.639;aaaaaaaaaa;
0.261;0.411,0.463,0.884,0.606,0.838,0.301,0.309,0.811,0.647,0.978;aaaaaaaaaa;
0.611;0.0369,0.486,0.815,0.402,0.216,0.123,0.0292,0.973,0.694,0.797;aaaaaa;
0.572;0.992,0.394,0.449,0.00926,0.248,0.295,0.917,0.284,0.712,0.456;aaaaaa;
0.971;0.376,0.159,0.511,0.102,0.922,0.728,0.885,0.49,0.928,0.306;aa;
0.617;0.635,0.953,0.6,0.251,0.19,0.667,0.263,0.68,0.272,0.204;aaaaaaa;
0.412;0.208,0.321,0.851,0.33,0.844,0.66,0.45,0.941,0.889,0.726;aa;
0.294;0.933,0.0809,0.933,0.855,0.516,0.502,0.44,0.596,0.625,0.843;aaaaaa;
0.674;0.609,0.429,0.639,0.878,0.88,0.247,0.663,0.428,0.61,0.358;aaaaaa;
0.0816;0.0911,0.711,0.457,0.541,0.902,0.532,0.333,0.231,0.699,0.671;aaaaaaaaa;
0.244;0.639,0.533,0.353,0.0142,0.337,0.351,0.334,0.913,0.691,0.926;aaa;
0.68;0.801,0.731,0.0464,0.617,0.957,0.499,0.851,0.647,0.485,0.0255;aaaaaaaaaa;
0.883;0.812,0.341,0.412,0.489,0.713,0.611,0.234,0.724,0.0875,0.0765;aaaaa;
0.0847;0.409,0.673,0.132,0.988,0.11,0.666,0.538,0.654,0.931,0.217;aaaaaaaaa;
0.921;0.851,0.575,0.0337,0.063,0.217,0.437,0.0211,0.188,0.192,0.161;aaa;
0.934;0.659,0.0358,0.392,0.655,0.371,0.678,0.502,0.737,0.0519,0.367;aaaaaaaa;
0.799;0.675,0.438,0.275,0.617,0.996,0.515,0.3,0.149,0.53,0.628;aaaaa;
0.507;0.851,0.148,0.543,0.362,0.209,0.292,0.0302,0.731,0.746,0.964;aaaaa;
0.358;0.302,0.216,0.807,0.408,0.105,0.555,0.816,0.483,0.202,0.54;aaaaaaaaaa;
0.389;0.515,0.158,0.262,0.607,0.45,0.466,0.349,0.922,0.935,0.0528;aaaaaaaa;
0.838;0.1,0.382,0.274,0.832,0.976,0.671,0.319,0.855,0.166,0.443;aa;
0.845;0.766,0.346,0.364,0.514,0.786,0.736,0.486,0.615,0.528,0.767;aaaaaaa;
0.0604;0.0876,0.866,0.469,0.772,0.529,0.489,0.706,0.907,0.209,0.0428;aaa;
0.71;0.492,0.158,0.944,0.987,0.807,0.905,0.378,0.92,0.361,0.202;aaaaaaa;
0.599;0.0916,0.999,0.0569,0.581,0.229,0.988,0.598,0.875,0.56,0.0822;aaaaaa;
0.492;0.853,0.149,0.997,0.718,0.741,0.4,0.411,0.426,0.563,0.98;aaaaaaaaaa;
0.168;0.631,0.33,0.961,0.992,0.585,0.0028,0.771,0.989,0.897,0.244;aaaaaaaaa;
0.73;0.678,0.23,0.734,0.958,0.678,0.694,0.238,0.000159,0.407,0.818;aaaaaaaaa;
0.205;0.528,0.059,0.0109,0.056,0.102,0.934,0.987,0.0259,0.283,0.129;aaaaaaaaa;
0.786;0.0129,0.944,0.0511,0.277,0.967,0.732,0.964,0.411,0.0351,0.961;a;
0.0568;0.424,0.0683,0.224,0.294,0.588,0.922,0.0117,0.0165,0.241,0.0459;aaaaaa;
0.0449;0.69,0.508,0.605,0.734,0.333,0.789,0.657,0.0542,0.457,0.0153;aaaa;
0.749;0.0938,0.825,0.401,0.492,0.298,0.446,0.811,0.946,0.399,0.576;aaa;
0.859;0.895,0.48,0.184,0.67,0.195,0.689,0.947,0.878,0.997,0.121;aaaaaa;
0.521;0.456,0.947,0.577,0.168,0.638,0.533,0.985,0.877,0.699,0.731;aaaaaaaa;
0.966;0.211,0.436,0.738,0.552,0.862,0.495,0.216,0.583,0.618,0.94;aaa;
0.764;0.0541,0.00811,0.928,0.38,0.185,0.642,0.627,0.929,0.998,0.0661;aaaaaaaa;
0.784;0.587,0.422,0.563,0.289,0.913,0.687,0.899,0.667,0.966,0.971;aaaa;
0.919;0.677,0.974,0.75,0.813,0.978,0.417,0.246,0.928,0.526,0.149;aaa;
0.463;0.528,0.986,0.612,0.0373,0.589,0.99,0.862,0.524,0.7,0.733;aaaaaaaaa;
0.421;0.0574,0.506,0.835,0.733,0.535,0.0594,0.686,0.253,0.897,0.552;a;
0.9;0.205,0.207,0.754,0.0693,0.598,0.324,0.633,0.862,0.176,0.998;aaaaaaaaaa;
0.69;0.953,0.982,0.11,0.41,0.0926,0.346,0.928,0.253,0.392,0.795;aaaaaaaaaa;
0.512;0.704,0.777,0.719,0.42,0.371,0.257,0.162,0.0132,0.0858,0.837;a;
0.487;0.827,0.595,0.0738,0.317,0.0962,0.249,0.113,0.758,0.32,0.25;aaaa;
0.464;0.258,0.515,0.0572,0.456,0.284,0.198,0.045,0.0544,0.882,0.00318;aaaaaaaaaa;
0.139;0.466,0.177,0.99,0.389,0.999,0.111,0.164,0.977,0.97,0.0881;a;
0.298;0.41,0.21,0.0791,0.612,0.483,0.103,0.367,0.00831,0.375,0.356;aaaaaaaaa;
0.722;0.513,0.304,0.836,0.752,0.546,0.465,0.376,0.145,0.993,0.864;aaaa;
0.749;0.937,0.804,0.101,0.928,0.784,0.882,0.683,0.43,0.866,0.25;aaaaaaaaaa;
0.524;0.0413,0.711,0.553,0.748,0.241,0.2,0.889,0.0524,0.337,0.324;aaaaa;
0.816;0.155,0.671,0.0358,0.346,0.572,0.0203,0.74,0.632,0.378,0.39;aaaaaaaa;
0.277;0.527,0.473,0.0465,0.865,0.749,0.597,0.53,0.37,0.163,0.955;aaaaaa;
0.0302;0.601,0.244,0.481,0.203,0.383,0.0991,0.776,0.182,0.635,0.578;aaaaaaaaa;
0.808;0.107,0.152,0.707,0.352,0.628,0.101,0.586,0.789,0.26,0.0729;aaaaaaaaaa;
0.807;0.128,0.528,0.624,0.0942,0.134,0.171,0.805,0.796,0.655,0.0343;aaaaaa;
0.519;0.545,0.453,0.958,0.24,0.686,0.353,0.735,0.298,0.362,0.853;aaaa;
0.984;0.591,0.00464,0.682,0.491,0.601,0.781,0.784,0.132,0.057,0.0429;aaaaaa;
0.704;0.0551,0.732,0.564,0.0279,0.384,0.951,0.102,0.968,0.703,0.845;aaaaaaaaaa;
0.438;0.258,0.446,0.344,0.439,0.0904,0.596,0.126,0.323,0.0194,0.119;aaa;
0.757;0.0255,0.851,0.556,0.29,0.84,0.269,0.0553,0.144,0.806,0.349;aaaa;
0.928;0.356,0.206,0.162,0.0437,0.517,0.29,0.932,0.287,0.47,0.648;aaaaaaaa;
0.129;0.387,0.737,0.762,0.492,0.484,0.15,0.155,0.48,0.757,0.545;aaaaaaaaa;
0.156;0.284,0.263,0.696,0.0871,0.0545,0.211,0.0709,0.374,0.261,0.898;aa;
0.389;0.863,0.29,0.145,0.997,0.83,0.243,0.676,0.113,0.179,0.379;aaaaa;
0.427;0.968,0.0846,0.94,0.682,0.155,0.991,0.972,0.00487,0.308,0.609;a;
0.709;0.23,0.659,0.302,0.482,0.569,0.869,0.1,0.282,0.94,0.421;aaaaaa;
0.0466;0.68,0.93,0.57,0.477,0.625,0.0708,0.0335,0.755,0.494,0.292;aaa;
0.8;0.235,0.294,0.788,0.276,0.0208,0.508,0.144,0.503,0.786,0.409;aaaaaaaaa;
0.799;0.533,0.475,0.841,0.767,0.956,0.664,0.155,0.541,0.994,0.972;aa;
0.112;0.255,0.0452,0.662,0.0591,0.758,0.135,0.841,0.862,0.8,0.708;aaaaaaa;
0.517;0.321,0.967,0.571,0.696,0.999,0.715,0.545,0.899,0.49,0.1;aaaaaaa;
0.237;0.875,0.248,0.0322,0.306,0.173,0.34,0.824,0.962,0.209,0.456;aaaa;
0.8;0.235,0.294,0.788,0.276,0.0208,0.508,0.144,0.503,0.786,0.409;aaaa;
0.799;0.533,0.475,0.841,0.767,0.956,0.664,0.155,0.541,0.994,0.972;a;
0.112;0.255,0.0452,0.662,0.0591,0.758,0.135,0.841,0.862,0.8,0.708;aaaaaaaaa;
0.517;0.321,0.967,0.571,0.696,0.999,0.715,0.545,0.899,0.49,0.1;aaaaaaaa;
0.237;0.875,0.248,0.0322,0.306,0.173,0.34,0.824,0.962,0.209,0.456;aaaaaaa;
0.8;0.235,0.294,0.788,0.276,0.0208,0.508,0.144,0.503,0.786,0.409;aaaaaaaa;
0.799;0.533,0.475,0.841,0.767,0.956,0.664,0.155,0.541,0.994,0.972;a;
0.112;0.255,0.0452,0.662,0.0591,0.758,0.135,0.841,0.862,0.8,0.708;aaaaaaaaaa;
0.517;0.321,0.967,0.571,0.696,0.999,0.715,0.545,0.899,0.49,0.1;aaa;
0.237;0.875,0.248,0.0322,0.306,0.173,0.34,0.824,0.962,0.209,0.456;aaaaaaaa;
0.8;0.235,0.294,0.788,0.276,0.0208,0.508,0.144,0.503,0.786,0.409;aaaaaaa;
0.799;0.533,0.475,0.841,0.767,0.956,0.664,0.155,0.541,0.994,0.972;aa;
0.112;0.255,0.0452,0.662,0.0591,0.758,0.135,0.841,0.862,0.8,0.708;aaaaaaa;
0.517;0.321,0.967,0.571,0.696,0.999,0.715,0.545,0.899,0.49,0.1;aaaaa;
0.237;0.875,0.248,0.0322,0.306,0.173,0.34,0.824,0.962,0.209,0.456;a;
0.8;0.235,0.294,0.788,0.276,0.0208,0.508,0.144,0.503,0.786,0.409;aaaaaaaaa;
0.799;0.533,0.475,0.841,0.767,0.956,0.664,0.155,0.541,0.994,0.972;aaaaaaa;
0.112;0.255,0.0452,0.662,0.0591,0.758,0.135,0.841,0.862,0.8,0.708;aaaaaa;
0.517;0.321,0.967,0.571,0.696,0.999,0.715,0.545,0.899,0.49,0.1;a;
0.237;0.875,0.248,0.0322,0.306,0.173,0.34,0.824,0.962,0.209,0.456;aa;
0.8;0.235,0.294,0.788,0.276,0.0208,0.508,0.144,0.503,0.786,0.409;aa;
0.799;0.533,0.475,0.841,0.767,0.956,0.664,0.155,0.541,0.994,0.972;a;
0.112;0.255,0.0452,0.662,0.0591,0.758,0.135,0.841,0.862,0.8,0.708;aaaa;
0.517;0.321,0.967,0.571,0.696,0.999,0.715,0.545,0.899,0.49,0.1;aaaaaaa;
0.237;0.875,0.248,0.0322,0.306,0.173,0.34,0.824,0.962,0.209,0.456;aa;
0.8;0.235,0.294,0.788,0.276,0.0208,0.508,0.144,0.503,0.786,0.409;aa;
0.799;0.533,0.475,0.841,0.767,0.956,0.664,0.155,0.541,0.994,0.972;aaaaaaaaa;
0.112;0.255,0.0452,0.662,0.0591,0.758,0.135,0.841,0.862,0.8,0.708;a;
0.517;0.321,0.967,0.571,0.696,0.999,0.715,0.545,0.899,0.49,0.1;aaaaaaaaaa;
0.237;0.875,0.248,0.0322,0.306,0.173,0.34,0.824,0.962,0.209,0.456;aa;
0.8;0.235,0.294,0.788,0.276,0.0208,0.508,0.144,0.503,0.786,0.409;aaaaaaaaaa;
0.799;0.533,0.475,0.841,0.767,0.956,0.664,0.155,0.541,0.994,0.972;aaaaa;
0.112;0.255,0.0452,0.662,0.0591,0.758,0.135,0.841,0.862,0.8,0.708;a;
0.517;0.321,0.967,0.571,0.696,0.999,0.715,0.545,0.899,0.49,0.1;aa;
0.237;0.875,0.248,0.0322,0.306,0.173,0.34,0.824,0.962,0.209,0.456;aaaaaaa;
0.8;0.235,0.294,0.788,0.276,0.0208,0.508,0.144,0.503,0.786,0.409;aaaa;
0.799;0.533,0.475,0.841,0.767,0.956,0.664,0.155,0.541,0.994,0.972;aaaaaa;
0.112;0.255,0.0452,0.662,0.0591,0.758,0.135,0.841,0.862,0.8,0.708;aaaaaaaaa;
0.517;0.321,0.967,0.571,0.696,0.999,0.715,0.545,0.899,0.49,0.1;aaaaa;
0.237;0.875,0.248,0.0322,0.306,0.173,0.34,0.824,0.962,0.209,0.456;aaaaaaaaa;
0.8;0.235,0.294,0.788,0.276,0.0208,0.508,0.144,0.503,0.786,0.409;aaaa;
0.799;0.533,0.475,0.841,0.767,0.956,0.664,0.155,0.541,0.994,0.972;aaa;
0.112;0.255,0.0452,0.662,0.0591,0.758,0.135,0.841,0.862,0.8,0.708;aaa;
0.517;0.321,0.967,0.571,0.696,0.999,0.715,0.545,0.899,0.49,0.1;aaaaaaa;
0.237;0.875,0.248,0.0322,0.306,0.173,0.34,0.824,0.962,0.209,0.456;aaa;
0.8;0.235,0.294,0.788,0.276,0.0208,0.508,0.144,0.503,0.786,0.409;aaaaa;
0.799;0.533,0.475,0.841,0.767,0.956,0.664,0.155,0.541,0.994,0.972;aaaaaaaaa;
0.112;0.255,0.0452,0.662,0.0591,0.758,0.135,0.841,0.862,0.8,0.708;aaaaaa;
0.517;0.321,0.967,0.571,0.696,0.999,0.715,0.545,0.899,0.49,0.1;aaaaaa;
0.237;0.875,0.248,0.0322,0.306,0.173,0.34,0.824,0.962,0.209,0.456;aaaaaaaaaa;
0.8;0.235,0.294,0.788,0.276,0.0208,0.508,0.144,0.503,0.786,0.409;aaaaaaaaaa;
0.799;0.533,0.475,0.841,0.767,0.956,0.664,0.155,0.541,0.994,0.972;a;
0.112;0.255,0.0452,0.662,0.0591,0.758,0.135,0.841,0.862,0.8,0.708;aaaaaaa;
0.517;0.321,0.967,0.571,0.696,0.999,0.715,0.545,0.899,0.49,0.1;aaaaa;
0.237;0.875,0.248,0.0322,0.306,0.173,0.34,0.824,0.962,0.209,0.456;aaaa;
0.8;0.235,0.294,0.788,0.276,0.0208,0.508,0.144,0.503,0.786,0.409;a;
0.799;0.533,0.475,0.841,0.767,0.956,0.664,0.155,0.541,0.994,0.972;aaaaaaaa;
0.112;0.255,0.0452,0.662,0.0591,0.758,0.135,0.841,0.862,0.8,0.708;aaaaa;
0.517;0.321,0.967,0.571,0.696,0.999,0.715,0.545,0.899,0.49,0.1;aaaa;
0.237;0.875,0.248,0.0322,0.306,0.173,0.34,0.824,0.962,0.209,0.456;aaaa;
0.8;0.235,0.294,0.788,0.276,0.0208,0.508,0.144,0.503,0.786,0.409;aa;
0.799;0.533,0.475,0.841,0.767,0.956,0.664,0.155,0.541,0.994,0.972;a;
0.112;0.255,0.0452,0.662,0.0591,0.758,0.135,0.841,0.862,0.8,0.708;aaaa;
0.517;0.321,0.967,0.571,0.696,0.999,0.715,0.545,0.899,0.49,0.1;aaa;
0.237;0.875,0.248,0.0322,0.306,0.173,0.34,0.824,0.962,0.209,0.456;aa;
0.8;0.235,0.294,0.788,0.276,0.0208,0.508,0.144,0.503,0.786,0.409;aaaaaaaaaa;
0.799;0.533,0.475,0.841,0.767,0.956,0.664,0.155,0.541,0.994,0.972;a;
0.112;0.255,0.0452,0.662,0.0591,0.758,0.135,0.841,0.862,0.8,0.708;aaaaaaaa;
0.517;0.321,0.967,0.571,0.696,0.999,0.715,0.545,0.899,0.49,0.1;aaaaaaa;
0.237;0.875,0.248,0.0322,0.306,0.173,0.34,0.824,0.962,0.209,0.456;aaaaaaaa;
0.8;0.235,0.294,0.788,0.276,0.0208,0.508,0.144,0.503,0.786,0.409;aaaaaaaaa;
0.799;0.533,0.475,0.841,0.767,0.956,0.664,0.155,0.541,0.994,0.972;aaaaaaaaaa;
0.112;0.255,0.0452,0.662,0.0591,0.758,0.135,0.841,0.862,0.8,0.708;aa;
0.517;0.321,0.967,0.571,0.696,0.999,0.715,0.545,0.899,0.49,0.1;aaa;
0.237;0.875,0.248,0.0322,0.306,0.173,0.34,0.824,0.962,0.209,0.456;aaaaaaa;
0.8;0.235,0.294,0.788,0.276,0.0208,0.508,0.144,0.503,0.786,0.409;aaaa;
0.799;0.533,0.475,0.841,0.767,0.956,0.664,0.155,0.541,0.994,0.972;a;
0.112;0.255,0.0452,0.662,0.0591,0.758,0.135,0.841,0.862,0.8,0.708;aaaaa;
0.517;0.321,0.967,0.571,0.696,0.999,0.715,0.545,0.899,0.49,0.1;aaaaa;
0.237;0.875,0.248,0.0322,0.306,0.173,0.34,0.824,0.962,0.209,0.456;aaaaaa;
0.8;0.235,0.294,0.788,0.276,0.0208,0.508,0.144,0.503,0.786,0.409;aaaaaaaaa;
0.799;0.533,0.475,0.841,0.767,0.956,0.664,0.155,0.541,0.994,0.972;aaaaaa;
0.112;0.255,0.0452,0.662,0.0591,0.758,0.135,0.841,0.862,0.8,0.708;aaaaaaaa;
0.517;0.321,0.967,0.571,0.696,0.999,0.715,0.545,0.899,0.49,0.1;aaaaaaaa;
0.237;0.875,0.248,0.0322,0.306,0.173,0.34,0.824,0.962,0.209,0.456;aaaaaaaaaa;
0.8;0.235,0.294,0.788,0.276,0.0208,0.508,0.144,0.503,0.786,0.409;aaaaaaaa;
0.799;0.533,0.475,0.841,0.767,0.956,0.664,0.155,0.541,0.994,0.972;aa;
0.112;0.255,0.0452,0.662,0.0591,0.758,0.135,0.841,0.862,0.8,0.708;aaaaaaaaaa;
0.517;0.321,0.967,0.571,0.696,0.999,0.715,0.545,0.899,0.49,0.1;aaaaa;
0.237;0.875,0.248,0.0322,0.306,0.173,0.34,0.824,0.962,0.209,0.456;aa;
0.8;0.235,0.294,0.788,0.276,0.0208,0.508,0.144,0.503,0.786,0.409;aaaaaaa;
0.799;0.533,0.475,0.841,0.767,0.956,0.664,0.155,0.541,0.994,0.972;aaaaaa;
0.112;0.255,0.0452,0.662,0.0591,0.758,0.135,0.841,0.862,0.8,0.708;aaaaaaaa;
0.517;0.321,0.967,0.571,0.696,0.999,0.715,0.545,0.899,0.49,0.1;aaa;
0.237;0.875,0.248,0.0322,0.306,0.173,0.34,0.824,0.962,0.209,0.456;aaaaa;
0.8;0.235,0.294,0.788,0.276,0.0208,0.508,0.144,0.503,0.786,0.409;aaaaaaaa;
0.799;0.533,0.475,0.841,0.767,0.956,0.664,0.155,0.541,0.994,0.972;aaaa;
0.112;0.255,0.0452,0.662,0.0591,0.758,0.135,0.841,0.862,0.8,0.708;aa;
0.517;0.321,0.967,0.571,0.696,0.999,0.715,0.545,0.899,0.49,0.1;a;
0.237;0.875,0.248,0.0322,0.306,0.173,0.34,0.824,0.962,0.209,0.456;aaa;
0.8;0.235,0.294,0.788,0.276,0.0208,0.508,0.144,0.503,0.786,0.409;aa;
0.799;0.533,0.475,0.841,0.767,0.956,0.664,0.155,0.541,0.994,0.972;a;
0.112;0.255,0.0452,0.662,0.0591,0.758,0.135,0.841,0.862,0.8,0.708;aaaaaaa;
0.517;0.321,0.967,0.571,0.696,0.999,0.715,0.545,0.899,0.49,0.1;aaaaaaaaa;
0.237;0.875,0.248,0.0322,0.306,0.173,0.34,0.824,0.962,0.209,0.456;aaaaaaa;
0.8;0.235,0.294,0.788,0.276,0.0208,0.508,0.144,0.503,0.786,0.409;aaaaaaaa;
0.799;0.533,0.475,0.841,0.767,0.956,0.664,0.155,0.541,0.994,0.972;aaaaaaaaaa;
0.112;0.255,0.0452,0.662,0.0591,0.758,0.135,0.841,0.862,0.8,0.708;a;
0.517;0.321,0.967,0.571,0.696,0.999,0.715,0.545,0.899,0.49,0.1;aaaa;
0.237;0.875,0.248,0.0322,0.306,0.173,0.34,0.824,0.962,0.209,0.456;aaaaaaaaa;
0.8;0.235,0.294,0.788,0.276,0.0208,0.508,0.144,0.503,0.786,0.409;aaaaaaaa;
0.799;0.533,0.475,0.841,0.767,0.956,0.664,0.155,0.541,0.994,0.972;aaaaaaaaa;
0.112;0.255,0.0452,0.662,0.0591,0.758,0.135,0.841,0.862,0.8,0.708;a;
0.517;0.321,0.967,0.571,0.696,0.999,0.715,0.545,0.899,0.49,0.1;aaaaaa;
0.237;0.875,0.248,0.0322,0.306,0.173,0.34,0.824,0.962,0.209,0.456;aaaaaaaa;
0.8;0.235,0.294,0.788,0.276,0.0208,0.508,0.144,0.503,0.786,0.409;aa;
0.799;0.533,0.475,0.841,0.767,0.956,0.664,0.155,0.541,0.994,0.972;aaaaaa;
0.112;0.255,0.0452,0.662,0.0591,0.758,0.135,0.841,0.862,0.8,0.708;a;
0.517;0.321,0.967,0.571,0.696,0.999,0.715,0.545,0.899,0.49,0.1;aaaa;
0.237;0.875,0.248,0.0322,0.306,0.173,0.34,0.824,0.962,0.209,0.456;a;
0.8;0.235,0.294,0.788,0.276,0.0208,0.508,0.144,0.503,0.786,0.409;aaaaaa;
0.799;0.533,0.475,0.841,0.767,0.956,0.664,0.155,0.541,0.994,0.972;aaaaaaa;
0.112;0.255,0.0452,0.662,0.0591,0.758,0.135,0.841,0.862,0.8,0.708;aaaa;
0.517;0.321,0.967,0.571,0.696,0.999,0.715,0.545,0.899,0.49,0.1;aaaaaaaaaa;
0.237;0.875,0.248,0.0322,0.306,0.173,0.34,0.824,0.962,0.209,0.456;aaaa;
0.8;0.235,0.294,0.788,0.276,0.0208,0.508,0.144,0.503,0.786,0.409;aaaaaaaaa;
0.799;0.533,0.475,0.841,0.767,0.956,0.664,0.155,0.541,0.994,0.972;aaaaaaaa;
0.112;0.255,0.0452,0.662,0.0591,0.758,0.135,0.841,0.862,0.8,0.708;aaaaaa;
0.517;0.321,0.967,0.571,0.696,0.999,0.715,0.545,0.899,0.49,0.1;aaaaaaaaa;
0.237;0.875,0.248,0.0322,0.306,0.173,0.34,0.824,0.962,0.209,0.456;aa;
0.8;0.235,0.294,0.788,0.276,0.0208,0.508,0.144,0.503,0.786,0.409;aaaaaaaaa;
0.799;0.533,0.475,0.841,0.767,0.956,0.664,0.155,0.541,0.994,0.972;aaaaaaa;
0.112;0.255,0.0452,0.662,0.0591,0.758,0.135,0.841,0.862,0.8,0.708;aaaaa;
0.517;0.321,0.967,0.571,0.696,0.999,0.715,0.545,0.899,0.49,0.1;aaaaaaaaaa;
0.237;0.875,0.248,0.0322,0.306,0.173,0.34,0.824,0.962,0.209,0.456;aaaaaaaaaa;
0.8;0.235,0.294,0.788,0.276,0.0208,0.508,0.144,0.503,0.786,0.409;aaa;
0.799;0.533,0.475,0.841,0.767,0.956,0.664,0.155,0.541,0.994,0.972;aaaaaa;
0.112;0.255,0.0452,0.662,0.0591,0.758,0.135,0.841,0.862,0.8,0.708;aaaa;
0.517;0.321,0.967,0.571,0.696,0.999,0.715,0.545,0.899,0.49,0.1;aaaaaa;
0.237;0.875,0.248,0.0322,0.306,0.173,0.34,0.824,0.962,0.209,0.456;aa;
0.8;0.235,0.294,0.788,0.276,0.0208,0.508,0.144,0.503,0.786,0.409;aaaaaaaaa;
0.799;0.533,0.475,0.841,0.767,0.956,0.664,0.155,0.541,0.994,0.972;aaaa;
0.112;0.255,0.0452,0.662,0.0591,0.758,0.135,0.841,0.862,0.8,0.708;aaaaaaaa;
0.517;0.321,0.967,0.571,0.696,0.999,0.715,0.545,0.899,0.49,0.1;aaaaaaaaa;
0.237;0.875,0.248,0.0322,0.306,0.173,0.34,0.824,0.962,0.209,0.456;aaaaaa;
0.8;0.235,0.294,0.788,0.276,0.0208,0.508,0.144,0.503,0.786,0.409;aaaaaaa;
0.799;0.533,0.475,0.841,0.767,0.956,0.664,0.155,0.541,0.994,0.972;a;
0.112;0.255,0.0452,0.662,0.0591,0.758,0.135,0.841,0.862,0.8,0.708;aaaa;
0.517;0.321,0.967,0.571,0.696,0.999,0.715,0.545,0.899,0.49,0.1;aa;
0.237;0.875,0.248,0.0322,0.306,0.173,0.34,0.824,0.962,0.209,0.456;aaa;
0.8;0.235,0.294,0.788,0.276,0.0208,0.508,0.144,0.503,0.786,0.409;aa;
0.799;0.533,0.475,0.841,0.767,0.956,0.664,0.155,0.541,0.994,0.972;a;
0.112;0.255,0.0452,0.662,0.0591,0.758,0.135,0.841,0.862,0.8,0.708;aa;
0.517;0.321,0.967,0.571,0.696,0.999,0.715,0.545,0.899,0.49,0.1;aaaaaa;
0.237;0.875,0.248,0.0322,0.306,0.173,0.34,0.824,0.962,0.209,0.456;aaaaa;
0.8;0.235,0.294,0.788,0.276,0.0208,0.508,0.144,0.503,0.786,0.409;aaaaaaaaa;
0.799;0.533,0.475,0.841,0.767,0.956,0.664,0.155,0.541,0.994,0.972;aaaaaa;
0.112;0.255,0.0452,0.662,0.0591,0.758,0.135,0.841,0.862,0.8,0.708;aaaa;
0.517;0.321,0.967,0.571,0.696,0.999,0.715,0.545,0.899,0.49,0.1;aaa;
0.237;0.875,0.248,0.0322,0.306,0.173,0.34,0.824,0.962,0.209,0.456;aaaaaaaa;
0.8;0.235,0.294,0.788,0.276,0.0208,0.508,0.144,0.503,0.786,0.409;aaaaaaaa;
0.799;0.533,0.475,0.841,0.767,0.956,0.664,0.155,0.541,0.994,0.972;a;
0.112;0.255,0.0452,0.662,0.0591,0.758,0.135,0.841,0.862,0.8,0.708;a;
0.517;0.321,0.967,0.571,0.696,0.999,0.715,0.545,0.899,0.49,0.1;aaaa;
0.237;0.875,0.248,0.0322,0.306,0.173,0.34,0.824,0.962,0.209,0.456;aaaaaaaa;
0.8;0.235,0.294,0.788,0.276,0.0208,0.508,0.144,0.503,0.786,0.409;aaaaaaaaa;
0.799;0.533,0.475,0.841,0.767,0.956,0.664,0.155,0.541,0.994,0.972;aaa;
0.112;0.255,0.0452,0.662,0.0591,0.758,0.135,0.841,0.862,0.8,0.708;aaaaaaaaa;
0.517;0.321,0.967,0.571,0.696,0.999,0.715,0.545,0.899,0.49,0.1;aaa;
0.237;0.875,0.248,0.0322,0.306,0.173,0.34,0.824,0.962,0.209,0.456;aaaaaaaaa;
0.8;0.235,0.294,0.788,0.276,0.0208,0.508,0.144,0.503,0.786,0.409;aa;
0.799;0.533,0.475,0.841,0.767,0.956,0.664,0.155,0.541,0.994,0.972;aaa;
0.112;0.255,0.0452,0.662,0.0591,0.758,0.135,0.841,0.862,0.8,0.708;aaaaaaaaaa;
0.517;0.321,0.967,0.571,0.696,0.999,0.715,0.545,0.899,0.49,0.1;aaa;
0.237;0.875,0.248,0.0322,0.306,0.173,0.34,0.824,0.962,0.209,0.456;aaaaaa;
0.8;0.235,0.294,0.788,0.276,0.0208,0.508,0.144,0.503,0.786,0.409;aaaa;
0.799;0.533,0.475,0.841,0.767,0.956,0.664,0.155,0.541,0.994,0.972;a;
0.112;0.255,0.0452,0.662,0.0591,0.758,0.135,0.841,0.862,0.8,0.708;aaaaaaaa;
0.517;0.321,0.967,0.571,0.696,0.999,0.715,0.545,0.899,0.49,0.1;aaaaaaaaa;
0.237;0.875,0.248,0.0322,0.306,0.173,0.34,0.824,0.962,0.209,0.456;aaaaaa;
0.8;0.235,0.294,0.788,0.276,0.0208,0.508,0.144,0.503,0.786,0.409;aaaaa;
0.799;0.533,0.475,0.841,0.767,0.956,0.664,0.155,0.541,0.994,0.972;a;
0.112;0.255,0.0452,0.662,0.0591,0.758,0.135,0.841,0.862,0.8,0.708;aaaa;
0.517;0.321,0.967,0.571,0.696,0.999,0.715,0.545,0.899,0.49,0.1;aaaaaaaaa;
0.237;0.875,0.248,0.0322,0.306,0.173,0.34,0.824,0.962,0.209,0.456;a;
0.8;0.235,0.294,0.788,0.276,0.0208,0.508,0.144,0.503,0.786,0.409;aa;
0.799;0.533,0.475,0.841,0.767,0.956,0.664,0.155,0.541,0.994,0.972;aaaaaaa;
0.112;0.255,0.0452,0.662,0.0591,0.758,0.135,0.841,0.862,0.8,0.708;aaaaa;
0.517;0.321,0.967,0.571,0.696,0.999,0.715,0.545,0.899,0.49,0.1;aaa;
0.237;0.875,0.248,0.0322,0.306,0.173,0.34,0.824,0.962,0.209,0.456;aa;
0.8;0.235,0.294,0.788,0.276,0.0208,0.508,0.144,0.503,0.786,0.409;aaaaaa;
0.799;0.533,0.475,0.841,0.767,0.956,0.664,0.155,0.541,0.994,0.972;aaaaa;
0.112;0.255,0.0452,0.662,0.0591,0.758,0.135,0.841,0.862,0.8,0.708;aaaaa;
0.517;0.321,0.967,0.571,0.696,0.999,0.715,0.545,0.899,0.49,0.1;aaa;
0.237;0.875,0.248,0.0322,0.306,0.173,0.34,0.824,0.962,0.209,0.456;aaaa;
0.8;0.235,0.294,0.788,0.276,0.0208,0.508,0.144,0.503,0.786,0.409;aaaaaaa;
0.799;0.533,0.475,0.841,0.767,0.956,0.664,0.155,0.541,0.994,0.972;aaaaaaaaaa;
0.112;0.255,0.0452,0.662,0.0591,0.758,0.135,0.841,0.862,0.8,0.708;aaaaa;
0.517;0.321,0.967,0.571,0.696,0.999,0.715,0.545,0.899,0.49,0.1;aaaaaa;
0.237;0.875,0.248,0.0322,0.306,0.173,0.34,0.824,0.962,0.209,0.456;aaaaaaaaaa;
0.8;0.235,0.294,0.788,0.276,0.0208,0.508,0.144,0.503,0.786,0.409;aaa;
0.799;0.533,0.475,0.841,0.767,0.956,0.664,0.155,0.541,0.994,0.972;a;
0.112;0.255,0.0452,0.662,0.0591,0.758,0.135,0.841,0.862,0.8,0.708;aaaaaa;
0.517;0.321,0.967,0.571,0.696,0.999,0.715,0.545,0.899,0.49,0.1;a;
0.237;0.875,0.248,0.0322,0.306,0.173,0.34,0.824,0.962,0.209,0.456;aaaaaaa;
0.8;0.235,0.294,0.788,0.276,0.0208,0.508,0.144,0.503,0.786,0.409;aaaaaaaaaa;
0.799;0.533,0.475,0.841,0.767,0.956,0.664,0.155,0.541,0.994,0.972;aaaaaaaaa;
0.112;0.255,0.0452,0.662,0.0591,0.758,0.135,0.841,0.862,0.8,0.708;aaaaaa;
0.517;0.321,0.967,0.571,0.696,0.999,0.715,0.545,0.899,0.49,0.1;aaaaaaaaaa;
0.237;0.875,0.248,0.0322,0.306,0.173,0.34,0.824,0.962,0.209,0.456;aaaaaaaaa;
0.8;0.235,0.294,0.788,0.276,0.0208,0.508,0.144,0.503,0.786,0.409;aa;
0.799;0.533,0.475,0.841,0.767,0.956,0.664,0.155,0.541,0.994,0.972;aaaaaaaaaa;
0.112;0.255,0.0452,0.662,0.0591,0.758,0.135,0.841,0.862,0.8,0.708;aaaaaaa;
0.517;0.321,0.967,0.571,0.696,0.999,0.715,0.545,0.899,0.49,0.1;aaaaa;
0.237;0.875,0.248,0.0322,0.306,0.173,0.34,0.824,0.962,0.209,0.456;aaaaaaa;
0.8;0.235,0.294,0.788,0.276,0.0208,0.508,0.144,0.503,0.786,0.409;aaaaaa;
0.799;0.533,0.475,0.841,0.767,0.956,0.664,0.155,0.541,0.994,0.972;aaaaaaa;
0.112;0.255,0.0452,0.662,0.0591,0.758,0.135,0.841,0.862,0.8,0.708;aaaaaaaaaa;
0.517;0.321,0.967,0.571,0.696,0.999,0.715,0.545,0.899,0.49,0.1;aaaa;
0.237;0.875,0.248,0.0322,0.306,0.173,0.34,0.824,0.962,0.209,0.456;a;
0.8;0.235,0.294,0.788,0.276,0.0208,0.508,0.144,0.503,0.786,0.409;a;
0.799;0.533,0.475,0.841,0.767,0.956,0.664,0.155,0.541,0.994,0.972;aaaaaa;
0.112;0.255,0.0452,0.662,0.0591,0.758,0.135,0.841,0.862,0.8,0.708;aa;
0.517;0.321,0.967,0.571,0.696,0.999,0.715,0.545,0.899,0.49,0.1;aaaaaaaa;
0.237;0.875,0.248,0.0322,0.306,0.173,0.34,0.824,0.962,0.209,0.456;aaaaa;
0.8;0.235,0.294,0.788,0.276,0.0208,0.508,0.144,0.503,0.786,0.409;a;
0.799;0.533,0.475,0.841,0.767,0.956,0.664,0.155,0.541,0.994,0.972;aa;
0.112;0.255,0.0452,0.662,0.0591,0.758,0.135,0.841,0.862,0.8,0.708;aa;
0.517;0.321,0.967,0.571,0.696,0.999,0.715,0.545,0.899,0.49,0.1;aaa;
0.237;0.875,0.248,0.0322,0.306,0.173,0.34,0.824,0.962,0.209,0.456;aaaaaaaaa;
0.8;0.235,0.294,0.788,0.276,0.0208,0.508,0.144,0.503,0.786,0.409;aaaaaa;
0.799;0.533,0.475,0.841,0.767,0.956,0.664,0.155,0.541,0.994,0.972;aaaaaaaaaa;
0.112;0.255,0.0452,0.662,0.0591,0.758,0.135,0.841,0.862,0.8,0.708;aaa;
0.517;0.321,0.967,0.571,0.696,0.999,0.715,0.545,0.899,0.49,0.1;aaaa;
0.237;0.875,0.248,0.0322,0.306,0.173,0.34,0.824,0.962,0.209,0.456;aaaaaaa;
0.8;0.235,0.294,0.788,0.276,0.0208,0.508,0.144,0.503,0.786,0.409;aaaaa;
0.799;0.533,0.475,0.841,0.767,0.956,0.664,0.155,0.541,0.994,0.972;aaaaaaaaa;
0.112;0.255,0.0452,0.662,0.0591,0.758,0.135,0.841,0.862,0.8,0.708;aa;
0.517;0.321,0.967,0.571,0.696,0.999,0.715,0.545,0.899,0.49,0.1;aaaaaa;
0.237;0.875,0.248,0.0322,0.306,0.173,0.34,0.824,0.962,0.209,0.456;aaaa;
0.8;0.235,0.294,0.788,0.276,0.0208,0.508,0.144,0.503,0.786,0.409;aaaaa;
0.799;0.533,0.475,0.841,0.767,0.956,0.664,0.155,0.541,0.994,0.972;aa;
0.112;0.255,0.0452,0.662,0.0591,0.758,0.135,0.841,0.862,0.8,0.708;a;
0.517;0.321,0.967,0.571,0.696,0.999,0.715,0.545,0.899,0.49,0.1;aaaaaaaaaa;
0.237;0.875,0.248,0.0322,0.306,0.173,0.34,0.824,0.962,0.209,0.456;aaaaaaaa;
0.8;0.235,0.294,0.788,0.276,0.0208,0.508,0.144,0.503,0.786,0.409;aaaaaaaaaa;
0.799;0.533,0.475,0.841,0.767,0.956,0.664,0.155,0.541,0.994,0.972;aa;
0.112;0.255,0.0452,0.662,0.0591,0.758,0.135,0.841,0.862,0.8,0.708;aa;
0.517;0.321,0.967,0.571,0.696,0.999,0.715,0.545,0.899,0.49,0.1;a;
0.237;0.875,0.248,0.0322,0.306,0.173,0.34,0.824,0.962,0.209,0.456;aaaaaaaaaa;
