ATT0(float,1);ATT1(float,10);ATT2(string,10);
0.357;0.0423,0.0474,0.691,0.315,0.0512,0.00186,0.894,0.764,0.159,0.537;aaaaaaa;
0.0919;0.286,0.0822,0.733,0.326,0.974,0.271,0.675,0.565,0.78,0.881;aaaa;
0.361;0.123,0.584,0.321,0.873,0.47,0.309,0.58,0.277,0.375,0.914;aaaaaaaaa;
0.925;0.923,0.76,0.167,0.385,0.261,0.597,0.369,0.828,0.686,0.329;aaaaaaa;
0.89;0.424,0.249,0.513,0.561,0.426,0.38,0.254,0.491,0.741,0.921;aaaaaaaaaa;
0.736;0.142,0.987,0.529,0.268,0.0922,0.615,0.893,0.0537,0.595,0.812;aaaaaaaaa;
0.338;0.506,0.724,0.435,0.383,0.25,0.735,0.499,0.639,0.412,0.776;aaaaaa;
0.855;0.804,0.468,0.626,0.409,0.876,0.969,0.363,0.059,0.962,0.866;aaaaaaaaaa;
0.621;0.573,0.246,0.336,0.32,0.91,0.262,0.557,0.45,0.0792,0.62;aaaaa;
0.443;0.99,0.72,0.263,0.745,0.952,0.763,0.0981,0.566,0.921,0.232;aa;
0.225;0.547,0.563,0.256,0.0588,0.924,0.101,0.547,0.61,0.599,0.419;aaaaaa;
0.356;0.545,0.588,0.844,0.135,0.0905,0.965,0.971,0.658,0.611,0.00658;aaaaaaaa;
0.969;0.11,0.148,0.02,0.138,0.379,0.35,0.568,0.879,0.125,0.96;aaaaaaaa;
0.182;0.596,0.45,0.665,0.336,0.373,0.323,0.387,0.561,0.861,0.996;a;
0.9;0.922,0.44,0.36,0.481,0.573,0.851,0.666,0.569,0.382,0.522;aaaaa;
0.546;0.207,0.735,0.649,0.678,0.593,0.653,0.222,0.574,0.522,0.438;aaaa;
0.666;0.428,0.326,0.912,0.8,0.902,0.22,0.117,0.158,0.128,0.956;aaaaaaaaa;
0.733;0.512,0.117,0.629,0.365,0.874,0.0717,0.823,0.785,0.501,0.533;aaaaaa;
0.322;0.679,0.0299,0.186,0.555,0.292,0.649,0.656,0.0369,0.434,0.0592;aaaaaa;
0.604;0.325,0.313,0.372,0.375,0.548,0.249,0.851,0.429,0.877,0.936;aaaaaaaaa;
0.271;0.986,0.758,0.866,0.895,0.415,0.529,0.709,0.0254,0.0113,0.24;aaaaaa;
0.915;0.0529,0.23,0.356,0.387,0.118,0.203,0.22,0.886,0.217,0.232;aaaaaa;
0.917;0.868,0.215,0.294,0.703,0.255,0.0873,0.553,0.484,0.599,0.466;a;
0.557;0.502,0.687,0.481,0.238,0.555,0.788,0.244,0.104,0.613,0.116;aaaaaa;
0.914;0.952,0.309,0.741,0.197,0.224,0.526,0.0311,0.407,0.0627,0.755;aaa;
0.823;0.787,0.779,0.767,0.993,0.815,0.987,0.46,0.345,0.787,0.284;aaaaaaaaaa;
0.434;0.553,0.0396,0.0499,0.0412,0.428,0.133,0.669,0.335,0.408,0.427;aaaaa;
0.503;0.313,0.757,0.642,0.29,0.783,0.795,0.772,0.47,0.712,0.766;aaaaaaaaaa;
0.726;0.733,0.479,0.978,0.391,0.0109,0.928,0.203,0.932,0.873,0.265;aaaaaaaa;
0.777;0.477,0.947,0.0818,0.927,0.88,0.485,0.103,0.699,0.0754,0.499;aaaaaaaaaa;
0.809;0.206,0.134,0.391,0.28,0.353,0.983,0.856,0.685,0.0273,0.209;aaaaaa;
0.704;0.697,0.102,0.095,0.717,0.151,0.163,0.778,0.76,0.649,0.54;a;
0.967;0.933,0.55,0.621,0.788,0.289,0.866,0.583,0.719,0.568,0.951;aaaaaaaaa;
0.904;0.922,0.18,0.176,0.0943,0.105,0.0136,0.641,0.575,0.978,0.506;aaaa;
0.0083;0.158,0.819,0.361,0.599,0.94,0.634,0.858,0.491,0.671,0.248;aaaaaaaaa;
0.48;0.419,0.685,0.231,0.172,0.0341,0.733,0.574,0.0588,0.475,0.0183;aaaaaaaaa;
0.664;0.794,0.617,0.304,0.741,0.432,0.349,0.611,0.913,0.682,0.406;aaaaaa;
0.314;0.651,0.125,0.246,0.43,0.497,0.16,0.205,0.475,0.149,0.676;aaaa;
0.498;0.798,0.00756,0.0882,0.113,0.992,0.572,0.44,0.53,0.904,0.0478;aaaaaa;
0.0471;0.221,0.934,0.0493,0.562,0.0306,0.563,0.469,0.321,0.706,0.202;aaaaaaaa;
0.974;0.548,0.6,0.98,0.267,0.686,0.888,0.637,0.617,0.0612,0.698;aaa;
0.912;0.889,0.325,0.0426,0.648,0.106,0.319,0.933,0.447,0.0405,0.128;aaaaaaa;
0.604;0.387,0.95,0.55,0.143,0.243,0.343,0.612,0.947,0.684,0.438;aaaaaa;
0.16;0.473,0.754,0.621,0.0288,0.896,0.627,0.0954,0.442,0.117,0.155;aaaaa;
0.5;0.533,0.0528,0.687,0.293,0.895,0.106,0.866,0.212,0.446,0.443;aaaaa;
0.279;0.124,0.486,0.296,0.379,0.921,0.521,0.365,0.469,0.916,0.514;aa;
0.23;0.299,0.0106,0.0827,0.566,0.791,0.368,0.0831,0.181,0.258,0.475;aaa;
0.298;0.769,0.0347,0.875,0.862,0.0409,0.9,0.442,0.951,0.908,0.383;aaaaaaa;
0.0535;0.953,0.25,0.0552,0.245,0.557,0.997,0.519,0.0535,0.0839,0.153;aaaaaaaaa;
0.408;0.443,0.943,0.625,0.277,0.883,0.212,0.216,0.8,0.426,0.949;aaaaaaaa;
0.438;0.855,0.14,0.771,0.983,0.143,0.293,0.368,0.832,0.878,0.58;aaaaaaa;
0.864;0.203,0.909,0.771,0.919,0.599,0.454,0.621,0.55,0.851,0.53;aaaaaaaa;
0.707;0.47,0.804,0.24,0.961,0.392,0.303,0.168,0.829,0.444,0.000453;aaaaa;
0.881;0.117,0.976,0.545,0.974,0.418,0.602,0.926,0.561,0.41,0.126;aaaaa;
0.445;0.636,0.556,0.791,0.465,0.711,0.591,0.571,0.54,0.368,0.943;aaaaaa;
0.721;0.267,0.658,0.334,0.672,0.124,0.591,0.486,0.268,0.558,0.395;aaaaaaa;
0.263;0.0539,0.686,0.374,0.394,0.0487,0.751,0.132,0.216,0.437,0.98;aaa;
0.365;0.267,0.926,0.537,0.307,0.487,0.0253,0.595,0.638,0.142,0.714;aaa;
0.775;0.114,0.174,0.144,0.737,0.294,0.59,0.304,0.669,0.831,0.238;aaaaaaa;
0.964;0.447,0.584,0.774,0.482,0.0119,0.984,0.458,0.205,0.327,0.699;aaaaaaaaaa;
0.0771;0.627,0.121,0.703,0.0285,0.324,0.35,0.0823,0.0262,0.517,0.52;aa;
0.484;0.804,0.578,0.339,0.802,0.0158,0.36,0.67,0.662,0.943,0.0309;a;
0.199;0.485,0.0337,0.0841,0.975,0.497,0.453,0.329,0.0265,0.222,0.316;aa;
0.123;0.541,0.789,0.395,0.782,0.217,0.507,0.626,0.4,0.347,0.831;aaaa;
0.018;0.262,0.109,0.352,0.653,0.701,0.642,0.264,0.921,0.554,0.804;aaaaaaaaa;
0.429;0.308,0.443,0.138,0.156,0.345,0.776,0.519,0.628,0.037,0.608;aaaaaaaaaa;
0.452;0.888,0.12,0.227,0.4,0.276,0.173,0.658,0.59,0.608,0.248;aa;
0.468;0.184,0.0604,0.528,0.171,0.973,0.516,0.813,0.557,0.00811,0.497;a;
0.0354;0.309,0.771,0.984,0.0409,0.0429,0.368,0.765,0.562,0.473,0.803;aaaaaaa;
0.832;0.502,0.138,0.715,0.354,0.87,0.0221,0.732,0.705,0.163,0.514;a;
0.821;0.945,0.854,0.508,0.148,0.972,0.213,0.0522,0.383,0.973,0.621;aaaaaa;
0.951;0.00621,0.294,0.846,0.1,0.0492,0.656,0.589,0.128,0.689,0.461;aaaaaaaaa;
0.759;0.179,0.951,0.122,0.586,0.259,0.879,0.432,0.0372,0.311,0.943;a;
0.839;0.457,0.357,0.435,0.357,0.557,0.53,0.941,0.936,0.411,0.875;aaaaaaaaaa;
0.0629;0.105,0.756,0.214,0.39,0.237,0.831,0.81,0.000569,0.418,0.719;aaaaa;
0.772;0.386,0.337,0.96,0.377,0.0227,0.618,0.866,0.16,0.609,0.97;aaaaaaaa;
0.22;0.871,0.108,0.281,0.397,0.035,0.964,0.253,0.663,0.727,0.929;aaaaaaaaaa;
0.724;0.963,0.686,0.87,0.945,0.125,0.315,0.434,0.312,0.41,0.365;a;
0.494;0.839,0.605,0.821,0.832,0.803,0.798,0.419,0.0473,0.22,0.472;aaaa;
0.314;0.315,0.4,0.083,0.39,0.669,0.0979,0.343,0.747,0.963,0.723;aaaaaaaa;
0.417;0.719,0.848,0.0746,0.853,0.397,0.158,0.497,0.527,0.812,0.882;aaaaa;
0.481;0.629,0.194,0.237,0.17,0.783,0.0166,0.876,0.459,0.0999,0.559;a;
0.769;0.816,0.776,0.863,0.883,0.95,0.725,0.67,0.48,0.946,0.891;aaaaaaaaaa;
0.31;0.64,0.192,0.349,0.0602,0.948,0.845,0.805,0.891,0.364,0.528;aaaaaaaa;
0.781;0.508,0.837,0.424,0.74,0.25,0.75,0.389,0.239,0.499,0.704;aaaaaaaaa;
0.778;0.855,0.589,0.477,0.488,0.834,0.0794,0.997,0.254,0.225,0.666;a;
0.473;0.461,0.602,0.114,0.875,0.988,0.59,0.763,0.848,0.961,0.127;aaa;
0.459;0.262,0.125,0.877,0.429,0.0901,0.483,0.771,0.894,0.0468,0.885;aaaaaa;
0.261;0.131,0.73,0.124,0.86,0.0344,0.199,0.645,0.303,0.548,0.435;a;
0.759;0.174,0.0677,0.307,0.0837,0.386,0.58,0.32,0.802,0.881,0.28;a;
0.0492;0.602,0.809,0.326,0.0724,0.419,0.223,0.501,0.0433,0.882,0.699;aaaaaaaaa;
0.0667;0.86,0.28,0.36,0.218,0.0168,0.646,0.35,0.963,0.0709,0.0624;aaaaaaaaaa;
0.395;0.572,0.0349,0.909,0.52,0.561,0.562,0.107,0.055,0.247,0.538;aaa;
0.43;0.576,0.21,0.884,0.867,0.563,0.221,0.0284,0.793,0.759,0.714;aaaaaaa;
0.706;0.546,0.563,0.289,0.416,0.553,0.652,0.689,0.826,0.777,0.0936;aaaaaaaaaa;
0.345;0.677,0.157,0.145,0.703,0.0688,0.243,0.89,0.0246,0.361,0.963;aaa;
0.643;0.0211,0.357,0.647,0.52,0.0787,0.641,0.883,0.638,0.556,0.708;aaaaaaaaa;
0.689;0.422,0.237,0.00404,0.748,0.414,0.467,0.132,0.0815,0.82,0.314;aaaaaaaaa;
0.84;0.216,0.917,0.61,0.449,0.567,0.0861,0.64,0.175,0.303,0.107;aaa;
0.209;0.895,0.732,0.407,0.213,0.342,0.331,0.956,0.778,0.272,0.156;aaaaaa;
0.363;0.36,0.822,0.988,0.0362,0.946,0.161,0.167,0.433,0.309,0.0566;aa;
0.345;0.115,0.838,0.899,0.923,0.527,0.78,0.0204,0.317,0.368,0.104;a;
0.315;0.544,0.277,0.637,0.376,0.852,0.076,0.277,0.631,0.838,0.927;aaa;
0.386;0.957,0.925,0.0344,0.0767,0.461,0.138,0.777,0.273,0.527,0.97;aaaa;
0.271;0.559,0.607,0.668,0.33,0.462,0.66,0.418,0.365,0.418,0.469;aa;
0.516;0.201,0.652,0.5,0.448,0.0152,0.084,0.24,0.696,0.0408,0.895;a;
0.897;0.337,0.633,0.323,0.96,0.15,0.144,0.246,0.79,0.895,0.0866;aaaaaaaaa;
0.733;0.539,0.831,0.205,0.727,0.769,0.379,0.0326,0.416,0.707,0.942;aaa;
0.154;0.896,0.463,0.703,0.229,0.117,0.742,0.0438,0.0879,0.312,0.49;aaaaaaa;
0.529;0.648,0.384,0.209,0.882,0.887,0.0418,0.901,0.953,0.437,0.585;aaaaaaaaa;
0.63;0.732,0.788,0.569,0.412,0.877,0.749,0.385,0.0354,0.163,0.157;aaaaa;
0.585;0.82,0.21,0.276,0.612,0.877,0.952,0.625,0.16,0.524,0.203;aaaaaaaaaa;
0.0143;0.775,0.234,0.204,0.727,0.462,0.915,0.617,0.435,0.909,0.452;aaaaaaaaaa;
0.0758;0.564,0.936,0.254,0.975,0.843,0.72,0.417,0.915,0.767,0.37;aaaaaaaaa;
0.0936;0.553,0.698,0.456,0.195,0.125,0.616,0.418,0.226,0.851,0.542;aaaaaa;
0.212;0.233,0.613,0.186,0.379,0.139,0.601,0.294,0.841,0.337,0.327;aaaaaaaaa;
0.387;0.146,0.695,0.665,0.87,0.0165,0.831,0.867,0.827,0.887,0.586;aa;
0.974;0.0532,0.591,0.202,0.95,0.739,0.0674,0.474,0.15,0.0879,0.926;a;
0.755;0.594,0.0249,0.0848,0.114,0.25,0.336,0.818,0.29,0.599,0.401;aaaa;
0.587;0.647,0.837,0.366,0.564,0.58,0.564,0.0704,0.42,0.467,0.854;aaaaa;
0.0709;0.456,0.951,0.379,0.0015,0.804,0.944,0.422,0.646,0.667,0.988;aaaaaaaa;
0.0233;0.51,0.764,0.414,0.911,0.591,0.011,0.424,0.594,0.781,0.887;aaaaaaaa;
0.895;0.568,0.884,0.579,0.359,0.485,0.0142,0.399,0.894,0.44,0.76;aa;
0.345;0.147,0.158,0.163,0.548,0.853,0.134,0.239,0.216,0.216,0.0296;aaaaaa;
0.212;0.386,0.309,0.0142,0.657,0.783,0.382,0.364,0.614,0.961,0.877;aaaaaaaaa;
0.759;0.61,0.543,0.494,0.0498,0.369,0.361,0.117,0.62,0.452,0.783;aaaaaaaaa;
0.688;0.0305,0.207,0.649,0.811,0.835,0.564,0.704,0.28,0.415,0.136;aaaaaaaa;
0.00697;0.476,0.928,0.425,0.649,0.997,0.401,0.126,0.724,0.264,0.846;aaaaaaaaaa;
0.951;0.169,0.412,0.497,0.613,0.104,0.976,0.911,0.271,0.639,0.987;a;
0.391;0.569,0.324,0.364,0.445,0.666,0.475,0.44,0.593,0.358,0.611;aaaaaaa;
0.044;0.75,0.369,0.132,0.512,0.54,0.795,0.476,0.973,0.535,0.589;aaaaaaa;
0.174;0.269,0.93,0.723,0.283,0.189,0.362,0.07,0.185,0.0385,0.995;aaaaaaaaa;
0.0173;0.409,0.274,0.676,0.768,0.129,0.821,0.318,0.324,0.472,0.792;aaaa;
0.747;0.589,0.451,0.262,0.479,0.645,0.144,0.238,0.444,0.286,0.653;aaaaa;
0.227;0.48,0.444,0.509,0.212,0.896,0.431,0.612,0.554,0.937,0.823;aaaaa;
0.125;0.195,0.205,0.429,0.575,0.591,0.744,0.988,0.579,0.516,0.44;aaaaaaa;
0.253;0.134,0.926,0.71,0.838,0.153,0.486,0.85,0.308,0.0612,0.583;a;
0.302;0.713,0.806,0.932,0.468,0.997,0.799,0.907,0.61,0.448,0.667;aaaaaaaa;
0.718;0.105,0.868,0.182,0.218,0.0725,0.769,0.0805,0.594,0.85,0.892;aaaaaaaa;
0.238;0.327,0.321,0.252,0.575,0.136,0.872,0.628,0.471,0.412,0.262;aaaaaaaaaa;
0.262;0.0542,0.0448,0.514,0.317,0.444,0.667,0.383,0.432,0.589,0.574;aa;
0.876;0.745,0.0606,0.276,0.969,0.862,0.632,0.903,0.56,0.562,0.65;aaaaa;
0.312;0.171,0.463,0.431,0.86,0.824,0.381,0.215,0.623,0.0634,0.592;aaaaaaaa;
0.513;0.0797,0.129,0.876,0.256,0.445,0.0551,0.659,0.464,0.926,0.559;aaaaaaaa;
0.415;0.972,0.0918,0.638,0.867,0.171,0.218,0.0791,0.103,0.968,0.672;aaaa;
0.375;0.238,0.221,0.244,0.884,0.352,0.127,0.198,0.95,0.0796,0.386;aaaaaaa;
0.126;0.334,0.544,0.202,0.754,0.677,0.293,0.304,0.874,0.325,0.171;aaaaaaa;
0.909;0.0176,0.182,0.183,0.289,0.0782,0.764,0.485,0.172,0.716,0.73;aaaaaaa;
0.914;0.0059,0.467,0.647,0.574,0.543,0.0474,0.0805,0.582,0.75,0.511;aaaaa;
0.886;0.386,0.0537,0.416,0.174,0.201,0.705,0.303,0.725,0.479,0.455;aaaaaaa;
0.335;0.898,0.643,0.504,0.364,0.909,0.852,0.499,0.344,0.747,0.682;aaaa;
0.908;0.639,0.957,0.877,0.875,0.779,0.235,0.56,0.435,0.0665,0.928;aaaaaa;
0.174;0.78,0.802,0.933,0.00793,0.468,0.779,0.0934,0.654,0.272,0.647;aaaaaaaaa;
0.0851;0.261,0.655,0.704,0.281,0.117,0.506,0.354,0.541,0.646,0.00533;aaaaa;
0.243;0.99,0.813,0.148,0.268,0.253,0.14,0.985,0.431,0.374,0.76;aaaaaaaa;
0.672;0.575,0.673,0.987,0.623,0.163,0.955,0.579,0.753,0.363,0.128;aaa;
0.443;0.603,0.294,0.683,0.453,0.214,0.358,0.321,0.413,0.517,0.465;aaaaaa;
0.345;0.305,0.795,0.0359,0.266,0.727,0.359,0.406,0.186,0.233,0.14;aaaaaa;
0.247;0.929,0.391,0.188,0.0246,0.165,0.73,0.889,0.00764,0.813,0.637;aaaaaa;
0.428;0.949,0.999,0.676,0.479,0.955,0.247,0.079,0.511,0.542,0.0961;aaaaa;
0.781;0.452,0.622,0.299,0.201,0.434,0.861,0.189,0.618,0.586,0.999;aaaaaa;
0.373;0.431,0.205,0.203,0.179,0.298,0.0378,0.94,0.952,0.291,0.612;aaaaaaaa;
0.894;0.185,0.12,0.549,0.723,0.0704,0.955,0.734,0.45,0.702,0.576;aaaaa;
0.725;0.948,0.335,0.682,0.917,0.788,0.644,0.0999,0.234,0.725,0.0494;aaaaa;
0.431;0.864,0.00626,0.115,0.966,0.236,0.385,0.913,0.157,0.999,0.441;aaaaa;
0.325;0.24,0.0291,0.0782,0.477,0.0235,0.889,0.635,0.812,0.981,0.64;aaaaaaaa;
0.558;0.306,0.695,0.542,0.277,0.339,0.999,0.927,0.739,0.138,0.648;aaaaaaaaaa;
0.389;0.308,0.607,0.707,0.812,0.176,0.0938,0.88,0.614,0.58,0.012;aaaaaaaaaa;
0.194;0.688,0.311,0.755,0.333,0.604,0.588,0.729,0.079,0.412,0.149;a;
0.00384;0.0478,0.879,0.058,0.571,0.00261,0.983,0.662,0.319,0.91,0.477;aaaaa;
0.628;0.951,0.0388,0.372,0.759,0.6,0.7,0.808,0.214,0.567,0.264;aaaaa;
0.523;0.928,0.779,0.482,0.585,0.953,0.725,0.67,0.95,0.0537,0.96;aaaaaaa;
0.00845;0.565,0.783,0.395,0.0917,0.678,0.324,0.084,0.86,0.982,0.0195;aaaaaaaaaa;
0.736;0.342,0.855,0.467,0.873,0.725,0.744,0.202,0.265,0.00186,0.359;aaa;
0.524;0.701,0.816,0.322,0.086,0.511,0.169,0.979,0.682,0.851,0.64;aaaaaaa;
0.0802;0.29,0.483,0.792,0.177,0.3,0.605,0.742,0.197,0.215,0.504;aa;
0.228;0.174,0.842,0.258,0.0666,0.923,0.263,0.576,0.337,0.541,0.189;aaaaaaaaa;
0.684;0.747,0.354,0.702,0.152,0.792,0.266,0.862,0.528,0.0452,0.058;aaaa;
0.831;0.91,0.565,0.724,0.896,0.396,0.432,0.886,0.696,0.927,0.0742;aaaaaaaa;
0.64;0.198,0.307,0.688,0.882,0.307,0.411,0.107,0.0609,0.686,0.0339;aa;
0.239;0.801,0.547,0.251,0.294,0.484,0.699,0.356,0.605,0.667,0.0897;aaa;
0.388;0.255,0.944,0.634,0.0705,0.517,0.285,0.272,0.45,0.0333,0.549;aaaa;
0.203;0.989,0.551,0.383,0.798,0.698,0.183,0.82,1,0.107,0.538;aaaaaaa;
0.997;0.813,0.52,0.527,0.151,0.777,0.445,0.346,0.58,0.127,0.819;a;
0.641;0.755,0.903,0.185,0.583,0.447,0.387,0.204,0.818,0.657,0.206;aaa;
0.815;0.2,0.346,0.986,0.0601,0.405,0.489,0.764,0.652,0.43,0.326;aaaa;
0.114;0.91,0.925,0.34,0.938,0.919,0.779,0.195,0.948,0.47,0.0703;aaaaaaaaaa;
0.714;0.0834,0.651,0.493,0.823,0.918,0.378,0.107,0.31,0.664,0.847;aa;
0.236;0.653,0.379,0.873,0.571,0.132,0.499,0.179,0.882,0.352,0.858;aaaaaaaaa;
0.406;0.0757,0.259,0.991,0.94,0.0752,0.718,0.614,0.905,0.0399,0.329;aaaaaaaaaa;
0.311;0.386,0.455,0.38,0.248,0.166,0.957,0.0945,0.998,0.833,0.601;aaa;
0.744;0.633,0.428,0.656,0.463,0.233,0.561,0.557,0.302,0.463,0.394;aaaaaaaaa;
0.647;0.171,0.785,0.705,0.0641,0.595,0.057,0.155,0.768,0.741,0.389;aaaaaaa;
0.427;0.894,0.343,0.302,0.778,0.608,0.0728,0.47,0.104,0.124,0.0308;aaaaaa;
0.493;0.337,0.698,0.15,0.552,0.711,0.898,0.515,0.0749,0.857,0.492;aaaaaaa;
0.743;0.73,0.41,0.407,0.282,0.77,0.622,0.411,0.675,0.915,0.704;aaaaa;
0.265;0.13,0.165,0.71,0.101,0.2,0.722,0.702,0.192,0.2,0.746;aaaaaaaaa;
0.422;0.244,0.307,0.0254,0.293,0.954,0.936,0.362,0.997,0.637,0.588;aaaaaa;
0.0379;0.359,0.482,0.765,0.673,0.508,0.239,0.593,0.153,0.438,0.726;aaaaaa;
0.88;0.26,0.417,0.281,0.53,0.0143,0.528,0.72,0.705,0.501,0.519;aaaaaaaaa;
0.801;0.92,0.244,0.756,0.451,0.901,0.881,0.3,0.994,0.151,0.849;aaaaaaaaaa;
0.907;0.127,0.832,0.977,0.848,0.818,0.651,0.744,0.691,0.697,0.0646;aaaaaaaa;
0.0404;0.861,0.417,0.987,0.464,0.861,0.118,0.291,0.122,0.602,0.428;aaaaaaaaa;
0.378;0.892,0.755,0.581,0.379,0.492,0.42,0.0791,0.346,0.707,0.209;aaaaaaaa;
0.786;0.808,0.312,0.501,0.539,0.727,0.193,0.287,0.941,0.124,0.0186;a;
0.576;0.805,0.903,0.132,0.224,0.244,0.32,0.395,0.146,0.0504,0.0178;aa;
0.384;0.325,0.362,0.67,0.703,0.785,0.0012,0.566,0.191,0.525,0.28;aaaaaa;
0.799;0.199,0.527,0.35,0.628,0.826,0.318,0.127,0.0457,0.625,0.545;aaaaaaaaaa;
0.684;0.817,0.802,0.382,0.896,0.652,0.499,0.985,0.393,0.735,0.387;aa;
0.573;0.801,0.671,0.574,0.626,0.71,0.906,0.114,0.583,0.195,0.288;aaaaaa;
0.0649;0.326,0.765,0.606,0.17,0.0936,0.453,0.327,0.22,0.882,0.147;aaaaaaaaaa;
0.136;0.976,0.993,0.905,0.178,0.661,0.625,0.163,0.0617,0.627,0.487;aa;
0.189;0.119,0.261,0.696,0.719,0.311,0.571,0.741,0.586,0.335,0.289;aaa;
0.164;0.895,0.141,0.618,0.0203,0.949,0.584,0.635,0.354,0.976,0.0987;aaaaaaaaaa;
0.0471;0.24,0.619,0.0612,0.0157,0.784,0.365,0.448,0.862,0.859,0.735;aaaaaaaaaa;
0.383;0.131,0.0639,0.313,0.715,0.145,0.28,0.165,0.0538,0.783,0.932;aaaaaa;
0.254;0.423,0.0918,0.509,0.321,0.431,0.77,0.178,0.964,0.859,0.182;aaaaaaa;
0.486;0.709,0.0795,0.484,0.774,0.265,0.756,0.643,0.768,0.904,0.469;aaaaaa;
0.358;0.22,0.185,0.573,0.186,0.504,0.824,0.0675,0.15,0.981,0.628;aaa;
0.816;0.857,0.303,0.336,0.723,0.89,0.191,0.954,0.0834,0.895,0.921;aaaaaaaaa;
0.569;0.0769,0.306,0.795,0.398,0.647,0.968,0.989,0.755,0.98,0.0247;aaa;
0.125;0.498,0.551,0.218,0.285,0.472,0.793,0.76,0.917,0.488,0.622;aaaaaaaa;
0.323;0.348,0.961,0.575,0.285,0.519,0.463,0.253,0.666,0.496,0.0244;a;
0.39;0.357,0.811,0.554,0.305,0.152,0.555,0.116,0.535,0.174,0.609;aaaaaa;
0.463;0.508,0.883,0.0581,0.208,0.604,0.155,0.487,0.744,0.0739,0.101;aaaaa;
0.193;0.566,0.73,0.875,0.551,0.191,0.683,0.89,0.141,0.212,0.714;aaaaa;
0.37;0.962,0.0993,0.184,0.932,0.224,0.464,0.888,0.139,0.76,0.502;aaa;
0.843;0.412,0.681,0.296,0.142,0.0956,0.284,0.326,0.272,0.978,0.358;aa;
0.461;0.373,0.0995,0.282,0.764,0.42,0.791,0.453,0.912,0.701,0.412;aaaa;
0.496;0.326,0.918,0.683,0.553,0.253,0.0557,0.291,0.588,0.868,0.587;aaaaa;
0.202;0.458,0.202,0.21,0.412,0.96,0.408,0.344,0.322,0.764,0.433;aaa;
0.0482;0.848,0.668,0.00504,0.693,0.067,0.574,0.963,0.841,0.0692,0.0128;aaaaaaaaa;
0.211;0.86,0.865,0.863,0.0343,0.0734,0.692,0.57,0.62,0.94,0.259;aaaaa;
0.667;0.734,0.556,0.83,0.883,0.278,0.165,0.867,0.652,0.705,0.919;aaaaaaaa;
0.845;0.769,0.415,0.0647,0.301,0.23,0.564,0.865,0.144,0.272,0.0836;aaaa;
0.551;0.343,0.257,0.803,0.778,0.213,0.434,0.772,0.759,0.0432,0.867;a;
0.925;0.985,0.215,0.557,0.0344,0.633,0.168,0.391,0.404,0.705,0.242;aaa;
0.801;0.879,0.346,0.675,0.344,0.798,0.117,0.561,0.144,0.639,0.964;aaaaaaaaa;
0.763;0.875,0.225,0.81,0.987,0.155,0.366,0.521,0.441,0.321,0.0326;aaa;
0.696;0.841,0.0385,0.924,0.814,0.197,0.946,0.0483,0.964,0.322,0.562;a;
0.537;0.244,0.632,0.0692,0.767,0.477,0.709,0.966,0.379,0.415,0.478;aaaaaa;
0.486;0.0621,0.596,0.599,0.978,0.561,0.139,0.301,0.841,0.712,0.88;aaaaaaaaa;
0.251;0.229,0.446,0.485,0.224,0.101,0.67,0.58,0.0652,0.495,0.191;aaaa;
0.415;0.883,0.431,0.736,0.984,0.29,0.321,0.0516,0.353,0.91,0.23;a;
0.973;0.566,0.428,0.52,0.771,0.0133,0.172,0.493,0.456,0.767,0.68;aaaaaaaaaa;
0.677;0.618,0.754,0.245,0.199,0.284,0.624,0.362,0.27,0.145,0.279;aaaaaaaa;
0.503;0.163,0.783,0.982,0.491,0.586,0.0999,0.587,0.405,0.426,0.512;a;
0.552;0.906,0.409,0.182,0.886,0.787,0.884,0.917,0.739,0.209,0.405;aaaaaaa;
0.475;0.872,0.376,0.507,0.442,0.559,0.0455,0.827,0.81,0.89,0.632;aaaaaaaa;
0.895;0.229,0.601,0.717,0.826,0.761,0.45,0.103,0.42,0.211,0.663;aaaa;
0.873;0.902,0.951,0.162,0.451,0.859,0.22,0.377,0.545,0.577,0.987;aaaaa;
0.932;0.772,0.612,0.654,0.92,0.812,0.944,0.233,0.347,0.435,0.731;aaaaa;
0.816;0.814,0.591,0.0814,0.00736,0.543,0.0528,0.0421,0.527,0.188,0.9;aaaaaaaaa;
0.833;0.51,0.389,0.466,0.294,0.777,0.988,0.604,0.425,0.014,0.97;aaaaa;
0.202;0.204,0.925,0.0168,0.761,0.995,0.529,0.285,0.19,0.547,0.496;aa;
0.121;0.0913,0.441,0.174,0.394,0.752,0.0782,0.218,0.699,0.652,0.184;aaaaa;
0.84;0.65,0.442,0.694,0.88,0.349,0.702,0.146,0.728,0.0222,0.00826;aaaaaa;
0.254;0.372,0.772,0.822,0.207,0.0078,0.417,0.693,0.0941,0.525,0.625;aaa;
0.848;0.627,0.352,0.122,0.137,0.0894,0.341,0.206,0.351,0.214,0.28;aaaaaa;
0.514;0.626,0.311,0.983,0.366,0.0516,0.493,0.598,0.0477,0.583,0.962;aaaaaaaa;
0.733;0.966,0.422,0.772,0.907,0.151,0.307,0.685,0.39,0.446,0.0719;aaaaaa;
0.161;0.8,0.0783,0.976,0.655,0.0412,0.472,0.882,0.382,0.19,0.943;aa;
0.164;0.352,0.593,0.388,0.794,0.215,0.915,0.883,0.794,0.00518,0.0418;aa;
0.81;0.737,0.391,0.61,0.878,0.171,0.152,0.0499,0.191,0.707,0.727;aaaaaaaa;
0.0417;0.86,0.285,0.164,0.771,0.0173,0.762,0.191,0.837,0.576,0.981;aaaaaaaa;
0.0849;0.767,0.744,0.23,0.0252,0.954,0.637,0.127,0.761,0.377,0.0863;aaaa;
0.387;0.583,0.0677,0.511,0.927,0.841,0.651,0.307,0.0556,0.0894,0.283;aaaaaa;
0.699;0.541,0.384,0.0967,0.531,0.371,0.267,0.532,0.903,0.0698,0.597;aaaaa;
0.154;0.0245,0.987,0.389,0.854,0.411,0.829,0.356,0.458,0.606,0.826;aaaa;
0.141;0.858,0.309,0.0696,0.73,0.047,0.789,0.512,0.174,0.549,0.934;a;
0.975;0.801,0.464,0.735,0.136,0.593,0.576,0.0905,0.664,0.146,0.151;aaaaaa;
0.214;0.841,0.0328,0.251,0.19,0.818,0.03,0.738,0.663,0.425,0.616;aaaa;
0.97;0.262,0.833,0.752,0.624,0.303,0.826,0.64,0.201,0.383,0.845;aaa;
0.404;0.488,0.327,0.703,0.807,0.741,0.762,0.0151,0.729,0.741,0.983;aaaaaa;
0.00843;0.924,0.793,0.168,0.682,0.614,0.78,0.545,0.407,0.505,0.803;aaaaaaaa;
0.548;0.975,0.864,0.997,0.642,0.376,0.416,0.811,0.585,0.218,0.749;aaaaaa;
0.16;0.898,0.798,0.768,0.409,0.0141,0.91,0.715,0.253,0.445,0.0948;aaaa;
0.37;0.151,0.726,0.957,0.914,0.785,0.735,0.845,0.263,0.925,0.51;aaaaa;
0.127;0.358,0.812,0.442,0.555,0.408,0.431,0.0752,0.581,0.629,0.738;aaaaaaaaaa;
0.794;0.559,0.938,0.0685,0.148,0.128,0.995,0.364,0.402,0.288,0.495;aaaaaaaaaa;
0.475;0.455,0.762,0.744,0.279,0.881,0.441,0.164,0.984,0.74,0.575;aa;
0.349;0.41,0.386,0.679,0.968,0.429,0.644,0.051,0.311,0.114,0.233;aaaaaaaaaa;
0.127;0.584,0.233,0.793,0.16,0.609,0.975,0.172,0.0514,0.328,0.0178;a;
0.672;0.955,0.981,0.152,0.576,0.361,0.422,0.0535,0.148,0.93,0.567;a;
0.86;0.705,0.0591,0.55,0.265,0.656,0.807,0.0374,0.689,0.509,0.348;aaaaaaaa;
0.908;0.0972,0.209,0.18,0.209,0.14,0.974,0.354,0.437,0.852,0.187;aa;
0.336;0.214,0.694,0.847,0.555,0.971,0.885,0.651,0.319,0.3,0.496;a;
0.775;0.833,0.7,0.505,0.934,0.657,0.696,0.0393,0.0659,0.188,0.517;aaaaaaaaaa;
0.219;0.236,0.0779,0.21,0.00895,0.438,0.283,0.749,0.826,0.597,0.405;aa;
0.573;0.314,0.126,0.446,0.309,0.966,0.378,0.686,0.316,0.636,0.581;aaaaa;
0.878;0.989,0.136,0.595,0.878,0.966,0.641,0.993,0.857,0.19,0.754;aaaaaa;
0.466;0.581,0.491,0.0312,0.649,0.621,0.811,0.254,0.379,0.393,0.973;aaaaaaaa;
0.327;0.575,0.799,0.416,0.828,0.177,0.829,0.335,0.484,0.246,0.296;aaaaaaaa;
0.00991;0.281,0.832,0.626,0.17,0.937,0.481,0.637,0.561,0.144,0.264;aaaaaaaaaa;
0.324;0.879,1,0.836,0.738,0.202,0.356,0.642,0.681,0.486,0.114;aaaaaaaaa;
0.695;0.813,0.818,0.622,0.33,0.219,0.288,0.074,0.547,0.523,0.457;aaa;
0.236;0.952,0.828,0.2,0.231,0.974,0.976,0.3,0.825,0.58,0.502;aaaaaaaaaa;
0.574;0.615,0.985,0.514,0.661,0.663,0.825,0.555,0.954,0.778,0.74;aaa;
0.396;0.243,0.337,0.156,0.535,0.0805,0.357,0.429,0.428,0.412,0.872;aaaa;
0.113;0.544,0.322,0.246,0.191,0.386,0.491,0.518,0.732,0.832,0.831;aaa;
0.0992;0.526,0.162,0.00503,0.532,0.549,0.571,0.0894,0.254,0.333,0.544;aaaaaaa;
0.467;0.321,0.837,0.769,0.698,0.41,0.357,0.373,0.24,0.65,0.471;a;
0.339;0.606,0.716,0.0035,0.629,0.481,0.0817,0.383,0.987,0.702,0.365;aaa;
0.817;0.189,0.475,0.304,0.0448,0.38,0.673,0.733,0.489,0.877,0.441;aaaaaaaa;
0.654;0.555,0.108,0.967,0.675,0.891,0.344,0.282,0.371,0.089,0.787;aaaa;
0.573;0.594,0.454,0.593,0.965,0.838,0.626,0.207,0.307,0.819,0.0774;aa;
0.43;0.0903,0.359,0.922,0.386,0.471,0.739,0.879,0.91,0.353,0.16;aaa;
0.932;0.924,0.186,0.411,0.193,0.881,0.26,0.313,0.179,0.685,0.4;aaaaa;
0.444;0.0901,0.93,0.741,0.129,0.442,0.76,0.903,0.0488,0.241,0.22;aaaaa;
0.548;0.352,0.0447,0.297,0.884,0.414,0.00837,0.297,0.124,0.335,0.0382;aaaaaaaaaa;
0.58;0.124,0.595,0.0926,0.214,0.47,0.875,0.314,0.594,0.193,0.2;aaaaa;
0.429;0.355,0.0996,0.925,0.442,0.0729,0.984,0.225,0.13,0.223,0.424;aaaaa;
0.245;0.116,0.806,0.621,0.543,0.755,0.412,0.557,0.43,0.669,0.785;aaaaaaa;
0.939;0.26,0.515,0.18,0.012,0.588,0.216,0.977,0.803,0.258,0.976;aaaaaaaaa;
0.737;0.0154,0.892,0.769,0.0888,0.822,0.489,0.822,0.638,0.967,0.725;aaaa;
0.567;0.329,0.619,0.336,0.0849,0.683,0.0493,0.299,0.366,0.338,0.306;aaaaaaaaa;
0.789;0.233,0.448,0.894,0.381,0.343,0.262,0.857,0.113,0.232,0.999;aaaa;
0.849;0.227,0.799,0.28,0.242,0.861,0.864,0.823,0.837,0.0333,0.926;aaaa;
0.129;0.347,0.27,0.204,0.981,0.218,0.926,0.561,0.742,0.791,0.301;aaaaaaaa;
0.367;0.178,0.634,0.545,0.402,0.905,0.951,0.775,0.788,0.363,0.539;aaaaaaaaaa;
0.803;0.403,0.642,0.123,0.546,0.755,0.864,0.066,0.972,0.78,0.991;aaaaaa;
0.698;0.325,0.725,0.193,0.767,0.425,0.472,0.0194,0.357,0.743,0.271;a;
0.197;0.933,0.505,0.218,0.856,0.31,0.933,0.642,0.141,0.359,0.329;aaaa;
0.411;0.525,0.6,0.392,0.65,0.932,0.153,0.0348,0.347,0.384,0.545;aaa;
0.388;0.676,0.078,0.378,0.633,0.303,0.986,0.0763,0.567,0.482,0.469;aaaa;
0.17;0.743,0.285,0.0475,0.0829,0.788,0.591,0.251,0.107,0.889,0.708;aaaaaaaa;
0.781;0.988,0.601,0.24,0.268,0.537,0.988,0.0454,0.416,0.664,0.376;aaaaaaaaaa;
0.412;0.1,0.717,0.444,0.167,0.965,0.409,0.0435,0.142,0.743,0.059;aaaaa;
0.673;0.608,0.788,0.132,0.374,0.0319,0.734,0.0237,0.312,0.343,0.0139;aaaaaaaaa;
0.104;0.0205,0.172,0.588,0.416,0.785,0.383,0.441,0.824,0.3,0.00872;aaa;
0.127;0.837,0.561,0.127,0.419,0.288,0.183,0.398,0.432,0.223,0.548;a;
0.446;0.534,0.654,0.965,0.395,0.378,0.978,0.398,0.467,0.0841,0.319;aaaaaa;
0.474;0.538,0.203,0.205,0.99,0.432,0.409,0.145,0.775,0.992,0.949;aaaaaaaaaa;
0.0281;0.225,0.664,0.187,0.849,0.135,0.614,0.523,0.173,0.846,0.0874;aaaaaaaa;
0.221;0.552,0.338,0.0684,0.177,0.168,0.482,0.376,0.517,0.43,0.556;aaaaaaaaa;
0.202;0.369,0.901,0.497,0.699,0.132,0.698,0.00527,0.709,0.391,0.319;a;
0.423;0.347,0.338,0.854,0.898,0.262,0.184,0.719,0.25,0.475,0.886;aaaaaaaa;
0.654;0.865,0.806,0.0371,0.352,0.973,0.947,0.565,0.464,0.454,0.112;aaaaa;
0.697;0.318,0.958,0.646,0.331,0.828,0.133,0.0693,0.913,0.205,0.681;aaaaaa;
0.812;0.769,0.914,0.609,0.975,0.284,0.178,0.882,0.98,0.641,0.212;aaaa;
0.558;0.695,0.975,0.0222,0.121,0.743,0.888,0.0647,0.962,0.202,0.19;aaaaaa;
0.932;0.909,0.268,0.469,0.79,0.688,0.0304,0.543,0.98,0.362,0.932;aaaaa;
0.693;0.546,0.544,0.531,0.281,0.297,0.159,0.974,0.756,0.921,0.259;aaa;
0.124;0.203,0.862,0.52,0.938,0.364,0.992,0.856,0.323,0.0626,0.464;aaaa;
0.882;0.957,0.874,0.702,0.224,0.28,0.179,0.00721,0.871,0.715,0.4;aa;
0.979;0.726,0.634,0.476,0.384,0.903,0.891,0.921,0.0833,0.64,0.696;aaaa;
0.901;0.484,0.958,0.599,0.932,0.462,0.938,0.785,0.787,0.3,0.676;aaa;
0.831;0.0334,0.545,0.669,0.851,0.458,0.376,0.829,0.276,0.838,0.298;aaaaaa;
0.191;0.583,0.977,0.103,0.269,0.1,0.269,0.0345,0.264,0.0825,0.775;aaaaaaaaaa;
0.00597;0.201,0.0593,0.419,0.636,0.819,0.775,0.866,0.404,0.158,0.912;aaaa;
0.339;0.25,0.596,0.103,0.475,0.296,0.804,0.141,0.044,0.512,0.248;aa;
0.899;0.669,0.0689,0.0589,0.482,0.866,0.0616,0.518,0.543,0.165,0.696;aaaaaaaaa;
0.685;0.822,0.756,0.781,0.718,0.824,0.114,0.289,0.36,0.729,0.757;aaaaaaaaa;
0.0648;0.757,0.644,0.0346,0.615,0.944,0.27,0.619,0.701,0.864,0.788;aaaaaaaaa;
0.503;0.299,0.313,0.846,0.833,0.288,0.546,0.128,0.0459,0.36,0.684;aaaaaaaaaa;
0.229;0.399,0.403,0.809,0.436,0.151,0.146,0.928,0.0608,0.833,0.0201;aaaaaaa;
0.417;0.915,0.0913,0.046,0.09,0.305,0.339,0.572,0.0233,0.0913,0.453;aaaaaaaa;
0.384;0.715,0.343,0.853,0.446,0.691,0.382,0.599,0.187,0.788,0.812;aaaaaaaaaa;
0.695;0.167,0.736,0.103,0.452,0.11,0.96,0.741,0.639,0.271,0.369;aaaaaaa;
0.861;0.688,0.605,0.482,0.697,0.0488,0.0576,0.114,0.945,0.655,0.186;aaaaaaaaaa;
0.835;0.835,0.465,0.982,0.0683,0.444,0.298,0.219,0.367,0.113,0.564;aaaaa;
0.0272;0.112,0.178,0.477,0.297,0.876,0.92,0.318,0.0134,0.536,0.294;aaaa;
0.141;0.267,0.163,0.497,0.5,0.206,0.00794,0.0175,0.14,0.971,0.128;aaaaaaaaa;
0.432;0.848,0.352,0.775,0.74,0.627,0.923,0.81,0.89,0.803,0.864;aaaa;
0.181;0.606,0.12,0.0949,0.761,0.282,0.132,0.896,0.839,0.268,0.96;aaaaaaa;
0.532;0.282,0.684,0.199,0.799,0.317,0.663,0.631,0.115,0.794,0.368;aaaaaaaaa;
0.165;0.0803,0.0842,0.631,0.27,0.776,0.12,0.697,0.497,0.955,0.103;aaaaa;
0.767;0.581,0.192,0.361,0.595,0.162,0.834,0.0814,0.114,0.75,0.542;aaaaaaaaa;
0.49;0.608,0.886,0.964,0.998,0.195,0.7,0.372,0.703,0.304,0.559;aaaaaaaaa;
0.714;0.0109,0.309,0.134,0.776,0.989,0.0365,0.583,0.0904,0.614,0.52;aaaaaaa;
0.609;0.743,0.939,0.756,0.958,0.174,0.312,0.0961,0.756,0.907,0.949;a;
0.125;0.383,0.739,0.256,0.986,0.278,0.676,0.589,0.839,0.583,0.437;aa;
0.74;0.412,0.86,0.166,0.338,0.61,0.398,0.452,0.0655,0.859,0.921;aaaaaaaaaa;
0.605;0.257,0.335,0.359,0.12,0.383,0.229,0.834,0.0906,0.427,0.884;aaa;
0.431;0.695,0.934,0.246,0.238,0.498,0.64,0.412,0.322,0.42,0.225;a;
0.238;0.998,0.801,0.794,0.757,0.199,0.579,0.596,0.543,0.302,0.00117;aaaaaaaaa;
0.846;0.271,0.651,0.657,0.882,0.396,0.251,0.668,0.831,0.867,0.98;aaaaaaa;
0.176;0.329,0.619,0.19,0.0992,0.391,0.72,0.933,0.188,0.171,0.541;aaaaaaaaa;
0.486;0.573,0.982,0.768,0.948,0.228,0.085,0.874,0.627,0.515,0.357;aaaaaa;
0.0487;0.362,0.753,0.41,0.733,0.0507,0.576,0.968,0.0323,0.766,0.616;aaaa;
0.221;0.161,0.61,0.754,0.302,0.0116,0.435,0.435,0.91,0.963,0.571;aaaaa;
0.911;0.354,0.0575,0.0364,0.151,0.25,0.215,0.201,0.176,0.11,0.38;aaaaaaaaaa;
0.696;0.28,0.039,0.449,0.659,0.454,0.429,0.643,0.467,0.899,0.79;aaaaaaaaaa;
0.0927;0.0703,0.281,0.853,0.228,0.954,0.588,0.605,0.318,0.0398,0.401;aaaaaaaa;
0.626;0.908,0.413,0.263,0.214,0.113,0.575,0.791,0.0107,0.738,0.448;aaaaaaaaa;
0.761;0.912,0.316,0.92,0.072,0.626,0.722,0.91,0.466,0.343,0.22;a;
0.706;0.274,0.775,0.712,0.995,0.337,0.808,0.74,0.59,0.758,0.133;aa;
0.0122;0.91,0.0353,0.638,0.576,0.338,0.373,0.788,0.988,0.293,0.151;aaaaaa;
0.892;0.0421,0.62,0.129,0.00333,0.793,0.724,0.507,0.29,0.0792,0.862;aaaaaaaa;
0.783;0.915,0.927,0.0661,0.221,0.451,0.172,0.379,0.135,0.461,0.601;aaaaa;
0.268;0.391,0.078,0.372,0.518,0.0562,0.894,0.513,0.186,0.254,0.3;aaaaaa;
0.351;0.475,0.17,0.347,0.214,0.864,0.576,0.374,0.727,0.371,0.595;aaaaaa;
0.873;0.731,0.525,0.283,0.535,0.2,0.34,0.442,0.272,0.163,0.338;aaaaaaa;
0.383;0.17,0.387,0.992,0.386,0.95,0.941,0.98,0.712,0.371,0.397;aaa;
0.155;0.967,0.569,0.264,0.767,0.367,0.528,0.963,0.638,0.0392,0.968;aa;
0.83;0.752,0.841,0.776,0.123,0.742,0.14,0.289,0.698,0.133,0.523;aaaaaaa;
0.453;0.0222,0.543,0.676,0.194,0.442,0.335,0.637,0.198,0.892,0.411;a;
0.99;0.183,0.414,0.438,0.162,0.84,0.95,0.867,0.421,0.618,0.551;aaaaa;
0.366;0.684,0.917,0.419,0.299,0.365,0.146,0.836,0.449,0.309,0.042;aaaaaa;
0.412;0.66,0.917,0.393,0.985,0.679,0.428,0.39,0.613,0.17,0.698;aaaaaaaaaa;
0.855;0.989,0.252,0.254,0.12,0.773,0.0136,0.952,0.247,0.397,0.267;aaaaaaaaa;
0.473;0.73,0.331,0.98,0.309,0.701,0.0413,0.155,0.568,0.264,0.663;aa;
0.527;0.464,0.0551,0.896,0.397,0.569,0.339,0.842,0.156,0.312,0.772;aaa;
0.507;0.425,0.585,0.993,0.965,0.0986,0.157,0.713,0.0608,0.591,0.738;aaaaaa;
0.921;0.989,0.51,0.625,0.117,0.0156,0.0785,0.556,0.994,0.428,0.808;aaaaaaaaaa;
0.807;0.195,0.272,0.109,0.613,0.738,0.161,0.411,0.085,0.231,0.287;aa;
0.253;0.288,0.306,0.708,0.767,0.34,0.222,0.431,0.513,0.0125,0.136;a;
0.271;0.387,0.19,0.187,0.94,0.798,0.0766,0.485,0.981,0.808,0.457;aaaaa;
0.378;0.13,0.843,0.732,0.0453,0.585,0.0985,0.488,0.0458,0.559,0.769;aaaaa;
0.699;0.559,0.401,0.513,0.957,0.932,0.99,0.231,0.998,0.766,0.899;aaaaaaaaaa;
0.571;0.175,0.697,0.409,0.415,0.587,0.0479,0.411,0.017,0.376,0.662;aa;
0.577;0.906,0.97,0.09,0.988,0.18,0.113,0.713,0.782,0.54,0.204;aaaaaaaaa;
0.959;0.996,0.518,0.24,0.5,0.408,0.22,0.996,0.696,0.994,0.448;aaaa;
0.519;0.859,0.0813,0.74,0.0022,0.0401,0.0534,0.0236,0.645,0.0776,0.582;aaaa;
0.559;0.962,0.223,0.426,0.38,0.573,0.447,0.98,0.549,0.432,0.692;aaaaaaaaa;
0.916;0.354,0.835,0.387,0.592,0.675,0.78,0.418,0.0117,0.28,0.0747;a;
0.934;0.737,0.437,0.242,0.203,0.545,0.84,0.818,0.851,0.745,0.294;aaaa;
0.328;0.686,0.357,0.435,0.0129,0.756,0.664,0.267,0.0721,0.392,0.878;aaaaa;
0.323;0.224,0.129,0.899,0.35,0.201,0.75,0.899,0.791,0.809,0.947;aaaaaaaa;
0.156;0.612,0.0698,0.752,0.168,0.532,0.691,0.611,0.272,0.798,0.651;aaaaaaaa;
0.529;0.0834,0.472,0.998,0.855,0.183,0.775,0.445,0.812,0.197,0.467;aaaaaa;
0.263;0.718,0.796,0.609,0.116,0.462,0.636,0.179,0.352,0.867,0.939;aaaaaaa;
0.625;0.71,0.0101,0.743,0.134,0.803,0.542,0.189,0.0338,0.576,0.0193;aaaaaaaaa;
0.434;0.265,0.796,0.825,0.924,0.757,0.762,0.836,0.517,0.738,0.551;aaaaaaaaa;
0.408;0.592,0.13,0.604,0.703,0.906,0.0448,0.117,0.341,0.167,0.241;aaaaaaaaa;
0.662;0.473,0.222,0.266,0.302,0.246,0.263,0.809,0.0671,0.854,0.11;aa;
0.929;0.361,0.0178,0.838,0.512,0.87,0.471,0.686,0.995,0.152,0.878;aaaaaaa;
0.699;0.881,0.719,0.31,0.715,0.829,0.943,0.929,0.566,0.549,0.518;aaaaaa;
0.0533;0.364,0.493,0.748,0.0451,0.771,0.16,0.978,0.878,0.597,0.836;aaa;
0.839;0.535,0.0106,0.917,0.206,0.845,0.738,0.502,0.739,0.838,0.304;aaaa;
0.779;0.372,0.912,0.379,0.652,0.441,0.0245,0.768,0.981,0.448,0.0977;aaaaaaaaa;
0.916;0.971,0.108,0.391,0.206,0.435,0.703,0.0714,0.0718,0.0615,0.825;aaaaaaaaaa;
0.412;0.00278,0.706,0.341,0.493,0.718,0.887,0.443,0.132,0.513,0.669;aaaaaaaaaa;
0.968;0.0511,0.513,0.848,0.895,0.659,0.822,0.845,0.941,0.151,0.33;aaaaaaa;
0.682;0.963,0.457,0.437,0.167,0.21,0.197,0.707,0.858,0.205,0.655;aaaaaaaa;
0.482;0.803,0.467,0.532,0.921,0.415,0.769,0.75,0.32,0.841,0.948;aaaaaaa;
0.333;0.0849,0.415,0.228,0.834,0.946,0.46,0.0628,0.147,0.783,0.0531;a;
0.78;0.686,0.0322,0.535,0.867,0.737,0.757,0.934,0.461,0.637,0.128;aaa;
0.771;0.294,0.0991,0.466,0.104,0.616,0.62,0.9,0.851,0.315,0.627;aaaaaaaa;
0.419;0.0861,0.265,0.263,0.791,0.469,0.0535,0.847,0.0996,0.832,0.927;aaaa;
0.293;0.611,0.356,0.0423,0.185,0.287,0.159,0.571,0.793,0.536,0.237;aaaaaaaaaa;
0.452;0.608,0.483,0.383,0.206,0.54,0.183,0.531,0.675,0.278,0.581;aaaaaaa;
0.513;0.805,0.284,0.628,0.487,0.743,0.379,0.774,0.751,0.679,0.196;aaaaaaaaaa;
0.708;0.0151,0.0991,0.621,0.73,0.993,0.193,0.939,0.223,0.904,0.198;aaaaaaa;
0.142;0.5,0.489,0.208,0.935,0.0927,0.12,0.831,0.511,0.439,0.926;aaaaaaaa;
0.736;0.00862,0.106,0.284,0.382,0.972,0.746,0.257,0.567,0.0707,0.386;aaaaaaaaa;
0.67;0.978,0.881,0.0791,0.104,0.396,0.199,0.00205,0.311,0.508,0.257;aaa;
0.588;0.67,0.366,0.269,0.0785,0.596,0.387,0.201,0.438,0.181,0.923;aaaaaaaaa;
0.274;0.663,0.626,0.912,0.877,0.949,0.0154,0.133,0.942,0.131,0.311;aa;
0.54;0.794,0.572,0.69,0.146,0.00054,0.858,0.574,0.333,0.32,0.862;aaaaaaaaa;
0.818;0.0108,0.404,0.456,0.349,0.21,0.176,0.526,0.505,0.758,0.357;aaaaaaa;
0.365;0.451,0.655,0.937,0.357,0.676,0.682,0.577,0.115,0.186,0.00254;aa;
0.101;0.00917,0.962,0.0672,0.236,0.967,0.27,0.985,0.674,0.638,0.933;a;
0.884;0.746,0.24,0.92,0.8,0.475,0.556,0.64,0.107,0.881,0.242;aaaaaaaaaa;
0.827;0.63,0.413,0.913,0.593,0.371,0.22,0.187,0.592,0.936,0.531;a;
0.0234;0.999,0.142,0.649,0.803,0.723,0.589,0.469,0.581,0.991,0.32;aaaaaa;
0.22;0.0853,0.228,0.279,0.758,0.651,0.15,0.179,0.992,0.677,0.938;aaaaaaa;
0.326;0.0225,0.894,0.71,0.853,0.61,0.026,0.11,0.386,0.15,0.154;aaaaaa;
0.679;0.907,0.76,0.475,0.0193,0.518,0.0468,0.205,0.223,0.979,0.275;aaaaaaa;
0.946;0.651,0.794,0.748,0.0587,0.125,0.851,0.652,0.284,0.737,0.0866;aaaaaaaaaa;
0.901;0.97,0.652,0.281,0.537,0.0568,0.144,0.52,0.0635,0.553,0.394;aaaaaaa;
0.985;0.112,0.486,0.51,0.936,0.602,0.498,0.319,0.82,0.35,0.567;aaaaa;
0.416;0.0343,0.146,0.184,0.752,0.0393,0.904,0.34,0.0402,0.459,0.521;aaaa;
0.493;0.22,0.154,0.721,0.375,0.789,0.917,0.662,0.868,0.508,0.258;aaa;
0.0994;0.237,0.517,0.777,0.902,0.801,0.566,0.273,0.481,0.155,0.568;aa;
0.343;0.0499,0.192,0.641,0.891,0.314,0.622,0.223,0.919,0.38,0.183;aaaaaaaa;
0.108;0.347,0.246,0.776,0.807,0.637,0.708,0.459,0.613,0.644,0.342;aaaaaa;
0.929;0.508,0.0433,0.276,0.0446,0.65,0.487,0.587,0.858,0.172,0.355;aaaaaaaa;
0.306;0.896,0.641,0.231,0.501,0.921,0.483,0.668,0.0155,0.874,0.572;aaaaaaa;
0.458;0.723,0.669,0.0569,0.334,0.978,0.829,0.797,0.46,0.12,0.278;aaaaaaa;
0.607;0.781,0.742,0.493,0.258,0.0226,0.789,0.485,0.354,0.00409,0.247;aaaaaaaaaa;
0.199;0.328,0.448,0.993,0.157,0.699,0.574,0.388,0.42,0.586,0.359;aaa;
0.147;0.451,0.409,0.634,0.693,0.126,0.82,0.34,0.323,0.782,0.668;aaaaa;
0.705;0.334,0.736,0.944,0.554,0.87,0.484,0.536,0.863,0.959,0.622;aaaaaaa;
0.755;0.451,0.274,0.0963,0.978,0.363,0.429,0.211,0.455,0.461,0.6;aaaaaaaaa;
0.568;0.472,0.713,0.922,0.0417,0.825,0.32,0.954,0.87,0.456,0.326;a;
0.975;0.352,0.813,0.761,0.873,0.348,0.976,0.372,0.734,0.788,0.344;aaa;
0.743;0.434,0.0111,0.853,0.123,0.0358,0.404,0.938,0.322,0.378,0.794;aaa;
0.96;0.824,0.158,0.335,0.41,0.455,0.543,0.264,0.145,0.862,0.914;aaa;
0.728;0.211,0.526,0.766,0.797,0.88,0.091,0.589,0.508,0.491,0.923;aaaaaaaaa;
0.621;0.284,0.644,0.351,0.227,0.945,0.795,0.093,0.93,0.539,0.907;aaaaaaaa;
0.448;0.577,0.117,0.401,0.0172,0.938,0.386,0.686,0.589,0.868,0.783;aaaa;
0.543;0.881,0.849,0.0685,0.612,0.971,0.996,0.608,0.746,0.0221,0.0377;aaaa;
0.862;0.739,0.887,0.862,0.433,0.0218,0.124,0.462,0.4,0.871,0.273;aaaaa;
0.383;0.577,0.434,0.197,0.204,0.843,0.199,0.562,0.697,0.461,0.598;a;
0.228;0.635,0.0321,0.967,0.0157,0.802,0.0206,0.5,0.037,0.718,0.371;aaaaaaa;
0.973;0.427,0.282,0.701,0.75,0.423,0.861,0.549,0.287,0.348,0.943;aaaaaaaaa;
0.948;0.0138,0.259,0.919,0.824,0.239,0.285,0.281,0.994,0.724,0.83;aaaaaaa;
0.755;0.583,0.858,0.33,0.0417,0.596,0.802,0.531,0.696,0.573,0.257;aaaaaaaaaa;
0.384;0.222,0.931,0.314,0.0313,0.226,0.487,0.554,0.85,0.436,0.373;a;
0.569;0.209,0.327,0.0245,0.215,0.198,0.547,0.226,0.828,0.0488,0.189;aaaa;
0.8;0.783,0.166,0.298,0.313,0.307,0.438,0.329,0.453,0.535,0.429;aaaaaaaa;
0.0951;0.116,0.942,0.699,0.058,0.005,0.151,0.985,0.437,0.538,0.681;aaaaaaaa;
0.339;0.771,0.47,0.0414,0.499,0.734,0.806,0.768,0.699,0.677,0.127;aaaaa;
0.946;0.961,0.529,0.103,0.957,0.468,0.456,0.858,0.529,0.505,0.338;aaaa;
0.388;0.326,0.104,0.422,0.95,0.312,0.927,0.19,0.421,0.633,0.103;aaa;
0.0939;0.133,0.024,0.457,0.662,0.0354,0.093,0.273,0.635,0.466,0.43;aaaaaaaaaa;
0.0584;0.487,0.504,0.531,0.554,0.0605,0.291,0.00642,0.33,0.545,0.213;aaaa;
0.529;0.969,0.0788,0.535,0.76,0.285,0.287,0.638,0.707,0.728,0.457;aaaaaaa;
0.611;0.191,0.586,0.229,0.782,0.1,0.0795,0.546,0.791,0.655,0.92;aaa;
0.802;0.319,0.777,0.171,0.951,0.872,0.349,0.873,0.184,0.841,0.976;a;
0.376;0.291,0.0923,0.757,0.93,0.918,0.972,0.591,0.973,0.413,0.355;aaaaaa;
0.526;0.979,0.329,0.0038,0.772,0.492,0.248,0.397,0.739,0.849,0.00429;aaaa;
0.862;0.95,0.677,0.964,0.514,0.251,0.836,0.0619,0.971,0.808,0.944;aaaaaaaa;
0.149;0.874,0.0501,0.917,0.807,0.488,0.364,0.772,0.627,0.926,0.273;aaaaaaaa;
0.681;0.142,0.491,0.858,0.25,0.919,0.386,0.67,0.266,0.946,0.0876;aaaaa;
0.344;0.929,0.766,0.706,0.752,0.609,0.248,0.439,0.95,0.9,0.174;aaaaaaa;
0.863;0.434,0.468,0.577,0.141,0.334,0.132,0.43,0.482,0.977,0.131;a;
0.659;0.634,0.973,0.149,0.172,0.733,0.791,0.203,0.195,0.759,0.698;a;
0.269;0.0465,0.0207,0.98,0.988,0.416,0.87,0.385,0.336,0.465,0.258;aa;
0.896;0.294,0.11,0.0641,0.843,0.406,0.693,0.311,0.769,0.868,0.305;aaaa;
0.977;0.105,0.155,0.0535,0.589,0.92,0.809,0.971,0.424,0.248,0.18;aaaaa;
0.853;0.463,0.866,0.932,0.436,0.655,0.541,0.311,0.00528,0.252,0.948;aaaaa;
0.588;0.36,0.777,0.234,0.95,0.595,0.0431,0.867,0.746,0.294,0.291;a;
0.643;0.433,0.47,0.754,0.0204,0.916,0.804,0.286,0.666,0.47,0.128;aaa;
0.935;0.458,0.998,0.275,0.994,0.218,0.339,0.281,0.784,0.913,0.474;aaaaaaaaaa;
0.354;0.285,0.00633,0.838,0.508,0.946,0.57,0.963,0.399,0.688,0.429;aaaaaaa;
0.534;0.762,0.558,0.677,0.304,0.676,0.896,0.933,0.696,0.476,0.609;aaaa;
0.162;0.246,0.893,0.865,0.999,0.228,0.103,0.854,0.649,0.228,0.688;aaaaa;
0.141;0.813,0.77,0.756,0.0301,0.696,0.835,0.507,0.779,0.858,0.654;aaaaaaaa;
0.544;0.556,0.851,0.0532,0.932,0.148,0.922,0.344,0.662,0.668,0.489;aa;
0.794;0.778,0.00107,0.638,0.693,0.549,0.141,0.352,0.107,0.341,0.992;aaaaaaaaaa;
0.641;0.193,0.576,0.237,0.424,0.881,0.992,0.0139,0.62,0.383,0.204;aa;
0.653;0.417,0.351,0.72,0.755,0.103,0.324,0.912,0.736,0.462,0.581;aaaaaa;
0.723;0.382,0.777,0.452,0.436,0.944,0.464,0.571,0.351,0.602,0.235;aaaaaa;
0.647;0.454,0.0216,0.0723,0.518,0.353,0.704,0.654,0.457,0.78,0.764;aaa;
0.144;0.0855,0.935,0.581,0.331,0.648,0.267,0.948,0.12,0.984,0.0322;aaaaaaaaaa;
0.88;0.571,0.349,0.697,0.892,0.639,0.589,0.424,0.804,0.584,0.154;aaaaaaaaa;
0.497;0.979,0.319,0.522,0.414,0.0866,0.963,0.753,0.102,0.363,0.856;aaaaaaa;
0.274;0.297,0.952,0.469,0.415,0.444,0.214,0.761,0.277,0.228,0.917;aaaa;
0.89;0.388,0.445,0.658,0.0908,0.157,0.00643,0.581,0.984,0.899,0.643;a;
0.716;0.386,0.981,0.0305,0.673,0.648,0.655,0.823,0.385,0.47,0.677;aaaaaaaa;
0.743;0.874,0.924,0.326,0.277,0.635,0.443,0.116,0.73,0.693,0.421;aaaa;
0.251;0.299,0.137,0.759,0.211,0.643,0.168,0.825,0.147,0.978,0.638;aaaaaaa;
0.831;0.241,0.331,0.964,0.2,0.871,0.937,0.486,0.941,0.404,0.966;aaaaaaaaaa;
0.585;0.807,0.785,0.36,0.878,0.868,0.127,0.0423,0.0109,0.725,0.794;aaaaaaaa;
0.745;0.549,0.792,0.552,0.219,0.217,0.185,0.482,0.573,0.0623,0.0447;aaaaa;
0.0517;0.95,0.677,0.288,0.762,0.447,0.917,0.0765,0.985,0.804,0.172;aaaa;
0.565;0.53,0.409,0.656,0.719,0.687,0.798,0.985,0.336,0.237,0.203;aaaaaa;
0.185;0.903,0.153,0.0996,0.948,0.236,0.764,0.0742,0.971,0.309,0.582;aaa;
0.182;0.305,0.335,0.974,0.527,0.804,0.333,0.674,0.0716,0.604,0.815;aaaaaaaa;
0.847;0.958,0.372,0.462,0.967,0.0319,0.876,0.00281,0.771,0.82,0.0281;aaaaaaaa;
0.817;0.435,0.788,0.562,0.106,0.837,0.261,0.584,0.569,0.93,0.142;aaaaaaaa;
0.495;0.902,0.484,0.717,0.259,0.749,0.729,0.028,0.499,0.533,0.453;aaaaaaaa;
0.153;0.15,0.354,0.111,0.526,0.00326,0.201,0.388,0.898,0.553,0.196;aa;
0.596;0.72,0.59,0.998,0.439,0.0765,0.573,0.328,0.195,0.684,0.184;a;
0.16;0.0425,0.44,0.216,0.843,0.276,0.903,0.929,0.279,0.0773,0.498;aaaaaaa;
0.61;0.21,0.98,0.619,0.0494,0.389,0.859,0.73,0.516,0.14,0.44;aaaaaaaaa;
0.427;0.575,0.0568,0.486,0.585,0.8,0.261,0.712,0.327,0.675,0.303;aa;
0.59;0.573,0.294,0.467,0.168,0.559,0.719,0.0766,0.233,0.707,0.0671;aaaaaaa;
0.609;0.301,0.694,0.574,0.161,0.0529,0.961,0.43,0.04,0.813,0.00932;aaaaaaa;
0.257;0.176,0.737,0.226,0.712,0.768,0.827,0.0668,0.113,0.894,0.872;aaa;
0.0643;0.223,0.611,0.517,0.709,0.766,0.672,0.46,0.462,0.559,0.411;aaaaaaaaa;
0.739;0.261,0.834,0.19,0.84,0.247,0.839,0.16,0.232,0.531,0.27;a;
0.449;0.39,0.811,0.691,0.274,0.107,0.625,0.43,0.326,0.48,0.72;aaaaaa;
0.193;0.369,0.25,0.587,0.442,0.763,0.00905,0.859,0.672,0.699,0.627;aa;
0.0389;0.163,0.919,0.764,0.00359,0.628,0.848,0.399,0.49,0.977,0.655;aaaaaaaa;
0.122;0.473,0.749,0.543,0.234,0.894,0.423,0.143,0.948,0.423,0.832;aaaaaaaaaa;
0.592;0.409,0.722,0.549,0.433,0.223,0.397,0.757,0.214,0.88,0.165;a;
0.168;0.555,0.0631,0.299,0.711,0.0608,0.133,0.351,0.201,0.983,0.163;aaaaaa;
0.12;0.0137,0.0525,0.629,0.836,0.0817,0.888,0.614,0.376,0.016,0.0345;aaaaaaa;
0.554;0.868,0.646,0.0362,0.801,0.107,0.109,0.891,0.522,0.218,0.536;aaaa;
0.684;0.0759,0.746,0.995,0.391,0.394,0.947,0.137,0.944,0.633,0.492;aaa;
0.978;0.862,0.857,0.984,0.849,0.448,0.314,0.827,0.525,0.928,0.314;aa;
0.635;0.864,0.352,0.89,0.0773,0.0256,0.361,0.977,0.623,0.0914,0.309;aaaaaaaa;
0.371;0.113,0.392,0.63,0.729,0.667,0.228,0.996,0.483,0.184,0.353;aaaaaaaaaa;
0.472;0.222,0.468,0.868,0.257,0.289,0.771,0.291,0.908,0.876,0.49;aaaaaa;
0.704;0.014,0.827,0.414,0.103,0.881,0.233,0.953,0.0825,0.151,0.411;aaa;
0.605;0.899,0.489,0.35,0.348,0.709,0.135,0.109,0.899,0.393,0.874;aaaaa;
0.558;0.699,0.676,0.343,0.982,0.976,0.916,0.386,0.311,0.927,0.454;aaaa;
0.811;0.335,0.536,0.261,0.0191,0.0455,0.722,0.557,0.673,0.977,0.17;aaaaa;
0.708;0.166,0.583,0.973,0.271,0.305,0.12,0.561,0.503,0.994,0.257;aaaa;
0.315;0.701,0.372,0.516,0.397,0.578,0.497,0.295,0.698,0.535,0.649;aaaaaaa;
0.342;0.862,0.37,0.814,0.739,0.546,0.788,0.42,0.395,0.527,0.0493;aaaaaa;
0.0554;0.829,0.42,0.541,0.0323,0.472,0.968,0.75,0.878,0.199,0.722;aaaaaa;
0.575;0.996,0.73,0.275,0.236,0.0855,0.578,0.205,0.782,0.0827,0.124;aa;
0.0937;0.205,0.581,0.825,0.361,0.379,0.156,0.858,0.536,0.187,0.443;aaa;
0.116;0.36,0.813,0.925,0.588,0.754,0.29,0.0805,0.57,0.889,0.225;aaa;
0.961;0.739,0.112,0.157,0.567,0.258,0.0265,0.998,0.437,0.587,0.0475;aaaaaaaa;
0.493;0.299,0.731,0.656,0.187,0.747,0.382,0.306,0.184,0.431,0.196;aaaaaaaaa;
0.434;0.431,0.171,0.712,0.513,0.416,0.989,0.564,0.759,0.609,0.622;aaaaaaaaaa;
0.812;0.0269,0.936,0.846,0.273,0.00125,0.968,0.634,0.94,0.0501,0.438;aaaaa;
0.713;0.18,0.789,0.668,0.835,0.51,0.626,0.251,0.464,0.255,0.0498;aaaaa;
0.752;0.197,0.0399,0.451,0.348,0.748,0.423,0.733,0.367,0.00358,0.277;aaaaaaaaa;
0.375;0.212,0.0162,0.437,0.58,0.543,0.77,0.753,0.0584,0.624,0.284;aaaaaaaaaa;
0.0611;0.551,0.182,0.183,0.682,0.933,0.0997,0.504,0.358,0.548,0.323;a;
0.0115;0.481,0.757,0.775,0.0429,0.855,0.887,0.715,0.0158,0.353,0.47;aaaaa;
0.115;0.358,0.396,0.888,0.537,0.169,0.288,0.019,0.872,0.15,0.452;aaaaaaaa;
0.407;0.247,0.352,0.665,0.31,0.231,0.997,0.0971,0.909,0.382,0.0442;aaaaaaa;
0.513;0.103,0.584,0.23,0.855,0.614,0.55,0.281,0.544,0.281,0.816;aaaaaaaa;
0.788;0.353,0.286,0.247,0.226,0.838,0.0603,0.601,0.34,0.0901,0.234;aaaaa;
0.748;0.65,0.0131,0.973,0.319,0.448,0.184,0.19,0.704,0.729,0.393;a;
0.0554;0.126,0.432,0.281,1,0.539,0.928,0.673,0.164,0.94,0.317;aaaaaa;
0.263;0.626,0.0429,0.664,0.221,0.00246,0.958,0.179,0.984,0.514,0.659;aaa;
0.242;0.523,0.616,0.399,0.422,0.267,0.512,0.41,0.774,0.449,0.786;aaaaaaaa;
0.81;0.819,0.0318,0.305,0.4,0.557,0.564,0.261,0.989,0.187,0.689;aaaaaaaaaa;
0.0852;0.906,0.476,0.643,0.246,0.597,0.232,0.987,0.432,0.51,0.947;aaaaaaa;
0.807;0.0881,0.232,0.813,0.184,0.705,0.21,0.0176,0.555,0.864,0.464;aaaa;
0.754;0.486,0.882,0.458,0.458,0.016,0.713,0.38,0.429,0.528,0.0819;aaaa;
0.87;0.315,0.39,0.892,0.905,0.13,0.987,0.0964,0.995,0.128,0.547;aaaa;
0.581;0.77,0.0676,0.468,0.514,0.805,0.253,0.305,0.362,0.215,0.274;aaaaaaaaa;
0.114;0.398,0.175,0.357,0.586,0.713,0.261,0.558,0.869,0.539,0.78;aaaaaaa;
0.423;0.877,0.271,0.546,0.99,0.82,0.391,0.469,0.578,0.225,0.102;aaaaaaaaaa;
0.586;0.235,0.685,0.322,0.119,0.867,0.485,0.928,0.404,0.347,0.309;aaaaaaaaa;
0.394;0.297,0.228,0.732,0.816,0.21,0.413,0.709,0.681,0.79,0.966;aaaaaaaaaa;
0.418;0.713,0.674,0.733,0.725,0.131,0.351,0.458,0.35,0.552,0.505;aa;
0.224;0.254,0.294,0.0285,0.149,0.531,0.272,0.825,0.0213,0.0391,0.097;aa;
0.535;0.682,0.833,0.993,0.851,0.51,0.855,0.14,0.255,0.461,0.866;aaaaa;
0.796;0.241,0.162,0.552,0.128,0.0756,0.968,0.0959,0.137,0.813,0.713;aaaaaaa;
0.799;0.686,0.143,0.879,0.18,0.948,0.206,0.293,0.331,0.654,0.145;aaaa;
0.237;0.0765,0.358,0.633,0.991,0.638,0.58,0.341,0.698,0.076,0.0063;aaaaaaaa;
0.913;0.785,0.679,0.681,0.226,0.707,0.941,0.77,0.914,0.587,0.0375;aaaaaaaaaa;
0.979;0.0589,0.0246,0.71,0.782,0.498,0.0224,0.239,0.793,0.202,0.347;aaaaaaaa;
0.0395;0.596,0.37,0.543,0.949,0.538,0.134,0.143,0.511,0.931,0.593;aaaaaa;
0.837;0.994,0.263,0.0517,0.706,0.834,0.868,0.742,0.887,0.0423,0.0799;aaa;
0.0443;0.0865,0.897,0.113,0.996,0.874,0.497,0.294,0.36,0.625,0.972;aa;
0.409;0.631,0.177,0.479,0.574,0.141,0.954,0.514,0.509,0.488,0.753;aaaaaa;
0.252;0.168,0.0921,0.667,0.0134,0.926,0.64,0.122,0.906,0.698,0.415;aaaaaaa;
0.183;0.243,0.0394,0.693,0.0415,0.171,0.76,0.507,0.579,0.733,0.715;aaaaaa;
0.021;0.621,0.626,0.753,0.673,0.313,0.522,0.556,0.965,0.525,0.506;aaaaaa;
0.444;0.333,0.868,0.23,0.0626,0.378,0.313,0.193,0.0999,0.916,0.638;aaaaaaaaaa;
0.0596;0.336,0.336,0.696,0.00482,0.241,0.425,0.145,0.586,0.732,0.206;aa;
0.422;0.663,0.493,0.894,0.0696,0.384,0.263,0.291,0.0271,0.0769,0.457;aaaaaaaa;
0.0644;0.64,0.508,0.388,0.652,0.488,0.902,0.919,0.976,0.36,0.642;a;
0.232;0.958,0.318,0.32,0.735,0.843,0.183,0.548,0.492,0.319,0.318;aaaaaaaaaa;
0.137;0.929,0.298,0.966,0.884,0.82,0.874,0.444,0.584,0.413,0.705;aaaaaaaa;
0.827;0.836,0.539,0.0863,0.507,0.139,0.205,0.833,0.134,0.336,0.449;aaaaaaa;
0.974;0.363,0.312,0.425,0.925,0.517,0.23,0.798,0.952,0.0171,0.723;aaaaaaaaaa;
0.743;0.897,0.725,0.96,0.595,0.68,0.321,0.731,0.113,0.781,0.471;aaaa;
0.53;0.53,0.254,0.311,0.357,0.116,0.762,0.407,0.574,0.859,0.473;aaaaaaaaaa;
0.421;0.714,0.187,0.718,0.44,0.995,0.367,0.521,0.844,0.733,0.292;aaa;
0.884;0.55,0.784,0.628,0.0978,0.985,0.255,0.203,0.0737,0.0251,0.00815;aa;
0.155;0.944,0.0621,0.958,0.729,0.201,0.667,0.33,0.336,0.92,0.914;aaaa;
0.0217;0.111,0.365,0.974,0.561,0.575,0.384,0.71,0.762,0.0755,0.88;aaaaaa;
0.25;0.579,0.386,0.568,0.592,0.578,0.405,0.325,0.661,0.263,0.973;aaaa;
0.12;0.115,0.143,0.848,0.228,0.459,0.46,0.606,0.429,0.469,0.822;aaaaaaa;
0.473;0.723,0.336,0.536,0.526,0.655,0.364,0.251,0.505,0.187,0.524;aaaaaaaaa;
0.767;0.604,0.577,0.507,0.104,0.104,0.0274,0.289,0.818,0.341,0.289;a;
0.45;0.835,0.628,0.0645,0.147,0.147,0.724,0.0429,0.171,0.328,0.0131;aaaaa;
0.988;0.87,0.0294,0.554,0.389,0.566,0.119,0.97,0.942,0.572,0.569;aaaa;
0.59;0.59,0.886,0.0484,0.554,0.232,0.325,0.55,0.878,0.595,0.397;aaaa;
0.159;0.834,0.272,0.372,0.59,0.284,0.432,0.025,0.43,0.768,0.219;aaaaaaaaa;
0.607;0.651,0.455,0.346,0.753,0.456,0.928,0.16,0.639,0.0958,0.261;aa;
0.143;0.277,0.687,0.913,0.657,0.788,0.138,0.576,0.805,0.58,0.391;aaaa;
0.791;0.235,0.831,0.0737,0.121,0.37,0.536,0.72,0.332,0.788,0.653;aaaaa;
0.64;0.62,0.81,0.902,0.314,0.0764,0.893,0.052,0.527,0.743,0.444;aaa;
0.212;0.489,0.882,0.581,0.515,0.463,0.972,0.958,0.42,0.592,0.826;aaaaaaaaaa;
0.602;0.155,0.517,0.365,0.0463,0.689,0.972,0.504,0.186,0.398,0.771;aaaaaaaa;
0.984;0.201,0.849,0.512,0.376,0.957,0.668,0.159,0.368,0.832,0.457;aaaaaa;
0.556;0.879,0.514,0.445,0.885,0.0831,0.894,0.471,0.725,0.061,0.623;aaaa;
0.504;0.0218,0.442,0.122,0.335,0.961,0.438,0.924,0.41,0.0307,0.065;aaa;
0.391;0.358,0.134,0.746,0.115,0.754,0.61,0.609,0.689,0.522,0.0911;aaa;
0.31;0.778,0.276,0.851,0.738,0.986,0.4,0.778,0.68,0.276,0.757;aaa;
0.698;0.573,0.259,0.562,0.682,0.688,0.0452,0.596,0.881,0.307,0.0097;aaaaa;
0.221;0.461,0.759,0.403,0.46,0.87,0.263,0.475,0.102,0.287,0.35;aaaaaaaaa;
0.665;0.00191,0.151,0.0814,0.587,0.548,0.983,0.329,0.149,0.793,0.252;aaaa;
0.038;0.611,0.588,0.883,0.742,0.787,0.336,0.344,0.245,0.786,0.448;aaaaa;
0.107;0.787,0.22,0.589,0.321,0.288,0.829,0.894,0.224,0.0308,0.0683;aaaa;
0.0166;0.351,0.818,0.97,0.853,0.897,0.172,0.227,0.336,0.805,0.347;aaaaaaa;
0.177;0.74,0.318,0.5,0.979,0.222,0.0022,0.0272,0.296,0.356,0.809;aaaaaaaaa;
0.00503;0.557,0.912,0.93,0.284,0.058,0.237,0.085,0.323,0.962,0.486;aaaaaaaaa;
0.667;0.224,0.674,0.418,0.722,0.673,0.835,0.144,0.719,0.125,0.591;aaaaaaaa;
0.464;0.946,0.806,0.102,0.414,0.846,0.737,0.689,0.564,0.482,0.124;aaaaaaaa;
0.893;0.809,0.825,0.0188,0.917,0.0915,0.929,0.606,0.192,0.25,0.92;aaaaaaa;
0.549;0.577,0.633,0.546,0.502,0.794,0.56,0.532,0.229,0.941,0.517;aaaaaaaaaa;
0.961;0.376,0.789,0.657,0.53,0.349,0.347,0.618,0.905,0.955,0.463;aaaaaaaaa;
0.938;0.0284,0.971,0.167,0.0928,0.661,0.712,0.148,0.477,0.541,0.363;aaaaaaaa;
0.54;0.504,0.786,0.0638,0.823,0.824,0.96,0.153,0.689,0.292,0.147;aa;
0.406;0.338,0.494,0.977,0.435,0.853,0.865,0.222,0.0217,0.77,0.851;aaaaaaa;
0.669;0.814,0.00492,0.856,0.172,0.887,0.566,0.18,0.613,0.122,0.104;aaaaaaa;
0.189;0.824,0.759,0.557,0.681,0.305,0.446,0.632,0.67,0.284,0.628;aaaaaaaa;
0.136;0.86,0.103,0.146,0.854,0.353,0.827,0.757,0.672,0.0138,0.909;aaaaaaaa;
0.171;0.0266,0.194,0.393,0.691,0.662,0.294,0.636,0.481,0.831,0.862;aaaaa;
0.263;0.267,0.213,0.172,0.065,0.708,0.912,0.602,0.278,0.671,0.995;aaaaaaa;
0.165;0.651,0.588,0.569,0.534,0.407,0.578,0.534,0.571,0.00769,0.475;aa;
0.96;0.0716,0.0921,0.669,0.481,0.956,0.735,0.422,0.0328,0.828,0.35;aaaaaaa;
0.227;0.314,0.291,0.954,0.0729,0.737,0.0132,0.385,0.19,0.922,0.422;aaaaaa;
0.742;0.936,0.129,0.317,0.931,0.0549,0.0536,0.847,0.0614,0.432,0.611;aa;
0.219;0.0281,0.664,0.234,0.0077,0.946,0.988,0.0311,0.122,0.498,0.513;aa;
0.654;0.442,0.507,0.591,0.986,0.281,0.535,0.0324,0.78,0.673,0.854;aaaa;
0.652;0.391,0.0561,0.113,0.769,0.856,0.43,0.967,0.763,0.946,0.464;aaaaaa;
0.412;0.597,0.142,0.907,0.284,0.939,0.146,0.907,0.0557,0.811,0.556;aaaaa;
0.259;0.95,0.993,0.716,0.0101,0.938,0.165,0.488,0.373,0.79,0.386;a;
0.841;0.578,0.447,0.27,0.917,0.381,0.521,0.583,0.167,0.969,0.31;aaaaaaaaa;
0.772;0.698,0.988,0.0045,0.00334,0.936,0.197,0.863,0.61,0.155,0.756;aaaa;
0.919;0.237,0.204,0.64,0.425,0.114,0.0669,0.794,0.00398,0.0261,0.832;aaaaa;
0.962;0.668,0.166,0.748,0.632,0.401,0.208,0.933,0.19,0.529,0.884;aaaaaaaaa;
0.537;0.216,0.889,0.0918,0.773,0.417,0.27,0.646,0.669,0.0873,0.843;aaaaaaaaaa;
0.0826;0.752,0.114,0.929,0.356,0.0101,0.883,0.405,0.961,0.215,0.339;a;
0.659;0.0346,0.246,0.511,0.563,0.199,0.596,0.0706,0.609,0.998,0.333;aaaa;
0.945;0.0538,0.744,0.225,0.478,0.758,0.924,0.562,0.676,0.982,0.449;aaaaaaaa;
0.624;0.431,0.384,0.474,0.673,0.897,0.931,0.192,0.69,0.171,0.053;aaaaaa;
0.415;0.813,0.719,0.607,0.129,0.0168,0.918,0.716,0.135,0.0205,0.737;aaaaaaaaaa;
0.63;0.366,0.543,0.999,0.79,0.678,0.645,0.867,0.362,0.286,0.824;aaaaaaaa;
0.54;0.282,0.544,0.292,0.965,0.296,0.813,0.724,0.24,0.529,0.109;aaaa;
0.0711;0.687,0.916,0.372,0.0544,0.466,0.442,0.775,0.239,0.887,0.711;aaaa;
0.444;0.123,0.513,0.156,0.114,0.607,0.326,0.021,0.801,0.911,0.637;aaaaaaaa;
0.8;0.301,0.934,0.366,0.919,0.566,0.164,0.779,0.408,0.2,0.484;aaaaaaaaaa;
0.304;0.347,0.694,0.553,0.426,0.843,0.116,0.548,0.549,0.473,0.942;aaaaaa;
0.452;0.192,0.873,0.694,0.000425,0.151,0.412,0.612,0.6,0.35,0.136;a;
0.267;0.298,0.827,0.1,0.656,0.12,0.825,0.0523,0.426,0.753,0.522;aaaaaaaaaa;
0.83;0.193,0.896,0.665,0.388,0.0412,0.378,0.331,0.284,0.627,0.411;aaaaaaaaaa;
0.339;0.729,0.356,0.765,0.422,0.354,0.862,0.374,0.362,0.833,0.737;aaa;
0.941;0.541,0.0354,0.0335,0.438,0.709,0.422,0.842,0.501,0.46,0.665;aaaaa;
0.498;0.241,0.172,0.417,0.129,0.316,0.832,0.927,0.491,0.957,0.357;a;
0.173;0.522,0.481,0.664,0.278,0.723,0.0114,0.911,0.503,0.871,0.841;aaaa;
0.267;0.585,0.615,0.311,0.809,0.539,0.382,0.83,0.368,0.799,0.765;aaaaa;
0.21;0.886,0.469,0.117,0.72,0.528,0.679,0.952,0.829,0.695,0.493;aaaaaaaa;
0.126;0.141,0.977,0.67,0.35,0.542,0.647,0.0118,0.94,0.222,0.246;aaaa;
0.136;0.839,0.00259,0.963,0.335,0.717,0.19,0.799,0.624,0.21,0.329;aaa;
0.457;0.493,0.673,0.808,0.63,0.651,0.829,0.0409,0.134,0.214,0.818;aa;
0.368;0.871,0.12,0.903,0.253,0.661,0.167,0.446,0.45,0.87,0.565;aaaaaaa;
0.357;0.176,0.0368,0.142,0.26,0.91,0.514,0.98,0.637,0.127,0.186;aaaaaaa;
0.498;0.614,0.3,0.386,0.569,0.784,0.749,0.863,0.634,0.742,0.651;aaaaa;
0.0466;0.844,0.216,0.723,0.916,0.487,0.773,0.212,0.63,0.934,0.337;aaaaaaaaaa;
0.784;0.403,0.209,0.905,0.29,0.498,0.142,0.102,0.159,0.244,0.0918;aaaaaaaaa;
0.836;0.0821,0.892,0.994,0.316,0.641,0.796,0.123,0.68,0.824,0.387;aaaaaaa;
0.577;0.456,0.301,0.6,0.44,0.211,0.309,0.502,0.931,0.091,0.597;aaa;
0.681;0.874,0.448,0.212,0.0288,0.0107,0.488,0.87,0.91,0.0555,0.391;aaaaaaaaaa;
0.417;0.23,0.904,0.268,0.938,0.258,0.00197,0.782,0.163,0.775,0.189;aaaaaaaa;
0.0998;0.757,0.625,0.254,0.69,0.356,0.715,0.175,0.424,0.38,0.189;aaaaaaaaa;
0.876;0.0927,0.436,0.172,0.761,0.741,0.72,0.296,0.835,0.722,0.00169;aaaaaaa;
0.46;0.562,0.611,0.129,0.165,0.633,0.786,0.614,0.759,0.892,0.894;a;
0.0815;0.453,0.676,0.367,0.943,0.472,0.359,0.103,0.294,0.273,0.813;aaaa;
0.214;0.0972,0.399,0.0478,0.344,0.982,0.337,0.343,0.0917,0.746,0.596;aaaaaaaaa;
0.55;0.787,0.585,0.524,0.953,0.196,1,0.302,0.383,0.651,0.3;aaaaaaaaa;
0.825;0.174,0.412,0.802,0.242,0.84,0.2,0.117,0.217,0.632,0.552;aaaaaa;
0.854;0.0462,0.653,0.213,0.302,0.26,0.749,0.163,0.866,0.391,0.864;aaaaaaaaa;
0.536;0.418,0.574,0.389,0.567,0.393,0.686,0.911,0.627,0.459,0.768;aaaaaaa;
0.712;0.656,0.23,0.00144,0.695,0.097,0.0428,0.55,0.771,0.531,0.434;a;
0.288;0.102,0.671,0.0344,0.925,0.826,0.92,0.873,0.643,0.387,0.237;aaaaaaaaaa;
0.69;0.796,0.46,0.227,0.257,0.0284,0.142,0.855,0.781,0.698,0.847;aa;
0.356;0.38,0.799,0.535,0.463,0.537,0.311,0.594,0.878,0.968,0.59;aaaaaa;
0.832;0.0288,0.852,0.819,0.54,0.00911,0.389,0.247,0.519,0.655,0.946;aaa;
0.886;0.0676,0.886,0.816,0.359,0.815,0.498,0.921,0.37,0.761,0.986;aaaaaaaaaa;
0.783;0.419,0.433,0.201,0.395,0.709,0.369,0.132,0.35,0.234,0.915;aaaaaa;
0.291;0.494,0.788,0.0705,0.783,0.0362,0.584,0.527,0.592,0.246,0.848;aaaa;
0.184;0.715,0.648,0.735,0.748,0.83,0.266,0.94,0.0582,0.0391,0.977;aaaa;
0.0429;0.696,0.285,0.0825,0.691,0.369,0.274,0.359,0.132,0.258,0.892;aaaaaaaaa;
0.543;0.204,0.735,0.0642,0.632,0.65,0.624,0.485,0.511,0.95,0.185;a;
0.784;0.624,0.0261,0.656,0.324,0.655,0.835,0.0562,0.467,0.119,0.539;aa;
0.308;0.449,0.584,0.704,0.756,0.506,0.536,0.385,0.321,0.121,0.935;aaaaaaaaa;
0.732;0.401,0.25,0.676,0.408,0.813,0.364,0.286,0.318,0.346,0.445;aaaa;
0.102;0.706,0.0323,0.389,0.755,0.518,0.692,0.0929,0.162,0.942,0.528;aa;
0.671;0.949,0.206,0.929,0.69,0.15,0.546,0.458,0.471,0.432,0.0355;aaaaaa;
0.0731;0.715,0.855,0.923,0.838,0.179,0.13,0.715,0.19,0.699,0.468;aaaaa;
0.907;0.284,0.513,0.054,0.558,0.926,0.351,0.346,0.603,0.382,0.826;aaaaa;
0.433;0.793,0.485,0.0844,0.671,0.0825,0.399,0.804,0.918,0.571,0.472;aaaaaaaaaa;
0.774;0.374,0.112,0.164,0.999,0.666,0.255,0.833,0.119,0.0911,0.362;aaaa;
0.633;0.714,0.69,0.385,0.641,0.556,0.416,0.654,0.15,0.122,0.652;aaaa;
0.689;0.162,0.674,0.693,0.333,0.844,0.501,0.78,0.371,0.207,0.393;aaaa;
0.912;0.645,0.356,0.0577,0.0235,0.299,0.5,0.64,0.809,0.904,0.225;aaaaaaaaa;
0.258;0.116,0.81,0.00649,0.466,0.133,0.355,0.289,0.0505,0.772,0.409;aaaaaaaa;
0.347;0.809,0.554,0.471,0.962,0.143,0.485,0.173,0.0281,0.255,0.819;aaaaaaa;
0.111;0.161,0.503,0.56,0.474,0.21,0.174,0.606,0.0105,0.336,0.895;aaaaaa;
0.591;0.663,0.45,0.0355,0.613,0.405,0.806,0.219,0.887,0.47,0.585;aaaaaaaaa;
0.123;0.162,0.119,0.555,0.235,0.989,0.545,0.776,0.319,0.681,0.49;aaaaaaaa;
0.828;0.492,0.922,0.77,0.408,0.319,0.664,0.987,0.355,0.136,0.00699;aa;
0.244;0.748,0.713,0.0804,0.26,0.997,0.325,0.687,0.691,0.894,0.471;a;
0.786;0.935,0.255,0.53,0.565,0.943,0.6,0.175,0.91,0.304,0.743;aaa;
0.557;0.587,0.0391,0.0747,0.768,0.611,0.0564,0.68,0.723,0.996,0.287;aaaaaaa;
0.728;0.72,0.652,0.83,0.721,0.536,0.631,0.611,0.649,0.905,0.273;aaa;
0.482;0.871,0.0156,0.739,0.44,0.704,0.148,0.0752,0.567,0.835,0.0537;aaaaaaa;
0.0125;0.688,0.827,0.224,0.316,0.614,0.809,0.712,0.727,0.572,0.477;aaa;
0.0393;0.622,0.756,0.621,0.306,0.109,0.0264,0.162,0.0933,0.0362,0.0281;aaaaaaa;
0.227;0.789,0.567,0.153,0.42,0.103,0.982,0.141,0.914,0.996,0.811;aaaaaaaaaa;
0.943;0.239,0.251,0.929,0.0282,0.141,0.894,0.698,0.0246,0.285,0.645;aaaaaaaa;
0.52;0.852,0.224,0.172,0.507,0.689,0.685,0.822,0.83,0.502,0.21;aaa;
0.248;0.377,0.177,0.288,0.249,0.708,0.953,0.677,0.522,0.547,0.743;aaa;
0.312;0.949,0.0102,0.195,0.281,0.543,0.337,0.168,0.857,0.0825,0.708;aa;
0.484;0.753,0.594,0.743,0.739,0.597,0.313,0.643,0.285,0.303,0.165;aaaaaa;
0.407;0.38,0.0865,0.888,0.826,0.78,0.733,0.137,0.938,0.181,0.795;aaaa;
0.171;0.67,0.552,0.322,0.397,0.0354,0.548,0.645,0.695,0.672,0.673;aaa;
0.348;0.762,0.735,0.206,0.78,0.34,0.909,0.76,0.692,0.291,0.175;aa;
0.602;0.439,0.285,0.386,0.716,0.615,0.337,0.997,0.427,0.65,0.455;aaaaaa;
0.323;0.617,0.346,0.00545,0.169,0.799,0.644,0.558,0.377,0.137,0.297;aaa;
0.256;0.789,0.148,0.493,0.246,0.814,0.91,0.459,0.15,0.969,0.217;aa;
0.961;0.606,0.464,0.202,0.984,0.683,0.442,0.108,0.769,0.789,0.814;aaaaaaaaa;
0.29;0.0722,0.567,0.0397,0.174,0.365,0.556,0.565,0.402,0.0542,0.978;aaaaaaaa;
0.309;0.302,0.964,0.353,0.933,0.418,0.7,0.338,0.153,0.957,0.704;aaaaa;
0.963;0.192,0.814,0.477,0.777,0.36,0.0324,0.197,0.997,0.437,0.902;aaaaaaaaa;
0.723;0.429,0.167,0.314,0.867,0.826,0.398,0.357,0.38,0.26,0.124;aaaaaaaaaa;
0.792;0.529,0.452,0.0953,0.0759,0.176,0.979,0.262,0.247,0.23,0.294;aaaa;
0.641;0.107,0.558,0.573,0.958,0.488,0.676,0.748,0.848,0.736,0.828;aaaa;
0.86;0.318,0.3,0.233,0.034,0.779,0.775,0.422,0.566,0.334,0.0359;aaaaaaaaa;
0.209;0.158,0.177,0.948,0.714,0.274,0.383,0.0323,0.968,0.201,0.412;aaaaaa;
0.411;0.736,0.782,0.699,0.939,0.241,0.884,0.0174,0.437,0.176,0.627;aaaaaaaa;
0.436;0.0883,0.315,0.903,0.0439,0.385,0.026,0.02,0.531,0.964,0.725;aaaaaaa;
0.524;0.572,0.306,0.118,0.465,0.701,0.23,0.435,0.46,0.533,0.632;aaaaa;
0.625;0.772,0.988,0.386,0.899,0.15,0.216,0.0165,0.0131,0.498,0.00593;aaaaaaaaaa;
0.466;0.577,0.71,0.607,0.776,0.988,0.965,0.661,0.0971,0.013,0.985;aaa;
0.468;0.224,0.616,0.0128,0.503,0.445,0.674,0.664,0.73,0.0964,0.786;aaaaaa;
0.707;0.726,0.698,0.417,0.6,0.607,0.722,0.58,0.128,0.125,0.651;aaaaa;
0.138;0.76,0.746,0.934,0.177,0.494,0.0605,0.849,0.262,0.535,0.299;aaaa;
0.214;0.752,0.144,0.758,0.373,0.521,0.567,0.233,0.51,0.369,0.69;aaaaa;
0.926;0.645,0.569,0.278,0.334,0.361,0.183,0.791,0.174,0.274,0.092;aaaa;
0.22;0.218,0.622,0.395,0.323,0.64,0.289,0.505,0.861,0.853,0.397;aaaaaaaaa;
0.955;0.299,0.428,0.292,0.365,0.283,0.905,0.913,0.744,0.332,0.448;aaaa;
0.347;0.3,0.734,0.895,0.877,0.913,0.297,0.105,0.000757,0.736,0.993;aaa;
0.00474;0.235,0.826,0.151,0.475,0.644,0.918,0.631,0.409,0.43,0.279;aaaaaaaaa;
0.781;0.43,0.578,0.969,0.328,0.778,0.343,0.697,0.134,0.468,0.427;aaaaaaa;
0.0448;0.467,0.97,0.0108,0.947,0.27,0.622,0.905,0.934,0.298,0.2;aaaaaa;
0.868;0.194,0.689,0.658,0.551,0.481,0.131,0.421,0.208,0.285,0.0901;aaaaa;
0.294;0.269,0.337,0.763,0.165,0.414,0.484,0.919,0.634,0.315,0.165;aaaaaaa;
0.566;0.362,0.037,0.517,0.12,0.308,0.334,0.369,0.913,0.23,0.336;aaaa;
0.243;0.0446,0.446,0.678,0.755,0.823,0.255,0.706,0.617,0.831,0.275;aaaaaaa;
0.737;0.0135,0.408,0.439,0.524,0.277,0.198,0.674,0.877,0.578,0.153;aa;
0.543;0.0979,0.24,0.165,0.205,0.888,0.92,0.525,0.799,0.992,0.0535;aaaaaaaaa;
0.733;0.404,0.491,0.00631,0.0488,0.257,0.984,0.365,0.36,0.213,0.991;a;
0.0886;0.916,0.978,0.372,0.948,0.296,0.232,0.806,0.284,0.247,0.345;aaaaaaaaaa;
0.779;0.781,0.311,0.331,0.0652,0.239,0.797,0.785,0.777,0.656,0.537;aaaaaaaaaa;
0.303;0.0984,0.565,0.27,0.297,0.851,0.313,0.0493,0.766,0.625,0.643;a;
0.197;0.277,0.439,0.9,0.928,0.753,0.968,0.319,0.945,0.276,0.499;aaa;
0.908;0.289,0.364,0.839,0.643,0.813,0.69,0.169,0.773,0.958,0.789;aaa;
0.192;0.0636,0.283,0.0819,0.296,0.625,0.525,0.781,0.238,0.829,0.0491;aaaaaaaaa;
0.892;0.974,0.172,0.541,0.721,0.067,0.501,0.114,0.315,0.0888,0.0124;aaaaaa;
0.451;0.757,0.119,0.48,0.187,0.36,0.866,0.794,0.908,0.351,0.123;aaaaa;
0.0136;0.404,0.962,0.565,0.144,0.0841,0.796,0.294,0.612,0.755,0.685;aaaaaaa;
0.24;0.146,0.353,0.995,0.435,0.578,0.0884,0.116,0.848,0.665,0.132;a;
0.353;0.291,0.72,1,0.956,0.589,0.771,0.767,0.38,0.26,0.967;aaaaaaaa;
0.874;0.872,0.891,0.737,0.296,0.174,0.452,0.456,0.964,0.787,0.315;aa;
0.153;0.344,0.484,0.712,0.758,0.699,0.645,0.027,0.272,0.829,0.203;a;
0.191;0.256,0.544,0.568,0.774,0.345,0.54,0.902,0.228,0.398,0.709;aaaa;
0.378;0.458,0.32,0.578,0.259,0.209,0.402,0.0891,0.212,0.489,0.293;aa;
0.364;0.327,0.16,0.666,0.747,0.263,0.0951,0.692,0.943,0.723,0.891;aaaaaaaaaa;
0.324;0.0848,0.359,0.993,0.409,0.0448,0.767,0.889,0.385,0.0608,0.725;a;
0.818;0.712,0.175,0.568,0.566,0.262,0.0575,0.888,0.831,0.501,0.79;aaa;
0.0118;0.166,0.0508,0.565,0.499,0.195,0.806,0.227,0.46,0.0338,0.0234;aaaaaaa;
0.51;0.0823,0.904,0.117,0.828,0.311,0.935,0.561,0.182,0.129,0.624;aaa;
0.442;0.215,0.721,0.486,0.83,0.404,0.226,0.199,0.895,0.349,0.949;aaaaaaaa;
0.986;0.281,0.453,0.224,0.727,0.765,0.487,0.0111,0.267,0.379,0.453;aaaaaaaaaa;
0.318;0.79,0.221,0.846,0.658,0.746,0.693,0.93,0.483,0.209,0.872;aaaaa;
0.299;0.424,0.0594,0.773,0.331,0.485,0.834,0.464,0.415,0.539,0.379;aaa;
0.764;0.245,0.401,0.498,0.739,0.36,0.812,0.644,0.581,0.655,0.954;aaaa;
0.34;0.906,0.66,0.414,0.682,0.525,0.899,0.412,0.86,0.212,0.401;aaaa;
0.778;0.871,0.0119,0.632,1,0.423,0.746,0.783,0.193,0.244,0.185;aaaaaaaaaa;
0.578;0.141,0.0908,0.299,0.896,0.0274,0.378,0.672,0.00822,0.769,0.396;aaaaaaaaa;
0.975;0.0277,0.782,0.292,0.611,0.483,0.621,0.0729,0.619,0.954,0.968;a;
0.198;0.0828,0.17,0.38,0.849,0.574,0.825,0.109,0.717,0.258,0.712;aaaaa;
0.271;0.882,0.15,0.837,0.0385,0.986,0.338,0.65,0.847,0.458,0.883;aaaaaaaaaa;
0.154;0.0198,0.645,0.547,0.347,0.0619,0.389,0.492,0.944,0.92,0.191;aaaaaaa;
0.203;0.753,0.292,0.403,0.961,0.411,0.287,0.615,0.592,0.71,0.682;aaa;
0.338;0.961,0.602,0.473,0.366,0.136,0.148,0.0749,0.754,0.666,0.951;aaaa;
0.337;0.24,0.6,0.588,0.539,0.333,0.778,0.982,0.0548,0.971,0.777;aaaaaaa;
0.387;0.669,0.243,0.943,0.136,0.0489,0.959,0.0913,0.486,0.99,0.835;aaaaaaaa;
0.578;0.584,0.415,0.377,0.256,0.312,0.0273,0.0538,0.656,0.424,0.395;aaaaa;
0.357;0.945,0.398,0.541,0.932,0.9,0.0949,0.814,0.767,0.143,0.14;aaaaaaaaaa;
0.743;0.61,0.637,0.00282,0.0522,0.822,0.894,0.385,0.426,0.564,0.744;aaaa;
0.965;0.201,0.562,0.808,0.777,0.902,0.502,0.979,0.123,0.771,0.764;aaaa;
0.253;0.195,0.446,0.702,0.602,0.95,0.975,0.73,0.67,0.238,0.0296;a;
0.341;0.0329,0.115,0.439,0.427,0.864,0.55,0.594,0.861,0.401,0.399;aaaaaa;
0.614;0.278,0.217,0.51,0.617,0.464,0.558,0.932,0.737,0.175,0.592;aaaaaaaaa;
0.225;0.377,0.377,0.11,0.656,0.811,0.655,0.944,0.233,0.546,0.61;aaaaaaaaaa;
0.479;0.806,0.82,0.739,0.523,0.998,0.253,0.709,0.225,0.877,0.0793;aaa;
0.836;0.131,0.173,0.944,0.874,0.453,0.0683,0.379,0.599,0.419,0.854;aaaaaaaaaa;
0.144;0.851,0.585,0.276,0.767,0.0309,0.211,0.509,0.145,0.918,0.487;aa;
0.432;0.898,0.342,0.697,0.592,0.436,0.548,0.718,0.0775,0.322,0.609;a;
0.284;0.506,0.441,0.936,0.244,0.2,0.634,0.196,0.869,0.000511,0.627;aaaaaaaaaa;
0.764;0.742,0.978,0.272,0.435,0.982,0.915,0.0243,0.0415,0.441,0.0652;aaaaaaa;
0.282;0.35,0.868,0.228,0.0258,0.865,0.425,0.715,0.484,0.476,0.978;aaaaaaaaa;
0.203;0.144,0.615,0.0525,0.233,0.122,0.201,0.518,0.873,0.602,0.289;aaaaa;
0.494;0.51,0.888,0.784,0.00164,0.7,0.334,0.552,0.982,0.653,0.725;a;
0.0974;0.975,0.0069,0.205,0.821,0.277,0.478,0.814,0.448,0.564,0.741;aaaaa;
0.966;0.953,0.776,0.218,0.589,0.05,0.708,0.844,0.735,0.701,0.314;aaaaaaa;
0.421;0.324,0.27,0.77,0.52,0.181,0.674,0.0595,0.05,0.551,0.957;aaaa;
0.499;0.821,0.754,0.673,0.337,0.774,0.816,0.0379,0.898,0.207,0.982;a;
0.27;0.58,0.786,0.695,0.133,0.35,0.0172,0.385,0.203,0.742,0.468;aaaaa;
0.525;0.119,0.45,0.803,0.385,0.883,0.669,0.542,0.116,0.467,0.746;aaaaaaaa;
0.604;0.765,0.285,0.664,0.538,0.745,0.00275,0.587,0.015,0.231,0.0872;aaaaa;
0.94;0.9,0.496,0.353,0.659,0.604,0.264,0.763,0.301,0.691,0.814;aaaaaaaa;
0.258;0.149,0.641,0.249,0.929,0.606,0.00132,0.556,0.693,0.167,0.449;a;
0.106;0.919,0.451,0.514,0.418,0.923,0.435,0.878,0.852,0.478,0.857;aaaaaaaaa;
0.644;0.862,0.581,0.486,0.929,0.249,0.209,0.243,0.945,0.765,0.694;a;
0.0457;0.614,0.705,0.401,0.458,0.62,0.159,0.567,0.0639,0.417,0.285;aaaaa;
0.151;0.701,0.263,0.339,0.0104,0.224,0.729,0.45,0.197,0.0704,0.0265;aaaaaaa;
0.683;0.477,0.764,0.249,0.422,0.334,0.486,0.505,0.321,0.761,0.957;aaaaa;
0.0396;0.0601,0.537,0.883,0.74,0.337,0.697,0.879,0.636,0.158,0.435;a;
0.131;0.569,0.36,0.245,0.718,0.613,0.835,0.265,0.0224,0.732,0.407;aaaaaaa;
0.566;0.593,0.208,0.66,0.375,0.994,0.996,0.0492,0.191,0.209,0.743;aaaaaa;
0.734;0.125,0.0681,0.85,0.402,0.164,0.193,0.969,0.104,0.0931,0.941;aaaaa;
0.0501;0.338,0.59,0.6,0.0949,0.298,0.685,0.358,0.944,0.599,0.707;aaaaaaaaa;
0.753;0.161,0.116,0.59,0.161,0.549,0.943,0.614,0.649,0.862,0.247;aaaaaaaaa;
0.633;0.424,0.255,0.645,0.822,0.752,0.329,0.876,0.0821,0.21,0.846;aa;
0.264;0.917,0.685,0.775,0.905,0.608,0.242,0.142,0.638,0.709,0.45;aaaa;
0.86;0.701,0.894,0.215,0.0799,0.651,0.489,0.921,0.314,0.723,0.708;aaaaaaaa;
0.745;0.538,0.566,0.0956,0.746,0.504,0.984,0.326,0.436,0.313,0.814;aaaaa;
0.848;0.391,0.669,0.0141,0.48,0.129,0.78,0.99,0.716,0.668,0.705;aaaaaaaa;
0.0486;0.589,0.78,0.16,0.0772,0.385,0.931,0.36,0.816,0.033,0.941;a;
0.0334;0.523,0.392,0.978,0.632,0.623,0.593,0.185,0.751,0.802,0.917;aaaaaaaaaa;
0.716;0.761,0.277,0.368,0.255,0.814,0.647,0.188,0.113,0.799,0.615;aaaaaaa;
0.595;0.13,0.547,0.153,0.672,0.983,0.483,0.244,0.856,0.191,0.578;a;
0.0208;0.931,0.323,0.761,0.514,0.0222,0.808,0.343,0.788,0.365,0.0352;aa;
0.457;0.655,0.114,0.834,0.825,0.0479,0.981,0.507,0.226,0.979,0.786;a;
0.908;0.573,0.92,0.0286,0.875,0.177,0.284,0.708,0.391,0.845,0.527;aaa;
0.474;0.423,0.699,0.666,0.0427,0.912,0.313,0.533,0.921,0.269,0.299;aaaaaaa;
0.166;0.108,0.0953,0.82,0.368,0.75,0.406,0.565,0.429,0.507,0.851;aaa;
0.516;0.336,0.0847,0.877,0.84,0.074,0.0475,0.928,0.734,0.546,0.444;aaaaaa;
0.572;0.0479,0.38,0.23,0.56,0.331,0.779,0.264,0.284,0.886,0.403;aaaa;
0.339;0.92,0.839,0.829,0.243,0.0102,0.592,0.188,0.156,0.853,0.73;aaaaaaa;
0.64;0.962,0.806,0.549,0.2,0.851,0.932,0.405,0.933,0.471,0.111;aaaaaaaaaa;
0.236;0.657,0.176,0.706,0.793,0.484,0.574,0.274,0.342,0.0872,0.796;aaaa;
0.451;0.133,0.231,0.39,0.579,0.343,0.631,0.553,0.742,0.983,0.786;a;
0.619;0.0931,0.583,0.466,0.677,0.472,0.416,0.617,0.472,0.114,0.236;aaaaaaaaa;
0.704;0.173,0.355,0.58,0.575,0.507,0.388,0.214,0.56,0.235,0.286;aaa;
0.945;0.315,0.867,0.244,0.0645,0.883,0.238,0.907,0.0664,0.957,0.463;a;
0.644;0.156,0.612,0.549,0.639,0.0352,0.71,0.271,0.738,0.645,0.165;aaaaa;
0.201;0.696,0.869,0.741,0.646,0.981,0.805,0.877,0.266,0.979,0.453;aa;
0.585;0.716,0.66,0.624,0.302,0.245,0.583,0.0247,0.894,0.937,0.347;aaa;
0.608;0.143,0.647,0.228,0.424,0.163,0.44,0.945,0.681,0.747,0.729;aa;
0.618;0.672,0.139,0.962,0.21,0.368,0.794,0.531,0.152,0.141,0.472;aaaaaa;
0.115;0.39,0.763,0.975,0.353,0.117,0.446,0.254,0.569,0.237,0.152;a;
0.696;0.698,0.0412,0.519,0.954,0.397,0.88,0.927,0.893,0.921,0.483;aaaaaaaaaa;
0.212;0.701,0.0366,0.94,0.728,0.331,0.733,0.818,0.922,0.109,0.935;a;
0.425;0.236,0.0925,0.609,0.248,0.904,0.477,0.653,0.297,0.11,0.332;aaa;
0.485;0.45,0.568,0.498,0.948,0.94,0.181,0.672,0.991,0.874,0.215;aa;
0.824;0.498,0.482,0.3,0.682,0.278,0.62,0.759,0.753,0.299,0.878;aaaaaaa;
0.187;0.635,0.153,0.693,0.844,0.642,0.955,0.119,0.0123,0.986,0.909;aaaa;
0.294;0.27,0.486,0.295,0.899,0.064,0.36,0.478,0.679,0.219,0.0243;aaaaaaa;
0.722;0.939,0.883,0.229,0.266,0.286,0.814,0.00727,0.76,0.451,0.135;a;
0.168;0.231,0.5,0.491,0.178,0.184,0.211,0.322,0.24,0.887,0.817;a;
0.851;0.637,0.299,0.639,0.381,0.302,0.978,0.154,0.11,0.957,0.621;aaaaaa;
0.449;0.896,0.128,0.972,0.474,0.122,0.705,0.698,0.571,0.444,0.452;aa;
0.892;0.00289,0.194,0.757,0.0518,0.563,0.412,0.448,0.664,0.419,0.56;aaaaaaa;
0.376;0.527,0.025,0.773,0.724,0.532,0.291,0.371,0.306,0.192,0.607;a;
0.629;0.841,0.78,0.245,0.727,0.387,0.321,0.947,0.223,0.0906,0.463;aaaaaaaaa;
0.12;0.284,0.668,0.0523,0.342,0.291,0.802,0.149,0.918,0.24,0.287;aaaaaa;
0.322;0.787,0.483,0.0703,0.702,0.011,0.0703,0.201,0.225,0.0333,0.737;aaa;
0.54;0.738,0.977,0.795,0.161,0.476,0.359,0.153,0.0575,0.0894,0.697;aaa;
0.403;0.261,0.395,0.869,0.411,0.162,0.333,0.108,0.533,0.957,0.72;aaaaaaaaa;
0.597;0.24,0.631,0.907,0.3,0.607,0.24,0.603,0.868,0.858,0.304;aaaa;
0.846;0.399,0.0586,0.211,0.887,0.986,0.991,0.507,0.751,0.234,0.139;aaaaaaa;
0.96;0.353,0.788,0.349,0.379,0.836,0.9,0.206,0.637,0.867,0.127;aaaaaaa;
0.252;0.0791,0.812,0.652,0.931,0.57,0.792,0.138,0.0545,0.844,0.933;aaaa;
0.286;0.221,0.788,0.521,0.787,0.926,0.941,0.122,0.62,0.862,0.163;aaaaaaaa;
0.161;0.356,0.374,0.359,0.147,0.652,0.0238,0.625,0.62,0.298,0.972;aaaa;
0.938;0.266,0.36,0.499,0.324,0.694,0.885,0.12,0.867,0.292,0.0339;aaaaa;
0.125;0.583,0.439,0.154,0.439,0.57,0.39,0.47,0.419,0.561,0.711;aaaa;
0.373;0.311,0.387,0.495,0.593,0.0989,0.576,0.804,0.272,0.576,0.145;aaa;
0.22;0.366,0.169,0.361,0.509,0.486,0.305,0.111,0.745,0.739,0.393;aaaaaaaaa;
0.637;0.94,0.965,0.0558,0.226,0.417,0.555,0.346,0.855,0.571,0.226;aaaaaaaaaa;
0.319;0.0717,0.781,0.976,0.421,0.322,0.834,0.616,0.801,0.373,0.253;aa;
0.724;0.109,0.399,0.00556,0.418,0.405,0.252,0.0394,0.861,0.24,0.0678;aaaaa;
0.844;0.485,0.953,0.38,0.0143,0.703,0.663,0.424,0.362,0.271,0.205;a;
0.586;0.787,0.704,0.528,0.283,0.14,0.74,0.325,0.0262,0.896,0.0304;a;
0.381;0.3,0.915,0.407,0.282,0.0329,0.183,0.229,0.45,0.103,0.283;aaaaaaaaaa;
0.0879;0.0357,0.276,0.341,0.47,0.153,0.365,0.363,0.924,0.231,0.447;aaaaaaaaaa;
0.201;0.193,0.328,0.486,0.755,0.361,0.142,0.901,0.27,0.0553,0.784;a;
0.0208;0.968,0.121,0.451,0.318,0.239,0.229,0.177,0.856,0.99,0.484;aaaa;
0.00675;0.639,0.25,0.646,0.381,0.373,0.861,0.673,0.855,0.563,0.893;aaaaaaaa;
0.455;0.517,0.624,0.856,0.617,0.277,0.353,0.163,0.186,0.283,0.316;aaaaa;
0.867;0.465,0.521,0.0206,0.368,0.731,0.84,0.501,0.765,0.203,0.787;aaaaa;
0.976;0.115,0.794,0.728,0.125,0.797,0.396,0.197,0.0866,0.282,0.37;a;
0.17;0.246,0.633,0.46,0.642,0.823,0.909,0.141,0.593,0.203,0.367;aaaaaaaaaa;
0.826;0.295,0.308,0.599,0.913,0.404,0.537,0.11,0.564,0.512,0.0812;aaaaaaaa;
0.056;0.123,0.125,0.391,0.00786,0.319,0.112,0.625,0.139,0.295,0.159;a;
0.0531;0.197,0.661,0.417,0.0892,0.84,0.901,0.251,0.708,0.684,0.478;aaaa;
0.506;0.391,0.636,0.909,0.905,0.682,0.336,0.608,0.23,0.867,0.623;a;
0.0235;0.0574,0.641,0.739,0.698,0.243,0.774,0.0279,0.915,0.984,0.775;aaaaaa;
0.47;0.852,0.838,0.858,0.892,0.917,0.715,0.0209,0.559,0.831,0.341;aaaaaaaaaa;
0.00856;0.375,0.655,0.997,0.878,0.0811,0.579,0.524,0.674,0.421,0.953;aa;
0.934;0.728,0.657,0.956,0.163,0.495,0.413,0.234,0.265,0.707,0.3;aa;
0.136;0.109,0.126,0.281,0.712,0.921,0.797,0.297,0.853,0.405,0.488;aaaaaaaaaa;
0.425;0.131,0.573,0.564,0.975,0.978,0.31,0.0521,0.618,0.713,0.666;aaaaaaaa;
0.585;0.23,0.592,0.738,0.585,0.751,0.65,0.938,0.495,0.514,0.524;aaaa;
0.042;0.863,0.457,0.132,0.351,0.179,0.449,0.665,0.776,0.193,0.752;aaaaaaaaaa;
0.559;0.475,0.111,0.503,0.992,0.852,0.0649,0.86,0.867,0.816,0.499;aaaaaaa;
0.937;0.968,0.219,0.195,0.714,0.00114,0.524,0.905,0.479,0.421,0.51;aaaaaaaa;
0.386;0.427,0.219,0.342,0.405,0.674,0.198,0.936,0.211,0.207,0.574;aaaaaaaaaa;
0.9;0.699,0.903,0.886,0.915,0.909,0.778,0.57,0.196,0.442,0.244;aaa;
0.0248;0.704,0.468,0.935,0.78,0.788,0.19,0.481,0.411,0.263,0.122;aaa;
0.821;0.726,0.485,0.53,0.273,0.843,0.844,0.921,0.593,0.805,0.391;aaaaaa;
0.963;0.643,0.159,0.186,0.488,0.339,0.652,0.144,0.972,0.583,0.565;aaaaaaaa;
0.772;0.512,0.064,0.988,0.19,0.279,0.106,0.799,0.174,0.318,0.295;aaa;
0.411;0.00868,0.0812,0.928,0.434,0.349,0.19,0.193,0.876,0.22,0.35;aaaaaaaaaa;
0.0308;0.0964,0.112,0.607,0.784,0.465,0.702,0.941,0.53,0.417,0.756;a;
0.474;0.479,0.0626,0.0581,0.93,0.817,0.424,0.79,0.537,0.849,0.504;aaaaaaaaa;
0.0622;0.196,0.393,0.286,0.195,0.824,0.24,0.171,0.872,0.681,0.0601;aaaaaaaaa;
0.247;0.483,0.514,0.46,0.158,0.698,0.271,0.0373,0.677,0.851,0.0615;aaaaaaaaaa;
0.324;0.889,0.642,0.405,0.769,0.587,0.333,0.151,0.397,0.571,0.125;aaaa;
0.936;0.274,0.997,0.398,0.794,0.39,0.704,0.534,0.755,0.32,0.81;aaaa;
0.505;0.099,0.42,0.657,0.696,0.102,0.225,0.704,0.657,0.977,0.364;aaaaaaaa;
0.0209;0.675,0.634,0.249,0.138,0.128,0.0692,0.582,0.159,0.888,0.109;aaaaaa;
0.203;0.101,0.824,0.435,0.294,0.0153,0.752,0.66,0.937,0.539,0.704;aaaaaaa;
0.115;0.948,0.591,0.297,0.222,0.268,0.554,0.176,0.762,0.666,0.481;aaaaaaaa;
0.834;0.48,0.755,0.622,0.676,0.922,0.504,0.944,0.461,0.221,0.799;aaaaaaaaaa;
0.824;0.835,0.405,0.622,0.722,0.0921,0.928,0.533,0.915,0.945,0.723;a;
0.565;0.871,0.217,0.106,0.933,0.289,0.692,0.743,0.0545,0.794,0.434;aaaaaaaa;
0.0188;0.868,0.707,0.982,0.114,0.89,0.528,0.2,0.97,0.533,0.829;aaaa;
0.323;0.322,0.3,0.0079,0.338,0.657,0.904,0.562,0.107,0.254,0.921;aaaaaaa;
0.708;0.265,0.527,0.871,0.465,0.112,0.685,0.304,0.675,0.479,0.424;aaaaaa;
0.134;0.0593,0.906,0.75,0.279,0.324,0.597,0.0507,0.434,0.885,0.341;aaa;
0.793;0.429,0.946,0.927,0.686,0.919,0.801,0.969,0.811,0.372,0.7;aaaaa;
0.384;0.91,0.768,0.531,0.641,0.536,0.0175,0.152,0.182,0.212,0.502;aaaaa;
0.379;0.571,0.0903,0.633,0.377,0.69,0.177,0.199,0.349,0.546,0.512;aa;
0.419;0.267,0.49,0.418,0.612,0.673,0.935,0.533,0.462,0.736,0.768;a;
0.344;0.939,0.976,0.0251,0.803,0.496,0.109,0.338,0.902,0.335,0.468;a;
0.248;0.739,0.341,0.472,0.213,0.794,0.23,0.469,0.815,0.367,0.832;aaaaaaaaa;
0.714;0.762,0.916,0.682,0.239,0.0426,0.748,0.988,0.877,0.421,0.711;aaa;
0.467;0.0218,0.237,0.532,0.358,0.299,0.274,0.555,0.255,0.37,0.562;aaaaaaa;
0.661;0.476,0.69,0.686,0.145,0.197,0.0342,0.729,0.775,0.161,0.944;aaaaaaaa;
0.13;0.766,0.526,0.225,0.365,0.969,0.0114,0.0292,0.758,0.891,0.69;aaaaaaaa;
0.935;0.484,0.00898,0.279,0.143,0.107,0.476,0.141,0.182,0.997,0.977;aaaaa;
0.239;0.627,0.318,0.511,0.168,0.424,0.145,0.961,0.906,0.929,0.368;aaaaaaaa;
0.927;0.247,0.873,0.067,0.285,0.738,0.76,0.348,0.182,0.507,0.365;aaaaaaa;
0.688;0.789,0.479,0.853,0.0958,0.0704,0.938,0.115,0.142,0.309,0.252;aaaaaaaa;
0.13;0.766,0.526,0.225,0.365,0.969,0.0114,0.0292,0.758,0.891,0.69;aaa;
0.935;0.484,0.00898,0.279,0.143,0.107,0.476,0.141,0.182,0.997,0.977;aaaaaaaaa;
0.239;0.627,0.318,0.511,0.168,0.424,0.145,0.961,0.906,0.929,0.368;aaaaaaaa;
0.927;0.247,0.873,0.067,0.285,0.738,0.76,0.348,0.182,0.507,0.365;aaaaaaaa;
0.688;0.789,0.479,0.853,0.0958,0.0704,0.938,0.115,0.142,0.309,0.252;aaaaaa;
0.13;0.766,0.526,0.225,0.365,0.969,0.0114,0.0292,0.758,0.891,0.69;aaaa;
0.935;0.484,0.00898,0.279,0.143,0.107,0.476,0.141,0.182,0.997,0.977;aaaaaaaa;
0.239;0.627,0.318,0.511,0.168,0.424,0.145,0.961,0.906,0.929,0.368;a;
0.927;0.247,0.873,0.067,0.285,0.738,0.76,0.348,0.182,0.507,0.365;aaa;
0.688;0.789,0.479,0.853,0.0958,0.0704,0.938,0.115,0.142,0.309,0.252;aaaaa;
0.13;0.766,0.526,0.225,0.365,0.969,0.0114,0.0292,0.758,0.891,0.69;aa;
0.935;0.484,0.00898,0.279,0.143,0.107,0.476,0.141,0.182,0.997,0.977;aaaaaaa;
0.239;0.627,0.318,0.511,0.168,0.424,0.145,0.961,0.906,0.929,0.368;aaaaaaaaaa;
0.927;0.247,0.873,0.067,0.285,0.738,0.76,0.348,0.182,0.507,0.365;aaaa;
0.688;0.789,0.479,0.853,0.0958,0.0704,0.938,0.115,0.142,0.309,0.252;aaaaaaaaaa;
0.13;0.766,0.526,0.225,0.365,0.969,0.0114,0.0292,0.758,0.891,0.69;aaa;
0.935;0.484,0.00898,0.279,0.143,0.107,0.476,0.141,0.182,0.997,0.977;aa;
0.239;0.627,0.318,0.511,0.168,0.424,0.145,0.961,0.906,0.929,0.368;a;
0.927;0.247,0.873,0.067,0.285,0.738,0.76,0.348,0.182,0.507,0.365;aaaaaa;
0.688;0.789,0.479,0.853,0.0958,0.0704,0.938,0.115,0.142,0.309,0.252;aaaaa;
0.13;0.766,0.526,0.225,0.365,0.969,0.0114,0.0292,0.758,0.891,0.69;aaaaaaaaaa;
0.935;0.484,0.00898,0.279,0.143,0.107,0.476,0.141,0.182,0.997,0.977;aaa;
0.239;0.627,0.318,0.511,0.168,0.424,0.145,0.961,0.906,0.929,0.368;aaaaaaaaa;
0.927;0.247,0.873,0.067,0.285,0.738,0.76,0.348,0.182,0.507,0.365;aaaaaaaaaa;
0.688;0.789,0.479,0.853,0.0958,0.0704,0.938,0.115,0.142,0.309,0.252;aaaaaaaaaa;
0.13;0.766,0.526,0.225,0.365,0.969,0.0114,0.0292,0.758,0.891,0.69;aaaaa;
0.935;0.484,0.00898,0.279,0.143,0.107,0.476,0.141,0.182,0.997,0.977;aaaaaaa;
0.239;0.627,0.318,0.511,0.168,0.424,0.145,0.961,0.906,0.929,0.368;aaaa;
0.927;0.247,0.873,0.067,0.285,0.738,0.76,0.348,0.182,0.507,0.365;aa;
0.688;0.789,0.479,0.853,0.0958,0.0704,0.938,0.115,0.142,0.309,0.252;aaaaa;
0.13;0.766,0.526,0.225,0.365,0.969,0.0114,0.0292,0.758,0.891,0.69;aaaaaaaaaa;
0.935;0.484,0.00898,0.279,0.143,0.107,0.476,0.141,0.182,0.997,0.977;a;
0.239;0.627,0.318,0.511,0.168,0.424,0.145,0.961,0.906,0.929,0.368;aaaaa;
0.927;0.247,0.873,0.067,0.285,0.738,0.76,0.348,0.182,0.507,0.365;aa;
0.688;0.789,0.479,0.853,0.0958,0.0704,0.938,0.115,0.142,0.309,0.252;aaaaaaaaaa;
0.13;0.766,0.526,0.225,0.365,0.969,0.0114,0.0292,0.758,0.891,0.69;aaa;
0.935;0.484,0.00898,0.279,0.143,0.107,0.476,0.141,0.182,0.997,0.977;aaaaaaaa;
0.239;0.627,0.318,0.511,0.168,0.424,0.145,0.961,0.906,0.929,0.368;a;
0.927;0.247,0.873,0.067,0.285,0.738,0.76,0.348,0.182,0.507,0.365;aaaaaa;
0.688;0.789,0.479,0.853,0.0958,0.0704,0.938,0.115,0.142,0.309,0.252;aaaaaaa;
0.13;0.766,0.526,0.225,0.365,0.969,0.0114,0.0292,0.758,0.891,0.69;aaaa;
0.935;0.484,0.00898,0.279,0.143,0.107,0.476,0.141,0.182,0.997,0.977;aaaaaaaaa;
0.239;0.627,0.318,0.511,0.168,0.424,0.145,0.961,0.906,0.929,0.368;aaaaaaa;
0.927;0.247,0.873,0.067,0.285,0.738,0.76,0.348,0.182,0.507,0.365;aaaaaa;
0.688;0.789,0.479,0.853,0.0958,0.0704,0.938,0.115,0.142,0.309,0.252;aaaaaaaaaa;
0.13;0.766,0.526,0.225,0.365,0.969,0.0114,0.0292,0.758,0.891,0.69;aaaa;
0.935;0.484,0.00898,0.279,0.143,0.107,0.476,0.141,0.182,0.997,0.977;aaaaaaa;
0.239;0.627,0.318,0.511,0.168,0.424,0.145,0.961,0.906,0.929,0.368;aaaaaaaa;
0.927;0.247,0.873,0.067,0.285,0.738,0.76,0.348,0.182,0.507,0.365;aaaaaaa;
0.688;0.789,0.479,0.853,0.0958,0.0704,0.938,0.115,0.142,0.309,0.252;aaaaa;
0.13;0.766,0.526,0.225,0.365,0.969,0.0114,0.0292,0.758,0.891,0.69;aaaaaaaaaa;
0.935;0.484,0.00898,0.279,0.143,0.107,0.476,0.141,0.182,0.997,0.977;aaaaaaaa;
0.239;0.627,0.318,0.511,0.168,0.424,0.145,0.961,0.906,0.929,0.368;aaaaa;
0.927;0.247,0.873,0.067,0.285,0.738,0.76,0.348,0.182,0.507,0.365;aaaaaaa;
0.688;0.789,0.479,0.853,0.0958,0.0704,0.938,0.115,0.142,0.309,0.252;aaa;
0.13;0.766,0.526,0.225,0.365,0.969,0.0114,0.0292,0.758,0.891,0.69;aaa;
0.935;0.484,0.00898,0.279,0.143,0.107,0.476,0.141,0.182,0.997,0.977;aaaaaaaa;
0.239;0.627,0.318,0.511,0.168,0.424,0.145,0.961,0.906,0.929,0.368;aaaaaaa;
0.927;0.247,0.873,0.067,0.285,0.738,0.76,0.348,0.182,0.507,0.365;aaaaaaaa;
0.688;0.789,0.479,0.853,0.0958,0.0704,0.938,0.115,0.142,0.309,0.252;aaaaaaa;
0.13;0.766,0.526,0.225,0.365,0.969,0.0114,0.0292,0.758,0.891,0.69;aaaaaa;
0.935;0.484,0.00898,0.279,0.143,0.107,0.476,0.141,0.182,0.997,0.977;aaaaaa;
0.239;0.627,0.318,0.511,0.168,0.424,0.145,0.961,0.906,0.929,0.368;aaaaa;
0.927;0.247,0.873,0.067,0.285,0.738,0.76,0.348,0.182,0.507,0.365;aaaaaaa;
0.688;0.789,0.479,0.853,0.0958,0.0704,0.938,0.115,0.142,0.309,0.252;aaaaaa;
0.13;0.766,0.526,0.225,0.365,0.969,0.0114,0.0292,0.758,0.891,0.69;aaaaaaaaaa;
0.935;0.484,0.00898,0.279,0.143,0.107,0.476,0.141,0.182,0.997,0.977;aaaaaa;
0.239;0.627,0.318,0.511,0.168,0.424,0.145,0.961,0.906,0.929,0.368;aaaaaaaaaa;
0.927;0.247,0.873,0.067,0.285,0.738,0.76,0.348,0.182,0.507,0.365;aaa;
0.688;0.789,0.479,0.853,0.0958,0.0704,0.938,0.115,0.142,0.309,0.252;aaaaaa;
0.13;0.766,0.526,0.225,0.365,0.969,0.0114,0.0292,0.758,0.891,0.69;aaaaaaa;
0.935;0.484,0.00898,0.279,0.143,0.107,0.476,0.141,0.182,0.997,0.977;aa;
0.239;0.627,0.318,0.511,0.168,0.424,0.145,0.961,0.906,0.929,0.368;aaaaaaaa;
0.927;0.247,0.873,0.067,0.285,0.738,0.76,0.348,0.182,0.507,0.365;aaaaaa;
0.688;0.789,0.479,0.853,0.0958,0.0704,0.938,0.115,0.142,0.309,0.252;aaaaaaa;
0.13;0.766,0.526,0.225,0.365,0.969,0.0114,0.0292,0.758,0.891,0.69;aaaaaaaa;
0.935;0.484,0.00898,0.279,0.143,0.107,0.476,0.141,0.182,0.997,0.977;aaaaaa;
0.239;0.627,0.318,0.511,0.168,0.424,0.145,0.961,0.906,0.929,0.368;aaaaa;
0.927;0.247,0.873,0.067,0.285,0.738,0.76,0.348,0.182,0.507,0.365;aaaaaaaaa;
0.688;0.789,0.479,0.853,0.0958,0.0704,0.938,0.115,0.142,0.309,0.252;aaaaaaa;
0.13;0.766,0.526,0.225,0.365,0.969,0.0114,0.0292,0.758,0.891,0.69;aa;
0.935;0.484,0.00898,0.279,0.143,0.107,0.476,0.141,0.182,0.997,0.977;aaaa;
0.239;0.627,0.318,0.511,0.168,0.424,0.145,0.961,0.906,0.929,0.368;aaaaaa;
0.927;0.247,0.873,0.067,0.285,0.738,0.76,0.348,0.182,0.507,0.365;aaaaaaaaa;
0.688;0.789,0.479,0.853,0.0958,0.0704,0.938,0.115,0.142,0.309,0.252;aaaaaa;
0.13;0.766,0.526,0.225,0.365,0.969,0.0114,0.0292,0.758,0.891,0.69;aaaaaaaaa;
0.935;0.484,0.00898,0.279,0.143,0.107,0.476,0.141,0.182,0.997,0.977;a;
0.239;0.627,0.318,0.511,0.168,0.424,0.145,0.961,0.906,0.929,0.368;aaaaaaa;
0.927;0.247,0.873,0.067,0.285,0.738,0.76,0.348,0.182,0.507,0.365;aaa;
0.688;0.789,0.479,0.853,0.0958,0.0704,0.938,0.115,0.142,0.309,0.252;a;
0.13;0.766,0.526,0.225,0.365,0.969,0.0114,0.0292,0.758,0.891,0.69;a;
0.935;0.484,0.00898,0.279,0.143,0.107,0.476,0.141,0.182,0.997,0.977;aaaa;
0.239;0.627,0.318,0.511,0.168,0.424,0.145,0.961,0.906,0.929,0.368;aaaa;
0.927;0.247,0.873,0.067,0.285,0.738,0.76,0.348,0.182,0.507,0.365;aaaaa;
0.688;0.789,0.479,0.853,0.0958,0.0704,0.938,0.115,0.142,0.309,0.252;a;
0.13;0.766,0.526,0.225,0.365,0.969,0.0114,0.0292,0.758,0.891,0.69;a;
0.935;0.484,0.00898,0.279,0.143,0.107,0.476,0.141,0.182,0.997,0.977;a;
0.239;0.627,0.318,0.511,0.168,0.424,0.145,0.961,0.906,0.929,0.368;aaaaaaaaa;
0.927;0.247,0.873,0.067,0.285,0.738,0.76,0.348,0.182,0.507,0.365;aaaaaaa;
0.688;0.789,0.479,0.853,0.0958,0.0704,0.938,0.115,0.142,0.309,0.252;aaaaaaaaaa;
0.13;0.766,0.526,0.225,0.365,0.969,0.0114,0.0292,0.758,0.891,0.69;aaaaaa;
0.935;0.484,0.00898,0.279,0.143,0.107,0.476,0.141,0.182,0.997,0.977;aaaaaa;
0.239;0.627,0.318,0.511,0.168,0.424,0.145,0.961,0.906,0.929,0.368;aaaaaaaa;
0.927;0.247,0.873,0.067,0.285,0.738,0.76,0.348,0.182,0.507,0.365;aaaaa;
0.688;0.789,0.479,0.853,0.0958,0.0704,0.938,0.115,0.142,0.309,0.252;aaaaaaaaa;
0.13;0.766,0.526,0.225,0.365,0.969,0.0114,0.0292,0.758,0.891,0.69;aaaa;
0.935;0.484,0.00898,0.279,0.143,0.107,0.476,0.141,0.182,0.997,0.977;aaaaaaaa;
0.239;0.627,0.318,0.511,0.168,0.424,0.145,0.961,0.906,0.929,0.368;aaaaaaaa;
0.927;0.247,0.873,0.067,0.285,0.738,0.76,0.348,0.182,0.507,0.365;a;
0.688;0.789,0.479,0.853,0.0958,0.0704,0.938,0.115,0.142,0.309,0.252;aaaaaaaaa;
0.13;0.766,0.526,0.225,0.365,0.969,0.0114,0.0292,0.758,0.891,0.69;a;
0.935;0.484,0.00898,0.279,0.143,0.107,0.476,0.141,0.182,0.997,0.977;aaaa;
0.239;0.627,0.318,0.511,0.168,0.424,0.145,0.961,0.906,0.929,0.368;aaaaaaaaa;
0.927;0.247,0.873,0.067,0.285,0.738,0.76,0.348,0.182,0.507,0.365;aaaaaaaa;
0.688;0.789,0.479,0.853,0.0958,0.0704,0.938,0.115,0.142,0.309,0.252;aaaaaaa;
0.13;0.766,0.526,0.225,0.365,0.969,0.0114,0.0292,0.758,0.891,0.69;aaaaaaaaa;
0.935;0.484,0.00898,0.279,0.143,0.107,0.476,0.141,0.182,0.997,0.977;aaaaaaa;
0.239;0.627,0.318,0.511,0.168,0.424,0.145,0.961,0.906,0.929,0.368;aaaaaaa;
0.927;0.247,0.873,0.067,0.285,0.738,0.76,0.348,0.182,0.507,0.365;aaa;
0.688;0.789,0.479,0.853,0.0958,0.0704,0.938,0.115,0.142,0.309,0.252;aaa;
