0	0
1	1
2	2
3	3,5
4	4
5	5
6	6
7	7
8	8
9	5,9
10	0
11	4
12	4
13	8
14	2
15	0,4
16	0,4,5
17	0,3,5
18	1
19	1,2,3,5,6
20	2
21	0
22	2
23	4
24	5
25	0
26	3
27	4
28	0
29	4
30	0
31	1,4
32	4
33	1
34	4,5,8
35	2
36	0,1
37	3
38	1,3,5
39	3
40	5
41	0
42	1
43	1
44	0
45	0,5
46	3
47	0,4
48	0
49	4
50	3
51	1
52	0,4
53	1,6
54	5,7
55	3,4,6
56	3
57	2
58	5
59	1,7
60	0,4,5,7
61	2
62	3
63	6,9
64	0
65	3
66	6
67	1
68	0
69	0
70	0
71	2
72	1,4
73	4
74	6
75	0
76	6
77	0
78	0
79	3
80	0
81	4,6
82	0
83	1
84	9
85	2
86	0
87	1
88	0,4
89	2
90	0
91	4,6
92	2
93	0
94	5,7
95	6
96	3
97	0
98	0
99	5,8
100	1
101	0
102	0
103	3
104	2
105	0
106	2
107	7
108	0
109	3
110	4
111	0
112	0
113	0
114	1
115	4
116	2
117	2,4,5
118	2
119	2
120	0
121	3
122	3
123	5
124	0
125	2
126	0
127	1
128	3
129	0,4,5
130	3,5
131	2
132	0
133	1
134	3
135	1
136	2
137	0
138	0
139	1
140	1
141	3
142	5
143	1
144	1
145	7
146	1
147	2
148	5,7
149	0
150	7
151	3
152	0
153	5
154	4,6
155	1
156	3
157	0
158	3
159	8
160	6
161	3
162	9
163	2
164	3
165	2
166	5
167	3
168	3
169	5
170	5
171	1
172	1
173	2
174	0
175	0,6
176	3
177	0
178	0,5
179	4
180	1
181	0
182	5
183	1
184	2
185	1,3
186	2
187	0
188	7
189	0
190	6
191	0
192	1
193	2
194	1
195	2
196	0
197	0
198	0
199	2
200	0
201	6
202	1
203	4
204	1
205	2,4
206	5
207	1,4
208	2
209	2,8
210	8
211	0
212	1
213	1
214	5
215	4
216	0
217	4
218	1
219	0
220	1
221	0
222	3
223	0
224	1
225	1,2
226	1
227	2
228	2,7
229	6
230	4
231	4
232	7
233	5
234	2
235	1
236	0
237	5
238	5
239	2
240	1
241	5
242	4
243	6
244	1
245	1
246	1
247	2
248	2
249	2
250	0
251	2
252	6
253	1
254	2
255	1
256	2
257	4
258	1
259	0
260	5
261	3
262	1
263	2
264	1
265	0
266	1
267	4
268	0
269	1
270	1
271	6
272	1
273	5
274	0
275	1
276	4,6,7
277	2
278	2
279	2
280	0
281	1
282	8
283	9
284	0
285	5
286	0
287	0,5
288	2,3
289	0
290	3
291	3
292	0
293	4
294	2
295	6
296	1
297	3
298	8
299	0
300	4
301	4,6
302	0
303	0
304	3
305	4
306	1
307	2,3
308	0
309	1
310	6,7
311	0
312	3,5
313	2
314	7
315	7
316	1
317	0
318	1
319	1
320	0
321	6
322	1
323	3
324	8
325	1
326	4
327	0
328	3
329	0
330	3
331	0
332	3
333	0,1
334	3
335	9
336	1
337	1
338	0
339	0
340	6
341	0
342	7
343	1
344	1
345	1
346	2
347	7
348	1,4
349	0
350	1
351	7
352	5
353	0
354	2
355	1
356	3
357	1
358	3
359	0
360	0
361	9
362	2
363	4,7
364	3
365	4
366	4,5
367	3
368	1
369	2
370	4
371	6
372	2
373	1
374	0,7
375	5
376	1
377	0,5
378	1
379	0
380	5
381	1
382	0
383	2
384	7
385	1
386	3
387	1
388	4
389	7
390	0
391	2
392	1
393	1
394	2
395	5
396	4
397	4
398	0
399	4,5
400	1,4
401	5
402	0
403	3
404	8
405	0
406	4
407	0
408	2
409	5
410	0
411	2,3
412	0,5
413	0
414	2
415	0
416	0
417	5
418	0
419	3
420	4
421	0
422	2
423	2
424	1
425	1
426	0
427	1
428	9
429	4,6
430	5
431	1
432	0
433	3
434	3
435	0
436	0
437	2
438	1
439	8
440	3
441	1
442	3
443	9
444	1
445	0
446	2
447	8,9
448	4
449	0
450	0
451	2
452	2
453	8
454	1
455	2
456	0
457	0
458	1
459	1
460	4,5
461	1
462	4
463	3
464	2
465	0
466	0
467	0
468	0
469	3
470	2
471	5
472	1
473	0
474	2
475	2
476	1
477	0
478	0
479	3
480	4
481	5
482	1
483	6
484	1
485	2
486	6
487	1
488	1
489	1
490	0
491	2
492	4
493	1
494	1
495	1
496	5
497	0
498	2
499	0
500	3
501	5
502	1
503	1
504	0
505	3
506	0
507	6
508	3
509	5
510	0
511	3
512	4
513	5,6
514	2
515	1
516	0
517	0
518	2
519	1
520	4,8
521	2
522	0
523	0
524	0
525	2
526	1,5
527	2
528	0
529	3
530	3
531	3
532	1
533	1
534	7
535	1
536	1
537	3
538	9
539	2
540	4
541	0,5
542	2
543	2
544	1
545	3
546	1
547	1
548	2
549	0
550	1
551	1
552	1
553	0
554	1
555	2
556	5
557	5
558	0
559	1
560	2
561	8
562	0
563	0
564	1
565	3
566	0
567	1
568	3
569	0
570	6
571	0
572	1
573	1
574	1
575	1
576	1
577	2
578	0
579	5
580	2
581	6
582	7
583	5,8
584	1
585	1
586	4
587	0
588	3
589	0
590	0
591	5
592	0
593	3
594	0
595	2
596	0
597	2
598	0
599	0
600	4
601	0
602	0
603	3
604	0
605	2
606	0
607	0
608	6
609	1
610	3,4
611	0
612	7
613	4
614	0
615	1
616	1
617	2
618	7
619	1
620	9
621	3
622	1
623	6
624	4
625	5
626	1
627	0
628	1
629	0
630	0
631	9
632	1,4
633	2
634	0
635	5
636	5
637	5
638	1
639	7
640	0
641	1
642	3
643	4
644	0
645	7
646	2
647	0
648	1
649	3
650	0
651	0
652	2
653	2
654	0
655	1
656	0
657	5
658	4
659	3
660	0
661	2
662	2
663	1
664	4
665	1
666	0
667	4
668	5
669	3
670	1
671	0
672	0,4
673	1
674	0
675	3
676	7
677	4
678	0
679	4
680	0
681	1
682	7
683	0
684	6
685	6
686	0
687	0
688	0
689	0
690	0
691	3
692	2
693	4
694	7
695	1
696	1
697	0
698	2
699	3
700	3
701	0
702	6
703	1
704	6
705	7
706	3
707	1
708	3
709	2
710	2
711	5
712	1
713	3
714	0
715	1
716	1
717	0
718	3
719	1
720	0
721	0
722	0
723	4,5
724	1
725	2
726	3
727	5
728	6
729	2,9
730	2
731	0
732	0
733	4
734	6
735	1
736	4
737	4
738	0
739	0
740	0
741	2
742	1
743	7
744	3
745	9
746	0
747	1
748	2
749	2
750	1
751	7
752	2
753	5
754	3
755	5
756	3
757	0
758	5
759	2
760	0
761	3,4
762	0
763	6
764	2
765	6
766	2
767	4
768	5
769	0
770	0
771	1
772	0
773	0
774	3
775	1
776	1
777	0
778	5
779	6
780	4
781	1
782	2
783	0
784	1
785	1
786	3
787	4
788	5
789	6,7
790	1
791	1
792	0
793	3
794	6
795	0
796	0
797	1
798	1
799	0
800	1
801	0
802	0
803	8
804	0
805	1
806	4
807	2
808	3
809	1
810	1
811	3
812	5
813	4
814	0
815	0
816	7
817	4
818	1
819	6
820	0
821	5
822	9
823	2
824	1
825	4
826	0
827	1
828	1
829	6
830	6
831	1
832	3
833	5
834	2
835	0
836	0
837	5
838	3
839	0
840	2
841	0
842	1
843	0
844	4
845	4
846	1
847	6
848	4
849	0
850	0
851	6
852	0
853	1
854	3
855	2
856	3
857	1
858	0
859	0
860	1
861	0
862	6
863	0
864	0
865	1
866	5
867	4
868	4
869	0
870	1
871	2
872	0
873	4,6
874	1
875	5
876	3
877	1
878	2
879	0
880	0
881	1
882	1
883	0
884	2
885	1
886	1
887	7
888	2
889	2,4
890	3
891	5
892	1
893	4
894	1
895	2
896	7
897	3
898	5
899	2
900	2
901	5
902	3
903	1
904	3
905	0
906	4
907	0
908	0
909	0
910	5
911	3
912	0
913	3
914	4
915	0
916	8
917	0
918	2
919	1
920	9
921	0
922	5,6
923	5
924	0
925	3
926	1
927	1
928	3
929	0
930	1
931	4
932	0
933	4
934	4
935	0
936	4
937	5
938	1
939	7
940	7
941	2
942	0
943	4
944	0
945	3
946	0
947	4
948	0
949	1
950	4
951	9
952	1
953	0
954	3,4,5,6,7
955	4
956	3
957	1
958	0
959	0
960	0
961	0
962	5
963	1
964	1
965	4
966	4,6
967	0
968	2
969	5
970	1
971	4
972	3
973	1
974	0
975	6
976	3
977	1
978	2
979	0
980	1
981	3
982	1
983	3,4,5,6,8
984	1
985	0
986	1
987	4
988	1
989	2
990	1
991	0
992	5,6
993	2
994	2
995	1
996	0
997	3,4,6,9
998	3,4
999	0
1000	0
1001	0
1002	0
1003	0
1004	0
1005	2
1006	2
1007	2
1008	2
1009	2
1010	6
1011	6
1012	6
1013	6
1014	6
1015	9
1016	9
1017	9
1018	9
1019	9
1020	8
1021	8
1022	8
1023	8
1024	8
