0	0
1	1,65,86
2	2,14,56
3	3,13,32
4	4,64,84
5	5,79
6	6,13
7	4,7
8	8,22
9	9
10	10
11	11
12	12,46,53
13	13
14	14
15	15
16	16
17	17
18	18
19	19,81
20	20
21	21
22	22
23	23
24	24
25	25,84
26	26,58,92
27	27
28	28
29	21,29
30	30
31	31
32	32,68
33	33
34	22,34,86
35	35
36	36
37	37
38	38
39	39
40	40
41	41
42	42
43	43
44	44
45	45
46	46
47	47,51
48	48
49	49
50	50
51	51
52	52
53	53
54	54,60
55	55
56	17,56
57	12,57
58	58
59	59
60	8,60
61	61
62	62
63	63
64	64
65	65
66	66
67	67
68	68
69	69
70	70
71	71
72	72
73	73
74	74
75	75
76	76
77	77
78	78
79	79
80	80
81	81
82	82
83	83
84	84
85	2,85
86	86
87	37,84,87
88	88
89	89
90	90
91	91
92	92
93	0
94	29
95	9
96	7
97	10
98	52
99	33
100	13
101	42
102	44
103	12
104	22
105	2
106	20
107	34
108	22
109	27
110	32
111	20
112	33,53
113	7
114	84
115	20
116	1,54,91
117	18
118	29
119	72,88
120	16,22
121	19
122	34
123	63
124	5
125	18
126	4
127	53
128	23
129	3
130	8,46
131	15,52
132	24
133	6
134	1,25
135	1
136	1
137	15
138	9
139	11,30
140	21
141	6
142	36,87
143	74
144	25,32,73
145	13
146	47
147	73
148	8
149	43
150	11
151	15
152	9
153	38
154	0
155	24
156	3
157	29
158	15
159	14,62
160	24,31
161	14
162	17
163	11
164	10
165	29
166	54,87
167	87
168	19
169	15
170	14
171	14,30
172	43,59
173	16
174	59
175	56
176	12
177	1
178	17,40
179	41
180	34,48
181	19
182	32,62
183	39
184	6
185	33
186	9
187	51,81,87
188	29
189	38
190	5
191	14
192	18
193	18
194	25
195	12
196	8
197	17
198	15
199	24
200	11
201	7
202	23
203	14
204	46
205	13
206	78
207	73
208	2
209	40
210	33
211	36
212	19
213	23
214	2
215	56
216	51
217	48
218	3
219	4
220	39
221	0
222	21
223	15
224	10
225	5
226	13,73
227	55
228	4
229	31
230	14
231	21
232	5
233	31,78
234	8
235	3
236	17
237	43
238	15
239	24
240	35
241	11
242	13
243	16
244	4
245	7
246	4
247	23
248	21
249	7
250	43
251	61
252	18
253	5
254	7
255	30
256	1
257	10
258	13
259	19
260	2
261	13
262	8,13
263	53
264	19
265	0
266	1
267	20
268	70
269	48
270	10
271	36
272	5
273	3
274	16
275	5
276	20
277	1
278	3
279	7
280	35
281	59
282	5
283	0
284	25
285	37
286	5
287	36
288	24
289	71
290	83
291	43
292	9
293	49
294	10
295	43
296	32
297	4
298	5
299	16
300	28
301	5
302	32
303	13
304	76
305	3
306	7
307	9
308	0
309	7
310	38
311	22
312	24
313	11
314	22
315	11
316	3
317	17
318	0
319	23
320	6,41
321	47
322	6
323	12
324	80
325	9
326	61
327	13
328	24
329	0
330	36
331	19
332	20
333	48
334	75
335	35
336	24
337	21
338	36
339	19
340	0
341	39,45
342	27
343	59
344	1
345	22
346	0
347	30
348	15
349	12
350	30
351	8
352	1
353	12
354	3
355	1
356	45
357	21
358	51
359	53
360	7
361	2
362	0
363	15
364	51
365	11
366	30
367	9
368	33
369	19
370	9
371	14,26
372	66
373	17
374	11
375	7
376	22
377	43
378	45
379	4
380	56
381	8
382	30
383	57
384	14
385	8
386	18
387	27
388	26
389	5
390	8
391	9
392	69
393	30,64
394	6
395	33,57
396	3
397	7
398	33
399	23
400	13
401	8
402	16
403	13
404	25
405	52
406	5
407	45
408	49
409	17
410	6
411	5
412	31
413	5
414	4
415	7
416	68
417	67
418	27
419	22
420	68,84
421	13
422	21
423	24
424	9
425	73,87
426	28
427	11
428	25
429	10
430	0
431	12
432	6
433	0
434	2
435	3
436	5
437	1
438	50,70
439	24
440	32
441	50
442	0
443	22
444	5
445	5
446	8
447	2
448	32
449	6,41
450	0
451	52
452	42
453	36
454	10
455	1
456	9
457	10
458	3
459	91
460	11
461	1
462	9
463	15
464	0
465	34
466	14
467	89
468	19
469	11
470	12
471	12
472	37
473	77
474	80
475	2,66,69
476	46
477	12
478	12
479	9
480	1
481	42
482	41
483	3
484	21
485	51
486	2
487	55
488	7
489	9
490	23
491	24
492	50
493	15
494	26
495	15
496	51
497	1
498	18
499	26,59
500	1
501	5
502	8
503	2
504	53
505	24
506	17
507	29
508	31
509	58
510	13
511	55
512	3
513	22
514	14
515	6
516	82
517	51
518	25
519	18
520	16
521	26
522	3
523	4
524	10
525	33,59
526	29
527	3
528	2
529	6
530	19,40
531	10
532	41
533	3
534	22
535	0
536	28
537	24
538	12
539	7
540	30
541	26
542	26
543	25
544	5
545	11
546	3
547	42
548	59
549	19
550	22
551	11,21
552	26
553	2
554	2
555	22
556	20
557	19
558	2
559	47
560	23
561	33
562	61
563	25
564	26
565	8
566	62
567	22
568	3
569	59
570	5
571	14
572	19
573	11
574	52
575	28
576	2
577	2
578	2
579	1
580	3
581	52
582	11
583	6
584	8
585	67
586	32
587	18
588	26
589	5
590	0
591	5
592	2
593	6,45
594	0
595	24
596	16
597	11
598	14
599	13
600	0
601	30
602	53,63
603	6
604	38
605	7
606	4
607	5
608	17
609	14
610	41
611	18
612	3
613	15
614	5,46
615	9
616	40
617	46
618	7
619	13
620	1
621	7
622	6
623	6,19
624	16
625	43
626	24
627	3
628	5
629	15,46
630	0
631	21
632	1,70
633	26
634	6
635	41
636	51
637	16
638	3
639	0
640	74
641	39
642	10
643	10
644	14
645	37
646	38
647	0
648	16
649	11
650	22,48
651	1
652	41
653	66
654	17
655	32
656	10
657	2
658	8
659	37
660	17
661	7
662	7
663	12
664	9
665	39
666	8
667	22
668	22
669	20
670	33
671	2
672	5
673	5
674	21,70
675	0
676	18
677	22
678	5
679	81
680	0
681	23
682	61
683	29
684	0,35
685	82
686	14
687	14
688	1
689	62
690	4
691	16
692	29
693	31
694	19
695	0
696	19
697	44
698	18
699	5
700	6,70,88
701	13
702	4
703	15
704	80
705	31
706	10
707	5
708	9
709	91
710	26
711	1
712	19
713	7
714	14
715	14,65
716	21
717	18
718	34
719	23
720	25
721	25
722	12
723	50
724	10
725	25
726	17
727	16,56
728	14
729	31
730	6
731	4
732	3
733	20
734	42
735	2
736	2
737	2
738	49
739	47
740	27
741	3
742	17
743	17
744	47
745	31
746	15
747	3
748	28
749	62,90
750	15
751	28
752	24
753	14
754	20
755	1
756	76
757	52
758	68
759	67
760	1
761	16
762	2
763	25
764	3
765	21
766	42
767	17
768	52,75
769	86
770	41
771	5
772	5
773	9
774	9
775	12
776	16
777	26
778	16
779	35
780	22
781	0
782	18
783	0
784	23
785	29
786	15
787	29
788	77
789	43
790	10
791	15
792	50
793	56,58
794	27
795	8
796	3
797	34
798	27,86
799	22
800	12
801	27
802	27
803	31
804	17
805	7
806	5
807	3
808	1
809	35
810	1
811	30
812	51
813	16
814	51,74
815	26
816	4
817	2
818	41
819	2
820	75
821	31
822	45
823	14,80
824	27
825	0
826	28
827	45
828	38
829	54
830	16
831	4
832	57
833	9
834	32
835	1
836	14
837	8
838	57
839	15
840	56
841	35
842	0
843	37
844	9
845	53
846	5,61
847	47
848	0
849	4
850	25
851	6
852	18
853	47,60
854	4
855	40
856	44,92
857	21
858	22
859	2
860	9
861	7
862	14
863	11
864	20
865	21
866	4
867	34
868	71,83
869	21
870	23
871	37
872	10
873	28
874	52
875	3
876	12
877	6
878	26
879	50
880	17
881	1
882	52
883	49,73,90
884	1
885	10
886	30
887	30
888	3
889	45
890	13
891	19
892	11
893	23
894	27
895	0
896	45,67
897	37
898	14
899	5
900	41
901	5
902	13
903	14
904	1
905	4
906	5
907	19
908	0
909	45
910	3
911	19
912	0
913	15
914	2
915	15
916	10
917	2
918	49
919	19
920	45
921	19
922	76
923	10
924	10
925	13
926	51
927	15
928	4
929	51
930	43
931	17
932	16
933	15
934	0
935	7
936	9
937	45,82
938	10
939	28
940	32
941	91
942	23
943	20
944	4
945	3
946	13
947	28
948	0
949	15
950	2
951	9
952	37
953	13
954	23
955	33
956	31
957	44
958	30
959	42
960	10
961	50
962	65,79
963	23
964	6
965	41
966	41
967	21
968	0
969	15
970	18
971	7
972	76
973	81
974	28
975	18
976	26,89
977	23
978	1,71
979	54
980	44
981	5
982	12
983	21
984	41
985	11
986	6
987	14
988	43
989	0
990	22
991	2
992	8
993	55
994	28
995	9
996	43
997	7
998	3
999	13
1000	0
1001	0
1002	0
1003	0
1004	0
1005	2
1006	2
1007	2
1008	2
1009	2
1010	6
1011	6
1012	6
1013	6
1014	6
1015	14
1016	14
1017	14
1018	14
1019	14
1020	30
1021	30
1022	30
1023	30
1024	30
1025	62
1026	62
1027	62
1028	62
1029	62
1030	92
1031	92
1032	92
1033	92
1034	92
1035	91
1036	91
1037	91
1038	91
1039	91
1040	90
1041	90
1042	90
1043	90
1044	90
1045	89
1046	89
1047	89
1048	89
1049	89
1050	88
1051	88
1052	88
1053	88
1054	88
1055	87
1056	87
1057	87
1058	87
1059	87
1060	86
1061	86
1062	86
1063	86
1064	86
1065	85
1066	85
1067	85
1068	85
1069	85
1070	84
1071	84
1072	84
1073	84
1074	84
1075	83
1076	83
1077	83
1078	83
1079	83
1080	82
1081	82
1082	82
1083	82
1084	82
1085	81
1086	81
1087	81
1088	81
1089	81
1090	80
1091	80
1092	80
1093	80
1094	80
1095	79
1096	79
1097	79
1098	79
1099	79
1100	78
1101	78
1102	78
1103	78
1104	78
1105	77
1106	77
1107	77
1108	77
1109	77
1110	76
1111	76
1112	76
1113	76
1114	76
1115	75
1116	75
1117	75
1118	75
1119	75
1120	74
1121	74
1122	74
1123	74
1124	74
1125	73
1126	73
1127	73
1128	73
1129	73
1130	72
1131	72
1132	72
1133	72
1134	72
1135	71
1136	71
1137	71
1138	71
1139	71
1140	70
1141	70
1142	70
1143	70
1144	70
1145	69
1146	69
1147	69
1148	69
1149	69
1150	68
1151	68
1152	68
1153	68
1154	68
1155	67
1156	67
1157	67
1158	67
1159	67
1160	66
1161	66
1162	66
1163	66
1164	66
1165	65
1166	65
1167	65
1168	65
1169	65
1170	64
1171	64
1172	64
1173	64
1174	64
1175	61
1176	61
1177	61
1178	61
1179	61
1180	63
1181	63
1182	63
1183	63
1184	63
1185	60
1186	60
1187	60
1188	60
1189	60
1190	59
1191	59
1192	59
1193	59
1194	59
1195	58
1196	58
1197	58
1198	58
1199	58
1200	57
1201	57
1202	57
1203	57
1204	57
1205	56
1206	56
1207	56
1208	56
1209	56
1210	55
1211	55
1212	55
1213	55
1214	55
1215	54
1216	54
1217	54
1218	54
1219	54
1220	53
1221	53
1222	53
1223	53
1224	53
1225	52
1226	52
1227	52
1228	52
1229	52
1230	51
1231	51
1232	51
1233	51
1234	51
