0	0
1	1,2
2	2
3	3
4	4
5	5
6	5,6
7	4,7
8	4,6,8
9	9
10	1
11	1
12	1
13	4
14	0
15	3,6
16	3,4,5,9
17	3
18	0,5
19	1
20	0
21	0
22	0,2,4,6
23	1
24	7
25	2,4
26	2
27	1,2
28	1
29	1
30	3
31	1,5
32	0
33	2
34	2,4
35	1
36	0
37	4,5
38	1
39	3
40	0
41	3
42	3
43	1,4,8
44	2,4,8
45	0
46	2,4
47	0
48	6
49	0
50	3
51	3
52	1
53	0
54	0,6
55	7
56	1,3,4
57	2
58	0
59	4
60	2
61	5
62	3
63	9
64	0
65	3,6
66	0
67	1
68	4,5,6
69	0
70	1,2
71	2,7
72	2,6,7
73	0
74	2,4
75	1,5
76	0,3
77	3,4
78	2
79	1
80	1,6
81	2,5
82	2
83	0,2,3
84	0
85	0
86	2
87	0
88	2
89	0
90	1
91	0
92	0,5
93	1
94	3,5,7
95	0,5
96	2
97	0
98	4
99	0
100	3
101	0
102	0
103	3
104	2,4,5
105	1
106	0
107	0
108	4
109	1
110	6
111	1
112	2
113	6
114	2
115	1,4
116	1
117	0
118	1
119	3,4,5
120	2
121	0
122	0
123	2
124	4
125	3
126	1,3,4
127	1
128	0
129	0
130	0
131	2
132	2
133	2
134	2
135	2
136	3
137	0
138	7
139	0
140	1
141	4
142	0
143	2
144	2,3
145	0
146	1
147	3
148	2
149	4
150	1
151	2
152	4
153	0,2
154	3
155	1
156	4
157	2
158	2
159	2
160	2
161	1
162	1
163	2
164	3
165	4
166	3
167	4,6
168	1
169	6
170	0
171	0
172	3
173	5
174	3
175	3
176	8
177	4
178	3
179	4
180	2
181	6
182	0
183	1
184	1
185	1
186	2,3
187	0
188	1
189	1
190	4
191	0
192	3
193	2
194	0
195	0,5
196	2
197	1
198	0
199	3
200	2
201	3
202	2
203	2
204	0
205	1
206	0
207	5
208	0
209	3
210	3,5,7
211	0
212	4
213	3
214	9
215	3
216	0
217	1
218	0,4
219	9
220	3
221	4
222	2
223	2
224	2
225	1
226	3
227	1
228	2
229	1
230	0,7
231	2
232	2
233	2
234	1
235	0
236	0
237	6
238	2
239	2,7
240	6,7
241	8
242	5
243	0
244	0
245	7
246	4
247	6
248	2
249	8
250	5
251	1
252	2
253	1
254	1
255	1
256	1
257	2
258	4
259	6
260	4
261	0
262	1
263	4
264	0
265	0
266	0
267	1
268	4
269	3
270	3
271	9
272	9
273	4
274	0
275	2
276	2
277	1
278	0
279	1,7
280	5
281	0
282	0
283	0
284	1
285	8
286	0
287	3
288	0
289	0
290	0
291	6
292	3
293	3
294	8
295	1
296	3
297	4
298	0
299	4
300	3,6,8
301	0
302	2,5
303	5
304	8
305	3
306	3
307	0
308	1
309	2
310	0
311	1
312	1
313	3
314	0
315	5
316	1
317	1
318	5
319	3
320	0
321	1
322	1
323	1
324	0
325	1
326	1
327	3
328	1
329	1
330	0
331	0
332	1,5
333	0
334	0
335	2
336	0
337	1
338	5
339	4
340	5
341	1
342	2
343	0
344	0
345	2
346	2
347	4
348	4
349	3
350	0
351	3,7
352	2
353	2
354	0
355	2
356	6
357	0
358	6
359	0
360	4
361	0
362	2,5
363	5
364	1
365	4
366	3
367	1
368	2
369	0
370	0
371	3
372	0
373	4
374	1
375	1
376	2
377	0
378	5
379	3,5
380	4
381	0
382	0
383	1
384	2
385	0,6
386	2
387	1
388	7
389	7
390	3
391	0
392	2
393	6
394	4,8
395	2
396	3
397	7
398	1
399	8
400	0
401	0,6
402	9
403	0
404	0
405	0,5
406	1
407	0
408	4
409	0
410	3
411	2
412	4
413	4
414	1
415	0
416	0
417	2
418	0
419	6
420	3
421	0
422	3
423	3
424	2
425	0
426	4
427	0
428	0
429	1
430	5
431	5
432	1
433	0
434	5
435	3
436	2
437	6
438	1
439	0
440	2
441	2
442	2
443	3
444	5
445	6
446	0
447	4
448	1
449	7
450	2
451	1
452	0
453	3
454	0
455	2
456	0
457	4
458	3
459	5
460	0
461	0
462	0
463	0
464	7
465	0
466	2
467	0
468	0
469	4
470	7
471	4
472	0
473	4
474	1
475	2
476	0
477	0
478	1
479	0
480	0
481	2
482	2
483	4,9
484	6
485	0
486	0
487	6
488	0
489	0,5
490	1
491	0
492	6
493	3
494	0
495	1
496	2
497	5
498	1
499	0
500	0
501	3
502	1
503	1
504	1
505	1
506	0
507	1
508	5
509	3
510	2
511	3
512	2
513	4
514	1
515	1
516	1
517	0
518	1
519	1
520	1
521	2
522	1
523	5
524	6
525	2
526	0
527	0
528	2
529	0
530	0
531	3
532	3
533	0
534	3
535	1
536	2
537	1
538	0
539	0
540	3
541	2
542	0
543	3
544	0
545	2
546	0
547	2
548	4
549	0
550	0
551	8
552	1
553	0
554	2
555	2
556	7
557	0
558	1
559	9
560	0
561	3
562	0
563	1,8
564	0
565	3
566	3
567	0
568	7
569	3
570	0
571	7
572	1
573	0
574	1
575	2
576	0
577	3
578	4
579	1
580	5
581	0
582	4
583	0
584	3
585	1
586	1
587	4
588	4
589	9
590	0
591	1
592	2
593	2
594	8
595	1
596	1
597	2
598	0
599	0
600	5
601	4
602	1
603	3
604	1
605	0
606	6
607	0
608	3
609	2
610	5
611	1
612	3
613	0
614	4,9
615	1
616	1
617	6
618	2
619	1
620	0
621	1
622	1
623	1
624	5
625	3
626	0
627	5
628	2
629	1
630	1
631	0
632	3
633	1
634	4
635	1
636	0
637	1
638	4
639	9
640	5
641	3
642	0
643	0
644	0
645	3
646	1
647	2
648	0
649	1
650	0
651	1
652	0
653	1
654	3
655	3
656	1
657	1
658	6
659	0
660	1
661	1
662	8
663	1
664	1
665	0
666	2
667	4
668	0
669	1
670	1
671	7
672	2
673	3
674	7
675	1
676	0
677	2
678	3
679	0
680	6
681	1
682	1
683	0
684	6
685	3
686	5
687	0
688	3
689	5
690	1
691	4,8
692	1
693	5
694	0
695	3
696	1
697	1
698	1
699	1
700	1
701	2
702	2
703	2
704	3
705	0
706	0
707	0
708	1
709	0
710	4
711	2
712	1
713	3
714	1
715	1
716	3
717	8
718	8
719	1
720	0
721	0
722	2
723	4
724	3
725	1
726	4
727	3
728	0,4
729	1
730	0
731	0
732	5
733	0
734	3
735	1
736	1
737	1
738	3
739	0
740	4
741	4
742	0
743	8
744	7
745	0
746	0
747	0
748	3
749	0
750	3
751	1
752	7
753	5
754	0
755	0
756	1
757	0
758	0
759	1
760	1
761	3,5
762	2
763	1
764	1
765	6
766	1
767	1
768	6
769	1
770	0
771	2
772	5
773	2
774	0
775	6
776	0
777	2
778	2
779	1
780	6
781	2
782	2
783	3
784	1
785	0
786	0
787	0
788	1
789	1
790	4
791	1
792	7
793	8
794	0
795	0
796	1
797	4
798	6
799	0
800	1
801	3
802	0
803	0
804	3
805	0
806	4
807	0
808	7
809	6
810	0
811	3
812	4
813	0
814	1
815	2
816	0
817	0
818	6
819	0
820	6
821	3
822	0
823	0
824	0
825	6
826	1
827	0
828	2
829	0
830	4
831	5
832	1
833	0
834	0
835	1
836	5
837	1
838	0
839	2
840	6
841	5
842	1
843	0
844	0
845	8
846	0
847	3
848	2
849	1
850	0
851	0
852	1
853	0
854	0
855	0
856	3
857	2
858	2
859	1
860	3
861	5
862	0
863	2
864	3
865	0
866	1
867	0
868	1
869	1
870	4
871	1
872	2
873	1
874	4
875	1
876	0
877	8
878	0
879	1
880	1,5
881	7
882	2
883	4
884	0
885	5
886	4
887	4
888	0
889	4
890	9
891	4
892	0
893	1
894	0
895	0
896	5
897	1
898	0
899	7
900	0
901	3,7
902	0
903	6
904	2
905	0
906	0
907	5
908	4
909	3,5
910	3
911	4,5
912	4
913	2
914	1
915	2
916	1
917	7
918	1
919	1
920	6
921	7,9
922	1
923	3
924	1
925	2
926	2
927	6
928	0
929	0
930	5,7
931	5
932	4
933	3
934	4
935	1
936	6
937	0
938	5
939	0
940	1
941	3
942	0
943	1
944	0
945	1
946	1
947	0
948	6
949	0
950	0
951	1
952	4
953	1
954	1
955	0
956	2
957	1
958	1
959	5
960	2
961	2
962	3
963	1
964	4
965	0
966	2,6,7,8,9
967	2
968	2
969	0
970	0
971	2
972	2
973	0
974	0
975	2
976	0
977	4,5,7
978	0
979	5
980	2
981	3
982	1
983	0
984	5
985	0
986	0
987	0
988	1,3
989	3
990	3
991	2
992	3
993	2
994	3,4,5,8
995	5,6
996	0
997	0
998	0
999	2,4
1000	0
1001	0
1002	0
1003	0
1004	0
1005	2
1006	2
1007	2
1008	2
1009	2
1010	6
1011	6
1012	6
1013	6
1014	6
1015	9
1016	9
1017	9
1018	9
1019	9
1020	8
1021	8
1022	8
1023	8
1024	8
