ATT0(string,1);ATT1(float,10);ATT2(string,10);
a;0.87,0.412,0.906,0.876,0.298,0.0374,0.762,0.266,0.147,0.396;aaaaaaaaaa;
a;0.431,0.348,0.131,0.24,0.0739,0.63,0.228,0.687,0.87,0.596;aaaa;
a;0.551,0.308,0.708,0.886,0.781,0.936,0.562,0.0338,0.833,0.287;aaaaaaaa;
a;0.534,0.95,0.409,0.622,0.501,0.712,0.358,0.316,0.00909,0.768;aaaaaaaaaa;
a;0.826,0.855,0.053,0.566,0.823,0.258,0.557,0.644,0.71,0.29;aaaaaaa;
a;0.912,0.524,0.611,0.546,0.409,0.672,0.329,0.981,0.648,0.719;aaaa;
a;0.923,0.505,0.358,0.249,0.622,0.841,0.0651,0.75,0.106,0.382;aaa;
a;0.74,0.523,0.688,0.71,0.0031,0.363,0.959,0.298,0.597,0.262;aaaaaa;
a;0.713,0.459,0.877,0.298,0.0307,0.161,0.738,0.323,0.872,0.103;aaaaaaaaaa;
a;0.0216,0.774,0.908,0.815,0.502,0.468,0.939,0.0315,0.934,0.139;aa;
a;0.577,0.879,0.804,0.328,0.541,0.884,0.118,0.808,0.598,0.2;aaa;
a;0.486,0.237,0.2,0.937,0.174,0.0562,0.943,0.808,0.809,0.387;aaaaa;
a;0.417,0.254,0.494,0.726,0.737,0.643,0.412,0.0898,0.675,0.237;aaaa;
a;0.223,0.329,0.609,0.0813,0.11,0.211,0.216,0.233,0.26,0.39;aaaaa;
a;0.0836,0.763,0.306,0.182,0.945,0.8,0.466,0.0128,0.162,0.417;a;
a;0.835,0.496,0.864,0.488,0.451,0.507,0.536,0.0244,0.931,0.949;aaaaaaaa;
a;0.516,0.763,0.405,0.0666,0.31,0.0154,0.637,0.156,0.381,0.117;aaa;
a;0.866,0.0695,0.871,0.0547,0.135,0.395,0.941,0.435,0.198,0.469;a;
a;0.664,0.72,0.327,0.809,0.448,0.75,0.602,0.277,0.209,0.944;a;
a;0.756,0.701,0.417,0.279,0.177,0.542,0.864,0.769,0.36,0.479;aaaaaaaa;
a;0.676,0.29,0.782,0.427,0.143,0.673,0.795,0.126,0.407,0.408;aaaaaa;
a;0.179,0.283,0.351,0.823,0.449,0.584,0.0807,0.845,0.0917,0.924;aaaaaaa;
a;0.879,0.323,0.449,0.915,0.0888,0.224,0.481,0.638,0.598,0.664;aaaaaaa;
a;0.749,0.0574,0.701,0.566,0.453,0.485,0.84,0.292,0.043,0.488;aaaaaa;
a;0.621,0.451,0.57,0.0786,0.875,0.584,0.697,0.204,0.204,0.0195;aaaaaaaa;
a;0.0618,0.403,0.924,0.703,0.211,0.116,0.46,0.102,0.853,0.908;aaaa;
a;0.995,0.492,0.68,0.486,0.101,0.575,0.116,0.631,0.921,0.871;a;
a;0.587,0.977,0.118,0.742,0.579,0.529,0.172,0.00391,0.629,0.525;aaaa;
a;0.386,0.107,0.472,0.805,0.139,0.924,0.795,0.888,0.871,0.924;aaaa;
a;0.218,0.369,0.169,0.175,0.561,0.178,0.603,0.831,0.496,0.946;aaa;
a;0.836,0.764,0.928,0.791,0.0214,0.569,0.172,0.866,0.87,0.0717;aaaaaaaaaa;
a;0.152,0.718,0.0353,0.431,0.522,0.27,0.624,0.556,0.87,0.69;aaaaaa;
a;0.877,0.576,0.587,0.527,0.435,0.927,0.0769,0.924,0.242,0.847;aaaaaa;
a;0.453,0.0156,0.101,0.737,0.157,0.348,0.924,0.548,0.052,0.798;aa;
a;0.951,0.319,0.505,0.358,0.937,0.981,0.232,0.803,0.478,0.48;aaaaaaaa;
a;0.104,0.815,0.366,0.604,0.924,0.53,0.0428,0.503,0.457,0.622;aaa;
a;0.88,0.16,0.538,0.524,0.339,0.917,0.431,0.188,0.886,0.57;aaaaa;
a;0.858,0.779,0.0613,0.743,0.616,0.806,0.12,0.0655,0.392,0.0939;aaaaa;
a;0.488,0.654,0.903,0.32,0.37,0.132,0.301,0.776,0.759,0.201;a;
a;0.346,0.854,0.266,0.887,0.559,0.832,0.772,0.532,0.695,0.0516;aaaaaaaaaa;
a;0.26,0.777,0.483,0.897,0.084,0.834,0.627,0.97,0.228,0.415;aaaaa;
a;0.392,0.924,0.675,0.664,0.488,0.437,0.346,0.547,0.444,0.571;aaaa;
a;0.142,0.413,0.78,0.426,0.562,0.642,0.769,0.657,0.0743,0.199;aaaa;
a;0.0596,0.128,0.0926,0.0814,0.922,0.868,0.275,0.138,0.0661,0.505;aaaaaaaaaa;
a;0.331,0.161,0.49,0.73,0.428,0.0702,0.564,0.486,0.601,0.058;aaaaaa;
a;0.447,0.799,0.478,0.718,0.951,0.477,0.0192,0.557,0.375,0.707;aaaaaaaa;
a;0.78,0.0764,0.277,0.269,0.384,0.936,0.893,0.693,0.879,0.998;a;
a;0.209,0.31,0.0657,0.964,0.538,0.227,0.0884,0.641,0.685,0.646;aaaaaaaaa;
a;0.524,0.868,0.928,0.0405,0.742,0.0953,0.247,0.297,0.325,0.704;aaaaaaa;
a;0.67,0.832,0.0277,0.985,0.445,0.0103,0.489,0.182,0.413,0.29;aaaaaaaa;
a;0.0683,0.163,0.128,0.563,0.0921,0.14,0.908,0.875,0.179,0.537;aaa;
a;0.567,0.541,0.542,0.444,0.596,0.555,0.0946,0.809,0.718,0.575;aaaa;
a;0.912,0.15,0.516,0.855,0.279,0.00512,0.286,0.968,0.685,0.00227;aaaaa;
a;0.847,0.292,0.746,0.553,0.221,0.232,0.383,0.969,0.8,0.903;aaaa;
a;0.467,0.761,0.602,0.197,0.114,0.191,0.117,0.366,0.435,0.695;aaaaaaaa;
a;0.826,0.91,0.466,0.054,0.594,0.779,0.995,0.746,0.108,0.347;aa;
a;0.772,0.142,0.353,0.513,0.967,0.291,0.49,0.709,0.536,0.975;aaaaaaaaa;
a;0.324,0.633,0.019,0.547,0.106,0.726,0.993,0.961,0.698,0.717;aaaaaaa;
a;0.805,0.086,0.532,0.577,0.366,0.905,0.808,0.729,0.876,0.697;aaaaaaa;
a;0.0159,0.348,0.784,0.458,0.915,0.591,0.0264,0.617,0.859,0.54;aaaaa;
a;0.271,0.627,0.103,0.682,0.903,0.69,0.508,0.95,0.615,0.666;aaaaaaaa;
a;0.829,0.102,0.497,0.1,0.662,0.358,0.138,0.431,0.487,0.388;aaaaaaaa;
a;0.0398,0.831,0.612,0.583,0.769,0.686,0.938,0.177,0.17,0.728;a;
a;0.772,0.483,0.0183,0.857,0.575,0.459,0.868,0.593,0.329,0.879;aaaaaaa;
a;0.0942,0.482,0.613,0.587,0.378,0.296,0.439,0.0477,0.607,0.482;aaaaaaaaa;
a;0.859,0.135,0.0977,0.716,0.315,0.772,0.513,0.326,0.735,0.586;aaaaaaaa;
a;0.275,0.975,0.736,0.342,0.819,0.394,0.213,0.739,0.0142,0.597;aa;
a;0.311,0.604,0.676,0.949,0.297,0.967,0.662,0.694,0.0246,0.0961;a;
a;0.569,0.126,0.564,0.613,0.356,0.0489,0.0618,0.62,0.356,0.736;aa;
a;0.95,0.716,0.354,0.331,0.163,0.79,0.375,0.476,0.403,0.576;aaaaaaa;
a;0.214,0.428,0.33,0.905,0.0627,0.46,0.299,0.48,0.986,0.0649;aaaaaaa;
a;0.779,0.365,0.438,0.41,0.345,0.318,0.203,0.267,0.306,0.389;aaa;
a;0.783,0.694,0.41,0.902,0.337,0.462,0.963,0.535,0.68,0.842;aaaaaa;
a;0.344,0.0686,0.606,0.641,0.744,0.787,0.984,0.0112,0.35,0.595;aaaaaaa;
a;0.613,0.323,0.695,0.127,0.546,0.587,0.522,0.178,0.32,0.694;aaaaaaa;
a;0.798,0.805,0.798,0.93,0.758,0.716,0.795,0.126,0.353,0.497;aaaaaaaaa;
a;0.941,0.52,0.725,0.836,0.743,0.191,0.256,0.607,0.372,0.364;aaaaaaa;
a;0.539,0.771,0.339,0.369,0.604,0.0873,0.597,0.689,0.887,0.546;aaaaaaa;
a;0.013,0.92,0.123,0.0727,0.343,0.594,0.941,0.92,0.901,0.0277;aaa;
a;0.834,0.45,0.543,0.93,0.00179,0.843,0.911,0.833,0.625,0.249;aaaaaaaaa;
a;0.429,0.669,0.537,0.445,0.00287,0.639,0.457,0.87,0.967,0.456;aaaaaa;
a;0.258,0.623,0.0203,0.708,0.377,0.0996,0.867,0.98,0.876,0.707;aa;
a;0.509,0.932,0.152,0.625,0.898,0.732,0.861,0.727,0.65,0.569;aaaaaaaa;
a;0.796,0.656,0.452,0.832,0.474,0.446,0.475,0.547,0.0457,0.64;aaaaaaaa;
a;0.399,0.505,0.146,0.492,0.482,0.274,0.98,0.256,0.191,0.13;aaaaaaaaaa;
a;0.105,0.597,0.434,0.848,0.143,0.887,0.691,0.338,0.576,0.222;aaa;
a;0.615,0.326,0.144,0.688,0.0582,0.963,0.363,0.603,0.966,0.293;aaa;
a;0.565,0.13,0.759,0.579,0.869,0.257,0.929,0.18,0.836,0.208;a;
a;0.0849,0.659,0.237,0.104,0.164,0.132,0.48,0.849,0.805,0.0221;aaaaa;
a;0.0978,0.0111,0.494,0.615,0.983,0.00342,0.858,0.406,0.987,0.175;aaaaaaa;
a;0.726,0.699,0.294,0.805,0.363,0.327,0.0415,0.85,0.632,0.595;aaaa;
a;0.594,0.935,0.923,0.163,0.614,0.213,0.0369,0.409,0.633,0.284;aa;
a;0.0265,0.971,0.242,0.545,0.628,0.566,0.685,0.213,0.346,0.88;aaaa;
a;0.98,0.496,0.299,0.135,0.856,0.944,0.0355,0.735,0.999,0.0982;aaaaaa;
a;0.82,0.176,0.816,0.12,0.0113,0.94,0.994,0.369,0.774,0.832;aaaaaaa;
a;0.693,0.339,0.794,0.638,0.169,0.157,0.0202,0.0523,0.67,0.162;a;
a;0.151,0.896,0.475,0.295,0.716,0.122,0.591,0.548,0.0534,0.242;aa;
a;0.078,0.227,0.124,0.747,0.539,0.0658,0.159,0.152,0.0684,0.511;aaa;
a;0.991,0.539,0.169,0.545,0.574,0.0697,0.957,0.302,0.492,0.425;aaa;
a;0.195,0.0848,0.503,0.0503,0.872,0.141,0.184,0.985,0.296,0.762;aaaaaaaaaa;
a;0.56,0.573,0.658,0.893,0.121,0.114,0.92,0.945,0.593,0.27;aaaaa;
a;0.958,0.461,0.706,0.297,0.917,0.229,0.402,0.579,0.933,0.591;aaaaaaaaa;
a;0.672,0.264,0.945,0.817,0.392,0.405,0.613,0.207,0.898,0.311;aaaaaaaa;
a;0.986,0.223,0.126,0.404,0.209,0.0818,0.905,0.402,0.429,0.213;aa;
a;0.51,0.893,0.915,0.155,0.465,0.798,0.622,0.493,0.0692,0.589;aaaaaaaaa;
a;0.285,0.487,0.924,0.373,0.971,0.603,0.203,0.322,0.882,0.494;aa;
a;0.549,0.387,0.809,0.629,0.264,0.593,0.225,0.136,0.0632,0.408;aaa;
a;0.943,0.56,0.802,0.774,0.933,0.604,0.761,0.838,0.698,0.00289;a;
a;0.316,0.267,0.533,0.314,0.1,0.667,0.579,0.457,0.502,0.87;aaa;
a;0.762,0.967,0.61,0.364,0.0187,0.892,0.0469,0.383,0.0261,0.0966;aaaaaaaaa;
a;0.508,0.795,0.0426,0.695,0.997,0.0637,0.591,0.905,0.894,0.762;aaaaaaaaaa;
a;0.852,0.383,0.402,0.782,0.293,0.205,0.126,0.915,0.55,0.855;aaaaaa;
a;0.286,0.938,0.231,0.38,0.603,0.284,0.83,0.881,0.327,0.406;aa;
a;0.803,0.523,0.209,0.185,0.111,0.61,0.238,0.018,0.00221,0.109;aa;
a;0.599,0.215,0.439,0.514,0.249,0.298,0.0304,0.591,0.694,0.599;aaaaaaaaaa;
a;0.926,0.846,0.959,0.0534,0.115,0.318,0.966,0.288,0.782,0.0609;aaaaa;
a;0.00287,0.995,0.234,0.187,0.54,0.566,0.722,0.435,0.067,0.813;aaaaaa;
a;0.31,0.635,0.109,0.0462,0.00418,0.641,0.0127,0.679,0.947,0.999;aaaaa;
a;0.829,0.887,0.365,0.278,0.986,0.425,0.42,0.467,0.466,0.0131;aaaaaa;
a;0.916,0.637,0.616,0.837,0.984,0.767,0.218,0.00585,0.0918,0.197;aaaaaaaaaa;
a;0.29,0.413,0.369,0.102,0.386,0.69,0.424,0.363,0.805,0.147;aaaaa;
a;0.512,0.386,0.763,0.372,0.489,0.835,0.282,0.538,0.948,0.682;aaaaaaaaa;
a;0.209,0.863,0.394,0.503,0.637,0.789,0.0546,0.0242,0.435,0.281;aaaaaa;
a;0.977,0.595,0.16,0.729,0.728,0.656,0.625,0.544,0.97,0.178;aaaaaaaa;
a;0.921,0.805,0.124,0.198,0.862,0.682,0.172,0.0462,0.138,0.792;aaaaa;
a;0.807,0.853,0.431,0.766,0.467,0.355,0.0835,0.453,0.728,0.924;aaaaaaaaa;
a;0.979,0.828,0.973,0.79,0.474,0.416,0.422,0.404,0.262,0.188;aa;
a;0.937,0.098,0.703,0.297,0.373,0.389,0.396,0.614,0.265,0.648;aa;
a;0.559,0.0587,0.698,0.0387,0.448,0.41,0.506,0.765,0.216,0.0985;aaa;
a;0.34,0.856,0.636,0.112,0.62,0.867,0.528,0.855,0.0762,0.79;aaaaaaaaaa;
a;0.608,0.339,0.19,0.923,0.499,0.996,0.654,0.155,0.863,0.913;aaaaa;
a;0.494,0.27,0.361,0.44,0.598,0.388,0.808,0.659,0.835,0.313;aa;
a;0.671,0.722,0.906,0.784,0.329,0.45,0.918,0.689,0.991,0.145;aaaaaa;
a;0.984,0.678,0.458,0.425,0.32,0.366,0.834,0.665,0.192,0.588;aaa;
a;0.974,0.245,0.0275,0.843,0.0827,0.198,0.963,0.477,0.0335,0.157;aaaaaaa;
a;0.442,0.962,0.497,0.334,0.729,0.0062,0.0569,0.121,0.35,0.873;aaaaaaa;
a;0.0732,0.613,0.547,0.306,0.302,0.983,0.22,0.762,0.194,0.47;aaaaaaaaa;
a;0.831,0.653,0.432,0.149,0.73,0.00409,0.769,0.447,0.048,0.408;aa;
a;0.0194,0.0458,0.173,0.858,0.208,0.339,0.911,0.772,0.744,0.229;aaaaaaa;
a;0.348,0.325,0.807,0.835,0.503,0.237,0.868,0.877,0.433,0.683;aaaaaaaa;
a;0.614,0.752,0.169,0.898,0.927,0.996,0.538,0.167,0.321,0.939;aaaaaaaaaa;
a;0.454,0.0104,0.997,0.0603,0.862,0.929,0.973,0.717,0.187,0.624;aaaaaaaaaa;
a;0.493,0.652,0.819,0.743,0.909,0.981,0.139,0.224,0.745,0.141;aaaaaa;
a;0.141,0.713,0.127,0.738,0.359,0.315,0.759,0.379,0.605,0.257;aaa;
a;0.135,0.34,0.163,0.474,0.686,0.864,0.597,0.2,0.693,0.648;aaa;
a;0.873,0.31,0.447,0.578,0.133,0.175,0.718,0.528,0.315,0.481;a;
a;0.583,0.8,0.0738,0.377,0.0294,0.0138,0.145,0.207,0.191,0.892;aaaaaaaaa;
a;0.958,0.0114,0.878,0.805,0.902,0.352,0.785,0.177,0.0683,0.643;aaaa;
a;0.0496,0.471,0.981,0.126,0.181,0.581,0.758,0.17,0.308,0.283;aa;
a;0.921,0.0845,0.334,0.254,0.633,0.263,0.612,0.371,0.885,0.663;aaaaaa;
a;0.974,0.51,0.205,0.379,0.535,0.472,0.589,0.427,0.666,0.154;aaaa;
a;0.85,0.104,0.265,0.356,0.0428,0.747,0.357,0.878,0.397,0.353;aaaaaaaaaa;
a;0.926,0.476,0.0242,0.157,0.0735,0.149,0.62,0.632,0.758,0.905;aa;
a;0.132,0.946,0.91,0.178,0.463,0.988,0.954,0.0555,0.944,0.756;aaa;
a;0.248,0.497,0.971,0.952,0.856,0.101,0.0038,0.308,0.133,0.352;aaaaaaaa;
a;0.439,0.891,0.374,0.49,0.576,0.989,0.465,0.443,0.0289,0.962;aaaaa;
a;0.067,0.309,0.53,0.305,0.708,0.374,0.0119,0.958,0.0643,0.632;aaaaaa;
a;0.619,0.359,0.318,0.989,0.0536,0.917,0.0605,0.797,0.326,0.867;aaaaaaaaa;
a;0.596,0.84,0.0201,0.816,0.115,0.821,0.596,0.898,0.715,0.973;a;
a;0.767,0.401,0.271,0.559,0.382,0.425,0.0187,0.42,0.0376,0.0676;aaaaaa;
a;0.512,0.503,0.144,0.626,0.229,0.516,0.72,0.665,0.0272,0.0512;aaaaa;
a;0.86,0.512,0.512,0.511,0.61,0.627,0.663,0.846,0.57,0.546;aaaa;
a;0.258,0.975,0.876,0.843,0.422,0.33,0.759,0.608,0.512,0.863;aaaaaaaa;
a;0.828,0.699,0.0138,0.44,0.108,0.789,0.84,0.813,0.765,0.453;aaaa;
a;0.206,0.71,0.653,0.8,0.14,0.882,0.00271,0.908,0.274,0.254;aaaaaaaa;
a;0.943,0.504,0.714,0.00768,0.0838,0.482,0.509,0.963,0.0277,0.0601;aaaaaaaaaa;
a;0.532,0.591,0.122,0.919,0.333,0.0927,0.237,0.239,0.141,0.889;aaa;
a;0.726,0.92,0.542,0.0645,0.204,0.703,0.979,0.167,0.567,0.635;aaa;
a;0.374,0.949,0.257,0.529,0.132,0.258,0.733,0.531,0.547,0.587;aaaaaa;
a;0.877,0.0451,0.0963,0.434,0.309,0.314,0.788,0.0248,0.414,0.319;aaaaa;
a;0.206,0.299,0.88,0.718,0.757,0.809,0.64,0.454,0.433,0.6;aaaaaaaa;
a;0.978,0.0151,0.858,0.81,0.603,0.876,0.654,0.588,0.01,0.875;aaaaaaaaa;
a;0.473,0.453,0.537,0.949,0.401,0.0315,0.375,0.323,0.784,0.874;aaaaaaa;
a;0.143,0.487,0.297,0.273,0.139,0.931,0.567,0.283,0.0673,0.236;aaaaaaa;
a;0.549,0.282,0.436,0.461,0.219,0.445,0.212,0.937,0.372,0.682;aaaa;
a;0.857,0.804,0.0889,0.0934,0.969,0.156,0.0765,0.218,0.898,0.503;aaaaa;
a;0.381,0.512,0.837,0.0465,0.78,0.164,0.903,0.78,0.883,0.601;aaaaaaaaaa;
a;0.846,0.193,0.519,0.571,0.594,0.586,0.728,0.327,0.732,0.505;aaaaaaaaa;
a;0.228,0.33,0.914,0.00192,0.285,0.78,0.884,0.034,0.0445,0.24;aaaaaaaa;
a;0.219,0.566,0.482,0.0679,0.356,0.857,0.333,0.537,0.745,0.327;aaaaaa;
a;0.784,0.419,0.109,0.972,0.798,0.0386,0.0794,0.28,0.319,0.948;aa;
a;0.616,0.611,0.847,0.763,0.515,0.853,0.99,0.652,0.683,0.185;aaaaaaa;
a;0.949,0.496,0.511,0.131,0.15,0.353,0.728,0.22,0.911,0.216;aaaaaaa;
a;0.302,0.243,0.865,0.551,0.687,0.498,0.201,0.921,0.305,0.462;aaaaaaaaa;
a;0.379,0.643,0.246,0.613,0.453,0.909,0.998,0.264,0.648,0.38;aaaaaaaa;
a;0.114,0.719,0.854,0.3,0.524,0.804,0.103,0.0777,0.71,0.497;aaaaaaaa;
a;0.449,0.821,0.127,0.658,0.139,0.0289,0.807,0.507,0.0984,0.273;aaaaaaaaa;
a;0.0767,0.33,0.795,0.974,0.703,0.916,0.719,0.678,0.922,0.155;aaaaaaaa;
a;0.477,0.357,0.393,0.955,0.863,0.843,0.893,0.0456,0.22,0.413;a;
a;0.187,0.96,0.607,0.192,0.178,0.34,0.386,0.9,0.682,0.064;aaaaaaa;
a;0.307,0.415,0.193,0.137,0.328,0.911,0.777,0.818,0.769,0.25;aaa;
a;0.743,0.354,0.0137,0.691,0.236,0.118,0.359,0.29,0.227,0.541;aaa;
a;0.595,0.615,0.654,0.819,0.569,0.422,0.6,0.279,0.682,0.47;aaaaaa;
a;0.615,0.731,0.324,0.799,0.325,0.439,0.655,0.86,0.652,0.83;aaaaa;
a;0.223,0.229,0.568,0.0536,0.01,0.429,0.97,0.464,0.316,0.777;aaaaaaa;
a;0.234,0.194,0.0186,0.612,0.77,0.532,0.586,0.0124,0.532,0.518;aaa;
a;0.342,0.521,0.697,0.0718,0.272,0.882,0.218,0.48,0.759,0.0363;aaaaa;
a;0.244,0.868,0.098,0.53,0.671,0.112,0.659,0.557,0.171,0.285;aaa;
a;0.401,0.986,0.0576,0.959,0.389,0.58,0.881,0.277,0.755,0.342;aaaaaa;
a;0.063,0.51,0.635,0.788,0.624,0.181,0.512,0.714,0.96,0.609;aaa;
a;0.0614,0.18,0.739,0.696,0.454,0.481,0.283,0.523,0.201,0.535;aaaa;
a;0.22,0.155,0.665,0.837,0.853,0.686,0.75,0.63,0.0588,0.0239;aaaaaaaa;
a;0.0762,0.287,0.937,0.388,0.733,0.0709,0.153,0.975,0.0848,0.392;aa;
a;0.572,0.47,0.5,0.134,0.0396,0.98,0.0633,0.916,0.616,0.935;aaaaaaa;
a;0.173,0.267,0.775,0.294,0.554,0.862,0.00508,0.101,0.155,0.703;aaaaaaaa;
a;0.529,0.893,0.643,0.955,0.522,0.456,0.0993,0.0876,0.833,0.857;aaaaaaaaaa;
a;0.15,0.262,0.118,0.751,0.921,0.307,0.855,0.437,0.319,0.218;aaaaaa;
a;0.213,0.204,0.814,0.172,0.871,0.586,0.959,0.901,0.0485,0.421;aaaa;
a;0.381,0.27,0.729,0.0739,0.0772,0.166,0.0758,0.449,0.205,0.478;aaaa;
a;0.557,0.467,0.448,0.208,0.495,0.636,0.261,0.38,0.986,0.944;aaaaa;
a;0.0945,0.568,0.873,0.213,0.289,0.906,0.516,0.000341,0.341,0.764;aaaaaaaaaa;
a;0.445,0.754,0.808,0.198,0.242,0.0268,0.952,0.892,0.643,0.584;aaaaaaaaa;
a;0.707,0.742,0.913,0.146,0.311,0.449,0.73,0.88,0.811,0.622;aaaa;
a;0.773,0.855,0.892,0.615,0.18,0.912,0.466,0.244,0.412,0.341;aaa;
a;0.476,0.452,0.2,0.667,0.123,0.326,0.988,0.945,0.178,0.89;aaaaaa;
a;0.662,0.771,0.306,0.3,0.835,0.98,0.197,0.696,0.42,0.14;aa;
a;0.0251,0.248,0.868,0.652,0.0345,0.395,0.795,0.105,0.896,0.0192;aa;
a;0.842,0.715,0.843,0.781,0.0214,0.136,0.0912,0.709,0.981,0.0353;aa;
a;0.681,0.91,0.829,0.134,0.175,0.6,0.281,0.156,0.684,0.783;aa;
a;0.136,0.616,0.0041,0.474,0.835,0.587,0.411,0.668,0.501,0.358;aaaaaaaa;
a;0.833,0.21,0.83,1,0.295,0.552,0.347,0.631,0.466,0.15;aaaaaaaa;
a;0.42,0.231,0.99,0.381,0.604,0.445,0.177,0.286,0.602,0.767;aaa;
a;0.439,0.945,0.567,0.631,0.791,0.838,0.0331,0.206,0.751,0.473;aaaaaaaaaa;
a;0.982,0.171,0.805,0.0471,0.629,0.669,0.0826,0.792,0.718,0.365;aaaaaaaaa;
a;0.269,0.00273,0.72,0.953,0.299,0.0209,0.721,0.862,0.323,0.29;aaaaa;
a;0.298,0.486,0.927,0.561,0.923,0.984,0.476,0.846,0.642,0.177;aaaaaaaaa;
a;0.183,0.484,0.432,0.426,0.856,0.805,0.0604,0.365,0.982,0.34;aaaaa;
a;0.415,0.528,0.0546,0.218,0.186,0.114,0.376,0.232,0.847,0.859;aaaa;
a;0.109,0.209,0.748,0.716,0.657,0.145,0.416,0.655,0.288,0.0487;aaaa;
a;0.266,0.369,0.976,0.294,0.862,0.537,0.361,0.634,0.0209,0.983;aaaa;
a;0.946,0.632,0.517,0.977,0.737,0.755,0.565,0.0383,0.587,0.193;aa;
a;0.0895,0.176,0.264,0.896,0.46,0.361,0.91,0.577,0.142,0.0152;a;
a;0.377,0.382,0.684,0.737,0.561,0.417,0.967,0.44,0.509,0.416;aaa;
a;0.565,0.254,0.55,0.255,0.0568,0.15,0.439,0.191,0.366,0.486;aaaaaa;
a;0.566,0.215,0.378,0.118,0.458,0.313,0.889,0.577,0.154,0.517;aaaaaaa;
a;0.171,0.218,0.364,0.188,0.231,0.707,0.696,0.853,0.603,0.151;aaaaa;
a;0.385,0.138,0.722,0.115,0.478,0.911,0.00256,0.0902,0.358,0.839;aaaaaaaaa;
a;0.588,0.8,0.682,0.745,0.936,0.993,0.251,0.784,0.678,0.903;aaaaaaaaa;
a;0.247,0.798,0.618,0.71,0.702,0.694,0.381,0.877,0.565,0.657;a;
a;0.961,0.765,0.774,0.196,0.435,0.421,0.0916,0.868,0.467,0.18;aaaaaaaaaa;
a;0.821,0.786,0.686,0.0893,0.624,0.607,0.731,0.223,0.31,0.962;aa;
a;0.922,0.904,0.713,0.802,0.29,0.0404,0.414,0.385,0.846,0.889;aaaaaaaa;
a;0.658,0.827,0.21,0.398,0.153,0.892,0.211,0.194,0.727,0.309;aaaa;
a;0.702,0.386,0.858,0.41,0.663,0.431,0.254,0.646,0.41,0.782;aaaaaaaaa;
a;0.289,0.515,0.271,0.387,0.794,0.65,0.219,0.256,0.335,0.682;a;
a;0.779,0.716,0.629,0.585,0.383,0.794,0.962,0.659,0.445,0.942;aaaaa;
a;0.0124,0.221,0.969,0.88,0.607,0.188,0.442,0.114,0.69,0.898;aa;
a;0.15,0.965,0.171,0.593,0.133,0.648,0.971,0.725,0.347,0.606;aaaaaaa;
a;0.821,0.931,0.67,0.024,0.47,0.983,0.255,0.942,0.64,0.021;aaaa;
a;0.957,0.639,0.189,0.128,0.552,0.0971,0.887,0.645,0.911,0.673;aaaaaaa;
a;0.00429,0.547,0.61,0.585,0.525,0.14,0.787,0.609,0.0556,0.619;aaaaaaa;
a;0.178,0.929,0.544,0.426,0.18,0.561,0.359,0.153,0.374,0.177;a;
a;0.00624,0.152,0.567,0.357,0.621,0.405,0.601,0.188,0.27,0.938;aaaaaaaaaa;
a;0.993,0.966,0.408,0.451,0.062,0.235,0.523,0.152,0.662,0.175;aaaaaaaaa;
a;0.781,0.621,0.958,0.776,0.459,0.194,0.188,0.889,0.191,0.125;aaaaaa;
a;0.231,0.652,0.412,0.661,0.547,0.576,0.305,0.173,0.629,0.432;aaa;
a;0.416,0.179,0.528,0.458,0.0407,0.185,0.27,0.128,0.0608,0.501;aaaaaaa;
a;0.161,0.126,0.729,0.128,0.949,0.849,0.339,0.476,0.91,0.889;aaaaa;
a;0.785,0.715,0.195,0.845,0.311,0.83,0.225,0.692,0.878,0.715;aaaa;
a;0.618,0.753,0.0674,0.652,0.0944,0.0372,0.76,0.442,0.878,0.56;aaaa;
a;0.518,0.124,0.215,0.64,0.655,0.307,0.278,0.885,0.587,0.266;aaa;
a;0.134,0.256,0.359,0.666,0.213,0.00778,0.489,0.612,0.00593,0.525;a;
a;0.484,0.393,0.788,0.639,0.269,0.531,0.28,0.63,0.734,0.848;aaa;
a;0.23,0.581,0.509,0.133,0.56,0.633,0.535,0.14,0.759,0.109;aaaaaa;
a;0.0532,0.494,0.296,0.857,0.466,0.32,0.891,0.7,0.171,0.86;aa;
a;0.174,0.778,0.597,0.269,0.296,0.93,0.219,0.081,0.669,0.206;a;
a;0.344,0.147,0.195,0.583,0.735,0.297,0.978,0.422,0.599,0.338;aa;
a;0.512,0.136,0.275,0.00213,0.347,0.776,0.532,0.397,0.392,0.563;a;
a;0.825,0.42,0.66,0.442,0.91,0.826,0.787,0.0881,0.329,0.378;aaaa;
a;0.622,0.0702,0.215,0.7,0.855,0.299,0.415,0.189,0.131,0.609;aaaaaaaaaa;
a;0.102,0.895,0.554,0.637,0.135,0.326,0.944,0.49,0.192,0.827;aaaaaaa;
a;0.262,0.677,0.126,0.984,0.177,0.51,0.0369,0.917,0.445,0.419;a;
a;0.646,0.0117,0.835,0.715,0.637,0.599,0.408,0.655,0.287,0.806;aa;
a;0.552,0.444,0.206,0.144,0.801,0.752,0.192,0.114,0.118,0.0826;aaaaaa;
a;0.208,0.478,0.263,0.278,0.51,0.236,0.943,0.147,0.272,0.541;a;
a;0.572,0.189,0.94,0.249,0.109,0.541,0.129,0.181,0.65,0.105;aaaaaaaaaa;
a;0.706,0.665,0.982,0.21,0.607,0.515,0.838,0.235,0.49,0.11;aaaaaaa;
a;0.733,0.564,0.765,0.923,0.246,0.78,0.773,0.48,0.702,0.72;aaaaaaaa;
a;0.89,0.526,0.217,0.545,0.0752,0.672,0.255,0.983,0.934,0.186;aaaaaa;
a;0.775,0.884,0.224,0.422,0.634,0.699,0.28,0.933,0.738,0.238;aaa;
a;0.0181,0.302,0.0943,0.357,0.338,0.156,0.594,0.429,0.657,0.558;aaaaaa;
a;0.338,0.973,0.66,0.162,0.283,1,0.0668,0.289,0.537,0.212;aaa;
a;0.545,0.905,0.192,0.766,0.31,0.427,0.832,0.952,0.938,0.97;aaaaa;
a;0.944,0.865,0.872,0.645,0.332,0.667,0.336,0.0216,0.994,0.268;aaaaaaaaa;
a;0.801,0.697,0.00567,0.598,0.244,0.136,0.152,0.639,0.373,0.941;a;
a;0.362,0.38,0.442,0.61,0.954,0.191,0.499,0.0918,0.712,0.791;aaa;
a;0.208,0.996,0.784,0.852,0.392,0.705,0.321,0.0528,0.865,0.329;aaaaaaaaa;
a;0.317,0.789,0.394,0.669,0.387,0.925,0.532,0.563,0.492,0.691;aaaaaa;
a;0.0318,0.411,0.333,0.72,0.412,0.263,0.494,0.521,0.459,0.156;aaaaaaaa;
a;0.659,0.466,0.273,0.852,0.142,0.196,0.629,0.493,0.375,0.124;aaa;
a;0.698,0.00695,0.953,0.672,0.153,0.213,0.406,0.459,0.369,0.0185;aaaaaa;
a;0.946,0.938,0.662,0.186,0.153,0.921,0.584,0.635,0.73,0.0173;aa;
a;0.875,0.252,0.369,0.673,0.52,0.233,0.762,0.137,0.942,0.933;aaaaaaa;
a;0.984,0.868,0.887,0.692,0.648,0.793,0.218,0.802,0.979,0.0668;aaaaaaaaa;
a;0.215,0.946,0.116,0.235,0.865,0.722,0.241,0.49,0.677,0.973;a;
a;0.212,0.598,0.982,0.753,0.343,0.506,0.631,0.298,0.241,0.742;aaaaaa;
a;0.936,0.416,0.986,0.213,0.55,0.118,0.551,0.609,0.749,0.803;aaaaaaaa;
a;0.132,0.688,0.519,0.478,0.514,0.6,0.157,0.351,0.189,0.934;a;
a;0.79,0.568,0.342,0.743,0.46,0.234,0.683,0.443,0.198,0.779;aaa;
a;0.0621,0.37,0.931,0.219,0.879,0.66,0.377,0.777,0.25,0.616;aaaaa;
a;0.856,0.57,0.0795,0.49,0.266,0.726,0.619,0.499,0.79,0.908;aa;
a;0.0589,0.619,0.231,0.0499,0.653,0.969,0.908,0.76,0.565,0.979;aaaaa;
a;0.333,0.676,0.945,0.818,0.954,0.00134,0.746,0.425,0.728,0.494;aaaaaaaaaa;
a;0.185,0.179,0.668,0.35,0.495,0.392,0.451,0.395,0.639,0.281;aaaaaaaaaa;
a;0.833,0.855,0.011,0.288,0.171,0.917,0.343,0.444,0.472,0.92;aaa;
a;0.463,0.481,0.247,0.879,0.00145,0.604,0.316,0.776,0.766,0.636;a;
a;0.0242,0.706,0.454,0.711,0.201,0.62,0.885,0.178,0.678,0.919;aaaaaaaa;
a;0.61,0.862,0.619,0.448,0.0483,0.638,0.131,0.726,0.529,0.0177;a;
a;0.425,0.0598,0.691,0.508,0.572,0.29,0.272,0.0395,0.543,0.938;aaa;
a;0.755,0.475,0.794,0.435,0.667,0.0476,0.318,0.0672,0.872,0.191;aaaaaaa;
a;0.459,0.571,0.0506,0.947,0.779,0.434,0.0163,0.753,0.515,0.0392;aaaa;
a;0.534,0.996,0.546,0.0634,0.899,0.577,0.599,0.184,0.256,0.175;aaaaa;
a;0.432,0.696,0.576,0.904,0.332,0.858,0.756,0.51,0.153,0.358;aaaaaaaa;
a;0.211,0.958,0.919,0.488,0.539,0.918,0.923,0.958,0.549,0.115;aaa;
a;0.121,0.968,0.874,0.943,0.273,0.35,0.0045,0.429,0.206,0.416;aaaaaaa;
a;0.989,0.658,0.234,0.896,0.817,0.112,0.662,0.154,0.923,0.174;aaaaaaaaaa;
a;0.267,0.0949,0.723,0.683,0.344,0.611,0.431,0.992,0.413,0.995;aaa;
a;0.227,0.465,0.253,0.854,0.715,0.966,0.232,0.513,0.521,0.347;aaa;
a;0.932,0.708,0.49,0.476,0.654,0.0289,0.288,0.0209,0.428,0.246;aaaaaaaaaa;
a;0.976,0.751,0.926,0.762,0.118,0.77,0.988,0.828,0.206,0.426;a;
a;0.519,0.422,0.389,0.0679,0.262,0.463,0.311,0.803,0.233,0.575;aaa;
a;0.509,0.162,0.324,0.622,0.57,0.904,0.687,0.0839,0.752,0.706;aaaaaa;
a;0.82,0.517,0.104,0.714,0.762,0.824,0.654,0.27,0.278,0.797;aa;
a;0.281,0.0371,0.746,0.139,0.7,0.672,0.135,0.0391,0.0337,0.331;aaaaaa;
a;0.966,0.148,0.355,0.759,0.403,0.661,0.944,0.558,0.417,0.726;aa;
a;0.993,0.53,0.075,0.932,0.296,0.422,0.842,0.689,0.182,0.116;aaaaaaaa;
a;0.181,0.67,0.522,0.414,0.303,0.609,0.221,0.975,0.784,0.183;aaaa;
a;0.507,0.725,0.6,0.227,0.981,0.816,0.734,0.827,0.439,0.311;aaaaaaaaa;
a;0.624,0.436,0.146,0.658,0.803,0.199,0.5,0.458,0.7,0.705;aaaaaaaa;
a;0.368,0.566,0.491,0.682,0.644,0.205,0.596,0.523,0.28,0.976;aaaaaaaa;
a;0.806,0.553,0.854,0.489,0.125,0.811,0.516,0.165,0.922,0.71;aaaaa;
a;0.559,0.151,0.581,0.488,0.0473,0.245,0.321,0.962,0.0599,0.129;aaaaaaaaa;
a;0.0976,0.123,0.995,0.656,0.723,0.237,0.645,0.726,0.917,0.486;aa;
a;0.601,0.372,0.996,0.0974,0.439,0.482,0.558,0.885,0.389,0.511;a;
a;0.574,0.802,0.324,0.169,0.308,0.658,0.718,0.0884,0.568,0.0401;aaaaaaa;
a;0.131,0.937,0.769,0.542,0.838,0.341,0.358,0.207,0.452,0.727;aaaaaaaaa;
a;0.365,0.708,0.864,0.887,0.772,0.371,0.48,0.191,0.575,0.609;aaaa;
a;0.926,0.742,0.162,0.288,0.838,0.424,0.835,0.865,0.393,0.649;a;
a;0.871,0.958,0.404,0.958,0.527,0.271,0.799,0.685,0.732,0.219;a;
a;0.84,0.214,0.747,0.228,0.864,0.567,0.0925,0.217,0.202,0.284;aaaa;
a;0.478,0.115,0.415,0.297,0.00281,0.632,0.509,0.122,0.769,0.812;aaaaaa;
a;0.399,0.92,0.307,0.139,0.421,0.639,0.731,0.412,0.439,0.547;aaaaa;
a;0.412,0.603,0.138,0.657,0.928,0.821,0.467,0.896,0.523,0.685;aaaaaaa;
a;0.85,0.242,0.785,0.675,0.395,0.265,0.998,0.591,0.377,0.337;aaaa;
a;0.617,0.152,0.00877,0.241,0.105,0.976,0.278,0.0598,0.783,0.874;aaa;
a;0.518,0.761,0.946,0.129,0.462,0.194,0.493,0.286,0.375,0.714;aaaaaaaaa;
a;0.454,0.246,0.868,0.672,0.499,0.83,0.293,0.983,0.193,0.0171;aaaaaaaaa;
a;0.841,0.463,0.917,0.987,0.681,0.477,0.616,0.553,0.834,0.634;aaaaaaaaaa;
a;0.563,0.0324,0.428,0.782,0.791,0.556,0.809,0.801,0.76,0.829;aaaaaaa;
a;0.559,0.393,0.867,0.957,0.331,0.635,0.769,0.118,0.601,0.096;aa;
a;0.753,0.188,0.864,0.57,0.307,0.261,0.844,0.239,0.124,0.318;aaaaaaa;
a;0.0114,0.841,0.281,0.28,0.423,0.58,0.00813,0.762,0.334,0.0339;aaa;
a;0.183,0.633,0.12,0.778,0.506,0.485,0.917,0.851,0.423,0.953;aaaaaaaaa;
a;0.681,0.173,0.408,0.697,0.848,0.898,0.329,0.34,0.651,0.373;aaaaaaaa;
a;0.267,0.468,0.26,0.927,0.0795,0.853,0.727,0.842,0.843,0.387;aaaaaaaaaa;
a;0.507,0.44,0.888,0.301,0.578,0.947,0.571,0.607,0.173,0.325;aaaaa;
a;0.768,0.973,0.229,0.942,0.214,0.91,0.639,0.0548,0.386,0.0212;aaaaaa;
a;0.23,0.864,0.0864,0.428,0.277,0.227,0.194,0.0549,0.287,0.38;aaaa;
a;0.701,0.525,0.284,0.866,0.753,0.0491,0.48,0.186,0.571,0.444;aaaaa;
a;0.304,0.0398,0.282,0.923,0.112,0.996,0.717,0.815,0.792,0.0952;aa;
a;0.0362,0.779,0.368,0.559,0.912,0.00931,0.381,0.582,0.957,0.488;a;
a;0.932,0.257,0.658,0.224,0.213,0.93,0.716,0.57,0.507,0.652;aaaaa;
a;0.291,0.452,0.45,0.676,0.533,0.0349,0.75,0.585,0.139,0.437;aaaa;
a;0.0974,0.453,0.793,0.809,0.965,0.0124,0.733,0.434,0.553,0.633;aaaaaaaa;
a;0.586,0.885,0.452,0.357,0.277,0.0248,0.294,0.814,0.971,0.797;aaaa;
a;0.41,0.346,0.881,0.516,0.0429,0.671,0.977,0.713,0.648,0.919;aa;
a;0.798,0.329,0.211,0.629,0.891,0.977,0.661,0.799,0.984,0.879;aaaaa;
a;0.93,0.856,0.401,0.256,0.741,0.736,0.888,0.409,0.91,0.428;aaaaaaaaa;
a;0.72,0.564,0.113,0.204,0.729,0.799,0.853,0.358,0.461,0.122;aaaaaaa;
a;0.777,0.174,0.886,0.182,0.848,0.651,0.304,0.833,0.341,0.838;a;
a;0.000835,0.755,0.349,0.828,0.538,0.077,0.996,0.771,0.706,0.545;aaaaaaaaaa;
a;0.449,0.666,0.203,0.681,0.386,0.832,0.771,0.0622,0.289,0.541;aaaaaaaaa;
a;0.31,0.274,0.629,0.968,0.321,0.592,0.233,0.648,0.138,0.971;aaaaaa;
a;0.66,0.892,0.441,0.12,0.887,0.462,0.99,0.464,0.412,0.936;aaaaaaaa;
a;0.144,0.54,0.0481,0.881,0.254,0.1,0.272,0.841,0.502,0.362;aaaaaaa;
a;0.0724,0.7,0.269,0.393,0.982,0.0487,0.223,0.87,0.181,0.414;aaaaaa;
a;0.403,0.764,0.471,0.267,0.000529,0.126,0.991,0.588,0.933,0.476;aaaaaa;
a;0.31,0.0346,0.747,0.0118,0.912,0.814,0.942,0.77,0.51,0.78;aaaaaaaaaa;
a;0.00116,0.805,0.744,0.502,0.562,0.965,0.545,0.318,0.286,0.584;aaaaaaaaaa;
a;0.0492,0.637,0.475,0.297,0.797,0.985,0.17,0.7,0.994,0.0512;aaaa;
a;0.976,0.613,0.401,0.404,0.872,0.715,0.29,0.602,0.134,0.62;aaaaaaaaa;
a;0.349,0.989,0.857,0.104,0.0818,0.578,0.404,0.67,0.904,0.927;aaa;
a;0.835,0.137,0.319,0.355,0.213,0.248,0.0984,0.613,0.155,0.0412;a;
a;0.993,0.245,0.613,0.656,0.768,0.331,0.151,0.893,0.345,0.665;aaaaa;
a;0.634,0.88,0.226,0.96,0.478,0.699,0.00433,0.295,0.165,0.328;aaaaaaaa;
a;0.121,0.181,0.361,0.477,0.837,0.306,0.463,0.137,0.354,0.416;aaaaaaaa;
a;0.616,0.135,0.45,0.871,0.441,0.134,0.633,0.552,0.293,0.575;a;
a;0.239,0.629,0.793,0.806,0.984,0.289,0.186,0.542,0.907,0.161;aaaaaaaaaa;
a;0.652,0.0358,0.617,0.307,0.00891,0.128,0.486,0.23,0.968,0.226;aaa;
a;0.428,0.82,0.449,0.837,0.255,0.521,0.798,0.184,0.189,0.736;aaaaaaaaaa;
a;0.301,0.254,0.147,0.473,0.856,0.581,0.484,0.407,0.0296,0.727;aaaaaaa;
a;0.0832,0.512,0.23,0.231,0.978,0.381,0.702,0.0708,0.0893,0.145;aaaaaaa;
a;0.958,0.224,0.873,0.115,0.313,0.202,0.0549,0.454,0.788,0.504;a;
a;0.561,0.299,0.00537,0.0964,0.205,0.317,0.641,0.797,0.625,0.48;aaaaaaaa;
a;0.707,0.42,0.613,0.342,0.36,0.683,0.695,0.896,0.249,0.233;aaaaaa;
a;0.17,0.281,0.81,0.462,0.336,0.496,0.785,0.911,0.692,0.484;aaaaaa;
a;0.877,0.627,0.0696,0.00909,0.0738,0.676,0.5,0.863,0.429,0.0725;aaaaaa;
a;0.217,0.0308,0.991,0.47,0.047,0.422,0.438,0.101,0.286,0.39;aaaaaa;
a;0.522,0.876,0.601,0.334,0.295,0.641,0.544,0.621,0.117,0.846;aa;
a;0.0819,0.842,0.0763,0.692,0.971,0.15,0.0966,0.748,0.13,0.512;aaaaaa;
a;0.00667,0.909,0.686,0.523,0.459,0.829,0.957,0.978,0.153,0.18;aaaaaaaaaa;
a;0.274,0.858,0.556,0.407,0.588,0.891,0.867,0.082,0.864,0.944;aa;
a;0.409,0.147,0.62,0.823,0.256,0.363,0.222,0.192,0.983,0.832;aaaaaaa;
a;0.845,0.894,0.627,0.392,0.864,0.112,0.909,0.735,0.27,0.886;aaaaaaaaaa;
a;0.124,0.604,0.81,0.204,0.354,0.713,0.459,0.107,0.0301,0.548;aaaaaaa;
a;0.0271,0.071,0.262,0.275,0.684,0.823,0.622,0.766,0.621,0.0257;aaaaaaaaa;
a;0.704,0.177,0.86,0.972,0.941,0.653,0.983,0.769,0.885,0.829;aaa;
a;0.251,0.383,0.496,0.563,0.7,0.293,0.703,0.997,0.847,0.712;aa;
a;0.00578,0.968,0.23,0.28,0.064,0.648,0.984,0.697,0.675,0.627;aaa;
a;0.417,0.87,0.216,0.821,0.867,0.737,0.62,0.23,0.0245,0.687;aaaaaaaaa;
a;0.948,0.431,0.578,0.558,0.708,0.509,0.391,0.633,0.0763,0.546;aaaaaa;
a;0.965,0.372,0.929,0.266,0.749,0.215,0.332,0.736,0.965,0.00457;aaaaa;
a;0.745,0.681,0.454,0.509,0.525,0.151,0.607,0.297,0.768,0.658;aaaaaa;
a;0.363,0.171,0.828,0.369,0.144,0.631,0.18,0.414,0.205,0.719;aaaaaa;
a;0.816,0.65,0.415,0.704,0.19,0.903,0.755,0.618,5.25e-05,0.711;aaaaa;
a;0.76,0.561,0.665,0.546,0.899,0.552,0.775,0.432,0.432,0.244;aa;
a;0.957,0.11,0.601,0.675,0.896,0.911,0.725,0.441,0.776,0.131;aaaaaa;
a;0.0595,0.00308,0.245,0.81,0.747,0.325,0.01,0.92,0.936,0.849;aaaaaaa;
a;0.346,0.707,0.29,0.97,0.0239,0.825,0.522,0.876,0.955,0.0439;aaaaaaaa;
a;0.957,0.899,0.85,0.737,0.677,0.341,0.156,0.938,0.0952,0.065;aaaaaaaaaa;
a;0.486,0.604,0.459,0.555,0.0417,0.359,0.477,0.415,0.215,0.00231;aaaa;
a;0.833,0.559,0.559,0.362,0.421,0.63,0.894,0.124,0.629,0.598;aaaaaaaaa;
a;0.0761,0.343,0.839,0.668,0.357,0.474,0.44,0.201,0.684,0.364;aaaaaaaaa;
a;0.0715,0.143,0.547,0.845,0.513,0.64,0.288,0.454,0.367,0.957;aaaaa;
a;0.725,0.295,0.802,0.202,0.602,0.866,0.31,0.409,0.452,0.463;aaa;
a;0.125,0.0353,0.0281,0.113,0.0462,0.518,0.806,0.0806,0.248,0.658;aaaaaaaa;
a;0.94,0.49,0.303,0.965,0.594,0.827,0.0956,0.606,0.358,0.346;aa;
a;0.994,0.555,0.403,0.911,0.119,0.921,0.65,0.858,0.4,0.213;aaaaaaaa;
a;0.211,0.323,0.9,0.54,0.0853,0.675,0.26,0.0746,0.827,0.404;aa;
a;0.503,0.717,0.385,0.19,0.633,0.193,0.733,0.736,0.506,0.197;aaa;
a;0.829,0.892,0.552,0.468,0.482,0.742,0.0429,0.536,0.273,0.287;aaaa;
a;0.342,0.149,0.362,0.295,0.733,0.632,0.0472,0.172,0.797,0.348;aaaaaaa;
a;0.774,0.291,0.639,0.00713,0.399,0.407,0.278,0.0477,0.974,0.398;aaaaaaaaaa;
a;0.408,0.209,0.986,0.49,0.316,0.0907,0.102,0.578,0.221,0.621;aaaaaaaaaa;
a;0.0159,0.999,0.139,0.258,0.556,0.794,0.132,0.0769,0.0868,0.0669;aaaaa;
a;0.553,0.048,0.0799,0.972,0.37,0.814,0.806,0.365,0.939,0.528;aaaaaa;
a;0.92,0.974,0.869,0.283,0.635,0.412,0.597,0.137,0.655,0.286;aaaaaaaaa;
a;0.791,0.657,0.524,0.862,0.534,0.179,0.386,0.735,0.533,0.0284;aaaa;
a;0.984,0.308,0.115,0.404,0.695,0.345,0.772,0.107,0.213,0.597;aaaaaaaa;
a;0.109,0.823,0.806,0.51,0.533,0.704,0.616,0.705,0.107,0.19;aaa;
a;0.53,0.89,0.924,0.798,0.638,0.329,0.225,0.96,0.0277,0.658;aa;
a;0.74,0.914,0.896,0.546,0.921,0.174,0.458,0.327,0.163,0.729;a;
a;0.282,0.999,0.378,0.726,0.642,0.888,0.104,0.464,0.39,0.325;aaa;
a;0.453,0.649,0.995,0.751,0.0608,0.0422,0.956,0.401,0.661,0.941;aaaaaaaaa;
a;0.622,0.534,0.302,0.598,0.0222,0.351,0.786,0.632,0.817,0.543;aaaaaaaaa;
a;0.779,0.363,0.0466,0.0292,0.928,0.259,0.533,0.471,0.621,0.991;aaaaaaaa;
a;0.076,0.446,0.793,0.422,0.259,0.729,0.976,0.383,0.349,0.8;aaaaa;
a;0.912,0.868,0.142,0.634,0.256,0.644,0.0302,0.9,0.443,0.738;aaaaaaa;
a;0.361,0.671,0.561,0.89,0.632,0.908,0.706,0.829,0.874,0.922;aaaaaaaaaa;
a;0.27,0.339,0.79,0.892,0.44,0.247,0.771,0.684,0.604,0.747;aaaaa;
a;0.637,0.178,0.727,0.0734,0.751,0.457,0.398,0.149,0.103,0.196;aaaaaaaa;
a;0.436,0.504,0.0902,0.776,0.566,0.916,0.458,0.476,0.273,0.0523;a;
a;0.63,0.469,0.407,0.575,0.337,0.747,0.987,0.793,0.69,0.14;aaa;
a;0.351,0.438,0.402,0.247,0.922,0.734,0.157,0.546,0.821,0.998;aaa;
a;0.162,0.49,0.139,0.29,0.8,0.186,0.458,0.369,0.671,0.524;aaaa;
a;0.765,0.0952,0.0271,0.461,0.54,0.0108,0.219,0.588,0.945,0.355;aaaaaaa;
a;0.694,0.379,0.913,0.654,0.59,0.335,0.367,0.0815,0.134,0.347;aaaaaaaaaa;
a;0.801,0.039,0.906,0.717,0.0381,0.449,0.168,0.329,0.405,0.588;aa;
a;0.0482,0.604,0.153,0.0268,0.315,0.229,0.336,0.934,0.995,0.334;aaaaaaaaaa;
a;0.558,0.937,0.616,0.472,0.862,0.654,0.329,0.11,0.2,0.243;aaaaaaa;
a;0.167,0.868,0.142,0.89,0.18,0.301,0.925,0.84,0.81,0.6;aaaa;
a;0.304,0.738,0.833,0.209,0.672,0.502,0.597,0.704,0.675,0.449;aaaaaa;
a;0.609,0.218,0.63,0.776,0.729,0.0936,0.625,0.0228,0.242,0.107;aaaaaaaa;
a;0.575,0.567,0.833,0.015,0.321,0.522,0.298,0.0062,0.961,0.596;aaaaaaa;
a;0.286,0.969,0.341,0.726,0.951,0.108,0.429,0.0972,0.143,0.459;aa;
a;0.0899,0.912,0.269,0.717,0.31,0.772,0.569,0.048,0.895,0.929;aaaaa;
a;0.716,0.41,0.488,0.0977,0.839,0.172,0.726,0.562,0.126,0.779;aaaaaaaaaa;
a;0.222,0.838,0.765,0.838,0.335,0.0864,0.705,0.173,0.512,0.602;aaaaaaaa;
a;0.484,0.000639,0.981,0.456,0.708,0.218,0.596,0.725,0.837,0.442;a;
a;0.911,0.279,0.559,0.504,0.858,0.495,0.476,0.628,0.0556,0.891;aa;
a;0.398,0.334,0.813,0.194,0.591,0.921,0.0275,0.361,0.0803,0.16;aaaaaaa;
a;0.662,0.99,0.888,0.203,0.14,0.278,0.465,0.497,0.86,0.232;aa;
a;0.45,0.766,0.0595,0.615,0.407,0.642,0.0157,0.694,0.102,0.934;aaaaa;
a;0.728,0.124,0.507,0.125,0.773,0.546,0.715,0.183,0.769,0.804;aaaaaaaaa;
a;0.821,0.722,0.81,0.82,0.527,0.218,0.024,0.342,0.597,0.575;aaaaaaaaa;
a;0.27,0.324,0.587,0.73,0.131,0.492,0.719,0.603,0.0296,0.182;aaaaa;
a;0.779,0.301,0.628,0.337,0.485,0.303,0.856,0.946,0.0584,0.76;aaaaaa;
a;0.0383,0.551,0.198,0.386,0.266,0.513,0.382,0.0693,0.716,0.306;aaaaaaaaaa;
a;0.221,0.452,0.512,0.224,0.872,0.944,0.935,0.476,0.604,0.353;aaaa;
a;0.621,0.284,0.246,0.506,0.114,0.265,0.27,0.973,0.439,0.525;aaaaaaaa;
a;0.0183,0.426,0.275,0.732,0.0588,0.54,0.266,0.207,0.266,0.848;aaaaaa;
a;0.0592,0.671,0.808,0.293,0.449,0.904,0.361,0.249,0.73,0.406;a;
a;0.33,0.419,0.587,0.881,0.614,0.372,0.411,0.115,0.535,0.152;aaaaaaaa;
a;0.507,0.691,0.21,0.918,0.956,0.507,0.00614,0.422,0.00898,0.643;aaaaaaa;
a;0.804,0.618,0.749,0.0816,0.291,0.316,0.66,0.395,0.77,0.0961;aaaaa;
a;0.852,0.419,0.476,0.169,0.551,0.783,0.742,0.301,0.604,0.659;aaaa;
a;0.167,0.23,0.0658,0.703,0.988,0.536,0.366,0.05,0.964,0.316;aaaaa;
a;0.963,0.375,0.0135,0.752,0.498,0.192,0.718,0.596,0.0917,0.352;aa;
a;0.766,0.446,0.214,0.745,0.334,0.208,0.538,0.128,0.258,0.262;aaaaaaa;
a;0.289,0.046,0.203,0.37,0.528,0.305,0.00219,0.496,0.0987,0.663;aaaaaaa;
a;0.993,0.165,0.699,0.265,0.666,0.294,0.385,0.067,0.438,0.283;aaaaa;
a;0.355,0.619,0.98,0.457,0.486,0.373,0.464,0.945,0.748,0.949;aaaaaaaaa;
a;0.227,0.243,0.161,0.507,0.23,0.287,0.508,0.265,0.447,0.225;aaaa;
a;0.814,0.859,0.336,0.215,0.877,0.599,0.841,0.982,0.936,0.855;aaaaaaaa;
a;0.331,0.0943,0.35,0.216,0.425,0.666,0.578,0.818,0.962,0.482;aaaaa;
a;0.914,0.79,0.107,0.224,0.178,0.965,0.201,0.291,0.363,0.75;aaaaaa;
a;0.346,0.0358,0.752,0.134,0.017,0.102,0.181,0.22,0.395,0.713;aa;
a;0.344,0.0752,0.379,0.957,0.651,0.523,0.726,0.489,0.496,0.539;aaa;
a;0.16,0.456,0.237,0.532,0.318,0.708,0.775,0.138,0.784,0.887;aaaaaaa;
a;0.34,0.978,0.485,0.171,0.522,0.761,0.0496,0.0408,0.463,0.361;aaaa;
a;0.63,0.903,0.719,0.912,0.896,0.703,0.142,0.0396,0.549,0.148;aa;
a;0.448,0.761,0.715,0.61,0.903,0.672,0.0441,0.403,0.447,0.924;aaa;
a;0.367,0.00812,0.681,0.3,0.0355,0.559,0.739,0.855,0.0174,0.557;aaaaaaaaaa;
a;0.139,0.286,0.901,0.636,0.902,0.62,0.465,0.471,0.368,0.678;aa;
a;0.677,0.58,0.311,0.235,0.705,0.936,0.699,0.261,0.0447,0.318;aaaaaaaaaa;
a;0.725,0.449,0.249,0.876,0.73,0.636,0.868,0.949,0.0958,0.674;aaaaa;
a;0.325,0.635,0.593,0.729,0.237,0.3,0.241,0.27,0.73,0.0896;aaaaaa;
a;0.979,0.651,0.712,0.239,0.284,0.498,0.715,0.304,0.549,0.0944;aaaaaaaaa;
a;0.0948,0.214,0.479,0.195,0.872,0.134,0.775,0.682,0.569,0.668;aaa;
a;0.208,0.564,0.333,0.631,0.302,0.543,0.249,0.55,0.112,0.124;aaaa;
a;0.649,0.0836,0.82,0.332,0.575,0.0866,0.392,0.0247,0.689,0.0191;aaaaaaaa;
a;0.624,0.417,0.82,0.0307,0.491,0.11,0.303,0.189,0.204,0.759;aaaa;
a;0.0965,0.966,0.895,0.278,0.411,0.791,0.941,0.785,0.764,0.0667;aaaaaaaa;
a;0.466,0.704,0.868,0.652,0.207,0.649,0.579,0.762,0.225,0.445;a;
a;0.631,0.951,0.148,0.222,0.16,0.774,0.648,0.0941,0.807,0.664;a;
a;0.75,0.844,0.352,0.135,0.241,0.284,0.151,0.746,0.988,0.499;aaaa;
a;0.896,0.149,0.825,0.295,0.116,0.0666,0.985,0.976,0.582,0.358;aaaaaaaaaa;
a;0.429,0.803,0.025,0.981,0.677,0.585,0.741,0.638,0.368,0.459;aaaaaaaaaa;
a;0.0261,0.555,0.503,0.272,0.105,0.531,0.546,0.286,0.698,0.66;aaaaa;
a;0.071,0.484,0.717,0.683,0.127,0.405,0.223,0.404,0.808,0.344;aaaaaaa;
a;0.918,0.0765,0.992,0.462,0.644,0.32,0.165,0.788,0.906,0.134;aaaaaaaaaa;
a;0.05,0.665,0.969,0.0526,0.0363,0.797,0.738,0.692,0.174,0.167;aa;
a;0.776,0.438,0.386,0.869,0.625,0.639,0.969,0.878,0.309,0.124;aaaaaa;
a;0.255,0.987,0.388,0.0521,0.403,0.0179,0.78,0.942,0.864,0.817;aaaaaaaaaa;
a;0.375,0.534,0.637,0.288,0.558,0.84,0.684,0.133,0.252,0.45;aa;
a;0.0479,0.729,0.929,0.621,0.886,0.583,0.837,0.123,0.784,0.0191;aaaaa;
a;0.334,0.389,0.12,0.467,0.641,0.0485,0.527,0.45,0.627,0.384;aaa;
a;0.729,0.799,0.367,0.503,0.86,0.0893,0.156,0.4,0.657,0.82;aaaaa;
a;0.0363,0.0892,0.212,0.535,0.0838,0.0577,0.884,0.922,0.789,0.447;aaaaaaaaaa;
a;0.774,0.597,0.0379,0.714,0.912,0.367,0.661,0.923,0.996,0.109;aaaaaaaa;
a;0.0135,0.635,0.249,0.658,0.0452,0.435,0.576,0.505,0.000917,0.356;aaaaaaaa;
a;0.374,0.501,0.961,0.754,0.502,0.0225,0.976,0.877,0.781,0.508;aa;
a;0.162,0.766,0.927,0.615,0.304,0.085,0.929,0.0841,0.427,0.114;aaaaa;
a;0.936,0.739,0.404,0.91,0.341,0.491,0.535,0.712,0.971,0.921;aaaaaaaa;
a;0.0453,0.759,0.98,0.654,0.0712,0.364,0.53,0.931,0.501,0.675;aaaaaaa;
a;0.106,0.515,0.0204,0.00174,0.787,0.666,0.653,0.239,0.65,0.931;a;
a;0.67,0.00245,0.194,0.966,0.984,0.225,0.368,0.0272,0.0395,0.424;aa;
a;0.722,0.197,0.665,0.175,0.814,0.996,0.886,0.0901,0.254,0.331;aaaa;
a;0.762,0.632,0.654,0.694,0.0261,0.894,0.99,0.441,0.418,0.821;aa;
a;0.479,0.109,0.861,0.668,0.0835,0.713,0.813,0.949,0.396,0.13;aaa;
a;0.991,0.502,0.958,0.915,0.186,0.852,0.183,0.109,0.0789,0.774;aaaaaaaaaa;
a;0.615,0.117,0.724,0.16,0.55,0.614,0.533,0.272,0.719,0.116;a;
a;0.435,0.0975,0.006,0.223,0.193,0.526,0.544,0.572,0.173,0.309;aaa;
a;0.535,0.498,0.618,0.0348,0.205,0.75,0.719,0.619,0.817,0.693;aaaaaaaa;
a;0.752,0.274,0.982,0.422,0.186,0.263,0.263,0.969,0.607,0.127;aaaaaaaaaa;
a;0.947,0.554,0.468,0.597,0.78,0.926,0.957,0.472,0.163,0.375;aa;
a;0.506,0.024,0.314,0.757,0.479,0.116,0.203,0.367,0.36,0.941;aaaaa;
a;0.0718,0.0702,0.316,0.948,0.654,0.534,0.111,0.688,0.823,0.228;aaaaaaaaa;
a;0.3,0.25,0.00864,0.514,0.48,0.468,0.651,0.591,0.267,0.0803;aaaa;
a;0.309,0.304,0.115,0.421,0.678,0.339,0.131,0.629,0.492,0.0208;aaaaaaa;
a;0.912,0.672,0.166,0.272,0.681,0.695,0.257,0.809,0.0338,0.317;a;
a;0.286,0.988,0.719,0.558,0.37,0.709,0.694,0.999,0.325,0.678;aaaaaa;
a;0.43,0.459,0.196,0.68,0.836,0.351,0.701,0.987,0.172,0.519;aaaaaaaaa;
a;0.199,0.211,0.944,0.617,0.896,0.241,0.782,0.854,0.38,0.426;aaaaa;
a;0.229,0.897,0.456,0.998,0.112,0.189,0.766,0.119,0.773,0.632;aaaaaaaaa;
a;0.0118,0.865,0.0282,0.84,0.984,0.29,0.602,0.647,0.0933,0.134;aa;
a;0.00959,0.232,0.787,0.862,0.897,0.0346,0.0267,0.0379,0.673,0.357;a;
a;0.589,0.917,0.777,0.365,0.239,0.428,0.521,0.433,0.274,0.765;aaaaaaaaa;
a;0.848,0.297,0.763,0.751,0.821,0.43,0.0145,0.0452,0.317,0.77;aaaaaa;
a;0.938,0.541,0.104,0.254,0.953,0.209,0.454,0.18,0.731,0.212;aaaaaa;
a;0.996,0.939,0.867,0.538,0.629,0.116,0.975,0.28,0.802,0.138;aaaaaa;
a;0.0996,0.344,0.306,0.352,0.638,0.283,0.981,0.494,0.948,0.371;aa;
a;0.943,0.306,0.46,0.757,0.389,0.628,0.297,0.15,0.723,0.603;aa;
a;0.846,0.798,0.788,0.0172,0.15,0.728,0.588,0.12,0.362,0.169;aa;
a;0.76,0.567,0.965,0.452,0.554,0.183,0.136,0.7,0.545,0.904;aaaaaaa;
a;0.933,0.313,0.481,0.012,0.541,0.365,0.744,0.0365,0.767,0.0283;aaaa;
a;0.881,0.276,0.134,0.718,0.684,0.788,0.575,0.116,0.383,0.573;aaaaaa;
a;0.797,0.194,0.887,0.706,0.623,0.844,0.597,0.153,0.475,0.14;aaaaaaa;
a;0.0659,0.785,0.731,0.623,0.0529,0.0476,0.14,0.539,0.127,0.591;aaaaaaaaa;
a;0.293,0.951,0.211,0.0613,0.625,0.766,0.227,0.607,0.39,0.15;aaaaaa;
a;0.383,0.259,0.469,0.491,0.631,0.199,0.184,0.292,0.468,0.75;aaaaaaaa;
a;0.67,0.531,0.68,0.725,0.535,0.778,0.649,0.569,0.0601,0.288;a;
a;0.529,0.356,0.622,0.365,0.685,0.404,0.047,0.498,0.894,0.665;aaaaaaaaa;
a;0.691,0.103,0.944,0.316,0.0417,0.191,0.779,0.073,0.327,0.753;aaaaa;
a;0.42,0.938,0.403,0.622,0.834,0.554,0.52,0.519,0.59,0.407;aaaaaaaaaa;
a;0.345,0.00348,0.401,0.359,0.542,0.45,0.637,0.239,0.604,0.0259;aaaaa;
a;0.61,0.0825,0.793,0.845,0.834,0.3,0.644,0.433,0.674,0.146;aaa;
a;0.387,0.184,0.821,0.386,0.096,0.938,0.319,0.9,0.0597,0.482;aaa;
a;0.559,0.217,0.0695,0.158,0.466,0.106,0.0429,0.00485,0.92,0.374;aaaaaa;
a;0.0198,0.775,0.0593,0.58,0.341,0.256,0.701,0.24,0.186,0.494;aa;
a;0.294,0.348,0.324,0.781,0.67,0.0223,0.767,0.713,0.757,0.757;aaaaaaaaa;
a;0.695,0.928,0.317,0.951,0.182,0.507,0.396,0.464,0.92,0.825;aa;
a;0.577,0.857,0.506,0.865,0.481,0.617,0.839,0.571,0.041,0.722;aaaaa;
a;0.851,0.847,0.962,0.811,0.584,0.495,0.262,0.686,0.248,0.895;aaaaaaaaaa;
a;0.802,0.993,0.0861,0.341,0.691,0.353,0.784,0.65,0.646,0.0265;aa;
a;0.314,0.281,0.907,0.682,0.672,0.0162,0.988,0.909,0.4,0.904;aaa;
a;0.567,0.681,0.857,0.492,0.175,0.897,0.678,0.177,0.305,0.617;a;
a;0.804,0.473,0.54,0.84,0.435,0.554,0.236,0.139,0.998,0.869;aaa;
a;0.166,0.453,0.258,0.432,0.763,0.554,0.817,0.835,0.85,0.986;aaaaaaaa;
a;0.814,0.81,0.984,0.546,0.568,0.749,0.654,0.516,0.806,0.227;aaaa;
a;0.579,0.326,0.274,0.644,0.797,0.368,0.23,0.337,0.974,0.449;aaaaaaaa;
a;0.376,0.785,0.751,0.00608,0.261,0.514,0.873,0.319,0.822,0.122;aaa;
a;0.0142,0.554,0.218,0.385,0.578,0.715,0.024,0.998,0.0515,0.0434;aaaaaaaa;
a;0.731,0.55,0.0733,0.681,0.0441,0.819,0.831,0.23,0.295,0.345;a;
a;0.696,0.675,0.221,0.561,0.716,0.111,0.0054,0.892,0.0887,0.616;aaaaaa;
a;0.493,0.457,0.371,0.515,0.483,0.755,0.812,0.912,0.622,0.707;a;
a;0.949,0.643,0.389,0.0209,0.603,0.0158,0.659,0.353,0.316,0.122;aaaa;
a;0.0382,0.207,0.91,0.217,0.0336,0.294,0.509,0.512,0.293,0.00606;aaa;
a;0.34,0.446,0.607,0.891,0.867,0.00534,0.585,0.683,0.909,0.437;aa;
a;0.581,0.783,0.525,0.205,0.102,0.0755,0.0848,0.0611,0.149,0.967;aa;
a;0.744,0.619,0.107,0.0758,0.322,0.192,0.707,0.521,0.277,0.489;aaaaaaaaa;
a;0.833,0.183,0.333,0.55,0.247,0.143,0.614,0.0229,0.533,0.405;aaaaaa;
a;0.932,0.636,0.213,0.879,0.862,0.991,0.549,0.774,0.61,0.625;aaaaa;
a;0.272,0.793,0.443,0.574,0.544,0.857,0.355,0.536,0.537,0.0383;aaaaaaaaaa;
a;0.567,0.245,0.886,0.656,0.349,0.168,0.451,0.584,0.617,0.156;aa;
a;0.626,0.662,0.134,0.764,0.963,0.963,0.794,0.396,0.759,0.397;aaaaaaa;
a;0.201,0.385,0.492,0.408,0.679,0.135,0.664,0.555,0.377,0.805;aaaaa;
a;0.174,0.83,0.488,0.738,0.186,0.227,0.295,0.804,0.563,0.879;aaa;
a;0.675,0.712,0.248,0.477,0.662,0.25,0.65,0.203,0.0903,0.689;aa;
a;0.017,0.867,0.525,0.107,0.312,0.853,0.831,0.963,0.00148,0.917;aa;
a;0.785,1,0.828,0.0501,0.335,0.0103,0.431,0.0625,0.305,0.475;aa;
a;0.346,0.754,0.529,0.805,0.975,0.232,0.014,0.647,0.92,0.414;aaaa;
a;0.642,0.481,0.847,0.285,0.554,0.0228,0.868,0.569,0.312,0.709;aaaaaaaa;
a;0.197,0.367,0.958,0.549,0.611,0.386,0.605,0.906,0.834,0.131;aaaaaaaa;
a;0.33,0.641,0.0516,0.474,0.408,0.389,0.171,0.592,0.541,0.922;aaaaaaaa;
a;0.6,0.875,0.341,0.283,0.899,0.898,0.796,0.415,0.526,0.0168;aaaaaaaaa;
a;0.786,0.604,0.263,0.511,0.645,0.368,0.177,0.804,0.196,0.929;aaaa;
a;0.894,0.212,0.89,0.148,0.117,0.641,0.347,0.458,0.519,0.26;a;
a;0.581,0.772,0.616,0.733,0.433,0.0988,0.987,0.0934,0.629,0.715;a;
a;0.0952,0.306,0.61,0.417,0.207,0.936,0.411,0.11,0.16,0.659;aaaaaaaaa;
a;0.265,0.00994,0.137,0.641,0.522,0.0821,0.787,0.721,0.0523,0.559;aaaaaaaaaa;
a;0.406,0.197,0.709,0.847,0.849,0.959,0.339,0.734,0.129,0.33;aaaaaaa;
a;0.666,0.105,0.948,0.825,0.605,0.188,0.819,0.727,0.441,0.995;aaaaaaaaaa;
a;0.41,0.802,0.491,0.00322,0.747,0.601,0.759,0.548,0.57,0.0704;aaaaaaaaaa;
a;0.424,0.99,0.222,0.216,0.23,0.191,0.664,0.612,0.108,0.24;aaaaa;
a;0.359,0.178,0.0665,0.794,0.861,0.424,0.821,0.416,0.945,0.439;aaaaaa;
a;0.0927,0.711,0.467,0.0485,0.962,0.274,0.631,0.485,0.315,0.77;aaaaaa;
a;0.767,0.696,0.426,0.0186,0.481,0.86,0.091,0.649,0.0236,0.887;aaaaaaaaaa;
a;0.12,0.978,0.517,0.0559,0.9,0.515,0.427,0.645,0.611,0.721;aaaaa;
a;0.535,0.527,0.864,0.634,0.537,0.239,0.299,0.179,0.824,0.0515;aaaa;
a;0.589,0.816,0.598,0.126,0.825,0.971,0.357,0.382,0.00211,0.68;a;
a;0.0743,0.409,0.467,0.536,0.881,0.844,0.579,0.254,0.884,0.0862;aaaa;
a;0.869,0.0994,0.0608,0.696,0.228,0.754,0.14,0.279,0.624,0.165;aa;
a;0.214,0.738,0.0211,0.292,0.954,0.815,0.678,0.695,0.316,0.828;aaaaaa;
a;0.374,0.726,0.48,0.187,0.886,0.097,0.694,0.339,0.0734,0.776;aaaaaaaaa;
a;0.946,0.288,0.933,0.662,0.241,0.95,0.539,0.92,0.198,0.805;aaaaa;
a;0.591,0.571,0.346,0.841,0.136,0.99,0.619,0.514,0.243,0.0464;aaaa;
a;0.548,0.205,0.376,0.793,0.944,0.555,0.539,0.258,0.881,0.365;aa;
a;0.988,0.997,0.225,0.37,0.731,0.908,0.452,0.255,0.43,0.376;aaaaaaa;
a;0.702,0.35,0.618,0.489,0.239,0.803,0.547,0.692,0.0822,0.153;a;
a;0.522,0.788,0.174,0.289,0.15,0.983,0.949,0.206,0.557,0.918;aaaa;
a;0.259,0.894,0.511,0.632,0.519,0.639,0.249,0.366,0.165,0.99;aaa;
a;0.0254,0.917,0.892,0.477,0.197,0.329,0.0749,0.0108,0.0227,0.784;aaaaaaa;
a;0.973,0.321,0.86,0.496,0.677,0.568,0.561,0.935,0.81,0.785;aaaaaaaaa;
a;0.983,0.186,0.347,0.896,0.079,0.638,0.504,0.831,0.447,0.182;aaaaaaaaaa;
a;0.0317,0.526,0.728,0.808,0.0754,0.787,0.218,0.652,0.42,0.19;aaaaaa;
a;0.158,0.846,0.549,0.209,0.041,0.39,0.802,0.277,0.679,0.339;a;
a;0.894,0.645,0.0348,0.739,0.0202,0.856,0.335,0.545,0.591,0.637;aaaaaaaaa;
a;0.515,0.413,0.32,0.209,0.679,0.048,0.919,0.143,0.609,0.876;aa;
a;0.811,0.482,0.816,0.966,0.697,0.249,0.576,0.55,0.305,0.852;aaaaaaa;
a;0.214,0.748,0.433,0.245,0.564,0.355,0.923,0.902,0.5,0.442;aaaaaaaaaa;
a;0.736,0.976,0.383,0.132,0.192,0.257,0.348,0.584,0.295,0.103;aaa;
a;0.636,0.104,0.576,0.112,0.62,0.209,0.512,0.0188,0.65,0.575;aaaaaaaaa;
a;0.407,0.12,0.456,0.337,0.73,0.0546,0.226,0.94,0.646,0.54;aaaaaaaaaa;
a;0.936,0.481,0.451,0.255,0.215,0.383,0.147,0.213,0.89,0.984;aaa;
a;0.557,0.0424,0.395,0.381,0.938,0.547,0.851,0.981,0.432,0.732;a;
a;0.78,0.985,0.762,0.788,0.622,0.0634,0.904,0.109,0.251,0.625;aaaaaaa;
a;0.294,0.451,0.0356,0.568,0.916,0.763,0.804,0.593,0.433,0.325;aaaaa;
a;0.522,0.309,0.847,0.535,0.915,0.676,0.579,0.249,0.914,0.0755;aaaaaa;
a;0.267,0.598,0.155,0.492,0.189,0.533,0.152,0.855,0.0688,0.983;aaaa;
a;0.808,0.289,0.95,0.624,0.923,0.778,0.512,0.277,0.258,0.787;aaaaaaaa;
a;0.159,0.684,0.187,0.852,0.921,0.0475,0.305,0.793,0.48,0.722;aa;
a;0.479,0.296,0.308,0.778,0.112,0.737,0.76,0.617,0.0228,0.662;aaa;
a;0.978,0.485,0.132,0.453,0.142,0.552,0.764,0.813,0.533,0.245;aaa;
a;0.762,0.349,0.882,0.242,0.0529,0.458,0.964,0.772,0.948,0.17;aa;
a;0.557,0.278,0.737,0.962,0.515,0.341,0.563,0.925,0.687,0.381;aaaaaaaaa;
a;0.404,0.871,0.241,0.357,0.886,0.611,0.862,0.637,0.745,0.851;aaaaaaaa;
a;0.363,0.337,0.198,0.806,0.438,0.901,0.236,0.605,0.929,0.72;aaa;
a;0.224,0.545,0.212,0.662,0.49,0.592,0.533,0.496,0.666,0.73;aa;
a;0.944,0.402,0.578,0.192,0.0366,0.371,0.524,0.792,0.317,0.00627;aaaaaaaa;
a;0.688,0.566,0.938,0.55,0.211,0.628,0.395,0.24,0.749,0.304;aaaaaaaaa;
a;0.317,0.546,0.714,0.66,0.862,0.745,0.766,0.409,0.942,0.108;aaaaaa;
a;0.846,0.861,0.392,0.213,0.674,0.0953,0.389,0.0384,0.861,0.477;aaaaaaaaa;
a;0.615,0.421,0.931,0.59,0.479,0.303,0.168,0.589,0.988,0.335;aaaaaa;
a;0.954,0.653,0.529,0.171,0.904,0.653,0.255,0.809,0.41,0.639;aaaa;
a;0.298,0.114,0.369,0.493,0.645,0.134,0.936,0.646,0.0825,0.198;aaaaaaaaa;
a;0.376,0.325,0.355,0.0144,0.694,0.151,0.0909,0.912,0.733,0.681;aaaaa;
a;0.473,0.728,0.847,0.203,0.776,0.346,0.706,0.184,0.461,0.414;a;
a;0.833,0.729,0.36,0.0492,0.528,0.642,0.437,0.12,0.2,0.169;aaaa;
a;0.295,0.505,0.471,0.915,0.751,0.916,0.352,0.405,0.866,0.96;aaaaaaaaa;
a;0.901,0.149,0.0117,0.472,0.49,0.632,0.741,0.921,0.756,0.628;a;
a;0.854,0.568,0.122,0.24,0.388,0.179,0.633,0.398,0.331,0.748;aaaaaaa;
a;0.406,0.476,0.161,0.838,0.217,0.771,0.195,0.228,0.406,0.00339;aaaaa;
a;0.637,0.448,0.542,0.404,0.869,0.227,0.358,0.0249,0.748,0.509;aaaaaaa;
a;0.417,0.276,0.593,0.852,0.881,0.646,0.42,0.0537,0.479,0.261;aaaaaaa;
a;0.117,0.145,0.995,0.346,0.44,0.718,0.655,0.148,0.669,0.924;aaaaaaaaaa;
a;0.854,0.525,0.159,0.58,0.599,0.256,0.87,0.845,0.111,0.734;aaaa;
a;0.0626,0.85,0.394,0.316,0.245,0.511,0.125,0.934,0.234,0.0648;a;
a;0.496,0.522,0.846,0.269,0.158,0.385,0.711,0.706,0.478,0.406;aa;
a;0.741,0.831,0.302,0.693,0.908,0.928,0.424,0.616,0.668,0.851;aaa;
a;0.373,0.11,0.0466,0.343,0.412,0.931,0.164,0.188,0.649,0.178;aaaaaa;
a;0.0244,0.983,0.949,0.893,0.106,0.504,0.371,0.969,0.352,0.0831;aaaaa;
a;0.034,0.497,0.063,0.492,0.571,0.0722,0.749,0.0145,0.767,0.772;aaaaaaaaa;
a;0.447,0.502,0.47,0.202,0.353,0.993,0.601,0.9,0.628,0.309;aaa;
a;0.203,0.97,0.461,0.34,0.953,0.825,0.669,0.137,0.208,0.657;aaaaa;
a;0.608,0.469,0.831,0.282,0.936,0.219,0.629,0.478,0.693,0.564;aa;
a;0.546,0.61,0.877,0.587,0.643,0.339,0.583,0.0939,0.678,0.762;a;
a;0.942,0.79,0.286,0.783,0.847,0.833,0.91,0.484,0.962,0.291;aaaaaaa;
a;0.328,0.331,0.867,0.764,0.21,0.259,0.128,0.382,0.252,0.439;aaaaaaaaa;
a;0.747,0.579,0.891,0.499,0.0792,0.259,0.606,0.712,0.973,0.735;aaaa;
a;0.197,0.0448,0.0625,0.0128,0.0803,0.000666,0.793,0.421,0.554,0.459;aaaaaaa;
a;0.945,0.896,0.581,0.0642,0.232,0.549,0.0415,0.224,0.0799,0.167;a;
a;0.91,0.551,0.883,0.00193,0.758,0.975,0.197,0.164,0.817,0.414;aaaaaaa;
a;0.645,0.189,0.475,0.193,0.0676,0.818,0.504,0.899,0.199,0.834;a;
a;0.112,0.413,0.818,0.171,0.88,0.584,0.12,0.0524,0.094,0.589;aaaaaaaaa;
a;0.666,0.0193,0.492,0.615,0.992,0.859,0.272,0.725,0.599,0.248;aaaa;
a;0.225,0.0718,0.695,0.876,0.129,0.358,0.218,0.259,0.445,0.619;aaaaaa;
a;0.957,0.393,0.829,0.739,0.658,0.149,0.384,0.822,0.961,0.0137;aaaaaaaaa;
a;0.159,0.0763,0.897,0.907,0.237,0.77,0.21,0.377,0.46,0.695;aaaaaaa;
a;0.133,0.388,0.783,0.452,0.103,0.915,0.561,0.873,0.659,0.422;aaaaaaaaa;
a;0.923,0.302,0.00685,0.365,0.0743,0.694,0.21,0.694,0.784,0.516;aaaa;
a;0.637,0.89,0.495,0.506,0.638,0.602,0.156,0.793,0.236,0.372;a;
a;0.929,0.834,0.708,0.938,0.0488,0.763,0.336,0.351,0.651,0.833;aaaaaa;
a;0.854,0.469,0.636,0.562,0.379,0.405,0.477,0.142,0.442,0.644;aaaaa;
a;0.601,0.184,0.893,0.232,0.592,0.87,0.455,0.324,0.708,0.319;aaaaaaaaaa;
a;0.317,0.0513,0.701,0.444,0.282,0.6,0.265,0.192,0.379,0.674;aaaaaa;
a;0.438,0.687,0.129,0.132,0.52,0.723,0.104,0.286,0.744,0.308;aaaaaaa;
a;0.208,0.515,0.704,0.0677,0.46,0.85,0.678,0.338,0.509,0.91;aaaaaaaa;
a;0.111,0.14,0.365,0.361,0.676,0.083,0.342,0.817,0.634,0.227;a;
a;0.0254,0.0978,0.935,0.114,0.323,0.985,0.275,0.911,0.659,0.393;aaa;
a;0.621,0.311,0.709,0.431,0.578,0.312,0.477,0.361,0.375,0.951;aaaaa;
a;0.164,0.52,0.958,0.603,0.621,0.882,0.169,0.95,0.131,0.971;aa;
a;0.446,0.709,0.337,0.103,0.407,0.552,0.0434,0.614,0.809,0.358;aaaaaaa;
a;0.523,0.0255,0.63,0.954,0.49,0.998,0.351,0.713,0.432,0.506;aaaaaa;
a;0.477,0.881,0.207,0.855,0.893,0.212,0.449,0.725,0.494,0.121;aaaaaa;
a;0.416,0.666,0.985,0.675,0.824,0.0438,0.0048,0.481,0.999,0.104;aaaaaaa;
a;0.706,0.601,0.277,0.0622,0.819,0.227,0.349,0.675,0.629,0.606;aaaaaaaa;
a;0.449,0.0885,0.693,0.974,0.0242,0.649,0.12,0.00129,0.178,0.671;aaaaa;
a;0.841,0.904,0.278,0.213,0.88,0.943,0.801,0.0036,0.484,0.285;aaaa;
a;0.911,0.447,0.308,0.519,0.411,0.93,0.593,0.649,0.905,0.336;aaaaa;
a;0.0609,0.345,0.81,0.872,0.26,0.15,0.0428,0.867,0.915,0.217;a;
a;0.174,0.953,0.42,0.874,0.575,0.595,0.379,0.98,0.176,0.785;aaaa;
a;0.0191,0.0677,0.0414,0.768,0.829,0.0696,0.5,0.198,0.528,0.684;aa;
a;0.0575,0.667,0.193,0.286,0.128,0.681,0.34,0.395,0.223,0.238;aaaaaaa;
a;0.437,0.2,0.935,0.0391,0.203,0.984,0.529,0.34,0.362,0.565;aaaaaaa;
a;0.25,0.0857,0.252,0.179,0.26,0.983,0.103,0.352,0.383,0.245;aaa;
a;0.746,0.726,0.111,0.733,0.422,0.996,0.258,0.247,0.955,0.884;aaaaaaaaaa;
a;0.64,0.463,0.226,0.0573,0.864,0.922,0.97,0.438,0.0492,0.382;aaaa;
a;0.169,0.95,0.861,0.398,0.427,0.91,0.515,0.71,0.264,0.658;aa;
a;0.258,0.249,0.109,0.822,0.98,0.773,0.276,0.0777,0.224,0.996;aaaaaa;
a;0.426,0.0479,0.622,0.726,0.0663,0.388,0.4,0.277,0.272,0.286;aaaaaa;
a;0.188,0.481,0.885,0.0949,0.0835,0.503,0.212,0.158,0.572,0.0379;a;
a;0.134,0.318,0.819,0.446,0.757,0.281,0.495,0.916,0.838,0.595;aaaaaaa;
a;0.943,0.885,0.208,0.635,0.41,0.303,0.889,0.379,0.303,0.537;aaa;
a;0.0868,0.569,0.989,0.504,0.851,0.493,0.471,0.501,0.00376,0.268;aa;
a;0.333,0.199,0.169,0.0401,0.375,0.00861,0.626,0.943,0.6,0.202;aaaaaaaa;
a;0.538,0.439,0.305,0.705,0.738,0.785,0.53,0.976,0.813,0.152;aaaa;
a;0.379,0.451,0.026,0.295,0.664,0.678,0.155,0.469,0.691,0.528;aaaa;
a;0.55,0.953,0.754,0.133,0.938,0.102,0.581,0.349,0.306,0.847;aa;
a;0.244,0.78,0.489,0.971,0.824,0.318,0.0907,0.332,0.647,0.434;aaaaaaaaaa;
a;0.114,0.758,0.28,0.162,0.582,0.0889,0.607,0.496,0.246,0.847;aaa;
a;0.0737,0.607,0.813,0.798,0.255,0.245,0.636,0.755,0.659,0.335;aaaaaaaaaa;
a;0.762,0.0465,0.524,0.558,0.877,0.699,0.729,0.798,0.169,0.047;aaa;
a;0.685,0.407,0.0735,0.957,0.198,0.972,0.0172,0.632,0.255,0.306;aaaaa;
a;0.574,0.43,0.823,0.0821,0.156,0.675,0.968,0.476,0.598,0.751;aaaaaaaaa;
a;0.112,0.826,0.605,0.707,0.641,0.0647,0.119,0.523,0.247,0.19;aa;
a;0.691,0.0217,0.231,0.405,0.449,0.0138,0.486,0.194,0.706,0.0827;aaaa;
a;0.0747,0.248,0.23,0.135,0.443,0.127,0.0606,0.902,0.794,0.868;aaaa;
a;0.411,0.287,0.684,0.126,0.44,0.435,0.833,0.987,0.214,0.942;aaaaa;
a;0.736,0.128,0.771,0.358,0.0549,0.6,0.232,0.504,0.656,0.589;a;
a;0.563,0.72,0.339,0.171,0.171,0.556,0.77,0.92,0.66,0.633;aaa;
a;0.14,0.272,0.842,0.319,0.26,0.661,0.997,0.857,0.14,0.744;a;
a;0.776,0.0687,0.439,0.0532,0.869,0.937,0.349,0.434,0.632,0.0683;aa;
a;0.541,0.961,0.845,0.685,0.992,0.678,0.814,0.471,0.614,0.104;aaa;
a;0.658,0.658,0.728,0.753,0.207,0.714,0.868,0.666,0.438,0.136;aaaaaaaaaa;
a;0.295,0.954,0.45,0.284,0.238,0.688,0.172,0.13,0.428,0.994;aaaaaa;
a;0.418,0.956,0.0216,0.611,0.0307,0.802,0.599,0.29,0.296,0.876;aaaaaa;
a;0.143,0.25,0.316,0.585,0.11,0.521,0.355,0.559,0.45,0.751;aa;
a;0.82,0.065,0.952,0.981,0.151,0.201,0.0562,0.343,0.0349,0.481;aaaaaaaaaa;
a;0.651,0.736,0.00256,0.674,0.719,0.148,0.12,0.306,0.427,0.88;aaaaaaaaa;
a;0.604,0.992,0.412,0.377,0.537,0.336,0.495,0.0113,0.998,0.856;aaaaaaaaaa;
a;0.158,0.385,0.931,0.884,0.808,0.256,0.46,0.0115,0.0198,0.348;aaaa;
a;0.63,0.369,0.919,0.97,0.721,0.129,0.883,0.158,0.862,0.606;aaaaaaaa;
a;0.917,0.668,0.867,0.12,0.45,0.0597,0.0471,0.952,0.767,0.918;aaaa;
a;0.767,0.0302,0.804,0.643,0.0732,0.816,0.74,0.701,0.82,0.658;aaaaaaaaaa;
a;0.656,0.278,0.582,0.959,0.953,0.0384,0.685,0.355,0.908,0.894;aaaaaaa;
a;0.438,0.859,0.0302,0.406,0.259,0.78,0.582,0.816,0.654,0.422;aaaa;
a;0.718,0.749,0.234,0.497,0.0847,0.489,0.529,0.35,0.669,0.947;aaaaaa;
a;0.189,0.399,0.092,0.835,0.926,0.596,0.606,0.99,0.835,0.152;aaaaaaa;
a;0.174,0.573,0.833,0.884,0.259,0.825,0.0185,0.161,0.524,0.221;aaaaa;
a;0.00232,0.826,0.792,0.244,0.807,0.259,0.82,0.639,0.319,0.85;aaaaaaaaa;
a;0.169,0.796,0.0809,0.493,0.66,0.594,0.425,0.46,0.692,0.289;aaaaaaaaa;
a;0.875,0.49,0.702,0.312,0.432,0.523,0.532,0.365,0.12,0.328;aaaaaaaaaa;
a;0.383,0.39,0.765,0.904,0.646,0.0236,0.413,0.229,0.856,0.27;aaaaaaaa;
a;0.0978,0.427,0.439,0.116,0.423,0.664,0.0568,0.333,0.0914,0.314;aa;
a;0.534,0.578,0.239,0.681,0.115,0.879,0.538,0.256,0.339,0.972;aaaaaaaa;
a;0.671,0.969,0.38,0.649,0.823,0.95,0.502,0.167,0.994,0.144;aaaaaaaaa;
a;0.358,0.114,0.112,0.572,0.97,0.183,0.738,0.776,0.158,0.384;aa;
a;0.152,0.459,0.13,0.626,0.865,0.696,0.663,0.775,0.626,0.979;aa;
a;0.549,0.333,0.269,0.184,0.561,0.526,0.936,0.155,0.06,0.782;aaaa;
a;0.956,0.832,0.662,0.369,0.604,0.857,0.994,0.304,0.0208,0.746;aaa;
a;0.192,0.858,0.286,0.0906,0.934,0.345,0.723,0.0843,0.483,0.174;aaaaaaaa;
a;0.0537,0.302,0.731,0.677,0.876,0.275,0.919,0.437,0.521,0.619;aa;
a;0.514,0.711,0.0358,0.677,0.812,0.0599,0.807,0.264,0.986,0.791;aaa;
a;0.549,0.271,0.764,0.974,0.78,0.181,0.936,0.611,0.086,0.376;aaaa;
a;0.977,0.302,0.459,0.845,0.929,0.754,0.926,0.672,0.791,0.822;aaa;
a;0.355,0.769,0.855,0.0432,0.605,0.649,0.487,0.468,0.907,0.879;aaaaa;
a;0.848,0.595,0.461,0.47,0.59,0.993,0.124,0.454,0.65,0.768;aaaaa;
a;0.85,0.844,0.405,0.494,0.739,0.915,0.271,0.716,0.229,0.289;aaaaaa;
a;0.192,0.208,0.56,0.932,0.369,0.356,0.438,0.862,0.451,0.945;a;
a;0.701,0.419,0.107,0.131,0.142,0.777,0.036,0.308,0.798,0.0249;a;
a;0.928,0.0535,0.152,0.418,0.38,0.789,0.183,0.45,0.912,0.991;aaaaaa;
a;0.592,0.505,0.63,0.911,0.451,0.733,0.105,0.579,0.182,0.319;aaaaaaaa;
a;0.83,0.629,0.545,0.427,0.0886,0.248,0.28,0.94,0.543,0.409;aaaaaaaaaa;
a;0.69,0.268,0.161,0.479,0.0679,0.756,0.118,0.963,0.973,0.924;aaaaaa;
a;0.134,0.149,0.417,0.521,0.653,0.345,0.8,0.484,0.113,0.498;aaaaaaa;
a;0.398,0.823,0.757,0.0129,0.35,0.00589,0.141,0.612,0.591,0.655;aaaaaaaaa;
a;0.632,0.286,0.607,0.11,0.657,0.512,0.685,0.443,0.172,0.561;aaaa;
a;0.745,0.084,0.529,0.519,0.81,0.0265,0.318,0.384,0.849,0.0846;aaaaa;
a;0.838,0.352,0.877,0.293,0.063,0.673,0.468,0.245,0.991,0.776;aaaaaaaaa;
a;0.284,0.981,0.0144,0.771,0.587,0.955,0.381,0.114,0.839,0.725;aaaaa;
a;0.184,0.988,0.028,0.982,0.582,0.446,0.667,0.554,0.59,0.578;aaaaaaa;
a;0.833,0.659,0.227,0.17,0.853,0.275,0.487,0.961,0.25,0.758;aaaa;
a;0.479,0.709,0.877,0.335,0.766,0.6,0.64,0.664,0.528,0.487;aa;
a;0.0711,0.976,0.249,0.443,0.0732,0.776,0.0991,0.345,0.568,0.295;aaaaaaaaa;
a;0.694,0.0543,0.152,0.955,0.966,0.977,0.694,0.244,0.762,0.732;aaaaaaaaa;
a;0.182,0.338,0.326,0.0461,0.649,0.362,0.882,0.116,0.76,0.314;aaaaaa;
a;0.255,0.139,0.0356,0.5,0.626,0.63,0.0493,0.302,0.224,0.107;aaaaaaa;
a;0.838,0.814,0.266,0.304,0.288,0.612,0.935,0.143,0.615,0.254;aa;
a;0.155,0.916,0.542,0.734,0.816,0.044,0.942,0.606,0.534,0.884;aaaaaaaa;
a;0.129,0.448,0.425,0.0195,0.702,0.298,0.0286,0.82,0.742,0.0528;aaaaa;
a;0.624,0.065,0.566,0.516,0.261,0.418,0.992,0.0159,0.534,0.993;a;
a;0.486,0.84,0.326,0.943,0.541,0.306,0.907,0.351,0.324,0.0849;aaaaaaa;
a;0.369,0.133,0.339,0.0749,0.821,0.264,0.699,0.997,0.935,0.679;aaaaaaaaa;
a;0.647,0.711,0.831,0.648,0.785,0.854,0.654,0.207,0.537,0.0731;aaaaaaaaaa;
a;0.952,0.105,0.512,0.892,0.411,0.365,0.78,0.325,0.606,0.366;aaaaaaaa;
a;0.64,0.737,0.887,0.243,0.54,0.531,0.452,0.911,0.809,0.00911;aaa;
a;0.939,0.712,0.921,0.22,0.377,0.98,0.227,0.173,0.733,0.187;aaaaaa;
a;0.507,0.809,0.325,0.545,0.488,0.532,0.237,0.649,0.268,0.0416;aaaaaaa;
a;0.774,0.0786,0.879,0.224,0.948,0.758,0.523,0.39,0.179,0.406;aaaaa;
a;0.636,0.385,0.203,0.255,0.0499,0.614,0.676,0.753,0.868,0.0584;aa;
a;0.414,0.282,0.171,0.00334,0.0388,0.607,0.928,0.188,0.291,0.701;aaaaaaa;
a;0.358,0.905,0.277,0.197,0.889,0.513,0.132,0.0456,0.0574,0.327;aa;
a;0.465,0.494,0.657,0.0748,0.757,0.439,0.455,0.718,0.614,0.986;aa;
a;0.393,0.861,0.646,0.214,0.312,0.334,0.367,0.671,0.445,0.465;aaaaaaaaaa;
a;0.101,0.923,0.608,0.828,0.062,0.918,0.0839,0.467,0.867,0.279;aa;
a;0.00539,0.206,0.932,0.728,0.453,0.849,0.775,0.797,0.68,0.528;aaaaaa;
a;0.821,0.58,0.61,0.129,0.513,0.803,0.418,0.547,0.0837,0.974;aaaaaaaaaa;
a;0.218,0.844,0.401,0.392,0.904,0.699,0.976,0.337,0.0483,0.282;aaaa;
a;0.849,0.495,0.11,0.946,0.634,0.742,0.204,0.0925,0.188,0.999;aa;
a;0.518,0.784,0.617,0.0361,0.745,0.78,0.205,0.318,0.34,0.327;aaa;
a;0.581,0.338,0.866,0.431,0.659,0.301,0.842,0.711,0.752,0.137;aaaaaa;
a;0.784,0.287,0.653,0.908,0.357,0.497,0.236,0.602,0.112,0.0808;a;
a;0.225,0.988,0.271,0.694,0.41,0.0828,0.927,0.93,0.641,0.582;aaaaaaaaaa;
a;0.279,0.0658,0.615,0.116,0.1,0.678,0.798,0.826,0.835,0.955;aaaaaaaa;
a;0.686,0.568,0.405,0.463,0.579,0.205,0.952,0.533,0.228,0.644;a;
a;0.00411,0.433,0.808,0.82,0.00332,0.0514,0.707,0.772,0.455,0.543;aaaaaa;
a;0.268,0.146,0.876,0.326,0.664,0.641,0.601,0.351,0.69,0.707;aa;
a;0.156,0.511,0.249,0.792,0.793,0.437,0.906,0.52,0.0109,0.743;aaa;
a;0.224,0.95,1,0.143,0.0295,0.595,0.12,0.661,0.261,0.324;aaaaaaaa;
a;0.638,0.803,0.547,0.446,0.178,0.207,0.699,0.633,0.86,0.794;aa;
a;0.367,0.79,0.685,0.971,0.177,0.715,0.985,0.784,0.38,0.0439;aaaaaaaa;
a;0.464,0.704,0.226,0.0857,0.579,0.915,0.949,0.69,0.197,0.0138;aa;
a;0.705,0.847,0.506,0.793,0.89,0.898,0.923,0.828,0.757,0.229;aaaaaaaaaa;
a;0.891,0.513,0.375,0.537,0.67,0.139,0.559,0.451,0.358,0.159;aaa;
a;0.901,0.103,0.765,0.731,0.967,0.368,0.865,0.787,0.728,0.895;aaaaaaaa;
a;0.448,0.0553,0.986,0.254,0.868,0.886,0.2,0.386,0.63,0.706;aaaaaaaaaa;
a;0.492,0.42,0.244,0.869,0.893,0.607,0.0775,0.672,0.945,0.592;aaa;
a;0.993,0.385,0.114,0.723,0.867,0.63,0.586,0.899,0.393,0.293;aa;
a;0.159,0.366,0.545,0.847,0.656,0.356,0.00552,0.373,0.693,0.406;aaaaaaaa;
a;0.139,0.953,0.864,0.565,0.94,0.222,0.988,0.0353,0.954,0.966;aaaaa;
a;0.0891,0.801,0.308,0.44,0.875,0.75,0.945,0.656,0.0302,0.7;aaa;
a;0.969,0.919,0.112,0.423,0.907,0.159,0.0874,0.571,0.67,0.0298;aaaaa;
a;0.0984,0.367,0.0188,0.64,0.532,0.553,0.935,0.227,0.246,0.256;aaaaaaaa;
a;0.132,0.535,0.559,0.41,0.88,0.294,0.813,0.46,0.935,0.181;aaaaaaa;
a;0.782,0.22,0.55,0.904,0.615,0.961,0.717,0.705,0.892,0.113;aaaaaaaaaa;
a;0.888,0.481,0.559,0.191,0.647,0.777,0.459,0.702,0.551,0.911;a;
a;0.00976,0.428,0.216,0.896,0.563,0.0317,0.587,0.405,0.389,0.257;aaaaa;
a;0.362,0.493,0.494,0.447,0.188,0.129,0.927,0.0935,0.365,0.15;aaaaaa;
a;0.0414,0.696,0.638,0.0459,0.387,0.67,0.573,0.469,0.533,0.672;aaaaaaaaa;
a;0.862,0.616,0.709,0.402,0.1,0.75,0.808,0.584,0.464,0.117;aaa;
a;0.924,0.951,0.763,0.505,0.0953,0.339,0.827,0.0156,0.478,0.889;aaaaaaaaa;
a;0.728,0.559,0.654,0.544,0.436,0.931,0.951,0.371,0.105,0.152;aaa;
a;0.684,0.269,0.123,0.983,0.0592,0.695,0.513,0.918,0.22,0.941;aaaaaa;
a;0.991,0.0766,0.329,0.496,0.309,0.136,0.77,0.0725,0.0755,0.258;aaaaaa;
a;0.796,0.0661,0.702,0.816,0.0471,0.141,0.488,0.418,0.238,0.203;aaaaa;
a;0.242,0.84,0.466,0.737,0.468,0.133,0.373,0.99,0.919,0.137;aaaaa;
a;0.239,0.233,0.427,0.631,0.564,0.363,0.73,0.97,0.0608,0.359;aaa;
a;0.296,0.914,0.61,0.0641,0.633,0.466,0.598,0.353,0.219,0.748;a;
a;0.218,0.0341,0.613,0.903,0.191,0.463,0.993,0.191,0.623,0.11;aaaaaaaaa;
a;0.655,0.602,0.877,0.232,0.247,0.272,0.998,0.58,0.0256,0.00293;aaaaa;
a;0.0843,0.941,0.0447,0.486,0.134,0.0107,0.982,0.83,0.351,0.307;aaaa;
a;0.732,0.901,0.783,0.589,0.539,0.298,0.182,0.554,0.0948,0.531;a;
a;0.293,0.195,0.17,0.334,0.336,0.198,0.537,0.529,0.687,0.672;aaaa;
a;0.213,0.00378,0.473,0.455,0.554,0.726,0.0717,0.609,0.281,0.254;aaaaaa;
a;0.993,0.443,0.685,0.419,0.498,0.993,0.446,0.673,0.486,0.405;aaaaaa;
a;0.266,0.251,0.513,0.0759,0.952,0.119,0.9,0.521,0.7,0.673;a;
a;0.176,0.906,0.512,0.723,0.0838,0.77,0.935,0.596,0.693,0.411;aaaaaa;
a;0.707,0.256,0.148,0.211,0.764,0.74,0.935,0.286,0.0698,0.292;a;
a;0.0728,0.992,0.888,0.666,0.343,0.358,0.93,0.41,0.58,0.728;aaaaaaaaaa;
a;0.984,0.842,0.467,0.82,0.462,0.0381,0.448,0.229,0.0399,0.596;aaaaaa;
a;0.723,0.859,0.246,0.2,0.945,0.325,0.0666,0.611,0.724,0.158;aaaaaaaaaa;
a;0.638,0.748,0.392,0.513,0.372,0.68,0.524,0.573,0.273,0.904;aaaaaa;
a;0.37,0.1,0.55,0.275,0.0426,0.711,0.0458,0.675,0.297,0.665;aaaaaaaa;
a;0.752,0.21,0.938,0.39,0.288,0.659,0.891,0.775,0.248,0.717;aaaaaaa;
a;0.049,0.573,0.932,0.952,0.642,0.75,0.333,0.304,0.621,0.852;aaaaaaaaaa;
a;0.477,0.488,0.0199,0.769,0.44,0.794,0.772,0.115,0.352,0.972;aaaaa;
a;0.489,0.85,0.315,0.299,0.908,0.244,0.16,0.917,0.547,0.242;aaaaaaaa;
a;0.736,0.545,0.666,0.746,0.413,0.429,0.994,0.493,0.182,0.498;aaaa;
a;0.103,0.225,0.532,0.872,0.0459,0.579,0.163,0.859,0.929,0.364;aaaa;
a;0.656,0.154,0.602,0.0608,0.227,0.49,0.0408,0.748,0.26,0.925;a;
a;0.163,0.219,0.708,0.00354,0.283,0.986,0.213,0.0726,0.715,0.218;aaaaaaaa;
a;0.0903,0.198,0.872,0.721,0.173,0.364,0.201,0.293,0.859,0.382;aaaaa;
a;0.199,0.366,0.615,0.199,0.551,0.128,0.306,0.665,0.809,0.227;aaa;
a;0.525,0.988,0.921,0.225,0.475,0.65,0.299,0.702,0.079,0.59;aa;
a;0.784,0.249,0.128,0.65,0.405,0.289,0.185,0.781,0.796,0.931;aaa;
a;0.232,0.368,0.925,0.536,0.984,0.707,0.166,0.954,0.197,0.213;aaaaaaaa;
a;0.73,0.962,0.128,0.191,0.731,0.824,0.74,0.116,0.685,0.71;aaaaaaaaaa;
a;0.252,0.24,0.238,0.314,0.994,0.525,0.483,0.528,0.716,0.615;aaaaaaaaa;
a;0.554,0.337,0.835,0.00366,0.582,0.196,0.19,0.0568,0.553,0.431;aa;
a;0.779,0.115,0.968,0.0602,0.43,0.392,0.488,0.222,0.89,0.458;aaaa;
a;0.652,0.649,0.65,0.835,0.585,0.873,0.644,0.603,0.947,0.164;aaaaaaaaaa;
a;0.839,1,0.29,0.167,0.785,0.661,0.939,0.283,0.246,0.0381;aa;
a;0.117,0.0913,0.743,0.17,0.538,0.716,0.0102,0.65,0.122,0.0741;aaaaaaaaaa;
a;0.847,0.847,0.0846,0.333,0.997,0.667,0.0653,0.584,0.256,0.217;aa;
a;0.688,0.781,0.41,0.556,0.314,0.9,0.264,0.77,0.261,0.948;aaaaaaa;
a;0.782,0.64,0.447,0.541,0.695,0.94,0.751,0.228,0.0307,0.776;a;
a;0.629,0.495,0.737,0.571,0.668,0.153,0.277,0.45,0.0859,0.0687;a;
a;0.377,0.723,0.2,0.529,0.432,0.199,0.112,0.281,0.75,0.427;aaaa;
a;0.785,0.834,0.347,0.0108,0.572,0.129,0.396,0.132,0.688,0.345;aaaaa;
a;0.51,0.241,0.518,0.304,0.972,0.541,0.325,0.148,0.0585,0.717;aaaaaaaaaa;
a;0.464,0.328,0.832,0.811,0.986,0.504,0.66,0.8,0.735,0.474;aaaa;
a;0.414,0.0927,0.887,0.0921,0.179,0.424,0.268,0.947,0.608,0.563;a;
a;0.748,0.0531,0.532,0.527,0.247,0.0571,0.442,0.749,0.271,0.101;aaaa;
a;0.418,0.842,0.568,0.0577,0.067,0.655,0.308,0.824,0.335,0.823;aaa;
a;0.466,0.643,0.324,0.22,0.686,0.844,0.794,0.594,0.604,0.481;aaaaa;
a;0.96,0.965,0.164,0.283,0.339,0.209,0.939,0.641,0.0643,0.546;aaaaaaaaaa;
a;0.362,0.0825,0.244,0.973,0.69,0.186,0.0257,0.95,0.331,0.325;aaaa;
a;0.438,0.428,0.0189,0.984,0.167,0.00646,0.613,0.83,0.53,0.802;aaaa;
a;0.766,0.708,0.49,0.0738,0.868,0.161,0.346,0.77,0.714,0.961;a;
a;0.535,0.52,0.463,0.779,0.373,0.779,0.89,0.741,0.332,0.753;aaaaaaaa;
a;0.0467,0.233,0.761,0.973,0.848,0.291,0.445,0.822,0.582,0.322;aaa;
a;0.219,0.0655,0.333,0.96,0.0931,0.562,0.769,0.609,0.784,0.815;aaaaa;
a;0.0384,0.557,0.409,0.867,0.723,0.798,0.254,0.0507,0.263,0.526;aaaaaaa;
a;0.121,0.979,0.674,0.00899,0.298,0.416,0.383,0.628,0.941,0.956;a;
a;0.685,0.722,0.127,0.573,0.589,0.435,0.253,0.876,0.194,0.258;aaaaaaa;
a;0.316,0.796,0.245,0.779,0.27,0.913,0.538,0.478,0.553,0.571;aaaaaa;
a;0.0971,0.0105,0.881,0.132,0.226,0.8,0.614,0.014,0.551,0.372;aaaaaaaa;
a;0.511,0.575,0.582,0.225,0.869,0.9,0.228,0.219,0.921,0.936;aaaa;
a;0.0588,0.199,0.73,0.695,0.869,0.839,0.846,0.715,0.0559,0.979;aa;
a;0.823,0.569,0.293,0.482,0.218,0.431,0.977,0.83,0.68,0.127;a;
a;0.672,0.143,0.17,0.889,0.855,0.739,0.0414,0.851,0.93,0.886;aaaaaa;
a;0.477,0.842,0.116,0.991,0.153,0.538,0.64,0.477,0.209,0.226;aaaaaa;
a;0.0404,0.75,0.00796,0.454,0.965,0.15,0.664,0.465,0.831,0.609;aaaaaa;
a;0.651,0.952,0.291,0.374,0.143,0.275,0.884,0.724,0.452,0.711;aaaaa;
a;0.712,0.778,0.969,0.253,0.556,0.0126,0.286,0.8,0.71,0.726;aaa;
a;0.243,0.729,0.145,0.707,0.509,0.943,0.616,0.208,0.264,0.554;aaaaaa;
a;0.269,0.351,0.0784,0.311,0.0503,0.958,0.594,0.165,0.755,0.57;aaaaaaaa;
a;0.459,0.407,0.344,0.974,0.772,0.835,0.502,0.332,0.648,0.153;aaaaaaaaaa;
a;0.906,0.273,0.173,0.545,0.286,0.507,0.855,0.73,0.173,0.774;a;
a;0.0799,0.583,0.455,0.0528,0.767,0.692,0.279,0.283,0.533,0.766;aaaaaaa;
a;0.787,0.0334,0.256,0.322,0.586,0.933,0.419,0.421,0.725,0.926;aaaaaaaaaa;
a;0.659,0.361,0.131,0.0811,0.625,0.291,0.514,0.282,0.756,0.359;aaaaaaaaa;
a;0.0628,0.0868,0.0869,0.0138,0.595,0.417,0.67,0.61,0.415,0.116;aaaa;
a;0.979,0.871,0.705,0.915,0.103,0.244,0.13,0.825,0.61,0.954;aaaaaaaaa;
a;0.774,0.456,0.665,0.32,0.799,0.84,0.458,0.831,0.521,0.623;aaaaaaaaaa;
a;0.609,0.195,0.499,0.128,0.848,0.0788,0.36,0.851,0.932,0.532;aaaaaaaaa;
a;0.674,0.78,0.0557,0.243,0.603,0.786,0.0748,0.962,0.189,0.83;aaaaaaaaaa;
a;0.263,0.0534,0.868,0.103,0.549,0.126,0.506,0.86,0.667,0.594;aaaaaaaaa;
a;0.986,0.808,0.0618,0.0655,0.0425,0.6,0.577,0.762,0.973,0.776;aaaaaaa;
a;0.735,0.496,0.53,0.492,0.594,0.738,0.643,0.486,0.141,0.235;aaaa;
a;0.653,0.988,0.375,0.604,0.994,0.252,0.202,0.921,0.383,0.595;aaaaaa;
a;0.337,0.448,0.141,0.0837,0.15,0.33,0.331,0.79,0.565,0.184;aaaaaaaaa;
a;0.841,0.496,0.232,0.676,0.0946,0.758,0.535,0.58,0.232,0.247;aaaaa;
a;0.451,0.133,0.735,0.363,0.83,0.766,0.919,0.556,0.00455,0.495;aaaaaaaa;
a;0.456,0.948,0.238,0.683,0.172,0.918,0.615,0.133,0.849,0.0686;a;
a;0.0292,0.759,0.654,0.99,0.683,0.212,0.603,0.299,0.973,0.182;aaaaaaa;
a;0.608,0.687,0.288,0.207,0.358,0.667,0.347,0.0307,0.566,0.148;aaaa;
a;0.808,0.735,0.512,0.812,0.744,0.625,0.0415,0.614,0.199,0.000727;aa;
a;0.279,0.62,0.597,0.501,0.61,0.323,0.293,0.143,0.326,0.789;aaaaaaaa;
a;0.947,0.717,0.737,0.781,0.595,0.282,0.44,0.31,0.956,0.496;aaaaa;
a;0.699,0.62,0.534,0.591,0.295,0.26,0.715,0.00988,0.782,0.643;aaaaaa;
a;0.0932,0.968,0.259,0.783,0.563,0.542,0.565,0.869,0.326,0.53;aaaa;
a;0.88,0.0755,0.819,0.143,0.808,0.168,0.0643,0.409,0.172,0.709;aa;
a;0.308,0.109,0.0175,0.865,0.362,0.335,0.418,0.111,0.0618,0.312;aa;
a;0.429,0.135,0.308,0.839,0.434,0.346,0.253,0.00211,0.895,0.0847;aaaaaa;
a;0.0189,0.588,0.109,0.916,0.79,0.0306,0.172,0.15,0.0258,0.000682;a;
a;0.579,0.157,0.648,0.777,0.923,0.325,0.82,0.973,0.959,0.0923;aaa;
a;0.879,0.914,0.206,0.377,0.714,0.209,0.859,0.875,0.159,0.667;aaaaaa;
a;0.0427,0.417,0.336,0.578,0.47,0.907,0.112,0.0113,0.879,0.367;aa;
a;0.954,0.0164,0.608,0.321,0.808,0.704,0.22,0.512,0.21,0.0971;aaaa;
a;0.193,0.384,0.76,0.247,0.231,0.343,0.935,0.49,0.893,0.691;a;
a;0.0167,0.278,0.866,0.137,0.334,0.257,0.992,0.995,0.29,0.171;aaaaaaa;
a;0.638,0.449,0.426,0.258,0.786,0.0821,0.726,0.697,0.816,0.743;aaaaaa;
a;0.218,0.576,0.651,0.178,0.0901,0.436,0.728,0.465,0.42,0.432;aaaa;
a;0.979,0.802,0.839,0.674,0.335,0.486,0.314,0.448,0.199,0.747;aaa;
a;0.958,0.574,0.213,0.549,0.947,0.814,0.851,0.0632,0.583,0.13;aaa;
a;0.0421,0.676,0.402,0.853,0.17,0.657,0.372,0.352,0.376,0.986;aaa;
a;0.573,0.366,0.146,0.335,0.549,0.691,0.359,0.084,0.439,0.73;aaa;
a;0.635,0.486,0.665,0.513,0.0415,0.567,0.891,0.682,0.668,0.435;aaaaaaaa;
a;0.19,0.304,0.594,0.4,0.691,0.701,0.363,0.831,0.636,0.97;aa;
a;0.397,0.732,0.92,0.288,0.682,0.672,0.479,0.387,0.704,0.49;aaaaaaaaa;
a;0.152,0.362,0.343,0.386,0.152,0.0761,0.683,0.407,0.53,0.103;aaaaaa;
a;0.278,0.308,0.126,0.927,0.562,0.0256,0.877,0.404,0.539,0.379;aaaaa;
a;0.961,0.768,0.726,0.108,0.588,0.87,0.969,0.303,0.61,0.689;aaaaaaaa;
a;0.528,0.668,0.551,0.785,0.404,0.306,0.0343,0.602,0.493,0.875;a;
a;0.911,0.409,0.223,0.0582,0.911,0.752,0.755,0.594,0.232,0.409;aaa;
a;0.0162,0.00746,0.841,0.198,0.0145,0.0981,0.489,0.352,0.299,0.958;aaaaaaa;
a;0.385,0.353,0.73,0.86,0.329,0.796,0.49,0.974,0.561,0.376;aaaaaaaa;
a;0.224,0.00514,0.54,0.72,0.281,0.136,0.425,0.742,0.65,0.239;aaaaaaaaa;
a;0.218,0.0611,0.904,0.281,0.9,0.279,0.673,0.334,0.401,0.0376;a;
a;0.943,0.651,0.174,0.295,0.879,0.781,0.651,0.414,0.921,0.631;a;
a;0.811,0.993,0.0392,0.934,0.441,0.394,0.908,0.0859,0.0851,0.0738;a;
a;0.0142,0.308,0.453,0.656,0.454,0.827,0.963,0.143,0.903,0.322;aaaaaaa;
a;0.848,0.29,0.861,0.141,0.0484,0.588,0.91,0.435,0.99,0.507;aaaaaaaa;
a;0.248,0.616,0.801,0.791,0.967,0.864,0.133,0.271,0.531,0.44;aaaaaaa;
a;0.84,0.267,0.885,0.354,0.5,0.163,0.521,0.00878,0.679,0.454;aaaa;
a;0.186,0.449,0.819,0.835,0.537,0.724,0.916,0.946,0.128,0.365;aaaaaaaaaa;
a;0.0652,0.143,0.579,0.286,0.279,0.124,0.324,0.633,0.58,0.688;aaaaaaaaaa;
a;0.559,0.0116,0.864,0.801,0.28,0.253,0.21,0.732,0.0692,0.6;aaaaaa;
a;0.609,0.777,0.29,0.647,0.286,0.983,0.155,0.948,0.931,0.385;aaaa;
a;0.136,0.795,0.855,0.34,0.185,0.474,0.89,0.435,0.746,0.571;aaaa;
a;0.019,0.658,0.173,0.741,0.373,0.361,0.999,0.457,0.452,0.176;aaaaaaaaaa;
a;0.799,0.236,0.207,0.245,0.901,0.0243,0.705,0.604,0.97,0.75;aaaaaaaa;
a;0.218,0.0611,0.904,0.281,0.9,0.279,0.673,0.334,0.401,0.0376;aaa;
a;0.943,0.651,0.174,0.295,0.879,0.781,0.651,0.414,0.921,0.631;aaaaaa;
a;0.811,0.993,0.0392,0.934,0.441,0.394,0.908,0.0859,0.0851,0.0738;aaaaaaa;
a;0.0142,0.308,0.453,0.656,0.454,0.827,0.963,0.143,0.903,0.322;aaaaaaa;
a;0.848,0.29,0.861,0.141,0.0484,0.588,0.91,0.435,0.99,0.507;aaaaa;
a;0.248,0.616,0.801,0.791,0.967,0.864,0.133,0.271,0.531,0.44;aaaaaaaa;
a;0.84,0.267,0.885,0.354,0.5,0.163,0.521,0.00878,0.679,0.454;aaaaaa;
a;0.186,0.449,0.819,0.835,0.537,0.724,0.916,0.946,0.128,0.365;aa;
a;0.0652,0.143,0.579,0.286,0.279,0.124,0.324,0.633,0.58,0.688;aaa;
a;0.559,0.0116,0.864,0.801,0.28,0.253,0.21,0.732,0.0692,0.6;aaaaaaaaa;
a;0.609,0.777,0.29,0.647,0.286,0.983,0.155,0.948,0.931,0.385;aaa;
a;0.136,0.795,0.855,0.34,0.185,0.474,0.89,0.435,0.746,0.571;aaa;
a;0.019,0.658,0.173,0.741,0.373,0.361,0.999,0.457,0.452,0.176;aaaaaaa;
a;0.799,0.236,0.207,0.245,0.901,0.0243,0.705,0.604,0.97,0.75;aaaaaaaa;
a;0.218,0.0611,0.904,0.281,0.9,0.279,0.673,0.334,0.401,0.0376;a;
a;0.943,0.651,0.174,0.295,0.879,0.781,0.651,0.414,0.921,0.631;aaaaaaa;
a;0.811,0.993,0.0392,0.934,0.441,0.394,0.908,0.0859,0.0851,0.0738;aaa;
a;0.0142,0.308,0.453,0.656,0.454,0.827,0.963,0.143,0.903,0.322;aaaa;
a;0.848,0.29,0.861,0.141,0.0484,0.588,0.91,0.435,0.99,0.507;aaaa;
a;0.248,0.616,0.801,0.791,0.967,0.864,0.133,0.271,0.531,0.44;aaaaaaaaa;
a;0.84,0.267,0.885,0.354,0.5,0.163,0.521,0.00878,0.679,0.454;aaaaaaa;
a;0.186,0.449,0.819,0.835,0.537,0.724,0.916,0.946,0.128,0.365;aaaaaaa;
a;0.0652,0.143,0.579,0.286,0.279,0.124,0.324,0.633,0.58,0.688;a;
a;0.559,0.0116,0.864,0.801,0.28,0.253,0.21,0.732,0.0692,0.6;aa;
a;0.609,0.777,0.29,0.647,0.286,0.983,0.155,0.948,0.931,0.385;aaaaaa;
a;0.136,0.795,0.855,0.34,0.185,0.474,0.89,0.435,0.746,0.571;a;
a;0.019,0.658,0.173,0.741,0.373,0.361,0.999,0.457,0.452,0.176;aaaaaaaa;
a;0.799,0.236,0.207,0.245,0.901,0.0243,0.705,0.604,0.97,0.75;aaaaa;
a;0.218,0.0611,0.904,0.281,0.9,0.279,0.673,0.334,0.401,0.0376;aaaaaaaaaa;
a;0.943,0.651,0.174,0.295,0.879,0.781,0.651,0.414,0.921,0.631;aaaaaaaaaa;
a;0.811,0.993,0.0392,0.934,0.441,0.394,0.908,0.0859,0.0851,0.0738;aaaaaaaaaa;
a;0.0142,0.308,0.453,0.656,0.454,0.827,0.963,0.143,0.903,0.322;a;
a;0.848,0.29,0.861,0.141,0.0484,0.588,0.91,0.435,0.99,0.507;aaaaa;
a;0.248,0.616,0.801,0.791,0.967,0.864,0.133,0.271,0.531,0.44;aaaaaaaaa;
a;0.84,0.267,0.885,0.354,0.5,0.163,0.521,0.00878,0.679,0.454;aa;
a;0.186,0.449,0.819,0.835,0.537,0.724,0.916,0.946,0.128,0.365;aaaaaa;
a;0.0652,0.143,0.579,0.286,0.279,0.124,0.324,0.633,0.58,0.688;aaaa;
a;0.559,0.0116,0.864,0.801,0.28,0.253,0.21,0.732,0.0692,0.6;aaaaaaaaa;
a;0.609,0.777,0.29,0.647,0.286,0.983,0.155,0.948,0.931,0.385;aaaaaaaa;
a;0.136,0.795,0.855,0.34,0.185,0.474,0.89,0.435,0.746,0.571;aaaaaaa;
a;0.019,0.658,0.173,0.741,0.373,0.361,0.999,0.457,0.452,0.176;aaaaaaaaa;
a;0.799,0.236,0.207,0.245,0.901,0.0243,0.705,0.604,0.97,0.75;aa;
a;0.218,0.0611,0.904,0.281,0.9,0.279,0.673,0.334,0.401,0.0376;aaaaa;
a;0.943,0.651,0.174,0.295,0.879,0.781,0.651,0.414,0.921,0.631;aaaaaaa;
a;0.811,0.993,0.0392,0.934,0.441,0.394,0.908,0.0859,0.0851,0.0738;aa;
a;0.0142,0.308,0.453,0.656,0.454,0.827,0.963,0.143,0.903,0.322;aaa;
a;0.848,0.29,0.861,0.141,0.0484,0.588,0.91,0.435,0.99,0.507;aaa;
a;0.248,0.616,0.801,0.791,0.967,0.864,0.133,0.271,0.531,0.44;aaaa;
a;0.84,0.267,0.885,0.354,0.5,0.163,0.521,0.00878,0.679,0.454;aaaa;
a;0.186,0.449,0.819,0.835,0.537,0.724,0.916,0.946,0.128,0.365;aa;
a;0.0652,0.143,0.579,0.286,0.279,0.124,0.324,0.633,0.58,0.688;aaaaaaaaaa;
a;0.559,0.0116,0.864,0.801,0.28,0.253,0.21,0.732,0.0692,0.6;aaaa;
a;0.609,0.777,0.29,0.647,0.286,0.983,0.155,0.948,0.931,0.385;aaaaa;
a;0.136,0.795,0.855,0.34,0.185,0.474,0.89,0.435,0.746,0.571;aaaaaaaaa;
a;0.019,0.658,0.173,0.741,0.373,0.361,0.999,0.457,0.452,0.176;aaaaaa;
a;0.799,0.236,0.207,0.245,0.901,0.0243,0.705,0.604,0.97,0.75;aaaaaa;
