0	0
1	1,7
2	2
3	3
4	4
5	5
6	6,8
7	7
8	8
9	9
10	0,9
11	2,3
12	1
13	3
14	1
15	0
16	4
17	7
18	5,6
19	1
20	3
21	1
22	9
23	3,7
24	6
25	9
26	6
27	8
28	0,3
29	0
30	0
31	1,4
32	1,4
33	8
34	3,7
35	2,3,9
36	3
37	1
38	4,6,8
39	1
40	2
41	0
42	3
43	3,5,6
44	4,5
45	1
46	2
47	8
48	2
49	2
50	8
51	2
52	0
53	7
54	4
55	1
56	0
57	1
58	1
59	6,8
60	2,6,7
61	3
62	1
63	0
64	5
65	2
66	4
67	2,6
68	2
69	0
70	1
71	2,9
72	4
73	3,4
74	1,7
75	2,6
76	0
77	0
78	1
79	7
80	1,2
81	3,6
82	1,3
83	0,1
84	2
85	2,3
86	0
87	4,6
88	2,5
89	1
90	1
91	1
92	5
93	0,1,4
94	1,4,7
95	0,2
96	0,7
97	2,6
98	0
99	0
100	0
101	1,5
102	0
103	1,2
104	0,8
105	0
106	4,9
107	0,3,4
108	3
109	5,6
110	4,6
111	7,9
112	0,5
113	0,3
114	4,5
115	2,4
116	4
117	6,8,9
118	0
119	0
120	5
121	0
122	1
123	5
124	2
125	3
126	0
127	0,4,9
128	0
129	1
130	2
131	4
132	0
133	1
134	2,7
135	0
136	0
137	0
138	1
139	1
140	2
141	1,9
142	2
143	7
144	2
145	0,3
146	1
147	7
148	1,8
149	2,3,4
150	0,3
151	2,3,5,9
152	0
153	4
154	1
155	1
156	2
157	3
158	4
159	0,1
160	0,1,9
161	1
162	2
163	0
164	4
165	0,1,6
166	1
167	3
168	5
169	0
170	0
171	2
172	0,1,2
173	3
174	0
175	3
176	4
177	0,8
178	4,5
179	7
180	3
181	2
182	8
183	3
184	5
185	0
186	2
187	4,8
188	4
189	4
190	0,8
191	0
192	4,6
193	3
194	5
195	0
196	3,8
197	2
198	2
199	2
200	0
201	0
202	1,4
203	8
204	4
205	4,9
206	1,3
207	6
208	0,1,3
209	4
210	4
211	5
212	0,8
213	0
214	1
215	0
216	0
217	0
218	4,5,6
219	4
220	0
221	0
222	2
223	2
224	2
225	3
226	1
227	0,2
228	6,7
229	2
230	4
231	0
232	4
233	3
234	5
235	2,8
236	4
237	0,7
238	9
239	1
240	1,2
241	6
242	2
243	1
244	1
245	2
246	3
247	5
248	5
249	8
250	2,3
251	0
252	3
253	2
254	0
255	0
256	5,9
257	2,3
258	4
259	1
260	4
261	3
262	4
263	1
264	1
265	0
266	1
267	0
268	1
269	1,9
270	1
271	1,5
272	0
273	1,4
274	0,3
275	0
276	1,2
277	1,4
278	1
279	3
280	1
281	0,1,7
282	0
283	7
284	2
285	0,1
286	1
287	0
288	6
289	4
290	2,9
291	0
292	0,8
293	1,3
294	2
295	0
296	6
297	3
298	4,9
299	0
300	1
301	1
302	1
303	0
304	7
305	6
306	5
307	1
308	0,1,4,6
309	2,7
310	0
311	1
312	3
313	3
314	3
315	2
316	0
317	1
318	0
319	5
320	1
321	2
322	0,3
323	0,3
324	1,5
325	5
326	6
327	0
328	0
329	2,8
330	0
331	0
332	0
333	0
334	2
335	1
336	2
337	4
338	2
339	5
340	7
341	1,2,4,7
342	0
343	2
344	6
345	0,3
346	0
347	9
348	0
349	3,5
350	4
351	1
352	0
353	1
354	0
355	1
356	6
357	1
358	2
359	0
360	2
361	1
362	1,7
363	0
364	2
365	5
366	0
367	1
368	0
369	0
370	0
371	1
372	3
373	1
374	3
375	5
376	1
377	4
378	4
379	1,4
380	2
381	0
382	0
383	2
384	5
385	0,3
386	7
387	2
388	2
389	4
390	1
391	0
392	7
393	1
394	9
395	1
396	3,5,9
397	0,1
398	1,8
399	2
400	1
401	3
402	6
403	0
404	5
405	5
406	1
407	3
408	0,1
409	4,5
410	1
411	4
412	1
413	2
414	3
415	8
416	0
417	0
418	1
419	1
420	9
421	3
422	0
423	0
424	0
425	1
426	5
427	1
428	2
429	4
430	0
431	1
432	2
433	0
434	0
435	2
436	4
437	6
438	1
439	0
440	1
441	2,4
442	2
443	2
444	0
445	3
446	0
447	3
448	0
449	0
450	4,8,9
451	8
452	0
453	3
454	2,3
455	1
456	0
457	0
458	0
459	0
460	2
461	1
462	1
463	1
464	0
465	3
466	3
467	1
468	1,5
469	4
470	0
471	7
472	2
473	3
474	2
475	2
476	2
477	3
478	2
479	4
480	3
481	0
482	7
483	2,8
484	0
485	1
486	2
487	8
488	0
489	0
490	0
491	2
492	3,5
493	0
494	0
495	1
496	1
497	1,2
498	0
499	0
500	3
501	2
502	0
503	0
504	3
505	2
506	4
507	3
508	5,7
509	0
510	0
511	3
512	3
513	8
514	6
515	2
516	2
517	0,2
518	0
519	1
520	1
521	0
522	1
523	3,7
524	1
525	1,7
526	0,2
527	2,5
528	1
529	0
530	6
531	2
532	1,3,5
533	1
534	4,6
535	3
536	5
537	2,3
538	0
539	4
540	0
541	0,2
542	0
543	1,9
544	1
545	2
546	3
547	4
548	0
549	1
550	1
551	1
552	2
553	4
554	0,2,3
555	3
556	0
557	2
558	2
559	0
560	9
561	3
562	0
563	8
564	0,1
565	5
566	0
567	1
568	1
569	1
570	1
571	0
572	1
573	4
574	1
575	0
576	0
577	5,8,9
578	0
579	1,3
580	4
581	5
582	1
583	7
584	0
585	3
586	5,7
587	2,3
588	1
589	0
590	0
591	4
592	0
593	0
594	1
595	9
596	5
597	0
598	1
599	0
600	3,9
601	4
602	0
603	5
604	0
605	4
606	0
607	0
608	7
609	0
610	1
611	2,3
612	0
613	0
614	4,9
615	1
616	2
617	2
618	5
619	0
620	4
621	3
622	5
623	3
624	6
625	1
626	3
627	0
628	2
629	0
630	0
631	8
632	1
633	0
634	3
635	0
636	0
637	6
638	6
639	2
640	2
641	0
642	3
643	8
644	2
645	3
646	2
647	1
648	4
649	1
650	2
651	9
652	0
653	1
654	2
655	1
656	0
657	1,9
658	1
659	4
660	2
661	1,4
662	7
663	6
664	2
665	4
666	1
667	5,8
668	2
669	0
670	0
671	0
672	0,5
673	1
674	6
675	7
676	0
677	0
678	8
679	1
680	1
681	0
682	0
683	1
684	0
685	1
686	6
687	5
688	3
689	1
690	4
691	1
692	0
693	7
694	0
695	0
696	3
697	1,4,9
698	1,5
699	1
700	3,9
701	0,1
702	4,8
703	7
704	1
705	3
706	8
707	3
708	0
709	4
710	2
711	0
712	2
713	0
714	1
715	2
716	0,4,9
717	6
718	0
719	3
720	6
721	1
722	4,6
723	4
724	4
725	1
726	0
727	1
728	1
729	1
730	5
731	0
732	1
733	1
734	2
735	1
736	8
737	0
738	6,8
739	0
740	2
741	1
742	1
743	0
744	1
745	5
746	3
747	3
748	0
749	0
750	0
751	2
752	0
753	0
754	0,1
755	0
756	3
757	7
758	0
759	2,4
760	0
761	0
762	0,6
763	4
764	1
765	2
766	2
767	2
768	1
769	3
770	6
771	1
772	3
773	4
774	2
775	6
776	0
777	0
778	0
779	3,7
780	4
781	0
782	3
783	2
784	0
785	2
786	4
787	6
788	0
789	0
790	0
791	9
792	1
793	0
794	0
795	2
796	2
797	9
798	0
799	0
800	5
801	3
802	1
803	9
804	8
805	1
806	0
807	7
808	3
809	2
810	5
811	1
812	4
813	2
814	2
815	1
816	2
817	2,7
818	9
819	6,9
820	0
821	0
822	4
823	0
824	3,7
825	5
826	0,4
827	0
828	1
829	1
830	2
831	1
832	0
833	0
834	2
835	2
836	0,3
837	1
838	4
839	0
840	1
841	2
842	0
843	0
844	6
845	2
846	2
847	4
848	0
849	2
850	0
851	3
852	1
853	0,6
854	2
855	6
856	1
857	9
858	0
859	1
860	1,8
861	5
862	6
863	0
864	8
865	0
866	0
867	5
868	0
869	1
870	1
871	2
872	5,9
873	3
874	1
875	0
876	3
877	3
878	1
879	0
880	4
881	5,8
882	2
883	0,8
884	0
885	4
886	3
887	0
888	0
889	1,5
890	7
891	2
892	2
893	2
894	4
895	0
896	0,5
897	4
898	0
899	1
900	1
901	5
902	6
903	0
904	2
905	1
906	7
907	3
908	0
909	5
910	0
911	0
912	1
913	5
914	0
915	3
916	0
917	0
918	3,9
919	4
920	3
921	5
922	5
923	4
924	3
925	0
926	0
927	1
928	1
929	0
930	3
931	2
932	4
933	1
934	1
935	0
936	0
937	3
938	0
939	4
940	0
941	1
942	1
943	0
944	1
945	1
946	8
947	8
948	4
949	8
950	3
951	0
952	7
953	5
954	1
955	1
956	1
957	2
958	1
959	0
960	1
961	0
962	0
963	0
964	0
965	0
966	3
967	6
968	9
969	3
970	9
971	6
972	0
973	2
974	6
975	1
976	0
977	0
978	1
979	3,4,6
980	2
981	1
982	4
983	0
984	0
985	0,8
986	4,5
987	0
988	1
989	0
990	5
991	8
992	1
993	2
994	4
995	4
996	0
997	0
998	2
999	9
1000	2
1001	4
1002	2
1003	0
1004	4
1005	1
1006	7
1007	0
1008	1
1009	6
1010	0
1011	2
1012	1
1013	0
1014	4
1015	1
1016	2
1017	2
1018	6
1019	4
1020	3
1021	2
1022	3
1023	0,5
1024	1
1025	0
1026	5,6
1027	4
1028	1
1029	7
1030	1
1031	6
1032	2
1033	1,4
1034	0
1035	0
1036	3
1037	1
1038	3
1039	1
1040	1
1041	1,5
1042	1
1043	1
1044	7
1045	3
1046	0
1047	1
1048	8
1049	2,5
1050	2
1051	1
1052	3,8
1053	0
1054	4
1055	5
1056	2
1057	0
1058	7
1059	0
1060	0
1061	4,7
1062	0
1063	3
1064	1
1065	7
1066	2
1067	5
1068	1
1069	6
1070	3
1071	2
1072	3
1073	0
1074	0
1075	1
1076	2
1077	0
1078	3
1079	0
1080	2
1081	3
1082	1
1083	0
1084	1,4
1085	1
1086	2
1087	3
1088	0
1089	3
1090	4
1091	0
1092	5
1093	2
1094	2
1095	4
1096	0
1097	5
1098	1
1099	3
1100	1
1101	0,2
1102	0
1103	1,4,5
1104	1
1105	9
1106	1
1107	0
1108	1
1109	7
1110	0
1111	0
1112	4
1113	0
1114	0
1115	2
1116	0
1117	3
1118	1
1119	2
1120	2
1121	4
1122	4
1123	0
1124	4
1125	3
1126	4
1127	1
1128	0
1129	7
1130	2
1131	2
1132	8
1133	7
1134	7
1135	2
1136	1
1137	1
1138	0
1139	5
1140	0
1141	0
1142	0
1143	5
1144	3
1145	1
1146	0
1147	0
1148	3
1149	1,2,7
1150	1
1151	5,9
1152	3
1153	0
1154	6
1155	1
1156	0
1157	1
1158	3,9
1159	2
1160	5
1161	3
1162	5
1163	1,5
1164	1
1165	0
1166	1
1167	5
1168	3,7
1169	5
1170	0
1171	0
1172	0
1173	3
1174	0
1175	0
1176	6
1177	0
1178	1
1179	2
1180	4
1181	1
1182	0
1183	0
1184	1
1185	7
1186	2
1187	2
1188	1
1189	1
1190	0
1191	4
1192	3
1193	1
1194	0
1195	1
1196	6,8
1197	2
1198	1
1199	1
1200	2
1201	1
1202	4,9
1203	3
1204	0
1205	4
1206	2,7
1207	3
1208	1
1209	2
1210	0
1211	0
1212	0
1213	1
1214	0
1215	2
1216	0
1217	1
1218	2
1219	2
1220	0
1221	1
1222	1
1223	0
1224	1
1225	2
1226	4
1227	2
1228	0
1229	0
1230	6
1231	1
1232	1
1233	1
1234	0
1235	1
1236	1
1237	0
1238	2
1239	8
1240	2
1241	0
1242	6
1243	0
1244	3,6
1245	1
1246	0
1247	8
1248	4
1249	2
1250	3
1251	9
1252	5,6
1253	2
1254	0
1255	0
1256	2
1257	1
1258	0,6
1259	3
1260	3
1261	1
1262	7
1263	0
1264	2
1265	1
1266	0
1267	6
1268	1
1269	0
1270	3
1271	3
1272	4
1273	3
1274	3
1275	4
1276	4
1277	0
1278	0
1279	0
1280	0
1281	0
1282	0
1283	0
1284	2
1285	1
1286	1,4
1287	3
1288	6
1289	2
1290	0
1291	2
1292	2
1293	5
1294	8
1295	1
1296	1
1297	0
1298	0
1299	2
1300	1
1301	3
1302	0
1303	0
1304	0
1305	1
1306	3
1307	0
1308	2
1309	1
1310	2
1311	1
1312	3
1313	4
1314	1
1315	0
1316	1
1317	2
1318	1
1319	5
1320	8
1321	1
1322	0
1323	0
1324	2
1325	7
1326	6
1327	1
1328	0
1329	1
1330	2
1331	0
1332	1
1333	0
1334	7
1335	3
1336	1
1337	5
1338	2
1339	3
1340	7
1341	1
1342	0
1343	4
1344	1
1345	3
1346	2
1347	2
1348	6
1349	2
1350	0
1351	0
1352	6
1353	0
1354	2
1355	6
1356	2
1357	0
1358	0
1359	1
1360	2
1361	1
1362	0
1363	4,7
1364	3
1365	0,6
1366	3
1367	2
1368	0
1369	0
1370	4
1371	0
1372	1
1373	0
1374	0
1375	0
1376	0
1377	0
1378	3
1379	2
1380	3
1381	0
1382	2
1383	6
1384	0
1385	3
1386	0
1387	3
1388	1
1389	0
1390	3
1391	5
1392	3
1393	6
1394	2
1395	0
1396	1
1397	0
1398	1
1399	0
1400	0
1401	0
1402	8
1403	2
1404	0
1405	1
1406	2
1407	2
1408	1,3
1409	4
1410	4
1411	1
1412	2
1413	1
1414	0
1415	0
1416	3
1417	2
1418	5
1419	0
1420	0
1421	1
1422	1
1423	5
1424	8
1425	0,9
1426	9
1427	9
1428	1
1429	0,4
1430	0
1431	0
1432	2
1433	2
1434	1
1435	1
1436	2,8
1437	0
1438	1,9
1439	1
1440	1
1441	0
1442	0
1443	2
1444	1
1445	2
1446	1,2
1447	3
1448	0
1449	0
1450	1
1451	0
1452	9
1453	1
1454	1
1455	3
1456	0
1457	3
1458	0
1459	0
1460	0
1461	5
1462	0
1463	9
1464	0,4
1465	4
1466	0,5,8
1467	0
1468	0
1469	2
1470	3
1471	1
1472	2
1473	0
1474	1
1475	1
1476	4
1477	1
1478	2
1479	0
1480	6,7
1481	1
1482	2
1483	6
1484	2,8
1485	7
1486	1
1487	1
1488	0,1
1489	2
1490	3
1491	4
1492	1
1493	0
1494	0
1495	0
1496	2
1497	1
1498	0
1499	0,3,5
1500	0
1501	0
1502	2
1503	8
1504	3
1505	7,8
1506	7
1507	1
1508	0
1509	2
1510	1,7
1511	2
1512	1
1513	2
1514	4
1515	1
1516	1,4
1517	1
1518	1,8
1519	1,6
1520	0
1521	6
1522	4
1523	1
1524	3
1525	3
1526	1
1527	0
1528	1
1529	1
1530	1
1531	3
1532	0
1533	8
1534	3
1535	4
1536	0
1537	1
1538	0
1539	0
1540	1
1541	0,6
1542	1
1543	1
1544	5
1545	7
1546	0
1547	1
1548	2
1549	9
1550	1
1551	4
1552	0
1553	3
1554	5
1555	1
1556	1
1557	4
1558	6,7
1559	2
1560	6
1561	0
1562	0
1563	2
1564	2
1565	8
1566	0
1567	6
1568	0
1569	2
1570	5
1571	0
1572	2
1573	2
1574	9
1575	0
1576	3
1577	2
1578	8
1579	2
1580	4
1581	6,8
1582	0
1583	0
1584	2
1585	8
1586	4,7
1587	3
1588	1
1589	3
1590	3
1591	0
1592	0
1593	1
1594	6
1595	0
1596	1
1597	5
1598	1
1599	1
1600	2
1601	1,2
1602	2
1603	0
1604	1
1605	2
1606	2
1607	1
1608	2
1609	2
1610	0
1611	1
1612	1
1613	8
1614	1
1615	1
1616	0
1617	0
1618	2
1619	0
1620	6
1621	3
1622	7
1623	1
1624	0
1625	4
1626	0
1627	1
1628	9
1629	1
1630	0
1631	2,6,7
1632	1
1633	0
1634	3
1635	1
1636	2
1637	0
1638	1
1639	0
1640	2
1641	2
1642	0
1643	1
1644	1
1645	0
1646	1
1647	2
1648	3
1649	0
1650	0
1651	1
1652	0
1653	1,9
1654	2
1655	0
1656	1
1657	0
1658	1
1659	0
1660	0
1661	3
1662	0
1663	1
1664	5
1665	4
1666	0
1667	0
1668	2
1669	9
1670	0
1671	2,4,6
1672	0
1673	2
1674	1
1675	2
1676	1
1677	2,7
1678	0
1679	7
1680	2,3
1681	0
1682	4
1683	2
1684	0
1685	3
1686	1
1687	0
1688	0
1689	0
1690	1
1691	4
1692	3
1693	0
1694	1
1695	1
1696	2
1697	6
1698	0
1699	3,9
1700	1
1701	2
1702	2
1703	0
1704	0
1705	1,9
1706	3
1707	2
1708	1
1709	1
1710	0
1711	0
1712	0
1713	0
1714	2,3
1715	4
1716	7,9
1717	1
1718	5
1719	5
1720	0
1721	1
1722	2
1723	2
1724	3
1725	3,7
1726	7,8
1727	2
1728	3,6,8
1729	1
1730	0
1731	1,5
1732	1
1733	2
1734	0
1735	0
1736	4
1737	0
1738	0
1739	1
1740	5
1741	0
1742	0
1743	5
1744	2
1745	0
1746	3
1747	2
1748	7
1749	0
1750	3
1751	1
1752	2
1753	1
1754	1,9
1755	0
1756	0
1757	6
1758	0
1759	5
1760	7
1761	0
1762	0
1763	0
1764	0
1765	5
1766	4
1767	2
1768	2
1769	0
1770	0
1771	5
1772	3
1773	5
1774	0
1775	0
1776	9
1777	3
1778	5
1779	1
1780	3
1781	2
1782	1
1783	1
1784	4
1785	2
1786	2
1787	4
1788	0
1789	7
1790	0
1791	2
1792	0
1793	0
1794	0
1795	8
1796	1
1797	2
1798	0
1799	0
1800	2,8
1801	0
1802	1
1803	2
1804	0
1805	0
1806	2
1807	0
1808	1
1809	6
1810	5
1811	0
1812	0
1813	5
1814	5
1815	0
1816	4,8,9
1817	0
1818	2
1819	3
1820	2
1821	2
1822	8
1823	2,7,8
1824	0
1825	0
1826	0
1827	6
1828	4
1829	2
1830	1
1831	1
1832	1
1833	3
1834	5
1835	4
1836	1
1837	0
1838	3
1839	2
1840	3
1841	1
1842	0
1843	1
1844	0
1845	0,5
1846	0
1847	0
1848	0
1849	0
1850	2
1851	1
1852	3
1853	4
1854	1
1855	0
1856	0
1857	0
1858	3
1859	3
1860	1,8
1861	5
1862	0
1863	0
1864	4
1865	2
1866	4
1867	2
1868	3
1869	0
1870	0
1871	5
1872	3
1873	2
1874	0
1875	2,7
1876	1
1877	3
1878	5
1879	1
1880	6
1881	2
1882	0
1883	3
1884	0
1885	1
1886	1
1887	1
1888	4
1889	8
1890	7
1891	0
1892	5
1893	3
1894	3
1895	1
1896	1
1897	0
1898	1
1899	3
1900	4
1901	0
1902	0
1903	0
1904	0
1905	0
1906	1
1907	0
1908	1
1909	8
1910	2
1911	5
1912	4
1913	5
1914	3
1915	1
1916	2
1917	1
1918	0
1919	0
1920	7
1921	5
1922	3
1923	8
1924	0
1925	5
1926	4
1927	2
1928	1
1929	6
1930	9
1931	0,5
1932	2
1933	5
1934	0,6
1935	1
1936	0
1937	2
1938	1
1939	0
1940	0
1941	1
1942	1
1943	0
1944	5
1945	1
1946	1
1947	2,7
1948	0
1949	0
1950	7
1951	3
1952	4
1953	2
1954	2
1955	0
1956	0,2
1957	9
1958	4
1959	6
1960	0
1961	0
1962	7
1963	0
1964	2
1965	2
1966	0
1967	2
1968	3
1969	5
1970	3
1971	3
1972	0
1973	3
1974	2
1975	0
1976	4
1977	2
1978	0
1979	1
1980	2
1981	0
1982	1
1983	0
1984	1
1985	5
1986	0
1987	3
1988	9
1989	0
1990	9
1991	0
1992	1
1993	3
1994	2
1995	4
1996	4
1997	3
1998	1
1999	4
2000	0
2001	0
2002	1
2003	4
2004	4
2005	1,6
2006	2
2007	3
2008	3
2009	3
2010	2
2011	1
2012	2
2013	4
2014	2
2015	0
2016	0
2017	1
2018	3,9
2019	4
2020	0
2021	0
2022	0
2023	0
2024	3
2025	5
2026	2
2027	6
2028	0
2029	7
2030	0
2031	3
2032	0
2033	0
2034	7
2035	3
2036	1
2037	1
2038	0
2039	1
2040	6
2041	0
2042	0
2043	8
2044	1
2045	2
2046	3
2047	1
2048	3
2049	0
2050	3
2051	1
2052	1
2053	0
2054	8
2055	1
2056	0
2057	0
2058	3
2059	5
2060	0
2061	5
2062	3
2063	1
2064	2
2065	3
2066	1
2067	2
2068	5
2069	0
2070	0
2071	1
2072	2
2073	2
2074	3
2075	2
2076	0
2077	9
2078	0,4,6
2079	6
2080	3
2081	2
2082	2
2083	6
2084	1
2085	0
2086	1
2087	3
2088	2
2089	0
2090	0
2091	4
2092	5
2093	1
2094	0
2095	0,6
2096	8
2097	3
2098	9
2099	8
2100	5
2101	9
2102	5
2103	2
2104	0
2105	0
2106	0
2107	2
2108	0
2109	0
2110	3
2111	2
2112	8
2113	0
2114	1
2115	9
2116	1
2117	5
2118	4
2119	0
2120	0
2121	0
2122	0
2123	4
2124	2
2125	0
2126	0
2127	3
2128	2
2129	1
2130	1
2131	2
2132	2
2133	1
2134	1
2135	5
2136	2
2137	1
2138	3
2139	4
2140	4
2141	1
2142	3
2143	1
2144	0
2145	0
2146	2
2147	1
2148	1
2149	2
2150	1
2151	5
2152	0
2153	4
2154	0
2155	3
2156	4
2157	4
2158	0
2159	2
2160	5
2161	1
2162	2
2163	6
2164	2
2165	1
2166	1
2167	3
2168	3
2169	1
2170	2
2171	3,7
2172	1
2173	5
2174	0
2175	0
2176	0
2177	1
2178	5
2179	0
2180	2
2181	1
2182	1
2183	0
2184	6
2185	3,9
2186	1
2187	0
2188	4
2189	2
2190	0
2191	3
2192	0
2193	1
2194	7
2195	5
2196	6
2197	0
2198	2
2199	2
2200	2
2201	2
2202	0
2203	0
2204	2
2205	1
2206	3
2207	0
2208	2
2209	3
2210	1
2211	0
2212	2
2213	0
2214	0
2215	3
2216	0
2217	8
2218	2
2219	2
2220	2
2221	3
2222	0
2223	0
2224	4
2225	4,7
2226	7
2227	3
2228	1
2229	3
2230	5
2231	3
2232	4
2233	0
2234	5
2235	0
2236	1
2237	0
2238	4
2239	0
2240	4
2241	0
2242	0
2243	3
2244	1
2245	1
2246	3
2247	3
2248	1
2249	0
2250	2
2251	2
2252	1
2253	3
2254	1
2255	3
2256	0
2257	0
2258	3
2259	2
2260	0
2261	4
2262	2
2263	0
2264	3
2265	0
2266	5,8
2267	2
2268	1
2269	0
2270	0
2271	0
2272	3
2273	5
2274	3
2275	2
2276	2
2277	1,9
2278	1
2279	4
2280	0
2281	8
2282	1
2283	0
2284	2
2285	2
2286	0
2287	3
2288	1
2289	0
2290	2
2291	5
2292	6
2293	0
2294	4
2295	2
2296	0
2297	3
2298	1
2299	2
2300	0
2301	1
2302	6
2303	0
2304	1
2305	0
2306	3
2307	0
2308	2
2309	6
2310	5
2311	2
2312	3
2313	1
2314	8
2315	1
2316	2
2317	1
2318	1
2319	1
2320	0
2321	2
2322	0
2323	8
2324	1
2325	1
2326	1
2327	0
2328	5
2329	1
2330	1
2331	5
2332	1
2333	2
2334	0
2335	2
2336	0
2337	0
2338	1
2339	3
2340	2
2341	3
2342	4
2343	2
2344	1
2345	3
2346	1
2347	2
2348	1
2349	4
2350	3
2351	1,3
2352	7
2353	3
2354	0
2355	4
2356	0
2357	3
2358	3
2359	1
2360	5
2361	2
2362	0
2363	0
2364	2
2365	3
2366	4
2367	1
2368	0
2369	1
2370	3
2371	4,5,6
2372	0
2373	0
2374	3
2375	1
2376	0
2377	2
2378	1
2379	0
2380	0
2381	4
2382	2
2383	3
2384	5
2385	1
2386	6
2387	2
2388	3
2389	0
2390	0
2391	0
2392	5
2393	1
2394	2
2395	3
2396	0
2397	5,8
2398	5
2399	2
2400	0
2401	0
2402	0
2403	0
2404	1
2405	3
2406	3
2407	0
2408	2
2409	2
2410	2
2411	2
2412	6
2413	0
2414	4
2415	5
2416	6
2417	3
2418	2
2419	3
2420	2
2421	5
2422	0
2423	1
2424	0
2425	1
2426	3
2427	4
2428	3
2429	1
2430	0
2431	4
2432	2
2433	4
2434	1
2435	3
2436	2
2437	2
2438	3,9
2439	6
2440	2
2441	2
2442	1
2443	1
2444	3
2445	0
2446	2
2447	2
2448	5
2449	0
2450	1
2451	1
2452	0
2453	4
2454	8
2455	0
2456	5
2457	1
2458	0
2459	3
2460	0
2461	1
2462	1
2463	1
2464	4
2465	1
2466	1
2467	0
2468	2
2469	7
2470	2
2471	3
2472	2
2473	3
2474	0
2475	0
2476	2
2477	0
2478	2
2479	3,9
2480	4
2481	6
2482	9
2483	2
2484	0
2485	2
2486	3
2487	6
2488	0
2489	3
2490	2
2491	3
2492	6
2493	3
2494	2
2495	3
2496	2
2497	3
2498	0
2499	6
2500	1
2501	0
2502	0
2503	3
2504	0
2505	0
2506	0
2507	0
2508	0
2509	0
2510	0
2511	2
2512	7
2513	1
2514	2
2515	0,3,9
2516	3
2517	1
2518	5
2519	2
2520	4
2521	0
2522	0
2523	0
2524	4
2525	1
2526	3
2527	0
2528	3
2529	0
2530	0
2531	4
2532	0
2533	1
2534	1
2535	0
2536	0
2537	2
2538	0
2539	1
2540	2
2541	0
2542	3
2543	7
2544	2
2545	0
2546	2
2547	1
2548	5
2549	0
2550	1
2551	1
2552	5
2553	0
2554	2
2555	4
2556	2
2557	2,8,9
2558	0
2559	0
2560	1
2561	2
2562	0
2563	1
2564	0
2565	3
2566	3
2567	0
2568	7
2569	3
2570	3
2571	8
2572	2
2573	0
2574	0
2575	1
2576	0
2577	9
2578	1
2579	7
2580	2
2581	3
2582	0
2583	3
2584	5
2585	0
2586	0
2587	0
2588	3
2589	0
2590	1
2591	0
2592	3
2593	0
2594	7
2595	0
2596	6
2597	1
2598	0
2599	0
2600	2
2601	4
2602	2,3
2603	1
2604	0
2605	1
2606	2
2607	9
2608	2
2609	5
2610	2
2611	6
2612	1
2613	4
2614	0
2615	1
2616	3
2617	0,1
2618	1
2619	3
2620	8
2621	0
2622	1
2623	0
2624	0
2625	0
2626	1
2627	3
2628	4
2629	2
2630	0
2631	2
2632	6
2633	1
2634	0
2635	0
2636	0
2637	1
2638	7
2639	2
2640	2
2641	1
2642	2
2643	8
2644	1
2645	1
2646	1
2647	2
2648	4
2649	5
2650	3
2651	0
2652	0
2653	3
2654	1
2655	3
2656	2
2657	2
2658	0
2659	6
2660	5,8
2661	0
2662	7
2663	4
2664	3
2665	4
2666	0
2667	2
2668	0
2669	4
2670	6
2671	1
2672	0
2673	2
2674	2
2675	6
2676	0
2677	1
2678	1
2679	2
2680	3
2681	0
2682	6
2683	4
2684	1
2685	2
2686	1
2687	1
2688	1
2689	3
2690	0
2691	0
2692	1
2693	1
2694	0
2695	4
2696	0
2697	0
2698	5
2699	1
2700	1
2701	3
2702	6
2703	1
2704	8
2705	2
2706	0
2707	2
2708	2
2709	2
2710	2
2711	1
2712	0
2713	0
2714	3
2715	1
2716	4
2717	3
2718	3
2719	0
2720	0
2721	0
2722	0
2723	2
2724	2
2725	7
2726	0
2727	1
2728	0
2729	4
2730	1
2731	1
2732	0
2733	5
2734	0
2735	2
2736	0
2737	5
2738	2
2739	0
2740	5
2741	0
2742	4
2743	4
2744	0
2745	3
2746	2
2747	6
2748	2
2749	1
2750	9
2751	6
2752	4
2753	2
2754	0
2755	4
2756	0
2757	9
2758	1
2759	9
2760	2
2761	8
2762	1
2763	0
2764	0
2765	0
2766	2
2767	1
2768	2
2769	2
2770	6
2771	4
2772	0
2773	1
2774	0
2775	1
2776	2
2777	3
2778	3
2779	0
2780	5
2781	0
2782	1
2783	0
2784	6
2785	5
2786	1
2787	5
2788	6,9
2789	2
2790	1
2791	9
2792	1
2793	0,1
2794	1
2795	1
2796	2
2797	0
2798	0,9
2799	9
2800	4
2801	3
2802	2
2803	3
2804	2
2805	2
2806	4
2807	0
2808	0
2809	1
2810	4
2811	0
2812	0
2813	5
2814	3
2815	7
2816	1
2817	1
2818	0
2819	3
2820	5
2821	0
2822	1
2823	4
2824	0
2825	2
2826	0
2827	1
2828	0
2829	2
2830	0
2831	0
2832	6
2833	2
2834	1
2835	0
2836	5
2837	5
2838	1
2839	0
2840	6
2841	1
2842	6
2843	6
2844	0
2845	6
2846	3
2847	0
2848	0,5
2849	3
2850	5
2851	1
2852	1
2853	2
2854	0
2855	1
2856	0
2857	2
2858	3
2859	2
2860	0
2861	3
2862	1
2863	0
2864	1
2865	1
2866	2
2867	1
2868	4
2869	2
2870	1
2871	4,5
2872	0
2873	0
2874	0
2875	0
2876	1
2877	2
2878	1
2879	9
2880	0
2881	0
2882	2
2883	8
2884	7
2885	1
2886	0
2887	3
2888	2
2889	0
2890	1
2891	0
2892	0
2893	0
2894	2
2895	0
2896	4
2897	0
2898	5
2899	3
2900	2
2901	0
2902	5
2903	9
2904	0
2905	4
2906	6
2907	6
2908	3
2909	4
2910	4
2911	0
2912	3
2913	4
2914	2
2915	3
2916	3
2917	2
2918	0
2919	8
2920	0
2921	9
2922	0
2923	2
2924	4
2925	1
2926	2
2927	1
2928	0
2929	1
2930	1
2931	3
2932	0
2933	4
2934	3
2935	1
2936	1
2937	1
2938	3
2939	3
2940	3
2941	6
2942	4
2943	4
2944	7
2945	5
2946	1
2947	2
2948	0
2949	1
2950	3
2951	0
2952	0
2953	0
2954	0
2955	3
2956	0
2957	6
2958	6
2959	3
2960	4
2961	5
2962	3
2963	0
2964	4
2965	1
2966	2
2967	2
2968	1
2969	1
2970	3,4,6
2971	5
2972	1
2973	0
2974	1
2975	3
2976	4
2977	3
2978	0
2979	0
2980	2
2981	3
2982	6
2983	0
2984	0
2985	2
2986	0
2987	1
2988	0
2989	2
2990	4
2991	3
2992	0
2993	3
2994	1
2995	0
2996	2
2997	3
2998	0
2999	0
3000	5
3001	2
3002	0
3003	3
3004	3
3005	0
3006	1
3007	0
3008	3
3009	1
3010	8
3011	1
3012	2
3013	6
3014	0
3015	0
3016	2
3017	1
3018	0
3019	9
3020	6
3021	1
3022	9
3023	1
3024	0
3025	2
3026	3
3027	7
3028	3
3029	5
3030	0
3031	1
3032	0
3033	0
3034	4
3035	2
3036	5
3037	0
3038	2
3039	0
3040	5
3041	0
3042	0
3043	2
3044	5
3045	6
3046	0
3047	0
3048	9
3049	7
3050	2
3051	6
3052	6,8,9
3053	0
3054	2
3055	1
3056	4
3057	1
3058	2
3059	2
3060	3
3061	1
3062	1
3063	0
3064	4
3065	0
3066	1
3067	0
3068	0
3069	1
3070	4
3071	4
3072	5
3073	0
3074	1
3075	2
3076	0
3077	0
3078	6
3079	0
3080	4
3081	2
3082	0
3083	0
3084	1
3085	2
3086	0
3087	0
3088	0
3089	0
3090	2
3091	4
3092	0
3093	1
3094	7
3095	0
3096	2
3097	2
3098	0
3099	4
3100	1
3101	2
3102	1
3103	0
3104	0
3105	0
3106	0
3107	8
3108	4
3109	2
3110	3
3111	4
3112	1
3113	7
3114	3
3115	0
3116	6
3117	0
3118	1
3119	4
3120	3
3121	4
3122	0
3123	0
3124	1
3125	1
3126	0
3127	2
3128	0
3129	1
3130	1
3131	2
3132	5
3133	5,6
3134	1
3135	3
3136	2
3137	4
3138	0
3139	0
3140	1
3141	0
3142	1
3143	0
3144	1
3145	3
3146	0
3147	9
3148	2
3149	6
3150	1
3151	1
3152	2
3153	0
3154	0
3155	1
3156	1
3157	1
3158	2
3159	2
3160	0
3161	1
3162	1
3163	0
3164	3
3165	0
3166	0
3167	2
3168	0
3169	2
3170	1
3171	3
3172	0,9
3173	0
3174	3
3175	5
3176	5,6
3177	2
3178	3
3179	2
3180	4
3181	6
3182	0
3183	3
3184	2
3185	3
3186	0
3187	1
3188	0
3189	0
3190	1
3191	2
3192	0
3193	4
3194	2
3195	0
3196	2
3197	0
3198	6
3199	3
3200	2
3201	0
3202	4
3203	3
3204	0
3205	0,1
3206	0
3207	2
3208	6
3209	1
3210	3
3211	2
3212	1
3213	0
3214	1
3215	1
3216	2
3217	0
3218	3
3219	2
3220	2
3221	2
3222	4
3223	0
3224	1
3225	6
3226	4
3227	2
3228	3
3229	2
3230	2
3231	3
3232	2
3233	2
3234	7
3235	0
3236	2
3237	2
3238	3
3239	0
3240	0
3241	1
3242	1
3243	2
3244	1
3245	2
3246	2
3247	1
3248	1
3249	0
3250	1
3251	1
3252	4
3253	1
3254	8
3255	2
3256	3
3257	1
3258	5
3259	6
3260	0
3261	1,7
3262	0
3263	2
3264	4
3265	3
3266	5
3267	1
3268	3
3269	1
3270	4
3271	4
3272	0
3273	0
3274	0
3275	0
3276	3
3277	2
3278	0
3279	3
3280	3
3281	1
3282	0
3283	0
3284	3
3285	1
3286	2
3287	3
3288	4
3289	1
3290	2
3291	2
3292	0
3293	3
3294	4
3295	1
3296	1
3297	5
3298	6
3299	1
3300	0
3301	3
3302	0
3303	2
3304	2
3305	2
3306	5
3307	0
3308	5
3309	0
3310	3
3311	2
3312	2
3313	0
3314	8
3315	0
3316	1
3317	1
3318	1
3319	0
3320	4
3321	5
3322	1
3323	4
3324	1
3325	0
3326	1
3327	3
3328	4
3329	6
3330	1
3331	4
3332	0
3333	0
3334	6
3335	2
3336	5
3337	1
3338	0
3339	7
3340	4
3341	0
3342	1
3343	0,1,2,3,4,5,7,8,9
3344	0,7,9
3345	1
3346	3
3347	3
3348	2
3349	0
3350	1
3351	2
3352	0
3353	5
3354	0
3355	1
3356	3
3357	1
3358	0
3359	2
3360	4
3361	0
3362	2
3363	1
3364	1
3365	6
3366	1
3367	0
3368	4
3369	2
3370	0
3371	2
3372	1
3373	3
3374	0
3375	2
3376	0
3377	0
3378	0
3379	1
3380	1
3381	0
3382	0
3383	0
3384	5
3385	0
3386	1
3387	5
3388	1
3389	3,4,6,8
3390	0
3391	0
3392	0
3393	2,3,4,5,6,9
3394	0,1,3,4,5,6,7,8,9
3395	1
3396	5
3397	4,5
3398	0,4
3399	0
3400	0
3401	0
3402	0
3403	0
3404	0
3405	2
3406	2
3407	2
3408	2
3409	2
3410	6
3411	6
3412	6
3413	6
3414	6
3415	9
3416	9
3417	9
3418	9
3419	9
3420	8
3421	8
3422	8
3423	8
3424	8
