ATT0(string,10);ATT1(float,10);ATT2(string,10);
aaaa;0.19,0.624,0.0753,0.5,0.0428,0.966,0.803,0.653,0.865,0.645;aaaaaaaa;
aaaaaaaaa;0.298,0.324,0.609,0.485,0.478,0.22,0.392,0.94,0.0457,0.769;a;
aaaaa;0.759,0.357,0.941,0.794,0.81,0.4,0.0259,0.354,0.168,0.158;aaaaaaaa;
aaaaa;0.0636,0.893,0.718,0.841,0.426,0.818,0.491,0.114,0.308,0.118;aaa;
aaaa;0.993,0.37,0.183,0.415,0.0411,0.5,0.629,0.883,0.138,0.478;aaaaaa;
aaaaaaaa;0.626,0.741,0.649,0.429,0.665,0.275,0.234,0.251,0.227,0.793;aaaaaaa;
aaaaaaa;0.166,0.333,0.327,0.137,0.125,0.0929,0.655,0.251,0.297,0.454;aaaaa;
a;0.766,0.026,0.435,0.218,0.267,0.19,0.729,0.788,0.134,0.285;aaaaaa;
aaaa;0.259,0.518,0.456,0.764,0.694,0.223,0.651,0.00816,0.62,0.807;a;
aaaaa;0.881,0.924,0.346,0.416,0.314,0.731,0.0771,0.968,0.583,0.633;aaaaaaaa;
aaaaaaaaaa;0.507,0.936,0.525,0.458,0.498,0.469,0.351,0.971,0.83,0.659;aaaaaa;
aaaa;0.935,0.197,0.483,0.348,0.969,0.42,0.00734,0.914,0.308,0.18;aaaaa;
aaaaaaaaa;0.252,0.719,0.396,0.158,0.357,0.818,0.395,0.314,0.571,0.588;aaaaaaaa;
aaa;0.696,0.766,0.564,0.00717,0.168,0.676,0.159,0.203,0.214,0.932;aaaaaaa;
aaaaa;0.334,0.244,0.408,0.21,0.32,0.0664,0.0485,0.282,0.667,0.311;a;
aaaaaaaa;0.771,0.913,0.731,0.455,0.645,0.64,0.0907,0.613,0.139,0.158;a;
aaaaa;0.245,0.386,0.962,0.962,0.972,0.782,0.708,0.894,0.602,0.786;aaaaa;
aaaaaaa;0.869,0.88,0.202,0.429,0.845,0.444,0.938,0.842,0.195,0.45;aaa;
aaaaa;0.118,0.0377,0.0296,0.32,0.697,0.043,0.902,0.876,0.884,0.855;aa;
aaaaaaaaa;0.706,0.654,0.925,0.858,0.678,0.72,0.45,0.595,0.534,0.831;aaaaaaa;
aaa;0.753,0.571,0.949,0.696,0.362,0.502,0.241,0.185,0.976,0.603;aaaaaaa;
aa;0.451,0.563,0.128,0.431,0.83,0.7,0.174,0.281,0.126,0.507;aaaaa;
a;0.431,0.532,0.99,0.725,0.846,0.701,0.119,0.727,0.263,0.526;aaaaaaaa;
aaaaa;0.634,0.391,0.563,0.196,0.128,0.203,0.298,0.501,0.368,0.457;aa;
aaaaaaaaa;0.93,0.0625,0.0821,0.162,0.747,0.398,0.518,0.865,0.752,0.648;aaaaaa;
aaaaaaaaa;0.982,0.628,0.581,0.936,0.178,0.551,0.412,0.05,0.699,0.944;a;
aaaaaaa;0.166,0.882,0.121,0.572,0.522,0.346,0.277,0.578,0.205,0.93;aaaa;
aaaaaaaa;0.415,0.0276,0.956,0.611,0.415,0.257,0.624,0.404,0.469,0.461;aaa;
aaa;0.665,0.451,0.112,0.146,0.741,0.729,0.894,0.873,0.15,0.983;aaaaaaaa;
aaa;0.639,0.416,0.689,0.864,0.244,0.174,0.538,0.577,0.0552,0.873;a;
aaaaaaa;0.0193,0.759,0.876,0.863,0.521,0.642,0.0677,0.294,0.586,0.64;aaaaaa;
aaaa;0.168,0.088,0.097,0.934,0.816,0.767,0.591,0.233,0.647,0.368;aaaaa;
aaaaaaaaaa;0.777,0.711,0.136,0.251,0.0311,0.288,0.822,0.918,0.922,0.576;a;
aaaaaaaaaa;0.571,0.146,0.111,0.151,0.0573,0.5,0.102,0.0777,0.982,0.21;aaaaaaa;
aaaaaaaaaa;0.281,0.856,0.996,0.923,0.94,0.81,0.795,0.116,0.122,0.745;aa;
aaaaaaaaa;0.43,0.254,0.575,0.257,0.942,0.823,0.411,0.209,0.474,0.146;aaaa;
aaaaaa;0.967,0.773,0.0848,0.327,0.854,0.258,0.908,0.71,0.67,0.235;aaaa;
aaa;0.244,0.464,0.324,0.251,0.757,0.834,0.581,0.965,0.868,0.348;aaaaaa;
aaaaaaaaaa;0.655,0.0644,0.259,0.834,0.913,0.0306,0.692,0.72,0.573,0.0705;aa;
aaaaaaaaaa;0.734,0.525,0.94,0.0478,0.376,0.438,0.781,0.585,0.473,0.566;aaaaaaaaa;
aaaaaaa;0.928,0.974,0.16,0.151,0.157,0.457,0.249,0.166,0.793,0.362;aaaa;
aaaaaa;0.865,0.36,0.736,0.118,0.188,0.119,0.791,0.624,0.417,0.424;aa;
aaa;0.386,0.781,0.14,0.471,0.0291,0.817,0.645,0.208,0.124,0.625;aaaaaa;
aaaaaaaa;0.719,0.259,0.754,0.77,0.836,0.548,0.887,0.564,0.141,0.636;aaaaa;
aaaaa;0.176,0.774,0.0836,0.438,0.903,0.793,0.675,0.637,0.821,0.0055;aaaaa;
aaaaaa;0.532,0.163,0.826,0.569,0.76,0.872,0.0118,0.808,0.588,0.143;aaaaaa;
a;0.785,0.122,0.526,0.246,0.57,0.329,0.428,0.0223,0.783,0.881;aa;
aaaaaaa;0.101,0.98,0.118,0.244,0.868,0.689,0.306,0.472,0.616,0.571;aaaa;
aaaa;0.643,0.0254,0.114,0.506,0.826,0.769,0.637,0.353,0.25,0.204;aaaaaaaaa;
aaaaaa;0.519,0.81,0.206,0.288,0.413,0.859,0.474,0.844,0.889,0.499;aaaaaaa;
aaaaaaa;0.52,0.934,0.99,0.588,0.667,0.336,0.047,0.0809,0.0512,0.185;aaaaaaa;
aaaaaaaaaa;0.817,0.768,0.478,0.753,0.885,0.879,0.771,0.256,0.983,0.646;aaaaaaaaa;
aa;0.0232,0.805,0.368,0.136,0.515,0.576,0.776,0.0963,0.327,0.225;aaaaa;
aa;0.848,0.789,0.658,0.805,0.829,0.292,0.761,0.85,0.724,0.927;aaaaaaaa;
aaaaaaa;0.769,0.0933,0.828,0.703,0.353,0.111,0.291,0.33,0.175,0.934;aaaaa;
aaaaaaaaaa;0.0789,0.156,0.389,0.644,0.168,0.86,0.568,0.18,1,0.0924;aaaaa;
aaaaaaa;0.0703,0.914,0.0523,0.00799,0.851,0.344,0.599,0.448,0.855,0.0641;aaaaa;
aaa;0.934,0.558,0.856,0.999,0.86,0.613,0.57,0.898,0.477,0.645;aa;
a;0.763,0.487,0.858,0.483,0.129,0.988,0.982,0.308,0.649,0.269;aaaaaa;
aaaa;0.516,0.963,0.622,0.458,0.575,0.658,0.9,0.927,0.137,0.553;aaaaaa;
aaaaaa;0.791,0.838,0.931,0.922,0.62,0.471,0.17,0.627,0.317,0.681;aa;
aaaaaaaa;0.763,0.905,0.623,0.409,0.116,0.0683,0.511,0.245,0.0859,0.466;a;
aaaaaaaa;0.654,0.039,0.822,0.249,0.477,0.375,0.367,0.0137,0.117,0.404;aaaaa;
aaaaaaaaa;0.692,0.992,0.801,0.598,0.19,0.627,0.585,0.873,0.75,0.571;aaaaaaaa;
aaaaaaaaaa;0.5,0.839,0.124,0.811,0.867,0.0678,0.196,0.881,0.174,0.812;aaaaaaaaaa;
aaaaaaaa;0.936,0.235,0.00579,0.414,0.493,0.39,0.576,0.412,0.536,0.429;aaa;
aaaaaa;0.756,0.844,0.441,0.189,0.269,0.228,0.566,0.643,0.454,0.271;aaaaa;
aa;0.771,0.256,0.217,0.52,0.335,0.752,0.311,0.234,0.559,0.19;aaaaaaa;
aaaaaaa;0.503,0.252,0.175,0.863,0.469,0.648,0.204,0.729,0.481,0.0148;aaaaaaa;
aa;0.391,0.121,0.182,0.661,0.923,0.963,0.0706,0.773,0.677,0.366;aa;
aaaa;0.861,0.344,0.679,0.464,0.96,0.365,0.337,0.082,0.651,0.261;aaaa;
a;0.518,0.297,0.526,0.42,0.888,0.945,0.653,0.937,0.212,0.385;aa;
a;0.199,0.877,0.624,0.551,0.405,0.97,0.388,0.216,0.211,0.325;aaaaaaa;
aaaaaaaa;0.538,0.309,0.727,0.585,0.128,0.59,0.308,0.927,0.0267,0.868;aaaaaaaa;
aaaaaaa;0.257,0.901,0.791,0.0545,0.665,0.401,0.893,0.836,0.792,0.984;aaaa;
aaaaaaaa;0.731,0.782,0.792,0.339,0.713,0.965,0.819,0.336,0.573,0.0902;a;
a;0.254,0.167,0.182,0.0146,0.979,0.82,0.0901,0.989,0.989,0.524;aaaaaaaaaa;
aaaaaaaa;0.201,0.94,0.185,0.244,0.361,0.935,0.653,0.797,0.874,0.752;aaa;
aaaaaaa;0.745,0.733,0.194,0.874,0.714,0.291,0.0682,0.48,0.272,0.885;aaaaa;
aaa;0.16,0.0647,0.166,0.421,0.13,0.853,0.966,0.811,0.844,0.9;aaaa;
aaaaaaaaa;0.965,0.693,0.388,0.291,0.741,0.181,0.14,0.875,0.218,0.835;aaa;
aaaa;0.645,0.835,0.0549,0.458,0.107,0.449,0.939,0.899,0.838,0.103;aaaa;
aaaaaaaaaa;0.105,0.484,0.852,0.105,0.491,0.174,0.258,0.934,0.879,0.703;aaa;
aaaa;0.342,0.35,0.545,0.936,0.944,0.21,0.432,0.503,0.442,0.8;aaa;
aaaaaaaa;0.875,0.0519,0.476,0.189,0.14,0.426,0.431,0.851,0.439,0.792;aaaaaaaaa;
a;0.167,0.659,0.0385,0.0893,0.139,0.734,0.612,0.708,0.473,0.389;aaaaaaa;
aa;0.566,0.798,0.65,0.774,0.256,0.533,0.398,0.877,0.397,0.989;aaaaaa;
aaaa;0.784,0.425,0.41,0.47,0.385,0.0274,0.791,0.267,0.871,0.889;aaa;
aaaaa;0.546,0.782,0.767,0.935,0.218,0.419,0.796,0.351,0.589,0.403;aaaaa;
aaaaaaaaa;0.0483,0.944,0.637,0.392,0.426,0.191,0.646,0.871,0.284,0.0606;a;
aaaaaa;0.222,0.486,0.11,0.327,0.0224,0.854,0.328,0.67,0.775,0.111;aaaaaaaaaa;
aaaa;0.623,0.126,0.335,0.0361,0.605,0.0556,0.767,0.41,0.587,0.0713;aaaaaaaaa;
aa;0.493,0.431,0.521,0.2,0.0862,0.0609,0.427,0.819,0.83,0.693;aaaaaaaa;
aaaaaaaa;0.201,0.67,0.175,0.019,0.065,0.699,0.859,0.756,0.526,0.671;aaaaa;
aaaaaaa;0.761,0.931,0.722,0.748,0.184,0.304,0.526,0.747,0.339,0.752;aaaaaaaaaa;
a;0.37,0.0671,0.922,0.357,0.521,0.994,0.549,0.217,0.573,0.0372;aaaaa;
aaaaaaaaaa;0.666,0.731,0.444,0.864,0.881,0.9,0.997,0.437,0.396,0.166;aaaaaaaa;
aaaaaaa;0.9,0.22,0.936,0.843,0.362,0.0329,0.497,0.257,0.0275,0.96;a;
aaaaaaa;0.322,0.205,0.672,0.453,0.491,0.351,0.353,0.32,0.569,0.355;aaaaaaaa;
aaaaaa;0.159,0.256,0.634,0.639,0.924,0.0842,0.101,0.699,0.378,0.771;aaaaaaaaa;
aaaaaaaaaa;0.711,0.432,0.779,0.139,0.249,0.694,0.304,0.209,0.415,0.393;aaaaaaaa;
aaaaaaaaa;0.543,0.294,0.819,0.742,0.839,0.456,0.528,0.344,0.333,0.223;aaaa;
aa;0.817,0.328,0.00819,0.342,0.261,0.292,0.000578,0.146,0.526,0.896;aaaaaaaaaa;
aaa;0.129,0.352,0.656,0.911,0.0765,0.165,0.86,0.536,0.471,0.488;a;
aaaaaaaaa;0.722,0.547,0.772,0.908,0.666,0.541,0.203,0.0124,0.932,0.0875;aaaaaaaa;
aaa;0.467,0.181,0.988,0.437,0.257,0.908,0.286,0.294,0.693,0.285;aa;
aaa;0.342,0.0598,0.387,0.663,0.343,0.544,0.28,0.0552,0.81,0.764;aaaaaaaaaa;
aaaa;0.494,0.831,0.284,0.397,0.716,0.137,0.104,0.202,0.793,0.2;a;
aaaaaaaa;0.743,0.801,0.23,0.165,0.654,0.266,0.785,0.928,0.0565,0.897;aaa;
aa;0.957,0.986,0.748,0.933,0.907,0.662,0.391,0.722,0.399,0.334;aaaa;
aaaaaaaaaa;0.784,0.739,0.337,0.452,0.149,0.731,0.251,0.158,0.932,0.277;aaaaaa;
aa;0.42,0.613,0.603,0.835,0.682,0.976,0.363,0.0754,0.421,0.101;aaaaaaaa;
aaaaaa;0.762,0.0148,0.677,0.982,0.409,0.302,0.362,0.569,0.0782,0.624;a;
aa;0.867,0.607,0.208,0.106,0.589,0.584,0.0252,0.823,0.967,0.881;aaaaaaaaaa;
aaaaaa;0.511,0.678,0.37,0.674,0.537,0.103,0.712,0.778,0.364,0.814;aaaaaaaa;
aaaaaa;0.647,0.795,0.584,0.69,0.304,0.957,0.527,0.695,0.0897,0.259;aaa;
aaaaaaaa;0.0173,0.936,0.0793,0.469,0.489,0.413,0.292,0.828,0.284,0.25;aaaaaaaaaa;
aaaaa;0.237,0.989,0.367,0.882,0.63,0.696,0.54,0.685,0.5,0.702;aaaaaaaaa;
aaaaaaaaa;0.00936,0.348,0.419,0.59,0.489,0.738,0.684,0.643,0.0749,0.335;aaaaaaaa;
aaaaaa;0.302,0.858,0.848,0.333,0.848,0.0339,0.723,0.868,0.601,0.367;a;
aaaaaaaaa;0.311,0.16,0.444,0.274,0.307,0.231,0.862,0.38,0.995,0.916;aaaaaaa;
aaaaaaaa;0.105,0.728,0.0461,0.357,0.588,0.338,0.264,0.203,0.545,0.879;aa;
aaaaa;0.0741,0.41,0.282,0.518,0.261,0.879,0.762,0.557,0.325,0.437;a;
a;0.0416,0.0588,0.221,0.523,0.454,0.26,0.701,0.94,0.742,0.459;aaaaaaaaa;
a;0.0766,0.642,0.424,0.936,0.274,0.37,0.81,0.0133,0.224,0.147;aaaaaaaa;
aaa;0.672,0.255,0.285,0.109,0.114,0.0176,0.616,0.381,0.497,0.383;aaaaaaa;
a;0.668,0.203,0.4,0.557,0.354,0.289,0.739,0.281,0.112,0.809;aa;
aaa;0.697,0.664,0.857,0.454,0.94,0.957,0.715,0.405,0.31,0.52;aaaaaaaaa;
aa;0.738,0.182,0.133,0.275,0.697,0.849,0.96,0.925,0.297,0.149;aaaaaaaaaa;
aaaaaaa;0.144,0.793,0.852,0.815,0.612,0.363,0.0347,0.0561,0.582,0.46;aaaaaaaaaa;
aaaaaaaaa;0.0396,0.776,0.953,0.601,0.336,0.936,0.0295,0.55,0.463,0.101;aaaaaaa;
aaaaaa;0.331,0.858,0.777,0.0684,0.39,0.346,0.48,0.815,0.793,0.127;aaaaaaaa;
aaaaaaaaa;0.887,0.141,0.31,0.00755,0.63,0.647,0.676,0.799,0.634,0.293;a;
aaaaaaaaaa;0.00358,0.0147,0.198,0.43,0.675,0.772,0.524,0.656,0.7,0.195;aaaaaaaaaa;
aaaaa;0.61,0.99,0.0569,0.328,0.306,0.945,0.687,0.25,0.81,0.89;aaaaaaa;
aaaaaaaa;0.126,0.655,0.793,0.317,0.0553,0.0292,0.65,0.953,0.577,0.269;aaaaa;
aaaaaaaa;0.627,0.718,0.743,0.00424,0.635,0.267,0.616,0.96,0.937,0.259;aa;
aaaaaaaaaa;0.233,0.397,0.822,0.515,0.174,0.793,0.688,0.637,0.869,0.0754;aaaaaaa;
a;0.559,0.431,0.202,0.887,0.0553,0.911,0.729,0.171,0.281,0.528;a;
a;0.896,0.698,0.274,0.381,0.457,0.0396,0.436,0.625,0.881,0.664;aaaa;
aaaaaaaaaa;0.438,0.868,0.829,0.633,0.047,0.55,0.116,0.233,0.933,0.763;aaaaa;
aaaaa;0.254,0.579,0.0643,0.514,0.977,0.00468,0.692,0.152,0.812,0.78;aa;
aaaaaaaa;0.936,0.37,0.363,0.575,0.372,0.0605,0.533,0.0792,0.255,0.0596;aaaaaaa;
aaaaaa;0.0909,0.705,0.938,0.649,0.395,0.503,0.365,0.78,0.113,0.638;a;
aaaaaaaa;0.661,0.591,0.429,0.95,0.463,0.852,0.947,0.835,0.815,0.644;aaaaaaa;
aaaa;0.0599,0.57,0.369,0.967,0.68,0.919,0.534,0.195,0.384,0.733;aaaaaaa;
aa;0.473,0.37,0.607,0.627,0.299,0.784,0.00734,0.157,0.968,0.983;a;
aaaaaaaaaa;0.0423,0.786,0.208,0.928,0.563,0.23,0.948,0.54,0.427,0.69;aaaaa;
aaaaaaaaaa;0.171,0.427,0.896,0.821,0.688,0.517,0.991,0.0988,0.299,0.626;a;
aaaaa;0.977,0.58,0.953,0.907,0.704,0.0183,0.205,0.494,0.718,0.809;aaaaaaaaaa;
aaa;0.0268,0.719,0.919,0.949,0.544,0.381,0.154,0.809,0.0252,0.789;aaaaa;
aaaa;0.882,0.514,0.748,0.601,0.666,0.671,0.572,0.909,0.326,0.611;aaaaa;
aaa;0.484,0.992,0.928,0.352,0.842,0.0361,0.952,0.814,0.486,0.768;aaaaaaaaaa;
aaa;0.126,0.269,0.0148,0.53,0.129,0.824,0.118,0.737,0.0796,0.419;aaaaaaa;
a;0.381,0.0263,0.459,0.632,0.596,0.449,0.296,0.783,0.84,0.774;aaaaaaaaa;
a;0.636,0.57,0.0428,0.585,0.411,0.213,0.813,0.134,0.153,0.853;aaaaaaaaa;
aaaaa;0.766,0.516,0.365,0.448,0.313,0.184,0.517,0.833,0.272,0.914;aaaaa;
aa;0.267,0.399,0.949,0.67,0.919,0.636,0.945,0.144,0.963,0.0426;aaaaaa;
aaa;0.193,0.177,0.347,0.66,0.645,0.884,0.615,0.307,0.379,0.864;aaa;
aaaaa;0.884,0.458,0.428,0.599,0.0128,0.111,0.425,0.01,0.465,0.096;aaaaaaaaaa;
aaaaa;0.429,0.653,0.252,0.752,0.692,0.592,0.984,0.377,0.341,0.48;aaaaa;
aaaaa;0.224,0.646,0.815,0.000217,0.634,0.484,0.159,0.147,0.357,0.0526;aaaaaaaa;
aa;0.562,0.316,0.362,0.387,0.681,0.919,0.0192,0.282,0.652,0.146;aaa;
aaaaaaa;0.975,0.0481,0.206,0.696,0.0628,0.00872,0.843,0.735,0.524,0.779;aaaaa;
aaa;0.234,0.172,0.529,0.116,0.642,0.182,0.541,0.192,0.364,0.438;aaaaaaa;
aaaaaa;0.309,0.771,0.463,0.432,0.493,0.656,0.905,0.597,0.0302,0.257;aaaaaaaaa;
aaaaaaaaaa;0.166,0.853,0.96,0.448,0.309,0.0772,0.951,0.824,0.104,0.175;aaaaaaa;
aaaaaaa;0.526,0.313,0.0932,0.623,0.0882,0.126,0.908,0.555,0.169,0.62;aaaa;
aa;0.102,0.717,0.31,0.471,0.554,0.361,0.388,0.748,0.821,0.0259;aaaaaa;
a;0.996,0.748,0.0585,0.218,0.741,0.158,0.158,0.241,0.661,0.635;aaaa;
aaaaa;0.948,0.517,0.101,0.752,0.879,0.457,0.247,0.39,0.953,0.0413;aaa;
aaa;0.334,0.315,0.102,0.403,0.502,0.331,0.652,0.578,0.417,0.314;aaaaaaaa;
a;0.784,0.86,0.576,0.64,0.894,0.312,0.666,0.64,0.809,0.446;aaaaaa;
aaaaaa;0.153,0.975,0.165,0.8,0.374,0.853,0.00874,0.571,0.471,0.622;aaaaaaaaaa;
aaaaa;0.684,0.0818,0.299,0.451,0.629,0.573,0.451,0.508,0.479,0.00869;aaaaa;
aaaaa;0.0836,0.185,0.695,0.668,0.849,0.392,0.203,0.698,0.968,0.553;aa;
aaa;0.903,0.301,0.239,0.162,0.233,0.66,0.958,0.477,0.2,0.165;aaaaaaa;
aaaa;0.167,0.753,0.48,0.931,0.908,0.9,0.85,0.145,0.185,0.218;aaaaaaa;
aaaa;0.242,0.137,0.903,0.551,0.781,0.88,0.0372,0.793,0.529,0.0972;aaa;
aa;0.837,0.0557,0.495,0.707,0.128,0.942,0.91,0.369,0.579,0.963;aaaa;
aaaa;0.514,0.413,0.256,0.979,0.537,0.892,0.109,0.694,0.772,0.148;aa;
aaaa;0.188,0.696,0.904,0.981,0.964,0.24,0.971,0.832,0.304,0.104;aaaaaaaa;
aaaaaaa;0.0822,0.434,0.701,0.176,0.191,0.406,0.294,0.916,0.789,0.545;aaaaaaaa;
aa;0.783,0.974,0.526,0.512,0.0309,0.177,0.647,0.96,0.0901,0.915;aaaaaa;
aaaaaaaa;0.00594,0.214,0.2,0.393,0.00627,0.54,0.358,0.155,0.693,0.726;a;
aaaa;0.993,0.563,0.22,0.787,0.613,0.905,0.353,0.146,0.611,0.743;aaaaaaaaa;
aa;0.595,0.562,0.45,0.00701,0.6,0.607,0.357,0.928,0.188,0.44;aaaaaaa;
aaaaaaaaa;0.896,0.146,0.551,0.476,0.732,0.514,0.475,0.701,0.0571,0.243;aaa;
aaaaaa;0.0645,0.167,0.0353,0.493,0.827,0.577,0.556,0.203,0.613,0.584;aaaaaaa;
aaaaaaaaa;0.273,0.53,0.515,0.476,0.152,0.179,0.424,0.322,0.335,0.85;aaaaaaaaaa;
a;0.974,0.229,0.413,0.752,0.857,0.768,0.828,0.363,0.112,0.0568;aaaa;
aaaaaaaaa;0.656,0.654,0.164,0.908,0.366,0.499,0.00978,0.741,0.478,0.774;aaaaaa;
aaaaaaaaaa;0.443,0.879,0.704,0.288,0.0246,0.316,0.258,0.0651,0.64,0.759;a;
a;0.826,0.0752,0.979,0.814,0.169,0.859,0.824,0.15,0.114,0.613;aaaaaaa;
aaa;0.837,0.187,0.174,0.943,0.772,0.899,0.974,0.285,0.921,0.786;aaa;
aaaaaaaaaa;0.859,0.565,0.212,0.827,0.489,0.623,0.921,0.395,0.881,0.833;aaaaaaaaa;
aaaa;0.898,0.105,0.533,0.601,0.768,0.231,0.851,0.264,0.691,0.196;aaaaaaa;
aaaa;0.935,0.111,0.814,0.78,0.342,0.287,0.509,0.956,0.368,0.902;aaaaaaa;
aa;0.514,0.605,0.0511,0.701,0.000928,0.717,0.797,0.737,0.839,0.35;aaaaa;
aaaaaaa;0.764,0.285,0.602,0.734,0.808,0.62,0.358,0.561,0.627,0.298;aaaaaaa;
a;0.784,0.722,0.705,0.0843,0.447,0.984,0.981,0.456,0.467,0.285;a;
aaaaaaaaa;0.288,0.197,0.679,0.408,0.0696,0.883,0.702,0.714,0.147,0.98;a;
aaaaa;0.864,0.134,0.181,0.395,0.00989,0.0585,0.659,0.801,0.699,0.597;aaaaaaaaa;
aaaaa;0.45,0.235,0.183,0.984,0.698,0.156,0.275,0.806,0.726,0.109;a;
aaaaaaaaa;0.0671,0.944,0.226,0.121,0.972,0.703,0.289,0.236,0.656,0.253;aaa;
aaaaa;0.211,0.743,0.18,0.72,0.764,0.69,0.0921,0.588,0.629,0.836;aaaaa;
aaaaaa;0.942,0.283,0.213,0.415,0.94,0.393,0.172,0.194,0.0982,0.638;aaaaa;
aaa;0.328,0.198,0.793,0.252,0.495,0.548,0.407,0.813,0.0165,0.704;aaaaaaaa;
aaaaaa;0.755,0.74,0.768,0.871,0.345,0.345,2.89e-06,0.0108,0.275,0.586;aaaaa;
aaaaa;0.36,0.815,0.993,0.0774,0.169,0.976,0.672,0.51,0.257,0.177;aaaaaa;
aaaaa;0.223,0.803,0.856,0.871,0.197,0.259,0.117,0.604,0.108,0.671;aaaaaaa;
aaaaa;0.387,0.965,0.158,0.894,0.43,0.801,0.205,0.662,0.645,0.993;aaaa;
aaaaaaaa;0.535,0.871,0.598,0.197,0.153,0.228,0.648,0.357,0.126,0.575;aaaa;
aaaaaaaa;0.87,0.182,0.855,0.448,0.655,0.615,0.17,0.498,0.892,0.467;aaaaaa;
aaaaaaaaa;0.423,0.0718,0.265,0.6,0.559,0.714,0.66,0.699,0.541,0.971;aaaa;
aaaaaa;0.31,0.4,0.292,0.6,0.0375,0.521,0.398,0.254,0.0486,0.544;aaaa;
aa;0.823,0.0238,0.417,0.0213,0.523,0.172,0.263,0.349,0.0467,0.284;aaaaa;
aaaaaaa;0.425,0.805,0.618,0.61,0.339,0.465,0.765,0.155,0.49,0.411;aaaaaaa;
aaaaaaaaa;0.535,0.0889,0.322,0.226,0.455,0.769,0.388,0.348,0.485,0.46;a;
aaaaaa;0.339,0.596,0.867,0.686,0.157,0.256,0.0713,0.56,0.907,0.87;aaaa;
aaaaaaaa;0.591,0.0898,0.989,0.467,0.0243,0.457,0.378,0.196,0.319,0.117;aaaaaaaa;
aaaaaaaaaa;0.462,0.568,0.129,0.392,0.762,0.557,0.559,0.06,0.958,0.903;aaaa;
aaaa;0.37,0.651,0.508,0.66,0.906,0.886,0.374,0.491,0.0656,0.368;aaaaaaaaa;
aaaaaaaaa;0.36,0.89,0.988,0.0844,0.0327,0.838,0.702,0.586,0.311,0.146;aaa;
aa;0.639,0.295,0.0576,0.939,0.111,0.193,0.499,0.514,0.575,0.492;aaaaa;
aaaaaaaa;0.264,0.422,0.205,0.52,0.864,0.0302,0.0935,0.0677,0.694,0.825;aaaa;
aaaaaa;0.16,0.833,0.925,0.901,0.239,0.989,0.193,0.558,0.811,0.331;aaaaaa;
aaa;0.119,0.262,0.78,0.721,0.306,0.119,0.859,0.431,0.483,0.43;aaaaaaaaaa;
aaaaa;0.836,0.671,0.448,0.598,0.235,0.809,0.957,0.068,0.495,0.151;a;
aaaaaaaa;0.595,0.124,0.154,0.886,0.767,0.248,0.177,0.0338,0.549,0.558;aa;
aaaaaaaaa;0.791,0.493,0.268,0.403,0.705,0.0167,0.713,0.92,0.891,0.923;aa;
aaaaaa;0.359,0.436,0.526,0.0349,0.083,0.191,0.904,0.399,0.476,0.599;aaaaaaa;
aaaaaaaaaa;0.694,0.527,0.166,0.132,0.513,0.64,0.62,0.735,0.519,0.113;aaaaaaaa;
aaaaaaaaaa;0.325,0.895,0.245,0.197,0.0973,0.972,0.504,0.448,0.194,0.614;aaaaaaaaa;
aaaaaa;0.306,0.246,0.57,0.765,0.00845,0.427,0.948,0.729,0.462,0.0969;aa;
aaaaaaaaaa;0.493,0.655,0.772,0.464,0.293,0.476,0.774,0.885,0.275,0.0796;a;
aaaaaaaaa;0.85,0.931,0.969,0.595,0.605,0.125,0.856,0.159,0.406,0.105;aa;
aa;0.327,0.0311,0.794,0.652,0.322,0.304,0.63,0.535,0.437,0.559;aaaa;
aaaaaaaaa;0.891,0.0278,0.838,0.339,0.719,0.224,0.873,0.545,0.739,0.952;aaaaaaa;
aaa;0.112,0.667,0.628,0.74,0.334,0.893,0.988,0.531,0.381,0.177;a;
aaaaaaa;0.327,0.649,0.397,0.688,0.337,0.333,0.0508,0.28,0.802,0.828;aaaaaaaa;
aaa;0.784,0.486,0.512,0.883,0.88,0.157,0.956,0.283,0.482,0.955;a;
aaaa;0.128,0.235,0.155,0.856,0.456,0.619,0.0199,0.605,0.809,0.747;aaaaaaaaa;
a;0.173,0.134,0.582,0.0871,0.556,0.135,0.304,0.392,0.517,0.412;a;
aa;0.676,0.796,0.524,0.258,0.801,0.835,0.968,0.611,0.843,0.708;aa;
aaaaaaaaaa;0.9,0.09,0.941,0.3,0.0496,0.807,0.716,0.579,0.329,0.264;aaa;
aaaaa;0.754,0.794,0.964,0.627,0.298,0.936,0.189,0.715,0.768,0.293;aaaaaa;
aaaaaaaaaa;0.94,0.191,0.751,0.181,0.598,0.00229,0.991,0.188,0.83,0.334;aaaaaa;
aaaaaaaaaa;0.038,0.695,0.843,0.705,0.694,0.41,0.941,0.408,0.0681,0.835;a;
aaaaaa;0.626,0.928,0.428,0.537,0.135,0.221,0.452,0.711,0.868,0.164;aaaaa;
aaaaaaa;0.642,0.428,0.345,0.0173,0.793,0.973,0.995,0.758,0.048,0.401;aaaaa;
aaaaaaa;0.627,0.582,0.734,0.12,0.711,0.209,0.431,0.0819,0.692,0.137;aaaaaaaaa;
aaa;0.253,0.152,0.598,0.633,0.294,0.152,0.12,0.915,0.362,0.86;aaaa;
aaaaaaaaa;0.0924,0.0693,0.594,0.343,0.968,0.498,0.143,0.8,0.62,0.89;a;
aaaaaaa;0.438,0.273,0.494,0.252,0.131,0.029,0.138,0.565,0.377,0.649;aaaaa;
aaaaaaaaa;0.6,0.25,0.882,0.981,0.571,0.0514,0.332,0.856,0.496,0.0938;aaaaaa;
aaaaa;0.482,0.521,0.116,0.0239,0.256,0.568,0.718,0.391,0.906,0.0719;aaaaaaaaa;
aaaaaaa;0.503,0.391,0.133,0.614,0.0311,0.585,0.208,0.949,0.974,0.578;a;
aaa;0.236,0.486,0.186,0.618,0.0648,0.187,0.0457,0.27,0.968,0.463;aaaaaaa;
aa;0.485,0.689,0.607,0.521,0.764,0.294,0.104,0.581,0.5,0.97;aaaaa;
aaaaa;0.0293,0.366,0.451,0.0788,0.932,0.584,0.438,0.427,0.736,0.101;aa;
aaaaaaaa;0.695,0.097,0.971,0.136,0.326,0.341,0.651,0.611,0.564,0.888;aaaaaaaaa;
aaaaaaaa;0.425,0.874,0.58,0.0747,0.795,0.826,0.135,0.035,0.373,0.07;aaaaaaaa;
aaaaaaa;0.801,0.358,0.192,0.0547,0.256,0.836,0.047,0.0258,0.23,0.469;aaa;
aaaaa;0.343,0.361,0.996,0.0948,0.89,0.372,0.177,0.984,0.465,0.375;aaaaa;
aaa;0.378,0.337,0.286,0.129,0.502,0.429,0.944,0.611,0.34,0.872;aaaaaaaa;
aa;0.515,0.196,0.00739,0.576,0.724,0.535,0.752,0.737,0.944,0.348;aaaaaaa;
aaaaaaa;0.699,0.304,0.279,0.484,0.439,0.5,0.987,0.324,0.453,0.395;aaaaaaaaaa;
aaa;0.559,0.147,0.888,0.835,0.139,0.043,0.574,0.909,0.707,0.654;aaaaaaaaa;
aaaaaaa;0.816,0.531,0.245,0.42,0.68,0.764,0.965,0.662,0.756,0.528;aaaaa;
aaa;0.68,0.239,0.462,0.96,0.00849,0.471,0.24,0.91,0.0131,0.925;aaaaaa;
aaaaa;0.728,0.838,0.341,0.198,0.721,0.247,0.397,0.699,0.83,0.644;aaaaa;
aaaaaaaa;0.447,0.571,0.648,0.881,0.138,0.612,0.886,0.258,0.852,0.153;a;
aaaaa;0.887,0.643,0.488,0.21,0.284,0.173,0.272,0.0592,0.768,0.969;aaaaaaaaaa;
aaaaaa;0.526,0.0447,0.814,0.276,0.396,0.736,0.751,0.326,0.585,0.877;aaa;
aaaa;0.657,0.63,0.612,0.38,0.833,0.876,0.32,0.813,0.633,0.867;aaaaaaaaaa;
a;0.237,0.0704,0.379,0.365,0.648,0.161,0.839,0.233,0.0682,0.591;aaa;
aaaaaaa;0.109,0.199,0.572,0.665,0.59,0.255,0.993,0.237,0.0751,0.126;aaaaaaaa;
aaaa;0.24,0.0984,0.278,0.925,0.415,0.515,0.627,0.876,0.835,0.766;aaaaaaaaaa;
aaaaaaaaaa;0.761,0.414,0.281,0.897,0.312,0.51,0.426,0.538,0.969,0.721;aaaaaaaa;
aaaaaaaaaa;0.581,0.844,0.546,0.936,0.819,0.627,0.856,0.855,0.926,0.293;aaaaaaaaaa;
aaaaaaaaaa;0.504,0.625,0.305,0.948,0.194,0.0807,0.325,0.883,0.175,0.875;aaa;
aaaaaa;0.0543,0.681,0.755,0.484,0.563,0.923,0.844,0.668,0.133,0.782;a;
aaaaaaaa;0.118,0.461,0.668,0.475,0.0046,0.956,0.095,0.589,0.788,0.965;aa;
aaaaa;0.267,0.91,0.455,0.484,0.0105,0.217,0.959,0.266,0.712,0.126;aaaaaaaa;
aaaaaaa;0.0641,0.592,0.25,0.704,0.481,0.58,0.753,0.213,0.36,0.244;aaaaaaaaaa;
aa;0.32,0.764,0.238,0.0474,0.266,0.211,0.772,0.416,0.517,0.0545;aaaaaa;
aaaaa;0.33,0.527,0.421,0.499,0.778,0.00993,0.674,0.674,0.537,0.123;aaaaaaaa;
aaaaaa;0.79,0.0888,0.752,0.0519,0.615,0.819,0.154,0.209,0.0677,0.812;aaaaaaa;
aaaaa;0.0933,0.67,0.696,0.476,0.211,0.0443,0.871,0.818,0.133,0.773;aaaaaaa;
aaaa;0.632,0.689,0.456,0.0346,0.0302,0.292,0.131,0.663,0.36,0.445;aaaaaaaaaa;
aa;0.9,0.76,0.224,0.431,0.207,0.194,0.856,0.626,0.0428,0.426;aaaaa;
aaaaaaaa;0.992,0.497,0.233,0.476,0.224,0.178,0.712,0.332,0.552,0.679;aaaaaaaaa;
aaaaa;0.754,0.0322,0.242,0.22,0.958,0.0645,0.0818,0.867,0.358,0.426;aaaaaaa;
aa;0.882,0.95,0.246,0.158,0.293,0.471,0.0178,0.497,0.372,0.953;aaaaaaaaaa;
aaaaaaa;0.836,0.224,0.817,0.496,0.904,0.753,0.916,0.485,0.327,0.886;aaaaaa;
aaaaaaaa;0.444,0.881,0.162,0.605,0.129,0.35,0.905,0.137,0.323,0.116;aaaaaaaaaa;
aaaaaaaa;0.605,0.315,0.857,0.33,0.819,0.00759,0.744,0.271,0.447,0.229;aaaaa;
aaaaaaaa;0.196,0.48,0.901,0.197,0.00867,0.831,0.116,0.103,0.136,0.323;aaaaaaaaaa;
aaaaaaaa;0.559,0.519,0.876,0.498,0.395,0.579,0.72,0.00702,0.307,0.499;a;
aaaaaa;0.159,0.31,0.146,0.729,0.975,0.11,0.765,0.105,0.531,0.105;aaaaaaa;
aaaaaa;0.413,0.634,0.0397,0.423,0.686,0.472,0.246,0.805,0.822,0.114;aaaa;
aaaaaaaaaa;0.345,0.254,0.795,0.617,0.892,0.647,0.183,0.963,0.712,0.599;aa;
aaaaaa;0.373,0.256,0.152,0.603,0.652,0.455,0.124,0.417,0.463,0.309;a;
aaaaaaaaa;0.0732,0.971,0.673,0.744,0.933,0.155,0.223,0.732,0.472,0.626;aaaaaaaaaa;
aaaaaa;0.811,0.314,0.606,0.75,0.0295,0.973,0.725,0.935,0.117,0.459;aaaaaaaaaa;
aaaa;0.309,0.667,0.347,0.157,0.296,0.286,0.863,0.466,0.189,0.559;aaaaaaaa;
aa;0.271,0.575,0.379,0.177,0.511,0.754,0.036,0.764,0.917,0.759;aaaa;
aaa;0.047,0.0892,0.796,0.702,0.331,0.746,0.23,0.672,0.402,0.00702;aaaaaaaaa;
a;0.931,0.011,0.518,0.485,0.287,0.575,0.485,0.773,0.919,0.155;aaaaa;
aaaa;0.115,0.0105,0.0813,0.459,0.573,0.439,0.8,0.0697,0.47,0.709;aaaaaaa;
aa;0.434,0.196,0.254,0.319,0.216,0.945,0.254,0.507,0.0146,0.201;aaaa;
aaaa;0.509,0.0554,0.848,0.881,0.428,0.749,0.53,0.69,0.51,0.177;a;
aa;0.218,0.702,0.523,0.614,0.0896,0.0906,0.336,0.0466,0.7,0.728;aaaaaaaa;
aaaa;0.915,0.718,0.892,0.279,0.359,0.861,0.775,0.8,0.767,0.892;aaaaa;
aaaaaaa;0.955,0.499,0.414,0.0377,0.488,0.901,0.85,0.103,0.428,0.828;a;
aaaaaa;0.863,0.609,0.305,0.357,0.711,0.823,0.34,0.76,0.0658,0.429;aaaa;
aa;0.132,0.4,0.568,0.913,0.056,0.702,0.71,0.072,0.64,0.141;aaaaaaaa;
aaaaaaaa;0.947,0.713,0.186,0.763,0.938,0.25,0.725,0.0483,0.664,0.708;aaaaaa;
aaaaaaa;0.891,0.349,0.787,0.63,0.775,0.574,0.252,0.237,0.946,0.427;a;
aaaaaaaaa;0.861,0.659,0.875,0.794,0.439,0.282,0.878,0.41,0.245,0.652;aaaaaaaaa;
aaaa;0.346,0.982,0.951,0.187,0.684,0.85,0.412,0.801,0.948,0.157;aa;
aaaaaaa;0.29,0.872,0.584,0.00551,0.929,0.561,0.59,0.14,0.478,0.045;aaaaa;
a;0.877,0.909,0.98,0.758,0.141,0.792,0.851,0.306,0.756,0.923;aaaa;
aaa;0.718,0.56,0.82,0.809,0.99,0.542,0.176,0.526,0.872,0.35;aaaaa;
aa;0.676,0.572,0.746,0.0676,0.237,0.416,0.505,0.879,0.00784,0.0539;aaaaaaaaa;
aa;0.743,0.161,0.657,0.266,0.244,0.0991,0.384,0.817,0.506,0.811;aaaaaaaa;
a;0.814,0.544,0.523,0.193,0.271,0.725,0.905,0.276,0.902,0.682;aa;
aaaa;0.642,0.66,0.147,0.736,0.452,0.641,0.241,0.443,0.935,0.701;aaaaaaaaaa;
aaaaaaa;0.419,0.89,0.974,0.445,0.376,0.818,0.364,0.369,0.329,0.42;aaaa;
aa;0.552,0.292,0.736,0.431,0.154,0.52,0.125,0.262,0.254,0.358;aaa;
aaaa;0.907,0.441,0.891,0.745,0.788,0.155,0.727,0.163,0.781,0.947;a;
aaaaaaaaaa;0.177,0.498,0.326,0.416,0.82,0.974,0.418,0.757,0.995,0.744;aaaaaaa;
aaaaaaaaaa;0.355,0.584,0.417,0.962,0.0936,0.447,0.76,0.136,0.429,0.33;aaaaaaaaa;
aaa;0.497,0.191,0.155,0.462,0.679,0.343,0.639,0.0824,0.684,0.901;aaa;
aaaaaaaa;0.567,0.111,0.443,0.509,0.791,0.813,0.258,0.915,0.47,0.00625;aaa;
aaaaa;0.0995,0.74,0.914,0.78,0.395,0.0544,0.924,0.776,0.929,0.533;aaaaaaaaaa;
aa;0.798,0.293,0.831,0.722,0.992,0.849,0.577,0.767,0.958,0.362;aaaa;
aa;0.302,0.651,0.22,0.0406,0.592,0.974,0.699,0.793,0.697,0.0207;aaaaaaaa;
aaaaaa;0.825,0.871,0.306,0.0838,0.422,0.528,0.129,0.0568,0.84,0.317;aaa;
aa;0.709,0.517,0.372,0.973,0.183,0.888,0.93,0.298,0.686,0.398;aaa;
a;0.605,0.734,0.985,0.00201,0.613,0.13,0.345,0.213,0.878,0.128;aaaaaaaaaa;
aaaaaa;0.475,0.679,0.766,0.119,0.782,0.147,0.838,0.12,0.445,0.696;aaaaaa;
aaaaaaaaa;0.246,0.613,0.39,0.443,0.306,0.322,0.428,0.113,0.581,0.936;aa;
aaaaaaaaa;0.375,0.113,0.959,0.278,0.69,0.37,0.33,0.989,0.18,0.0628;aaaaa;
aaaaa;0.26,0.322,0.757,0.709,0.606,0.113,0.953,0.428,0.0576,0.42;aaaaaaa;
aaaaaaa;0.999,0.592,0.709,0.606,0.419,0.815,0.294,0.102,0.724,0.156;a;
aaaaaaaa;0.383,0.109,0.81,0.247,0.93,0.544,0.887,0.748,0.251,0.812;aaaa;
aaaaa;0.162,0.643,0.147,0.503,0.0562,0.392,0.255,0.557,0.273,0.436;aaaaaa;
aaaaaa;0.152,0.699,0.904,0.862,0.673,0.613,0.366,0.682,0.047,0.76;aaaaaaaa;
aaaaaaaa;0.85,0.964,0.451,0.927,0.972,0.409,0.332,0.548,0.993,0.736;aaaaaaa;
a;0.535,0.829,0.581,0.493,0.0427,0.474,0.441,0.11,0.345,0.575;aaaaaaaaaa;
aaa;0.156,0.988,0.124,0.65,0.644,0.683,0.115,0.777,0.345,0.532;aaaaaa;
aaaaaa;0.539,0.828,0.588,0.565,0.687,0.869,0.405,0.419,0.336,0.731;a;
aaaaaaa;0.886,0.878,0.453,0.965,0.271,0.399,0.1,0.997,0.14,0.851;aaaaaaa;
a;0.0707,0.0907,0.587,0.361,0.598,0.677,0.667,0.317,0.137,0.278;aa;
aaaaaaaaa;0.135,0.157,0.971,0.497,0.0228,0.525,0.864,0.324,0.0748,0.457;a;
aaaaaaaaa;0.947,0.947,0.69,0.674,0.356,0.508,0.0951,0.991,0.0184,0.287;aaa;
aaaaaaaaaa;0.673,0.464,0.824,0.000622,0.18,0.0161,0.49,0.943,0.566,0.092;aaaaaaaa;
aaaaaaa;0.876,0.923,0.782,0.26,0.356,0.656,0.836,0.0167,0.78,0.567;aaaa;
aaaaa;0.652,0.272,0.312,0.464,0.296,0.0128,0.852,0.955,0.35,0.0701;aaaaaa;
aaaaaaaa;0.456,0.722,0.209,0.662,0.405,0.121,0.738,0.272,0.628,0.816;aa;
a;0.163,0.472,0.935,0.898,0.774,0.104,0.194,0.337,0.465,0.973;aaaaa;
aaaaaaaaaa;0.822,0.424,0.048,0.71,0.729,0.949,0.364,0.647,0.793,0.91;aaaaaaaa;
aaaaaaaaa;0.943,0.11,0.0741,0.952,0.667,0.0295,0.903,0.134,0.825,0.0418;aaa;
aaaa;0.524,0.921,0.941,0.649,0.716,0.58,0.51,0.997,0.224,0.129;aa;
aaaaaaaaa;0.62,0.0253,0.58,0.216,0.648,0.573,0.368,0.663,0.755,0.836;aaaaaaa;
a;0.0693,0.6,0.351,0.129,0.535,0.367,0.842,0.956,0.646,0.269;aaaaaaaa;
aaaaaaaaaa;0.603,0.266,0.749,0.247,0.676,0.0568,0.692,0.993,0.619,0.59;aa;
aaaaaaa;0.275,0.348,0.77,0.695,0.211,0.179,0.229,0.12,0.108,0.525;aaa;
aaaaa;0.232,0.983,0.802,0.935,0.65,0.225,0.113,0.0409,0.955,0.718;aaaaaaa;
aaaa;0.946,0.855,0.627,0.439,0.218,0.914,0.276,0.87,0.954,0.233;aaa;
aaaaaa;0.711,0.151,0.673,0.514,0.732,0.156,0.607,0.611,0.297,0.506;a;
aaaa;0.194,0.0982,0.277,0.493,0.892,0.7,0.46,0.832,0.104,0.844;aaaaaaaaa;
aaaaaaaaa;0.334,0.193,0.0538,0.893,0.507,0.54,0.0389,0.864,0.322,0.333;aaaaaaaaaa;
aaaaaaaaa;0.329,0.104,0.431,0.00649,0.419,0.425,0.623,0.378,0.69,0.00815;aaaa;
aaaaaaaa;0.0514,0.313,0.875,0.748,0.131,0.837,0.729,0.781,0.692,0.185;aaaaaaaaa;
aaaaaaaaa;0.888,0.197,0.567,0.325,0.988,0.23,0.319,0.906,0.766,0.959;aaaaaaaaa;
aaaaaaa;0.21,0.686,0.808,0.746,0.19,0.427,0.992,0.794,0.994,0.237;aaaaa;
aaaaaaaaa;0.715,0.0344,0.834,0.551,0.696,0.354,0.819,0.243,0.694,0.977;a;
aaa;0.683,0.448,0.752,0.707,0.378,0.477,0.662,0.507,0.119,0.354;aaaaaa;
aaaaaaaaaa;0.76,0.908,0.657,0.519,0.581,0.395,0.825,0.633,0.805,0.364;aaaaaaa;
aaa;0.292,0.925,0.974,0.467,0.59,0.73,0.259,0.678,0.138,0.586;aaaa;
aaaaaaaaa;0.301,0.378,0.698,0.85,0.667,0.807,0.708,0.913,0.415,0.188;aaaaaaaaaa;
a;0.617,0.337,0.574,0.242,0.0982,0.599,0.371,0.842,0.226,0.206;aaaa;
aaaaa;0.351,0.929,0.991,0.881,0.725,0.0898,0.0573,0.811,0.189,0.951;aaa;
aaaaaaaa;0.92,0.00523,0.706,0.274,0.867,0.515,0.108,0.55,0.633,0.212;aaaaa;
aaaaaaaa;0.162,0.926,0.493,0.00228,0.794,0.987,0.697,0.686,0.567,0.337;aaaa;
aaaaaaaaa;0.0296,0.251,0.387,0.866,0.0488,0.174,0.469,0.293,0.224,0.217;aaaa;
aaaaaaaa;0.935,0.908,0.354,0.84,0.709,0.536,0.141,0.424,0.0565,0.917;aaaaaaaaa;
aaaaaaaaaa;0.917,0.703,0.676,0.994,0.768,0.863,0.192,0.822,0.591,0.247;aaa;
aaa;0.522,0.845,0.622,0.696,0.136,0.0644,0.132,0.84,0.86,0.963;aaaaa;
aaaaaa;0.575,0.77,0.518,0.725,0.764,0.409,0.00995,0.819,0.243,0.577;aaaaaaaaa;
aaaaa;0.351,0.644,0.0619,0.856,0.938,0.954,0.146,0.584,0.0257,0.37;aa;
aaaaaa;0.985,0.532,0.946,0.442,0.954,0.51,0.276,0.594,0.00161,0.543;aaaaaaa;
aaaaa;0.656,0.0285,0.356,0.181,0.641,0.111,0.0611,0.749,0.331,0.66;a;
aaaaaaaaaa;0.847,0.992,0.744,0.835,0.0491,0.0536,0.611,0.408,0.406,0.987;aaaaa;
aaaaaaa;0.641,0.756,0.576,0.358,0.341,0.931,0.808,0.681,0.468,0.439;aaaaaaa;
aaaaaaaaaa;0.942,0.226,0.176,0.934,0.344,0.432,0.58,0.684,0.406,0.297;aaaaaa;
aaaaaaa;0.282,0.591,0.778,0.69,0.303,0.397,0.53,0.49,0.747,0.591;aaaaaaaaaa;
a;0.0885,0.571,0.719,0.97,0.217,0.436,0.062,0.139,0.226,0.133;aaaaaaa;
aaa;0.902,0.803,0.683,0.428,0.139,0.925,0.645,0.0527,0.189,0.00696;aaaaaaaaa;
aaaaaaaaa;0.829,0.822,0.604,0.926,0.474,0.0878,0.349,0.0664,0.719,0.744;aa;
aaaaaaa;0.327,0.47,0.424,0.41,0.576,0.00519,0.33,0.622,0.566,0.19;aaa;
aaa;0.717,0.784,0.443,0.538,0.0171,0.295,0.521,0.0761,0.115,0.594;aaaaa;
aaaaaa;0.614,0.344,0.475,0.472,0.64,0.642,0.377,0.895,0.675,0.149;aaaaaa;
aaaaaaaa;0.628,0.47,0.249,0.88,0.749,0.209,0.535,0.889,0.525,0.141;aaaaa;
aaaaaaa;0.666,0.565,0.807,0.609,0.33,0.474,0.768,0.0213,0.531,0.787;aaa;
aaaaaa;0.185,0.271,0.289,0.467,0.279,0.798,0.784,0.365,0.0598,0.46;aaaaaaaaaa;
aaaaaa;0.226,0.122,0.709,0.355,0.592,0.471,0.713,0.343,0.653,0.854;aaaaaaaaa;
a;0.601,0.634,0.474,0.208,0.457,0.213,0.44,0.0983,0.676,0.529;aaaaaaaaa;
aaaaa;0.723,0.434,0.291,0.259,0.18,0.0199,0.306,0.996,0.0851,0.158;aaaaaaaaa;
aaaaa;0.216,0.595,0.361,0.44,0.7,0.733,0.781,0.99,0.034,0.609;aa;
aaaaaaaaaa;0.228,0.186,0.521,0.815,0.502,0.318,0.0667,0.5,0.527,0.275;aa;
aaaaaaaaa;0.774,0.65,0.137,0.282,0.361,0.5,0.811,0.799,0.441,0.183;aaaaa;
aaaaaaa;0.225,0.535,0.998,0.0394,0.0547,0.539,0.651,0.583,0.0768,0.337;aa;
aaaaaaaaa;0.0983,0.521,0.382,0.264,0.172,0.483,0.561,0.409,0.58,0.115;aaaaaaaa;
aa;0.348,0.489,0.831,0.987,0.745,0.846,0.476,0.375,0.0758,0.0443;aaaaa;
aaaaaa;0.254,0.191,0.504,0.889,0.263,0.136,0.432,0.251,0.175,0.812;aa;
aa;0.58,0.0186,0.515,0.59,0.303,0.712,0.0143,0.868,0.00918,0.95;aaaaaa;
aaa;0.521,0.974,0.42,0.807,0.919,0.992,0.605,0.436,0.591,0.995;aaaaa;
aaaaaaa;0.127,0.622,0.535,0.436,0.441,0.451,0.594,0.895,0.0723,0.161;aaaaaaaaaa;
aaaaa;0.504,0.853,0.163,0.567,0.133,0.52,0.63,0.261,0.649,0.165;aa;
aaaaaaaa;0.731,0.366,0.811,0.273,0.401,0.33,0.912,0.325,0.952,0.839;aaaaaaaaa;
aaaaaaaa;0.392,0.402,0.887,0.162,0.696,0.415,0.407,0.517,0.366,0.0836;aaaaaaaa;
aaaaaaa;0.223,0.255,0.49,0.941,0.978,0.858,0.00461,0.701,0.452,0.564;aaaaaaaa;
aaaaa;0.227,0.64,0.903,0.0423,0.81,0.664,0.93,0.548,0.824,0.427;aaaaaaaaaa;
aa;0.889,0.963,0.568,0.00415,0.334,0.492,0.00693,0.48,0.776,0.885;aaaa;
aaaaaaaaa;0.862,0.569,0.405,0.972,0.594,0.827,0.408,0.748,0.938,0.0232;aaaaaaaaaa;
aaaaaaaaa;0.711,0.895,0.0404,0.879,0.186,0.946,0.0819,0.596,0.907,0.0249;aaaaaaa;
aaaaaaa;0.459,0.176,0.563,0.861,0.922,0.582,0.732,0.897,0.165,0.393;aaaaaa;
aaaaaa;0.585,0.722,0.368,0.606,0.756,0.791,0.73,0.0689,0.17,0.875;aaaaaaa;
aa;0.53,0.212,0.721,0.294,0.482,0.0404,0.0745,0.061,0.163,0.0396;aa;
aaaaaaaa;0.707,0.409,0.416,0.744,0.717,0.255,0.97,0.995,0.316,0.135;a;
aaaaaa;0.587,0.164,0.116,0.435,0.93,0.286,0.276,0.392,0.982,0.37;aaaa;
a;0.944,0.0768,0.291,0.234,0.0248,0.406,0.29,0.949,0.479,0.307;aaa;
aaaaaaa;0.489,0.64,0.0308,0.705,0.0707,0.523,0.59,0.105,0.907,0.96;a;
aaa;0.0862,0.35,0.86,0.734,0.949,0.16,0.0722,0.608,0.817,0.19;aaaa;
aaaaaaaaa;0.288,0.924,0.186,0.356,0.243,0.843,0.0414,0.448,0.945,0.677;aaaaaaaaaa;
aaaaaaa;0.228,0.333,0.643,0.33,0.174,0.752,0.171,0.096,0.118,0.642;aaaaaaa;
aaaaa;0.668,0.847,0.179,0.449,0.286,0.441,0.117,0.451,0.576,0.0191;aaaaaaa;
aa;0.247,0.128,0.707,0.0862,0.539,0.697,0.323,0.391,0.132,0.782;aaaaaaa;
a;0.211,0.935,0.0911,0.568,0.987,0.561,0.37,0.723,0.46,0.0268;aaaa;
aaaa;0.26,0.511,0.676,0.909,0.838,0.219,0.822,0.277,0.3,0.332;aa;
aaaaaaaa;0.45,0.326,0.861,0.543,0.547,0.411,0.156,0.507,0.0817,0.203;aaaaaa;
aaa;0.105,0.164,0.339,0.0755,0.871,0.38,0.431,0.102,0.907,0.494;aa;
aa;0.106,0.787,0.699,0.32,0.565,0.803,0.683,0.144,0.433,0.157;aaaaaaaaaa;
aaaa;0.311,0.424,0.138,0.386,0.29,0.175,0.191,0.029,0.0662,0.789;aaaa;
aaaaaa;0.0339,0.403,0.198,0.499,0.000724,0.365,0.6,0.266,0.0683,0.821;aaaaaaaa;
aa;0.33,0.128,0.443,0.253,0.483,0.521,0.435,0.0519,0.838,0.0767;aaaa;
aa;0.754,0.782,0.0675,0.00564,0.633,0.0154,0.456,0.661,0.323,0.313;aaaaa;
aaa;0.33,0.0596,0.581,0.00923,0.444,0.284,0.236,0.251,0.434,0.199;aaaaa;
aaaaaaaaa;0.196,0.182,0.494,0.622,0.0707,0.689,0.899,0.744,0.69,0.499;aaaaaaa;
aa;0.504,0.998,0.456,0.419,0.621,0.577,0.407,0.137,0.288,0.291;aaaaa;
aaaaaaaaa;0.715,0.752,0.595,0.496,0.196,0.149,0.0401,0.483,0.763,0.959;aaa;
aaaaaaaaa;0.397,0.16,0.18,0.944,0.687,0.751,0.0404,0.65,0.989,0.155;aaaaaaaaa;
aaaaaaaaaa;0.186,0.461,0.436,0.594,0.795,0.931,0.594,0.324,0.73,0.323;aaaaaaa;
aaa;0.963,0.851,0.304,0.0934,0.174,0.64,0.93,0.678,0.0213,0.0613;aa;
aa;0.947,0.195,0.935,0.394,0.482,0.95,0.0155,0.194,0.181,0.901;aaaaa;
aaaaaaaa;0.445,0.395,0.15,0.721,0.614,0.716,0.66,0.822,0.0684,0.6;aaaaa;
aaaaaaaaa;0.767,0.97,0.354,0.259,0.604,0.0493,0.0989,0.861,0.944,0.144;aaaaaaaa;
aaa;0.359,0.828,0.599,0.542,0.976,0.105,0.291,0.17,0.828,0.907;aaa;
aaaaa;0.124,0.796,0.125,0.545,0.619,0.574,0.85,0.397,0.524,0.35;a;
aa;0.0788,0.957,0.961,0.631,0.973,0.87,0.925,0.0337,0.696,0.236;aaaaa;
aa;0.347,0.805,0.483,0.0906,0.91,0.629,0.448,0.343,0.107,0.615;aaaaaa;
aa;0.847,0.0187,0.591,0.709,0.592,0.887,0.269,0.0374,0.537,0.41;aaaaa;
aaaaaaaa;0.0221,0.167,0.991,0.786,0.608,0.224,0.266,0.612,0.844,0.0116;aa;
a;0.682,0.219,0.629,0.21,0.728,0.0326,0.765,0.651,0.82,0.77;aaaaaaaaaa;
aa;0.334,0.0838,0.188,0.853,0.0995,0.923,0.577,0.663,0.341,0.333;aaaaa;
aaaaaaaa;0.799,0.969,0.404,0.547,0.871,0.597,0.94,0.401,0.802,0.588;aaaaa;
aaaaaa;0.442,0.00872,0.92,0.181,0.558,0.516,0.0925,0.429,0.149,0.197;aaaaaaaa;
aaaa;0.584,0.179,0.779,0.0241,0.733,0.765,0.907,0.987,0.174,0.246;aaaaaaaaa;
aaaa;0.0152,0.194,0.0354,0.159,0.926,0.471,0.726,0.0124,0.377,0.365;aaaaaaa;
aaaaaaa;0.958,0.29,0.99,0.614,0.559,0.193,0.356,0.954,0.413,0.881;aa;
aaaaaaaa;0.874,0.0641,0.804,0.107,0.606,0.935,0.875,0.826,0.29,0.858;aaaaaaaaa;
aaaaaaa;0.318,0.847,0.506,0.127,0.428,0.43,0.863,0.916,0.0516,0.272;aaaaaaaaa;
aaaaaaaa;0.91,0.915,0.688,0.971,0.757,0.417,0.389,0.555,0.33,0.295;aaaaaaa;
aaaaa;0.154,0.685,0.924,0.35,0.374,0.23,0.694,0.619,0.169,0.0235;aaaaaaa;
aaaaa;0.37,0.831,0.947,0.346,0.583,0.505,0.0119,0.606,0.0353,0.644;aaaaa;
aaaaaa;0.125,0.664,0.207,0.623,0.223,0.148,0.313,0.181,0.934,0.579;aaaaaaaa;
a;0.203,0.247,0.542,0.944,0.456,1,0.67,0.0728,0.365,0.0198;aaaaa;
aaaaa;0.98,0.879,0.167,0.692,0.895,0.202,0.676,0.517,0.228,0.748;aaaaaaaa;
aaaaa;0.677,0.557,0.46,0.0823,0.711,0.18,0.527,0.888,0.817,0.221;aaaaaa;
aaaaaaaa;0.394,0.303,0.00731,0.83,0.643,0.403,0.237,0.853,0.146,0.707;aaa;
a;0.628,0.932,0.228,0.305,0.608,0.823,0.45,0.508,0.222,0.647;aaaaaaa;
aaaaa;0.985,0.197,0.385,0.965,0.159,0.368,0.0726,0.865,0.525,0.622;aaaaaaaa;
aaaaaaaaa;0.413,0.207,0.258,0.492,0.998,0.613,0.121,0.386,0.969,0.383;aaaaaaaaa;
aaaaaaa;0.407,0.329,0.137,0.144,0.609,0.786,0.692,0.392,0.593,0.0603;aaaaaaaaaa;
aaaa;0.754,0.256,0.633,0.415,0.249,0.967,0.183,0.312,0.227,0.731;aaaaaaaaaa;
a;0.831,0.446,0.715,0.824,0.0545,0.326,0.356,0.65,0.38,0.417;aa;
aa;0.0889,0.712,0.219,0.781,0.283,0.26,0.0552,0.304,0.629,0.497;aa;
aaaaaaaaaa;0.297,0.255,0.43,0.728,0.384,0.701,0.651,0.083,0.734,0.317;aa;
aa;0.0581,0.56,0.38,0.38,0.0279,0.742,0.461,0.544,0.768,0.395;aaaaaaaaaa;
aaaaa;0.816,0.528,0.693,0.0734,0.131,0.0523,0.343,0.541,0.722,0.893;aaaaa;
aaaaaa;0.547,0.864,0.447,0.653,0.318,0.619,0.899,0.99,0.291,0.812;aaaaa;
aaaa;0.806,0.799,0.971,0.092,0.674,0.294,0.759,0.398,0.399,0.428;aaaaaaaaa;
aaaaaaaaaa;0.847,0.145,0.684,0.615,0.265,0.208,0.00483,0.481,0.161,0.48;aaaaaaa;
a;0.914,0.93,0.376,0.445,0.178,0.958,0.514,0.752,0.643,0.0977;aaaaa;
aaa;0.805,0.119,0.844,0.762,0.412,0.266,0.573,0.438,0.475,0.556;a;
aaaa;0.134,0.705,0.406,0.981,0.517,0.679,0.838,0.145,0.88,0.18;aaa;
aaaaaaaa;0.251,0.322,0.581,0.612,0.673,0.0281,0.155,0.467,0.693,0.775;aaaaaa;
aa;0.379,0.523,0.878,0.399,0.0266,0.246,0.828,0.102,0.29,0.241;aaaaaaaa;
aaaaaaaaa;0.432,0.238,0.0494,0.018,0.663,0.803,0.529,0.239,0.771,0.727;aaaaaaa;
aaaaaaaaa;0.319,0.217,0.315,0.869,0.284,0.163,0.543,0.158,0.0122,0.962;a;
aaaaaaaaaa;0.987,0.385,0.845,0.315,0.976,0.949,0.112,0.279,0.808,0.0908;aaaaaaaaa;
a;0.135,0.226,0.0383,0.203,0.291,0.724,0.598,0.838,0.465,0.0743;aaaa;
aaaaaaaaa;0.0947,0.419,0.329,0.882,0.25,0.735,0.148,0.382,0.11,0.692;aa;
aaaaa;0.491,0.542,0.379,0.896,0.0339,0.8,0.258,0.611,0.344,0.622;aa;
aaaaaaaa;0.911,0.964,0.816,0.976,0.0448,0.578,0.57,0.642,0.111,0.587;aaaaaaa;
aaaa;0.476,0.717,0.101,0.00704,0.9,0.192,0.231,0.485,0.184,0.823;aaa;
aaaaa;0.45,0.651,0.218,0.672,0.611,0.552,0.447,0.0834,0.437,0.0407;aa;
aaaaaa;0.613,0.293,0.632,0.539,0.865,0.772,0.69,0.241,0.529,0.569;a;
aaaaa;0.707,0.542,0.131,0.67,0.522,0.00138,0.0615,0.0741,0.102,0.485;aaaaaaaaaa;
aaaaaaa;0.644,0.303,0.846,0.795,0.708,0.806,0.619,0.978,0.842,0.294;aaaaaa;
aaaaaaaa;0.699,0.372,0.741,0.208,0.771,0.235,0.79,0.451,0.105,0.214;aaaaaaaaa;
aaaaaaa;0.267,0.106,0.986,0.984,0.93,0.23,0.218,0.676,0.507,0.334;aaaaaaaa;
aaaa;0.844,0.595,0.454,0.171,0.358,0.000966,0.936,0.799,0.215,0.729;aaaaaaaaa;
aaa;0.0649,0.86,0.677,0.988,0.389,0.338,0.954,0.67,0.657,0.775;aa;
aaaaa;0.939,0.263,0.737,0.176,0.544,0.349,0.0295,0.683,0.964,0.0371;aaaa;
aaaaa;0.246,0.767,0.582,0.109,0.252,0.569,0.693,0.335,0.16,0.779;aaa;
aaaaa;0.676,0.905,0.761,0.808,0.581,0.342,0.152,0.531,0.563,0.0946;aaaaa;
aaaaaaaaa;0.872,0.192,0.381,0.794,0.639,0.422,0.907,0.498,0.939,0.64;aa;
aaaaa;0.651,0.99,0.263,0.639,0.954,0.851,0.951,0.688,0.57,0.658;aaaaa;
aaaaaaaaaa;0.345,0.908,0.952,0.168,0.468,0.713,0.943,0.138,0.177,0.0964;aaaaaa;
aaaaa;0.796,0.512,0.312,0.0672,0.416,0.339,0.911,0.225,0.222,0.0646;aaa;
aaaaaaaaa;0.441,0.132,0.873,0.731,0.375,0.348,0.304,0.0736,0.149,0.743;aa;
aaa;0.0995,0.69,0.961,0.118,0.472,0.145,0.678,0.159,0.527,0.468;aaaaa;
aa;0.813,0.855,0.3,0.032,0.67,0.894,0.434,0.265,0.445,0.625;aaaaa;
aaaa;0.812,0.0535,0.172,0.0908,0.372,0.939,0.816,0.233,0.943,0.344;aaaaaaa;
aaa;0.831,0.853,0.286,0.946,0.773,0.207,0.813,0.137,0.256,0.114;aaaaaaaaaa;
aaaaaaaaaa;0.47,0.227,0.274,0.0881,0.574,0.0344,0.846,0.841,0.758,0.368;aaaaaa;
aaaaaaaaaa;0.415,0.77,0.323,0.982,0.945,0.964,0.242,0.214,0.379,0.475;a;
aaaaaaa;0.729,0.93,0.00935,0.813,0.728,0.122,0.699,0.595,0.861,0.0969;aaaaaa;
aa;0.57,0.866,0.137,0.0453,0.762,0.626,0.89,0.3,0.492,0.0548;aaaaaaaaaa;
aaa;0.536,0.928,0.511,0.16,0.541,0.0748,0.849,0.376,0.523,0.237;aaaaa;
aaa;0.802,0.288,0.589,0.0714,0.0747,0.0513,0.312,0.165,0.544,0.822;aa;
aaaa;0.938,0.958,0.464,0.0663,0.689,0.604,0.738,0.376,0.192,0.287;aaaaaaa;
aaaaaaaaaa;0.145,0.0108,0.612,0.577,0.714,0.693,0.583,0.897,0.0529,0.913;aaaaaaaaa;
aaaaaaaaaa;0.299,0.242,0.00264,0.627,0.445,0.272,0.872,0.591,0.204,0.958;aaaaaaaaaa;
aaaaaaa;0.989,0.469,0.526,0.922,0.476,0.329,0.72,0.883,0.54,0.963;a;
aaaaaaaaa;0.5,0.206,0.497,0.312,0.632,0.318,0.109,0.125,0.292,0.941;aa;
aaaaaaaa;0.534,0.468,0.833,0.255,0.46,0.91,0.993,0.312,0.667,0.93;aa;
aaaa;0.77,0.666,0.816,0.086,0.684,0.178,0.75,0.998,0.477,0.27;aaaaaaa;
aaaaaaa;0.862,0.593,0.123,0.481,0.691,0.0338,0.214,0.467,0.186,0.394;a;
aa;0.0967,0.805,0.67,0.692,0.842,0.276,0.991,0.00201,0.414,0.816;aaaa;
a;0.158,0.297,0.142,0.943,0.752,0.998,0.775,0.231,0.335,0.372;aa;
aaaaaaaa;0.781,0.123,0.879,0.677,0.63,0.503,0.711,0.0218,0.0302,0.586;aa;
aaaaaaa;0.391,0.13,0.858,0.149,0.845,0.736,0.972,0.896,0.331,0.893;a;
aa;0.212,0.136,0.599,0.275,0.121,0.427,0.615,0.805,0.368,0.36;aaaaaaaaaa;
a;0.174,0.73,0.0432,0.763,0.624,0.192,0.899,0.335,0.67,0.599;aaaaaaaaaa;
aaaaaaaaa;0.749,0.322,0.629,0.561,0.634,0.482,0.838,0.989,0.235,0.0608;aaaaaaaaaa;
aa;0.478,0.244,0.774,0.612,0.864,0.168,0.157,0.785,0.552,0.89;aaaaaaaaa;
aaaaaaaa;0.27,0.984,0.441,0.967,0.287,0.765,0.5,0.59,0.342,0.147;aaaaaaaa;
aaaaaa;0.926,0.381,0.858,0.0108,0.598,0.188,0.665,0.968,0.291,0.431;aaaa;
aaaaaaa;0.841,0.573,0.474,0.0686,0.636,0.19,0.276,0.38,0.0472,0.617;aaaaa;
aa;0.2,0.93,0.718,0.586,0.672,0.331,0.887,0.823,0.0532,0.157;aaaaa;
aaaa;0.209,0.138,0.951,0.319,0.184,0.246,0.0622,0.974,0.509,0.657;aa;
aaaaaaaaaa;0.644,0.605,0.717,0.644,0.642,0.0287,0.121,0.6,0.385,0.955;aaaaa;
aaa;0.559,0.857,0.872,0.405,0.226,0.861,0.137,0.993,0.807,0.28;aaaa;
aa;0.417,0.939,0.519,0.19,0.175,0.587,0.438,0.148,0.455,0.682;aaaaaaaaa;
aaaaa;0.423,0.398,0.0784,0.355,0.844,0.931,0.361,0.67,0.456,0.0872;a;
aa;0.736,0.974,0.0832,0.239,0.481,0.342,0.536,0.772,0.653,0.556;aaaaaa;
aaaaa;0.904,0.618,0.722,0.603,0.643,0.965,0.129,0.231,0.353,0.344;aaaaaaaa;
aaa;0.265,0.23,0.734,0.504,0.896,0.0908,0.469,0.642,0.802,0.253;aaaaaaaa;
aaaaa;0.881,0.173,0.917,0.884,0.256,0.419,0.919,0.452,0.665,0.139;aaa;
a;0.798,0.91,0.911,0.368,0.653,0.225,0.0691,0.31,0.675,0.816;aaaaaaa;
a;0.151,0.137,0.688,0.755,0.661,0.242,0.74,0.45,0.393,0.501;aaa;
aaaaaaaaaa;0.108,0.0463,0.41,0.799,0.0362,0.514,0.863,0.327,0.383,0.728;aaaaaaaaaa;
aaaaaaaaaa;0.173,0.366,0.0922,0.54,0.318,0.966,0.581,0.86,0.208,0.808;a;
aaa;0.69,0.0557,0.196,0.81,0.617,0.286,0.178,0.0401,0.0175,0.168;aaaaaaaaaa;
aaaaaaaaaa;0.326,0.0422,0.593,0.603,0.183,0.137,0.556,0.507,0.568,0.243;aaaaaaa;
aaaaaaa;0.429,0.356,0.296,0.392,0.998,0.124,0.741,0.222,0.264,0.143;aaaaaaaaaa;
aaaaaaa;0.487,0.322,0.751,0.973,0.942,0.59,0.0188,0.414,0.581,0.52;aaaaaaa;
aaaaa;0.575,0.461,0.772,0.00466,0.138,0.911,0.0692,0.471,0.0964,0.802;a;
aa;0.242,0.395,0.575,0.556,0.186,0.865,0.149,0.372,0.809,0.878;aaaaaaaaaa;
aaaaaaaaaa;0.827,0.587,0.804,0.0311,0.422,0.474,0.532,0.172,0.236,0.965;aa;
aaaaa;0.894,0.987,0.198,0.0553,0.135,0.868,0.739,0.634,0.57,0.456;aaaaaaaa;
aaaaa;0.511,0.995,0.704,0.868,0.016,0.388,0.873,0.677,0.0749,0.798;aaaaaaaaaa;
aaaaa;0.935,0.13,0.164,0.0241,0.224,0.0634,0.134,0.52,0.207,0.571;aaaaa;
aaaaa;0.806,0.128,0.107,0.585,0.516,0.653,0.707,0.917,0.139,0.0145;aaaaaaaaaa;
aaaaaaaaaa;0.613,0.258,0.77,0.156,0.737,0.992,0.87,0.549,0.191,0.209;aaaaaaaa;
aaa;0.431,0.766,0.343,0.862,0.462,0.893,0.512,0.627,0.793,0.926;aaaaaaaa;
a;0.876,0.0657,0.588,0.432,0.889,0.382,0.598,0.485,0.314,0.391;aaaaaaaaa;
aaaaaa;0.513,0.463,0.675,0.953,0.023,0.69,0.398,0.531,0.351,0.943;aaa;
aaaaa;0.888,0.599,0.0818,0.263,0.611,0.124,0.561,0.419,0.359,0.831;aaaa;
aaaaaaaa;0.94,0.26,0.24,0.411,0.262,0.624,0.812,0.814,0.299,0.784;aaaaaaaaaa;
aaaaaaaa;0.982,0.71,0.0682,0.992,0.458,0.0455,0.294,0.078,0.524,0.356;aaaaaaa;
aaaaaaaa;0.917,0.489,0.578,0.733,0.277,0.37,0.889,0.849,0.0188,0.218;a;
aa;0.389,0.534,0.0307,0.34,0.59,0.207,0.0448,0.608,0.107,0.298;a;
aaa;0.675,0.43,0.984,0.406,0.0277,0.356,0.786,0.181,0.869,0.309;aaaaaaa;
aaaaaaaaa;0.715,0.476,0.711,0.638,0.838,0.201,0.644,0.0665,0.201,0.37;aaaa;
aaaaaa;0.0251,0.92,0.954,0.974,0.21,0.995,0.327,0.641,0.142,0.408;aaa;
aaaa;0.703,0.672,0.49,0.785,0.0274,0.743,0.191,0.273,0.612,0.215;aaaaa;
aaaaaa;0.271,0.352,0.384,0.11,0.125,0.817,0.159,0.288,0.719,0.955;aaa;
aaaaaa;0.92,0.59,0.583,0.636,0.012,0.282,0.909,0.477,0.39,0.112;aaaaaa;
aaaaaaaa;0.435,0.957,0.351,0.262,0.879,0.602,0.567,0.767,0.796,0.626;aaaa;
aaaa;0.303,0.196,0.702,0.28,0.563,0.345,0.088,0.526,0.499,0.195;aa;
aaaa;0.678,0.371,0.927,0.881,0.395,0.875,0.0102,0.0874,0.19,0.967;aaaaaaaaa;
aaaa;0.767,0.0643,0.572,0.346,0.00169,0.0165,0.0377,0.0898,0.059,0.634;aa;
aa;0.737,0.951,0.414,0.112,0.669,0.257,0.839,0.341,0.916,0.718;aaa;
aaa;0.475,0.478,0.0837,0.479,0.452,0.785,0.215,0.471,0.0817,0.823;aaaaaaaaa;
aaaaaa;0.831,0.884,0.455,0.536,0.878,0.219,0.963,0.0933,0.895,0.577;aaaa;
aaaaaaaaa;0.576,0.589,0.818,0.843,0.549,0.644,0.925,0.232,0.648,0.712;aaaaa;
aaaaaa;0.457,0.125,0.352,0.867,0.896,0.194,0.0902,0.519,0.135,0.93;aa;
aaaaaaaaa;0.955,0.181,0.556,0.172,0.458,0.201,0.0324,0.418,0.374,0.62;aaaaaaaa;
aaaaaaaaaa;0.955,0.846,0.658,0.042,0.918,0.807,0.188,0.602,0.263,0.325;aaaaaaaaa;
aaaa;0.885,0.291,0.941,0.21,0.143,0.678,0.774,0.409,0.717,0.981;aaaaaaaaaa;
aaaaaaaaa;0.713,0.191,0.229,0.161,0.444,0.779,0.685,0.205,0.0295,0.416;aaa;
a;0.493,0.496,0.0422,0.335,0.298,0.303,0.694,0.343,0.185,0.25;aa;
aaaa;0.735,0.479,0.0466,0.622,0.402,0.262,0.857,0.181,0.19,0.527;aaaaaaaaaa;
aaaaaaaaa;0.148,0.807,0.262,0.881,0.929,0.337,0.891,0.317,0.479,0.0248;aaaaaaa;
aa;0.19,0.189,0.352,0.218,0.403,0.74,0.895,0.613,0.222,0.179;aaaa;
aaaaaaa;0.387,0.745,0.263,0.0424,0.807,0.0741,0.674,0.435,0.139,0.184;aaaaaaaa;
aaaaaaaaa;0.0236,0.492,0.063,0.601,0.114,0.525,0.395,0.682,0.219,0.508;aaaaaaa;
aaaaaaaaaa;0.783,0.986,0.848,0.0883,0.496,0.955,0.232,0.842,0.212,0.745;aaaaaa;
aaaaa;0.596,0.348,0.364,0.138,0.92,0.0528,0.0793,0.268,0.857,0.945;aaaaaaaaaa;
aaaaaaaaaa;0.652,0.767,0.19,0.0179,0.185,0.741,0.938,0.247,0.637,0.937;aaaaaaaaa;
aaa;0.272,0.133,0.66,0.699,0.466,0.843,0.255,0.312,0.93,0.587;aaaaaaaaaa;
aaa;0.408,0.815,0.168,0.509,0.927,0.299,0.356,0.468,0.966,0.799;aaaaaaaaaa;
aa;0.225,0.876,0.372,0.597,0.856,0.535,0.459,0.755,0.82,0.279;aaaaaaaaaa;
a;0.365,0.702,0.0291,0.976,0.317,0.988,0.232,0.526,0.05,0.823;aaaaaaaaaa;
aaaa;0.86,0.191,0.0882,0.965,0.293,0.501,0.148,0.912,0.614,0.218;aaa;
aaaaaaaaaa;0.617,0.147,0.507,0.416,0.106,0.279,0.616,0.0579,0.831,0.42;aaaaaa;
aaaa;0.779,0.945,0.156,0.652,0.959,0.369,0.68,0.684,0.184,0.562;aaaaaaaaaa;
aaaaaaaaa;0.27,0.562,0.961,0.496,0.605,0.891,0.748,0.756,0.115,0.782;a;
aaaa;0.515,0.051,0.878,0.878,0.127,0.981,0.596,0.717,0.225,0.374;aaaaa;
aaaaaaaa;0.779,0.408,0.831,0.346,0.149,0.355,0.112,0.467,0.702,0.67;aaaaaaa;
aaaaaa;0.876,0.46,0.48,0.383,0.194,0.119,0.222,0.932,0.653,0.751;aaaaaaaaa;
aaaaaa;0.734,0.142,0.121,0.459,0.475,0.38,0.45,0.771,0.818,0.354;aaaa;
aaa;0.0421,0.248,0.807,0.468,0.794,0.845,0.717,0.614,0.829,0.821;aaaaaaaaa;
aa;0.77,0.505,0.976,0.8,0.45,0.863,0.213,0.324,0.629,0.404;aaaaaaa;
aaaa;0.106,0.564,0.674,0.12,0.36,0.57,0.534,0.725,0.35,0.355;aaaa;
aaaaaa;0.465,0.182,0.172,0.00181,0.578,0.639,0.559,0.854,0.0382,0.291;aaaa;
aaaaaaaaa;0.927,0.673,0.575,0.781,0.469,0.666,0.569,0.387,0.432,0.687;aaaaaaaa;
aaaa;0.164,0.488,0.0376,0.308,0.0952,0.00633,0.883,0.0518,0.483,0.366;aaaaa;
aaaaaaaa;0.944,0.371,0.189,0.992,0.534,0.186,0.478,0.293,0.61,0.363;aaaaaaaaa;
aaaaaaaa;0.369,0.767,0.817,0.924,0.416,0.476,0.641,0.925,0.66,0.318;aaaa;
aaaaaaaaa;0.0794,0.547,0.198,0.663,0.458,0.999,0.951,0.725,0.466,0.617;aaa;
aa;0.587,0.224,0.0541,0.68,0.128,0.803,0.894,0.775,0.219,0.315;a;
aaaaaaaa;0.13,0.343,0.984,0.596,0.391,0.173,0.168,0.259,0.568,0.565;aaaaaa;
aa;0.591,0.0848,0.562,0.626,0.457,0.543,0.283,0.928,0.678,0.675;a;
aaaa;0.881,0.446,0.805,0.903,0.0736,0.138,0.308,0.396,0.569,0.769;a;
aaaa;0.992,0.0968,0.961,0.153,0.0194,0.796,0.795,0.845,0.512,0.758;aaa;
aaa;0.738,0.152,0.452,0.483,0.677,0.199,0.619,0.535,0.0432,0.414;aaaaaaaaaa;
aaaaaaaa;0.284,0.893,0.161,0.997,0.393,0.53,0.757,0.0985,0.967,0.135;aaaaa;
aaaaaa;0.696,0.893,0.924,0.311,0.709,0.433,0.109,0.941,0.485,0.00559;aaaa;
aaaaaaaa;0.0973,0.664,0.167,0.827,0.546,0.263,0.581,0.648,0.796,0.476;aaaaa;
aaaaa;0.932,0.889,0.623,0.262,0.741,0.987,0.736,0.353,0.978,0.813;a;
aa;0.136,0.919,0.173,0.0848,0.669,0.118,0.748,0.201,0.596,0.695;aaaa;
aaaaaaaaa;0.0445,0.182,0.361,0.867,0.874,0.484,0.709,0.297,0.609,0.481;aaaaaaaaa;
aa;0.644,0.924,0.366,0.837,0.217,0.703,0.7,0.0911,0.586,0.366;a;
aaaaa;0.787,0.0425,0.979,0.65,0.399,0.659,0.972,0.256,0.836,0.515;aaaaaaaa;
aaaaaaaa;0.601,0.884,0.312,0.214,0.175,0.0582,0.435,0.544,0.923,0.29;aaaaaa;
aaa;0.65,0.833,0.3,0.945,0.501,0.293,0.187,0.994,0.38,0.452;aaaaa;
aaaaaaaaaa;0.81,0.439,0.572,0.832,0.146,0.0878,0.953,0.828,0.459,0.923;aaaaaaa;
aaaaaaaa;0.581,0.994,0.43,0.151,0.866,0.678,0.065,0.462,0.71,0.561;a;
aaaaaaaa;0.719,0.672,0.0115,0.966,0.705,0.605,0.857,0.77,0.88,0.47;aaa;
aaaaaaa;0.888,0.643,0.606,0.218,0.677,0.789,0.86,0.000553,0.0377,0.228;aaaaaaaaa;
aa;0.085,0.723,0.748,0.251,0.865,0.886,0.611,0.826,0.889,0.267;aaaaaaa;
aaa;0.71,0.761,0.665,0.544,0.00937,0.659,0.823,0.752,0.015,0.901;aaaaaaaaa;
a;0.774,0.168,0.809,0.112,0.211,0.332,0.713,0.196,0.575,0.0539;aaaaaaaaaa;
a;0.167,0.75,0.869,0.134,0.238,0.652,0.985,0.37,0.754,0.571;aaaa;
aaaaaa;0.961,0.263,0.0201,0.78,0.821,0.227,0.0292,0.476,0.196,0.417;aaaaaaaaa;
aaaa;0.882,0.085,0.936,0.282,0.61,0.399,0.704,0.674,0.854,0.416;aaaaa;
aaaa;0.925,0.153,0.269,0.36,0.402,0.84,0.052,0.968,0.249,0.37;a;
aaaaaa;0.656,0.453,0.445,0.62,0.502,0.0767,0.117,0.488,0.207,0.833;aaaaaaaaaa;
a;0.236,0.391,0.872,0.563,0.745,0.29,0.945,0.767,0.876,0.0807;aaaaaaaaaa;
aaa;0.242,0.675,0.541,0.471,0.964,0.819,0.802,0.91,0.219,0.367;aaaaa;
aaaaaaaaaa;0.544,0.647,0.981,0.686,0.693,0.775,0.366,0.539,0.661,0.214;aa;
aaaaaaa;0.872,0.906,0.687,0.221,0.514,0.433,0.451,0.971,0.414,0.757;aaaaaaaaa;
aaaaa;0.753,0.868,0.965,0.12,0.828,0.788,0.509,0.67,0.0154,0.63;aaaaaaaaaa;
aaaa;0.154,0.177,0.155,0.114,0.103,0.124,0.779,0.375,0.646,0.806;aaa;
aaaaaaaaa;0.254,0.266,0.849,0.527,0.326,0.819,0.692,0.886,0.0953,0.91;aaaaaaaa;
aaaaaaa;0.0208,0.00094,0.301,0.684,0.352,0.512,0.673,0.143,0.747,0.138;aaaaaa;
aaaaaa;0.349,0.679,0.237,0.922,0.314,0.485,0.371,0.284,0.897,0.646;aaa;
a;0.587,0.376,0.848,0.857,0.822,0.203,0.121,0.187,0.126,0.465;aaa;
aaaaa;0.289,0.258,0.342,0.835,0.754,0.674,0.384,0.581,0.676,0.0286;aaaa;
aaa;0.405,0.155,0.193,0.981,0.853,0.51,0.0223,0.289,0.639,0.855;aa;
aaaaaaaaa;0.261,0.782,0.619,0.149,0.0229,0.603,0.431,0.369,0.277,0.526;aaaaaa;
aaa;0.468,0.599,0.891,0.0431,0.373,0.321,0.511,0.901,0.835,0.953;aa;
aaaaaaaaaa;0.186,0.0691,0.718,0.564,0.989,0.871,0.865,0.752,0.621,0.71;aaaaaaaaa;
aaaaaaa;0.83,0.793,0.869,0.547,0.42,0.662,0.259,0.0826,0.272,0.848;aaaaaaa;
aaaaaaaaaa;0.544,0.34,0.308,0.0457,0.37,0.721,0.532,0.638,0.356,0.22;aaa;
aaaaaa;0.953,0.113,0.112,0.462,0.686,0.0301,0.314,0.339,0.149,0.599;aaaa;
aa;0.924,0.337,0.619,0.0156,0.994,0.749,0.774,0.644,0.837,0.336;aaaaaaaaa;
aaa;0.303,0.773,0.736,0.28,0.838,0.883,0.791,0.516,0.231,0.536;aaa;
aaaaaa;0.0981,0.9,0.53,0.0681,0.699,0.185,0.137,0.83,0.344,0.561;aaaaa;
aaaaaaaaaa;0.577,0.768,0.758,0.181,0.745,0.683,0.309,0.703,0.882,0.298;aaaaaaaaa;
a;0.58,0.473,0.793,0.479,0.345,0.678,0.69,0.654,0.14,0.272;aaaa;
aaaaaaaaa;0.162,0.932,0.149,0.155,0.0738,0.863,0.208,0.418,0.968,0.418;aaaaaaa;
a;0.309,0.876,0.731,0.662,0.121,0.675,0.344,0.583,0.775,0.463;aaaaaaa;
aa;0.725,0.884,0.856,0.0592,0.175,0.259,0.114,0.615,0.525,0.295;aaaa;
aaaa;0.656,0.267,0.439,0.0298,0.225,0.366,0.639,0.947,0.642,0.686;aaaaaaaa;
a;0.413,0.69,0.924,0.29,0.944,0.666,0.346,0.629,0.805,0.0481;aaaa;
a;0.251,0.132,0.347,0.235,0.668,0.717,0.121,0.827,0.645,0.827;aa;
aaaaaaaaa;0.687,0.522,0.71,0.576,0.775,0.203,0.305,0.658,0.0451,0.977;aaaa;
aaaaaaa;0.792,0.838,0.901,0.322,0.152,0.637,0.534,0.732,0.88,0.344;aa;
aaaaaa;0.368,0.533,0.214,0.547,0.0513,0.398,0.707,0.345,0.554,0.0687;aa;
aaaa;0.693,0.697,0.676,0.164,0.35,0.265,0.289,0.162,0.408,0.0327;aaaaaaaaaa;
aaaaaaaa;0.703,0.784,0.657,0.474,0.0532,0.0661,0.134,0.574,0.625,0.818;aaaaaa;
aaaaaaaaaa;0.723,0.901,0.113,0.548,0.624,0.682,0.592,0.628,0.473,0.974;a;
aaa;0.76,0.398,0.56,0.773,0.808,0.999,0.113,0.917,0.554,0.107;a;
aaaaaaaa;0.948,0.505,0.781,0.936,0.961,0.108,0.786,0.916,0.732,0.616;aaaaaaa;
aaa;0.8,0.707,0.379,0.887,0.137,0.474,0.124,0.0266,0.309,0.357;aaa;
aaaaaaa;0.277,0.354,0.845,0.982,0.863,0.67,0.482,0.68,0.444,0.0474;aa;
aaaaaaa;0.025,0.0869,0.262,0.16,0.358,0.578,0.604,0.177,0.659,0.151;aaaaaaa;
aaaaaaaa;0.485,0.243,0.299,0.47,0.521,0.0206,0.283,0.0233,0.146,0.186;aaaaaaaaa;
aaaa;0.197,0.633,0.413,0.909,0.137,0.44,0.399,0.241,0.116,0.753;aaa;
aaa;0.976,0.827,0.583,0.773,0.309,0.969,0.92,0.381,0.16,0.737;aaaaaaaaaa;
aaaaaaaa;0.326,0.0363,0.618,0.0027,0.212,0.311,0.46,0.994,0.501,0.508;aaaaaaaa;
aa;0.325,0.258,0.499,0.699,0.455,0.818,0.482,0.577,0.422,0.217;aaa;
aaaa;0.723,0.604,0.426,0.952,0.205,0.322,0.0662,0.616,0.246,0.88;aaaaa;
aaaaaaaaaa;0.783,0.612,0.371,0.393,0.269,0.149,0.0532,0.342,0.345,0.907;aaaaaaaaaa;
aaaaa;0.418,0.191,0.722,0.671,0.12,0.303,0.183,0.988,0.159,0.472;aaaaaaaaa;
aaaaaa;0.657,0.778,0.554,0.831,0.803,0.427,0.156,0.961,0.539,0.556;aaaaaaaaa;
aaaaaaaaa;0.159,0.23,0.698,0.75,0.102,0.284,0.401,0.764,0.253,0.819;aaaaaaaaa;
aaaaaaaaa;0.129,0.029,0.075,0.192,0.0468,0.743,0.729,0.395,0.253,0.773;aaaa;
aaaaaaaaaa;0.809,0.455,0.469,0.762,0.147,0.315,0.965,0.399,0.724,0.215;aaaaaa;
aaaaaaaaa;0.881,0.64,0.0304,0.612,0.69,0.555,0.459,0.0334,0.532,0.11;aaaaaaaaa;
aaaaaa;0.848,0.624,0.892,0.475,0.656,0.697,0.686,0.305,0.69,0.688;aaaaa;
aaaaaaa;0.882,0.107,0.896,0.36,0.936,0.163,0.28,0.418,0.0453,0.00192;aaaaaaa;
aaaa;0.181,0.307,0.358,0.0562,0.26,0.238,0.852,0.306,0.03,0.499;aaa;
aaaaaaa;0.644,0.362,0.453,0.98,0.994,0.536,0.293,0.885,0.149,0.077;aaaaaaaaaa;
aaaaaa;0.587,0.345,0.0655,0.263,0.306,0.202,0.0559,0.112,0.71,0.65;a;
aa;0.101,0.0224,0.00478,0.34,0.543,0.617,0.726,0.409,0.606,0.672;aaa;
aaaaa;0.581,0.509,0.733,0.53,0.622,0.392,0.848,0.841,0.864,0.213;aa;
aaaaaaaa;0.165,0.374,0.515,0.496,0.239,0.575,0.211,0.58,0.837,0.786;aaa;
a;0.871,0.465,0.615,0.969,0.607,0.469,0.45,0.387,0.555,0.609;aaaaaaaa;
aaaaa;0.0667,0.418,0.31,0.123,0.922,0.213,0.147,0.197,0.718,0.0255;aaaaaaaaaa;
aaaaaaa;0.365,0.903,0.737,0.423,0.762,0.216,0.619,0.543,0.934,0.28;aaaaa;
aaaaaaaaa;0.927,0.718,0.993,0.0939,0.653,0.737,0.325,0.291,0.215,0.312;aa;
aaaaaaa;0.503,0.0908,0.718,0.776,0.166,0.411,0.00161,0.0884,0.641,0.375;aaaa;
aa;0.947,0.655,0.993,0.139,0.357,0.74,0.554,0.337,0.218,0.452;aaaa;
aaaaaaaaaa;0.372,0.282,0.849,0.455,0.669,0.227,0.203,0.828,0.65,0.456;a;
aa;0.449,0.458,0.0441,0.336,0.911,0.106,0.574,0.0718,0.885,0.83;aaaaaaa;
aaaaaaaaa;0.143,0.75,0.957,0.592,0.213,0.631,0.457,0.553,0.242,0.88;aaaaaaaaa;
aa;0.679,0.0808,0.797,0.696,0.802,0.0396,0.676,0.125,0.612,0.939;aa;
a;0.68,0.575,0.766,0.648,0.751,0.738,0.0351,0.932,0.334,0.517;aaaaaa;
aaaaa;0.181,0.665,0.728,0.454,0.865,0.989,0.172,0.996,0.132,0.82;aaaaaa;
aaaaaaaa;0.0533,0.293,0.873,0.437,0.902,0.659,0.824,0.728,0.17,0.713;aaa;
aaa;0.156,0.476,0.786,0.303,0.502,0.317,0.946,0.609,0.525,0.797;aaa;
aaaaaaaa;0.819,0.364,0.323,0.286,0.72,0.334,0.429,0.65,0.442,0.422;aaa;
aaaaaaa;0.64,0.268,0.22,0.614,0.456,0.322,0.401,0.977,0.732,0.448;a;
aaaa;0.498,0.799,0.0429,0.652,0.87,0.587,0.335,0.568,0.652,0.902;aaa;
aaaaaaaaaa;0.771,0.945,0.271,0.523,0.247,0.516,0.0359,0.177,0.00514,0.386;aaaaa;
aaa;0.0502,0.284,0.302,0.42,0.601,0.376,0.402,0.0528,0.741,0.718;aaaaaaa;
aaaaaaaaa;0.313,0.252,0.396,0.485,0.433,0.846,0.591,0.579,0.159,0.221;aaaaaa;
aa;0.926,0.143,0.168,0.321,0.472,0.971,0.109,0.926,0.18,0.527;aaaa;
aaaaaaaaaa;0.894,0.116,0.594,0.438,0.716,0.434,0.205,0.155,0.356,0.447;aaaaaaa;
aaaaa;0.637,0.382,0.181,0.757,0.365,0.742,0.91,0.55,0.845,0.258;aaa;
aaaaa;0.942,0.4,0.608,0.699,0.973,0.719,0.764,0.612,0.0678,0.953;a;
aaaaaaaaa;0.923,0.0763,0.723,0.867,0.382,0.249,0.562,0.481,0.0169,0.964;aaaaaaaa;
a;0.597,0.793,0.639,0.981,0.892,0.828,0.358,0.623,0.193,0.535;aaaaaaaa;
aaaaaaaaa;0.236,0.111,0.229,0.236,0.357,0.304,0.941,0.785,0.0011,0.567;aaaa;
aaa;0.894,0.756,0.25,0.479,0.418,0.644,0.875,0.909,0.403,0.444;aaaa;
aaaaaaa;0.688,0.0997,0.338,0.493,0.627,0.389,0.347,0.977,0.661,0.751;aaaaaa;
aa;0.309,0.0923,0.241,0.668,0.231,0.876,0.992,0.629,0.938,0.658;aaaaa;
aaa;0.406,0.511,0.465,0.965,0.183,0.549,0.222,0.397,0.568,0.0551;aaa;
aaaa;0.891,0.209,0.893,0.021,0.336,0.74,0.996,0.109,0.288,0.129;aaaaaaaaa;
aaaaaa;0.158,0.66,0.832,0.972,0.651,0.481,0.928,0.257,0.208,0.0333;aaaaaa;
aaaaa;0.674,0.834,0.0722,0.339,0.629,0.825,0.425,0.103,0.569,0.942;aaaaaaaa;
aaa;0.669,0.724,0.0464,0.15,0.725,0.0796,0.164,0.212,0.0571,0.0432;aa;
a;0.422,0.433,0.194,0.284,0.52,0.47,0.492,0.438,0.323,0.474;aaa;
aaaaaa;0.62,0.92,0.741,0.016,0.136,0.9,0.14,0.541,0.768,0.911;a;
aaaaa;0.424,0.567,0.866,0.0823,0.725,0.125,0.616,0.376,0.279,0.477;aaa;
aaaaaa;0.711,0.516,0.893,0.717,0.555,0.184,0.472,0.589,0.252,0.92;aa;
aaaa;0.153,0.086,0.291,0.395,0.116,0.327,0.947,0.493,0.23,0.695;aaaaaaaaaa;
aaaaaa;0.63,0.759,0.218,0.843,0.276,0.232,0.769,0.921,0.451,0.304;aaaaaa;
aaaaaa;0.246,0.964,0.551,0.77,0.62,0.268,0.326,0.516,0.283,0.889;aaaaa;
a;0.822,0.811,0.456,0.611,0.321,0.182,0.748,0.468,0.644,0.444;aaaaaaaaa;
aaaaaa;0.036,0.231,0.477,0.839,0.303,0.0974,0.154,0.0189,0.395,0.411;aaaa;
a;0.558,0.0994,0.998,0.357,0.925,0.693,0.845,0.207,0.0407,0.832;aaa;
aaaaaaaaa;0.782,0.928,0.585,0.827,0.741,0.446,0.773,0.485,0.83,0.00973;aaaaa;
aaaa;0.326,0.603,0.327,0.981,0.28,0.57,0.102,0.207,0.418,0.807;aaaaaaaaa;
aaaaaaa;0.781,0.463,0.563,0.982,0.531,0.19,0.251,0.191,0.866,0.753;aaaaa;
aaaaaaa;0.839,0.505,0.763,0.333,0.0408,0.928,0.414,0.023,0.406,0.0149;aaaaa;
aa;0.288,0.444,0.642,0.986,0.878,0.488,0.983,0.39,0.938,0.1;aaa;
aaaaa;0.18,0.863,0.167,0.722,0.248,0.683,0.385,0.61,0.193,0.318;aaaaaa;
aaaa;0.281,0.644,0.155,0.712,0.497,0.104,0.566,0.931,0.925,0.526;aaa;
aaaaaa;0.87,0.93,0.485,0.514,0.201,0.957,0.586,0.552,0.404,0.362;aaaaaaaaaa;
aaaaaaa;0.731,0.617,0.592,0.926,0.91,0.772,0.217,0.737,0.703,0.901;aaaaaa;
aa;0.541,0.699,0.649,0.167,0.326,0.177,0.935,0.8,0.151,0.625;aaaaaaa;
aaaaa;0.599,0.0761,0.188,0.36,0.514,0.674,0.331,0.339,0.152,0.285;aaaaaaaaaa;
aaaaaaa;0.394,0.193,0.744,0.384,0.989,0.946,0.278,0.66,0.142,0.221;aa;
aaaaaaaaa;0.485,0.883,0.676,0.106,0.00594,0.382,0.881,0.885,0.789,0.641;aaaaaa;
aaaaaaaa;0.912,0.591,0.0985,0.277,0.684,0.0222,0.65,0.185,0.748,0.436;aaaaaaaaa;
aaaaaaa;0.821,0.673,0.139,0.445,0.127,0.286,0.308,0.563,0.729,0.881;a;
aaaaaa;0.6,0.993,0.709,0.288,0.605,0.316,0.24,0.165,0.524,0.419;aaaaa;
aaaaaa;0.193,0.486,0.944,0.353,0.23,0.886,0.385,0.0462,0.252,0.209;aaaaaaa;
aaa;0.426,0.0109,0.728,0.906,0.0891,0.917,0.459,0.0675,0.494,0.408;aa;
aaaaa;0.94,0.431,0.0774,0.262,0.181,0.488,0.671,0.897,0.0482,0.505;aaaaaaaa;
aaaaaaaaaa;0.194,0.611,0.237,0.425,0.504,0.876,0.644,0.259,0.17,0.287;aaaaaaaaaa;
aaaaaaa;0.348,0.123,0.965,0.522,0.103,0.202,0.166,0.852,0.755,0.375;aaa;
aaaaaaaaaa;0.572,0.816,0.517,0.181,0.00806,0.862,0.2,0.163,0.0106,0.816;aaaaaaaaa;
aaaa;0.91,0.737,0.809,0.439,0.309,0.307,0.768,0.38,0.703,0.279;aaaaaaaaaa;
aaaaaaa;0.531,0.25,0.944,0.763,0.0138,0.57,0.916,0.945,0.0392,0.649;aaaa;
a;0.492,0.0251,0.601,0.494,0.767,0.0377,0.875,0.539,0.566,0.264;aaaaaa;
aaa;0.574,0.563,0.408,0.949,0.561,0.00624,0.31,0.739,0.886,0.684;aaaaaaa;
aaaaaaa;0.828,0.609,0.844,0.276,0.88,0.102,0.788,0.366,0.537,0.0224;aaaaaaa;
aa;0.264,0.43,0.773,0.814,0.422,0.963,0.515,0.319,0.259,0.0748;aaa;
aaaaaaaaaa;0.849,0.67,0.567,0.957,0.0644,0.532,0.88,0.904,0.172,0.98;aaaaaa;
aaaaaaaaa;0.568,0.355,0.437,0.752,0.609,0.562,0.655,0.542,0.545,0.171;aaaaa;
aa;0.828,0.669,0.813,0.429,0.988,0.665,0.653,0.583,0.881,0.97;aaaaaa;
aaaaaa;0.453,0.75,0.282,0.0543,0.0326,0.237,0.312,0.553,0.177,0.955;aaaaaaaaa;
aaaaaaa;0.987,0.624,0.514,0.563,0.896,0.941,0.926,0.736,0.871,0.684;aaaaaaaa;
aaaaaaa;0.41,0.0322,0.548,0.197,0.783,0.61,0.489,0.939,0.178,0.37;aaaaaaaaa;
aaaaaaa;0.64,0.132,0.487,0.816,0.019,0.108,0.139,0.303,0.868,0.461;aaaaa;
aaaaaa;0.999,0.99,0.432,0.608,0.749,0.982,0.408,0.0683,0.55,0.632;aaaaaaaaa;
aaaaaaa;0.197,0.0619,0.305,0.664,0.507,0.757,0.278,0.0321,0.835,0.373;aaa;
aa;0.466,0.778,0.338,0.501,0.528,0.902,0.0676,0.168,0.716,0.338;aaaaaaaaaa;
aaaa;0.378,0.638,0.0741,0.167,0.34,0.802,0.264,0.529,0.163,0.734;aaaaaaaa;
aaaaaaaa;0.124,0.173,0.953,0.423,0.0483,0.902,0.794,0.593,0.899,0.218;aaaaaaaaaa;
aaaaaaa;0.093,0.934,0.546,0.683,0.101,0.399,0.437,0.195,0.287,0.565;aa;
aa;0.797,0.492,0.671,0.995,0.0345,0.68,0.998,0.889,0.837,0.548;aaaaa;
aaaaaaaaaa;0.6,0.466,0.984,0.422,0.651,0.358,0.216,0.31,0.264,0.392;aaaaa;
aa;0.838,0.324,0.863,0.082,0.0852,0.516,0.674,0.755,0.809,0.615;aa;
aaaaaaa;0.392,0.824,0.231,0.926,0.437,0.116,0.554,0.541,0.514,0.908;aaaaaaaaaa;
aaaaaaaaaa;0.116,0.338,0.452,0.667,0.522,0.199,0.25,0.476,0.918,0.998;aaaaaaaa;
aaa;0.213,0.933,0.19,0.938,0.322,0.00248,0.834,0.13,0.156,0.413;a;
aaaaaaa;0.00883,0.0705,0.649,0.918,0.867,0.412,0.742,0.201,0.794,0.183;aaaaaaaa;
aaaaaa;0.709,0.0559,0.148,0.596,0.335,0.737,0.283,0.315,0.263,0.569;a;
aa;0.116,0.695,0.858,0.761,0.0796,0.304,0.186,0.451,0.57,0.82;aaaaaaaaa;
a;0.265,0.34,0.936,0.977,0.596,0.962,0.865,0.393,0.622,0.335;aaaaaaa;
aaaaaaa;0.489,0.431,0.297,0.21,0.262,0.354,0.268,0.178,0.789,0.0847;aa;
a;0.127,0.398,0.824,0.201,0.791,0.162,0.984,0.865,0.165,0.482;aa;
aaaaaaaaa;0.696,0.374,0.553,0.825,0.0422,0.755,0.818,0.727,0.299,0.431;aa;
aaaaaaaaa;0.563,0.0948,0.714,0.419,0.719,0.378,0.926,0.449,0.196,0.41;a;
aaaa;0.368,0.541,0.438,0.777,0.886,0.702,0.769,0.456,0.68,0.67;aaaaaaaaa;
aaaaa;0.348,0.654,0.559,0.646,0.561,0.89,0.722,0.75,0.783,0.925;aaa;
aaa;0.152,0.521,0.501,0.812,0.348,0.692,0.273,0.0168,0.385,0.203;aaaaaaaaa;
a;0.522,0.0577,0.831,0.346,0.599,0.798,0.629,0.141,0.187,0.455;aaaaaa;
aa;0.704,0.153,0.935,0.0794,0.863,0.493,0.156,0.208,0.728,0.689;aaaaaa;
aaaaaaa;0.284,0.466,0.51,0.507,0.188,0.42,0.491,0.224,0.966,0.0115;aa;
a;0.496,0.0953,0.357,0.915,0.108,0.334,0.464,0.232,0.2,0.244;a;
aaaaaaaa;0.494,0.387,0.343,0.958,0.241,0.79,0.892,0.0692,0.0674,0.53;aaaa;
aaaaaaa;0.815,0.0341,0.496,0.107,0.0324,0.0838,0.801,0.118,0.306,0.58;aaaaaaa;
aaaa;0.468,0.824,0.738,0.156,0.172,0.911,0.707,0.434,0.64,0.445;a;
aaa;0.327,0.87,0.884,0.783,0.0205,0.955,0.392,0.833,0.463,0.675;aaaaaaaa;
aaaaa;0.94,0.975,0.209,0.248,0.847,0.564,0.0794,0.246,0.957,0.685;aaaaaaaaa;
aaaaaaaaa;0.34,0.888,0.0669,0.543,0.0306,0.699,0.926,0.797,0.145,0.935;aaaaaaa;
aaaa;0.825,0.972,0.0246,0.476,0.682,0.239,0.462,0.82,0.262,0.249;aaaaa;
aaaaa;0.569,0.00998,0.869,0.521,0.532,0.132,0.71,0.594,0.809,0.441;aaaaaaaaa;
aaaaaaaaa;0.304,0.703,0.785,0.161,0.87,0.789,0.506,0.512,0.0936,0.755;aaa;
aa;0.826,0.929,0.539,0.394,0.209,0.495,0.643,0.245,0.311,0.292;aa;
aaaaaaaa;0.0737,0.793,0.742,0.415,0.178,0.618,0.327,0.0675,0.00354,0.757;aaaaaa;
aaaaa;0.601,0.259,0.425,0.775,0.577,0.164,0.961,0.449,0.374,0.678;a;
aaa;0.507,0.434,0.788,0.151,0.0762,0.639,0.317,0.00484,0.0305,0.45;a;
aaaaaaa;0.53,0.288,0.856,0.226,0.86,0.498,0.68,0.736,0.39,0.947;aaaaaaa;
aaaaaa;0.651,0.396,0.161,0.78,0.974,0.0417,0.787,0.436,0.727,0.938;aaaaaaaa;
aaa;0.593,0.862,0.441,0.673,0.202,0.389,0.771,0.309,0.743,0.208;aa;
aaaa;0.106,0.902,0.215,0.897,0.967,0.458,0.542,0.222,0.418,0.95;a;
aaaaaaaaa;0.129,0.886,0.134,0.739,0.837,0.797,0.882,0.147,0.471,0.815;aa;
aaaaaaa;0.484,0.765,0.417,0.278,0.149,0.877,0.563,0.742,0.6,0.28;a;
aaaaaaaaaa;0.46,0.771,0.657,0.879,0.127,0.756,0.754,0.111,0.859,0.0656;aa;
aaaaaaaa;0.232,0.624,0.726,0.128,0.816,0.384,0.575,0.0786,0.169,0.0499;aaaaaaaaaa;
a;0.811,0.577,0.934,0.649,0.504,0.359,0.304,0.449,0.493,0.0938;aaaaa;
aa;0.695,0.00184,0.51,0.845,0.877,0.548,0.918,0.63,0.0092,0.378;aaaaaa;
aaa;0.659,0.868,0.135,0.716,0.861,0.566,0.825,0.00839,0.38,0.66;aaaaaaaa;
aaaa;0.987,0.424,0.489,0.0932,0.603,0.911,0.659,0.777,0.317,0.229;aaaaaaaaaa;
aa;0.453,0.903,0.617,0.519,0.725,0.844,0.81,0.255,0.735,0.989;aaa;
aaaaaa;0.275,0.12,0.435,0.0253,0.439,0.923,0.876,0.013,0.3,0.0365;a;
aaaaa;0.739,0.712,0.0275,0.17,0.497,0.0698,0.859,0.171,0.224,0.725;a;
aaaaaaa;0.226,0.138,0.725,0.753,0.521,0.64,0.199,0.767,0.682,0.804;aaaaaaaaa;
a;0.317,0.628,0.817,0.24,0.786,0.597,0.437,0.373,0.272,0.68;aaaaaaaaa;
aaaaaaaaa;0.516,0.0566,0.308,0.418,0.808,0.886,0.618,0.56,0.514,0.831;aaaaa;
aaaaaaaaa;0.699,0.964,0.93,0.31,0.416,0.153,0.0409,0.111,0.968,0.934;a;
aaa;0.207,0.381,0.757,0.69,0.778,0.548,0.541,0.598,0.968,0.779;aaaaaaaaa;
aa;0.794,0.0418,0.707,0.347,0.843,0.872,0.637,0.663,0.3,0.957;aaaaaaaaa;
aaaaaaa;0.975,0.28,0.44,0.146,0.971,0.122,0.844,0.824,0.714,0.106;aaaaaaaa;
aaaaaaa;0.905,0.0507,0.617,0.998,0.388,0.246,0.208,0.954,0.484,0.888;aaaaaaa;
a;0.126,0.785,0.598,0.449,0.841,0.796,0.668,0.984,0.629,0.184;aaaaaaa;
aa;0.68,0.114,0.778,0.532,0.303,0.233,0.981,0.31,0.312,0.52;aaa;
aaa;0.887,0.609,0.647,0.0888,0.169,0.542,0.476,0.0509,0.924,0.646;aaaaaaaaa;
aa;0.551,0.00946,0.595,0.0152,0.0913,0.264,0.451,0.863,0.711,0.0655;aaa;
aaaaaaaa;0.387,0.27,0.0642,0.848,0.559,0.335,0.86,0.403,0.239,0.286;aaaaaaaaa;
aaaaaa;0.407,0.809,0.971,0.887,0.218,0.35,0.972,0.621,0.633,0.976;aaaaaaa;
aaa;0.924,0.658,0.54,0.518,0.247,0.195,0.131,0.251,0.258,0.528;aaaaaaaaaa;
aaaaaaaaaa;0.229,0.8,0.754,0.289,0.764,0.601,0.675,0.743,0.298,0.226;aaaaaaaa;
aaaaa;0.624,0.463,0.952,0.0269,0.49,0.855,0.492,0.351,0.974,0.471;aa;
aaaaaaa;0.412,0.0563,0.608,0.529,0.676,0.271,0.726,0.861,0.476,0.494;a;
a;0.388,0.647,0.33,0.381,0.258,0.365,0.059,0.0751,0.144,0.00972;aaaaaa;
aaaaaaaaaa;0.783,0.611,0.139,0.601,0.936,0.181,0.979,0.118,0.242,0.483;a;
aaaaaaaa;0.537,0.569,0.57,0.0599,0.302,0.971,0.948,0.364,0.971,0.0878;aaaaaaaaaa;
aaaaaa;0.869,0.46,0.241,0.0455,0.0249,0.47,0.806,0.542,0.177,0.969;aaaaaaaa;
aaa;0.59,0.545,0.746,0.912,0.594,0.245,0.581,0.259,0.267,0.522;aa;
aa;0.514,0.109,0.537,0.953,0.234,0.341,0.471,0.758,0.726,0.058;aaaaaa;
aaaa;0.287,0.373,0.13,0.029,0.0401,0.531,0.494,0.953,0.989,0.0977;aaaaaaa;
aaaaaaaaaa;0.356,0.557,0.583,0.7,0.527,0.882,0.807,0.351,0.511,0.848;aaaaa;
a;0.21,0.953,0.79,0.719,0.0348,0.0994,0.302,0.973,0.988,0.471;aaaaaaaaaa;
aaa;0.756,0.733,0.682,0.474,0.738,0.0997,0.988,0.873,0.619,0.442;aaaaaaaa;
aaaaaaaaaa;0.223,0.123,0.434,0.703,0.531,0.848,0.96,0.0175,0.666,0.685;aaaa;
aaaa;0.736,0.834,0.764,0.295,0.59,0.364,0.596,0.347,0.877,0.778;aa;
aaaaaaa;0.167,0.958,0.997,0.172,0.998,0.78,0.104,0.0317,0.339,0.0891;a;
aaaaaaa;0.241,0.02,0.293,0.777,0.413,0.904,0.992,0.608,0.702,0.796;aaaaaaa;
aaaa;0.853,0.519,0.0821,0.197,0.506,0.379,0.553,0.058,0.108,0.497;aaaaaaa;
a;0.767,0.84,0.1,0.481,0.567,0.744,0.814,0.881,0.647,0.467;aaaa;
aaaaaa;0.47,0.703,0.986,0.624,0.538,0.503,0.883,0.191,0.453,0.174;aa;
a;0.207,0.665,0.386,0.0481,0.56,0.17,0.215,0.457,0.513,0.545;aaaaaaaaa;
aaaaaaa;0.273,0.249,0.506,0.95,0.825,0.353,0.98,0.592,0.54,0.963;aaaaaaaaa;
aaaaaaaaa;0.163,0.479,0.625,0.346,0.0873,0.862,0.62,0.461,0.987,0.693;a;
aaaaaaaaa;0.768,0.445,0.119,0.381,0.242,0.408,0.208,0.818,0.375,0.545;aaaaaaaa;
aaaaa;0.945,0.709,0.0423,0.378,0.157,0.647,0.435,0.644,0.189,0.98;aaaaa;
aaaaa;0.608,0.17,0.506,0.904,0.0788,0.486,0.341,0.0565,0.919,0.174;aaa;
aaaaaaaaa;0.791,0.652,0.185,0.888,0.0786,0.154,0.398,0.918,0.99,0.912;a;
a;0.848,0.214,0.529,0.217,0.653,0.0456,0.409,0.217,0.543,0.614;aaaaa;
aa;0.309,0.0334,0.989,0.431,0.436,0.512,0.6,0.838,0.287,0.581;aaaaaaaaaa;
aaaaaaa;0.957,0.291,0.0741,0.224,0.213,0.275,0.104,0.546,0.27,0.115;aa;
aaaaaaaaaa;0.477,0.607,0.0271,0.407,0.54,0.996,0.463,0.0664,0.384,0.62;aaaaa;
aa;0.673,0.374,0.565,0.0566,0.302,0.42,0.364,0.165,0.763,0.0487;aaaaaaaaa;
aaaaaaaaa;0.411,0.531,0.641,0.811,0.119,0.236,0.963,0.77,0.942,0.459;aaaaa;
aaaaaaaa;0.451,0.648,0.793,0.104,0.339,0.444,0.383,0.865,0.0313,0.59;aaaaaaaaaa;
aaaaa;0.478,0.936,0.261,0.281,0.406,0.107,0.12,0.963,0.406,0.737;aaaaaaaaaa;
aaaa;0.383,0.0429,0.581,0.647,0.306,0.395,0.408,0.597,0.859,0.389;aaaaa;
aaaaaa;0.615,0.294,0.465,0.84,0.561,0.193,0.436,0.565,0.783,0.645;aaaaaaa;
aaaaaaaaa;0.373,0.445,0.835,0.599,0.171,0.409,0.423,0.235,0.914,0.592;aaaaaaaaaa;
aa;0.505,0.519,0.878,0.782,0.0625,0.802,0.57,0.263,0.129,0.543;aaaaaa;
aaaaaaaa;0.935,0.516,0.219,0.0973,0.834,0.978,0.573,0.883,0.481,0.712;aaa;
aaaa;0.578,0.316,0.412,0.476,0.507,0.916,0.358,0.0225,0.155,0.983;aaaaaaaa;
aaaaaaaa;0.467,0.186,0.564,0.87,0.635,0.917,0.251,0.876,0.493,0.677;aaaaaaa;
aaaaaa;0.207,0.556,0.965,0.615,0.287,0.77,0.105,0.578,0.271,0.942;a;
aaa;0.863,0.992,0.72,0.259,0.0194,0.84,0.905,0.432,0.979,0.565;aaaaaaa;
aaaaaaaa;0.639,0.703,0.412,0.0777,0.49,0.13,0.123,0.992,0.436,0.346;aa;
aaaaaaaaa;0.442,0.54,0.424,0.158,0.616,0.483,0.1,0.755,0.108,0.497;aaaaaaa;
aaa;0.0479,0.987,0.0429,0.52,0.0946,0.91,0.641,0.383,0.724,0.29;a;
aaaaaaa;0.15,0.79,0.209,0.684,0.625,0.661,0.849,0.185,0.225,0.534;aaaaaaaaa;
aaaaaaaaaa;0.626,0.982,0.0769,0.305,0.414,0.299,0.697,0.513,0.241,0.615;aaaaaaaa;
aaaaaaaaa;0.674,0.233,0.586,0.915,0.548,0.188,0.179,0.776,0.704,0.914;aaaaaa;
aaa;0.707,0.785,0.698,0.585,0.157,0.398,0.0239,0.326,0.218,0.145;aaa;
aaaaaa;0.438,0.0283,0.331,0.695,0.871,0.294,0.745,0.85,0.445,0.804;aaaa;
aaa;0.946,0.785,0.786,0.88,0.487,0.999,0.636,0.227,0.819,0.178;aaaaaaa;
aaaaaaa;0.648,0.815,0.391,0.296,0.439,0.562,0.356,0.0297,0.341,0.416;a;
aaaaaaa;0.0401,0.343,0.182,0.967,0.534,0.797,0.034,0.327,0.93,0.812;aaaaaaa;
aa;0.958,0.632,0.0819,0.0161,0.283,0.0434,0.764,0.667,0.311,0.838;a;
a;0.922,0.234,0.729,0.416,0.559,0.667,0.119,0.837,0.908,0.743;aaaaaaaaaa;
aaaa;0.987,0.104,0.343,0.977,0.724,0.139,0.298,0.198,0.533,0.0976;aaaaa;
aa;0.895,0.294,0.306,0.974,0.926,0.774,0.586,0.755,0.799,0.669;aaaaaaa;
aaaaaaa;0.177,0.394,0.0576,0.123,0.786,0.886,0.655,0.221,0.968,0.228;a;
aaaaaaaaaa;0.366,0.756,0.564,0.146,0.217,0.0691,0.909,0.0462,0.478,0.894;aaaaaaaaa;
aaaaaaaa;0.269,0.52,0.62,0.253,0.325,0.652,0.912,0.41,0.649,0.0798;aaaaaaaa;
aaaaaaaaa;0.723,0.00622,0.425,0.618,0.268,0.374,0.57,0.352,0.0581,0.258;aaaaaa;
aaa;0.263,0.356,0.144,0.949,0.246,0.696,0.0568,0.191,0.399,0.864;aa;
aaa;0.526,0.81,0.648,0.109,0.166,0.622,0.0441,0.941,0.779,0.794;aa;
a;0.783,0.591,0.33,0.505,0.946,0.3,0.205,0.288,0.367,0.47;aaaaaaaa;
aaaaaaa;0.495,0.619,0.803,0.181,0.0499,0.181,0.575,0.632,0.171,0.548;aaaaaaa;
aaa;0.774,0.945,0.987,0.0836,0.652,0.663,0.464,0.386,0.884,0.561;aa;
aaa;0.452,0.545,0.834,0.738,0.801,0.235,0.113,0.0156,0.772,0.878;aaaaa;
aaaaaaa;0.243,0.841,0.358,0.79,0.0161,0.938,0.693,0.606,0.642,0.664;aaaa;
aaaaaaa;0.828,0.505,0.851,0.144,0.979,0.448,0.179,0.379,0.725,0.261;aaaaaaaaa;
aaaaa;0.64,0.608,0.51,0.093,0.293,0.098,0.6,0.243,0.099,0.0991;aaa;
a;0.611,0.885,0.809,0.331,0.415,0.0414,0.245,0.642,0.946,0.352;aaaaaaaaa;
aaaaaa;0.0473,0.0938,0.512,0.34,0.888,0.544,0.107,0.981,0.0395,0.174;aaaaaaaaaa;
aaaaaa;0.592,0.631,0.934,0.236,0.283,0.145,0.728,0.536,0.963,0.0279;aaaaaaaaa;
aaaaaaaaaa;0.792,0.283,0.783,0.835,0.428,0.386,0.179,0.0277,0.84,0.67;aaaaaaaa;
aaaaa;0.0541,0.542,0.864,0.617,0.492,0.973,0.22,0.498,0.115,0.55;aa;
aa;0.838,0.532,0.00577,0.324,0.0132,0.236,0.839,0.904,0.714,0.488;aaaaa;
aaaaaaaaaa;0.241,0.999,0.867,0.2,0.915,0.234,0.533,0.35,0.0357,0.44;aaaaaaaaa;
aaaaaaaa;0.25,0.952,0.917,0.00934,0.456,0.424,0.41,0.882,0.418,0.889;a;
aaaa;0.307,0.959,0.453,0.63,0.401,0.515,0.0153,0.178,0.848,0.0782;aaaa;
aaa;0.424,0.167,0.00482,0.236,0.00432,0.428,0.17,0.57,0.819,0.459;aaaaaaaaaa;
aaaa;0.813,0.248,0.611,0.224,0.277,0.506,0.381,0.597,0.456,0.927;aaaaaa;
aaaaaa;0.442,0.583,0.478,0.779,0.892,0.926,0.781,0.711,0.389,0.867;aaaaaaa;
aaaaa;0.241,0.563,0.807,0.34,0.509,0.775,0.829,0.798,0.644,0.695;aa;
aaaaaaaaaa;0.923,0.385,0.853,0.113,0.194,0.823,0.998,0.934,0.75,0.309;aa;
a;0.0251,0.104,0.586,0.848,0.942,0.575,0.109,0.422,0.532,0.801;aaaaaaaaaa;
aaaa;0.961,0.25,0.235,0.697,0.862,0.841,0.468,0.704,0.369,0.768;aa;
aaa;0.512,0.364,0.703,0.0016,0.124,0.259,0.895,0.351,0.702,0.148;aaaaaaaaa;
aaaaaaaa;0.384,0.328,0.587,0.153,0.857,0.44,0.553,0.185,0.466,0.701;aaaa;
aaaaa;0.0848,0.915,0.0604,0.189,0.953,0.601,0.146,0.831,0.337,0.477;aaaaaaaa;
aaaaaaaaa;0.646,0.0876,0.46,0.746,0.623,0.734,0.369,0.0115,0.543,0.105;aaaa;
aaaaaa;0.698,0.105,0.0822,0.897,0.0666,0.97,0.502,0.812,0.868,0.484;aaaaaa;
aa;0.587,0.229,0.756,0.684,0.842,0.943,0.686,0.615,0.674,0.948;aaaaaaaaa;
aaaaaa;0.47,0.136,0.527,0.0531,0.517,0.0904,0.775,0.834,0.539,0.599;aaaaa;
aaaaaaa;0.622,0.0997,0.096,0.185,0.0103,0.97,0.182,0.957,0.316,0.767;aaaaaaaaa;
aaaaaaaa;0.39,0.947,0.693,0.752,0.405,0.511,0.0399,0.404,0.377,0.745;aaaaaaaaa;
aa;0.168,0.458,0.338,0.33,0.995,0.876,0.0127,0.0427,0.668,0.168;aaaaaaaaa;
aaaaaaaaaa;0.413,0.268,0.492,0.169,0.027,0.812,0.892,0.185,0.111,0.755;aaaaaaa;
aaaaaaaaa;0.841,0.0367,0.631,0.165,0.0501,0.397,0.417,0.711,0.277,0.656;a;
a;0.907,0.653,0.0353,0.526,0.112,0.154,0.146,0.616,0.101,0.171;aaa;
aaaaaaaaa;0.493,0.169,0.745,0.106,0.124,0.57,0.0229,0.398,0.632,0.682;aaaaaaaa;
aaaaaaaaa;0.745,0.216,0.759,0.511,0.31,0.636,0.214,0.376,0.479,0.871;aaa;
aaa;0.719,0.0766,0.871,0.12,0.33,0.117,0.938,0.213,0.21,0.457;aaaaa;
aaaaaaaaaa;0.571,0.124,0.86,0.376,0.796,0.86,0.52,0.872,0.683,0.326;aaaaaaaa;
aaaaaa;0.315,0.579,0.477,0.555,0.204,0.436,0.44,0.691,0.936,0.874;aaaaaaa;
aaaaaa;0.123,0.382,0.799,0.513,0.409,0.122,0.821,0.127,0.0178,0.0997;a;
aa;0.526,0.795,0.601,0.847,0.253,0.578,0.425,0.847,0.363,0.442;aaaaa;
a;0.395,0.547,0.975,0.283,0.739,0.0819,0.899,0.121,0.258,0.991;aaaaaaaa;
aaaaaaaa;0.381,0.407,0.148,0.0538,0.661,0.289,0.273,0.133,0.926,0.504;aa;
aaaaaaaaaa;0.19,0.913,0.5,0.307,0.578,0.607,0.891,0.689,0.191,0.979;aaaaaaaaa;
aaaaaaa;0.103,0.504,0.293,0.812,0.811,0.915,0.328,0.447,0.156,0.73;aaaaaa;
aaaaaa;0.807,0.938,0.571,0.421,0.719,0.463,0.471,0.251,0.433,0.293;aaaaaa;
aaa;0.929,0.207,0.95,0.609,0.939,0.793,0.428,0.393,0.071,0.558;a;
aaaa;0.742,0.839,0.0478,0.365,0.87,0.0301,0.856,0.283,0.755,0.196;aaaaaa;
aaaaaaa;0.184,0.686,0.625,0.686,0.0124,0.534,0.843,0.558,0.283,0.497;aaaa;
aaaaaaa;0.565,0.49,0.661,0.049,0.0838,0.665,0.71,0.416,0.829,0.615;aaaaaaaaa;
aaaaaa;0.559,0.243,0.391,0.283,0.916,0.104,0.371,0.916,0.343,0.246;aaaaaaaaaa;
aaaaaa;0.434,0.769,0.282,0.661,0.572,0.27,0.778,0.334,0.145,0.291;aaaaaaaaa;
aaaaaaa;0.433,0.573,0.565,0.0724,0.896,0.458,0.144,0.554,0.47,0.119;aaaa;
aaaaaaaaa;0.932,0.339,0.155,0.644,0.612,0.341,0.24,0.068,0.123,0.788;aa;
aaaaaa;0.935,0.616,0.629,0.959,0.778,0.981,0.554,0.808,0.823,0.965;aaaaaa;
aaa;0.362,0.639,0.672,0.445,0.252,0.558,0.447,0.572,0.00655,0.457;aaa;
aaaaaaaaaa;0.0964,0.951,0.661,0.809,0.0964,0.893,0.821,0.14,0.249,0.243;aa;
aaa;0.462,0.785,0.577,0.11,0.203,0.836,0.524,0.0689,0.968,0.847;aaaaaa;
aaaaaaa;0.0564,0.575,0.241,0.762,0.435,0.972,0.666,0.801,0.638,0.962;aaa;
aaaaaa;0.759,0.0592,0.448,0.4,0.566,0.382,0.0396,0.989,0.357,0.651;aaaaaaaaaa;
aaaaaaa;0.414,0.726,0.771,0.375,0.352,0.882,0.273,0.851,0.722,0.104;aaaaaaaaa;
aaaaaaaaaa;0.0964,0.951,0.661,0.809,0.0964,0.893,0.821,0.14,0.249,0.243;aaaaaaaa;
aaa;0.462,0.785,0.577,0.11,0.203,0.836,0.524,0.0689,0.968,0.847;aaaaaa;
aaaaaaa;0.0564,0.575,0.241,0.762,0.435,0.972,0.666,0.801,0.638,0.962;aa;
aaaaaa;0.759,0.0592,0.448,0.4,0.566,0.382,0.0396,0.989,0.357,0.651;aaaaaa;
aaaaaaa;0.414,0.726,0.771,0.375,0.352,0.882,0.273,0.851,0.722,0.104;aaaaaa;
aaaaaaaaaa;0.0964,0.951,0.661,0.809,0.0964,0.893,0.821,0.14,0.249,0.243;aaaaaaaaa;
aaa;0.462,0.785,0.577,0.11,0.203,0.836,0.524,0.0689,0.968,0.847;aaaaaaa;
aaaaaaa;0.0564,0.575,0.241,0.762,0.435,0.972,0.666,0.801,0.638,0.962;aaa;
aaaaaa;0.759,0.0592,0.448,0.4,0.566,0.382,0.0396,0.989,0.357,0.651;aaaaaaaa;
aaaaaaa;0.414,0.726,0.771,0.375,0.352,0.882,0.273,0.851,0.722,0.104;aa;
aaaaaaaaaa;0.0964,0.951,0.661,0.809,0.0964,0.893,0.821,0.14,0.249,0.243;aaaaaaaaaa;
aaa;0.462,0.785,0.577,0.11,0.203,0.836,0.524,0.0689,0.968,0.847;aaaaa;
aaaaaaa;0.0564,0.575,0.241,0.762,0.435,0.972,0.666,0.801,0.638,0.962;aaaa;
aaaaaa;0.759,0.0592,0.448,0.4,0.566,0.382,0.0396,0.989,0.357,0.651;aaaa;
aaaaaaa;0.414,0.726,0.771,0.375,0.352,0.882,0.273,0.851,0.722,0.104;aaaaaaa;
aaaaaaaaaa;0.0964,0.951,0.661,0.809,0.0964,0.893,0.821,0.14,0.249,0.243;aaaaaaaaa;
aaa;0.462,0.785,0.577,0.11,0.203,0.836,0.524,0.0689,0.968,0.847;aaaa;
aaaaaaa;0.0564,0.575,0.241,0.762,0.435,0.972,0.666,0.801,0.638,0.962;aaa;
aaaaaa;0.759,0.0592,0.448,0.4,0.566,0.382,0.0396,0.989,0.357,0.651;aaaaaaaaaa;
aaaaaaa;0.414,0.726,0.771,0.375,0.352,0.882,0.273,0.851,0.722,0.104;aaaaaaaaa;
aaaaaaaaaa;0.0964,0.951,0.661,0.809,0.0964,0.893,0.821,0.14,0.249,0.243;aaaaaa;
aaa;0.462,0.785,0.577,0.11,0.203,0.836,0.524,0.0689,0.968,0.847;aaaaaa;
aaaaaaa;0.0564,0.575,0.241,0.762,0.435,0.972,0.666,0.801,0.638,0.962;aa;
aaaaaa;0.759,0.0592,0.448,0.4,0.566,0.382,0.0396,0.989,0.357,0.651;aaaaaaaaa;
aaaaaaa;0.414,0.726,0.771,0.375,0.352,0.882,0.273,0.851,0.722,0.104;aaaaaaaaaa;
aaaaaaaaaa;0.0964,0.951,0.661,0.809,0.0964,0.893,0.821,0.14,0.249,0.243;aaaaaa;
aaa;0.462,0.785,0.577,0.11,0.203,0.836,0.524,0.0689,0.968,0.847;aaaaaaa;
aaaaaaa;0.0564,0.575,0.241,0.762,0.435,0.972,0.666,0.801,0.638,0.962;aaaaa;
aaaaaa;0.759,0.0592,0.448,0.4,0.566,0.382,0.0396,0.989,0.357,0.651;aaaaaaaaa;
aaaaaaa;0.414,0.726,0.771,0.375,0.352,0.882,0.273,0.851,0.722,0.104;aaa;
aaaaaaaaaa;0.0964,0.951,0.661,0.809,0.0964,0.893,0.821,0.14,0.249,0.243;aaaaaaaa;
aaa;0.462,0.785,0.577,0.11,0.203,0.836,0.524,0.0689,0.968,0.847;aaaaa;
aaaaaaa;0.0564,0.575,0.241,0.762,0.435,0.972,0.666,0.801,0.638,0.962;aaaaaaa;
aaaaaa;0.759,0.0592,0.448,0.4,0.566,0.382,0.0396,0.989,0.357,0.651;aaaaaaaaaa;
aaaaaaa;0.414,0.726,0.771,0.375,0.352,0.882,0.273,0.851,0.722,0.104;a;
aaaaaaaaaa;0.0964,0.951,0.661,0.809,0.0964,0.893,0.821,0.14,0.249,0.243;aaaaaaaaaa;
aaa;0.462,0.785,0.577,0.11,0.203,0.836,0.524,0.0689,0.968,0.847;aaa;
aaaaaaa;0.0564,0.575,0.241,0.762,0.435,0.972,0.666,0.801,0.638,0.962;aa;
aaaaaa;0.759,0.0592,0.448,0.4,0.566,0.382,0.0396,0.989,0.357,0.651;aaaaaaaaa;
aaaaaaa;0.414,0.726,0.771,0.375,0.352,0.882,0.273,0.851,0.722,0.104;aaaaaaaaaa;
aaaaaaaaaa;0.0964,0.951,0.661,0.809,0.0964,0.893,0.821,0.14,0.249,0.243;aaaaaaaaa;
aaa;0.462,0.785,0.577,0.11,0.203,0.836,0.524,0.0689,0.968,0.847;aaaaaaa;
aaaaaaa;0.0564,0.575,0.241,0.762,0.435,0.972,0.666,0.801,0.638,0.962;a;
aaaaaa;0.759,0.0592,0.448,0.4,0.566,0.382,0.0396,0.989,0.357,0.651;a;
aaaaaaa;0.414,0.726,0.771,0.375,0.352,0.882,0.273,0.851,0.722,0.104;aa;
aaaaaaaaaa;0.0964,0.951,0.661,0.809,0.0964,0.893,0.821,0.14,0.249,0.243;aaaaaaaa;
aaa;0.462,0.785,0.577,0.11,0.203,0.836,0.524,0.0689,0.968,0.847;aaaaa;
aaaaaaa;0.0564,0.575,0.241,0.762,0.435,0.972,0.666,0.801,0.638,0.962;aaa;
aaaaaa;0.759,0.0592,0.448,0.4,0.566,0.382,0.0396,0.989,0.357,0.651;aaaa;
aaaaaaa;0.414,0.726,0.771,0.375,0.352,0.882,0.273,0.851,0.722,0.104;aaa;
aaaaaaaaaa;0.0964,0.951,0.661,0.809,0.0964,0.893,0.821,0.14,0.249,0.243;aaaaaaaaaa;
aaa;0.462,0.785,0.577,0.11,0.203,0.836,0.524,0.0689,0.968,0.847;aaaaaa;
aaaaaaa;0.0564,0.575,0.241,0.762,0.435,0.972,0.666,0.801,0.638,0.962;aaaaaa;
aaaaaa;0.759,0.0592,0.448,0.4,0.566,0.382,0.0396,0.989,0.357,0.651;a;
aaaaaaa;0.414,0.726,0.771,0.375,0.352,0.882,0.273,0.851,0.722,0.104;aaaaaa;
aaaaaaaaaa;0.0964,0.951,0.661,0.809,0.0964,0.893,0.821,0.14,0.249,0.243;aaaaaaaa;
aaa;0.462,0.785,0.577,0.11,0.203,0.836,0.524,0.0689,0.968,0.847;aaaaaaaaa;
aaaaaaa;0.0564,0.575,0.241,0.762,0.435,0.972,0.666,0.801,0.638,0.962;aaaaaaaaa;
aaaaaa;0.759,0.0592,0.448,0.4,0.566,0.382,0.0396,0.989,0.357,0.651;aaaaaaaaa;
aaaaaaa;0.414,0.726,0.771,0.375,0.352,0.882,0.273,0.851,0.722,0.104;aa;
aaaaaaaaaa;0.0964,0.951,0.661,0.809,0.0964,0.893,0.821,0.14,0.249,0.243;aaaaaaaa;
aaa;0.462,0.785,0.577,0.11,0.203,0.836,0.524,0.0689,0.968,0.847;aaaaa;
aaaaaaa;0.0564,0.575,0.241,0.762,0.435,0.972,0.666,0.801,0.638,0.962;aa;
aaaaaa;0.759,0.0592,0.448,0.4,0.566,0.382,0.0396,0.989,0.357,0.651;aaa;
aaaaaaa;0.414,0.726,0.771,0.375,0.352,0.882,0.273,0.851,0.722,0.104;aa;
aaaaaaaaaa;0.0964,0.951,0.661,0.809,0.0964,0.893,0.821,0.14,0.249,0.243;aaaaaaaaaa;
aaa;0.462,0.785,0.577,0.11,0.203,0.836,0.524,0.0689,0.968,0.847;aaaaa;
aaaaaaa;0.0564,0.575,0.241,0.762,0.435,0.972,0.666,0.801,0.638,0.962;aa;
aaaaaa;0.759,0.0592,0.448,0.4,0.566,0.382,0.0396,0.989,0.357,0.651;aaaaaaaa;
aaaaaaa;0.414,0.726,0.771,0.375,0.352,0.882,0.273,0.851,0.722,0.104;aaaaa;
aaaaaaaaaa;0.0964,0.951,0.661,0.809,0.0964,0.893,0.821,0.14,0.249,0.243;aaaaaaaa;
aaa;0.462,0.785,0.577,0.11,0.203,0.836,0.524,0.0689,0.968,0.847;aaaaaaaaaa;
aaaaaaa;0.0564,0.575,0.241,0.762,0.435,0.972,0.666,0.801,0.638,0.962;aa;
aaaaaa;0.759,0.0592,0.448,0.4,0.566,0.382,0.0396,0.989,0.357,0.651;aaaaaaa;
aaaaaaa;0.414,0.726,0.771,0.375,0.352,0.882,0.273,0.851,0.722,0.104;aaaaaaaa;
aaaaaaaaaa;0.0964,0.951,0.661,0.809,0.0964,0.893,0.821,0.14,0.249,0.243;aaa;
aaa;0.462,0.785,0.577,0.11,0.203,0.836,0.524,0.0689,0.968,0.847;aaaaaaaaa;
aaaaaaa;0.0564,0.575,0.241,0.762,0.435,0.972,0.666,0.801,0.638,0.962;aaaa;
aaaaaa;0.759,0.0592,0.448,0.4,0.566,0.382,0.0396,0.989,0.357,0.651;aaaaaaa;
aaaaaaa;0.414,0.726,0.771,0.375,0.352,0.882,0.273,0.851,0.722,0.104;aaaa;
aaaaaaaaaa;0.0964,0.951,0.661,0.809,0.0964,0.893,0.821,0.14,0.249,0.243;aaaaa;
aaa;0.462,0.785,0.577,0.11,0.203,0.836,0.524,0.0689,0.968,0.847;aaaaaa;
aaaaaaa;0.0564,0.575,0.241,0.762,0.435,0.972,0.666,0.801,0.638,0.962;aaaaaaaaa;
aaaaaa;0.759,0.0592,0.448,0.4,0.566,0.382,0.0396,0.989,0.357,0.651;aaa;
aaaaaaa;0.414,0.726,0.771,0.375,0.352,0.882,0.273,0.851,0.722,0.104;aaaaaaaaa;
aaaaaaaaaa;0.0964,0.951,0.661,0.809,0.0964,0.893,0.821,0.14,0.249,0.243;aaaaaa;
aaa;0.462,0.785,0.577,0.11,0.203,0.836,0.524,0.0689,0.968,0.847;aaaaa;
aaaaaaa;0.0564,0.575,0.241,0.762,0.435,0.972,0.666,0.801,0.638,0.962;aaa;
aaaaaa;0.759,0.0592,0.448,0.4,0.566,0.382,0.0396,0.989,0.357,0.651;aaaaaaaaa;
aaaaaaa;0.414,0.726,0.771,0.375,0.352,0.882,0.273,0.851,0.722,0.104;aaaaaa;
aaaaaaaaaa;0.0964,0.951,0.661,0.809,0.0964,0.893,0.821,0.14,0.249,0.243;aa;
aaa;0.462,0.785,0.577,0.11,0.203,0.836,0.524,0.0689,0.968,0.847;aaaaaaaaa;
aaaaaaa;0.0564,0.575,0.241,0.762,0.435,0.972,0.666,0.801,0.638,0.962;a;
aaaaaa;0.759,0.0592,0.448,0.4,0.566,0.382,0.0396,0.989,0.357,0.651;aaaaaaaaaa;
aaaaaaa;0.414,0.726,0.771,0.375,0.352,0.882,0.273,0.851,0.722,0.104;aaaa;
aaaaaaaaaa;0.0964,0.951,0.661,0.809,0.0964,0.893,0.821,0.14,0.249,0.243;aaaaaaaa;
aaa;0.462,0.785,0.577,0.11,0.203,0.836,0.524,0.0689,0.968,0.847;aaaaaa;
aaaaaaa;0.0564,0.575,0.241,0.762,0.435,0.972,0.666,0.801,0.638,0.962;aaaaaaa;
aaaaaa;0.759,0.0592,0.448,0.4,0.566,0.382,0.0396,0.989,0.357,0.651;aaaaaaaaa;
aaaaaaa;0.414,0.726,0.771,0.375,0.352,0.882,0.273,0.851,0.722,0.104;aaaaaa;
aaaaaaaaaa;0.0964,0.951,0.661,0.809,0.0964,0.893,0.821,0.14,0.249,0.243;aaaaaaaaaa;
aaa;0.462,0.785,0.577,0.11,0.203,0.836,0.524,0.0689,0.968,0.847;aaa;
aaaaaaa;0.0564,0.575,0.241,0.762,0.435,0.972,0.666,0.801,0.638,0.962;a;
aaaaaa;0.759,0.0592,0.448,0.4,0.566,0.382,0.0396,0.989,0.357,0.651;aaaa;
aaaaaaa;0.414,0.726,0.771,0.375,0.352,0.882,0.273,0.851,0.722,0.104;aaaaaa;
aaaaaaaaaa;0.0964,0.951,0.661,0.809,0.0964,0.893,0.821,0.14,0.249,0.243;aaa;
aaa;0.462,0.785,0.577,0.11,0.203,0.836,0.524,0.0689,0.968,0.847;aaaaaaa;
aaaaaaa;0.0564,0.575,0.241,0.762,0.435,0.972,0.666,0.801,0.638,0.962;aaaaaaaa;
aaaaaa;0.759,0.0592,0.448,0.4,0.566,0.382,0.0396,0.989,0.357,0.651;aa;
aaaaaaa;0.414,0.726,0.771,0.375,0.352,0.882,0.273,0.851,0.722,0.104;aa;
aaaaaaaaaa;0.0964,0.951,0.661,0.809,0.0964,0.893,0.821,0.14,0.249,0.243;aaaaaaa;
aaa;0.462,0.785,0.577,0.11,0.203,0.836,0.524,0.0689,0.968,0.847;aaa;
aaaaaaa;0.0564,0.575,0.241,0.762,0.435,0.972,0.666,0.801,0.638,0.962;aaa;
aaaaaa;0.759,0.0592,0.448,0.4,0.566,0.382,0.0396,0.989,0.357,0.651;aa;
aaaaaaa;0.414,0.726,0.771,0.375,0.352,0.882,0.273,0.851,0.722,0.104;aa;
aaaaaaaaaa;0.0964,0.951,0.661,0.809,0.0964,0.893,0.821,0.14,0.249,0.243;aaa;
aaa;0.462,0.785,0.577,0.11,0.203,0.836,0.524,0.0689,0.968,0.847;aa;
aaaaaaa;0.0564,0.575,0.241,0.762,0.435,0.972,0.666,0.801,0.638,0.962;aaaaaaaaaa;
aaaaaa;0.759,0.0592,0.448,0.4,0.566,0.382,0.0396,0.989,0.357,0.651;aaaaa;
aaaaaaa;0.414,0.726,0.771,0.375,0.352,0.882,0.273,0.851,0.722,0.104;aaaa;
