0	0
1	1
2	2
3	3
4	2,4,21,43
5	5,10,42
6	6,45
7	7,34
8	8,37,48
9	9,19,38
10	10
11	1,11,16,38,44
12	12
13	13
14	14
15	15
16	16
17	17
18	18
19	19
20	20
21	21,22
22	22
23	2,23
24	2,5,24
25	25
26	26
27	27
28	28,44
29	29
30	30
31	31
32	32
33	33
34	34
35	35
36	36
37	25,37
38	32,38
39	39,48
40	22,40
41	41
42	37,41,42
43	43
44	44
45	45
46	46
47	17,47
48	48
49	49
50	27
51	3
52	10
53	43
54	29
55	6
56	19
57	4,13
58	0
59	35
60	1,38
61	8
62	5
63	10
64	1
65	18
66	0,1
67	1
68	1
69	1
70	10,35
71	0
72	6
73	0
74	4,10
75	19
76	30
77	17
78	3
79	12
80	2
81	7
82	1
83	0
84	4
85	35
86	17
87	1
88	18,48
89	0
90	8
91	0
92	4
93	2,9
94	27
95	8
96	2
97	3
98	2
99	13,20
100	7
101	30,33
102	6
103	3
104	13
105	7
106	3
107	1
108	4
109	0
110	9
111	13
112	44
113	12,18
114	2
115	12
116	9
117	0
118	1
119	8
120	3
121	37
122	2,22
123	7
124	3
125	11
126	24
127	3
128	9
129	18
130	7,13
131	11
132	0
133	16
134	24
135	32
136	5,20,49
137	4
138	25
139	13
140	1
141	0
142	1,7,22
143	9
144	8
145	19
146	19
147	4
148	0
149	10
150	3
151	6
152	23
153	0
154	33
155	10
156	31
157	12
158	3
159	5
160	2
161	12
162	18
163	22
164	1
165	2
166	28
167	12
168	10
169	13
170	40
171	32
172	14
173	17,29,39
174	27
175	27
176	25,43
177	2
178	3
179	14
180	25
181	11
182	5
183	28
184	3
185	22
186	19
187	9
188	34
189	17
190	33
191	1
192	6
193	16
194	5
195	16
196	3
197	16
198	5
199	2,15
200	1
201	12
202	19
203	48
204	8,27
205	5
206	10
207	16
208	4
209	6,44
210	4
211	5
212	15
213	1
214	9
215	1
216	29
217	17
218	5
219	2
220	0
221	2
222	39
223	2
224	11
225	7
226	48
227	31,43
228	21
229	38
230	32
231	8
232	0
233	24
234	20,38
235	1
236	43
237	0
238	14,22
239	10
240	6
241	13
242	2,45
243	44
244	28
245	5
246	9
247	3
248	18
249	13
250	0
251	21,37
252	24
253	20
254	0
255	1
256	17
257	1
258	4
259	8
260	18
261	19
262	15
263	13
264	19
265	3
266	0,30
267	14
268	23
269	36
270	5
271	6
272	2
273	1
274	36
275	3
276	6
277	2
278	2
279	14
280	2
281	35,43
282	3
283	18
284	11
285	2
286	21
287	1
288	19
289	32
290	29
291	12
292	2,4,29
293	0
294	22
295	1
296	3
297	14
298	18
299	5,17
300	33,44
301	2
302	18
303	22
304	20
305	1
306	27
307	31
308	2
309	36
310	22
311	16
312	14,23
313	16
314	0
315	12,35
316	16
317	5
318	13
319	43
320	27
321	9
322	0
323	13
324	9
325	8
326	5
327	0
328	8
329	17
330	27
331	5
332	18
333	0
334	26
335	23
336	20
337	11
338	5
339	4
340	16
341	14
342	11
343	30
344	6
345	18
346	14
347	27
348	6
349	21
350	4
351	10
352	2
353	1
354	12
355	44
356	0
357	12
358	3
359	13,47
360	10
361	8,42
362	12
363	7
364	21
365	0
366	10
367	30
368	0
369	16
370	30
371	1
372	11
373	23
374	14
375	14
376	7
377	3
378	11
379	1
380	10,41
381	5
382	4,17,27
383	6
384	7
385	10
386	12
387	9
388	46
389	3
390	19
391	19
392	4
393	2
394	11
395	39
396	17
397	13,22
398	2
399	4
400	2
401	2
402	2
403	1
404	4
405	13
406	13
407	2
408	15
409	27
410	18
411	8
412	5
413	27
414	14
415	14
416	8
417	8
418	4
419	11
420	24
421	0
422	12
423	8
424	4
425	13
426	9
427	0
428	5
429	27
430	22
431	15,48
432	7
433	10
434	7
435	2
436	15
437	11
438	2,10
439	26
440	40
441	1
442	8
443	20
444	23
445	5
446	2
447	25
448	16
449	5
450	2
451	22
452	18
453	14,43
454	8
455	3
456	17
457	21
458	15
459	4
460	7
461	38
462	12
463	5
464	19
465	11
466	9
467	32
468	11
469	1
470	14
471	11
472	16
473	9
474	16
475	5
476	5
477	7
478	18
479	10
480	12
481	7
482	15
483	7
484	4,7
485	3
486	13
487	41
488	1
489	36
490	21
491	3
492	0
493	10
494	3
495	4
496	7
497	1
498	6
499	23
500	7
501	5
502	7
503	4
504	4,12
505	3
506	0
507	0
508	5
509	2
510	21
511	37
512	19
513	34
514	13
515	13
516	15
517	41
518	9
519	36
520	12
521	11
522	3
523	8
524	1
525	8
526	6
527	5
528	2
529	1
530	14
531	5
532	21
533	4
534	23
535	35
536	2
537	23
538	1
539	9
540	3
541	0
542	3
543	9
544	1
545	26
546	17
547	41
548	20
549	11
550	21
551	21
552	1
553	5
554	0
555	3
556	8
557	4
558	32
559	22
560	11
561	24
562	1
563	46
564	2
565	27
566	27
567	14
568	12
569	22
570	1
571	35
572	4
573	1
574	0
575	19
576	15
577	21
578	3
579	21
580	13
581	33
582	15
583	0
584	16
585	7
586	4
587	2
588	16
589	8
590	1
591	10
592	16
593	30
594	20
595	6
596	1
597	19
598	21
599	6
600	35,48
601	6,46
602	13
603	17
604	45
605	13
606	33
607	14
608	10,12
609	4
610	35
611	2
612	11
613	4
614	30
615	1
616	0
617	3
618	5
619	34
620	12
621	18
622	16
623	5
624	0
625	7,30
626	14
627	11,29
628	0
629	8
630	15,46
631	6
632	11
633	7
634	5
635	32
636	26
637	17
638	13
639	3
640	17
641	5
642	9
643	16
644	4
645	8
646	21
647	21
648	14
649	2
650	9
651	6
652	5
653	8
654	4
655	9
656	5
657	1,17
658	3
659	16
660	22
661	31
662	1
663	3
664	6
665	14
666	40
667	7
668	18
669	0
670	1
671	18
672	14
673	12
674	0
675	9
676	2
677	35
678	14
679	19
680	1
681	0
682	28
683	12
684	15
685	30
686	28
687	6,40
688	9
689	8
690	2
691	37
692	0
693	6
694	19
695	22
696	2
697	44
698	12
699	6
700	9
701	1
702	20
703	13
704	23
705	35
706	9
707	5
708	10
709	2
710	9
711	1
712	12
713	14
714	34
715	4
716	18
717	19
718	10
719	2
720	4
721	6
722	26
723	14
724	1
725	8,20
726	11
727	6
728	26
729	2
730	5
731	8
732	16
733	24
734	29
735	14
736	8
737	20
738	20
739	7
740	18
741	4
742	17
743	10,30
744	43
745	9
746	20
747	1
748	19
749	13
750	32
751	1
752	16,45
753	3
754	32
755	10
756	2
757	10
758	0
759	21
760	20
761	1
762	3
763	37
764	17
765	5
766	43
767	22
768	6
769	1
770	17
771	7
772	17
773	9
774	14
775	10
776	13
777	0
778	37
779	12
780	1
781	32,41
782	12
783	2
784	5
785	4
786	16
787	4
788	2
789	11
790	13
791	21
792	6
793	7
794	20
795	30
796	1
797	5
798	2
799	0
800	2
801	15
802	21
803	0
804	1
805	0
806	10
807	7
808	14,24
809	12
810	33
811	8
812	11
813	26
814	33
815	3
816	1
817	13
818	36
819	14
820	3
821	10
822	14
823	23
824	10
825	6
826	13
827	0
828	32
829	5
830	1
831	0
832	19
833	8
834	18
835	11,31,36
836	20
837	6
838	9
839	19
840	5
841	6
842	10
843	21
844	5
845	16
846	32
847	27
848	5
849	1
850	18
851	10
852	26
853	6
854	18
855	14
856	39
857	9
858	16
859	43
860	15
861	4
862	5
863	22
864	2
865	43
866	17
867	0
868	12
869	4
870	3
871	1
872	3
873	11
874	2
875	2
876	14
877	28,36,47
878	7
879	8
880	26
881	14
882	4
883	2
884	11
885	17
886	13
887	1
888	10
889	29
890	17
891	2
892	38
893	5
894	2
895	4
896	9
897	29
898	22
899	20
900	7
901	3
902	8,26,42
903	14
904	5
905	1
906	7
907	12
908	16
909	22
910	2
911	3
912	1
913	18
914	4
915	8
916	3
917	3
918	4
919	1
920	12
921	4
922	34
923	21
924	7
925	10
926	19
927	29
928	25,32,34
929	15
930	7
931	17
932	0,40,44
933	20
934	8
935	0
936	2
937	0
938	17
939	15
940	9
941	33
942	35
943	7
944	6
945	15
946	0
947	28
948	14
949	32,33
950	12
951	20
952	11
953	18
954	27
955	2
956	11
957	27
958	12
959	7
960	3
961	1
962	13
963	10
964	8
965	25
966	6
967	22
968	17
969	9
970	7
971	27
972	13
973	18
974	5
975	3
976	27
977	0
978	2,31,42
979	12
980	13
981	5
982	1
983	2
984	4
985	2
986	16
987	20
988	1
989	14
990	7
991	2
992	3
993	11
994	21
995	0
996	1
997	3
998	25,28
999	13
1000	0
1001	0
1002	0
1003	0
1004	0
1005	2
1006	2
1007	2
1008	2
1009	2
1010	6
1011	6
1012	6
1013	6
1014	6
1015	14
1016	14
1017	14
1018	14
1019	14
1020	30
1021	30
1022	30
1023	30
1024	30
1025	49
1026	49
1027	49
1028	49
1029	49
1030	48
1031	48
1032	48
1033	48
1034	48
1035	47
1036	47
1037	47
1038	47
1039	47
1040	46
1041	46
1042	46
1043	46
1044	46
1045	45
1046	45
1047	45
1048	45
1049	45
1050	44
1051	44
1052	44
1053	44
1054	44
1055	43
1056	43
1057	43
1058	43
1059	43
1060	42
1061	42
1062	42
1063	42
1064	42
1065	41
1066	41
1067	41
1068	41
1069	41
1070	40
1071	40
1072	40
1073	40
1074	40
1075	39
1076	39
1077	39
1078	39
1079	39
1080	38
1081	38
1082	38
1083	38
1084	38
1085	37
1086	37
1087	37
1088	37
1089	37
1090	36
1091	36
1092	36
1093	36
1094	36
1095	35
1096	35
1097	35
1098	35
1099	35
1100	34
1101	34
1102	34
1103	34
1104	34
1105	33
1106	33
1107	33
1108	33
1109	33
1110	32
1111	32
1112	32
1113	32
1114	32
1115	29
1116	29
1117	29
1118	29
1119	29
1120	31
1121	31
1122	31
1123	31
1124	31
