ATT0(float,10);ATT1(string,10);ATT2(string,10);
0.177,0.266,0.151,0.00323,0.843,0.394,0.216,0.183,0.837,0.125;aaaaa;aa;
0.22,0.747,0.266,0.147,0.501,0.809,0.12,0.454,0.584,0.242;aaaaaaaaaa;aaaaaaaaa;
0.837,0.253,0.626,0.809,0.767,0.619,0.388,0.319,0.406,0.671;aaaa;aaaaa;
0.00229,0.106,0.0763,0.328,0.414,0.333,0.449,0.34,0.625,0.511;aaaa;aaaaaaa;
0.65,0.279,0.783,0.0235,0.224,0.126,0.999,0.881,0.797,0.758;aaaaaaaaaa;aaaa;
0.29,0.653,0.625,0.633,0.637,0.55,0.0401,0.839,0.954,0.598;aaaa;aa;
0.876,0.348,0.257,0.535,0.872,0.55,0.566,0.514,0.249,0.718;aaaaaaa;aaa;
0.61,0.0192,0.131,0.539,0.596,0.0105,0.132,0.325,0.581,0.187;aaaaaaa;aaaaaaaa;
0.477,0.963,0.026,0.507,0.936,0.794,0.0835,0.889,0.0742,0.697;a;aaaaaaaaa;
0.387,0.632,0.407,0.783,0.285,0.909,0.609,0.3,0.496,0.547;aaaa;aaaaaaaaaa;
0.753,0.561,0.0394,0.128,0.567,0.929,0.146,0.851,0.318,0.843;a;aa;
0.914,0.203,0.182,0.0999,0.249,0.622,0.847,0.95,0.692,0.398;aaaaaaaaaa;aaaaaaa;
0.809,0.0474,0.806,0.855,0.944,0.427,0.969,0.466,0.373,0.805;aa;aa;
0.272,0.148,0.679,0.728,0.898,0.504,0.164,0.433,0.693,0.171;aaa;aaaaaaaaaa;
0.915,0.459,0.0891,0.73,0.707,0.4,0.962,0.105,0.00115,0.543;aaaaa;a;
0.756,0.0853,0.369,0.781,0.414,0.224,0.41,0.841,0.00752,0.509;aa;aaaa;
0.845,0.88,0.221,0.932,0.212,0.425,0.058,0.756,0.34,0.61;aaaa;aaaaa;
0.345,0.621,0.246,0.0605,0.976,0.926,0.179,0.975,0.783,0.64;aaaaaa;aa;
0.555,0.857,0.0305,0.852,0.683,0.991,0.013,0.672,0.657,0.365;aaaaaa;aaaaaaa;
0.38,0.663,0.427,0.691,0.42,0.755,0.866,0.0735,0.445,0.197;aaaaaaaaaa;aa;
0.42,0.182,0.177,0.768,0.557,0.581,0.015,0.663,0.168,0.926;aaaaaaaaa;aaaaaa;
0.509,0.973,0.00113,0.223,0.736,0.191,0.0763,0.887,0.701,0.304;aaaa;aaaaaaa;
0.536,0.951,0.0158,0.264,0.688,0.534,0.277,0.288,0.467,0.454;aaaaa;aaaaaaaaa;
0.312,0.351,0.259,0.101,0.574,0.77,0.0284,0.445,0.795,0.231;aaaaaa;aaaaa;
0.205,0.256,0.154,0.781,0.594,0.824,0.704,0.762,0.439,0.8;a;aa;
0.771,0.569,0.951,0.889,0.838,0.912,0.814,0.757,0.623,0.204;aaaaaaaaaa;aaaaaaaaaa;
0.397,0.511,0.639,0.734,0.931,0.955,0.366,0.928,0.246,0.554;aaa;aa;
0.697,0.555,0.745,0.572,0.564,0.355,0.408,0.676,0.392,0.573;aaaaaaa;aaaaaa;
0.415,0.271,0.787,0.153,0.724,0.588,0.928,0.0732,0.731,0.674;aa;a;
0.685,0.785,0.389,0.502,0.273,0.793,0.971,0.585,0.877,0.278;aaaaaa;aaa;
0.055,0.73,0.387,0.261,0.287,0.885,0.451,0.566,0.319,0.622;aaaaaaaa;aaa;
0.139,0.268,0.322,0.341,0.832,0.981,0.248,0.688,0.284,0.925;aaaaa;aaaaaa;
0.775,0.115,0.308,0.00885,0.396,0.803,0.0449,0.251,0.657,0.643;aaaaa;aaaaaa;
0.291,0.818,0.666,0.272,0.614,0.74,0.472,0.904,0.126,0.863;aaaaa;aaaa;
0.89,0.138,0.0303,0.461,0.207,0.5,0.683,0.322,0.448,0.132;aaaaaaaaa;aaaa;
0.885,0.159,0.597,0.289,0.911,0.502,0.443,0.096,0.735,0.837;aaaaaaa;a;
0.7,0.292,0.0879,0.0401,0.824,0.747,0.284,0.293,0.844,0.304;aaaaaaaaaa;aaaaaaaa;
0.309,0.497,0.852,0.901,0.508,0.622,0.284,0.908,0.38,0.404;a;aa;
0.733,0.174,0.481,0.649,0.39,0.518,0.969,0.437,0.64,0.29;aaaaaaaa;aaa;
0.736,0.652,0.582,0.413,0.731,0.847,0.249,0.239,0.456,0.82;aaaaaaa;aaaaaaaaa;
0.0816,0.516,0.764,0.65,0.649,0.153,0.826,0.796,0.718,0.38;aa;aaaaaa;
0.928,0.427,0.27,0.986,0.646,0.767,0.614,0.083,0.102,0.011;aaa;a;
0.354,0.55,0.0484,0.872,0.864,0.319,0.939,0.113,0.681,0.462;aaa;aa;
0.359,0.882,0.606,0.729,0.367,0.0317,0.445,0.77,0.949,0.681;aaaaa;aaaa;
0.77,0.0543,0.139,0.618,0.582,0.349,0.778,0.014,0.119,0.648;aaaaaa;aaaaaaaaaa;
0.0146,0.847,0.755,0.694,0.422,0.66,0.0147,0.9,0.607,0.534;aaaaa;aa;
0.67,0.0964,0.998,0.917,0.966,0.132,0.244,0.592,0.884,0.518;aa;aaaaaaaaa;
0.433,0.29,0.52,0.567,0.644,0.722,0.369,0.204,0.335,0.289;aaaaaaaaa;aaaaa;
0.97,0.843,0.749,0.352,0.662,0.234,0.75,0.724,0.499,0.84;aaaaaaaaaa;aaaaaaaa;
0.946,0.772,0.658,0.553,0.326,0.142,0.759,0.584,0.995,0.674;aaaaaaaaa;aaaa;
0.489,0.908,0.446,0.755,0.921,0.446,0.146,0.0325,0.208,0.0022;aaaaaaaa;aaaaaa;
0.336,0.544,0.765,0.4,0.454,0.459,0.493,0.0947,0.245,0.445;aaaaaaaaa;aaaaaaaaaa;
0.266,0.588,0.151,0.0378,0.687,0.0571,0.518,0.96,0.0375,0.0529;aaaaaaa;aaaaaaa;
0.337,0.696,0.53,0.726,0.666,0.54,0.577,0.406,0.856,0.695;aa;aaaaaaa;
0.984,0.175,0.922,0.532,0.686,0.123,0.654,0.326,0.492,0.0293;aa;aaaaaaaaa;
0.7,0.52,0.647,0.909,0.439,0.461,0.39,0.338,0.409,0.927;aaaaaa;aaa;
0.935,0.598,0.531,0.323,0.173,0.184,0.28,0.857,0.146,0.665;aaaaaaaaaa;aaaaaa;
0.215,0.757,0.76,0.159,0.613,0.635,0.0449,0.644,0.139,0.881;aaaaaaaaa;aaaaa;
0.0303,0.459,0.916,0.952,0.657,0.77,0.454,0.682,0.0546,0.601;aaaaaaaa;aaaaaaaaa;
0.33,0.333,0.403,0.853,0.0239,0.323,0.3,0.697,0.0962,0.0887;aaaaaa;a;
0.59,0.809,0.738,0.051,0.449,0.913,0.316,0.503,0.553,0.53;aaaaaa;aaaaa;
0.842,0.644,0.267,0.66,0.959,0.442,0.511,0.789,0.785,0.0359;aaaaaaaa;aaaaaaa;
0.847,0.224,0.341,0.775,0.733,0.507,0.0788,0.545,0.38,0.117;aaaaaa;aaaaa;
0.561,0.193,0.262,0.998,0.6,0.268,0.551,0.954,0.569,0.441;aaaaaaaaa;aa;
0.765,0.793,0.229,0.165,0.968,0.139,0.964,0.168,0.332,0.906;aaaaa;aaaaaaaa;
0.348,0.92,0.959,0.166,0.402,0.496,0.272,0.0611,0.0488,0.71;aaa;a;
0.618,0.119,0.216,0.301,0.75,0.857,0.59,0.656,0.528,0.682;aaaaaaaa;aaaaaaaaaa;
0.0923,0.442,0.961,0.363,0.196,0.355,0.935,0.854,0.478,0.808;aaaaaa;aaaa;
0.253,0.579,0.0695,0.334,0.495,0.948,0.387,0.324,0.285,0.926;aa;aaaaaaaa;
0.567,0.284,0.799,0.0189,0.212,0.78,0.834,0.129,0.573,0.509;aaaa;aaaaaaa;
0.819,0.651,0.921,0.703,0.56,0.712,0.337,0.236,0.323,0.779;aaaaaaa;aaaaaaa;
0.0432,0.469,0.369,0.776,0.382,0.178,0.128,0.875,0.715,0.161;aaaaa;aaaaaaaaaa;
0.999,0.351,0.328,0.766,0.0377,0.264,0.238,0.962,0.993,0.979;aaa;a;
0.717,0.267,0.533,0.852,0.732,0.374,0.165,0.252,0.458,0.515;aaa;aaaaaaaaa;
0.776,0.238,0.942,0.316,0.609,0.812,0.305,0.417,0.0655,0.377;aaaaaa;aa;
0.949,0.684,0.158,0.206,0.977,0.108,0.872,0.566,0.902,0.802;aaaaaaaaa;aaaa;
0.536,0.359,0.163,0.769,0.743,0.588,0.624,0.498,0.684,0.965;aaaaaaaaaa;aaaa;
0.554,0.396,0.51,0.0402,0.85,0.879,0.613,0.661,0.0839,0.578;aaa;aaaaaaaaa;
0.178,0.596,0.211,0.636,0.0224,0.667,0.252,0.516,0.92,0.955;a;aaaa;
0.014,0.433,0.442,0.294,0.223,0.303,0.635,0.484,0.00387,0.463;aaaaa;aaaaaa;
0.194,0.815,0.556,0.721,0.933,0.101,0.00456,0.0634,0.37,0.932;aaaaaaaaa;aaaaaaaa;
0.45,0.493,0.955,0.66,0.825,0.475,0.747,0.728,0.872,0.724;aaaaaaaaaa;a;
0.102,0.421,0.787,0.228,0.178,0.382,0.279,0.347,0.93,0.889;aaaaa;a;
0.269,0.513,0.0306,0.821,0.0187,0.645,0.348,0.575,0.224,0.516;aaaaaaaaa;aaaaaaaaaa;
0.0231,0.975,0.117,0.384,0.0971,0.105,0.17,0.854,0.0199,0.198;aaa;aaaaaaaa;
0.312,0.093,0.813,0.25,0.11,0.763,0.526,0.68,0.325,0.962;a;aaa;
0.291,0.649,0.99,0.821,0.332,0.303,0.09,0.55,0.68,0.536;aaaaaaaa;aaaaaaaaaa;
0.451,0.593,0.859,0.778,0.386,0.266,0.317,0.116,0.815,0.0525;aaaaaaaaaa;aaaa;
0.986,0.906,0.805,0.599,0.0569,0.269,0.48,0.986,0.487,0.281;a;aaaaaa;
0.602,0.398,0.993,0.337,0.522,0.0607,0.663,0.788,0.739,0.99;aa;aaaaaaaaaa;
0.0541,0.944,0.759,0.993,0.0404,0.383,0.937,0.314,0.0719,0.954;aaaa;aaa;
0.76,0.698,0.41,0.687,0.376,0.0732,0.411,0.322,0.462,0.678;aa;aaaaaa;
0.397,0.202,0.554,0.0162,0.0608,0.753,0.222,0.301,0.064,0.681;aaaa;aa;
0.536,0.914,0.777,0.855,0.32,0.0971,0.38,0.902,0.0363,0.829;aaaa;aaaaaaaa;
0.0791,0.89,0.49,0.0401,0.52,0.0432,0.947,0.732,0.073,0.00542;aaaaaaaaa;aa;
0.144,0.02,0.586,0.352,0.915,0.494,0.299,0.177,0.571,0.534;aaaaaaaa;aa;
0.86,0.387,0.74,0.0638,0.383,0.908,0.612,0.407,0.769,0.399;a;aaaaaaaa;
0.391,0.721,0.119,0.206,0.0937,0.714,0.741,0.48,0.0444,0.888;a;aaaaaaaaaa;
0.161,0.38,0.238,0.427,0.514,0.291,0.133,0.285,0.185,0.167;aaaaaaaaa;a;
0.165,0.921,0.736,0.832,0.868,0.51,0.831,0.751,0.264,0.258;aaaaaaa;a;
0.136,0.9,0.647,0.391,0.296,0.65,0.344,0.643,0.523,0.806;aaaaaaa;a;
0.573,0.196,0.955,0.795,0.08,0.396,0.451,0.5,0.585,0.234;aaaaaa;aaaaaaaaa;
0.542,0.95,0.697,0.49,0.296,0.698,0.695,0.0138,0.261,0.565;aaaaaaaaa;aaaaa;
0.898,0.252,0.364,0.192,0.697,0.499,0.695,0.0289,0.0954,0.347;aaaa;aaaaa;
0.326,0.22,0.294,0.512,0.273,0.743,0.958,0.447,0.159,0.689;aaa;aaaaaaaa;
0.854,0.651,0.282,0.795,0.562,0.0306,0.198,0.803,0.985,0.285;aaaaaaa;a;
0.259,0.136,0.513,0.471,0.255,0.123,0.749,0.0259,0.582,0.841;a;aaaaaaaaa;
0.29,0.937,0.315,0.507,0.335,0.613,0.574,0.995,0.959,0.324;a;a;
0.122,0.814,0.552,0.282,0.631,0.193,0.86,0.43,0.32,0.408;aaaaa;aaaa;
0.177,0.663,0.502,0.878,0.563,0.827,0.76,0.967,0.123,0.0475;aaaa;aaaaaaa;
0.927,0.355,0.595,0.513,0.775,0.824,0.986,0.671,0.106,0.181;aa;aaaaaa;
0.389,0.869,0.396,0.466,0.566,0.0631,0.766,0.00788,0.847,0.758;aa;aaaaaaa;
0.862,0.859,0.887,0.982,0.713,0.747,0.0428,0.699,0.838,0.216;aaaaaaaaaa;aaaaaaaa;
0.825,0.65,0.104,0.867,0.0315,0.226,0.782,0.496,0.956,0.577;aaaaaaaaaa;aaa;
0.416,0.43,0.343,0.339,0.788,0.314,0.293,0.0408,0.0457,0.626;aaaaaa;aaaaaa;
0.653,0.272,0.699,0.286,0.456,0.793,0.748,0.794,0.225,0.381;aaa;aaaa;
0.673,0.694,0.325,0.0478,0.371,0.745,0.981,0.982,0.326,0.549;aaaaaaa;aaaaa;
0.423,0.502,0.866,0.225,0.76,0.608,0.0245,0.712,0.594,0.665;aaaaaaaa;aa;
0.789,0.849,0.748,0.755,0.58,0.236,0.77,0.804,0.00949,0.972;aaaaaaaaa;aa;
0.186,0.688,0.752,0.406,0.363,0.193,0.154,0.834,0.514,0.493;aaaaa;aaaaaaaaa;
0.293,0.0888,0.279,0.417,0.671,0.647,0.587,0.354,0.021,0.0403;aaaa;aaaaaaa;
0.688,0.619,0.356,0.118,0.836,0.0222,0.817,0.995,0.113,0.774;aaaaaaaaaa;aaaaa;
0.976,0.126,0.877,0.125,0.519,0.226,0.795,0.748,0.521,0.599;aaaaa;a;
0.6,0.863,0.266,0.0849,0.948,0.773,0.372,0.538,0.841,0.623;aaaaa;aaaa;
0.717,0.75,0.434,0.976,0.451,0.557,0.67,0.241,0.118,0.854;aaaaaaaa;aa;
0.0394,0.954,0.0576,0.326,0.713,0.951,0.921,0.483,0.54,0.0612;aaaaaa;aaaaaaaaa;
0.853,0.286,0.226,0.729,0.726,0.14,0.438,0.27,0.27,0.0194;aaaaaaaaa;aaaaaa;
0.48,0.367,0.45,0.413,0.244,0.184,0.829,0.0137,0.0613,0.787;aaaaaaa;aaaaaaa;
0.332,0.819,0.639,0.304,0.502,0.632,0.755,0.813,0.965,0.525;aaaaaaa;a;
0.922,0.841,0.00933,0.98,0.697,0.95,0.831,0.49,0.566,0.241;aaaaa;aa;
0.809,0.344,0.387,0.652,0.0464,0.229,0.274,0.948,0.845,0.868;aaaaaa;a;
0.261,0.258,0.555,0.99,0.815,0.881,0.343,0.678,0.434,0.211;aaaaaaaa;aaaaaaaa;
0.706,0.932,0.795,0.472,0.758,0.589,0.288,0.0431,0.339,0.851;aaaaaaaa;aaaaaaa;
0.0572,0.696,0.261,0.358,0.916,0.0354,0.281,0.379,0.637,0.882;aa;aaa;
0.255,0.544,0.602,0.444,0.66,0.126,0.831,0.455,0.238,0.398;aaaaa;aaaaaaaa;
0.604,0.822,0.667,0.883,0.0433,0.793,0.964,0.694,0.938,0.0549;aaaa;aaaaaaaaa;
0.461,0.324,0.214,0.83,0.967,0.516,0.941,0.767,0.278,0.608;aaaaaa;aaaaaa;
0.86,0.0494,0.18,0.273,0.0433,0.357,0.987,0.128,0.518,0.381;aaaaa;aaaa;
0.414,0.285,0.726,0.049,0.756,0.772,0.861,0.142,0.458,0.0181;aa;aaaa;
0.545,0.901,0.754,0.75,0.413,0.687,0.695,0.639,0.237,0.257;aaaaa;a;
0.173,0.17,0.0271,0.8,0.598,0.744,0.114,0.644,0.631,0.996;aaaaaaaa;aaaaaaa;
0.917,0.017,0.645,0.32,0.914,0.508,0.472,0.916,0.261,0.464;aaaaaa;aaaaaaa;
0.00239,0.517,0.597,0.37,0.553,0.807,0.0752,0.471,0.165,0.767;aa;aaaaaaa;
0.432,0.67,0.825,0.66,0.182,0.489,0.393,0.876,0.815,0.954;aaa;aaaaaaaa;
0.396,0.101,0.736,0.884,0.341,0.159,0.226,0.495,0.126,0.376;a;aaaaaaaa;
0.642,0.574,0.537,0.944,0.437,0.624,0.24,0.569,0.619,0.706;aaaaaa;aaaaaaaaa;
0.993,0.572,0.484,0.754,0.687,0.251,0.502,0.722,0.364,0.466;a;aaaaaaaaa;
0.865,0.56,0.551,0.258,0.75,0.229,0.54,0.209,0.0856,0.671;aaaaaaaaaa;aaaaaa;
0.507,0.967,0.307,0.641,0.425,0.26,0.797,0.495,0.618,0.483;aaaaaaaaaa;aaaaaaaa;
0.273,0.538,0.708,0.472,0.501,0.27,0.946,0.307,0.0817,0.472;aaa;aaaaaaaaaa;
0.198,0.48,0.708,0.666,0.369,0.654,0.0555,0.098,0.23,0.94;aa;aa;
0.0139,0.162,0.686,0.89,0.456,0.705,0.871,0.349,0.501,0.261;a;aaaa;
0.371,0.481,0.165,0.737,0.277,0.835,0.777,0.413,0.108,0.0986;aaaa;aaaaaaaa;
0.546,0.724,0.538,0.101,0.0977,0.0566,0.532,0.382,0.435,0.349;a;aa;
0.91,0.317,0.601,0.756,0.0479,0.396,0.114,0.695,0.918,0.542;a;aaa;
0.495,0.579,0.849,0.454,0.855,0.464,0.684,0.21,0.689,0.726;aaaaaa;aaa;
0.722,0.539,0.658,0.896,0.736,0.857,0.348,0.627,0.935,0.268;aaaaaaaa;aaaaaaaaaa;
0.644,0.51,0.542,0.544,0.408,0.233,0.178,0.586,0.00779,0.985;aaaaaa;aaaaaaaaa;
0.137,0.626,0.0434,0.234,0.41,0.653,0.908,0.876,0.521,0.876;aa;aaaaaaaa;
0.997,0.693,0.977,0.76,0.572,0.98,0.674,0.99,0.454,0.117;aaaaaaaaaa;aaaa;
0.78,0.446,0.143,0.446,0.86,0.997,0.787,0.134,0.476,0.213;aaaaaaa;aaaaaa;
0.209,0.0331,0.663,0.37,0.476,0.985,0.762,0.521,0.872,0.746;aaaaa;aaaaaaaaa;
0.848,0.205,0.719,0.437,0.7,0.894,0.56,0.839,0.839,0.342;aaaaaaa;a;
0.981,0.00301,0.611,0.893,0.905,0.048,0.107,0.524,0.441,0.851;aaaaaaaaa;aa;
0.84,0.92,0.813,0.758,0.397,0.102,0.951,0.0891,0.691,0.592;aaaaaa;a;
0.816,0.603,0.413,0.126,0.128,0.34,0.14,0.495,0.395,0.427;aaaaa;aaaaa;
0.502,0.818,0.948,0.0233,0.895,0.105,0.852,0.0406,0.113,0.361;aaaaaaaaaa;aaaaaaaa;
0.146,0.627,0.893,0.0598,0.385,0.43,0.503,0.255,0.893,0.365;aaaaaaa;aaaaaaaaa;
0.194,0.54,0.0541,0.822,0.342,0.459,0.734,0.0428,0.328,0.805;aa;aaaaaaaa;
0.66,0.505,0.928,0.734,0.111,0.523,0.108,0.622,0.566,0.297;aaaaaaa;aaaaa;
0.8,0.851,0.222,0.457,0.138,0.867,0.886,0.804,0.988,0.283;aaaaaaaa;aaaaaa;
0.0869,0.298,0.668,0.935,0.81,0.23,0.0173,0.959,0.463,0.849;aaaaaaaa;aa;
0.551,0.272,0.836,0.0795,0.741,0.996,0.716,0.386,0.567,0.0509;aaaaaa;aaaaaaaaa;
0.74,0.244,0.89,0.85,0.287,0.0186,0.911,0.644,0.413,0.938;aaaaaa;a;
0.704,0.0315,0.796,0.412,0.614,0.218,0.793,0.913,0.838,0.101;aaaaaaaa;a;
0.779,0.91,0.412,0.746,0.652,0.677,0.595,0.0566,0.534,0.109;aaa;aaaaaaaaaa;
0.78,0.308,0.602,0.99,0.554,0.864,0.956,0.845,0.526,0.781;aaaaaa;aaaaaaa;
0.0641,0.834,0.251,0.106,0.183,0.33,0.174,0.0825,0.586,0.512;aaaaaaaaa;aaa;
0.922,0.469,0.454,0.0303,0.833,0.424,0.905,0.842,0.378,0.624;aaaaa;aaaaa;
0.111,0.982,0.202,0.0957,0.0748,0.402,0.994,0.532,0.0261,0.158;aaaa;aaaaaa;
0.848,0.917,0.488,0.306,0.705,0.792,0.543,0.471,0.277,0.556;aaaaaaa;aaaaaa;
0.971,0.00222,0.873,0.557,0.498,0.178,0.371,0.752,0.28,0.336;a;aaaaaaa;
0.676,0.348,0.251,0.455,0.708,0.43,0.511,0.321,0.227,0.645;aaaaaaa;aa;
0.536,0.588,0.843,0.308,0.946,0.645,0.986,0.61,0.296,0.524;aaaaaaa;aaaaaaaaaa;
0.369,0.121,0.872,0.57,0.555,0.139,0.429,0.443,0.438,0.594;aaaaaa;aaaaaa;
0.809,0.716,0.344,0.861,0.0513,0.809,0.584,0.0802,0.0197,0.267;aa;a;
0.88,0.396,0.352,0.486,0.454,0.587,0.316,0.99,0.219,0.743;aaaaaaa;aaaaaaaaaa;
0.678,0.835,0.385,0.888,0.598,0.995,0.0215,0.476,0.0269,0.645;a;a;
0.874,0.582,0.0524,0.31,0.552,0.447,0.544,0.844,0.802,0.959;aaaaaaaaaa;aaaaaaaaaa;
0.113,0.317,0.983,0.856,0.114,0.417,0.335,0.956,0.911,0.926;aaaaaaaaa;aaaaaaaa;
0.226,0.84,0.162,0.0815,0.808,0.0698,0.838,0.0147,0.843,0.417;aaa;aaaaa;
0.581,0.837,0.935,0.784,0.7,0.232,0.235,0.554,0.309,0.146;aaaaaaa;aaaa;
0.437,0.0158,0.113,0.5,0.257,0.32,0.46,0.0377,0.614,0.367;aaaaaaaa;a;
0.123,0.109,0.88,0.991,0.962,0.0477,0.712,0.351,0.417,0.727;aaaaaaaaa;aaaaa;
0.0452,0.797,0.718,0.242,0.595,0.55,0.0696,0.935,0.00639,0.552;a;aaaa;
0.528,0.0864,0.243,0.685,0.282,0.597,0.438,0.678,0.0884,0.259;aaaa;a;
0.863,0.286,0.203,0.466,0.738,0.618,0.787,0.0689,0.451,0.221;a;aaaaaaaaa;
0.0306,0.227,0.491,0.129,0.00198,0.00383,0.462,0.378,0.552,0.434;aa;a;
0.382,0.389,0.333,0.306,0.347,0.357,0.274,0.183,0.282,0.8;a;aaaaaa;
0.37,0.479,0.215,0.518,0.754,0.318,0.334,0.899,0.492,0.583;aaaa;aaa;
0.782,0.946,0.0297,0.902,0.939,0.495,0.132,0.769,0.394,0.355;aaaa;aaaaaaaaaa;
0.0207,0.106,0.69,0.311,0.149,0.29,0.798,0.488,0.802,0.734;aaa;aaaaaaaaaa;
0.477,0.349,0.948,0.655,0.764,0.248,0.122,0.951,0.872,0.296;aa;a;
0.478,0.48,0.753,0.49,0.654,0.822,0.948,0.373,0.156,0.326;aaaaaaa;aaa;
0.273,0.823,0.693,0.871,0.238,0.767,0.706,0.293,0.0763,0.492;aaaaaaaaa;aaaaaaaa;
0.105,0.886,0.497,0.47,0.844,0.752,0.774,0.585,0.572,0.133;a;a;
0.675,0.656,0.129,0.455,0.156,0.478,0.439,0.655,0.0622,0.202;aaaaaaa;aaa;
0.25,0.108,0.68,0.096,0.85,0.557,0.442,0.101,0.808,0.152;aaaaaaaaaa;aaaaaaaa;
0.389,0.374,0.237,0.325,0.901,0.639,0.245,0.855,0.667,0.0401;aaaaaaaaa;aaaaaaaa;
0.652,0.618,0.921,0.987,0.854,0.662,0.798,0.81,0.434,0.393;aaa;aaaaaaaa;
0.81,0.682,0.984,0.723,0.362,0.0672,0.0419,0.748,0.726,0.147;a;aaaaaaaaa;
0.352,0.281,0.722,0.965,0.258,0.0773,0.842,0.457,0.644,0.459;aaaaaaa;a;
0.623,0.576,0.716,0.608,0.452,0.802,0.917,0.273,0.484,0.38;aaaaaa;aa;
0.598,0.825,0.399,0.437,0.444,0.359,0.739,0.631,0.204,0.161;aaaaaaaaaa;aaaaaa;
0.444,0.137,0.0256,0.99,0.851,0.631,0.899,0.854,0.294,0.224;a;aa;
0.529,0.839,0.582,0.098,0.582,0.0335,0.863,0.267,0.573,0.2;aaaaaaaaa;aaaaa;
0.811,0.839,0.579,0.41,0.981,0.00927,0.784,0.743,0.242,0.605;aaaaaa;a;
0.37,0.77,0.44,0.471,0.632,0.431,0.491,0.675,0.506,0.0817;aaaa;aaa;
0.37,0.784,0.687,0.627,0.677,0.0154,0.671,0.057,0.00341,0.448;aaaaaa;aaaaaaaaaa;
0.13,0.897,0.15,0.627,0.74,0.365,0.535,0.417,0.661,0.738;aaaaa;aaaaaaaaaa;
0.878,0.749,0.862,0.125,0.11,0.999,0.705,0.131,0.00693,0.452;aaaaaaaaaa;aaaaa;
0.106,0.238,0.731,0.524,0.965,0.809,0.917,0.494,0.51,0.636;aaaaa;aaaaaa;
0.592,0.245,0.676,0.993,0.462,0.469,0.0789,0.853,0.365,0.897;aa;a;
0.369,0.55,0.0146,0.633,0.603,0.0632,0.654,0.0384,0.532,0.024;aaaa;aaa;
0.098,0.743,0.818,0.938,0.545,0.455,0.483,0.51,0.574,0.514;aa;aaaaaaa;
0.797,0.273,0.604,0.206,0.258,0.875,0.406,0.524,0.508,0.781;aaaa;aaaaaaaaaa;
0.541,0.153,0.299,0.685,0.452,0.624,0.417,0.44,0.272,0.569;aaaaaaa;aaaa;
0.853,0.645,0.321,0.868,0.156,0.801,0.757,0.443,0.948,0.757;a;aaaaaa;
0.0438,0.45,0.774,0.781,0.53,0.517,0.719,0.324,0.845,0.807;aaaaaaa;a;
0.307,0.767,0.941,0.314,0.777,0.0858,0.699,0.674,0.239,0.491;aaaaa;aaaaaaa;
0.337,0.371,0.704,0.482,0.0963,0.0878,0.545,0.241,0.811,0.548;aa;aaaaaaa;
0.453,0.218,0.819,0.39,0.848,0.928,0.833,0.724,0.0508,0.0688;aaaa;aaaaaaaa;
0.818,0.87,0.502,0.199,0.834,0.314,0.123,0.135,0.802,0.811;aaaaaaaaa;aaaaaaa;
0.0484,0.448,0.0676,0.0845,0.999,0.604,0.524,0.727,0.878,0.765;aaaaaaaa;aaaa;
0.246,0.817,0.0606,0.0467,0.686,0.651,0.614,0.601,0.176,0.738;aa;aaaa;
0.284,0.195,0.55,0.783,0.12,0.781,0.0278,0.876,0.618,0.704;aaaa;aaa;
0.556,0.0308,0.409,0.934,0.93,0.04,0.096,0.34,0.709,0.026;aaaa;aaaaaaaaaa;
0.822,0.34,0.71,0.882,0.682,0.224,0.93,0.589,0.418,0.902;aaaaaaaaaa;aaaa;
0.694,0.936,0.804,0.751,0.0699,0.736,0.263,0.393,0.632,0.826;aa;aaaaaaaaa;
0.799,0.912,0.351,0.304,0.73,0.673,0.467,0.65,0.0456,0.557;aaaaaa;aaa;
0.672,0.507,0.0549,0.168,0.353,0.476,0.26,0.282,0.863,0.719;aaa;aaaaa;
0.438,0.254,0.566,0.41,0.829,0.84,0.0441,0.242,0.815,0.0545;aaaaaaa;a;
0.546,0.179,0.178,0.127,0.554,0.182,0.831,0.875,0.288,0.744;aaaaaaaaaa;aa;
0.79,0.9,0.0477,0.358,0.698,0.774,0.518,0.886,0.751,0.324;aaaaa;aaaaa;
0.441,0.303,0.63,0.538,0.596,0.207,0.121,0.971,0.263,0.476;aaaaaaa;aaa;
0.73,0.369,0.485,0.516,0.808,0.363,0.31,0.736,0.247,0.767;a;a;
0.109,0.851,0.86,0.621,0.0922,0.332,0.0584,0.516,0.834,0.366;aaaa;aaaaaaaaa;
0.28,0.382,0.95,0.219,0.24,0.19,0.911,0.00306,0.136,0.544;aaaaaaa;aaaaaaa;
0.0293,0.372,0.98,0.758,0.277,0.521,0.769,0.453,0.241,0.936;a;aaaaaaaaaa;
0.62,0.965,0.481,0.878,0.598,0.266,0.223,0.0448,0.679,0.375;aaaa;aaaaaaaa;
0.371,0.421,0.428,0.0699,0.484,0.936,0.148,0.306,0.698,0.138;a;a;
0.984,0.0771,0.524,0.523,0.262,0.435,0.244,0.968,0.0684,0.843;aaaaa;aaaaaaaaaa;
0.233,0.975,0.952,0.655,0.259,0.675,0.118,0.394,0.304,0.159;aa;aaaaaaaa;
0.914,0.366,0.364,0.442,0.696,0.137,0.486,0.559,0.584,0.483;aaaaaa;aaaaa;
0.101,0.96,0.476,0.872,0.116,0.823,0.211,0.299,0.267,0.665;aaaaaa;a;
0.0706,0.612,0.834,0.175,0.667,0.169,0.085,0.226,0.00742,0.488;aaaaaaaa;aaaaa;
0.844,0.447,0.106,0.939,0.676,0.745,0.365,0.627,0.326,0.343;aaa;aaaaaaaa;
0.792,0.0356,0.121,0.501,0.476,0.00504,0.652,0.417,0.53,0.51;aaaaaa;a;
0.593,0.0992,0.192,0.16,0.267,0.475,0.505,0.289,0.3,0.228;aaa;aaaaaaaaa;
0.131,0.111,0.397,0.733,0.587,0.00982,0.39,0.735,0.856,0.572;aaaaaa;aaa;
0.436,0.898,0.76,0.562,0.674,0.142,0.855,0.922,0.539,0.259;aaaaaaaaaa;aaa;
0.825,0.746,0.684,0.902,0.738,0.0409,0.483,0.171,0.533,0.259;aaaaa;aaaa;
0.228,0.481,0.614,0.104,0.791,0.605,0.483,0.372,0.89,0.342;aaaaaaaaa;aaa;
0.0123,0.719,0.693,0.375,0.546,0.489,0.488,0.333,0.389,0.575;aaaaaaaaaa;aaaaaaaaa;
0.0526,0.892,0.076,0.862,0.218,0.0532,0.409,0.616,0.873,0.00889;aaaaaa;aaaaa;
0.595,0.559,0.481,0.104,0.349,0.171,0.716,0.27,0.0151,0.153;aaaaaaa;aaaa;
0.517,0.624,0.683,0.324,0.0136,0.641,0.875,0.909,0.424,0.308;aaaaaaaaaa;aaaaaaaa;
0.877,0.0528,0.199,0.87,0.234,0.531,0.635,0.894,0.828,0.267;a;a;
0.906,0.219,0.544,0.799,0.521,0.178,0.353,0.588,0.836,0.719;aaaaaaaaa;aaaaa;
0.963,0.93,0.616,0.726,0.0453,0.924,0.78,0.369,0.287,0.0538;aaaaaa;aaaaaa;
0.234,0.938,0.593,0.17,0.596,0.28,0.696,0.198,0.451,0.0812;aaaaa;aaaaaaaaaa;
0.297,0.963,0.0683,0.709,0.0784,0.87,0.582,0.991,0.905,0.241;aaaaaaaaaa;aaa;
0.924,0.03,0.813,0.97,0.163,0.263,0.0744,0.042,0.343,0.244;aaa;aaaaaaa;
0.694,0.618,0.218,0.861,0.363,0.5,0.834,0.501,0.651,0.599;aaaa;aaaaaaaa;
0.885,0.557,0.836,0.846,0.76,0.461,0.407,0.744,0.884,0.408;aaaaaaaaaa;aaaaaa;
0.459,0.825,0.178,0.341,0.832,0.6,0.961,0.15,0.498,0.772;aaaa;aaaaaa;
0.0883,0.334,0.843,0.95,0.808,0.0364,0.0589,0.629,0.248,0.711;aa;aaa;
0.521,0.719,0.656,0.688,0.162,0.79,0.0579,0.7,0.986,0.891;aaaaa;aaaaaaaa;
0.747,0.624,0.659,0.0597,0.148,0.36,0.4,0.307,0.998,0.313;aa;aaaa;
0.108,0.0291,0.698,0.941,0.675,0.209,0.451,0.0691,0.164,0.97;aaaaaaa;aa;
0.307,0.0534,0.491,0.163,0.557,0.774,0.244,0.935,0.115,0.485;aaaaaa;aaa;
0.132,0.327,0.645,0.984,0.644,0.65,0.893,0.0402,0.0479,0.663;aaaaaaaaaa;aaaa;
0.353,0.0451,0.975,0.535,0.546,0.103,0.9,0.572,0.697,0.0458;aaaa;aa;
0.0541,0.272,0.652,0.981,0.554,0.73,0.106,0.328,0.0825,0.367;aa;aaaaaa;
0.825,0.0329,0.595,0.54,0.2,0.203,0.804,0.736,0.0595,0.199;aaa;a;
0.402,0.965,0.73,0.151,0.0582,0.418,0.48,0.864,0.962,0.604;aaa;aaa;
0.922,0.0319,0.463,0.641,0.836,0.582,0.813,0.752,0.768,0.0428;a;aaa;
0.1,0.821,0.706,0.219,0.249,0.305,0.844,0.746,0.759,0.241;aaaaaaaa;aaaaaa;
0.498,0.457,0.888,0.834,0.415,0.774,0.288,0.149,0.835,0.171;aaaaaaaaa;aaaaa;
0.127,0.314,0.241,0.772,0.661,0.0143,0.981,0.394,0.156,0.375;a;aa;
0.428,0.384,0.735,0.436,0.425,0.96,0.65,0.149,0.948,0.193;aaaa;aaaaa;
0.741,0.436,0.935,0.24,0.566,0.419,0.192,0.283,0.699,0.439;aaaa;aa;
0.9,0.163,0.0128,0.306,0.384,0.761,0.662,0.181,0.0497,0.00715;aa;aaaaaa;
0.485,0.647,0.278,0.594,0.249,0.801,0.181,0.291,0.875,0.47;aaa;aaaaaaaaaa;
0.157,0.0457,0.124,0.532,0.181,0.237,0.713,0.63,0.251,0.968;aaaaaa;aaa;
0.28,0.818,0.476,0.105,0.534,0.603,0.0623,0.706,0.458,0.332;aaaaaaaaa;aaaa;
0.442,0.328,0.872,0.337,0.916,0.142,0.741,0.978,0.623,0.694;aaaa;aaaaaa;
0.626,0.25,0.118,0.465,0.159,0.0709,0.562,0.993,0.0269,0.0953;aaaaaaaa;aaaaaaaaa;
0.069,0.577,0.729,0.749,0.512,0.83,0.665,0.214,0.0375,0.635;aaaaa;aaa;
0.993,0.57,0.77,0.865,0.241,0.606,0.788,0.837,0.203,0.976;aaaaaaaa;a;
0.589,0.484,0.16,0.399,0.149,0.313,0.503,0.139,0.455,0.26;aaaa;aaaaaa;
0.472,0.496,0.00364,0.305,0.233,0.135,0.452,0.251,0.0252,0.22;aa;a;
0.226,0.833,0.249,0.88,0.0594,0.649,0.424,0.365,0.197,0.0646;aaaaaaaa;aaaaaaaaaa;
0.192,0.141,0.02,0.00831,0.808,0.331,0.687,0.891,0.685,0.393;aaaaaaaaa;aa;
0.22,0.794,0.336,0.474,0.654,0.909,0.363,0.204,0.589,0.118;aaaaaaaaa;a;
0.25,0.683,0.649,0.386,0.0616,0.81,0.286,0.315,0.894,0.647;aaaaaa;aaaa;
0.552,0.93,0.0531,0.768,0.523,0.403,0.402,0.922,0.378,0.711;aaaaaaa;aaa;
0.317,0.727,0.89,0.674,0.427,0.987,0.665,0.217,0.576,0.628;aaaaaaaaaa;aaaaaaaa;
0.572,0.992,0.107,0.889,0.715,0.788,0.0635,0.121,0.666,0.591;a;aaaaaa;
0.138,0.951,0.0961,0.175,0.0951,0.799,0.886,0.449,0.784,0.127;aaaaaa;aaaaaaaaaa;
0.28,0.231,0.724,0.256,0.254,0.102,0.332,0.551,0.995,0.98;aaaaaaaa;a;
0.365,0.437,0.141,0.992,0.298,0.105,0.322,0.603,0.273,0.953;aaaaaaaaa;aaaaa;
0.948,0.0256,0.417,0.638,0.811,0.345,0.535,0.337,0.0301,0.901;aaaaaaaaaa;aaa;
0.238,0.357,0.355,0.943,0.174,0.701,0.186,0.187,0.254,0.337;aaaaaaaaaa;aa;
0.5,0.363,0.659,0.833,0.464,0.849,0.772,0.113,0.249,0.509;aaa;a;
0.57,0.194,0.48,0.0726,0.139,0.643,0.85,0.323,0.681,0.639;aaaaaaa;aaaaa;
0.434,0.934,0.936,0.413,0.654,0.986,0.267,0.747,0.301,0.903;aaaaaaaaa;aaaaaaaaa;
0.651,0.578,0.851,0.818,0.587,0.11,0.267,0.575,0.585,0.201;a;aaaaaa;
0.12,0.657,0.956,0.644,0.28,0.152,0.924,0.864,0.348,0.204;aaa;aaaaaaaa;
0.236,0.493,0.449,0.587,0.721,0.596,0.0611,0.653,0.00922,0.629;aa;aaaaaaaaaa;
0.945,0.0901,0.261,0.439,0.591,0.797,0.177,0.883,0.192,0.212;aaaaaaaaa;aaaaaaa;
0.702,0.104,0.325,0.419,0.00647,0.152,0.28,0.554,0.556,0.89;aa;aaaaa;
0.243,0.756,0.754,0.169,0.286,0.509,0.764,0.767,0.471,0.341;aaaaaaaaaa;aaaa;
0.766,0.46,0.511,0.802,0.303,0.328,0.606,0.0929,0.709,0.0686;aaaaaaaaa;aaaa;
0.262,0.692,0.988,0.823,0.816,0.7,0.919,0.67,0.882,0.872;aaaaaa;aaaaaaaa;
0.548,0.451,0.087,0.165,0.823,0.467,0.689,0.473,0.742,0.883;aaaa;aaaaaa;
0.777,0.877,0.776,0.0271,0.465,0.152,0.355,0.784,0.751,0.713;aaaaaa;aaaaaaaaaa;
0.854,0.194,0.426,0.555,0.502,0.615,0.386,0.999,0.636,0.426;aa;aaaaaaaaa;
0.867,0.724,0.795,0.079,0.0787,0.0288,0.501,0.139,0.616,0.896;aaaaaa;aa;
0.744,0.104,0.194,0.229,0.802,0.226,0.0934,0.658,0.711,0.292;aaa;aaaaaa;
0.167,0.868,0.0593,0.671,0.125,0.322,0.466,0.215,0.521,0.0926;aa;a;
0.0115,0.834,0.585,0.685,0.187,0.312,0.393,0.425,0.646,0.0421;aaaaaa;aaaaaaaaaa;
0.483,0.531,0.53,0.85,0.413,0.332,0.61,0.0699,0.597,0.705;aaaa;aaaaaa;
0.407,0.354,0.135,0.887,0.0864,0.254,0.417,0.531,0.624,0.425;aa;aaaaa;
0.521,0.603,0.425,0.0286,0.405,0.98,0.946,0.819,0.654,0.58;aaaa;aa;
0.0353,0.118,0.3,0.544,0.767,0.505,0.766,0.862,0.275,0.826;aaaaaaa;aaaaaaaa;
0.26,0.833,0.00768,0.207,0.739,0.171,0.302,0.159,0.39,0.415;aa;aaa;
0.473,0.75,0.558,0.935,0.521,0.301,0.556,0.464,0.919,0.294;aaaaaaaaa;aa;
0.325,0.244,0.204,0.478,0.786,0.269,0.394,0.354,0.0804,0.0648;aa;aaaaaaaaaa;
0.914,0.267,0.745,0.165,0.649,0.573,0.799,0.0507,0.185,0.694;aaaaaaaaaa;a;
0.911,0.901,0.515,0.855,0.525,0.588,0.944,0.147,0.239,0.113;aaaaaaaa;a;
0.685,0.98,0.362,0.347,0.00463,0.0225,0.238,0.904,0.756,0.239;aaaaaaaaaa;aaaa;
0.751,0.768,0.548,0.575,0.481,0.0388,0.67,0.0785,0.013,0.926;aaaa;aaaaaaa;
0.831,0.838,0.000116,0.914,0.096,0.953,0.802,0.169,0.303,0.851;aaaaaa;aaaaaaaaa;
0.387,0.256,0.927,0.879,0.576,0.618,0.0189,0.414,0.686,0.279;aa;aaaaaaaaaa;
0.27,0.724,0.692,0.703,0.277,0.465,0.0851,0.0104,0.271,0.846;aaaa;aaaaaaaaa;
0.36,0.123,0.447,0.509,0.436,0.308,0.125,0.975,0.224,0.595;aaaaaaa;aaaaaaaaaa;
0.0551,0.691,0.388,0.139,0.265,0.108,0.99,0.173,0.878,0.815;aaaaaaaaaa;aaaaa;
0.107,0.0639,0.685,0.228,0.669,0.939,0.667,0.562,0.361,0.144;a;aaaa;
0.319,0.245,0.154,0.353,0.304,0.122,0.000657,0.536,0.149,0.868;aaaaaaaaa;aaaaaa;
0.579,0.428,0.25,0.295,0.923,0.754,0.965,0.694,0.977,0.305;aaaaaaaaaa;aaaaaaaaaa;
0.826,0.262,0.664,0.604,0.0178,0.516,0.292,0.726,0.316,0.39;aaaaaaaaa;aaa;
0.379,0.796,0.072,0.734,0.413,0.185,0.168,0.317,0.127,0.769;aaaaaaaaaa;aaaaaa;
0.77,0.251,0.257,0.0171,0.219,0.361,0.0628,0.219,0.436,0.0606;aa;aaaaaaaa;
0.294,0.0988,0.651,0.53,0.611,0.201,0.305,0.362,0.971,0.549;aaaaaa;aaaaaaaaa;
0.166,0.799,0.959,0.505,0.07,0.393,0.291,0.0655,0.137,0.761;aa;aaaaaaaa;
0.76,0.617,0.842,0.983,0.83,0.308,0.171,0.3,0.552,0.206;aaaaaaa;aaaaaaaaa;
0.546,0.645,0.467,0.597,0.772,0.234,0.173,0.841,0.443,0.379;a;aaaaaaa;
0.129,0.935,0.251,0.899,0.0386,0.142,0.199,0.419,0.772,0.778;aaaa;aaaaaaaaaa;
0.678,0.695,0.95,0.911,0.963,0.541,0.525,0.944,0.0146,0.153;aaaaaaaa;aa;
0.35,0.694,0.561,0.409,0.977,0.708,0.925,0.83,0.803,0.745;aaaaaa;aaa;
0.888,0.489,0.203,0.0607,0.978,0.0911,0.518,0.973,0.955,0.952;aaa;aaaaa;
0.284,0.479,0.606,0.611,0.606,0.745,0.564,0.868,0.656,0.936;aaaaaaaa;aaaaaaaaa;
0.781,0.213,0.326,0.203,0.034,0.682,0.263,0.517,0.0154,0.904;a;aaaaa;
0.931,0.976,0.61,0.371,0.251,0.277,0.017,0.866,0.627,0.33;aaaaa;aaaaaaaaaa;
0.516,0.468,0.281,0.872,0.432,0.75,0.101,0.785,0.166,0.99;aaaaaaa;aaaaaa;
0.678,0.56,0.672,0.531,0.745,0.429,0.532,0.835,0.578,0.676;aa;a;
0.549,0.239,0.861,0.933,0.619,0.125,0.77,0.136,0.934,0.812;aaaaaaaaa;aaaaaaaaaa;
0.279,0.603,0.648,0.471,0.556,0.0313,0.527,0.195,0.0449,0.0675;aaaaaaaaaa;aaaaaaa;
0.747,0.125,0.28,0.328,0.912,0.474,0.213,0.635,0.515,0.515;aaa;aaaaaa;
0.00156,0.215,0.655,0.419,0.47,0.383,0.463,0.503,0.611,0.00819;a;aaaaaaa;
0.679,0.214,0.263,0.104,0.544,0.459,0.958,0.935,0.521,0.9;aaaaaa;aaaaaa;
0.165,0.608,0.495,0.199,0.519,0.431,0.408,0.646,0.796,0.998;aaaaaaaa;aaaaaaaa;
0.484,0.445,0.839,0.582,0.0183,0.854,0.924,0.981,0.592,0.576;a;aaaaaaaa;
0.779,0.324,0.944,0.232,0.848,0.249,0.818,0.269,0.923,0.119;aaaaaaa;aaaaa;
0.01,0.479,0.507,0.523,0.166,0.769,0.147,0.103,0.53,0.191;aaaaaaa;aaaaa;
0.948,0.303,0.682,0.975,0.919,0.757,0.297,0.858,0.822,0.808;aaaa;aaaaaaa;
0.491,0.455,0.693,0.973,0.904,0.859,0.93,0.252,0.901,0.281;aa;aaaaaaa;
0.452,0.195,0.239,0.0833,0.921,0.934,0.515,0.854,0.786,0.95;aa;aaaa;
0.442,0.556,0.21,0.941,0.65,0.603,0.863,0.554,0.7,0.288;aa;a;
0.751,0.223,0.172,0.949,0.855,0.259,0.0627,0.381,0.854,0.404;aaaaa;aaaaaaa;
0.43,0.927,0.199,0.534,0.966,0.59,0.328,0.205,0.178,0.974;aaaa;aaa;
0.101,0.724,0.433,0.0686,0.165,0.933,0.374,0.145,0.709,0.516;aaaa;aaa;
0.68,0.68,0.854,0.123,0.12,0.27,0.153,0.976,0.761,0.0992;aaaaaaaa;aaa;
0.0521,0.353,0.968,0.166,0.167,0.729,0.732,0.405,0.0336,0.0934;aaaaaaaaa;aaaa;
0.763,0.325,0.133,0.562,0.693,0.802,0.993,0.907,0.977,0.605;aaaaaaaaa;aaaaaaa;
0.408,0.636,0.453,0.815,0.802,0.52,0.251,0.197,0.966,0.967;aaaaaa;a;
0.149,0.111,0.163,0.984,0.378,0.418,0.735,0.609,0.415,0.0143;aaaaaaaaa;aa;
0.261,0.0566,0.832,0.412,0.388,0.656,0.923,0.787,0.798,0.331;aa;a;
0.916,0.916,0.522,0.637,0.564,0.805,0.439,0.0969,0.419,0.394;aaaaaaa;aaaaaaaaaa;
0.6,0.357,0.867,0.7,0.526,0.524,0.69,0.543,0.637,0.628;aaaaaaaa;aaaaaa;
0.277,0.0835,0.522,0.565,0.903,0.978,0.237,0.586,0.576,0.58;aaa;aaaaaaaa;
0.858,0.474,0.691,0.126,0.486,0.0708,0.0855,0.245,0.515,0.77;aaaaa;aaaaaaaa;
0.487,0.6,0.0203,0.612,0.0875,0.505,0.0582,0.428,0.511,0.147;aaaaaa;aaaaaa;
0.871,0.0201,0.388,0.0763,0.427,0.239,0.31,0.405,0.166,0.674;aaa;aaaa;
0.805,0.392,0.58,0.814,0.736,0.144,0.746,0.652,0.972,0.762;aa;aaaa;
0.192,0.591,0.915,0.493,0.184,0.299,0.811,0.136,0.813,0.265;aaaaaaaaa;aaa;
0.58,0.283,0.466,0.507,0.223,0.86,0.936,0.806,0.342,0.284;aaaaaaa;a;
0.207,0.442,0.358,0.461,0.638,0.99,0.867,0.669,0.382,0.202;aaa;aaaaaaaaaa;
0.528,0.506,0.385,0.893,0.694,0.251,0.443,0.813,0.946,0.466;aaa;aaaaaaaaaa;
0.42,0.844,0.291,0.0625,0.463,0.462,0.291,0.724,0.86,0.12;aaaaa;aaaaaa;
0.213,0.203,0.679,0.406,0.433,0.146,0.832,0.782,0.113,0.372;aaaaaa;aa;
0.72,0.184,0.0712,0.596,0.92,0.252,0.552,0.664,0.702,0.217;aa;a;
0.392,0.526,0.549,0.0236,0.47,0.415,0.602,0.391,0.897,0.845;aaaa;aaaaaaaaaa;
0.505,0.548,0.324,0.588,0.843,0.42,0.271,0.725,0.314,0.937;aaaaaaaa;aa;
0.662,0.864,0.618,0.0801,0.708,0.524,0.661,0.204,0.872,0.389;aaaaaaaaaa;aaaa;
0.467,0.331,0.401,0.332,0.582,0.205,0.439,0.242,0.138,0.993;aaaaaaaaaa;aa;
0.789,0.852,0.842,0.378,0.1,0.199,0.306,0.063,0.861,0.212;aaaaaaaaa;aaa;
0.836,0.802,0.309,0.0364,0.627,0.902,0.685,0.963,0.633,0.726;aaaa;aaaaaaaaaa;
0.651,0.0297,0.799,0.137,0.899,0.379,0.727,0.928,0.876,0.242;aaaaaaaaa;aaaaaaaaa;
0.731,0.21,0.686,0.456,0.961,0.735,0.11,0.0446,0.712,0.74;aaaaaa;aaaaaaaaaa;
0.359,0.676,0.354,0.471,0.656,0.493,0.543,0.1,0.653,0.502;aaaaaa;aaaaaa;
0.0774,0.869,0.329,0.3,0.71,0.636,0.846,0.157,0.644,0.0592;aaaaa;aaaaa;
0.687,0.254,0.391,0.887,0.659,0.261,0.00635,0.553,0.589,0.248;aaaaaa;aaa;
0.00062,0.451,0.447,0.0545,0.186,0.893,0.241,0.236,0.616,0.58;aaaaaa;aaaaaaaaa;
0.624,0.511,0.839,0.836,0.0608,0.681,0.5,0.182,0.679,0.533;aaaaaaaaaa;aa;
0.852,0.0418,0.28,0.401,0.134,0.947,0.447,0.123,0.867,0.263;aaaaaaaaa;aaaa;
0.513,0.483,0.534,0.0949,0.14,0.498,0.616,0.706,0.268,0.911;aaaaaa;aaaaaaa;
0.082,0.87,0.618,0.243,0.657,0.984,0.988,0.484,0.56,0.357;aaaaaaaaaa;aaaaaaaa;
0.987,0.523,0.792,0.662,0.88,0.685,0.165,0.683,0.948,0.817;aaaaaaaaa;aaaaaaaa;
0.11,0.871,0.733,0.181,0.632,0.0445,0.515,0.391,0.812,0.659;aa;a;
0.236,0.866,0.344,0.263,0.997,0.89,0.933,0.253,0.541,0.209;aa;aaaaaaaaaa;
0.227,0.275,0.398,0.381,0.492,0.38,0.512,0.49,0.651,0.35;aa;aaaa;
0.0567,0.158,0.722,0.0564,0.737,0.638,0.551,0.336,0.945,0.895;aaaa;aaaaa;
0.0268,0.464,0.0143,0.686,0.0551,0.492,0.873,0.678,0.627,0.0792;aaaaaaaaa;aa;
0.605,0.846,0.429,0.886,0.0703,0.896,0.178,0.916,0.429,0.0507;aaaaaaaa;aaaaaaaaa;
0.0346,0.987,0.264,0.159,0.781,0.0899,0.431,0.923,0.444,0.873;aaa;aaaa;
0.975,0.125,0.159,0.861,0.919,0.579,0.168,0.0681,0.119,0.206;aaaaaaaa;aaaaa;
0.342,0.275,0.902,0.505,0.462,0.333,0.93,0.364,0.562,0.642;aaa;aaaaaaaaaa;
0.996,0.687,0.986,0.474,0.488,0.138,0.696,0.367,0.374,0.176;aaaaaaaaa;aaa;
0.242,0.0985,0.612,0.7,0.737,0.95,0.411,0.292,0.196,0.286;aaaaaaaa;aaaaaa;
0.997,0.749,0.969,0.314,0.853,0.776,0.2,0.154,0.636,0.0817;aaaaaa;aaaaaaaa;
0.307,0.842,0.223,0.895,0.817,0.144,0.752,0.36,0.801,0.254;aaaaaaa;aa;
0.957,0.691,0.193,0.67,0.961,0.159,0.587,0.66,0.0625,0.871;a;aaaa;
0.177,0.475,0.749,0.277,0.0244,0.934,0.16,0.988,0.849,0.195;aaaaaa;aaaa;
0.166,0.84,0.238,0.767,0.407,0.108,0.17,0.444,0.971,0.0462;aaa;aaa;
0.204,0.824,0.614,0.164,0.00282,0.173,0.227,0.556,0.211,0.44;aaaa;a;
0.463,0.748,0.354,0.922,0.894,0.219,0.392,0.0237,0.885,0.47;aaaaaaa;a;
0.507,0.211,0.584,0.656,0.786,0.472,0.581,0.621,0.00844,0.504;aaaaaaaaaa;aa;
0.161,0.1,0.319,0.897,0.716,0.171,0.106,0.435,0.98,0.682;aaaa;aaaaa;
0.726,0.551,0.181,0.949,0.973,0.586,0.228,0.716,0.284,0.617;aaaaaaaaaa;aaaaaa;
0.867,0.703,0.0169,0.496,0.0841,0.262,0.51,0.168,0.91,0.341;aaaaaaa;aaaaa;
0.842,0.58,0.337,0.833,0.744,0.94,0.757,0.901,0.64,0.0237;aaaa;aaaaaaaaa;
0.553,0.845,0.366,0.316,0.934,0.362,0.854,0.588,0.179,0.952;aaa;a;
0.455,0.492,0.952,0.0219,0.642,0.529,0.726,0.631,0.0565,0.104;aaaaaaaaaa;aa;
0.948,0.942,0.959,0.0998,0.241,0.775,0.222,0.0222,0.028,0.138;aaaaaa;aaaaaaaa;
0.682,0.243,0.5,0.246,0.143,0.963,0.988,0.776,0.171,0.266;aa;aaa;
0.987,0.222,0.0805,0.339,0.127,0.371,0.433,0.13,0.432,0.677;aaaaaaaaaa;aaa;
0.213,0.278,0.956,0.3,0.629,0.229,0.985,0.646,0.623,0.175;aaaa;aaaaaaaaaa;
0.694,0.859,0.347,0.938,0.706,0.245,0.271,0.536,0.202,0.179;aa;aaaaaaaaaa;
0.597,0.232,0.876,0.701,0.035,0.116,0.28,0.352,0.71,0.205;aaaaaaa;aaaa;
0.0136,0.727,0.277,0.726,0.953,0.813,0.136,0.208,0.495,0.564;aaaaaa;aaaaa;
0.24,0.651,0.72,0.00526,0.246,0.864,0.434,0.617,0.91,0.732;aaaaaaaaa;aa;
0.392,0.78,0.323,0.479,0.975,0.235,0.913,0.314,0.541,0.795;aaaaaaaa;aaaaaaaa;
0.473,0.244,0.18,0.0514,0.612,0.205,0.586,0.516,0.642,0.907;a;a;
0.086,0.885,0.862,0.929,0.972,0.0509,0.127,0.987,0.277,0.354;aa;a;
0.787,0.811,0.128,0.987,0.327,0.0559,0.344,0.122,0.497,0.465;aaaaaaaaaa;aaaaaaaaa;
0.41,0.62,0.568,0.283,0.366,0.377,0.501,0.596,0.938,0.0506;aaaaaa;aaaaaaaaa;
0.00207,0.0661,0.5,0.216,0.967,0.973,0.928,0.0421,0.711,0.521;aaaaaaaaaa;aaaaaaa;
0.86,0.772,0.517,0.756,0.577,0.412,0.893,0.207,0.862,0.835;aaaaaaaaa;aaa;
0.293,0.845,0.344,0.487,0.179,0.896,0.111,0.333,0.507,0.878;aaaaaa;aaaa;
0.0307,0.28,0.652,0.381,0.805,0.425,0.588,0.424,0.43,0.557;aaaaaaa;a;
0.908,0.695,0.157,0.229,0.294,0.892,0.367,0.304,0.271,0.547;aaaaaaaaaa;aaaaaaaaaa;
0.699,0.845,0.0501,0.707,0.462,0.76,0.74,0.543,0.107,0.361;a;aa;
0.307,0.393,0.284,0.321,0.52,0.565,0.499,0.154,0.87,0.35;aaa;a;
0.0284,0.48,0.66,0.0125,0.791,0.922,0.345,0.191,0.208,0.854;aaaaa;aaa;
0.83,0.879,0.949,0.0459,0.905,0.53,0.265,0.00347,0.579,0.117;aaaa;aaaaaaa;
0.852,0.679,0.196,0.356,0.707,0.232,0.887,0.392,0.547,0.821;a;aaa;
0.288,0.887,0.137,0.2,0.267,0.838,0.728,0.233,0.219,0.417;aaaaaaaaa;aa;
0.0361,0.844,0.381,0.275,0.551,0.665,0.723,0.84,0.387,0.248;aaaaaaaaaa;aaaaaaaaa;
0.541,0.242,0.849,0.844,0.985,0.963,0.378,0.951,0.485,0.992;aaaaaaaa;aaaaaaa;
0.93,0.446,0.369,0.234,0.188,0.865,0.837,0.328,0.836,0.825;aaaaa;aaaaaaaaa;
0.159,0.769,0.283,0.982,0.907,0.991,0.483,0.226,0.778,0.7;aa;aaaaaa;
0.958,0.049,0.96,0.34,0.0724,0.408,0.44,0.701,0.522,0.525;aaaa;aaaaaa;
0.387,0.463,0.0335,0.0527,0.791,0.488,0.0853,0.153,0.103,0.755;aaa;aa;
0.245,0.233,0.922,0.643,0.00994,0.578,0.877,0.949,0.792,0.02;a;aaaaa;
0.533,0.00935,0.897,0.782,0.73,0.22,0.949,0.845,0.184,0.115;aaaaaaaa;aaaa;
0.606,0.605,0.822,0.9,0.107,0.546,0.964,0.252,0.962,0.0728;aaaaa;a;
0.445,0.652,0.965,0.692,0.762,0.938,0.233,0.985,0.877,0.0394;aaaaaaaaa;aaaaaaaaaa;
0.501,0.714,0.377,0.694,0.0727,0.701,0.833,0.644,0.189,0.35;aaaaaaaa;aaaa;
0.984,0.202,0.0571,0.309,0.215,0.125,0.0533,0.0684,0.017,0.412;aaaaaa;aa;
0.0496,0.961,0.524,0.327,0.356,0.998,0.0239,0.976,0.276,0.255;aaaaaaaaaa;aaa;
0.815,0.234,0.56,0.0786,0.537,0.459,0.437,0.959,0.96,0.741;aaaaaaaa;aaaaaaaa;
0.535,0.7,0.587,0.0716,0.801,0.217,0.676,0.221,0.991,0.374;aaaaaaa;aaaaaa;
0.494,0.32,0.0562,0.405,0.719,0.731,0.221,0.0835,0.213,0.709;aaaaaaa;aa;
0.143,0.422,0.456,0.706,0.543,0.416,0.151,0.502,0.88,0.318;a;aaaaaaa;
0.879,0.491,0.742,0.846,0.399,0.713,0.826,0.635,0.28,0.992;aaaaaaa;aaa;
0.261,0.417,0.194,0.843,0.131,0.478,0.7,0.64,0.242,0.193;a;aaaaa;
0.0488,0.846,0.997,0.916,0.334,0.842,0.763,0.231,0.165,0.265;aaaaaaaaaa;aa;
0.883,0.432,0.26,0.0592,0.665,0.84,0.321,0.256,0.5,0.698;aa;aaaaaaaaaa;
0.887,0.496,0.383,0.206,0.245,0.366,0.832,0.756,0.88,0.389;aaaaaa;a;
0.858,0.218,0.518,0.185,0.712,0.209,0.814,0.16,0.187,0.284;aaaaaaaaaa;aaaaa;
0.908,0.192,0.791,0.759,0.471,0.809,0.0392,0.176,0.681,0.5;aaa;aaa;
0.61,0.97,0.913,0.319,0.467,0.958,0.108,0.324,0.0149,0.0256;aaa;aaaa;
0.595,0.0212,0.505,0.46,0.762,0.723,0.346,0.0394,0.696,0.796;aaa;aaaaaaaaa;
0.512,0.0185,0.619,0.372,0.874,0.889,0.465,0.597,0.611,0.573;aaaaaaaa;aaaaaaa;
0.231,0.725,0.317,0.194,0.0604,0.38,0.104,0.458,0.297,0.792;aaaaa;aaaa;
1,0.64,0.67,0.477,0.36,0.0167,0.898,0.768,0.673,0.697;aaaaaaa;aaaaa;
0.106,0.732,0.389,0.964,0.263,0.603,0.371,0.765,0.481,0.217;aaaaaaaaaa;aaaaaaaaa;
0.632,0.131,0.973,0.332,0.253,0.0482,0.691,0.0369,0.264,0.083;aaaaaaaaa;aaaaaaa;
0.402,0.9,0.949,0.601,0.887,0.011,0.403,0.596,0.517,0.3;a;aa;
0.68,0.988,0.741,0.821,0.885,0.925,0.112,0.287,0.736,0.587;aaaaaa;aaaaaaa;
0.555,0.603,0.126,0.0556,0.151,0.496,0.624,0.225,0.515,0.4;aaaaaaaaaa;a;
0.227,0.806,0.925,0.456,0.137,0.0822,0.977,0.469,0.902,0.782;aaaaa;aaaaa;
0.465,0.259,0.975,0.858,0.89,0.286,0.818,0.172,0.104,0.918;aa;aaaaaaa;
0.588,0.773,0.946,0.586,0.844,0.128,0.602,0.418,0.0715,0.572;aaaaa;aaaaaaa;
0.478,0.188,0.701,0.992,0.94,0.43,0.00405,0.452,0.201,0.025;aaa;aaaaaaaa;
0.972,0.592,0.0233,0.784,0.789,0.421,0.509,0.732,0.0472,0.467;aaaaaaaaa;aaaaa;
0.476,0.866,0.467,0.633,0.631,0.995,0.944,0.568,0.242,0.0385;aaaaaaaaa;aaa;
0.223,0.342,0.726,0.951,0.607,0.124,0.259,0.383,0.225,0.528;aaa;aaaaaaaa;
0.637,0.772,0.577,0.516,0.509,0.14,0.581,0.551,0.0902,0.314;aa;aaaaa;
0.0546,0.481,0.31,0.163,0.633,0.323,0.511,0.708,0.397,0.331;aaa;aaa;
0.351,0.862,0.52,0.536,0.243,0.248,0.000484,0.728,0.658,0.586;aaaaaaaaa;aaaaaaaaa;
0.0674,0.182,0.196,0.853,0.523,0.719,0.498,0.798,0.631,0.735;a;aaaaaaaa;
0.229,0.183,0.33,0.36,0.388,0.311,0.655,0.771,0.796,0.953;a;aaaaaaa;
0.47,0.854,0.0571,0.117,0.707,0.703,0.613,0.915,0.0117,0.286;aaaaaaaaa;aaaaaaaaaa;
0.474,0.0549,0.0648,0.982,0.0763,0.518,0.00252,0.45,0.933,0.436;aaaaaaa;aaaaa;
0.988,0.895,0.602,0.716,0.0369,0.779,0.434,0.161,0.846,0.947;aaaaa;aaaaaaaaa;
0.315,0.189,0.118,0.811,0.153,0.197,0.267,0.453,0.408,0.387;aaaaaaa;aaaa;
0.217,0.0535,0.178,0.527,0.537,0.401,0.881,0.676,0.771,0.204;aaa;aaaaaaa;
0.619,0.652,0.615,0.783,0.653,0.731,0.987,0.163,0.067,0.528;aaaaaaaaa;a;
0.613,0.396,0.759,0.326,0.86,0.945,0.593,0.721,0.388,0.178;aaaaaa;aaaaaaaa;
0.65,0.565,0.348,0.152,0.197,0.835,0.559,0.498,0.745,0.584;aaaaa;aaaaaaaa;
0.1,0.554,0.173,0.517,0.916,0.143,0.41,0.205,0.969,0.46;aaaaaaa;aaaaaaaaaa;
0.828,0.188,0.389,0.301,0.886,0.682,0.725,0.565,0.887,0.129;aaaaa;aa;
0.831,0.461,0.776,0.282,0.329,0.184,0.346,0.887,0.439,0.634;aaaaaa;a;
0.776,0.333,0.888,0.568,0.484,0.908,0.757,0.727,0.0418,0.319;aaaaaa;aaaaaaaaaa;
0.59,0.497,0.52,0.743,0.19,0.834,0.313,0.436,0.589,0.57;aaaaaaaa;aaaaaaaaa;
0.791,0.134,0.332,0.85,0.931,0.756,0.57,0.715,0.553,0.172;aaa;aa;
0.149,0.919,0.886,0.792,0.302,0.447,0.549,0.856,0.0888,0.228;aa;aaaaaaaaaa;
0.972,0.873,0.793,0.875,0.387,0.966,0.737,0.137,0.778,0.465;aaaaaaaaaa;aa;
0.379,0.128,0.198,0.371,0.517,0.044,0.349,0.726,0.65,0.0703;aaa;aaaa;
0.435,0.829,0.891,0.889,0.696,0.491,0.566,0.739,0.725,0.448;aaaaaaaaa;aaa;
0.717,0.712,0.301,0.554,0.661,0.939,0.0713,0.484,0.273,0.38;aaa;aa;
0.648,0.275,0.401,0.264,0.545,0.0119,0.965,0.818,0.708,0.328;aaaaa;aa;
0.755,0.605,0.391,0.6,0.189,0.121,0.787,0.382,0.472,0.596;aaaa;aaaaa;
0.309,0.259,0.656,0.463,0.94,0.52,0.529,0.665,0.48,0.944;aaaaaaaaaa;aaaaaaaa;
0.199,0.691,0.888,0.0987,0.948,0.338,0.199,0.846,0.0799,0.906;aaaaaaa;aaaaaaaa;
0.274,0.68,0.115,0.861,0.718,0.0792,0.988,0.735,0.32,0.48;aaa;aaaaaaaa;
0.0643,0.575,0.478,0.557,0.451,0.563,0.576,0.98,0.176,0.805;aaaaa;aaaa;
0.835,0.696,0.189,0.357,0.639,0.0573,0.799,0.116,0.591,0.513;aaaaaaaa;aaaaaaa;
0.0626,0.61,0.785,0.191,0.628,0.377,0.466,0.535,0.358,0.00249;aaaaaaaa;aaa;
0.322,0.713,0.304,0.305,0.639,0.398,0.96,0.865,0.0357,0.973;aa;a;
0.397,0.188,0.668,0.413,0.0443,0.632,0.271,0.459,0.442,0.202;aaa;aaaaaaaaaa;
0.907,0.984,0.49,0.574,0.232,0.557,0.26,0.841,0.754,0.366;aaaaaaa;aaaa;
0.751,0.966,0.971,0.297,0.937,0.00739,0.405,0.626,0.561,0.042;aaaa;aaaaaa;
0.912,0.396,0.658,0.026,0.875,0.366,0.615,0.466,0.384,0.777;aa;aaaaaa;
0.135,0.428,0.811,0.566,0.4,0.374,0.0771,0.565,0.0405,0.414;aaaaaaaaa;aaaa;
0.671,0.00718,0.528,0.571,0.762,0.261,0.133,0.123,0.661,0.333;aaaaaaaaa;aaaaaaaaa;
0.678,0.512,0.854,0.851,0.274,0.0546,0.271,0.29,0.839,0.572;aaa;aaaaaaa;
0.586,0.0277,0.139,0.783,0.918,0.796,0.18,0.239,0.183,0.632;aaaa;aaaaaaaa;
0.812,0.334,0.0107,0.76,0.967,0.514,0.903,0.225,0.593,0.667;aaa;aaaaaaa;
0.849,0.351,0.511,0.17,0.942,0.909,0.813,0.163,0.706,0.306;aaaaa;aaaaaa;
0.498,0.447,0.234,0.136,0.432,0.461,0.294,0.329,0.696,0.349;aaaaa;aaaaaaaaa;
0.29,0.569,0.932,0.676,0.332,0.239,0.0242,0.853,0.83,0.537;aaaaaaaaa;aaaaa;
0.972,0.56,0.786,0.279,0.625,0.118,0.647,0.288,0.405,0.145;aaaaaaa;aa;
0.953,0.269,0.13,0.801,0.433,0.0722,0.668,0.885,0.943,0.283;aa;aa;
0.916,0.635,0.243,0.304,0.693,0.591,0.841,0.373,0.0859,0.939;aaaaaaaaa;aaaa;
0.00824,0.262,0.455,0.0935,0.494,0.829,0.214,0.213,0.239,0.542;aaa;aaaa;
0.49,0.48,0.0604,0.815,0.473,0.447,0.829,0.0138,0.147,0.44;aaaaaaa;aaaaaaaaaa;
0.154,0.72,0.224,0.0983,0.412,0.1,0.851,0.739,0.267,0.982;aaaaaaa;aaaaaaa;
0.491,0.493,0.436,0.774,0.611,0.807,0.532,0.345,0.252,0.0137;a;aaaaaaa;
0.843,0.568,0.997,0.946,0.49,0.973,0.901,0.527,0.203,0.829;aaaaa;aaaaaa;
0.416,0.35,0.767,0.472,0.772,0.924,0.551,0.209,0.23,0.874;aaaaaa;aaaaaaa;
0.868,0.804,0.605,0.349,0.935,0.527,0.109,0.724,0.52,0.719;aa;aaaaaaa;
0.647,0.231,0.383,0.283,0.701,0.748,0.442,0.175,0.593,0.502;aaa;aaaaaa;
0.563,0.603,0.875,0.677,0.256,0.66,0.772,0.738,0.875,0.597;aaaaaaa;aaaa;
0.798,0.465,0.926,0.124,0.59,0.69,0.704,0.646,0.463,0.793;aaaaaaaaa;aaaaaaaa;
0.366,0.543,0.24,0.769,0.719,0.491,0.344,0.934,0.152,0.117;aaaaa;aaaaa;
0.425,0.723,0.303,0.00501,0.542,0.281,0.146,0.0259,0.367,0.911;aaaaaaa;aaaaaaaaaa;
0.133,0.294,0.752,0.296,0.705,0.528,0.429,0.255,0.54,0.49;aa;aaaaaaa;
0.146,0.554,0.178,0.0205,0.595,1,0.512,0.307,0.491,0.855;aaaaaaaa;aa;
0.916,0.836,0.816,0.185,0.851,0.868,0.0782,0.275,0.343,0.894;aaaaa;aaaaaaaaaa;
0.905,0.592,0.0329,0.796,0.0757,0.209,0.303,0.52,0.0248,0.561;aaaa;aaaaaaaaa;
0.536,0.974,0.735,0.987,0.94,0.652,0.478,0.572,0.306,0.194;aaaaaaaaa;aaaaa;
0.604,0.561,0.323,0.224,0.71,0.468,0.0564,0.32,0.637,0.413;a;aaaaaaaa;
0.722,0.406,0.799,0.924,0.715,0.0462,0.299,0.444,0.704,0.588;aaaaaaaaaa;aaaaaa;
0.0138,0.903,0.295,0.271,0.106,0.48,0.668,0.274,0.514,0.304;aaa;aaaaaa;
0.493,0.95,0.239,0.908,0.287,0.989,0.564,0.571,0.315,0.331;aaaa;aaa;
0.00783,0.697,0.943,0.262,0.00409,0.193,0.205,0.809,0.415,0.884;aa;aaa;
0.74,0.996,0.589,0.524,0.198,0.155,0.295,0.64,0.397,0.771;a;a;
0.932,0.425,0.711,0.196,0.0182,0.663,0.0665,0.907,0.291,0.132;aaaa;aaaaaaaaa;
0.181,0.318,0.167,0.496,0.309,0.671,0.782,0.743,0.817,0.475;aaaaaaa;aaaaaaaaaa;
0.514,0.931,0.637,0.562,0.439,0.184,0.733,0.7,0.681,0.312;aaaaaa;aaaaaaaaaa;
0.94,0.838,0.91,0.589,0.889,0.567,0.751,0.419,0.406,0.406;aaaaa;aaaaaaaa;
0.515,0.0929,0.606,0.315,0.153,0.696,0.554,0.933,0.0114,0.0485;aaaaa;aaaa;
0.0781,0.309,0.335,0.757,0.173,0.212,0.954,0.25,0.1,0.613;aaaaaaaaaa;aaaaaa;
0.514,0.987,0.646,0.317,0.866,0.996,0.32,0.12,0.356,0.00126;aaaaa;a;
0.89,0.789,0.0486,0.643,0.367,0.522,0.865,0.151,0.732,0.855;aaa;aaaaaa;
0.824,0.627,0.902,0.643,0.459,0.472,0.77,0.906,0.201,0.566;aaaaaaa;aaa;
0.122,0.162,0.227,0.908,0.965,0.197,0.389,0.716,0.87,0.951;aaaaaaaaaa;aaaaaaa;
0.107,0.508,0.712,0.00667,0.687,0.399,0.507,0.212,0.394,0.3;aaaaa;a;
0.59,0.095,0.409,0.208,0.0766,0.686,0.629,0.134,0.45,0.308;aaaaaa;aaaaaa;
0.302,0.215,0.105,0.471,0.723,0.605,0.333,0.24,0.589,0.834;aaa;aaaaaaaa;
0.00296,0.294,0.365,0.214,0.615,0.627,0.661,0.0729,0.69,0.781;a;aaaaaaaa;
0.962,0.316,0.538,0.208,0.956,0.0675,0.168,0.15,0.288,0.673;aaa;aaaaaaaa;
0.998,0.197,0.3,0.609,0.175,0.141,0.326,0.0137,0.768,0.881;aaaaaaa;aaaaaaaaaa;
0.706,0.345,0.281,0.541,0.381,0.47,0.943,0.562,0.06,0.73;aaaaaaa;aaaaa;
0.505,0.0584,0.493,0.661,0.577,0.816,0.579,0.346,0.958,0.712;aaaaaaaa;aaaaaaaa;
0.139,0.799,0.82,0.127,0.821,0.0126,0.281,0.179,0.666,0.0503;aaaa;aaaaaaaaaa;
0.0941,0.0652,0.411,0.645,0.14,0.0721,0.0785,0.229,0.729,0.569;aaaaaaaaaa;aaaaaaa;
0.402,0.215,0.994,0.71,0.496,0.364,0.184,0.989,0.767,0.981;aaaaaa;aaaaa;
0.352,0.851,0.596,0.148,0.734,0.367,0.106,0.978,0.78,0.613;aaaaaa;aaaa;
0.063,0.0863,0.987,0.826,0.171,0.185,0.423,0.36,0.614,0.577;aaaaaaaa;aaaaa;
0.936,0.523,0.196,0.185,0.605,0.695,0.241,0.759,0.499,0.11;aaaaaaaaaa;aaa;
0.296,0.166,0.927,0.0506,0.251,0.371,0.296,0.293,0.703,0.0695;aaaaaaaa;aaaaaa;
0.0475,0.998,0.511,0.904,0.73,0.308,0.574,0.49,0.211,0.487;aaaaaa;aaaa;
0.234,0.515,0.696,0.827,0.527,0.677,0.377,0.022,0.666,0.759;aaaaaa;aaaaaaaaa;
0.625,0.428,0.948,0.313,0.746,0.889,0.707,0.436,0.158,0.272;aa;aaaaa;
0.957,0.567,0.777,0.0269,0.377,0.877,0.71,0.958,0.0542,0.711;aaaaaaa;aaa;
0.715,0.459,0.411,0.92,0.609,0.56,0.421,0.753,0.853,0.519;aaaaaaaaa;aaaaaaaaaa;
0.466,0.337,0.372,0.292,0.657,0.778,0.72,0.13,0.767,0.271;aaaa;aaaaa;
0.0296,0.377,0.746,0.759,0.892,0.275,0.764,0.93,0.263,0.514;aa;aaa;
0.696,0.844,0.303,0.938,0.182,0.308,0.0435,0.486,0.253,0.571;aaaaaaaa;aaaa;
0.573,0.884,0.561,0.294,0.72,0.54,0.0218,0.907,0.369,0.667;aaaaaaa;aaaa;
0.402,0.751,0.265,0.703,0.148,0.911,0.442,0.249,0.142,0.76;aaaaaa;aaaa;
0.32,0.672,0.0757,0.332,0.163,0.329,0.992,0.402,0.00923,0.244;aaa;aaaaaaaa;
0.262,0.215,0.0555,0.847,0.437,0.0841,0.498,0.853,0.641,0.385;aaa;aaaaaaaa;
0.0303,0.208,0.782,0.438,0.944,0.768,0.13,0.914,0.359,0.0661;aaa;aaaaaa;
0.635,0.0427,0.0602,0.372,0.773,0.38,0.717,0.011,0.617,0.379;aaaaaaaa;aaaaaaaaaa;
0.597,0.182,0.358,0.0499,0.707,0.398,0.661,0.101,0.747,0.94;aaa;aa;
0.296,0.977,0.743,0.00506,0.676,0.881,0.54,0.986,0.638,0.0471;aaaaaaa;aaa;
0.00765,0.716,0.749,0.781,0.105,0.982,0.529,0.919,0.191,0.391;aaaaaaaa;aa;
0.54,0.834,0.052,0.928,0.542,0.423,0.17,0.998,0.776,0.748;aaa;a;
0.203,0.599,0.913,0.555,0.87,0.123,0.135,0.0666,0.268,0.586;a;a;
0.962,0.194,0.00439,0.558,0.537,0.791,0.874,0.856,0.802,0.486;aaaaa;aaa;
0.27,0.973,0.436,0.158,0.834,0.742,0.739,0.38,0.809,0.643;a;aaaaaaa;
0.602,0.597,0.127,0.121,0.873,0.69,0.303,0.0265,0.423,0.477;aa;aaaaaaa;
0.0629,0.981,0.0911,0.974,0.23,0.505,0.184,0.458,0.266,0.688;aaaaaaaaa;aaaaaaaaaa;
0.774,0.562,0.763,0.643,0.93,0.731,0.984,0.23,0.112,0.809;aaaaaaa;aaaaaaa;
0.386,0.19,0.604,0.205,0.405,0.184,0.093,0.596,0.411,0.944;aaaaaaaaa;aa;
0.168,0.382,0.626,0.838,0.929,0.78,0.403,0.299,0.183,0.887;a;a;
0.168,0.636,0.312,0.663,0.431,0.23,0.108,0.112,0.61,0.74;aaaaaa;aaaaaa;
0.235,0.679,0.0611,0.562,0.0702,0.606,0.277,0.638,0.0978,0.671;aa;aaaaaaaaa;
0.0364,0.865,0.341,0.688,0.886,0.686,0.71,0.0643,0.909,0.65;aa;aaaaaaaaaa;
0.475,0.411,0.746,0.768,0.471,0.786,0.165,0.00405,0.418,0.261;aaaaaaa;aaaaaaaaaa;
0.51,0.414,0.684,0.0838,0.493,0.516,0.626,0.445,0.257,0.508;aaaaaaa;aaaaaaaaa;
0.661,0.778,0.796,0.129,0.841,0.834,0.31,0.859,0.0644,0.0324;a;a;
0.466,0.0087,0.246,0.314,0.804,0.857,0.458,0.546,0.453,0.201;aaaa;aaaaaa;
0.254,0.0686,0.718,0.347,0.00791,0.973,0.489,0.516,0.126,0.933;aaaaaaaaaa;aa;
0.075,0.0715,0.428,0.585,0.337,0.369,0.571,0.555,0.0624,0.0914;a;a;
0.611,0.968,0.945,0.685,0.896,0.526,0.619,0.917,0.218,0.97;aaaaa;aaaaaa;
0.433,0.498,0.674,0.309,0.924,0.294,0.135,0.663,0.679,0.768;aaaaaaaaa;aaaaaaaaaa;
0.0447,0.105,0.687,0.00161,0.302,0.663,0.396,0.176,0.842,0.963;aaaaaaaaa;aaa;
0.922,0.0808,0.825,0.921,0.00788,0.158,0.169,0.971,0.179,0.564;aaa;aaaaa;
0.411,0.37,0.57,0.00207,0.591,0.437,0.609,0.179,0.136,0.119;aaa;aaaaaaaa;
0.928,0.862,0.788,0.404,0.645,0.407,0.0288,0.195,0.34,0.952;aaaa;aaaaa;
0.667,0.329,0.0607,0.271,0.132,0.13,0.821,0.78,0.13,0.525;aaaaaaaaa;aaaaaaaa;
0.87,0.722,0.347,0.187,0.916,0.571,0.278,0.397,0.97,0.787;aaaaaa;aaaaaaa;
0.33,0.197,0.734,0.465,0.968,0.502,0.304,0.769,0.125,0.663;aa;aaaaaaaaa;
0.49,0.279,0.192,0.0478,0.931,0.585,0.956,0.967,0.992,0.426;aaa;aa;
0.573,0.222,0.0594,0.447,0.547,0.193,0.316,0.149,0.388,0.87;aaaaaa;aaaaaaaaaa;
0.0196,0.186,0.713,0.545,0.777,0.166,0.868,0.571,0.193,0.273;aaaaaa;aaaaaaaa;
0.338,0.875,0.991,0.581,0.45,0.831,0.715,0.0213,0.746,0.234;aaaa;aaaa;
0.894,0.234,0.556,0.915,0.41,0.884,0.855,0.981,0.108,0.317;aaaaaaa;aaaaaaaaa;
0.679,0.539,0.00345,0.208,0.688,0.832,0.121,0.356,0.873,0.272;aaaaaaaa;aaaaaaaa;
0.165,0.542,0.781,0.358,0.142,0.644,0.537,0.701,0.232,0.393;aaaaaaaa;a;
0.651,0.634,0.544,0.193,0.712,0.308,0.96,0.0822,0.0832,0.307;aaaa;aaaaaa;
0.548,0.51,0.145,0.811,0.758,0.084,0.2,0.986,0.535,0.873;aa;aaaaaaaa;
0.211,0.196,0.755,0.703,0.217,0.624,0.877,0.342,0.285,0.627;aa;aaaaaa;
0.846,0.0156,0.433,0.011,0.859,0.137,0.807,0.588,0.859,0.686;aaaaaaaaa;aaaaaaaaa;
0.525,0.441,0.976,0.477,0.0335,0.567,0.0272,0.554,0.552,0.218;aaaaaaaa;a;
0.562,0.0387,0.956,0.0285,0.652,0.331,0.455,0.991,0.181,0.674;aaaa;aaaaaaa;
0.392,0.148,0.0855,0.584,0.239,0.638,0.281,0.387,0.27,0.407;aaaaaaaa;aa;
0.861,0.805,0.244,0.474,0.668,0.791,0.79,0.689,0.923,0.172;aaaaaaaaaa;aaaaaaaaaa;
0.57,0.0634,0.0192,0.000683,0.0875,0.0153,0.416,0.0932,0.378,0.279;aaaaaaaaaa;aaa;
0.358,0.0714,0.73,0.872,0.448,0.618,0.416,0.132,0.559,0.426;aaaaaaaa;aaa;
0.447,0.458,0.663,0.244,0.942,0.133,0.852,0.939,0.471,0.952;aaaaaaaaa;a;
0.034,0.464,0.508,0.262,0.356,0.687,0.926,0.201,0.907,0.284;aaaaa;aaaaaaaa;
0.148,0.62,0.00609,0.422,0.425,0.586,0.959,0.809,0.35,0.0714;aaaaaaa;aaaaaaa;
0.0139,0.889,0.83,0.194,0.589,0.203,0.282,0.574,0.115,0.69;aaaaa;aaaaa;
0.0299,0.671,0.369,0.74,0.801,0.885,0.371,0.246,0.971,0.863;aa;aaaaaaaa;
0.594,0.664,0.142,0.538,0.595,0.461,0.592,0.157,0.382,0.212;aaaaaaaaa;aaaaa;
0.0468,0.695,0.33,0.982,0.996,0.891,0.552,0.962,0.543,0.194;aaa;aaaaaaaaaa;
0.41,0.882,0.374,0.0122,0.901,0.312,0.0218,0.739,0.121,0.579;aaaaaa;aaa;
0.569,0.118,0.156,0.501,0.0544,0.612,0.476,0.74,0.0154,0.469;aaaaaaaaa;aaaaa;
0.498,0.793,0.00844,0.489,0.258,0.964,0.699,0.922,0.591,0.299;aaaaaaaaa;aaaaaaaa;
0.46,0.491,0.37,0.00462,0.333,0.667,0.147,0.941,0.0516,0.342;aa;aaaa;
0.553,0.943,0.187,0.998,0.38,0.171,0.066,0.492,0.374,0.587;aaa;aaaaaaa;
0.141,0.0793,0.472,0.718,0.0689,0.344,0.343,0.544,0.671,0.345;aaa;aaa;
0.188,0.319,0.976,0.945,0.164,0.133,0.654,0.83,0.426,0.817;a;aaaaaaaaa;
0.0861,0.142,0.0548,0.484,0.0979,0.745,0.655,0.25,0.967,0.245;aaaa;aaa;
0.0393,0.449,0.0749,0.271,0.565,0.131,0.0226,0.789,0.139,0.36;aaaaaaaa;aa;
0.644,0.743,0.447,0.869,0.548,0.985,0.733,0.42,0.0986,0.407;aaaa;a;
0.333,0.286,0.484,0.929,0.74,0.00386,0.318,0.121,0.04,0.682;aaaaa;aaaaaaa;
0.861,0.062,0.602,0.38,0.263,0.291,0.0179,0.51,0.28,0.959;aaa;aaaaaaaaaa;
0.0669,0.123,0.0313,0.151,0.791,0.0163,0.804,0.492,0.952,0.647;aaaaaaaaa;aa;
0.369,0.485,0.0583,0.654,0.153,0.603,0.707,0.454,0.37,0.0442;aaaaaaa;a;
0.934,0.802,0.0593,0.689,0.774,0.747,0.572,0.694,0.486,0.0971;aaa;aaaaaaaaaa;
0.422,0.451,0.495,0.992,0.359,0.396,0.104,0.0863,0.131,0.384;aaaaaaa;a;
0.442,0.019,0.769,0.89,0.231,0.756,0.415,0.705,0.681,0.141;aaaaa;aaaaaaaaa;
0.0938,0.737,0.971,0.369,0.828,0.0361,0.227,0.147,0.851,0.582;aaaaa;aa;
0.898,0.491,0.356,0.612,0.713,0.491,0.954,0.3,0.6,0.661;aa;aaaaaaa;
0.00195,0.272,0.3,0.75,0.844,0.247,0.441,0.103,0.574,0.249;aaaaaaaaaa;aaaaaaaaa;
0.574,0.559,0.507,0.894,0.885,0.693,0.45,0.432,0.985,0.297;aaaaaa;aa;
0.817,0.436,0.51,0.182,0.236,0.378,0.135,0.516,0.121,0.19;aaaaaaaaa;aaa;
0.423,0.895,0.757,0.189,0.564,0.378,0.184,0.969,0.0522,0.26;aaa;aaaaaaa;
0.648,0.807,0.771,0.261,0.819,0.855,0.258,0.902,0.677,0.766;aaaaaaa;aaaaaaaa;
0.734,0.648,0.775,0.749,0.21,0.863,0.886,0.273,0.361,0.153;aaaaaa;aaaaaaaaa;
0.617,0.292,0.977,0.662,0.572,0.239,0.47,0.128,0.179,0.933;aa;a;
0.844,0.353,0.00395,0.298,0.58,0.462,0.0974,0.39,0.11,0.285;aaaaaaaaaa;aaaaaaaaaa;
0.0122,0.998,0.852,0.852,0.594,0.885,0.0373,0.848,0.232,0.749;aaaa;aaaaaaaaa;
0.451,0.284,0.961,0.0796,0.305,0.897,0.835,0.429,0.732,0.684;aaa;aaaaaaaa;
0.907,0.865,0.36,0.336,0.313,0.185,0.497,0.518,0.824,0.362;aaa;aaa;
0.222,0.16,0.955,0.199,0.213,0.761,0.986,0.96,0.49,0.505;aaaaaa;aaaaaaaa;
0.484,0.444,0.394,0.428,0.647,0.346,0.389,0.133,0.497,0.26;aaaaaa;aaaaaaaaa;
0.805,0.0279,0.716,0.956,0.98,0.471,0.00303,0.835,0.123,0.846;aaaaaaa;aaaa;
0.896,0.496,0.496,0.157,0.604,0.446,0.869,0.221,0.932,0.482;aaaaaa;a;
0.737,0.858,0.442,0.264,0.703,0.77,0.68,0.939,0.222,0.483;a;a;
0.819,0.854,0.0754,0.455,0.3,0.654,0.975,0.611,0.151,0.25;aaaaaaaaa;aaaaaaa;
0.826,0.685,0.567,0.391,0.84,0.447,0.115,0.15,0.268,0.446;aaaaa;aaaaaaa;
0.022,0.883,0.585,0.897,0.849,0.172,0.121,0.219,0.856,0.904;a;aaa;
0.633,0.136,0.324,0.292,0.0788,0.492,0.608,0.239,0.142,0.548;aaaaaaaa;aaa;
0.895,0.355,0.62,0.524,0.472,0.885,0.68,0.126,0.783,0.258;aaaa;aaaaaaa;
0.451,0.646,0.792,0.572,0.839,0.438,0.778,0.698,0.517,0.202;aaaa;aaaaaa;
0.978,0.039,0.96,0.0934,0.869,0.805,0.973,0.195,0.949,0.0634;aaaaaa;aaaaaaaaaa;
0.264,0.0254,0.472,0.571,0.0546,0.062,0.909,0.86,0.0854,0.842;aaaaaa;aaaaaaaa;
0.269,0.537,0.132,0.962,0.573,0.264,0.888,0.512,0.923,0.286;aaaa;aaa;
0.664,0.349,0.997,0.582,0.666,0.309,0.00717,0.312,0.61,0.432;aaaaaaaaaa;a;
0.918,0.393,0.00226,0.461,0.96,0.623,0.898,0.0274,0.873,0.411;aaaaaaaaa;aaaaaaaaa;
0.0458,0.362,0.509,0.457,0.743,0.436,0.813,0.791,0.881,0.616;aaa;aa;
0.727,0.647,0.329,0.645,0.0521,0.138,0.569,0.648,0.104,0.342;aaaaaaaaaa;aaaaaaaaaa;
0.362,0.658,0.098,0.801,0.232,0.542,0.639,0.122,0.87,0.315;aaa;aaaaaaa;
0.403,0.98,0.882,0.32,0.586,0.601,0.379,0.575,0.77,0.211;aa;aaaaaaaaa;
0.0973,0.383,0.681,0.377,0.884,0.0382,0.791,0.287,0.722,0.995;aaaaaaaaa;a;
0.865,0.694,0.255,0.6,0.322,0.381,0.528,0.978,0.586,0.134;aaaaaa;aaaaaaaaaa;
0.067,0.149,0.286,0.731,0.903,0.621,0.987,0.104,0.639,0.534;aaaaaa;a;
0.122,0.665,0.553,0.512,0.322,0.454,0.0284,0.66,0.217,0.544;aaaaaaaa;aaaaaaaaaa;
0.258,0.188,0.787,0.193,0.305,0.922,0.913,0.89,0.824,0.95;aaaa;aaaaa;
0.249,0.14,0.123,0.937,0.544,0.0586,0.587,0.959,0.776,0.888;aaaaa;aaaa;
0.644,0.728,0.682,0.268,0.0589,0.467,0.476,0.6,0.0483,0.248;aaaaa;aa;
0.0348,0.218,0.29,0.572,0.849,0.328,0.769,0.864,0.533,0.741;aaaaaaa;a;
0.752,0.417,0.233,0.323,0.525,0.59,0.859,0.468,0.207,0.976;aaaaa;aaaaaaaa;
0.0553,0.159,0.632,0.432,0.0929,0.41,0.672,0.724,0.211,0.464;aaaaaaaaaa;aaa;
0.914,0.396,0.185,0.926,0.693,0.767,0.232,0.765,0.795,0.906;aaaa;aaaaaaaaa;
0.262,0.8,0.947,0.133,0.345,0.659,0.583,0.956,0.825,0.669;aaaaaaaaaa;aaaaaaa;
0.75,0.426,0.391,0.177,0.684,0.703,0.684,0.793,0.435,0.203;aaaaaaaaaa;aaa;
0.724,0.547,0.746,0.0277,0.713,0.642,0.486,0.746,0.936,0.938;aaa;aaaaaaaa;
0.385,0.143,0.724,0.749,0.355,0.293,0.459,0.255,0.272,0.0278;a;a;
0.603,0.84,0.0696,0.0282,0.905,0.509,0.363,0.159,0.579,0.0644;aaaaaaaaaa;aaaa;
0.166,0.0841,0.845,0.363,0.423,0.812,0.183,0.867,0.138,0.14;a;aa;
0.0801,0.315,0.709,0.357,0.904,0.388,0.304,0.623,0.0625,0.278;aaaaaaaa;aaaaaaa;
0.816,0.881,0.595,0.0756,0.227,0.253,0.48,0.0912,0.513,0.836;aaaaaa;aaaaaaaaaa;
0.0917,0.709,0.714,0.697,0.691,0.117,0.503,0.51,0.186,0.681;aaaaaaaa;aaaaaaa;
0.677,0.31,0.442,0.545,0.911,0.403,0.294,0.384,0.0919,0.874;aaa;aaaaaaaaaa;
0.712,0.349,0.857,0.12,0.602,0.879,0.319,0.849,0.0243,0.341;aa;aa;
0.873,0.636,0.0122,0.784,0.375,0.173,0.8,0.4,0.408,0.106;aaaa;aa;
0.13,0.611,0.867,0.408,0.863,0.704,0.197,0.892,0.529,0.874;aaaaaaaaa;aaaaa;
0.909,0.932,0.739,0.408,0.13,0.823,0.495,0.364,0.217,0.016;a;aaaaaaa;
0.353,0.939,0.938,0.677,0.577,0.885,0.952,0.929,0.808,0.556;aa;aaaaaa;
0.29,0.279,0.704,0.783,0.0363,0.706,0.0959,0.418,0.0427,0.38;aaaa;aaa;
0.759,0.0577,0.834,0.00083,0.369,0.713,0.109,0.713,0.909,0.541;aaaaa;aaaaaaaa;
0.787,0.0559,0.883,0.435,0.64,0.541,0.548,0.23,0.1,0.233;aaaaa;aaaaa;
0.911,0.409,0.73,0.72,0.928,0.928,0.133,0.683,0.256,0.938;aaaa;aaaaaaaaa;
0.669,0.905,0.743,0.481,0.783,0.668,0.97,0.976,0.619,0.893;aaaaaa;aaaaaaa;
0.314,0.985,0.426,0.616,0.216,0.189,0.611,0.227,0.519,0.63;aaa;aaaaaaaaa;
0.742,0.944,0.0213,0.213,0.857,0.294,0.0636,0.612,0.505,0.122;aaaaaaaaa;aaaaaaaaaa;
0.602,0.692,0.54,0.778,0.666,0.485,0.274,0.654,0.8,0.441;a;aaaaaaaaaa;
0.519,0.923,0.00412,0.837,0.408,0.0888,0.00802,0.543,0.741,0.126;aaaaa;aaaaaaa;
0.802,0.298,0.548,0.192,0.409,0.737,0.0746,0.172,0.344,0.592;aaa;aaa;
0.414,0.276,0.746,0.365,0.00259,0.309,0.993,0.0548,0.968,0.99;aaaaaa;aaa;
0.742,0.933,0.18,0.344,0.617,0.564,0.0157,0.606,0.368,0.706;aa;aaa;
0.801,0.0548,0.304,0.493,0.648,0.855,0.183,0.206,0.728,0.13;aa;aaaaaaaaaa;
0.0652,0.451,0.463,0.795,0.833,0.218,0.913,0.746,0.84,0.704;aaaa;aaaaaaaaa;
0.472,0.141,0.0168,0.748,0.514,0.126,0.214,0.264,0.723,0.558;aaaaa;a;
0.0986,0.411,0.286,0.938,0.695,0.798,0.261,0.738,0.201,0.971;aa;aaaaaaa;
0.541,0.688,0.151,0.102,0.473,0.484,0.23,0.092,0.581,0.77;aa;aaaaa;
0.611,0.559,0.334,0.308,0.61,0.152,0.62,0.333,0.295,0.967;aaaaaaa;aaaaaa;
0.011,0.353,0.202,0.713,0.278,0.0776,0.591,0.631,0.473,0.713;aa;aaaaaaaa;
0.86,0.778,0.394,0.749,0.58,0.632,0.344,0.291,0.34,0.327;a;aaaaaaaaaa;
0.438,0.557,0.301,0.633,0.0141,0.849,0.467,0.665,0.461,0.186;aaaaaaaaa;aaaaaaaa;
0.666,0.147,0.781,0.332,0.539,0.0301,0.843,0.664,0.576,0.472;aa;aaaaaaa;
0.502,0.79,0.75,0.0221,0.59,0.514,0.32,0.898,0.721,0.13;aaaaa;a;
0.0996,0.25,0.0721,0.026,0.499,0.73,0.0276,0.0553,0.376,0.934;aaaaaaaa;aaaaa;
0.848,0.653,0.456,0.385,0.0781,0.794,0.417,0.0156,0.485,0.449;a;aaa;
0.356,0.583,0.134,0.446,0.287,0.669,0.584,0.18,0.712,0.464;aaaaaaaaaa;aaaaa;
0.52,0.0289,0.539,0.252,0.848,0.397,0.566,0.581,0.377,0.973;aaa;aaaaaaaaa;
0.785,0.602,0.54,0.268,0.75,0.00515,0.162,0.495,0.931,0.216;aaa;aaaaaaaaa;
0.301,0.691,0.847,0.89,0.173,0.937,0.606,0.924,0.948,0.888;aaa;aaaaaaaa;
0.149,0.88,0.641,0.813,0.97,0.062,0.77,0.183,0.341,0.407;aa;aaaa;
0.922,0.605,0.148,0.637,0.252,0.241,0.247,0.341,0.733,0.292;aa;aaaaaaa;
0.607,0.585,0.567,0.674,0.164,0.623,0.868,0.121,0.214,0.18;a;a;
0.101,0.768,0.866,0.304,0.082,0.809,0.989,0.649,0.732,0.528;aaaaa;aaaaaa;
0.0101,0.085,0.987,0.722,0.257,0.856,0.793,0.971,0.0493,0.758;aaaaa;aaaaaaaa;
0.61,0.151,0.427,0.235,0.0784,0.698,0.462,0.594,0.00113,0.775;aa;aaaaaaa;
0.638,0.54,0.311,0.174,0.917,0.172,0.0382,0.677,0.327,0.545;aaa;aaaa;
0.696,0.133,0.753,0.336,0.0664,0.382,0.426,0.784,0.648,0.107;a;aaaaaaaa;
0.0152,0.242,0.83,0.735,0.179,0.0893,0.411,0.507,0.949,0.088;a;aaaaaaaaaa;
0.143,0.419,0.394,0.0749,0.903,0.671,0.0609,0.208,0.884,0.607;aaaaaaaa;aaaa;
0.988,0.824,0.413,0.371,0.206,0.157,0.135,0.137,0.732,0.886;aaaaa;aaaaaaaaa;
0.89,0.724,0.309,0.53,0.383,0.308,0.716,0.763,0.219,0.17;aaaaaaaa;aaaaaaaa;
0.598,0.763,0.704,0.528,0.939,0.657,0.44,0.863,0.448,0.674;aaaaaaaa;a;
0.275,0.757,0.582,0.827,0.314,0.711,0.961,0.4,0.915,0.114;aaaaaaaa;aaa;
0.311,0.484,0.158,0.184,0.0182,0.599,0.556,0.672,0.579,0.568;a;aaaaaaa;
0.888,0.435,0.151,0.643,0.242,0.891,0.447,0.272,0.977,0.0359;aaa;aaaaaaaaa;
0.221,0.724,0.291,0.454,0.688,0.0261,0.103,0.472,0.126,0.464;aa;aaaaaaaaaa;
0.111,0.889,0.565,0.6,0.629,0.927,0.732,0.201,0.556,0.94;a;a;
0.954,0.109,0.637,0.569,0.0197,0.734,0.574,0.521,0.863,0.432;a;aaaaaaaa;
0.277,0.505,0.453,0.374,0.565,0.397,0.0274,0.172,0.0638,0.574;aaaaaaaa;aa;
0.846,0.136,0.504,0.818,0.634,0.909,0.381,0.649,0.537,0.873;aaaaaaaaaa;aaaaaaaaa;
0.374,0.51,0.0783,0.511,0.148,0.522,0.308,0.68,0.103,0.989;aaaaa;aaaaaa;
0.308,0.0805,0.68,0.0642,0.674,0.896,0.193,0.271,0.0489,0.217;aa;aa;
0.667,0.0979,0.85,0.5,0.653,0.918,0.985,0.632,0.308,0.802;aaaaaaaaa;aaaaaaaaa;
0.393,0.162,0.537,0.813,0.578,0.488,0.303,0.194,0.416,0.464;a;aaaaa;
0.823,0.941,0.000837,0.693,0.659,0.674,0.00517,0.901,0.163,0.176;aaa;aaaaa;
0.303,0.596,0.0293,0.0912,0.667,0.305,0.182,0.93,0.279,0.735;aaaaaaa;aaaaaa;
0.471,0.713,0.607,0.568,0.335,0.392,0.345,0.883,0.738,0.483;aaaaaa;aaaaa;
0.44,0.219,0.172,0.73,0.686,0.811,0.46,0.163,0.919,0.424;aaaaa;aaaaaaa;
0.521,0.722,0.576,0.651,0.389,0.972,0.206,0.604,0.213,0.577;aaaaaa;aaaaaaaa;
0.398,0.113,0.0692,0.243,0.37,0.786,0.117,0.0781,0.548,0.941;aaaaaaaaa;aaaaaaa;
0.414,0.272,0.0793,0.223,0.715,0.798,0.763,0.0264,0.227,0.114;aaaa;aaaaaaaa;
0.816,0.0471,0.479,0.484,0.662,0.326,0.614,0.0422,0.855,0.283;aaaa;aaaaaa;
0.207,0.716,0.598,0.663,0.111,0.612,0.603,0.587,0.664,0.145;aaaaaa;aaaa;
0.0117,0.631,0.397,0.948,0.821,0.95,0.475,0.393,0.112,0.209;aaaaaaa;aaaaa;
0.124,0.356,0.79,0.893,0.74,0.67,0.811,0.864,0.884,0.789;aaaaaaaaaa;aaaaaaaaa;
0.131,0.157,0.685,0.487,0.347,0.252,0.784,0.0272,0.299,0.648;aaaaaaaa;aaaaaa;
0.461,0.681,0.323,0.0314,0.464,0.516,0.224,0.635,0.476,0.323;aaaaaaaaaa;aaa;
0.00864,0.0807,0.862,0.663,0.609,0.715,0.909,0.709,0.965,0.164;aaaaa;aaaaaa;
0.448,0.505,0.822,0.137,0.000707,0.915,0.199,0.327,0.953,0.397;aaaaaaaaa;aa;
0.492,0.241,0.574,0.377,0.271,0.133,0.0155,0.741,0.99,0.0905;aaaaaaaaaa;aaaaaaa;
0.388,0.205,0.496,0.307,0.436,0.696,0.73,0.125,0.332,0.959;aaaaa;aaaaaaa;
0.237,0.941,0.969,0.772,0.467,0.109,0.55,0.316,0.933,0.658;aaaaaaaa;aaaaa;
0.321,0.832,0.0292,0.863,0.762,0.931,0.99,0.301,0.421,0.567;aa;aaaaa;
0.904,0.261,0.313,0.219,0.714,0.455,0.628,0.614,0.874,0.747;aaaaa;aa;
0.748,0.905,0.564,0.112,0.47,0.292,0.935,0.238,0.59,0.456;aaaaaaaaaa;aa;
0.0175,0.632,0.868,0.178,0.519,0.14,0.601,0.133,0.842,0.94;aaaaa;aaaaaaaa;
0.806,0.212,0.495,0.96,0.787,0.21,0.595,0.175,0.844,0.844;aaaa;aaaaaaaaaa;
0.904,0.23,0.406,0.229,0.417,0.739,0.66,0.857,0.676,0.0523;aaa;aaaaaaaaaa;
0.403,0.697,0.735,0.626,0.125,0.0306,0.168,0.682,0.00306,0.321;aaaaaa;aa;
0.529,0.226,0.641,0.524,0.166,0.403,0.811,0.43,0.376,0.0847;aaaaaaa;aaaaaaaaa;
0.44,0.707,0.366,0.946,0.424,0.999,0.738,0.328,0.877,0.92;aaaaaaaaaa;aaa;
0.788,0.861,0.474,0.78,0.858,0.394,0.535,0.674,0.317,0.496;aaaaaaaaaa;a;
0.115,0.591,0.135,0.0425,0.944,0.768,0.603,0.747,0.726,0.614;aaaa;aaaaaaaaa;
0.269,0.379,0.235,0.828,0.338,0.408,0.605,0.811,0.582,0.447;aaaaaaaa;aa;
0.524,0.213,0.71,0.383,0.238,0.806,0.844,0.434,0.158,0.306;aa;aa;
0.0214,0.992,0.175,0.0342,0.539,0.455,0.0389,0.308,0.63,0.343;a;aaaaaaaaaa;
0.808,0.441,0.873,0.731,0.769,0.0507,0.302,0.892,0.793,0.35;aaaaaa;a;
0.903,0.394,0.753,0.227,0.937,0.551,0.26,0.85,0.493,0.485;aaaaaa;aaaaaaaa;
0.222,0.926,0.0647,0.333,0.723,0.695,0.464,0.0888,0.965,0.907;aaa;aa;
0.6,0.537,0.891,0.84,0.185,0.676,0.0455,0.727,0.55,0.419;aaaaaaaaaa;aaaa;
0.446,0.423,0.416,0.437,0.715,0.163,0.679,0.0944,0.0288,0.929;aa;aaaaaaaaa;
0.725,0.337,0.651,0.96,0.397,0.0985,0.917,0.212,0.956,0.0848;aaaaaaa;a;
0.561,0.383,0.536,0.404,0.864,0.756,0.597,0.954,0.883,0.182;aaaaaaaaa;aaaaaaaa;
0.688,0.838,0.118,0.994,0.266,0.228,0.75,0.941,0.154,0.603;aaaaaaaaa;a;
0.121,0.277,0.146,0.238,0.0895,0.207,0.58,0.43,0.847,0.652;aaa;a;
0.308,0.588,0.0184,0.137,0.991,0.913,0.276,0.0401,0.162,0.918;aaaaaaa;aaaaa;
1,0.0465,0.821,0.811,0.5,0.69,0.135,0.729,0.788,0.079;aaaaaaaa;aaaa;
0.252,0.79,0.983,0.349,0.187,0.233,0.697,0.422,0.662,0.741;aaaa;aaaaaaaaa;
0.962,0.167,0.154,0.51,0.696,0.108,0.65,0.526,0.654,0.755;aa;aaaaaaaa;
0.261,0.00198,0.372,0.551,0.0306,0.717,0.811,0.996,0.577,0.0737;a;aaaaaaaaa;
0.242,0.678,0.708,0.157,0.845,0.00349,0.667,0.899,0.0171,0.406;a;aaaaaaaaa;
0.794,0.439,0.89,0.954,0.199,0.0217,0.0264,0.385,0.501,0.577;aaaaaaaaa;aaaaaaaaa;
0.0302,0.406,0.831,0.0278,0.777,0.211,0.549,0.477,0.741,0.356;aaaa;aaaaaa;
0.763,0.108,0.0788,0.982,0.205,0.994,0.0771,0.543,0.232,0.693;aaaaaaaaa;aaaaaa;
0.714,0.257,0.51,0.00115,0.502,0.425,0.884,0.26,0.159,0.0233;aaaaaaaa;aa;
0.966,0.877,0.689,0.719,0.455,0.759,0.533,0.791,0.486,0.445;aaaaaaa;aaaaaaaa;
0.496,0.227,0.842,0.905,0.249,0.914,0.777,0.197,0.386,0.434;aa;aaa;
0.904,0.856,0.54,0.924,0.104,0.509,0.498,0.781,0.727,0.394;aaa;aa;
0.421,0.936,0.288,0.0892,0.421,0.0438,0.763,0.345,0.247,0.0972;aaaaa;a;
0.629,0.201,0.872,0.451,0.0504,0.233,0.315,0.467,0.811,0.59;aaaaaaaaaa;aaaaaaaa;
0.442,0.413,0.925,0.252,0.351,0.13,0.294,0.73,0.982,0.717;a;aa;
0.0901,0.56,0.325,0.288,0.00197,0.0264,0.885,0.514,0.773,0.164;aaaaaa;aaaaaaaaa;
0.956,0.443,0.125,0.286,0.511,0.108,0.0933,0.921,0.835,0.739;aaaaaaaaa;a;
0.957,0.371,0.332,0.611,0.241,0.448,0.305,0.252,0.259,0.256;a;aaa;
0.704,0.983,0.0973,0.574,0.121,0.609,0.0822,0.35,0.89,0.892;aaaaaaa;aaaaa;
0.0175,0.206,0.047,0.606,0.542,0.762,0.158,0.373,0.179,0.905;aaaaaaaaaa;aaaaaa;
0.429,0.148,0.811,0.788,0.266,0.763,0.239,0.512,0.0527,0.993;aaaa;a;
0.166,0.585,0.784,0.914,0.114,0.93,0.979,0.235,0.373,0.939;aaa;aaaaaaa;
0.582,0.57,0.697,0.982,0.165,0.964,0.826,0.413,0.695,0.812;aaaaaa;aaaa;
0.294,0.198,0.684,0.239,0.785,0.891,0.858,0.176,0.793,0.563;aaaaaa;aaaaaa;
0.988,0.122,0.0646,0.889,0.133,0.193,0.219,0.645,0.686,0.692;aaaaaaaaa;aaaa;
0.0786,0.596,0.266,0.523,0.0842,0.821,0.777,0.278,0.288,0.946;a;aaaa;
0.356,0.372,0.023,0.367,0.57,0.0271,0.489,0.71,0.0409,0.076;aaaaaaa;a;
0.921,0.318,0.785,0.795,0.365,0.563,0.705,0.217,0.105,0.473;aaaaa;aa;
0.598,0.162,0.555,0.657,0.503,0.0698,0.505,0.415,0.767,0.0153;a;aaaaaaaaaa;
0.0268,0.808,0.969,0.97,0.75,0.089,0.439,0.893,0.801,0.436;aaaaaaaa;aaaaa;
0.429,0.36,0.657,0.702,0.895,0.0222,0.0766,0.601,0.935,0.831;a;aaaaaaaaaa;
0.104,0.386,0.0646,0.649,0.457,0.312,0.531,0.998,0.0255,0.799;aaaaaaaaa;aaaaaaaa;
0.396,0.499,0.196,0.377,0.174,0.67,0.601,0.901,0.914,0.56;aaaaaaaa;aaaaaaaa;
0.747,0.543,0.0858,0.568,0.613,0.763,0.353,0.891,0.0289,0.566;aaaaaaaaaa;aaaaa;
0.817,0.882,0.73,0.918,0.777,0.161,0.103,0.723,0.136,0.147;aaaa;aaaa;
0.641,0.075,0.796,0.253,0.399,0.441,0.369,0.306,0.474,0.033;aaa;aaa;
0.342,0.843,0.3,0.51,0.335,0.427,0.0874,0.329,0.693,0.872;aaaaaaaaa;aaaaaaaa;
0.353,0.524,0.499,0.118,0.727,0.0599,0.0823,0.254,0.0498,0.396;aaaa;aaaa;
0.482,0.934,0.00609,0.849,0.507,0.327,0.773,0.845,0.456,0.979;aaaaaa;aaaaaaa;
0.651,0.225,0.215,0.48,0.373,0.554,0.0127,0.736,0.569,0.365;aaaaaaa;aaaaaa;
0.906,0.149,0.837,0.904,0.407,0.458,0.67,0.601,0.0723,0.378;aaaa;aaaaaaaa;
0.35,0.943,0.528,0.484,0.77,0.0199,0.82,0.651,0.698,0.101;aaaaa;aaaa;
0.561,0.741,0.621,0.88,0.4,0.285,0.333,0.0122,0.105,0.0958;aaaa;aa;
0.42,0.628,0.0431,0.69,0.319,0.000577,0.371,0.843,0.75,0.0102;aaa;aaaaa;
0.0717,0.361,0.351,0.617,0.212,0.466,0.158,0.13,0.783,0.801;aaaaaaaaa;aaaaaaaa;
0.031,0.842,0.718,0.804,0.115,0.819,0.934,0.822,0.721,0.377;aaaaaaa;aaaaaa;
0.0423,0.74,0.53,0.404,0.379,0.484,0.78,0.318,0.836,0.437;aaaaa;aaaaaaaaa;
0.603,0.834,0.665,0.721,0.38,0.948,0.906,0.31,0.0476,0.674;aaa;aaaaaaaaaa;
0.443,0.957,0.737,0.427,0.046,0.438,0.641,0.639,0.445,0.203;aaaaaa;aaaaaaaaa;
0.634,0.586,0.491,0.963,0.256,0.192,0.417,0.326,0.597,0.615;aa;aaaaa;
0.688,0.217,0.347,0.554,0.919,0.837,0.46,0.514,0.95,0.106;aaaaaa;aaaaaaa;
0.979,0.0412,0.202,0.994,0.087,0.194,0.517,0.833,0.908,0.905;a;aaaaaaaa;
0.911,0.601,0.517,0.178,0.363,0.977,0.00514,0.191,0.261,0.69;aaaaaaaaaa;aaaaaaa;
0.146,0.658,0.87,0.366,0.844,0.971,0.127,0.116,0.391,0.32;a;aaaaaaa;
0.646,0.0435,0.436,0.557,0.364,0.415,0.631,0.242,0.485,0.937;a;aaaaaa;
0.646,0.376,0.517,0.314,0.224,0.742,0.425,0.571,0.411,0.3;aaaaaaa;aaaaaaa;
0.0861,0.317,0.477,0.124,0.255,0.902,0.615,0.379,0.0406,0.618;aaaaaa;aaaaaa;
0.175,0.0793,0.0691,0.912,0.424,0.187,0.91,0.179,0.856,0.736;aaaaaaaaa;a;
0.176,0.483,0.907,0.611,0.687,0.685,0.7,0.283,0.0903,0.0997;aaaa;aaaaaaaaa;
0.899,0.449,0.463,0.554,0.878,0.361,0.656,0.00206,0.11,0.509;aaa;aa;
0.502,0.294,0.952,0.697,0.429,0.255,0.694,0.997,0.615,0.743;aaaaaaaa;aa;
0.0291,0.732,0.0534,0.802,0.262,0.315,0.251,0.977,0.971,0.561;aaaaaaaaa;aaaaaaaaa;
0.07,0.637,0.487,0.933,0.00358,0.292,0.767,0.425,0.74,0.21;aaaaaaaaa;aaa;
0.339,0.0669,0.923,0.797,0.478,0.139,0.644,0.242,0.273,0.201;aaaaaaaaaa;aaa;
0.187,0.194,0.218,0.939,0.465,0.694,0.743,0.414,0.671,0.689;aaaaa;aaaaaaaaaa;
0.0635,0.425,0.483,0.88,0.0399,0.676,0.351,0.473,0.307,0.259;aaaaa;aaa;
0.0749,0.484,0.262,0.372,0.633,0.0168,0.408,0.506,0.938,0.56;aaaaaaa;aaaaaaaaa;
0.471,0.611,0.377,0.572,0.277,0.826,0.543,0.24,0.676,0.917;aaa;aaaaaaa;
0.536,0.437,0.524,0.195,0.296,0.349,0.836,0.736,0.21,0.536;a;a;
0.394,0.805,0.189,0.519,0.995,0.246,0.587,0.762,0.782,0.626;aaaaaaa;aaaaaaaaa;
0.545,0.606,0.622,0.079,0.694,0.414,0.398,0.698,0.379,0.724;aaaaa;aa;
0.414,0.0895,0.722,0.095,0.808,0.586,0.658,0.126,0.14,0.887;aaaaaaa;aaaa;
0.0816,0.701,0.504,0.636,0.102,0.224,0.0933,0.551,0.466,0.36;aaaa;a;
0.0715,0.671,0.572,0.751,0.696,0.691,0.975,0.036,0.0366,0.851;aaaa;aaaaaaaa;
0.997,0.323,0.279,0.085,0.104,0.105,0.738,0.274,0.338,0.0447;aaaa;aa;
0.341,0.474,0.455,0.194,0.677,0.718,0.534,0.0111,0.954,0.599;aaaa;aaa;
0.721,0.935,0.0174,0.855,0.09,0.656,0.315,0.112,0.0615,0.808;aaaaa;aaaaaaaaa;
0.488,0.132,0.985,0.806,0.167,0.915,0.436,0.395,0.335,0.112;aaa;aaa;
0.0953,0.489,0.701,0.627,0.464,0.871,0.62,0.806,0.179,0.325;aaaaaaaaaa;a;
0.386,0.408,0.136,0.576,0.765,0.837,0.704,0.435,0.625,0.492;aaaaaaaaa;aaaaaaa;
0.156,0.763,0.842,0.0657,0.3,0.577,0.424,0.604,0.192,0.169;a;aaa;
0.079,0.13,0.755,0.33,0.54,0.113,0.462,0.378,0.577,0.18;aaaa;aaaaaaaaaa;
0.669,0.96,0.0986,0.584,0.592,0.932,0.738,0.0781,0.868,0.808;aaaaa;aaaaa;
0.116,0.125,0.252,0.00168,0.542,0.811,0.98,0.369,0.967,0.888;a;aa;
0.8,0.661,0.0578,0.922,0.646,0.441,0.872,0.09,0.471,0.52;aaaaaaaaa;aaa;
0.485,0.091,0.139,0.695,0.567,0.142,0.126,0.87,0.118,0.331;aaaaaaaaa;aaaaaaaaaa;
0.933,0.155,0.0149,0.145,0.0835,0.897,0.544,0.617,0.246,0.0198;aaaaaaaaa;aaaaaaaaaa;
0.157,0.146,0.081,0.855,0.0461,0.412,0.807,0.433,0.0237,0.534;aaaaa;aaaaaaaa;
0.789,0.791,0.798,0.408,0.103,0.294,0.361,0.42,0.969,0.479;aaaaaaa;aa;
0.881,0.0807,0.296,0.925,0.909,0.0783,0.122,0.0364,0.0877,0.695;aaaaaa;aaaaaaa;
0.035,0.428,0.35,0.768,0.828,0.431,0.813,0.795,0.243,0.548;aaaaaaaaa;aaaaa;
0.4,0.379,0.32,0.449,0.475,0.135,0.578,0.892,0.242,0.57;aaa;aaaaaaaaaa;
0.377,0.449,0.37,0.0995,0.893,0.439,0.907,0.0085,0.42,0.282;aaaaaaaa;a;
0.0571,0.136,0.219,0.728,0.285,0.219,0.754,0.258,0.333,0.246;aaaaaaaa;aaaa;
0.318,0.935,0.269,0.518,0.0954,0.354,0.379,0.761,0.0711,0.729;aaaaaaaaaa;aaaaaaa;
0.433,0.0203,0.627,0.853,0.349,0.72,0.729,0.932,0.938,0.666;aa;aa;
0.0646,0.193,0.669,0.407,0.341,0.589,0.139,0.371,0.157,0.0925;a;a;
0.954,0.51,0.861,0.909,0.312,0.683,0.357,0.012,0.822,0.266;aaaaaa;aaaaa;
0.889,0.157,0.162,0.883,0.94,0.204,0.668,0.538,0.516,0.309;aaaa;aaaaaa;
0.179,0.996,0.358,0.534,0.0274,0.629,0.694,0.651,0.644,0.491;aaaaaaaa;aaaaaaaaaa;
0.0346,0.0509,0.793,0.461,0.702,0.183,0.905,0.18,0.246,0.999;aaaaaa;aaaaaaaa;
0.789,0.0608,0.891,0.42,0.728,0.391,0.766,0.855,0.792,0.348;aa;aaaa;
0.205,0.895,0.144,0.169,0.507,0.229,0.509,0.723,0.24,0.782;aaaaaaaa;aaa;
0.825,0.22,0.567,0.253,0.136,0.0459,0.443,0.905,0.0239,0.677;aaaaaaaaaa;aaaaaaaaaa;
0.152,0.392,0.596,0.409,0.791,0.739,0.282,0.258,0.79,0.742;aaaaaaaaaa;a;
0.322,0.555,0.398,0.826,0.332,0.576,0.698,0.199,0.606,0.918;aaaaaaa;aaaaaaaaa;
0.889,0.715,0.0881,0.0254,0.693,0.0494,0.373,0.11,0.106,0.287;aaaa;aa;
0.889,0.863,0.285,0.0956,0.108,0.21,0.0476,0.651,0.371,0.136;aaaaaaaaaa;a;
0.944,0.409,0.207,0.423,0.0155,0.588,0.87,0.348,0.571,0.664;aaa;aaaaaa;
0.552,0.969,0.641,0.786,0.0117,0.531,0.806,0.215,0.405,0.352;aaaaaa;aaaaaaaaa;
0.0578,0.834,0.201,0.565,0.13,0.371,0.319,0.979,0.459,0.113;aaaaaaaaaa;aaaaaaaaaa;
0.97,0.0217,0.431,0.451,0.36,0.701,0.27,0.814,0.874,0.502;aaaaaaaa;aaaaaaaa;
0.664,0.761,0.693,0.442,0.475,0.269,0.168,0.726,0.521,0.64;aaa;aaaaaaaaa;
0.418,0.967,0.507,0.309,0.795,0.0145,0.149,0.362,0.156,0.694;aaaaaa;aaaaa;
0.684,0.121,0.109,0.0816,0.858,0.709,0.702,0.617,0.993,0.57;a;aaaaaa;
0.272,0.292,0.173,0.731,0.428,0.676,0.392,0.24,0.882,0.658;aaaaa;aaaaaaaaaa;
0.842,0.557,0.679,0.835,0.483,0.762,0.706,0.172,0.273,0.525;aaaaaaaaa;aaaaa;
0.16,0.308,0.98,0.401,0.388,0.49,0.503,0.418,0.902,0.0585;aa;aaaaa;
0.656,0.6,0.717,0.712,0.315,0.293,0.807,0.817,0.333,0.358;aaa;aaaaaaaa;
0.964,0.364,0.135,0.506,0.86,0.636,0.893,0.144,0.783,0.101;aaaaaaaaa;aaaaaaa;
0.387,0.812,0.32,0.975,0.31,0.996,0.558,0.128,0.876,0.176;aaa;aaaaaaa;
0.669,0.632,0.725,0.106,0.602,0.908,0.393,0.815,0.737,0.801;aaaa;aa;
0.521,0.43,0.591,0.0129,0.237,0.419,0.574,0.342,0.517,0.507;aaa;aaaaaaa;
0.636,0.641,0.62,0.384,0.854,0.455,0.483,0.721,0.69,0.336;aaaaaaaaa;a;
0.0775,0.557,0.852,0.993,0.827,0.477,0.216,0.00511,0.826,0.202;aaaaaaaa;aaaaaaaa;
0.269,0.408,0.477,0.92,0.467,0.65,0.758,0.0949,0.659,0.0101;a;aaaaaaaa;
0.103,0.996,0.166,0.538,0.491,0.307,0.588,0.914,0.919,0.985;aaaaaaaaa;aaaaaaaa;
0.73,0.869,0.763,0.339,0.908,0.695,0.736,0.238,0.808,0.791;aaaa;aaa;
0.187,0.624,0.00414,0.72,0.597,0.137,0.66,0.356,0.799,0.662;aaaaaaa;aaaaaaaa;
0.478,0.983,0.0997,0.0707,0.787,0.228,0.71,0.965,0.682,0.0885;aaaa;aaaaaaa;
0.57,0.422,0.592,0.879,0.162,0.725,0.946,0.115,0.503,0.83;aaaaaaaaa;aaaaaaaa;
0.874,0.51,0.773,0.295,0.775,0.38,0.854,0.0898,0.0129,0.63;aaaaa;aaaaaaaa;
0.0729,0.101,0.114,0.697,0.41,0.706,0.507,0.954,0.812,0.232;aaaaaaaa;aa;
0.862,0.097,0.835,0.83,0.00452,0.661,0.076,0.491,0.178,0.366;aa;a;
0.837,0.111,0.925,0.729,0.814,0.688,0.604,0.723,0.222,0.729;aaaaaa;aaaaa;
0.578,0.569,0.402,0.117,0.46,0.854,0.0135,0.0651,0.714,0.302;aa;aa;
0.729,0.212,0.0911,0.321,0.384,0.179,0.436,0.185,0.117,0.118;aaaaaa;aaaaa;
0.286,0.817,0.849,0.97,0.2,0.838,0.508,0.769,0.632,0.391;aaa;aaaaaaa;
0.885,0.989,0.524,0.107,0.972,0.249,0.842,0.814,0.185,0.433;aaa;aaaa;
0.266,0.767,0.655,0.632,0.42,0.466,0.403,0.588,0.863,0.861;aa;aa;
0.974,0.823,0.135,0.199,0.25,0.777,0.577,0.852,0.911,0.93;aaa;aaaaaaa;
0.712,0.71,0.575,0.624,0.844,0.411,0.17,0.275,0.841,0.607;aaa;aaaaaaa;
0.676,0.129,0.0154,0.985,0.947,0.777,0.522,0.383,0.957,0.52;aaaa;aaaaa;
0.528,0.451,0.0791,0.0015,0.853,0.211,0.889,0.597,0.275,0.827;aaaaaaaa;aaa;
0.829,0.673,0.473,0.777,0.466,0.829,0.501,0.312,0.259,0.212;aaaaaaaaaa;aaaaa;
0.739,0.38,0.744,0.972,0.0736,0.174,0.741,0.264,0.713,0.0899;aaaaaaaaaa;aaaaaaaaa;
0.716,0.0582,0.678,0.225,0.105,0.747,0.935,0.576,0.562,0.959;aaaaaaa;aaaaaaaa;
0.892,0.331,0.85,0.562,0.093,0.433,0.621,0.997,0.216,0.349;a;aaaa;
0.287,0.844,0.316,0.139,0.219,0.779,0.792,0.517,0.795,0.495;aaaaaaaa;aaaaa;
0.627,0.565,0.844,0.63,0.79,0.6,0.857,0.773,0.274,0.807;aaaa;aaaaaaaaa;
0.783,0.926,0.416,0.341,0.38,0.133,0.524,0.106,0.256,0.695;aaaaaaa;aaaaaaa;
0.446,0.128,0.467,0.46,0.0041,0.847,0.663,0.0696,0.502,0.876;aaaaaaaaaa;aaaaaaaaa;
0.0935,0.868,0.468,0.818,0.895,0.00516,0.924,0.0763,0.773,0.274;aaaaaaa;aaaaaaaa;
0.539,0.828,0.111,0.929,0.967,0.64,0.799,0.439,0.51,0.29;aaa;aaaa;
0.255,0.0903,0.792,0.357,0.537,0.868,0.777,0.0333,0.686,0.936;aaaa;aaaaaaaaaa;
0.98,0.193,0.19,0.95,0.479,0.372,0.655,0.188,0.92,0.278;aaaa;aaaa;
0.958,0.161,0.1,0.571,0.731,0.487,0.592,0.973,0.645,0.85;aaaaaaa;aaaaaa;
0.442,0.361,0.244,0.829,0.568,0.515,0.768,0.212,0.0288,0.954;aaaaaaaaa;aaa;
0.711,0.637,0.36,0.373,0.15,0.789,0.944,0.559,0.633,0.145;aaaaaa;aaaaaaa;
0.255,0.0903,0.792,0.357,0.537,0.868,0.777,0.0333,0.686,0.936;aaaa;aaaaaaa;
0.98,0.193,0.19,0.95,0.479,0.372,0.655,0.188,0.92,0.278;aaaa;aaaaa;
0.958,0.161,0.1,0.571,0.731,0.487,0.592,0.973,0.645,0.85;aaaaaaa;aaaaaaaa;
0.442,0.361,0.244,0.829,0.568,0.515,0.768,0.212,0.0288,0.954;aaaaaaaaa;a;
0.711,0.637,0.36,0.373,0.15,0.789,0.944,0.559,0.633,0.145;aaaaaa;aaaa;
0.255,0.0903,0.792,0.357,0.537,0.868,0.777,0.0333,0.686,0.936;aaaa;aaaaaaaaaa;
0.98,0.193,0.19,0.95,0.479,0.372,0.655,0.188,0.92,0.278;aaaa;a;
0.958,0.161,0.1,0.571,0.731,0.487,0.592,0.973,0.645,0.85;aaaaaaa;aaaaaaaaa;
0.442,0.361,0.244,0.829,0.568,0.515,0.768,0.212,0.0288,0.954;aaaaaaaaa;aaaaaaaaaa;
0.711,0.637,0.36,0.373,0.15,0.789,0.944,0.559,0.633,0.145;aaaaaa;aaaaaaaa;
0.255,0.0903,0.792,0.357,0.537,0.868,0.777,0.0333,0.686,0.936;aaaa;aa;
0.98,0.193,0.19,0.95,0.479,0.372,0.655,0.188,0.92,0.278;aaaa;aaa;
0.958,0.161,0.1,0.571,0.731,0.487,0.592,0.973,0.645,0.85;aaaaaaa;aaa;
0.442,0.361,0.244,0.829,0.568,0.515,0.768,0.212,0.0288,0.954;aaaaaaaaa;aaaaaaaaaa;
0.711,0.637,0.36,0.373,0.15,0.789,0.944,0.559,0.633,0.145;aaaaaa;aaaaaaa;
0.255,0.0903,0.792,0.357,0.537,0.868,0.777,0.0333,0.686,0.936;aaaa;aa;
0.98,0.193,0.19,0.95,0.479,0.372,0.655,0.188,0.92,0.278;aaaa;aa;
0.958,0.161,0.1,0.571,0.731,0.487,0.592,0.973,0.645,0.85;aaaaaaa;aaaaaaaa;
0.442,0.361,0.244,0.829,0.568,0.515,0.768,0.212,0.0288,0.954;aaaaaaaaa;aaaaaaaa;
0.711,0.637,0.36,0.373,0.15,0.789,0.944,0.559,0.633,0.145;aaaaaa;aaaaaaaaaa;
0.255,0.0903,0.792,0.357,0.537,0.868,0.777,0.0333,0.686,0.936;aaaa;aaa;
0.98,0.193,0.19,0.95,0.479,0.372,0.655,0.188,0.92,0.278;aaaa;aa;
0.958,0.161,0.1,0.571,0.731,0.487,0.592,0.973,0.645,0.85;aaaaaaa;aaaaaaa;
0.442,0.361,0.244,0.829,0.568,0.515,0.768,0.212,0.0288,0.954;aaaaaaaaa;aaaaa;
0.711,0.637,0.36,0.373,0.15,0.789,0.944,0.559,0.633,0.145;aaaaaa;a;
0.255,0.0903,0.792,0.357,0.537,0.868,0.777,0.0333,0.686,0.936;aaaa;a;
0.98,0.193,0.19,0.95,0.479,0.372,0.655,0.188,0.92,0.278;aaaa;aaaaaaaaaa;
0.958,0.161,0.1,0.571,0.731,0.487,0.592,0.973,0.645,0.85;aaaaaaa;a;
0.442,0.361,0.244,0.829,0.568,0.515,0.768,0.212,0.0288,0.954;aaaaaaaaa;aaaaaa;
0.711,0.637,0.36,0.373,0.15,0.789,0.944,0.559,0.633,0.145;aaaaaa;aaaaaaaaaa;
0.255,0.0903,0.792,0.357,0.537,0.868,0.777,0.0333,0.686,0.936;aaaa;aaaaaaaa;
0.98,0.193,0.19,0.95,0.479,0.372,0.655,0.188,0.92,0.278;aaaa;aaaaaa;
0.958,0.161,0.1,0.571,0.731,0.487,0.592,0.973,0.645,0.85;aaaaaaa;aaaaa;
0.442,0.361,0.244,0.829,0.568,0.515,0.768,0.212,0.0288,0.954;aaaaaaaaa;aaaaaaaaa;
0.711,0.637,0.36,0.373,0.15,0.789,0.944,0.559,0.633,0.145;aaaaaa;aaaaaaaa;
0.255,0.0903,0.792,0.357,0.537,0.868,0.777,0.0333,0.686,0.936;aaaa;aaaaaaaaa;
0.98,0.193,0.19,0.95,0.479,0.372,0.655,0.188,0.92,0.278;aaaa;aaaa;
0.958,0.161,0.1,0.571,0.731,0.487,0.592,0.973,0.645,0.85;aaaaaaa;aa;
0.442,0.361,0.244,0.829,0.568,0.515,0.768,0.212,0.0288,0.954;aaaaaaaaa;aaaaaaaa;
0.711,0.637,0.36,0.373,0.15,0.789,0.944,0.559,0.633,0.145;aaaaaa;aaaaaa;
0.255,0.0903,0.792,0.357,0.537,0.868,0.777,0.0333,0.686,0.936;aaaa;aaaaa;
0.98,0.193,0.19,0.95,0.479,0.372,0.655,0.188,0.92,0.278;aaaa;aaa;
0.958,0.161,0.1,0.571,0.731,0.487,0.592,0.973,0.645,0.85;aaaaaaa;aaaaaa;
0.442,0.361,0.244,0.829,0.568,0.515,0.768,0.212,0.0288,0.954;aaaaaaaaa;aaaaaaa;
0.711,0.637,0.36,0.373,0.15,0.789,0.944,0.559,0.633,0.145;aaaaaa;aaaaaaaa;
0.255,0.0903,0.792,0.357,0.537,0.868,0.777,0.0333,0.686,0.936;aaaa;a;
0.98,0.193,0.19,0.95,0.479,0.372,0.655,0.188,0.92,0.278;aaaa;aaaaa;
0.958,0.161,0.1,0.571,0.731,0.487,0.592,0.973,0.645,0.85;aaaaaaa;aaaaaaaa;
0.442,0.361,0.244,0.829,0.568,0.515,0.768,0.212,0.0288,0.954;aaaaaaaaa;aaa;
0.711,0.637,0.36,0.373,0.15,0.789,0.944,0.559,0.633,0.145;aaaaaa;aaaaaaaaaa;
0.255,0.0903,0.792,0.357,0.537,0.868,0.777,0.0333,0.686,0.936;aaaa;aaaaaa;
0.98,0.193,0.19,0.95,0.479,0.372,0.655,0.188,0.92,0.278;aaaa;aaaaaa;
0.958,0.161,0.1,0.571,0.731,0.487,0.592,0.973,0.645,0.85;aaaaaaa;aaaaaaaaaa;
0.442,0.361,0.244,0.829,0.568,0.515,0.768,0.212,0.0288,0.954;aaaaaaaaa;a;
0.711,0.637,0.36,0.373,0.15,0.789,0.944,0.559,0.633,0.145;aaaaaa;aa;
0.255,0.0903,0.792,0.357,0.537,0.868,0.777,0.0333,0.686,0.936;aaaa;aaaaaa;
0.98,0.193,0.19,0.95,0.479,0.372,0.655,0.188,0.92,0.278;aaaa;aaaaaa;
0.958,0.161,0.1,0.571,0.731,0.487,0.592,0.973,0.645,0.85;aaaaaaa;aaa;
0.442,0.361,0.244,0.829,0.568,0.515,0.768,0.212,0.0288,0.954;aaaaaaaaa;aaaaaaaaaa;
0.711,0.637,0.36,0.373,0.15,0.789,0.944,0.559,0.633,0.145;aaaaaa;aaaaaaaa;
0.255,0.0903,0.792,0.357,0.537,0.868,0.777,0.0333,0.686,0.936;aaaa;aaaaaaa;
0.98,0.193,0.19,0.95,0.479,0.372,0.655,0.188,0.92,0.278;aaaa;aaaaaaaaa;
0.958,0.161,0.1,0.571,0.731,0.487,0.592,0.973,0.645,0.85;aaaaaaa;aa;
0.442,0.361,0.244,0.829,0.568,0.515,0.768,0.212,0.0288,0.954;aaaaaaaaa;aa;
0.711,0.637,0.36,0.373,0.15,0.789,0.944,0.559,0.633,0.145;aaaaaa;a;
0.255,0.0903,0.792,0.357,0.537,0.868,0.777,0.0333,0.686,0.936;aaaa;aa;
0.98,0.193,0.19,0.95,0.479,0.372,0.655,0.188,0.92,0.278;aaaa;aaaaaa;
0.958,0.161,0.1,0.571,0.731,0.487,0.592,0.973,0.645,0.85;aaaaaaa;aaaaaaaaaa;
0.442,0.361,0.244,0.829,0.568,0.515,0.768,0.212,0.0288,0.954;aaaaaaaaa;aaaa;
0.711,0.637,0.36,0.373,0.15,0.789,0.944,0.559,0.633,0.145;aaaaaa;aaa;
0.255,0.0903,0.792,0.357,0.537,0.868,0.777,0.0333,0.686,0.936;aaaa;aaaaaaaa;
0.98,0.193,0.19,0.95,0.479,0.372,0.655,0.188,0.92,0.278;aaaa;aaaa;
0.958,0.161,0.1,0.571,0.731,0.487,0.592,0.973,0.645,0.85;aaaaaaa;a;
0.442,0.361,0.244,0.829,0.568,0.515,0.768,0.212,0.0288,0.954;aaaaaaaaa;aaaa;
0.711,0.637,0.36,0.373,0.15,0.789,0.944,0.559,0.633,0.145;aaaaaa;aaaaaaaaaa;
0.255,0.0903,0.792,0.357,0.537,0.868,0.777,0.0333,0.686,0.936;aaaa;aaaa;
0.98,0.193,0.19,0.95,0.479,0.372,0.655,0.188,0.92,0.278;aaaa;aaaaaaaaaa;
0.958,0.161,0.1,0.571,0.731,0.487,0.592,0.973,0.645,0.85;aaaaaaa;a;
0.442,0.361,0.244,0.829,0.568,0.515,0.768,0.212,0.0288,0.954;aaaaaaaaa;aaaaa;
0.711,0.637,0.36,0.373,0.15,0.789,0.944,0.559,0.633,0.145;aaaaaa;aaa;
0.255,0.0903,0.792,0.357,0.537,0.868,0.777,0.0333,0.686,0.936;aaaa;aaaaaa;
0.98,0.193,0.19,0.95,0.479,0.372,0.655,0.188,0.92,0.278;aaaa;aa;
0.958,0.161,0.1,0.571,0.731,0.487,0.592,0.973,0.645,0.85;aaaaaaa;a;
0.442,0.361,0.244,0.829,0.568,0.515,0.768,0.212,0.0288,0.954;aaaaaaaaa;aaa;
0.711,0.637,0.36,0.373,0.15,0.789,0.944,0.559,0.633,0.145;aaaaaa;aaaaaaa;
0.255,0.0903,0.792,0.357,0.537,0.868,0.777,0.0333,0.686,0.936;aaaa;aa;
0.98,0.193,0.19,0.95,0.479,0.372,0.655,0.188,0.92,0.278;aaaa;aaaaaaaa;
0.958,0.161,0.1,0.571,0.731,0.487,0.592,0.973,0.645,0.85;aaaaaaa;aaaaaaa;
0.442,0.361,0.244,0.829,0.568,0.515,0.768,0.212,0.0288,0.954;aaaaaaaaa;aaaaaaaaa;
0.711,0.637,0.36,0.373,0.15,0.789,0.944,0.559,0.633,0.145;aaaaaa;aaaaaaaa;
0.255,0.0903,0.792,0.357,0.537,0.868,0.777,0.0333,0.686,0.936;aaaa;aaaa;
0.98,0.193,0.19,0.95,0.479,0.372,0.655,0.188,0.92,0.278;aaaa;aaa;
0.958,0.161,0.1,0.571,0.731,0.487,0.592,0.973,0.645,0.85;aaaaaaa;aaaaa;
0.442,0.361,0.244,0.829,0.568,0.515,0.768,0.212,0.0288,0.954;aaaaaaaaa;aaaaaa;
0.711,0.637,0.36,0.373,0.15,0.789,0.944,0.559,0.633,0.145;aaaaaa;aa;
0.255,0.0903,0.792,0.357,0.537,0.868,0.777,0.0333,0.686,0.936;aaaa;aaaaaaa;
0.98,0.193,0.19,0.95,0.479,0.372,0.655,0.188,0.92,0.278;aaaa;aaaaaaa;
0.958,0.161,0.1,0.571,0.731,0.487,0.592,0.973,0.645,0.85;aaaaaaa;aaaaaa;
0.442,0.361,0.244,0.829,0.568,0.515,0.768,0.212,0.0288,0.954;aaaaaaaaa;aaaa;
0.711,0.637,0.36,0.373,0.15,0.789,0.944,0.559,0.633,0.145;aaaaaa;aaaaaaaaaa;
0.255,0.0903,0.792,0.357,0.537,0.868,0.777,0.0333,0.686,0.936;aaaa;aaaaaa;
0.98,0.193,0.19,0.95,0.479,0.372,0.655,0.188,0.92,0.278;aaaa;a;
0.958,0.161,0.1,0.571,0.731,0.487,0.592,0.973,0.645,0.85;aaaaaaa;aaaaaaaa;
0.442,0.361,0.244,0.829,0.568,0.515,0.768,0.212,0.0288,0.954;aaaaaaaaa;a;
0.711,0.637,0.36,0.373,0.15,0.789,0.944,0.559,0.633,0.145;aaaaaa;aaaaaaaaaa;
0.255,0.0903,0.792,0.357,0.537,0.868,0.777,0.0333,0.686,0.936;aaaa;aaaaaaaaa;
0.98,0.193,0.19,0.95,0.479,0.372,0.655,0.188,0.92,0.278;aaaa;aaaaa;
0.958,0.161,0.1,0.571,0.731,0.487,0.592,0.973,0.645,0.85;aaaaaaa;aaaaaaaaa;
0.442,0.361,0.244,0.829,0.568,0.515,0.768,0.212,0.0288,0.954;aaaaaaaaa;aaaaaaaaa;
0.711,0.637,0.36,0.373,0.15,0.789,0.944,0.559,0.633,0.145;aaaaaa;aaaaaa;
0.255,0.0903,0.792,0.357,0.537,0.868,0.777,0.0333,0.686,0.936;aaaa;aaaaaaaaa;
0.98,0.193,0.19,0.95,0.479,0.372,0.655,0.188,0.92,0.278;aaaa;a;
0.958,0.161,0.1,0.571,0.731,0.487,0.592,0.973,0.645,0.85;aaaaaaa;aaaaaaaaa;
0.442,0.361,0.244,0.829,0.568,0.515,0.768,0.212,0.0288,0.954;aaaaaaaaa;aaaaaaaaaa;
0.711,0.637,0.36,0.373,0.15,0.789,0.944,0.559,0.633,0.145;aaaaaa;aaaaa;
0.255,0.0903,0.792,0.357,0.537,0.868,0.777,0.0333,0.686,0.936;aaaa;a;
0.98,0.193,0.19,0.95,0.479,0.372,0.655,0.188,0.92,0.278;aaaa;aaaaaaaaa;
0.958,0.161,0.1,0.571,0.731,0.487,0.592,0.973,0.645,0.85;aaaaaaa;aaaaa;
0.442,0.361,0.244,0.829,0.568,0.515,0.768,0.212,0.0288,0.954;aaaaaaaaa;aaaaa;
0.711,0.637,0.36,0.373,0.15,0.789,0.944,0.559,0.633,0.145;aaaaaa;aaaaaaa;
0.255,0.0903,0.792,0.357,0.537,0.868,0.777,0.0333,0.686,0.936;aaaa;aaaaaaaaa;
0.98,0.193,0.19,0.95,0.479,0.372,0.655,0.188,0.92,0.278;aaaa;aaaaa;
0.958,0.161,0.1,0.571,0.731,0.487,0.592,0.973,0.645,0.85;aaaaaaa;aaaaaaaa;
0.442,0.361,0.244,0.829,0.568,0.515,0.768,0.212,0.0288,0.954;aaaaaaaaa;aaaaaaaaa;
0.711,0.637,0.36,0.373,0.15,0.789,0.944,0.559,0.633,0.145;aaaaaa;aaa;
0.255,0.0903,0.792,0.357,0.537,0.868,0.777,0.0333,0.686,0.936;aaaa;aaa;
0.98,0.193,0.19,0.95,0.479,0.372,0.655,0.188,0.92,0.278;aaaa;aaaaa;
0.958,0.161,0.1,0.571,0.731,0.487,0.592,0.973,0.645,0.85;aaaaaaa;aa;
0.442,0.361,0.244,0.829,0.568,0.515,0.768,0.212,0.0288,0.954;aaaaaaaaa;aaaaaa;
0.711,0.637,0.36,0.373,0.15,0.789,0.944,0.559,0.633,0.145;aaaaaa;aaaa;
0.255,0.0903,0.792,0.357,0.537,0.868,0.777,0.0333,0.686,0.936;aaaa;aaaaaaa;
0.98,0.193,0.19,0.95,0.479,0.372,0.655,0.188,0.92,0.278;aaaa;a;
0.958,0.161,0.1,0.571,0.731,0.487,0.592,0.973,0.645,0.85;aaaaaaa;aaaaaa;
0.442,0.361,0.244,0.829,0.568,0.515,0.768,0.212,0.0288,0.954;aaaaaaaaa;aaa;
0.711,0.637,0.36,0.373,0.15,0.789,0.944,0.559,0.633,0.145;aaaaaa;aa;
0.255,0.0903,0.792,0.357,0.537,0.868,0.777,0.0333,0.686,0.936;aaaa;aaaaaaa;
0.98,0.193,0.19,0.95,0.479,0.372,0.655,0.188,0.92,0.278;aaaa;aaa;
0.958,0.161,0.1,0.571,0.731,0.487,0.592,0.973,0.645,0.85;aaaaaaa;aa;
0.442,0.361,0.244,0.829,0.568,0.515,0.768,0.212,0.0288,0.954;aaaaaaaaa;aaa;
0.711,0.637,0.36,0.373,0.15,0.789,0.944,0.559,0.633,0.145;aaaaaa;aaaaaaaaaa;
0.255,0.0903,0.792,0.357,0.537,0.868,0.777,0.0333,0.686,0.936;aaaa;aaaa;
0.98,0.193,0.19,0.95,0.479,0.372,0.655,0.188,0.92,0.278;aaaa;aaa;
0.958,0.161,0.1,0.571,0.731,0.487,0.592,0.973,0.645,0.85;aaaaaaa;aaaaa;
0.442,0.361,0.244,0.829,0.568,0.515,0.768,0.212,0.0288,0.954;aaaaaaaaa;aaaaaaaaa;
0.711,0.637,0.36,0.373,0.15,0.789,0.944,0.559,0.633,0.145;aaaaaa;aaaaaaa;
0.255,0.0903,0.792,0.357,0.537,0.868,0.777,0.0333,0.686,0.936;aaaa;aaaa;
0.98,0.193,0.19,0.95,0.479,0.372,0.655,0.188,0.92,0.278;aaaa;aaaaaaaaa;
0.958,0.161,0.1,0.571,0.731,0.487,0.592,0.973,0.645,0.85;aaaaaaa;aa;
0.442,0.361,0.244,0.829,0.568,0.515,0.768,0.212,0.0288,0.954;aaaaaaaaa;aaaaaa;
0.711,0.637,0.36,0.373,0.15,0.789,0.944,0.559,0.633,0.145;aaaaaa;aaa;
0.255,0.0903,0.792,0.357,0.537,0.868,0.777,0.0333,0.686,0.936;aaaa;aaa;
0.98,0.193,0.19,0.95,0.479,0.372,0.655,0.188,0.92,0.278;aaaa;aaaaaaa;
0.958,0.161,0.1,0.571,0.731,0.487,0.592,0.973,0.645,0.85;aaaaaaa;aaaaaaaaaa;
0.442,0.361,0.244,0.829,0.568,0.515,0.768,0.212,0.0288,0.954;aaaaaaaaa;aaaaaaaaaa;
0.711,0.637,0.36,0.373,0.15,0.789,0.944,0.559,0.633,0.145;aaaaaa;aaaaaaaa;
0.255,0.0903,0.792,0.357,0.537,0.868,0.777,0.0333,0.686,0.936;aaaa;aaaaa;
0.98,0.193,0.19,0.95,0.479,0.372,0.655,0.188,0.92,0.278;aaaa;aa;
0.958,0.161,0.1,0.571,0.731,0.487,0.592,0.973,0.645,0.85;aaaaaaa;aaaaa;
0.442,0.361,0.244,0.829,0.568,0.515,0.768,0.212,0.0288,0.954;aaaaaaaaa;aaaaaaa;
0.711,0.637,0.36,0.373,0.15,0.789,0.944,0.559,0.633,0.145;aaaaaa;aa;
0.255,0.0903,0.792,0.357,0.537,0.868,0.777,0.0333,0.686,0.936;aaaa;aaaaaaaa;
0.98,0.193,0.19,0.95,0.479,0.372,0.655,0.188,0.92,0.278;aaaa;aaa;
0.958,0.161,0.1,0.571,0.731,0.487,0.592,0.973,0.645,0.85;aaaaaaa;aaaa;
0.442,0.361,0.244,0.829,0.568,0.515,0.768,0.212,0.0288,0.954;aaaaaaaaa;aaaaaaaaa;
0.711,0.637,0.36,0.373,0.15,0.789,0.944,0.559,0.633,0.145;aaaaaa;aaaaa;
0.255,0.0903,0.792,0.357,0.537,0.868,0.777,0.0333,0.686,0.936;aaaa;aaaa;
0.98,0.193,0.19,0.95,0.479,0.372,0.655,0.188,0.92,0.278;aaaa;aaaaaa;
0.958,0.161,0.1,0.571,0.731,0.487,0.592,0.973,0.645,0.85;aaaaaaa;aaaaaaa;
0.442,0.361,0.244,0.829,0.568,0.515,0.768,0.212,0.0288,0.954;aaaaaaaaa;aaaaaa;
0.711,0.637,0.36,0.373,0.15,0.789,0.944,0.559,0.633,0.145;aaaaaa;aaaaaaa;
0.255,0.0903,0.792,0.357,0.537,0.868,0.777,0.0333,0.686,0.936;aaaa;aaaaaaaaa;
0.98,0.193,0.19,0.95,0.479,0.372,0.655,0.188,0.92,0.278;aaaa;aaaaaaaaa;
0.958,0.161,0.1,0.571,0.731,0.487,0.592,0.973,0.645,0.85;aaaaaaa;aaa;
0.442,0.361,0.244,0.829,0.568,0.515,0.768,0.212,0.0288,0.954;aaaaaaaaa;aaaaa;
0.711,0.637,0.36,0.373,0.15,0.789,0.944,0.559,0.633,0.145;aaaaaa;aaaaaaaaa;
0.255,0.0903,0.792,0.357,0.537,0.868,0.777,0.0333,0.686,0.936;aaaa;aaaa;
0.98,0.193,0.19,0.95,0.479,0.372,0.655,0.188,0.92,0.278;aaaa;aaaaaaaaa;
0.958,0.161,0.1,0.571,0.731,0.487,0.592,0.973,0.645,0.85;aaaaaaa;aa;
0.442,0.361,0.244,0.829,0.568,0.515,0.768,0.212,0.0288,0.954;aaaaaaaaa;aaa;
0.711,0.637,0.36,0.373,0.15,0.789,0.944,0.559,0.633,0.145;aaaaaa;aaaaa;
0.255,0.0903,0.792,0.357,0.537,0.868,0.777,0.0333,0.686,0.936;aaaa;aaaa;
0.98,0.193,0.19,0.95,0.479,0.372,0.655,0.188,0.92,0.278;aaaa;aaaaaaa;
0.958,0.161,0.1,0.571,0.731,0.487,0.592,0.973,0.645,0.85;aaaaaaa;aaaaaaaa;
0.442,0.361,0.244,0.829,0.568,0.515,0.768,0.212,0.0288,0.954;aaaaaaaaa;aaaaaaa;
0.711,0.637,0.36,0.373,0.15,0.789,0.944,0.559,0.633,0.145;aaaaaa;aaaaaaaa;
0.255,0.0903,0.792,0.357,0.537,0.868,0.777,0.0333,0.686,0.936;aaaa;aaaaaa;
0.98,0.193,0.19,0.95,0.479,0.372,0.655,0.188,0.92,0.278;aaaa;aaaaaaaaaa;
0.958,0.161,0.1,0.571,0.731,0.487,0.592,0.973,0.645,0.85;aaaaaaa;aaa;
0.442,0.361,0.244,0.829,0.568,0.515,0.768,0.212,0.0288,0.954;aaaaaaaaa;a;
0.711,0.637,0.36,0.373,0.15,0.789,0.944,0.559,0.633,0.145;aaaaaa;aaaaaaaa;
0.255,0.0903,0.792,0.357,0.537,0.868,0.777,0.0333,0.686,0.936;aaaa;aaaaaa;
0.98,0.193,0.19,0.95,0.479,0.372,0.655,0.188,0.92,0.278;aaaa;aaaaaa;
0.958,0.161,0.1,0.571,0.731,0.487,0.592,0.973,0.645,0.85;aaaaaaa;aaaa;
0.442,0.361,0.244,0.829,0.568,0.515,0.768,0.212,0.0288,0.954;aaaaaaaaa;aaaa;
0.711,0.637,0.36,0.373,0.15,0.789,0.944,0.559,0.633,0.145;aaaaaa;aaaaaaaaa;
0.255,0.0903,0.792,0.357,0.537,0.868,0.777,0.0333,0.686,0.936;aaaa;a;
0.98,0.193,0.19,0.95,0.479,0.372,0.655,0.188,0.92,0.278;aaaa;aaaaa;
0.958,0.161,0.1,0.571,0.731,0.487,0.592,0.973,0.645,0.85;aaaaaaa;aaaa;
0.442,0.361,0.244,0.829,0.568,0.515,0.768,0.212,0.0288,0.954;aaaaaaaaa;aaaaaaa;
0.711,0.637,0.36,0.373,0.15,0.789,0.944,0.559,0.633,0.145;aaaaaa;aaa;
0.255,0.0903,0.792,0.357,0.537,0.868,0.777,0.0333,0.686,0.936;aaaa;aa;
0.98,0.193,0.19,0.95,0.479,0.372,0.655,0.188,0.92,0.278;aaaa;aaaa;
0.958,0.161,0.1,0.571,0.731,0.487,0.592,0.973,0.645,0.85;aaaaaaa;aaaa;
0.442,0.361,0.244,0.829,0.568,0.515,0.768,0.212,0.0288,0.954;aaaaaaaaa;aa;
0.711,0.637,0.36,0.373,0.15,0.789,0.944,0.559,0.633,0.145;aaaaaa;aaaaaaaa;
0.255,0.0903,0.792,0.357,0.537,0.868,0.777,0.0333,0.686,0.936;aaaa;aaaaaaaaa;
0.98,0.193,0.19,0.95,0.479,0.372,0.655,0.188,0.92,0.278;aaaa;aaaaa;
0.958,0.161,0.1,0.571,0.731,0.487,0.592,0.973,0.645,0.85;aaaaaaa;aaaaaaaaa;
0.442,0.361,0.244,0.829,0.568,0.515,0.768,0.212,0.0288,0.954;aaaaaaaaa;aaaaaa;
0.711,0.637,0.36,0.373,0.15,0.789,0.944,0.559,0.633,0.145;aaaaaa;aaaa;
0.255,0.0903,0.792,0.357,0.537,0.868,0.777,0.0333,0.686,0.936;aaaa;aaaaaaaaaa;
0.98,0.193,0.19,0.95,0.479,0.372,0.655,0.188,0.92,0.278;aaaa;a;
0.958,0.161,0.1,0.571,0.731,0.487,0.592,0.973,0.645,0.85;aaaaaaa;aaa;
0.442,0.361,0.244,0.829,0.568,0.515,0.768,0.212,0.0288,0.954;aaaaaaaaa;aaaaa;
0.711,0.637,0.36,0.373,0.15,0.789,0.944,0.559,0.633,0.145;aaaaaa;aaaaaa;
0.255,0.0903,0.792,0.357,0.537,0.868,0.777,0.0333,0.686,0.936;aaaa;aaa;
0.98,0.193,0.19,0.95,0.479,0.372,0.655,0.188,0.92,0.278;aaaa;aaaaaaaaaa;
0.958,0.161,0.1,0.571,0.731,0.487,0.592,0.973,0.645,0.85;aaaaaaa;aaaaaaa;
0.442,0.361,0.244,0.829,0.568,0.515,0.768,0.212,0.0288,0.954;aaaaaaaaa;aaaaaaaaaa;
0.711,0.637,0.36,0.373,0.15,0.789,0.944,0.559,0.633,0.145;aaaaaa;aaaaa;
0.255,0.0903,0.792,0.357,0.537,0.868,0.777,0.0333,0.686,0.936;aaaa;a;
0.98,0.193,0.19,0.95,0.479,0.372,0.655,0.188,0.92,0.278;aaaa;aaaaaaa;
0.958,0.161,0.1,0.571,0.731,0.487,0.592,0.973,0.645,0.85;aaaaaaa;aaa;
0.442,0.361,0.244,0.829,0.568,0.515,0.768,0.212,0.0288,0.954;aaaaaaaaa;aaaaaaaaaa;
0.711,0.637,0.36,0.373,0.15,0.789,0.944,0.559,0.633,0.145;aaaaaa;aa;
0.255,0.0903,0.792,0.357,0.537,0.868,0.777,0.0333,0.686,0.936;aaaa;aaaaaaaaa;
0.98,0.193,0.19,0.95,0.479,0.372,0.655,0.188,0.92,0.278;aaaa;aaaaaa;
0.958,0.161,0.1,0.571,0.731,0.487,0.592,0.973,0.645,0.85;aaaaaaa;aaaaa;
0.442,0.361,0.244,0.829,0.568,0.515,0.768,0.212,0.0288,0.954;aaaaaaaaa;aaaaaaa;
0.711,0.637,0.36,0.373,0.15,0.789,0.944,0.559,0.633,0.145;aaaaaa;a;
0.255,0.0903,0.792,0.357,0.537,0.868,0.777,0.0333,0.686,0.936;aaaa;aaaaaaaaa;
0.98,0.193,0.19,0.95,0.479,0.372,0.655,0.188,0.92,0.278;aaaa;aaaaa;
0.958,0.161,0.1,0.571,0.731,0.487,0.592,0.973,0.645,0.85;aaaaaaa;a;
0.442,0.361,0.244,0.829,0.568,0.515,0.768,0.212,0.0288,0.954;aaaaaaaaa;aaaaaaaaa;
0.711,0.637,0.36,0.373,0.15,0.789,0.944,0.559,0.633,0.145;aaaaaa;aaaaa;
0.255,0.0903,0.792,0.357,0.537,0.868,0.777,0.0333,0.686,0.936;aaaa;a;
0.98,0.193,0.19,0.95,0.479,0.372,0.655,0.188,0.92,0.278;aaaa;aaaaaaaaaa;
0.958,0.161,0.1,0.571,0.731,0.487,0.592,0.973,0.645,0.85;aaaaaaa;aaaaaaa;
0.442,0.361,0.244,0.829,0.568,0.515,0.768,0.212,0.0288,0.954;aaaaaaaaa;aaaaaaaaaa;
0.711,0.637,0.36,0.373,0.15,0.789,0.944,0.559,0.633,0.145;aaaaaa;aa;
