0	0
1	1
2	2
3	3
4	4
5	5
6	6
7	6,7
8	8
9	0,2,9
10	0
11	1
12	0
13	3
14	1
15	5
16	0
17	1
18	8
19	0
20	4
21	2
22	0,3,4
23	8
24	2
25	1,7
26	2
27	2
28	3
29	0,1,6
30	0
31	1
32	0
33	4
34	2
35	1
36	0,1,4
37	2,7
38	0
39	0
40	0,5
41	1
42	1
43	1
44	5
45	3
46	1
47	2
48	0
49	1,2,4
50	0,1,3,4,9
51	0,4
52	2,6,9
53	9
54	1
55	4,5,7
56	0,2
57	0,4
58	1,9
59	5
60	0
61	6
62	0
63	2
64	4
65	2,7
66	0,5
67	1
68	5,8
69	8
70	0,6
71	3,4
72	3,5
73	5
74	1
75	1
76	2,7,8
77	0
78	1,3
79	3
80	1
81	0
82	3
83	0,5
84	1,8
85	1
86	2,7
87	1,5
88	1
89	0
90	7,9
91	6
92	0,1,7
93	2
94	4
95	1
96	4
97	0,6
98	5
99	0
100	4
101	0,1
102	1
103	1,2
104	0
105	2,3
106	0
107	2
108	0
109	2
110	0,3
111	2,4,5
112	9
113	6
114	1,3,8
115	3
116	8
117	0,1
118	1
119	1
120	2,4
121	6
122	2
123	3
124	5
125	1,2
126	0
127	2
128	0
129	1
130	3
131	0
132	5
133	5
134	1
135	0
136	3
137	3
138	7
139	2
140	2,3,6,9
141	2
142	0
143	1
144	4
145	5,7
146	0,1,8
147	1
148	4
149	0
150	3
151	4
152	0,3
153	1
154	4
155	2
156	4
157	0
158	0,4,5
159	0
160	2,5
161	1
162	4,7
163	2
164	1
165	0
166	3
167	9
168	2
169	2
170	1,2
171	2
172	5
173	1
174	1,9
175	0
176	0
177	5
178	4
179	0
180	1,3,4,9
181	0,4,8
182	5
183	7
184	4
185	2
186	4
187	1
188	5
189	2,4,5,9
190	3
191	1
192	1
193	6,8
194	3
195	3
196	1,7,8
197	4
198	0
199	0
200	1
201	8
202	2
203	0
204	0
205	3
206	2
207	4
208	1
209	0
210	2
211	3,4
212	0
213	0,9
214	0
215	3
216	3
217	1,6
218	5,9
219	3
220	4
221	3
222	1,3
223	1
224	5
225	0,5
226	2
227	1
228	4
229	6
230	2
231	0
232	3
233	0
234	2
235	0
236	3
237	0
238	1
239	2,3
240	1
241	6
242	0
243	0
244	3
245	0,6
246	1
247	0
248	0
249	0
250	1
251	1
252	1
253	6
254	1
255	2
256	4,8
257	0
258	1
259	5,7
260	6
261	0,4
262	3
263	0
264	0
265	2
266	4
267	1
268	8,9
269	4
270	0
271	4,5,7
272	2
273	0,1,3
274	1
275	5
276	0
277	3
278	5
279	7
280	3,5
281	0
282	1
283	0
284	0
285	1
286	1,8
287	5
288	4
289	3
290	3
291	0
292	0
293	2
294	1
295	1
296	1
297	2,7
298	2
299	0
300	4
301	1
302	3
303	6
304	6
305	0
306	1
307	0
308	6
309	0
310	0
311	4
312	0
313	1
314	4
315	5
316	0
317	3
318	0
319	2
320	2
321	3,9
322	0
323	2
324	3
325	0
326	1
327	2
328	7
329	0
330	0
331	0
332	3
333	3
334	1
335	0,2
336	1
337	0
338	0
339	2
340	1
341	4
342	0,7
343	1
344	5
345	1
346	0,9
347	6
348	0
349	2
350	3,6
351	2
352	0,2
353	3
354	3,5
355	0
356	2
357	1
358	4
359	0
360	0,5,7
361	0
362	0,3
363	0
364	2
365	0
366	0,4
367	2,5
368	1
369	5
370	0
371	6
372	0
373	2
374	3
375	1
376	5
377	0
378	1
379	2
380	0
381	6
382	0
383	0
384	1,9
385	0,2
386	0
387	0
388	5
389	1
390	6
391	3,4
392	0
393	1
394	0
395	1
396	6,8
397	0
398	1
399	0
400	5,8
401	2
402	4
403	0
404	9
405	3
406	0
407	1
408	4
409	0
410	3
411	4
412	7
413	6
414	6
415	0
416	1
417	2
418	1
419	1
420	0
421	3
422	0
423	0
424	3
425	5
426	0
427	3
428	4
429	0
430	5
431	0
432	4
433	0
434	0
435	0
436	0
437	1
438	0
439	1
440	2
441	0
442	1
443	6
444	1
445	9
446	2,7
447	3
448	4
449	1,3,4
450	0
451	2
452	5
453	2
454	0
455	1
456	7
457	0
458	1
459	0
460	2
461	5
462	6
463	0
464	1
465	3,6
466	3
467	2
468	0
469	2
470	1,5
471	5,7
472	0,5
473	0
474	0
475	4
476	2
477	5
478	7
479	3
480	1
481	0
482	3
483	0
484	2
485	0
486	3
487	7
488	3
489	3
490	3
491	0,2,7
492	1
493	5
494	4
495	1
496	5
497	3
498	0
499	0
500	2
501	2,5
502	1
503	5
504	5
505	0
506	2
507	1
508	2,9
509	2
510	0
511	5
512	9
513	0
514	3
515	2
516	0
517	0
518	0
519	0
520	1
521	7
522	0
523	2
524	0
525	3
526	0
527	0
528	5
529	1
530	0
531	6
532	2
533	2
534	1
535	3
536	5,9
537	9
538	4
539	1
540	2
541	7
542	1
543	1
544	1
545	3
546	0
547	1
548	1
549	8
550	2
551	1
552	4
553	1
554	1
555	3
556	3
557	1
558	6
559	1
560	1
561	0,1
562	0
563	1
564	3
565	0
566	1
567	1
568	3
569	1
570	3
571	5
572	0
573	2,8
574	2,3
575	1
576	3
577	4
578	2,4
579	0
580	1
581	0
582	7
583	3
584	1
585	1
586	0
587	1
588	0
589	0
590	1
591	8
592	1
593	5
594	1
595	0
596	0
597	0
598	5
599	0
600	3
601	0
602	2,8
603	3
604	1
605	3
606	0
607	2
608	2
609	2
610	2
611	2
612	2
613	2
614	2
615	0,6
616	0
617	0
618	0
619	2
620	0
621	3
622	2
623	1
624	0
625	3
626	1
627	0
628	3
629	3
630	7,8
631	2
632	1
633	2
634	4
635	0
636	3
637	1
638	4
639	7
640	0
641	2
642	1
643	0
644	2
645	5
646	5
647	5
648	7
649	2
650	0
651	3
652	1
653	1
654	2
655	6
656	0,3
657	4
658	6
659	6
660	0
661	3
662	5,6
663	1
664	5,7,8
665	0
666	2
667	1
668	5
669	3
670	4
671	2
672	2
673	0
674	6
675	5
676	2
677	6
678	4
679	2
680	1
681	0
682	6
683	0
684	3
685	0
686	1
687	3
688	3
689	0
690	1
691	4
692	2,5
693	0
694	4
695	1
696	3
697	1
698	4
699	2
700	0
701	4
702	0
703	3
704	0
705	2
706	3,4
707	0
708	4
709	1
710	1
711	1
712	3
713	1
714	0
715	4
716	2
717	2
718	1
719	1
720	6
721	0
722	4
723	5
724	0
725	3
726	0
727	2
728	0
729	1
730	5
731	6
732	2
733	3
734	2
735	1
736	0
737	2
738	0
739	0
740	0
741	2
742	1
743	3
744	8
745	2
746	3
747	0
748	0
749	2
750	0
751	6
752	0
753	5
754	2
755	4
756	3
757	2
758	0
759	3
760	7
761	2
762	3
763	0
764	0
765	1
766	0,3,7
767	5
768	2
769	2
770	1
771	2,4
772	1
773	0
774	4,6
775	0
776	2
777	0
778	0
779	3
780	5
781	3
782	2
783	1
784	0
785	2
786	1,2
787	4
788	2
789	0
790	2
791	1
792	3
793	0
794	7
795	0
796	0
797	1
798	0
799	0
800	0
801	6
802	4
803	7
804	2
805	0
806	3
807	0
808	0
809	6
810	4
811	0
812	6
813	5,6
814	1
815	2
816	2
817	0
818	3
819	1
820	7
821	5
822	4
823	1,6
824	7
825	0
826	6
827	2
828	0
829	0,5
830	2
831	5
832	5
833	0
834	9
835	6,8
836	5
837	2
838	0
839	2
840	5
841	6
842	3
843	1
844	4
845	6
846	6
847	1
848	3
849	1
850	3
851	0
852	0
853	6
854	7
855	1
856	3
857	0
858	2
859	1
860	4
861	2
862	2
863	1
864	2
865	0
866	0,9
867	0
868	0
869	4
870	1
871	1
872	0
873	1
874	3,7
875	1
876	1
877	4
878	1
879	1
880	0,3,8
881	0
882	0
883	1
884	0
885	0
886	4
887	1
888	5
889	0
890	1,6
891	0
892	1
893	0
894	1
895	3
896	2
897	0
898	0
899	4
900	0
901	1
902	4
903	5
904	0
905	4
906	0
907	0
908	2
909	1
910	3
911	0
912	2
913	4
914	5
915	0
916	8
917	1
918	1
919	0
920	0
921	0
922	1
923	2,7,9
924	5
925	1
926	4
927	0
928	7,9
929	0
930	2
931	2
932	2,5
933	5
934	0
935	1
936	2
937	1
938	3
939	1
940	1
941	4
942	0
943	2
944	1
945	1
946	0
947	5
948	0
949	0
950	4
951	2
952	4
953	0
954	4
955	4
956	2
957	0
958	0
959	2
960	0
961	4
962	1
963	1
964	3
965	2
966	4
967	0
968	1
969	1,2
970	9
971	3
972	2
973	0
974	2
975	0
976	1
977	0
978	0
979	1
980	1
981	5
982	2
983	0
984	0
985	1
986	2
987	4
988	5
989	7
990	0
991	1
992	2
993	0
994	0
995	0
996	4
997	1
998	1
999	1
1000	0
1001	0
1002	5
1003	0
1004	1
1005	0
1006	0
1007	1
1008	0
1009	1
1010	0
1011	4
1012	0
1013	1
1014	0
1015	8
1016	0
1017	1
1018	3
1019	2
1020	0
1021	0
1022	3
1023	0
1024	7
1025	0
1026	0
1027	3
1028	1
1029	0
1030	0
1031	1
1032	0
1033	6
1034	4
1035	0
1036	3,5
1037	4
1038	2
1039	2
1040	1,7
1041	1
1042	0
1043	0
1044	2,6
1045	6
1046	0
1047	0
1048	7
1049	0
1050	1
1051	2
1052	1
1053	3
1054	0
1055	3
1056	1
1057	4
1058	4
1059	2
1060	6
1061	7
1062	6
1063	3
1064	4
1065	3
1066	2
1067	2,3
1068	1
1069	0
1070	0
1071	0
1072	0
1073	7
1074	4
1075	4
1076	1
1077	1
1078	0
1079	2
1080	4
1081	3
1082	2
1083	2
1084	0
1085	5
1086	0
1087	2
1088	2
1089	9
1090	5
1091	0
1092	0
1093	5
1094	2
1095	7
1096	0
1097	5
1098	1
1099	0
1100	0
1101	1
1102	0
1103	8
1104	4
1105	2
1106	1
1107	2
1108	1
1109	2
1110	0
1111	4,5
1112	2
1113	1
1114	1
1115	3
1116	1
1117	0
1118	3,7
1119	0
1120	4
1121	9
1122	2
1123	9
1124	0
1125	0
1126	6
1127	0
1128	0
1129	0
1130	2
1131	2
1132	0
1133	1
1134	0
1135	4
1136	0
1137	0
1138	2
1139	1
1140	5
1141	5
1142	1
1143	0
1144	7
1145	0
1146	1
1147	4
1148	3
1149	5
1150	1
1151	0
1152	0
1153	0
1154	1
1155	0
1156	4
1157	0
1158	0
1159	0
1160	0
1161	1
1162	2,4
1163	0
1164	0
1165	0
1166	5
1167	0
1168	1
1169	2
1170	4,7
1171	0
1172	0
1173	3
1174	4
1175	1
1176	3
1177	1
1178	0
1179	4
1180	5
1181	0
1182	0
1183	0
1184	0
1185	1,3
1186	5
1187	0
1188	0
1189	1
1190	2
1191	0
1192	4
1193	0,8
1194	3
1195	2
1196	1
1197	0
1198	4
1199	0
1200	1
1201	3
1202	3
1203	0
1204	2
1205	0
1206	2
1207	6
1208	0
1209	0
1210	1
1211	3,8
1212	4
1213	0
1214	1
1215	4
1216	1
1217	1
1218	6
1219	1
1220	3
1221	3
1222	2
1223	0
1224	2
1225	5
1226	4
1227	3
1228	1
1229	6
1230	1
1231	3,9
1232	1
1233	6
1234	0
1235	0
1236	0
1237	8
1238	0
1239	4
1240	2
1241	1
1242	1
1243	6
1244	3,9
1245	0
1246	2
1247	1,5
1248	3
1249	1
1250	8
1251	5
1252	1
1253	4
1254	0
1255	0
1256	0
1257	1
1258	1
1259	2
1260	3
1261	4
1262	3
1263	3
1264	0
1265	1
1266	1
1267	0
1268	7
1269	1
1270	1
1271	0
1272	1,4
1273	0
1274	2
1275	1
1276	1
1277	3
1278	4
1279	9
1280	0
1281	3,8
1282	6
1283	2
1284	1
1285	3
1286	8
1287	2
1288	1
1289	6
1290	3
1291	0
1292	1
1293	0
1294	4
1295	0
1296	3
1297	1
1298	6,7
1299	7
1300	5
1301	8
1302	4
1303	6
1304	3
1305	0
1306	0
1307	0
1308	0
1309	3
1310	0
1311	8
1312	0
1313	0
1314	2
1315	2
1316	1
1317	4
1318	0
1319	8
1320	6
1321	1
1322	7
1323	5
1324	6
1325	1
1326	2
1327	0
1328	0
1329	2
1330	5
1331	1
1332	2
1333	1
1334	7
1335	0
1336	1
1337	2
1338	4,8
1339	3
1340	1
1341	1
1342	0
1343	7
1344	1
1345	2
1346	7
1347	2
1348	3
1349	1
1350	3
1351	3
1352	4
1353	2
1354	2
1355	0
1356	2
1357	0
1358	6
1359	1
1360	2
1361	9
1362	2
1363	1
1364	3
1365	0
1366	0
1367	1
1368	0
1369	0
1370	0
1371	0,6
1372	4
1373	5
1374	0
1375	0
1376	3
1377	0
1378	0
1379	0
1380	5
1381	0
1382	1
1383	0
1384	7
1385	1
1386	0
1387	0
1388	0
1389	1
1390	5
1391	2
1392	4
1393	7
1394	3
1395	1
1396	0
1397	1
1398	3
1399	2
1400	0
1401	5
1402	0
1403	2
1404	1
1405	2
1406	3
1407	1
1408	6
1409	1
1410	0
1411	0
1412	0
1413	2
1414	2
1415	1
1416	0
1417	7
1418	1
1419	1
1420	0
1421	4
1422	6
1423	0
1424	3,7
1425	1
1426	6
1427	1
1428	0
1429	1
1430	1
1431	6
1432	0
1433	1
1434	3
1435	0
1436	1
1437	0
1438	0
1439	2
1440	0
1441	7
1442	2
1443	4
1444	2
1445	0
1446	0
1447	8
1448	3
1449	2
1450	1
1451	0
1452	6
1453	2
1454	0
1455	1
1456	1
1457	2
1458	3
1459	8
1460	0
1461	1
1462	4
1463	4
1464	1
1465	2
1466	5
1467	0
1468	1,6,7
1469	1
1470	2
1471	8
1472	3
1473	1
1474	7
1475	0
1476	0
1477	1
1478	5
1479	0
1480	1
1481	4
1482	3
1483	0
1484	9
1485	1
1486	4
1487	2
1488	0
1489	8
1490	1,4
1491	3
1492	0
1493	1
1494	0
1495	2
1496	3
1497	0
1498	0
1499	2
1500	1
1501	1
1502	2
1503	3
1504	3
1505	0
1506	3
1507	0
1508	0
1509	4
1510	6
1511	0
1512	3
1513	1
1514	0
1515	2
1516	0
1517	0
1518	0
1519	0
1520	1
1521	2
1522	2
1523	1
1524	3
1525	8
1526	1
1527	0
1528	0
1529	0
1530	3
1531	0
1532	5
1533	2
1534	7
1535	0,4
1536	4
1537	6
1538	0
1539	1
1540	0
1541	1
1542	3
1543	0
1544	2
1545	0
1546	1,8
1547	5
1548	5
1549	0
1550	4
1551	0
1552	0
1553	0
1554	1
1555	2
1556	9
1557	9
1558	6
1559	0
1560	1
1561	1
1562	3
1563	0
1564	0
1565	0
1566	1
1567	7
1568	0
1569	1
1570	0
1571	1
1572	6,7
1573	1
1574	5
1575	4
1576	6
1577	6
1578	0
1579	3
1580	5
1581	0
1582	4
1583	4
1584	0
1585	1
1586	3
1587	0
1588	0
1589	3
1590	5
1591	0
1592	2
1593	3
1594	2
1595	3
1596	5
1597	1
1598	0
1599	1
1600	1
1601	8
1602	3
1603	0
1604	0,3
1605	0
1606	8
1607	1
1608	4
1609	0
1610	0
1611	2
1612	5,6
1613	1
1614	3
1615	6,8
1616	1
1617	0
1618	0
1619	2
1620	3
1621	2
1622	1
1623	1
1624	8
1625	1
1626	3
1627	2
1628	3
1629	1
1630	2
1631	0
1632	2
1633	4
1634	2
1635	0
1636	6
1637	2
1638	2
1639	0
1640	1
1641	4
1642	0
1643	2
1644	3
1645	2
1646	0
1647	3
1648	1
1649	0
1650	3
1651	0
1652	7
1653	5
1654	0
1655	4
1656	1
1657	2
1658	5
1659	6,8
1660	2
1661	2
1662	0
1663	4
1664	4
1665	4
1666	1
1667	0
1668	7
1669	9
1670	0
1671	5
1672	3
1673	1
1674	1
1675	2
1676	0
1677	4
1678	3
1679	3
1680	2
1681	3
1682	0
1683	2
1684	5
1685	3
1686	0
1687	3
1688	0
1689	1
1690	1
1691	3
1692	3
1693	3
1694	4
1695	3
1696	6
1697	1
1698	0
1699	4,6
1700	1
1701	3
1702	4
1703	2
1704	3
1705	6
1706	1
1707	1
1708	3
1709	2
1710	0
1711	2
1712	1
1713	0
1714	1
1715	1
1716	0
1717	1
1718	0
1719	1
1720	1
1721	0
1722	0
1723	8
1724	0
1725	2
1726	0
1727	3
1728	0
1729	1
1730	1
1731	0
1732	2,8
1733	2
1734	0
1735	7
1736	3
1737	0
1738	1
1739	1
1740	5
1741	3
1742	2
1743	0
1744	0
1745	0
1746	0
1747	1
1748	0
1749	2
1750	9
1751	2
1752	5
1753	3
1754	0
1755	0
1756	1
1757	5
1758	1
1759	1
1760	1
1761	0
1762	2
1763	5
1764	1
1765	1
1766	2
1767	5
1768	6
1769	2
1770	8
1771	4
1772	0
1773	0
1774	0
1775	1
1776	2
1777	0
1778	5
1779	0
1780	0
1781	0
1782	1
1783	2
1784	1
1785	6
1786	1
1787	5
1788	5
1789	2
1790	2
1791	1
1792	2
1793	3
1794	9
1795	4,7
1796	6
1797	0
1798	2
1799	1
1800	0
1801	3,5
1802	1
1803	0
1804	0
1805	4
1806	6,8
1807	4
1808	2
1809	0
1810	2
1811	0
1812	1,5
1813	1
1814	0
1815	1
1816	1
1817	3
1818	4
1819	3
1820	1
1821	0
1822	0
1823	0
1824	5
1825	2
1826	5
1827	0
1828	6
1829	0
1830	0
1831	0
1832	6
1833	1
1834	0
1835	2
1836	0
1837	3
1838	6
1839	2
1840	0
1841	5
1842	3
1843	2
1844	3
1845	6
1846	8
1847	1
1848	2
1849	0
1850	1
1851	1
1852	1
1853	5
1854	0
1855	1
1856	5
1857	2
1858	1
1859	0
1860	0
1861	3
1862	1
1863	7
1864	0
1865	0
1866	0
1867	1
1868	2
1869	1
1870	2
1871	2
1872	3
1873	4
1874	3
1875	4
1876	1
1877	1
1878	1
1879	4
1880	4
1881	2
1882	1
1883	1
1884	1
1885	9
1886	0
1887	0
1888	0
1889	0
1890	1
1891	9
1892	6
1893	4
1894	3
1895	0
1896	3
1897	0
1898	1
1899	4
1900	0
1901	2
1902	0
1903	0
1904	0
1905	0
1906	4
1907	6
1908	0
1909	1
1910	3
1911	3
1912	0
1913	4,5,7
1914	1
1915	3
1916	4
1917	4
1918	0
1919	2
1920	2
1921	0
1922	1
1923	9
1924	0
1925	0
1926	5
1927	3
1928	1
1929	1
1930	0
1931	2
1932	3
1933	4
1934	1
1935	2
1936	2
1937	0
1938	4
1939	4
1940	6
1941	1
1942	7
1943	2,9
1944	0
1945	5
1946	4
1947	0
1948	0
1949	1
1950	0
1951	4
1952	2
1953	0
1954	2
1955	2
1956	7
1957	2
1958	1
1959	0
1960	3
1961	6
1962	0
1963	3
1964	3
1965	7
1966	2
1967	0
1968	2
1969	7
1970	0
1971	2
1972	4
1973	1
1974	1
1975	2
1976	1,6
1977	7
1978	0
1979	1
1980	6
1981	5
1982	6
1983	0
1984	4
1985	1
1986	1
1987	1
1988	2
1989	2
1990	3
1991	7
1992	1
1993	3
1994	1
1995	4
1996	2
1997	2
1998	0
1999	1
2000	0
2001	0,9
2002	1
2003	0
2004	3
2005	2
2006	1
2007	0
2008	8
2009	0
2010	2
2011	3
2012	6
2013	1
2014	3
2015	0
2016	0,9
2017	0
2018	0
2019	0
2020	6
2021	2,4,8
2022	1
2023	0
2024	1
2025	1
2026	2
2027	6
2028	1
2029	2
2030	1
2031	3
2032	0
2033	1
2034	0
2035	1
2036	1
2037	0
2038	1
2039	0
2040	2
2041	4
2042	0
2043	0
2044	4
2045	3
2046	5,8
2047	3
2048	4
2049	4
2050	4
2051	3
2052	3
2053	3
2054	0
2055	2
2056	4
2057	0
2058	9
2059	0
2060	1
2061	1
2062	5
2063	7
2064	0
2065	0
2066	0
2067	1
2068	2
2069	8
2070	3
2071	3,6
2072	8
2073	4
2074	4
2075	0
2076	1
2077	2
2078	0
2079	4
2080	0
2081	2
2082	0
2083	0
2084	4
2085	0
2086	2
2087	4
2088	3
2089	2
2090	2
2091	1
2092	4
2093	0
2094	0
2095	0
2096	0
2097	2
2098	1
2099	0
2100	4
2101	0
2102	0
2103	1
2104	0
2105	3
2106	3
2107	2
2108	0
2109	1
2110	3
2111	5
2112	0
2113	1
2114	0
2115	0
2116	1
2117	4,8
2118	1
2119	7
2120	0
2121	0
2122	4
2123	4
2124	1
2125	0
2126	1
2127	3
2128	1
2129	1
2130	2
2131	8
2132	0
2133	2
2134	0
2135	0
2136	4
2137	2
2138	4
2139	2
2140	2
2141	1
2142	0
2143	0
2144	6
2145	8
2146	6
2147	0
2148	0
2149	9
2150	1
2151	0
2152	5
2153	1
2154	0
2155	2
2156	5
2157	1
2158	0
2159	1
2160	0
2161	2
2162	3
2163	1
2164	3
2165	7
2166	0
2167	0
2168	0
2169	0
2170	7
2171	0
2172	1
2173	2
2174	1
2175	3
2176	1
2177	1
2178	1
2179	3
2180	6
2181	0
2182	6
2183	4
2184	1
2185	0
2186	0
2187	2
2188	0
2189	2
2190	2
2191	4
2192	2
2193	5
2194	0
2195	9
2196	0
2197	0
2198	2
2199	0
2200	9
2201	6
2202	1
2203	2
2204	0
2205	2
2206	1
2207	1
2208	6
2209	0
2210	5
2211	0
2212	1
2213	5
2214	1
2215	8
2216	5
2217	4
2218	1
2219	3
2220	2
2221	3
2222	3
2223	2
2224	0
2225	1
2226	3
2227	5
2228	0
2229	1
2230	0
2231	0
2232	1
2233	3
2234	0
2235	0
2236	1
2237	1
2238	8
2239	0
2240	2
2241	6
2242	1
2243	0,2,3,4,8,9
2244	3
2245	0
2246	0
2247	0
2248	2
2249	1
2250	9
2251	0
2252	3
2253	3
2254	1
2255	2
2256	4
2257	0
2258	0
2259	2
2260	0
2261	9
2262	2
2263	1
2264	0,9
2265	0
2266	7
2267	0
2268	5
2269	0
2270	0
2271	0
2272	2
2273	1
2274	0
2275	3
2276	0
2277	2
2278	3
2279	1
2280	0
2281	3
2282	1
2283	1
2284	2
2285	4
2286	1
2287	1
2288	1,9
2289	3
2290	1
2291	0,1,2,3,4,5,6,7,8,9
2292	3
2293	3,5
2294	0
2295	1
2296	0
2297	4
2298	4
2299	0,1,2,3,4,5,6,8,9
2300	0
2301	0
2302	0
2303	0
2304	0
2305	2
2306	2
2307	2
2308	2
2309	2
2310	6
2311	6
2312	6
2313	6
2314	6
2315	9
2316	9
2317	9
2318	9
2319	9
2320	8
2321	8
2322	8
2323	8
2324	8
