0	0
1	1
2	2,23
3	3,29,32,45
4	4,5,18
5	5,20
6	6,27,28
7	7
8	8
9	9
10	10
11	11
12	12,28
13	13
14	14
15	15
16	16
17	17
18	3,18,37
19	19
20	9,20,31,47
21	21
22	22
23	20,23
24	24
25	25
26	26
27	27
28	28
29	29
30	30
31	31
32	32
33	33
34	34
35	35
36	7,36
37	37
38	22,38
39	39
40	40
41	41
42	42
43	43
44	0,16,44
45	45
46	46
47	46,47
48	48
49	49
50	17
51	14,33
52	3
53	4
54	18
55	8
56	28
57	16
58	7
59	12
60	47
61	5,13,35
62	2,10
63	7
64	5
65	23
66	19
67	19,21
68	43
69	29
70	19
71	1
72	2,3
73	15,17
74	23
75	4
76	11,24
77	14
78	0
79	21
80	0
81	22
82	1
83	7
84	4
85	15
86	29
87	14
88	18
89	6
90	17
91	9
92	23
93	6
94	21
95	11
96	22
97	2
98	39
99	3,33,36
100	11
101	23,27
102	32
103	19
104	13
105	15
106	1
107	9
108	1
109	2
110	9
111	9
112	33
113	9
114	7
115	20,23
116	7
117	5
118	2
119	30
120	5
121	18
122	16
123	20
124	6
125	5
126	0,18,31
127	15
128	5
129	8
130	1
131	0
132	35
133	1
134	9
135	35
136	22
137	4
138	13,43
139	16,29
140	5
141	7
142	26,28
143	33
144	5
145	19
146	13
147	2,17
148	8,25
149	46
150	11
151	9
152	31
153	39
154	0
155	12
156	1
157	28
158	27
159	45
160	1
161	18
162	33
163	0
164	8
165	4
166	2
167	15
168	0
169	4
170	0,44
171	4
172	4
173	27
174	5
175	19
176	2
177	5
178	0
179	0
180	11
181	20
182	32
183	24
184	16
185	3
186	17
187	7
188	8
189	27
190	10,24,25
191	4
192	23
193	1
194	12
195	1
196	0
197	4
198	12
199	0
200	24
201	9
202	3
203	1
204	1
205	32
206	49
207	7
208	12
209	13
210	11
211	20
212	2
213	24
214	4
215	15,36
216	0,45
217	6
218	11
219	21
220	2
221	39
222	16
223	25
224	1
225	3,21,36
226	5
227	26
228	4,13
229	34
230	15
231	20
232	6,23
233	19
234	3
235	1
236	0
237	16
238	11
239	7
240	34
241	11
242	3
243	4
244	9
245	0
246	31
247	25
248	22
249	9
250	0
251	10
252	35
253	9
254	2,44
255	10
256	25
257	3,33
258	29
259	13
260	1
261	7
262	2
263	9
264	0
265	5
266	16
267	19
268	5
269	8
270	6
271	7
272	2
273	11
274	6
275	11,49
276	6
277	8
278	0
279	10
280	15
281	40
282	6
283	14
284	16
285	3
286	7
287	1
288	8,15
289	10
290	10
291	15
292	21
293	43
294	2
295	7
296	7
297	0,3
298	1
299	14,23
300	0
301	21
302	3
303	19
304	8
305	7
306	27
307	1
308	10
309	42
310	8
311	24
312	24
313	1
314	4
315	18
316	20
317	4
318	15
319	29
320	4
321	27
322	7
323	8
324	5
325	14
326	34
327	10
328	6
329	5
330	12
331	2
332	10
333	16
334	24,34
335	33
336	21
337	6
338	7
339	7
340	4
341	30
342	4
343	26
344	9
345	21
346	2
347	17
348	32
349	19
350	1
351	9
352	3
353	15,28
354	9
355	24
356	2
357	6
358	12
359	18
360	32
361	9
362	13
363	10
364	2
365	21
366	29
367	6
368	8
369	5
370	5
371	7
372	4
373	5
374	40
375	36
376	17
377	3
378	40
379	12
380	24,40
381	6
382	6
383	4
384	29
385	48
386	2
387	20
388	1
389	48
390	9
391	1
392	5
393	33
394	15
395	5
396	2
397	32
398	9
399	7
400	1
401	20
402	27
403	0
404	1
405	2
406	2
407	15
408	0
409	2
410	22
411	5
412	6
413	0
414	7
415	15
416	9
417	6
418	16,34
419	16
420	7
421	11
422	18
423	31
424	8
425	27
426	14
427	21
428	10
429	15,19
430	11
431	20
432	2
433	11
434	0
435	2
436	16
437	12
438	6
439	9
440	5
441	6
442	6
443	1
444	42
445	20
446	18
447	7
448	11
449	23
450	0
451	16
452	34
453	8
454	8,49
455	7
456	36
457	0
458	8
459	31
460	31
461	9
462	28
463	3
464	4
465	8
466	22
467	9
468	3
469	31
470	35
471	9
472	11
473	1
474	5
475	11
476	7
477	11
478	7
479	24
480	4
481	2
482	11
483	0
484	13,18
485	7
486	13
487	15
488	14
489	1,15
490	19
491	0
492	2
493	10
494	17
495	7
496	15
497	17
498	27
499	5
500	7
501	2
502	3
503	39
504	30
505	0
506	17
507	14
508	2
509	23
510	11
511	0
512	9
513	18
514	5
515	23
516	34
517	12
518	1
519	3
520	0
521	25
522	10
523	24
524	27
525	4
526	22
527	8
528	39
529	28
530	16
531	7
532	9
533	1
534	10
535	28
536	23
537	21
538	10
539	7
540	1
541	18
542	6
543	14
544	12
545	13
546	0
547	10
548	14
549	0
550	25
551	17
552	0
553	10
554	12
555	12
556	0
557	29,31
558	0
559	37
560	5
561	21
562	8
563	4
564	4
565	21
566	4
567	16
568	15
569	9
570	34
571	2
572	2
573	8
574	4
575	6
576	1
577	12
578	31
579	10
580	3
581	11
582	18
583	0
584	8
585	4
586	32,45
587	22
588	5
589	13
590	11
591	27
592	20
593	24
594	1
595	2
596	9
597	15
598	13
599	24
600	17
601	8,20,21,42
602	4
603	27
604	20
605	9
606	7
607	2
608	9
609	9
610	17
611	9,22
612	0
613	23
614	11
615	35
616	6
617	2
618	8
619	13
620	7
621	2
622	0
623	37,39
624	2
625	32
626	19
627	22
628	18
629	17,33
630	33
631	11
632	7
633	0
634	11
635	5
636	5
637	13
638	9
639	22
640	7
641	13
642	29
643	9
644	0
645	0
646	9
647	20
648	14
649	37
650	24
651	4
652	10
653	0,11
654	12
655	29
656	0
657	1
658	3
659	26
660	8
661	18
662	3,25
663	3
664	5
665	7
666	35
667	26
668	12
669	30
670	25
671	23
672	20
673	15
674	23
675	8
676	11
677	13
678	27
679	3
680	27
681	4
682	13
683	17
684	3
685	11
686	1
687	5
688	24
689	5
690	25
691	16
692	6
693	4
694	20
695	0
696	26
697	6
698	5,29
699	4
700	4
701	10
702	2
703	23
704	5
705	5
706	13
707	6
708	20
709	7
710	4
711	3
712	13
713	7
714	4
715	3
716	27
717	4
718	14
719	8
720	5
721	12
722	29
723	0
724	29
725	11
726	11
727	12
728	8
729	6
730	1
731	13
732	12
733	26,48
734	20,41
735	2
736	4
737	46
738	4
739	19
740	0
741	4
742	1,3
743	14
744	12
745	13
746	4
747	23
748	15
749	22
750	4
751	18
752	3
753	32
754	6
755	1
756	19
757	0
758	15
759	32
760	14
761	16
762	9
763	4
764	35
765	8
766	2
767	0
768	13
769	7
770	15,45
771	11,32,34,40
772	4
773	20
774	0
775	24
776	13
777	15
778	13
779	13
780	3,24
781	37
782	2
783	16
784	14,34
785	0
786	17
787	3
788	11
789	2
790	4
791	18
792	3
793	13
794	8
795	16
796	5
797	29
798	11
799	15
800	43
801	32
802	7,45
803	5
804	15
805	15
806	17
807	0
808	10
809	18
810	12
811	4
812	10
813	5
814	10
815	0
816	1
817	18
818	1
819	9
820	27,33
821	29
822	12
823	20
824	7
825	6
826	12
827	22
828	6
829	3
830	4
831	24
832	20
833	0
834	10,49
835	1
836	26
837	7
838	2
839	32
840	6
841	0
842	32
843	13
844	2
845	11
846	8
847	6
848	13
849	7
850	0
851	35
852	0
853	28
854	7
855	6
856	6
857	15
858	39,44
859	16
860	17
861	22
862	1
863	8
864	6
865	29
866	8
867	11
868	5
869	11
870	4
871	9
872	11
873	25
874	3,19
875	16
876	4
877	35
878	10
879	2
880	2
881	7,38
882	5
883	27,35
884	10
885	19
886	0
887	11
888	18
889	25
890	17
891	37
892	2
893	15
894	21
895	12
896	17
897	0
898	20
899	2
900	7
901	1
902	0
903	16
904	3
905	15
906	2
907	9
908	5
909	7
910	12,19
911	3
912	4
913	14
914	6
915	6
916	5
917	12
918	0
919	15
920	10,43,44
921	23,32,40
922	3
923	4
924	29
925	31
926	21
927	16
928	30
929	34
930	3
931	11
932	2
933	3
934	7
935	3
936	28
937	5
938	11
939	4
940	7
941	10
942	18
943	36
944	6
945	10
946	11
947	6
948	4
949	6
950	7
951	30
952	35
953	21
954	1
955	2
956	8
957	10
958	28
959	18
960	2
961	1
962	17
963	11
964	16
965	14
966	5
967	18
968	0
969	2
970	14
971	28
972	24
973	2
974	5
975	15
976	6
977	18
978	5
979	1,33,34
980	9
981	14,38,47,49
982	5
983	28
984	12
985	8
986	17
987	8
988	18
989	12
990	21
991	7
992	7
993	8
994	12
995	33
996	24
997	7
998	39
999	3
1000	0
1001	0
1002	0
1003	0
1004	0
1005	2
1006	2
1007	2
1008	2
1009	2
1010	6
1011	6
1012	6
1013	6
1014	6
1015	14
1016	14
1017	14
1018	14
1019	14
1020	30
1021	30
1022	30
1023	30
1024	30
1025	49
1026	49
1027	49
1028	49
1029	49
1030	48
1031	48
1032	48
1033	48
1034	48
1035	47
1036	47
1037	47
1038	47
1039	47
1040	46
1041	46
1042	46
1043	46
1044	46
1045	45
1046	45
1047	45
1048	45
1049	45
1050	44
1051	44
1052	44
1053	44
1054	44
1055	43
1056	43
1057	43
1058	43
1059	43
1060	42
1061	42
1062	42
1063	42
1064	42
1065	41
1066	41
1067	41
1068	41
1069	41
1070	40
1071	40
1072	40
1073	40
1074	40
1075	39
1076	39
1077	39
1078	39
1079	39
1080	38
1081	38
1082	38
1083	38
1084	38
1085	37
1086	37
1087	37
1088	37
1089	37
1090	36
1091	36
1092	36
1093	36
1094	36
1095	35
1096	35
1097	35
1098	35
1099	35
1100	34
1101	34
1102	34
1103	34
1104	34
1105	33
1106	33
1107	33
1108	33
1109	33
1110	32
1111	32
1112	32
1113	32
1114	32
1115	29
1116	29
1117	29
1118	29
1119	29
1120	31
1121	31
1122	31
1123	31
1124	31
