0	0
1	1,10,16,67
2	2
3	2,3,64
4	4,40
5	5
6	3,6,25,58
7	7,8,61
8	8,13,66
9	9,22
10	10
11	11
12	12,23
13	13
14	14,43,47
15	15
16	16
17	17
18	18
19	19
20	20
21	21
22	22
23	23
24	24,34
25	25,37,41
26	26
27	27
28	28
29	29
30	30
31	31
32	32
33	11,33
34	34,44
35	35,44,65
36	36
37	37
38	38
39	39
40	5,40,42,58
41	41
42	42
43	43
44	44
45	45
46	46,66
47	47
48	48
49	49
50	50
51	51
52	52
53	53
54	54
55	55
56	56
57	0,57,62
58	58
59	59
60	60
61	61
62	62
63	63
64	64
65	65
66	66
67	67
68	40
69	37
70	8,35
71	12
72	20
73	2,33
74	20
75	25
76	29
77	7
78	45
79	22
80	3
81	17
82	4
83	45
84	35
85	1
86	4
87	5
88	7,58
89	8
90	19
91	4
92	27
93	15
94	27
95	25
96	19
97	11
98	5
99	17
100	13,30
101	6
102	22,29
103	8,11
104	10
105	27
106	32
107	19
108	25
109	0
110	14
111	26
112	26
113	17
114	3,9
115	2
116	4
117	34
118	23
119	44
120	0
121	10
122	8
123	3
124	19
125	8
126	57
127	3
128	49
129	3
130	23
131	52
132	34
133	0
134	24
135	9,15
136	49
137	3
138	18
139	0
140	3
141	22
142	13
143	22
144	45
145	18,23
146	8
147	0
148	1
149	9
150	29
151	43
152	10
153	66
154	8
155	50
156	19,46,58
157	4
158	19
159	4
160	4
161	4
162	3
163	10
164	11
165	5
166	9
167	2
168	1
169	10
170	30,35,61
171	7
172	1,18
173	4
174	66,67
175	11,50
176	0,12
177	19
178	18
179	4
180	55
181	20
182	1,56
183	4
184	4
185	14
186	11
187	10,47
188	18
189	0
190	3
191	3
192	0
193	2,43
194	33
195	1,22
196	15
197	14
198	13
199	3
200	1
201	5
202	8
203	22
204	1
205	30
206	8
207	35
208	14
209	27,28
210	22
211	42
212	10
213	6
214	6
215	43
216	17
217	28
218	14
219	1
220	6
221	9
222	59
223	2
224	11
225	8
226	17
227	17
228	8
229	34
230	9
231	42,65
232	23
233	17
234	9,26
235	14
236	15
237	7
238	1
239	0
240	19
241	13
242	19
243	50
244	14
245	38
246	11
247	5
248	7
249	11
250	5
251	21
252	16,22
253	64
254	17
255	6
256	0
257	5
258	63
259	16
260	17
261	6
262	13
263	47
264	59
265	15
266	24
267	36,66
268	48
269	8
270	2
271	1
272	23
273	26
274	7,19,45
275	65
276	0
277	3
278	8
279	4
280	28
281	0
282	12
283	33
284	45
285	2
286	12
287	1
288	60
289	0
290	34
291	3
292	6
293	4,21,56
294	4
295	33
296	16
297	1
298	23
299	23
300	0
301	5
302	11
303	1
304	38
305	4
306	7
307	12
308	46,59
309	2
310	6
311	2
312	7
313	6
314	51
315	12,24
316	9
317	21
318	26
319	30
320	8
321	0
322	59
323	4
324	4
325	49,50
326	15
327	52
328	26
329	8
330	14
331	1
332	15
333	27
334	9
335	23,31
336	27
337	9
338	44
339	40
340	14
341	30
342	0
343	15
344	25
345	27
346	4
347	5
348	4
349	44
350	43
351	1
352	15
353	2
354	18
355	7
356	11
357	45
358	9
359	3
360	5
361	16,67
362	11
363	5
364	2
365	23
366	9
367	29
368	20
369	57
370	18
371	4
372	19
373	21
374	17
375	13
376	19
377	0
378	3
379	62
380	1
381	22
382	7
383	2
384	17
385	22
386	27
387	30
388	7
389	3
390	3
391	17
392	33,52
393	4,18
394	7
395	7
396	19
397	38
398	55
399	20
400	30
401	2
402	35
403	1
404	15
405	15
406	8
407	21
408	17
409	6
410	22
411	13
412	7
413	15
414	1,62,64
415	0
416	24
417	3
418	15
419	2
420	9
421	25
422	29
423	66
424	0
425	22
426	4
427	0
428	17,41
429	30
430	13
431	2
432	48
433	19
434	30
435	2
436	12
437	14
438	15
439	4
440	14
441	14
442	6,59
443	4
444	6
445	9
446	28
447	1
448	23
449	14
450	7
451	8
452	20
453	6
454	1
455	52
456	2
457	2
458	0
459	41
460	32
461	11
462	61
463	15
464	12
465	10
466	4
467	6
468	26
469	4
470	9
471	9
472	10
473	9
474	37
475	21
476	35
477	12
478	12
479	41
480	12
481	30
482	5
483	35
484	25
485	8
486	44
487	10
488	22,38
489	12
490	4
491	26
492	21
493	16
494	1
495	9
496	15
497	4
498	5
499	21
500	40
501	17
502	9
503	17
504	11
505	33
506	22
507	2
508	20
509	2
510	51
511	32
512	19
513	14
514	25
515	9
516	67
517	52
518	18
519	2
520	16
521	1
522	30
523	27
524	2
525	6
526	27
527	2
528	29
529	4
530	23
531	14
532	34
533	5
534	50,51
535	13
536	14
537	8
538	1
539	22
540	5
541	0
542	42
543	0
544	21
545	13
546	1
547	3
548	13
549	36
550	12
551	6
552	11,13
553	27
554	18
555	23
556	12
557	28
558	22
559	3
560	35
561	9
562	33
563	21
564	17
565	11
566	8
567	40
568	8
569	17
570	66
571	13
572	0
573	22
574	0
575	2
576	1
577	57
578	20
579	26
580	31
581	28
582	36
583	50
584	16
585	24
586	43
587	51
588	5
589	5
590	20
591	1,51
592	47
593	15
594	9
595	11
596	12
597	11
598	2
599	10
600	10
601	10
602	13
603	34
604	48
605	26
606	48
607	4
608	17
609	11
610	4
611	57,65
612	19
613	5
614	51,64
615	2
616	24,36
617	2
618	23
619	1
620	18
621	24
622	8
623	22
624	9
625	17
626	15
627	11
628	22
629	0
630	50
631	11
632	26
633	32
634	53
635	4
636	1
637	12
638	13
639	17
640	2
641	37
642	8
643	8
644	15
645	2
646	14
647	8
648	11
649	5
650	45,57
651	1
652	22
653	3
654	5
655	8,34,58
656	7
657	23
658	10
659	0
660	10
661	1
662	0
663	16,20,37
664	21
665	59
666	17
667	12
668	0
669	8
670	23
671	2
672	3
673	31
674	34,47,51
675	15
676	1
677	19,42
678	6
679	8
680	12
681	3
682	15
683	1
684	1
685	5
686	17
687	14
688	14
689	35
690	48
691	10
692	6
693	15
694	3
695	0,3
696	3
697	53
698	6
699	40
700	24
701	48
702	32
703	30
704	30
705	35
706	7
707	19
708	0
709	16
710	10
711	0
712	10
713	37
714	1
715	18
716	9
717	1
718	12,14,60
719	2
720	43
721	6
722	17
723	11
724	38
725	24,37
726	5
727	3
728	9
729	8
730	7
731	0
732	17
733	42
734	26
735	38
736	20
737	3
738	8
739	19
740	37
741	6
742	2
743	25
744	16
745	23
746	13
747	1
748	19
749	22
750	2
751	42
752	27,64
753	10
754	18
755	2
756	15
757	3
758	21
759	5
760	9,26
761	5
762	0
763	47
764	52
765	8
766	18
767	3
768	5
769	4
770	48
771	18
772	7
773	1
774	24
775	30
776	6
777	8
778	28
779	2
780	0
781	6
782	2
783	33
784	25
785	2
786	27
787	18
788	2
789	29
790	19
791	47
792	56
793	17
794	0
795	10
796	50
797	20
798	27,48
799	13
800	9
801	29
802	11
803	16
804	12
805	27
806	4
807	2
808	15
809	2
810	26
811	3
812	15
813	67
814	10
815	7
816	6
817	8
818	3
819	22
820	35
821	29
822	21
823	4
824	0
825	16
826	43
827	10
828	11
829	13
830	2
831	7
832	26
833	41
834	4
835	17
836	12
837	3
838	39,50
839	17
840	3
841	8
842	0
843	5
844	27
845	9
846	14
847	16
848	55
849	18
850	1
851	3
852	1
853	13
854	17
855	8
856	10
857	2
858	6
859	8
860	5
861	2
862	9
863	42
864	6
865	16,64
866	7
867	1
868	21
869	6
870	5
871	0
872	0
873	10
874	0
875	30
876	16
877	59
878	13
879	24
880	46,47
881	1
882	5
883	8
884	26
885	12,15,63
886	12
887	13
888	32
889	29
890	1
891	4
892	49
893	0
894	49
895	3
896	42
897	19
898	0
899	7
900	10
901	27
902	17
903	52
904	3
905	1
906	17
907	8
908	38
909	21
910	14
911	4
912	0
913	16
914	33
915	19
916	0
917	2
918	0
919	15
920	5
921	2
922	13
923	6
924	18,50
925	7
926	35
927	7
928	53
929	8
930	12
931	1
932	7
933	5
934	12
935	42
936	0
937	23
938	30
939	15
940	11
941	16
942	1
943	1
944	12
945	36
946	26
947	19
948	23
949	19
950	11
951	1
952	44,49
953	7
954	1
955	25
956	9
957	53
958	14
959	25
960	3
961	5
962	22
963	20
964	1
965	23
966	16
967	30
968	8
969	11
970	17
971	44
972	20
973	15
974	15
975	9
976	27
977	28
978	20
979	2
980	10
981	24
982	32
983	15
984	3
985	10
986	33
987	0
988	5
989	16
990	42
991	35
992	0
993	19
994	3
995	27
996	21
997	22
998	8
999	14
1000	1
1001	1
1002	1
1003	6
1004	6
1005	6
1006	6
1007	14
1008	14
1009	14
1010	14
1011	30
1012	30
1013	30
1014	30
1015	23
1016	23
1017	23
1018	23
1019	25
1020	25
1021	25
1022	25
1023	51
1024	51
1025	51
1026	51
1027	4
1028	4
1029	4
1030	4
1031	15
1032	15
1033	15
1034	15
1035	37
1036	37
1037	37
1038	37
1039	2
1040	2
1041	2
1042	2
1043	2
1044	62
1045	62
1046	62
1047	62
1048	62
1049	67
1050	67
1051	67
1052	67
1053	67
1054	61
1055	61
1056	61
1057	61
1058	61
1059	58
1060	58
1061	58
1062	58
1063	58
1064	57
1065	57
1066	57
1067	57
1068	57
1069	56
1070	56
1071	56
1072	56
1073	56
1074	55
1075	55
1076	55
1077	55
1078	55
1079	63
1080	63
1081	63
1082	63
1083	63
1084	53
1085	53
1086	53
1087	53
1088	53
1089	65
1090	65
1091	65
1092	65
1093	65
1094	12
1095	12
1096	12
1097	12
1098	12
1099	50
1100	50
1101	50
1102	50
1103	50
1104	49
1105	49
1106	49
1107	49
1108	49
1109	48
1110	48
1111	48
1112	48
1113	48
1114	47
1115	47
1116	47
1117	47
1118	47
1119	59
1120	59
1121	59
1122	59
1123	59
1124	45
1125	45
1126	45
1127	45
1128	45
1129	44
1130	44
1131	44
1132	44
1133	44
1134	43
1135	43
1136	43
1137	43
1138	43
1139	42
1140	42
1141	42
1142	42
1143	42
1144	41
1145	41
1146	41
1147	41
1148	41
1149	40
1150	40
1151	40
1152	40
1153	40
1154	39
1155	39
1156	39
1157	39
1158	39
