0	0
1	1
2	2
3	3
4	4
5	5
6	6
7	7
8	8
9	9
10	5
11	0
12	2
13	0,5
14	0
15	2
16	2
17	1
18	1
19	6
20	5
21	1,3
22	0
23	1
24	3,9
25	2,9
26	2
27	5
28	0,4
29	2
30	1
31	1
32	7
33	3
34	2
35	8
36	0,2
37	2
38	2
39	1
40	0
41	0
42	0
43	3
44	4
45	1
46	1,3
47	0,1,4
48	3
49	0
50	1
51	1,9
52	0
53	0,4
54	1,3,4,5
55	1
56	2,8
57	5
58	4
59	3,4
60	1,3,9
61	2,3
62	5
63	0,1,2,4,7
64	2,3,5,7,8,9
65	0
66	3
67	1,5
68	0,2,3
69	0,1
70	7
71	0,2,8
72	0,2,6,9
73	0
74	1,3
75	2
76	1
77	3,5
78	1
79	2
80	0,1
81	0,2
82	2
83	6
84	7
85	0
86	2
87	0
88	7
89	1
90	4
91	2
92	0
93	0,9
94	2
95	6,7
96	9
97	1
98	2
99	1
100	1
101	0
102	6
103	1,3
104	0
105	1,7
106	2
107	3,8
108	2
109	0
110	1,5,7
111	0,6
112	0,3
113	0,6
114	4
115	2
116	0
117	6,8
118	0
119	1
120	2
121	2,6
122	3
123	0,1
124	7
125	5
126	5
127	9
128	3
129	0,3
130	8
131	5,7
132	2
133	0
134	0,2,6,8
135	2
136	1
137	2,9
138	0,4
139	1
140	1,2
141	2
142	1
143	1,5
144	3
145	4
146	1
147	1,5
148	0
149	8
150	8
151	2
152	4
153	3
154	1,2
155	1,2
156	0
157	2
158	2
159	1
160	1
161	0
162	0,2
163	1,5
164	0,8
165	8
166	0,2
167	4
168	0,4
169	5
170	2
171	7
172	1
173	0
174	3,6
175	0,2,7,9
176	0,2,3,6,9
177	3
178	2,5
179	1
180	2
181	3
182	2
183	0
184	2
185	0
186	4
187	1
188	0
189	1
190	5,7
191	1
192	4
193	0,7,9
194	2
195	4
196	1
197	0
198	1
199	0
200	1,2,8
201	0
202	6
203	0
204	0
205	1
206	0
207	0
208	1,6
209	2,3
210	6
211	2
212	3
213	0
214	1,8
215	2
216	5
217	1
218	0
219	1,4
220	2
221	9
222	2
223	6,8,9
224	0
225	0
226	0
227	0
228	3
229	1,3
230	2
231	5
232	6
233	1
234	0
235	0,2
236	4
237	2
238	2,7
239	0
240	1
241	4
242	3
243	1
244	3
245	5
246	4
247	1,3
248	0
249	3
250	5,9
251	5
252	4,8
253	8
254	1
255	5
256	5
257	1
258	1
259	2
260	5
261	0
262	0
263	5
264	0
265	0,3
266	4
267	5
268	5
269	3
270	0
271	8
272	0
273	6
274	0
275	0,1
276	1
277	1
278	2,9
279	2
280	7
281	1,4
282	0,4
283	3
284	5
285	1
286	4
287	2
288	0,1,9
289	0
290	2
291	0
292	3
293	0
294	1
295	5
296	3
297	0
298	3
299	2
300	2
301	0,5
302	2
303	0
304	0
305	0
306	0
307	0
308	4
309	2
310	0,3
311	1
312	8
313	4
314	0
315	1
316	1
317	5
318	1
319	4
320	3
321	7
322	0
323	0
324	3
325	1
326	0
327	1
328	2
329	0,6
330	8
331	7
332	0
333	2
334	3
335	3
336	2
337	1
338	1
339	0
340	0
341	2
342	0
343	1
344	0,2,5
345	0
346	0
347	3
348	2
349	0
350	2
351	0
352	9
353	1
354	0
355	2
356	0
357	5
358	5
359	0,1
360	2
361	2
362	1
363	3
364	0
365	2
366	1
367	1
368	2,3
369	2
370	2
371	3
372	1
373	0
374	0
375	0
376	0
377	4
378	0
379	3,6
380	0,1
381	2
382	1
383	2
384	0
385	3
386	1
387	3
388	5
389	2
390	4
391	2,4
392	0
393	1
394	2
395	1
396	2,6
397	0
398	0,6
399	1,5
400	2
401	0,1
402	4,6
403	0,1
404	6
405	2
406	1
407	3
408	4
409	8
410	4
411	1
412	4
413	6
414	4,5
415	1
416	1
417	0
418	1
419	1
420	2
421	0
422	0
423	0
424	6
425	2
426	4
427	3
428	3
429	2,3
430	0
431	5
432	5
433	7
434	3
435	0,2,6
436	3
437	4
438	0
439	5
440	3
441	1
442	1
443	0
444	2
445	0
446	4
447	0
448	0
449	2,6
450	0
451	0,7
452	4
453	0
454	0,3
455	1
456	1
457	0,1
458	1
459	5
460	1
461	3
462	6
463	1
464	1
465	1
466	0
467	3
468	2,5
469	0,6
470	6
471	0
472	4
473	2
474	1
475	0
476	0
477	0,2
478	0
479	4
480	1
481	3
482	0
483	2
484	6
485	0
486	2
487	1
488	6
489	4
490	7
491	0
492	2
493	0
494	1
495	1
496	1
497	0
498	5
499	1
500	0
501	2
502	0
503	1
504	5
505	2
506	6
507	8
508	0
509	1
510	7
511	9
512	4
513	6
514	1
515	1
516	0
517	4
518	0
519	3
520	1
521	6
522	1
523	0
524	1
525	0
526	0
527	0
528	1
529	2
530	8
531	4
532	2
533	0
534	0
535	8
536	4
537	3
538	4
539	2,6
540	2
541	2
542	6
543	1
544	4
545	1
546	2
547	0
548	1
549	0
550	1
551	3
552	6
553	2
554	0
555	0
556	0
557	6,8
558	6
559	0
560	0,3
561	3
562	0
563	1
564	6
565	0
566	3
567	1
568	0
569	3
570	8
571	2
572	2
573	7
574	1
575	0,2,3
576	3
577	3
578	5
579	8
580	5
581	5
582	7
583	5
584	1
585	3
586	0
587	1,5
588	8
589	7
590	5
591	0
592	2
593	5
594	6
595	3
596	0
597	4
598	9
599	1
600	0
601	8
602	0
603	0
604	2
605	1
606	3
607	3,9
608	4
609	0,2
610	0
611	2
612	2
613	3
614	1
615	1
616	3
617	3
618	0
619	0
620	0
621	0
622	0
623	5
624	5
625	0
626	2
627	4
628	6
629	2
630	4
631	1
632	4,5
633	1
634	0
635	0
636	3
637	1
638	6
639	0
640	9
641	0
642	0
643	1
644	1
645	0
646	0
647	0
648	2
649	8
650	2
651	9
652	0
653	0
654	0
655	8
656	1
657	4
658	5
659	7
660	5
661	1
662	3
663	6
664	3
665	6
666	0
667	1
668	1
669	0
670	2
671	0
672	1
673	1
674	5
675	6
676	2
677	9
678	0
679	1,6
680	0
681	0
682	1
683	2
684	0
685	0
686	0
687	7
688	0
689	9
690	0
691	4
692	0
693	4
694	2
695	6
696	2,6,7
697	5
698	0
699	1
700	6
701	1
702	1
703	1
704	3
705	4
706	1
707	2
708	3
709	9
710	4
711	6
712	0
713	3
714	0,4
715	0
716	0
717	0
718	2
719	0
720	0
721	0
722	5
723	6
724	4
725	2
726	1
727	2
728	1
729	5
730	5
731	2
732	9
733	5
734	1
735	2
736	1
737	1
738	0
739	1
740	2
741	2
742	1
743	1
744	4
745	2
746	0
747	9
748	0
749	0
750	6
751	6
752	1
753	2
754	0
755	1
756	8
757	4
758	1
759	4
760	2
761	1
762	3
763	7
764	3
765	0
766	3
767	3
768	4
769	0
770	0
771	4
772	2
773	0
774	0
775	0
776	1
777	2
778	0
779	2
780	0
781	7
782	9
783	4
784	2
785	6
786	1
787	8
788	6
789	1
790	0
791	0
792	4
793	2
794	0
795	1
796	1
797	0
798	1
799	1
800	0,8
801	1
802	3
803	0
804	7
805	6
806	6
807	0
808	0
809	0
810	0,9
811	2
812	2
813	0
814	2
815	0
816	1
817	0
818	0
819	5,6
820	0
821	2
822	1
823	0
824	3
825	1
826	0
827	2
828	0
829	0
830	0
831	5
832	0
833	2
834	4
835	4
836	8
837	3
838	0
839	8
840	9
841	3
842	3
843	0
844	5
845	0
846	0
847	8
848	1
849	2
850	3
851	1
852	0
853	1
854	1
855	3
856	1
857	3
858	3
859	5
860	7
861	7
862	2
863	1
864	0
865	1
866	0
867	8
868	5
869	5
870	0
871	1
872	4
873	1
874	0
875	8
876	0
877	9
878	0
879	0
880	1,8
881	1
882	5
883	1
884	6
885	2
886	0
887	0
888	0
889	2
890	0
891	0
892	7
893	1
894	0
895	3,9
896	2
897	2
898	2
899	1
900	6,9
901	4
902	0
903	2
904	3
905	2
906	3
907	1
908	0,6
909	6
910	0
911	0
912	1
913	1
914	0
915	0
916	0
917	1,2
918	2,8,9
919	0
920	1
921	0
922	1
923	2
924	0
925	2
926	6
927	0
928	2
929	0
930	1
931	1
932	3,5
933	2
934	3
935	3
936	0
937	3
938	3
939	3
940	7
941	2
942	6
943	1
944	2
945	2
946	2
947	0
948	2
949	2
950	6
951	0
952	8
953	3
954	3,6
955	1
956	1
957	4
958	2
959	6
960	2
961	1
962	2,5
963	1
964	3
965	2
966	2
967	3
968	0
969	1
970	0
971	1
972	1
973	1
974	1
975	0
976	2
977	1
978	3
979	0
980	6
981	1
982	9
983	0
984	4
985	0
986	2
987	2
988	2
989	3
990	2
991	1
992	5
993	0
994	8
995	2
996	3
997	6
998	3
999	2
1000	3
1001	5
1002	4
1003	6
1004	0
1005	7
1006	0
1007	0
1008	2
1009	0
1010	3
1011	3
1012	0,7
1013	4
1014	1
1015	0
1016	1
1017	0
1018	5
1019	0
1020	0
1021	2
1022	0
1023	0
1024	3
1025	0
1026	1
1027	1
1028	1
1029	0
1030	2
1031	3
1032	1
1033	0
1034	4
1035	0
1036	0
1037	0
1038	9
1039	2
1040	4
1041	5
1042	1
1043	2
1044	4
1045	6
1046	3
1047	5
1048	1
1049	2
1050	5
1051	1
1052	3
1053	2,9
1054	2
1055	0
1056	0
1057	2
1058	0,5
1059	4
1060	0
1061	0,8
1062	1,7
1063	3,7
1064	2
1065	5
1066	2
1067	4
1068	0
1069	1
1070	2
1071	0
1072	4
1073	6,9
1074	0
1075	4
1076	1
1077	0
1078	4
1079	5
1080	2,5
1081	4
1082	0
1083	3
1084	2
1085	0
1086	5
1087	1
1088	1
1089	2
1090	0
1091	4
1092	3
1093	7
1094	1
1095	1
1096	0
1097	6
1098	1
1099	0
1100	0
1101	3
1102	0
1103	1
1104	9
1105	8
1106	0
1107	3
1108	7
1109	0
1110	0
1111	3
1112	5
1113	4
1114	5
1115	3
1116	5
1117	6
1118	3
1119	2
1120	2
1121	4
1122	1
1123	0
1124	4
1125	2
1126	8
1127	2
1128	0
1129	3
1130	4
1131	7
1132	0
1133	0
1134	0
1135	0
1136	0
1137	0
1138	4
1139	1
1140	0
1141	0
1142	0
1143	3
1144	5
1145	4
1146	0
1147	1
1148	4
1149	2
1150	3
1151	1
1152	1
1153	0
1154	0
1155	3
1156	0
1157	8
1158	4
1159	0
1160	1
1161	2
1162	1
1163	1
1164	1,2
1165	2
1166	3
1167	2
1168	2
1169	5
1170	1
1171	0
1172	0
1173	3
1174	1
1175	5
1176	5
1177	6
1178	1
1179	2
1180	4
1181	2
1182	0
1183	7,8
1184	1
1185	1
1186	3
1187	0
1188	0
1189	0
1190	3
1191	0
1192	4
1193	1,2,8
1194	1
1195	2
1196	9
1197	4
1198	1
1199	5
1200	0
1201	1
1202	3
1203	3
1204	9
1205	2
1206	0
1207	1
1208	1
1209	0
1210	9
1211	5
1212	1
1213	0
1214	6
1215	0
1216	0
1217	1
1218	0
1219	2
1220	3
1221	4
1222	0
1223	0
1224	1
1225	0
1226	0
1227	0
1228	1
1229	0
1230	2
1231	4
1232	0
1233	2
1234	0
1235	4
1236	1
1237	1
1238	0
1239	0
1240	9
1241	8
1242	1
1243	4
1244	6
1245	3
1246	6
1247	6
1248	5
1249	0
1250	0
1251	0
1252	2
1253	0
1254	2
1255	5
1256	1
1257	2
1258	2
1259	2
1260	7
1261	0
1262	0
1263	0
1264	2
1265	0
1266	0
1267	4
1268	4
1269	2
1270	3,9
1271	1
1272	1
1273	3
1274	1
1275	0
1276	3
1277	0
1278	4
1279	3
1280	3
1281	1
1282	2
1283	4
1284	3
1285	0
1286	5
1287	3
1288	0
1289	5
1290	6
1291	6
1292	8
1293	2
1294	2,4
1295	7
1296	9
1297	9
1298	5
1299	0
1300	0
1301	0
1302	1
1303	3
1304	1
1305	0
1306	2
1307	5
1308	1
1309	1
1310	5
1311	3
1312	1
1313	7
1314	3
1315	3
1316	3
1317	1
1318	0
1319	2
1320	5
1321	4
1322	2
1323	2
1324	2
1325	6
1326	1
1327	1
1328	0
1329	8
1330	6
1331	5
1332	2
1333	0
1334	2
1335	5
1336	0
1337	0
1338	1
1339	2
1340	2
1341	5
1342	4
1343	0
1344	3
1345	0
1346	1
1347	1
1348	1
1349	8
1350	2
1351	2
1352	1
1353	3
1354	1
1355	1
1356	5
1357	5
1358	2
1359	8
1360	7
1361	2
1362	1
1363	2
1364	3,5
1365	1
1366	3
1367	1
1368	0
1369	0
1370	0
1371	1
1372	4
1373	1
1374	5
1375	2
1376	2
1377	4
1378	3
1379	0
1380	5
1381	3
1382	1,4
1383	1
1384	1
1385	1
1386	2
1387	1
1388	1
1389	3
1390	0
1391	0
1392	3
1393	0
1394	0
1395	8
1396	1
1397	3
1398	4
1399	2
1400	0
1401	1
1402	3
1403	1
1404	2
1405	6
1406	0
1407	2
1408	2,8
1409	0
1410	1
1411	0
1412	1
1413	1
1414	7
1415	0
1416	0
1417	5
1418	1
1419	1
1420	4
1421	1
1422	0
1423	3
1424	1
1425	3
1426	8
1427	8
1428	1
1429	1
1430	2
1431	7
1432	0
1433	1
1434	2
1435	0
1436	0
1437	0
1438	0,5
1439	0
1440	7
1441	3,6
1442	0
1443	2
1444	0
1445	0
1446	0
1447	0
1448	1
1449	0
1450	7
1451	6,9
1452	2
1453	0
1454	2
1455	3
1456	4
1457	2
1458	3
1459	0
1460	3
1461	0
1462	2
1463	0
1464	1
1465	1
1466	3
1467	0
1468	1
1469	0
1470	6
1471	2
1472	2
1473	2
1474	3
1475	1
1476	0
1477	0
1478	2
1479	2
1480	0
1481	6
1482	2
1483	1
1484	4,6
1485	2
1486	1
1487	4
1488	0
1489	3
1490	0
1491	0
1492	0
1493	1
1494	4
1495	5
1496	3
1497	8
1498	2
1499	0
1500	0
1501	6
1502	7
1503	0
1504	0
1505	0
1506	4
1507	0,4
1508	6
1509	1
1510	3
1511	4
1512	0,9
1513	0
1514	1
1515	5
1516	3
1517	0
1518	1
1519	3
1520	1
1521	4
1522	0
1523	1
1524	1
1525	0
1526	0
1527	1
1528	3
1529	0
1530	2
1531	4
1532	6
1533	2
1534	0
1535	2
1536	3
1537	1
1538	4,5
1539	2
1540	8
1541	6
1542	1
1543	1,6
1544	6
1545	0
1546	7
1547	2,4
1548	1
1549	8
1550	0
1551	0
1552	0
1553	0
1554	2
1555	7
1556	7
1557	0
1558	2
1559	3
1560	3
1561	3
1562	2
1563	4
1564	6
1565	1
1566	6
1567	0
1568	3
1569	1
1570	0
1571	7
1572	0,1
1573	0
1574	2
1575	3
1576	6
1577	0
1578	6,7
1579	0
1580	6
1581	0
1582	7
1583	1
1584	2
1585	3
1586	1
1587	0
1588	3
1589	4
1590	6
1591	2
1592	1
1593	2
1594	0
1595	2
1596	0
1597	0
1598	0
1599	6
1600	2
1601	0
1602	0
1603	0
1604	6
1605	6
1606	7
1607	0
1608	0
1609	6
1610	1
1611	1
1612	1
1613	2
1614	1
1615	0
1616	3
1617	1
1618	1
1619	5
1620	0
1621	4
1622	0
1623	0
1624	1
1625	0
1626	8
1627	1
1628	3
1629	4
1630	2
1631	1
1632	1
1633	3
1634	0,6
1635	3,4,8
1636	0
1637	1
1638	5
1639	1
1640	5
1641	4
1642	5
1643	2
1644	0
1645	2
1646	3
1647	5
1648	0
1649	2
1650	1
1651	3
1652	0
1653	6
1654	1
1655	3
1656	0
1657	0
1658	0
1659	5
1660	4
1661	2
1662	5
1663	2
1664	2
1665	0
1666	1
1667	6
1668	0
1669	4
1670	4
1671	1
1672	3
1673	2
1674	2
1675	5
1676	0
1677	7
1678	1
1679	0
1680	0
1681	2
1682	0
1683	3
1684	8
1685	3
1686	3
1687	0
1688	7
1689	3
1690	0
1691	0
1692	1
1693	0
1694	2
1695	7
1696	1
1697	1
1698	1
1699	0
1700	2
1701	0
1702	1
1703	2
1704	1
1705	2
1706	6
1707	1
1708	2
1709	0
1710	4
1711	1
1712	9
1713	2
1714	0
1715	1
1716	1
1717	1
1718	2
1719	2
1720	9
1721	0
1722	1
1723	4
1724	0
1725	1
1726	1
1727	2
1728	0
1729	1
1730	0
1731	6
1732	3,5
1733	0
1734	0
1735	1
1736	4
1737	2
1738	4
1739	2
1740	2
1741	0
1742	3
1743	4
1744	7
1745	2
1746	3
1747	2
1748	1
1749	1
1750	0
1751	5
1752	2
1753	3
1754	0
1755	1
1756	5
1757	0
1758	0
1759	1
1760	1
1761	1
1762	0
1763	1
1764	1
1765	1,5
1766	3
1767	6,8
1768	2
1769	8
1770	1
1771	5
1772	3
1773	0
1774	1
1775	1
1776	2
1777	8
1778	2
1779	9
1780	0
1781	2
1782	0
1783	3
1784	0
1785	1
1786	0
1787	6
1788	3
1789	1
1790	2
1791	6
1792	3
1793	3
1794	5
1795	0
1796	2
1797	0
1798	5
1799	0
1800	2
1801	7
1802	2
1803	0
1804	0
1805	3
1806	1
1807	2
1808	0
1809	5
1810	3
1811	0
1812	4
1813	5
1814	1
1815	0
1816	3
1817	1
1818	1
1819	2
1820	4
1821	1
1822	3
1823	2
1824	1
1825	2
1826	1
1827	1
1828	4
1829	0
1830	1
1831	0
1832	1
1833	1
1834	4
1835	0
1836	0
1837	3
1838	0
1839	1
1840	4
1841	5
1842	4
1843	7
1844	4
1845	4
1846	4
1847	2
1848	3
1849	9
1850	3
1851	1
1852	8
1853	3
1854	0
1855	1
1856	4
1857	0
1858	0
1859	1
1860	5
1861	4
1862	9
1863	3
1864	0
1865	1
1866	9
1867	1
1868	1
1869	4
1870	3
1871	3
1872	2
1873	2
1874	0
1875	9
1876	1
1877	3
1878	4
1879	2
1880	0
1881	2
1882	0
1883	4
1884	4
1885	1
1886	0
1887	0
1888	2
1889	2
1890	2
1891	1
1892	5
1893	1
1894	3
1895	0
1896	2
1897	5
1898	5,8
1899	1
1900	0
1901	1
1902	4
1903	0
1904	0
1905	0
1906	0
1907	1
1908	3
1909	0
1910	0
1911	1
1912	5
1913	5
1914	5
1915	0
1916	1
1917	2
1918	0
1919	0
1920	2
1921	1
1922	5
1923	2
1924	0
1925	1
1926	5
1927	5,7
1928	4
1929	5
1930	3
1931	0
1932	4
1933	0
1934	1
1935	0
1936	3
1937	0
1938	2
1939	2
1940	3
1941	0
1942	2
1943	6,7
1944	0
1945	3
1946	2
1947	0
1948	0
1949	0
1950	3
1951	6
1952	4
1953	1
1954	1
1955	1
1956	0
1957	9
1958	1
1959	1
1960	8
1961	0
1962	2
1963	1
1964	2
1965	0
1966	4
1967	5
1968	0
1969	0
1970	0
1971	6
1972	0
1973	2
1974	2
1975	8
1976	0
1977	1
1978	3
1979	9
1980	2
1981	0
1982	1
1983	3
1984	0
1985	0
1986	1
1987	2
1988	1,8
1989	1
1990	2
1991	0
1992	0
1993	6
1994	0
1995	4
1996	9
1997	4
1998	1
1999	0
2000	5,6
2001	0
2002	3
2003	0
2004	3
2005	1
2006	3
2007	0
2008	0
2009	2
2010	1,5
2011	1
2012	4
2013	2
2014	3
2015	0
2016	4
2017	0
2018	2
2019	1
2020	1
2021	2
2022	1
2023	7,9
2024	8
2025	8
2026	1
2027	5
2028	8
2029	0
2030	0
2031	0
2032	1
2033	1
2034	9
2035	0
2036	6
2037	0
2038	2
2039	1
2040	0
2041	1
2042	2
2043	1
2044	1
2045	1
2046	0
2047	4
2048	0
2049	0
2050	7
2051	0
2052	6
2053	4
2054	0
2055	9
2056	9
2057	8
2058	2
2059	0
2060	5
2061	6
2062	0
2063	5
2064	2
2065	3
2066	1
2067	1
2068	6
2069	0
2070	3
2071	0
2072	1
2073	4
2074	8
2075	0
2076	0
2077	0
2078	0
2079	1
2080	3
2081	0
2082	3
2083	1
2084	0
2085	3
2086	0
2087	1
2088	6
2089	0
2090	3
2091	5
2092	1
2093	0
2094	4
2095	1
2096	0
2097	9
2098	0
2099	0
2100	2
2101	0
2102	4
2103	5
2104	3
2105	1
2106	4
2107	0
2108	0
2109	4
2110	1
2111	1
2112	6
2113	3
2114	0
2115	7
2116	2
2117	0
2118	0
2119	5
2120	6
2121	5
2122	0
2123	2
2124	2
2125	1
2126	2
2127	1
2128	2
2129	7,8
2130	0
2131	1
2132	0
2133	2
2134	2
2135	1
2136	0
2137	0
2138	1
2139	6
2140	3
2141	0
2142	4
2143	6,9
2144	0
2145	0
2146	2
2147	1
2148	1
2149	3,9
2150	3
2151	2
2152	0
2153	0
2154	6
2155	6
2156	2
2157	6
2158	2
2159	1
2160	2
2161	0
2162	0
2163	2
2164	1
2165	0
2166	3
2167	0
2168	1
2169	0
2170	0
2171	2
2172	3
2173	3
2174	4
2175	4,6,9
2176	2
2177	2
2178	2
2179	1
2180	0
2181	2
2182	1
2183	0
2184	2,3,5,6,7,8
2185	1
2186	3
2187	2
2188	1
2189	2
2190	0
2191	2
2192	0
2193	0
2194	2
2195	1
2196	0,2,3
2197	1,2,3,4,5,6,7,8,9
2198	1,3,4
2199	0
