0	0
1	1
2	0,2
3	3
4	4
5	5
6	6
7	7
8	8
9	5,9
10	1
11	1
12	1
13	0
14	0
15	2
16	1
17	6,8
18	3
19	4
20	1,4
21	0,9
22	0
23	0
24	1,7
25	1
26	4,7
27	1
28	4,9
29	1,5
30	1
31	0
32	1,5
33	3,4,9
34	0
35	0,1
36	4
37	3
38	3,4
39	4
40	1
41	1
42	0
43	0,5
44	4,6
45	2
46	3,8
47	1
48	1,9
49	0,9
50	0,3
51	2
52	1
53	8
54	4
55	1
56	0,4
57	1,7
58	5
59	0
60	3
61	0,7
62	0,8
63	1
64	1
65	3
66	2
67	0,2
68	1,2,4,5
69	3
70	5
71	4,8
72	0
73	0
74	5
75	6
76	0
77	0
78	8
79	0
80	4,5
81	0,2
82	1,6
83	6
84	7
85	4
86	1
87	1
88	0
89	2
90	0
91	3,4,8
92	2
93	0
94	1,3
95	1
96	0,2
97	4
98	3
99	0
100	3
101	0
102	5
103	1
104	5
105	0
106	0
107	1
108	1
109	0
110	3,5
111	6
112	1
113	9
114	1
115	1
116	0
117	7
118	4
119	4
120	1
121	1
122	9
123	1
124	0
125	0
126	1,2
127	1
128	1
129	3
130	1
131	2
132	1,8
133	6
134	1
135	3
136	3,5
137	0
138	3
139	2
140	2,3,5
141	3
142	1
143	0
144	0
145	2
146	4
147	0
148	0
149	4
150	3
151	1
152	7
153	0
154	5
155	7
156	3,4,6
157	1
158	3
159	4
160	2
161	0
162	1
163	1
164	1
165	2
166	2
167	2,6
168	0
169	0
170	0
171	6
172	0
173	4
174	0
175	9
176	6
177	0
178	1
179	6
180	3
181	0
182	5
183	4,5,9
184	1
185	6,7,8
186	7
187	2
188	5
189	7
190	2
191	0
192	3
193	7
194	2
195	0
196	4
197	1
198	0
199	5
200	1
201	0
202	4
203	1
204	4
205	4
206	0
207	8
208	3
209	0
210	1
211	6
212	2
213	2
214	0
215	0
216	0
217	1
218	0
219	7
220	7
221	2
222	3
223	0
224	1
225	1
226	1
227	1
228	1
229	0
230	5
231	1
232	1,6
233	0
234	9
235	5
236	5,8,9
237	4
238	0
239	0
240	0
241	3
242	0
243	0
244	1
245	0
246	2
247	5
248	0,1
249	8
250	3
251	8
252	1
253	0
254	4,9
255	2,7
256	5
257	4
258	2
259	1
260	4
261	5
262	0
263	3
264	7
265	1
266	8
267	5
268	0
269	1
270	5
271	0
272	2
273	0
274	1
275	1
276	1
277	1
278	2
279	1
280	1
281	0
282	2
283	4
284	1
285	4
286	0
287	5
288	0
289	1
290	5
291	2
292	3
293	0,5,8
294	7
295	1
296	4
297	6
298	9
299	1
300	1
301	1,3,7
302	0
303	1
304	0
305	3
306	0
307	0
308	2
309	0
310	0
311	3
312	1
313	1
314	0
315	0
316	2
317	1
318	0
319	3
320	1
321	1
322	4
323	4
324	4
325	0
326	0
327	0
328	5
329	3
330	1
331	0
332	0
333	1
334	5
335	1
336	2
337	1
338	8
339	0
340	0
341	0
342	1
343	3
344	3
345	0
346	0
347	2
348	1
349	2
350	0
351	5
352	0
353	0
354	2
355	9
356	0
357	6
358	3
359	1
360	1
361	1
362	0
363	3
364	1
365	3
366	5
367	1
368	3
369	1,2
370	0
371	3
372	9
373	7
374	2,3
375	3
376	0
377	0,3
378	0
379	2
380	5
381	4,7
382	0
383	3,5
384	8
385	0
386	4
387	8
388	0
389	3
390	2
391	0
392	0
393	4
394	2
395	6
396	0
397	3
398	2
399	2,8
400	4
401	2
402	5
403	7
404	2
405	7
406	1
407	2
408	2
409	3
410	4
411	2
412	8
413	3
414	0
415	0
416	1
417	0
418	3,9
419	0
420	1
421	1
422	4
423	7
424	0
425	2
426	1
427	1
428	2
429	0
430	4
431	2
432	1
433	4
434	2
435	5
436	0,4
437	3,7
438	3
439	3
440	2
441	9
442	0
443	2
444	0
445	5
446	4
447	0
448	0
449	5
450	1
451	3
452	1
453	8
454	3
455	2
456	2
457	0
458	2
459	8
460	3
461	2
462	0
463	1
464	0
465	0
466	3,6
467	2
468	0
469	1
470	4
471	1,2
472	7
473	2
474	9
475	7
476	6
477	1
478	1
479	2
480	1
481	2
482	0
483	0
484	3
485	4
486	5
487	1
488	0
489	2,6
490	0
491	7
492	7
493	7
494	4
495	7
496	2
497	1
498	2
499	0
500	0
501	0
502	6
503	0
504	0
505	1,2,7
506	5
507	3
508	0
509	2
510	2
511	2
512	1
513	2
514	1
515	3
516	2
517	4
518	0
519	2
520	5
521	1
522	6
523	0
524	2
525	1
526	2
527	4
528	0
529	0
530	6
531	2
532	0
533	2
534	0
535	4
536	5
537	1
538	1
539	3
540	0
541	5
542	4,5,6,8
543	2
544	7
545	0
546	1
547	2
548	8
549	0
550	3
551	0
552	0
553	6
554	1
555	1
556	7
557	1
558	3
559	1
560	1
561	2
562	2
563	3
564	1
565	0
566	2
567	3
568	0
569	2
570	1
571	0
572	4,7,8
573	7
574	0
575	4
576	1
577	1
578	0
579	2
580	4
581	1
582	3
583	7
584	1
585	1
586	0
587	0
588	2
589	3
590	9
591	3
592	6
593	0
594	0
595	1
596	1
597	0
598	0,2
599	0
600	1
601	5
602	0
603	0
604	0
605	0
606	4
607	5
608	4
609	1
610	0
611	6
612	3
613	0
614	0
615	2
616	0
617	0
618	2
619	2
620	0
621	2
622	1
623	0
624	0
625	1
626	0
627	0
628	2
629	3
630	5
631	1
632	2
633	1
634	0
635	3
636	0
637	2
638	0
639	2,3,9
640	1
641	1
642	0
643	3
644	0
645	2
646	1
647	5
648	0
649	3
650	2
651	5
652	2
653	3
654	0
655	6
656	0
657	4
658	4
659	0
660	1
661	3
662	6
663	0
664	1
665	0
666	4
667	0
668	1
669	0
670	0
671	4
672	2,8
673	0
674	1
675	8
676	1
677	0
678	4
679	5
680	5
681	8
682	1
683	4
684	4
685	4
686	5
687	0
688	1
689	8
690	0
691	2
692	1
693	4
694	2
695	1
696	2
697	0
698	0
699	0
700	0
701	0
702	3
703	0
704	0
705	3
706	0
707	3
708	3
709	0
710	2,5
711	0
712	0
713	2
714	1
715	1
716	8
717	3
718	3
719	1
720	1
721	2
722	0
723	5
724	2
725	0
726	1
727	1
728	1
729	2
730	3
731	0
732	1
733	0
734	2
735	1
736	3
737	3
738	3
739	3
740	1
741	1
742	2
743	2
744	2
745	5
746	4
747	0
748	1
749	1
750	4
751	1
752	1
753	3
754	4
755	0
756	2
757	2
758	2
759	1
760	0
761	0
762	8
763	2
764	3
765	8
766	3
767	0
768	1
769	2
770	1
771	0
772	0
773	1
774	0
775	2
776	2
777	0
778	6
779	0
780	0
781	3
782	2
783	0
784	2
785	0
786	4
787	1
788	0
789	0
790	0
791	2
792	5
793	0
794	1
795	1
796	1
797	1
798	5
799	0
800	2
801	1
802	0
803	0
804	2
805	3
806	1
807	2
808	3
809	0
810	0
811	1
812	3
813	3
814	1
815	3
816	5
817	0
818	2
819	0
820	0
821	3
822	0
823	2
824	4
825	0
826	3
827	2
828	0
829	0
830	0
831	0
832	1
833	0
834	1
835	4
836	2
837	2
838	1
839	0
840	4
841	0
842	0
843	6
844	4
845	1
846	1
847	1
848	5,8
849	0
850	1
851	0
852	1
853	3
854	2
855	3
856	0
857	5
858	0
859	0
860	4
861	3
862	1
863	3
864	4
865	4
866	5
867	7
868	1
869	1
870	7
871	3
872	2
873	2
874	2
875	2
876	1
877	2
878	2
879	5,9
880	3
881	3
882	0
883	1
884	0
885	5
886	6
887	2
888	1
889	1
890	1
891	1
892	4
893	0
894	1
895	8
896	9
897	1
898	2
899	4
900	0
901	3,6
902	2
903	4
904	1
905	3
906	6
907	6
908	0
909	1
910	5
911	0
912	1
913	1
914	0
915	1
916	2
917	3
918	0
919	3
920	0
921	1
922	2
923	1
924	2
925	2
926	0
927	5,6
928	0
929	4
930	3
931	1
932	0
933	0
934	0
935	2
936	0
937	1
938	8
939	4
940	1
941	1
942	7
943	1
944	2
945	0
946	0
947	1
948	9
949	7
950	1,7
951	0
952	0
953	9
954	3
955	3
956	2
957	0
958	0
959	0
960	0
961	2,6
962	0
963	4
964	7,9
965	0
966	5
967	3
968	3
969	1
970	0
971	1
972	2
973	2
974	4
975	2
976	0
977	0
978	0
979	8,9
980	2
981	5
982	2
983	3
984	0
985	0
986	5
987	1
988	2
989	2,3,5,6,7,8
990	3
991	1
992	3,6,7,8
993	2
994	1,2
995	3
996	3
997	0
998	0
999	1
1000	0
1001	0
1002	0
1003	0
1004	0
1005	0
1006	0
1007	0
1008	0
1009	0
1010	0
1011	0
1012	0
1013	0
1014	0
1015	0
1016	0
1017	0
1018	0
1019	0
1020	0
1021	0
1022	0
1023	0
1024	0
1025	0
1026	0
1027	0
1028	0
1029	0
1030	0
1031	0
1032	0
1033	0
1034	0
1035	0
1036	0
1037	0
1038	2
1039	2
1040	2
1041	2
1042	2
1043	2
1044	2
1045	2
1046	2
1047	2
1048	2
1049	2
1050	2
1051	2
1052	2
1053	2
1054	2
1055	2
1056	2
1057	2
1058	2
1059	2
1060	2
1061	2
1062	2
1063	2
1064	2
1065	2
1066	2
1067	2
1068	2
1069	2
1070	2
1071	2
1072	2
1073	2
1074	2
1075	2
1076	6
1077	6
1078	6
1079	6
1080	6
1081	6
1082	6
1083	6
1084	6
1085	6
1086	6
1087	6
1088	6
1089	6
1090	6
1091	6
1092	6
1093	6
1094	6
1095	6
1096	6
1097	6
1098	6
1099	6
1100	6
1101	6
1102	6
1103	6
1104	6
1105	6
1106	6
1107	6
1108	6
1109	6
1110	6
1111	6
1112	6
1113	6
1114	9
1115	9
1116	9
1117	9
1118	9
1119	9
1120	9
1121	9
1122	9
1123	9
1124	9
1125	9
1126	9
1127	9
1128	9
1129	9
1130	9
1131	9
1132	9
1133	9
1134	9
1135	9
1136	9
1137	9
1138	9
1139	9
1140	9
1141	9
1142	9
1143	9
1144	9
1145	9
1146	9
1147	9
1148	9
1149	9
1150	9
1151	9
1152	8
1153	8
1154	8
1155	8
1156	8
1157	8
1158	8
1159	8
1160	8
1161	8
1162	8
1163	8
1164	8
1165	8
1166	8
1167	8
1168	8
1169	8
1170	8
1171	8
1172	8
1173	8
1174	8
1175	8
1176	8
1177	8
1178	8
1179	8
1180	8
1181	8
1182	8
1183	8
1184	8
1185	8
1186	8
1187	8
1188	8
1189	8
