0	0
1	1
2	2,12
3	3
4	4,15,34
5	5,38
6	6,18
7	7,25,31,50
8	8,62,78
9	9
10	10,30
11	11
12	12
13	13
14	14
15	15
16	16
17	17
18	18
19	19
20	20
21	21
22	22,64
23	23
24	24,51
25	25
26	26,38
27	27
28	28
29	16,29,84
30	9,30,52,62
31	31
32	32
33	33
34	34
35	35
36	36
37	37
38	38
39	39
40	15,40
41	41
42	42
43	43
44	44
45	45
46	46
47	3,41,47
48	48
49	49,60
50	50
51	51
52	52
53	53
54	44,54
55	55
56	22,56
57	57
58	58
59	59
60	60
61	61
62	62,63
63	63
64	64
65	26,65
66	66
67	67
68	68
69	69
70	70
71	27,71
72	72
73	5,57,73
74	74
75	75
76	76,77
77	77
78	10,78
79	79
80	80
81	81
82	82
83	79,83
84	84
85	85
86	86
87	87
88	4
89	8,29
90	13
91	5
92	4
93	56
94	24
95	1
96	8
97	10
98	1
99	49
100	24,60
101	16
102	55
103	18
104	3
105	52
106	48,53
107	23
108	14
109	0
110	7
111	7
112	75
113	4
114	41
115	19
116	77
117	48
118	23
119	0
120	1
121	21
122	18,43
123	15
124	82,87
125	3
126	34
127	10,31
128	47
129	78
130	10,14
131	17
132	34,85
133	14
134	50
135	44,59
136	4
137	68
138	68
139	14
140	5
141	26
142	82
143	9
144	33,56
145	53
146	1
147	36
148	3
149	1,7
150	14
151	15
152	3,87
153	33
154	2
155	6
156	15
157	9
158	48
159	0
160	12
161	17
162	10,59
163	6
164	4
165	0,26
166	45
167	3
168	15
169	0
170	10
171	26
172	4
173	5
174	1
175	19
176	5
177	16
178	87
179	0
180	49,50
181	12
182	0
183	18
184	59
185	36
186	14
187	6,47
188	21
189	25
190	3
191	43
192	15
193	14
194	37
195	71
196	21,63
197	15
198	1
199	66
200	12
201	4
202	1
203	10
204	0,19
205	71
206	32
207	2
208	1
209	16
210	8
211	9
212	37
213	62
214	85
215	11
216	44
217	14
218	9
219	18
220	12
221	42
222	35,75
223	44
224	7
225	61
226	2
227	31
228	8
229	25
230	15
231	3
232	28
233	16
234	68
235	21
236	25
237	38,47
238	14
239	13
240	11
241	30
242	16
243	1
244	15
245	26
246	30
247	58,71
248	15
249	1
250	5
251	39,79
252	3
253	53
254	2
255	13
256	4
257	22
258	1
259	75
260	64
261	7
262	58
263	35
264	73
265	9
266	41
267	74
268	23
269	13
270	6
271	25
272	4
273	17
274	33
275	6
276	42,70
277	50
278	76
279	18
280	3
281	38,62
282	1
283	39
284	48
285	2
286	27
287	31
288	12
289	10
290	8
291	4
292	8,36
293	17
294	8
295	38
296	18
297	20
298	5
299	35
300	42
301	39
302	0
303	4
304	14
305	34
306	2
307	40
308	82
309	19,73
310	10
311	61
312	0
313	2
314	8
315	0
316	4
317	26
318	26
319	7
320	2
321	19
322	63
323	0
324	18
325	12
326	75,82
327	1
328	12
329	12
330	40
331	10
332	6
333	28
334	40
335	71
336	3
337	0
338	13
339	71
340	15
341	26
342	15
343	1
344	41
345	3
346	27
347	21,37
348	1
349	63
350	2
351	2
352	6
353	0
354	0
355	4
356	74
357	20
358	14
359	12
360	20,59
361	32
362	56
363	53
364	3
365	16
366	6
367	28
368	13
369	36
370	13
371	8
372	32
373	81
374	35
375	41
376	61
377	59
378	41
379	37
380	23
381	19
382	3
383	23
384	14
385	44
386	57
387	6
388	12
389	0
390	58
391	60
392	15
393	61
394	3
395	75
396	23
397	35,39,78
398	32,37
399	37
400	19
401	39
402	30
403	58
404	7
405	33
406	75
407	54
408	48
409	21
410	63
411	32
412	35
413	0
414	4
415	1
416	55
417	21
418	53
419	61
420	7
421	10
422	14
423	34
424	20
425	43
426	55
427	71
428	37,52,79
429	30
430	29
431	9
432	30
433	28
434	72
435	51
436	1
437	9
438	21
439	8
440	22
441	24
442	12
443	15
444	42
445	6
446	1
447	14
448	3
449	9
450	22
451	6
452	10
453	17
454	1
455	14
456	83
457	3
458	42
459	3
460	73,84
461	51
462	36
463	29
464	9
465	1
466	38
467	38
468	21
469	36
470	15
471	52
472	31
473	0
474	33
475	8
476	19
477	47
478	10
479	58
480	23
481	1
482	23
483	38
484	16
485	14
486	9
487	16
488	4
489	20
490	10
491	2
492	52
493	18
494	41
495	12
496	17
497	22
498	27
499	10
500	8
501	0
502	0
503	30
504	36
505	10
506	8
507	23,69
508	42
509	24
510	22
511	1
512	17
513	50
514	16
515	13
516	13
517	29
518	46
519	25
520	26
521	5
522	20
523	13
524	43
525	14
526	57
527	2,73
528	24
529	33
530	18
531	39
532	13,79,86
533	33
534	29
535	24
536	12
537	29,42
538	56
539	77
540	7
541	15
542	3
543	13
544	1
545	14
546	32,59
547	68
548	31
549	55
550	16,46
551	0
552	30
553	3
554	4
555	13
556	86
557	42
558	19
559	24,48
560	82
561	21
562	36
563	7,63
564	8
565	34
566	13
567	10
568	11
569	12
570	6
571	27
572	40
573	33
574	9
575	47
576	17
577	12
578	54
579	20
580	74
581	67
582	12
583	5
584	2
585	2
586	2
587	4
588	17
589	1
590	16
591	17
592	21
593	5
594	11
595	68
596	13
597	8
598	10
599	0
600	27
601	20
602	7
603	47
604	3
605	13
606	7
607	7
608	48
609	5
610	35
611	23
612	1
613	34
614	7
615	20
616	26
617	26
618	1
619	14
620	10
621	75
622	9
623	36
624	24
625	68
626	16
627	32
628	5
629	2
630	23
631	10
632	22,29
633	1
634	29
635	27
636	7
637	14
638	5
639	15
640	8
641	19
642	62
643	3
644	9
645	55
646	20
647	1
648	1
649	14
650	20
651	17
652	58
653	22
654	3
655	49
656	18
657	40
658	1
659	9
660	46
661	25
662	52
663	23
664	30
665	22
666	77
667	10
668	36
669	15
670	24
671	20
672	0
673	30
674	9
675	27
676	20
677	43
678	13
679	14
680	57
681	5
682	15
683	13
684	2
685	14
686	1
687	10
688	58
689	5
690	31
691	18
692	32
693	17
694	17
695	37
696	4
697	59
698	1
699	8
700	31
701	0
702	7
703	18
704	6,69
705	22
706	49
707	52,53
708	54
709	18
710	38
711	6
712	13
713	33
714	2
715	3
716	6
717	4
718	12
719	19
720	61,66
721	0
722	29
723	42
724	73
725	9
726	15
727	42
728	0
729	74
730	22
731	10
732	0
733	1
734	9
735	35
736	23,24
737	58
738	10
739	16
740	30
741	78
742	17
743	62
744	3
745	4
746	0
747	44
748	58
749	46
750	13
751	23
752	80
753	49
754	55
755	30
756	20
757	21
758	25
759	2
760	36
761	52
762	22
763	1
764	1
765	51
766	1
767	2
768	53
769	3
770	20
771	3,38,65
772	11
773	28
774	10
775	2
776	42
777	4
778	51
779	11
780	3
781	14
782	26
783	35
784	26
785	26
786	12
787	11
788	24
789	65
790	7
791	37
792	6
793	39
794	13
795	19
796	5
797	58
798	58
799	17,45,71
800	26
801	17
802	9
803	3,54
804	60
805	29
806	25
807	5
808	0
809	40
810	23
811	30,72
812	68
813	29
814	27
815	47
816	14
817	18
818	44
819	27
820	32
821	43
822	2
823	3
824	4
825	48,69
826	63,72,81
827	16
828	1
829	3
830	36
831	19
832	13
833	27
834	27
835	35
836	23
837	16
838	18
839	37,66
840	13
841	34
842	31
843	1
844	17
845	36,51,80,84
846	14
847	30
848	35
849	7
850	40
851	15
852	2
853	3
854	7
855	22
856	65
857	6
858	9
859	56
860	39
861	49
862	13
863	50
864	4
865	15
866	24
867	60
868	31
869	60
870	6
871	18
872	2
873	19
874	8
875	22
876	6
877	40
878	7
879	18
880	68
881	7
882	51
883	2
884	33
885	33
886	1
887	38
888	38
889	26
890	8
891	61
892	17
893	11
894	14
895	86
896	11
897	9
898	34
899	60
900	2
901	38
902	56
903	10
904	27
905	52
906	21
907	2
908	45
909	33
910	29
911	3
912	65
913	1
914	2
915	23
916	1
917	13
918	29
919	36
920	5
921	86
922	9
923	3
924	73
925	44
926	26
927	23
928	2
929	22
930	38
931	5
932	3
933	10
934	6
935	7
936	21
937	12
938	21
939	40
940	28,64
941	0
942	10
943	0
944	13
945	8
946	4
947	3
948	9
949	24
950	3
951	12
952	0
953	33
954	41
955	40
956	0
957	59
958	18
959	18
960	6
961	0
962	6
963	12
964	20
965	18
966	19
967	12
968	43
969	32
970	62
971	54
972	20
973	1
974	35,78
975	7
976	40
977	31
978	7
979	27
980	23
981	1
982	15
983	12
984	23
985	2
986	20
987	46,70
988	82
989	30,42,62
990	4
991	54
992	81
993	1
994	35
995	1
996	23
997	31
998	4
999	2
1000	0
1001	0
1002	0
1003	0
1004	0
1005	2
1006	2
1007	2
1008	2
1009	2
1010	6
1011	6
1012	6
1013	6
1014	6
1015	14
1016	14
1017	14
1018	14
1019	14
1020	30
1021	30
1022	30
1023	30
1024	30
1025	62
1026	62
1027	62
1028	62
1029	62
1030	87
1031	87
1032	87
1033	87
1034	87
1035	86
1036	86
1037	86
1038	86
1039	86
1040	85
1041	85
1042	85
1043	85
1044	85
1045	84
1046	84
1047	84
1048	84
1049	84
1050	83
1051	83
1052	83
1053	83
1054	83
1055	82
1056	82
1057	82
1058	82
1059	82
1060	81
1061	81
1062	81
1063	81
1064	81
1065	80
1066	80
1067	80
1068	80
1069	80
1070	79
1071	79
1072	79
1073	79
1074	79
1075	78
1076	78
1077	78
1078	78
1079	78
1080	77
1081	77
1082	77
1083	77
1084	77
1085	76
1086	76
1087	76
1088	76
1089	76
1090	75
1091	75
1092	75
1093	75
1094	75
1095	74
1096	74
1097	74
1098	74
1099	74
1100	73
1101	73
1102	73
1103	73
1104	73
1105	72
1106	72
1107	72
1108	72
1109	72
1110	71
1111	71
1112	71
1113	71
1114	71
1115	70
1116	70
1117	70
1118	70
1119	70
1120	69
1121	69
1122	69
1123	69
1124	69
1125	68
1126	68
1127	68
1128	68
1129	68
1130	67
1131	67
1132	67
1133	67
1134	67
1135	66
1136	66
1137	66
1138	66
1139	66
1140	65
1141	65
1142	65
1143	65
1144	65
1145	64
1146	64
1147	64
1148	64
1149	64
1150	61
1151	61
1152	61
1153	61
1154	61
1155	63
1156	63
1157	63
1158	63
1159	63
1160	60
1161	60
1162	60
1163	60
1164	60
1165	59
1166	59
1167	59
1168	59
1169	59
1170	58
1171	58
1172	58
1173	58
1174	58
1175	57
1176	57
1177	57
1178	57
1179	57
1180	56
1181	56
1182	56
1183	56
1184	56
1185	55
1186	55
1187	55
1188	55
1189	55
1190	54
1191	54
1192	54
1193	54
1194	54
1195	53
1196	53
1197	53
1198	53
1199	53
1200	52
1201	52
1202	52
1203	52
1204	52
1205	51
1206	51
1207	51
1208	51
1209	51
1210	50
1211	50
1212	50
1213	50
1214	50
1215	49
1216	49
1217	49
1218	49
1219	49
