ATT0(string,8);ATT1(float,10);ATT2(string,10);
aaaaaaaa;0.434,0.117,0.865,0.0156,0.236,0.49,0.282,0.532,0.779,0.283;aaaaa;
aaaa;0.711,0.678,0.975,0.0457,0.735,0.46,0.498,0.311,0.157,0.619;aaaaaaaa;
aaaaa;0.24,0.503,0.267,0.908,0.226,0.0858,0.55,0.531,0.281,0.249;a;
aaaaaaaa;0.304,0.575,0.613,0.91,0.865,0.911,0.356,0.502,0.189,0.454;aaaaaaaaaa;
aaaaaa;0.284,0.249,0.756,0.48,0.82,0.893,0.85,0.162,0.725,0.704;aaaaaa;
aaaa;0.35,0.328,0.541,0.482,0.86,0.844,0.00708,0.605,0.326,0.189;aaaaaa;
aaaaaa;0.123,0.66,0.2,0.246,0.752,0.587,0.868,0.265,0.556,0.993;aaaaaa;
aaaaaaa;0.441,0.519,0.368,0.269,0.704,0.345,0.916,0.336,0.855,0.536;aaaaa;
aa;0.505,0.518,0.381,0.333,0.391,0.536,0.397,0.524,0.915,0.076;aaa;
aaaaaaaa;0.296,0.427,0.506,0.0375,0.578,0.909,0.471,0.222,0.968,0.779;aaaaaaaa;
aa;0.0569,0.85,0.417,0.248,0.236,0.758,0.162,0.0759,0.0605,0.667;a;
aaa;0.475,0.251,0.331,0.248,0.455,0.711,0.962,0.478,0.17,0.882;aaaaaaaaaa;
aaa;0.829,0.787,0.491,0.431,0.0612,0.395,0.285,0.759,0.363,0.501;aaa;
aaaaaaaa;0.84,0.83,0.647,0.562,0.713,0.942,0.904,0.581,0.476,0.208;aaaaaa;
aaa;0.873,0.363,0.148,0.697,0.764,0.0123,0.945,0.766,0.784,0.366;aaaaaaa;
aaa;0.757,0.525,0.156,0.385,0.249,0.923,0.285,0.721,0.145,0.145;a;
aaaa;0.159,0.91,0.583,0.693,0.782,0.425,0.941,0.553,0.177,0.583;aaaaaaa;
aaaaa;0.511,0.615,0.91,0.388,0.474,0.498,0.915,0.493,0.678,0.643;aa;
a;0.862,0.379,0.242,0.926,0.0745,0.936,0.28,0.535,0.406,0.373;a;
aaaa;0.529,0.214,0.905,0.896,0.253,0.646,0.244,0.124,0.261,0.736;aaaaaaa;
aaaa;0.145,0.272,0.87,0.881,0.792,0.636,0.67,0.103,0.322,0.468;aaaaaa;
aaaaaaaa;0.255,0.886,0.085,0.638,0.123,0.787,0.635,0.338,0.682,0.971;aaaaaaa;
a;0.459,0.641,0.429,0.879,0.145,0.564,0.766,0.968,0.371,0.737;aaaaaa;
a;0.425,0.223,0.708,0.915,0.378,0.104,0.191,0.123,0.726,0.377;aaa;
aaa;0.0682,0.616,0.236,0.581,0.682,0.496,0.118,0.3,0.229,0.116;aaa;
aa;0.51,0.0788,0.47,0.99,0.764,0.431,0.509,0.934,0.0127,0.789;aaaaaaa;
aaaa;0.671,0.617,0.267,0.966,0.849,0.432,0.786,0.788,0.383,0.615;aaaaa;
aa;0.908,0.0903,0.141,0.779,0.5,0.597,0.479,0.87,0.45,0.312;a;
aaaaaaaa;0.496,0.485,0.844,0.432,0.958,0.608,0.248,0.468,0.109,0.0532;aaaaaa;
aa;0.303,0.931,0.401,0.0994,0.0373,0.337,0.45,0.698,0.0346,0.0347;aaaaaa;
aaa;0.109,0.904,0.634,0.403,0.947,0.834,0.387,0.299,0.00376,0.366;aaaaa;
aaaa;0.404,0.142,0.174,0.489,0.947,0.462,0.283,0.866,0.692,0.548;aaa;
aaaa;0.274,0.525,0.866,0.938,0.495,0.984,0.73,0.61,0.0553,0.548;aaaaaa;
aaaaaaaa;0.708,0.905,0.0304,0.711,0.158,0.124,0.998,0.151,0.0912,0.357;aaaaaaa;
aaaaaa;0.274,0.636,0.335,0.867,0.766,0.212,0.0167,0.405,0.0415,0.34;aaaaaaaaaa;
aaaa;0.561,0.974,0.925,0.108,0.724,0.374,0.706,0.572,0.489,0.754;aaaaaaaa;
aaaa;0.271,0.409,0.482,0.67,0.877,0.168,0.242,0.96,0.068,0.644;aaaaaaaaaa;
aaaaaa;0.223,0.774,0.214,0.796,0.299,0.934,0.138,0.354,0.34,0.433;aaa;
aaaaaaa;0.605,0.877,0.197,0.945,0.96,0.319,0.0331,0.258,0.0559,0.564;aaaaaaa;
aa;0.624,0.0987,0.737,0.189,0.497,0.55,0.0104,0.719,0.112,0.415;aaaaaaaaaa;
aaaaaaaa;0.523,0.155,0.567,0.765,0.65,0.488,0.192,0.479,0.0509,0.531;aaaaaaaa;
aaaaa;0.692,0.102,0.586,0.903,0.966,0.546,0.116,0.893,0.123,0.928;aaaaaaaa;
aaaaaa;0.643,0.603,0.496,0.226,0.559,0.349,0.658,0.364,0.553,0.93;aaa;
aaa;0.691,0.585,0.568,0.161,0.115,0.572,0.671,0.0422,0.149,0.202;a;
aaa;0.587,0.23,0.857,0.766,0.846,0.571,0.167,0.455,0.207,0.729;aaaaaa;
aaaa;0.927,0.644,0.731,0.589,0.455,0.859,0.963,0.22,0.75,0.755;a;
aaaaaaaa;0.482,0.629,0.186,0.403,0.351,0.709,0.779,0.52,0.835,0.681;aaaaa;
aaaaaaa;0.0041,0.151,0.179,0.693,0.951,0.806,0.834,0.76,0.975,0.447;aaaaaaaaaa;
aaa;0.622,0.154,0.421,0.687,0.745,0.404,0.316,0.567,0.429,0.0142;aaa;
aaaaaa;0.574,0.166,0.784,0.281,0.366,0.0411,0.852,0.399,0.915,0.327;aaaaaaa;
aa;0.424,0.0332,0.929,0.0892,0.354,0.329,0.233,0.928,0.277,0.25;aaaa;
aa;0.636,0.15,0.868,0.0081,0.601,0.405,0.222,0.729,0.401,0.152;aaaaa;
aaaaaaa;0.333,0.633,0.469,0.349,0.177,0.836,0.365,0.943,0.862,0.136;a;
aaaaaaaa;0.591,0.403,0.298,0.684,0.471,0.575,0.579,0.696,0.207,0.74;aaaaaaaaa;
aaaaaaaa;0.725,0.865,0.848,0.475,0.411,0.907,0.455,0.25,0.563,0.46;aaa;
aaa;0.973,0.216,0.784,0.945,0.736,0.156,0.207,0.374,0.942,0.611;a;
aaaa;0.703,0.103,0.215,0.0876,0.629,0.211,0.425,0.721,0.967,0.695;aaaaa;
a;0.537,0.738,0.555,0.488,0.439,0.123,0.146,0.671,0.834,0.275;aa;
aaaa;0.842,0.313,0.74,0.0192,0.423,0.519,0.21,0.0988,0.991,0.845;aaaaaaaaa;
aaaaaaaa;0.142,0.0681,0.611,0.921,0.596,0.934,0.245,0.993,0.974,0.466;a;
aaa;0.853,0.417,0.823,0.0183,0.65,0.871,0.88,0.848,0.593,0.28;a;
aaaaa;0.345,0.313,0.645,0.603,0.847,0.486,0.22,0.789,0.469,0.378;aaaaa;
aaaaaaaa;0.984,0.885,0.224,0.742,0.425,0.396,0.367,0.385,0.769,0.175;aa;
aaaaaaa;0.189,0.0242,0.214,0.316,0.794,0.00606,0.855,0.0416,0.986,0.597;aaaaaaaaa;
aaaaaaa;0.212,0.741,0.9,0.373,0.3,0.0542,0.279,0.0146,0.97,0.188;aaaa;
aa;0.244,0.372,0.722,0.344,0.909,0.437,0.0782,0.842,0.739,0.512;aaaa;
aa;0.178,0.546,0.336,0.342,0.066,0.0548,0.716,0.211,0.779,0.856;aaaaa;
aaaaaaa;0.298,0.921,0.437,0.522,0.363,0.00935,0.0515,0.163,0.782,0.224;aaaaaaa;
aaaaaaa;0.35,0.389,0.924,0.734,0.68,0.74,0.378,0.729,0.747,0.658;aaa;
aaaaaa;0.127,0.707,0.839,0.803,0.858,0.956,0.192,0.884,0.143,0.331;aaaaaa;
aaaaa;0.587,0.455,0.114,0.687,0.439,0.306,0.674,0.109,0.194,0.563;aaaa;
aaaaaaaa;0.88,0.322,0.765,0.658,0.561,0.329,0.361,0.142,0.524,0.623;a;
aa;0.212,0.94,0.821,0.357,0.439,0.7,0.304,0.584,0.614,0.413;aa;
a;0.0384,0.0363,0.483,0.454,0.535,0.918,0.456,0.803,0.606,0.744;aaaaaaaa;
aaaaa;0.18,0.935,0.891,0.898,0.902,0.732,0.7,0.44,0.273,0.205;aaaaaaa;
aa;0.275,0.816,0.0324,0.416,0.122,0.249,0.381,0.732,0.723,0.668;a;
aaaaaa;0.653,0.825,0.269,0.37,0.443,0.636,0.047,0.723,0.754,0.756;a;
aaaaa;0.455,0.922,0.914,0.62,0.527,0.65,0.783,0.544,0.322,0.957;aaaaaaaa;
aaaaa;0.923,0.216,0.978,0.858,0.312,0.531,0.538,0.66,0.44,0.0508;aa;
aaaa;0.48,0.892,0.927,0.577,0.476,0.776,0.918,0.851,0.298,0.345;aaaaaaa;
a;0.283,0.331,0.434,0.506,0.294,0.0366,0.988,0.222,0.108,0.16;aaa;
aaaaa;0.00722,0.0417,0.00237,0.769,0.531,0.0367,0.692,0.809,0.276,0.11;a;
aaaaaaa;0.492,0.0657,0.537,0.286,0.222,0.99,0.942,0.424,0.113,0.0894;aaaa;
aa;0.693,0.375,0.017,0.618,0.648,0.716,0.455,0.916,0.0207,0.243;aaaaaaaa;
aaaaaaaa;0.8,0.491,0.593,0.599,0.358,0.272,0.132,0.856,0.796,0.852;aaaa;
aaaaaaa;0.261,0.938,0.917,0.326,0.749,0.0321,0.193,0.426,0.815,0.626;aaaaaaaa;
aa;0.707,0.458,0.421,0.0456,0.96,0.247,0.637,0.1,0.732,0.584;aaaaaaaaaa;
a;0.523,0.171,0.869,0.901,0.996,0.496,0.655,0.334,0.473,0.267;aaa;
aaaa;0.232,0.86,0.996,0.885,0.565,0.747,0.302,0.347,0.924,0.173;aaaa;
aa;0.742,0.365,0.448,0.311,0.407,0.196,0.797,0.372,0.0244,0.541;aaaaaaa;
aa;0.214,0.803,0.481,0.104,0.0748,0.642,0.787,0.0475,0.987,0.247;aaaaaaaaaa;
aa;0.428,0.00049,0.93,0.632,0.665,0.462,0.588,0.141,0.32,0.108;aaaaaaaaaa;
aaaaaa;0.87,0.557,0.405,0.976,0.882,0.0459,0.869,0.83,0.735,0.455;aaaa;
aa;0.000781,0.163,0.291,0.949,0.0738,0.066,0.0502,0.0336,0.417,0.825;aaaaaaaa;
aaaaaaaa;0.118,0.767,0.369,0.934,0.0809,0.927,0.396,0.315,0.667,0.709;aaaa;
aaaa;0.443,0.479,0.341,0.942,0.159,0.719,0.699,0.418,0.123,0.315;aaaaaaaa;
aaaa;0.207,0.915,0.707,0.805,0.674,0.0536,0.192,0.476,0.0738,0.843;aaaaaaaaaa;
aaaaaaaa;0.638,0.755,0.941,0.624,0.543,0.904,0.315,0.984,0.0349,0.0293;aaaa;
aaaaaaa;0.963,0.0987,0.132,0.954,0.899,0.112,0.513,0.661,0.361,0.158;aa;
aa;0.113,0.447,0.597,0.662,0.238,0.0384,0.484,0.809,0.973,0.411;aaaaaaaaaa;
aa;0.828,0.968,0.476,0.691,0.706,0.0489,0.35,0.819,0.539,0.866;aaaaaaaaaa;
aaaaaaaa;0.274,0.821,0.0669,0.292,0.145,0.431,0.637,0.328,0.339,0.361;aaaaaaaa;
aa;0.743,0.741,0.26,0.228,0.28,0.333,0.126,0.331,0.673,0.897;aaaa;
aaaaaaa;0.555,0.968,0.59,0.557,0.692,0.269,0.462,0.989,0.231,0.368;aaaa;
aaa;0.421,0.355,0.767,0.146,0.702,0.884,0.764,0.92,0.738,0.487;aaaaaaaaaa;
aaa;0.681,0.0663,0.454,0.596,0.076,0.934,0.155,0.193,0.351,0.677;a;
aa;0.957,0.367,0.23,0.00263,0.0218,0.454,0.129,0.00838,0.518,0.257;aaaaaaaaa;
aaaaaa;0.16,0.87,0.244,0.149,0.807,0.547,0.841,0.17,0.0484,0.467;aa;
aa;0.799,0.205,0.688,0.313,0.0552,0.553,0.306,0.769,0.879,0.219;aaaaa;
aaa;0.466,0.905,0.283,0.708,0.857,0.0377,0.321,0.442,0.21,0.27;aaaaaaa;
aaaaaaaa;0.25,0.187,0.9,0.235,0.29,0.374,0.5,0.801,0.487,0.222;aaaaaaa;
aaaaaaa;0.951,0.482,0.554,0.319,0.552,0.343,0.292,0.695,0.571,0.222;aaaaaaaa;
a;0.49,0.315,0.796,0.274,0.423,0.526,0.244,0.0503,0.9,0.484;aa;
aaaaaaa;0.882,0.0215,0.483,0.866,0.64,0.727,0.517,0.711,0.00583,0.982;aaa;
aaaaa;0.23,0.298,0.0742,0.885,0.832,0.963,0.326,0.649,0.0255,0.607;aaa;
aaaaaaa;0.973,0.902,0.974,0.843,0.915,0.00601,0.333,0.218,0.505,0.509;a;
a;0.795,0.429,0.411,0.976,0.612,0.815,0.852,0.586,0.287,0.81;aaaaaaaaa;
aaaa;0.046,0.666,0.463,0.976,0.0738,0.996,0.0347,0.117,0.115,0.643;aaa;
aaaaaa;0.75,0.874,0.831,0.235,0.0166,0.189,0.89,0.965,0.202,0.714;aaaaaaaaa;
a;0.174,0.228,0.631,0.968,0.595,0.448,0.757,0.457,0.423,0.104;aaaaaa;
aaaaaaaa;0.0506,0.224,0.48,0.736,0.497,0.399,0.116,0.707,0.908,0.402;aa;
aaaaaa;0.0103,0.673,0.121,0.494,0.655,0.654,0.212,0.827,0.387,0.665;aaaaaa;
aaaa;0.519,0.668,0.556,0.351,0.843,0.395,0.301,0.914,0.648,0.387;aaaaaaa;
a;0.661,0.372,0.455,0.117,0.88,0.472,0.414,0.368,0.125,0.266;aaaaaaa;
aa;0.889,0.886,0.755,0.715,0.0787,0.944,0.939,0.378,0.23,0.213;aaaaa;
aaaa;0.822,0.324,0.397,0.609,0.0367,0.142,0.806,0.0866,0.78,0.268;aa;
aaaaaaaa;0.283,0.944,0.0748,0.962,0.475,0.0908,0.863,0.137,0.0192,0.916;aaaa;
aaaaaa;0.0723,0.184,0.41,0.577,0.759,0.753,0.603,0.69,0.989,0.757;a;
aaaaaaa;0.912,0.351,0.36,0.986,0.215,0.971,0.911,0.706,0.496,0.923;aaaaaaaaaa;
aa;0.0906,0.521,0.594,0.108,0.391,0.482,0.966,0.199,0.886,0.715;a;
aaaa;0.346,0.779,0.957,0.979,0.212,0.235,0.798,0.0537,0.578,0.798;aaaa;
aaaa;0.163,0.891,0.334,0.438,0.6,0.487,0.742,0.222,0.211,0.326;aaaaaaaaa;
a;0.792,0.327,0.574,0.514,0.321,0.544,0.396,0.496,0.309,0.575;aaaaaaaaaa;
aaaaaaa;0.793,0.91,0.733,0.716,0.7,0.599,0.247,0.959,0.873,0.828;aaaaaaaa;
aaa;0.742,0.731,0.459,0.654,0.352,0.412,0.196,0.353,0.0882,0.721;aaaa;
aaaaaa;0.167,0.752,0.0419,0.976,0.553,0.765,0.902,0.175,0.776,0.379;aaaaaa;
aaa;0.248,0.419,0.71,0.721,0.45,0.994,0.748,0.268,0.45,0.356;aaaaaaaa;
aaaaaaa;0.0506,0.445,0.916,0.832,0.759,0.997,0.778,0.68,0.396,0.214;aaaaaa;
aaa;0.692,0.487,0.636,0.131,0.523,0.504,0.191,0.832,0.578,0.0241;aaaa;
aaaaa;0.0338,0.861,0.206,0.519,0.855,0.152,0.797,0.693,0.998,0.0334;aaaa;
a;0.685,0.664,0.951,0.0955,0.411,0.707,0.365,0.228,0.333,0.391;aaaaaaaaa;
aaaaaaaa;0.834,0.357,0.0571,0.463,0.497,0.47,0.21,0.231,0.22,0.105;aaaa;
aaaaaaa;0.201,0.513,0.807,0.261,0.959,0.162,0.849,0.623,0.0282,0.928;aaaaaaaaa;
aaaaaaa;0.102,0.0661,0.201,0.292,0.863,0.71,0.544,0.926,0.358,0.981;aaaaaaaa;
aaaa;0.837,0.585,0.0566,0.0367,0.999,0.88,0.309,0.192,0.731,0.748;aaaaaaaa;
aaaa;0.478,0.324,0.754,0.619,0.0731,0.945,0.666,0.0586,0.356,0.695;aaa;
aa;0.856,0.453,0.212,0.942,0.135,0.294,0.076,0.203,0.264,0.63;aaaa;
aaaaaaaa;0.126,0.0295,0.387,0.561,0.0108,0.259,0.735,0.752,0.896,0.0647;aaaaaaaaaa;
aaaaaaaa;0.258,0.29,0.185,0.0804,0.911,0.00497,0.597,0.7,0.0674,0.956;aaaaaaaa;
aaa;0.0934,0.905,0.103,0.231,0.0932,0.564,0.0907,0.306,0.925,0.454;aaaaaaaa;
aaa;0.684,0.428,0.863,0.13,0.592,0.819,0.0412,0.318,0.179,0.779;aaaaa;
a;0.146,0.721,0.155,0.26,0.89,0.83,0.766,0.503,0.801,0.945;aaa;
aa;0.4,0.302,0.408,0.261,0.235,0.643,0.271,0.133,0.804,0.333;aaaaaaaaaa;
aaaaaa;0.812,0.762,0.826,0.0471,0.775,0.654,0.0777,0.331,0.697,0.186;aaaaaaaaa;
aa;0.569,0.714,0.418,0.397,0.218,0.431,0.582,0.276,0.482,0.308;aaaaaaaaa;
aaaa;0.0181,0.874,0.284,0.487,0.685,0.463,0.402,0.811,0.918,0.899;aaa;
aa;0.0489,0.996,0.143,0.935,0.48,0.415,0.577,0.29,0.581,0.636;aaaa;
aaaaaa;0.323,0.0372,0.731,0.692,0.0218,0.0817,0.192,0.343,0.207,0.509;aaaaaaa;
a;0.25,0.717,0.231,0.59,0.763,0.509,0.545,0.134,0.0707,0.178;aaaaaaaa;
aaaaaaa;0.383,0.172,0.0139,0.664,0.648,0.831,0.0414,0.743,0.801,0.0725;aaaa;
aaaaaaaa;0.366,0.266,0.437,0.754,0.0827,0.935,0.427,0.711,0.739,0.0269;a;
aaaaaaaa;0.886,0.53,0.586,0.626,0.253,0.594,0.91,0.643,0.247,0.0337;a;
aa;0.438,0.51,0.223,0.836,0.398,0.349,0.365,0.985,0.769,0.912;aaaaaaaaa;
aa;0.656,0.909,0.634,0.24,0.826,0.0833,0.297,0.401,0.206,0.978;aaa;
a;0.161,0.496,0.357,0.581,0.367,0.078,0.17,0.332,0.587,0.106;aaa;
aaaaa;0.458,0.665,0.347,0.435,0.486,0.68,0.477,0.882,0.216,0.369;aaa;
aaaaaaa;0.162,0.299,0.988,0.986,0.325,0.419,0.82,0.219,0.696,0.729;aaaaaa;
aaaaaaa;0.826,0.81,0.937,0.728,0.918,0.352,0.194,0.194,0.0795,0.376;aa;
aaaaaaa;0.278,0.535,0.952,0.0281,0.685,0.791,0.889,0.126,0.998,0.6;aa;
aaaaaaa;0.362,0.249,0.287,0.307,0.147,0.755,0.672,0.7,0.381,0.333;aaaaa;
aaaaaaaa;0.959,0.022,0.0422,0.0156,0.765,0.627,0.326,0.455,0.59,0.695;aaaa;
aaaa;0.779,0.0204,0.217,0.0149,0.845,0.37,0.514,0.237,0.05,0.267;aaaa;
aaaaaaa;0.212,0.376,0.415,0.458,0.0228,0.117,0.00751,0.355,0.517,0.851;aaaaa;
aa;0.899,0.985,0.634,0.58,0.778,0.0491,0.777,0.107,0.0715,0.946;aaaaaaaa;
aaaaaaaa;0.871,0.565,0.919,0.653,0.539,0.699,0.815,0.965,0.0882,0.902;aaaaa;
a;0.135,0.223,0.568,0.0851,0.987,0.111,0.0382,0.341,0.106,0.785;aa;
aaaa;0.942,0.14,0.0844,0.321,0.824,0.332,0.939,0.118,0.282,0.771;aaaaaa;
aaaaa;0.629,0.0209,0.0617,0.758,0.0961,0.318,0.461,0.787,0.994,0.862;aaaaaaaaa;
aaaaaa;0.507,0.981,0.79,0.742,0.191,0.332,0.376,0.437,0.775,0.0651;aaaaa;
aaa;0.0493,0.0838,0.316,0.698,0.378,0.172,0.798,0.638,0.653,0.653;aaaaa;
aa;0.555,0.615,0.642,0.638,0.337,0.027,0.183,0.31,0.742,0.363;aaaaaaa;
aaa;0.284,0.612,0.121,0.262,0.74,0.733,0.152,0.467,0.212,0.483;aaa;
aa;0.899,0.799,0.655,0.927,0.985,0.306,0.553,0.103,0.409,0.516;aaaaaaa;
a;0.985,0.242,0.964,0.33,0.497,0.509,0.606,0.0051,0.916,0.81;aaaaaaaa;
aaaa;0.88,0.198,0.174,0.984,0.0187,0.53,0.454,0.628,0.63,0.235;aa;
aaaa;0.59,0.0649,0.678,0.791,0.111,0.925,0.0345,0.686,0.3,0.438;aaaaaaa;
a;0.741,0.0188,0.673,0.908,0.572,0.25,0.861,0.448,0.613,0.238;aaaaaaaa;
aaaa;0.0465,0.128,0.144,0.0872,0.454,0.751,0.0991,0.639,0.861,0.803;aaaaaaaa;
aaaaaa;0.196,0.373,0.0235,0.0725,0.763,0.504,0.489,0.661,0.736,0.0737;aaaaaaa;
aaaaa;0.338,0.656,0.826,0.248,0.173,0.552,0.00863,0.242,0.433,0.993;aaaa;
aaaaaaa;0.941,0.789,0.821,0.28,0.224,0.0257,0.621,0.911,0.315,0.335;aaaa;
aa;0.801,0.316,0.507,0.261,0.0286,0.27,0.269,0.0412,0.474,0.132;aaaaaaaaa;
aaaa;0.286,0.0102,0.95,0.483,0.0842,0.788,0.114,0.922,0.044,0.582;aaa;
aaaaa;0.261,0.755,0.232,0.921,0.407,0.147,0.987,0.941,0.595,0.668;aaaaaa;
aaaaaaa;0.135,0.652,0.0215,0.558,0.665,0.657,0.709,0.43,0.844,0.483;aaaaaaaaaa;
aaaaaa;0.0908,0.494,0.0537,0.407,0.384,0.719,0.869,0.66,0.877,0.0107;aaaa;
aaaaaaa;0.297,0.239,0.273,0.98,0.951,0.879,0.957,0.264,0.11,0.0671;aaa;
aaaaa;0.111,0.415,0.684,0.512,0.708,0.367,0.129,0.931,0.0282,0.453;aaaaaaaaaa;
aaa;0.292,0.147,0.0356,0.571,0.818,0.617,0.195,0.554,0.707,0.667;aaaaaaaa;
aa;0.6,0.39,0.178,0.908,0.135,0.408,0.451,0.588,0.882,0.586;aaaaaaaa;
aa;0.552,0.285,0.528,0.747,0.783,0.364,0.633,0.389,0.0556,0.514;aaaaaaaaa;
aa;0.46,0.124,0.386,0.471,0.849,0.08,0.238,0.118,0.232,0.645;aaaaaaaa;
a;0.0188,0.367,0.35,0.952,0.777,0.694,0.687,0.444,0.512,0.852;aaaaaaaa;
aaaaaaa;0.474,0.971,0.273,0.229,0.452,0.434,0.456,0.685,0.938,0.526;a;
aaaaa;0.906,0.563,0.538,0.724,0.619,0.187,0.652,0.923,0.692,0.948;aaaaaaaaa;
aaa;0.139,0.731,0.121,0.956,0.076,0.482,0.549,0.358,0.306,0.56;aaaaaaaa;
aaaaaaaa;0.0277,0.327,0.701,0.617,0.148,0.674,0.206,0.788,0.762,0.556;aaaaaaaaa;
aaaaaaaa;0.275,0.0751,0.273,0.394,0.917,0.383,0.932,0.573,0.294,0.369;a;
aaaa;0.428,0.377,0.604,0.739,0.95,0.546,0.538,0.497,0.497,0.666;aaaaaa;
aaa;0.641,0.92,0.698,0.0223,0.415,0.361,0.544,0.192,0.576,0.882;aaaaaaaaa;
a;0.358,0.0516,0.129,0.0366,0.465,0.549,0.86,0.81,0.97,0.456;aaaaaaa;
aaaaaaa;0.583,0.433,0.39,0.94,0.504,0.111,0.59,0.565,0.49,0.477;aaaaaaaa;
a;0.856,0.889,0.935,0.784,0.259,0.505,0.439,0.811,0.0604,0.538;aaaaaaa;
aa;0.186,0.266,0.0515,0.417,0.957,0.191,0.601,0.248,0.952,0.85;aaaaaaaaaa;
aaaa;0.534,0.15,0.839,0.919,0.647,0.0538,0.831,0.195,0.437,0.216;aaa;
aa;0.0242,0.997,0.584,0.27,0.754,0.191,0.847,0.931,0.814,0.387;aaaaaaaaa;
aa;0.271,0.438,0.815,0.619,0.523,0.46,0.256,0.662,0.617,0.214;a;
aaaaa;0.69,0.494,0.401,0.408,0.414,0.203,0.334,0.444,0.544,0.5;a;
aaaaaaa;0.982,0.307,0.464,0.969,0.523,0.689,0.796,0.373,0.573,0.231;aaa;
aaaaaaa;0.36,0.544,0.0348,0.484,0.174,0.858,0.0978,0.368,0.0366,0.921;aaaaaaaaaa;
a;0.135,0.335,0.831,0.347,0.36,1,0.398,0.793,0.465,0.691;aaaaaaaaaa;
aa;0.495,0.851,0.998,0.116,0.914,0.864,0.114,0.363,0.514,0.164;aa;
aaaa;0.611,0.979,0.838,0.208,0.014,0.225,0.48,0.0524,0.0842,0.95;aa;
aaaaaa;0.235,0.669,0.302,0.451,0.042,0.865,0.544,0.611,0.438,0.417;a;
aaaaaa;0.215,0.141,0.00382,0.296,0.56,0.0432,0.253,0.181,0.95,0.638;aaaa;
aaaaaaa;0.569,0.987,0.82,0.239,0.738,0.411,0.83,0.674,0.346,0.8;a;
aaaaaa;0.638,0.809,0.138,0.242,0.366,0.0342,0.54,0.13,0.527,0.271;aaaaaa;
aaaaaaaa;0.302,0.857,0.963,0.976,0.091,0.0646,0.4,0.618,0.602,0.896;aaaa;
aaaaa;0.102,0.034,0.826,0.606,0.508,0.898,0.288,0.796,0.0944,0.796;aa;
aaaa;0.0198,0.423,0.139,0.286,0.421,0.145,0.445,0.954,0.544,0.273;a;
aaaaaa;0.781,0.829,0.829,0.361,0.000875,0.146,0.139,0.93,0.65,0.765;aaaaaaaaaa;
aaa;0.531,0.721,0.29,0.972,0.168,0.949,0.99,0.54,0.102,0.459;aaaa;
aaaaaaaa;0.441,0.124,0.0188,0.746,0.643,0.152,0.29,0.363,0.00419,0.72;aaaaaaa;
aaaaaaa;0.42,0.83,0.446,0.516,0.264,0.522,0.678,0.762,0.512,0.645;aaaaaaa;
aaaaaa;0.855,0.179,0.272,0.814,0.53,0.124,0.0232,0.802,0.436,0.524;aaa;
aaaa;0.522,0.997,0.0433,0.00704,0.277,0.694,0.926,0.841,0.678,0.667;aaaa;
aaaa;0.0768,0.436,0.366,0.783,0.567,0.677,0.976,0.232,0.488,0.0233;a;
aa;0.814,0.00575,0.221,0.395,0.435,0.761,0.692,0.607,0.14,0.736;aaaa;
aaaa;0.607,0.706,0.461,0.845,0.234,0.195,0.564,0.156,0.792,0.449;aaaaaaaaa;
aaaaaaa;0.721,0.837,0.48,0.256,0.0952,0.161,0.72,0.296,0.919,0.0982;aaaaaaaaaa;
aa;0.512,0.766,0.483,0.0156,0.0821,0.931,0.703,0.867,0.939,0.779;aaaa;
aa;0.817,0.769,0.169,0.156,0.258,0.36,0.474,0.101,0.34,0.662;aaaaaa;
aa;0.514,0.0126,0.356,0.0257,0.648,0.9,0.175,0.0896,0.268,0.839;a;
aaaaaaaa;0.339,0.278,0.934,0.2,0.992,0.18,0.137,0.821,0.919,0.94;aa;
aaaa;0.192,0.845,0.556,0.124,0.239,0.581,0.48,0.283,0.549,0.882;aaaaaaaa;
aaaaaaa;0.548,0.825,0.377,0.0775,0.559,0.0373,0.704,0.545,0.657,0.416;aaaaaaaaa;
aaaa;0.492,0.372,0.247,0.587,0.455,0.705,0.712,0.25,0.918,0.988;aaaaaaaaa;
aa;0.783,0.574,0.987,0.459,0.326,0.0204,0.00366,0.54,0.335,0.169;aaaaaaa;
a;0.396,0.987,0.144,0.205,0.604,0.436,0.583,0.521,0.254,0.766;aaaaaaa;
aaaaaaa;0.598,0.808,0.512,0.311,0.695,0.441,0.842,0.833,0.167,0.407;aaa;
aaaaaa;0.893,0.878,0.164,0.23,0.0269,0.253,0.979,0.854,0.951,0.669;aaaaaa;
aa;0.107,0.897,0.827,0.37,0.887,0.957,0.00322,0.211,0.124,0.00494;aaaaaaaa;
aaaaaaaa;0.873,0.661,0.132,0.00829,0.568,0.722,0.419,0.811,0.0566,0.833;aaaaaaa;
aa;0.346,0.214,0.911,0.106,0.831,0.626,0.416,0.745,0.538,0.611;aaaaaaaaaa;
aaa;0.092,0.331,0.0303,0.873,0.727,0.883,0.799,0.337,0.0624,0.779;aaaaaa;
aaaaa;0.552,0.864,0.55,0.594,0.498,0.65,0.753,0.574,0.838,0.114;aaaaaaaaa;
aaaaa;0.309,0.884,0.663,0.181,0.866,0.496,0.998,0.572,0.312,0.933;aaaa;
aaaaaaa;0.857,0.987,0.905,0.269,0.931,0.761,0.862,0.825,0.32,0.117;a;
aaaaa;0.946,0.0777,0.185,0.732,0.58,0.397,0.537,0.661,0.537,0.411;aaaaaa;
aaaaaa;0.784,0.53,0.093,0.0125,0.218,0.279,0.0683,0.399,0.476,0.269;aaaaaaaa;
aaa;0.992,0.236,0.948,0.535,0.818,0.612,0.825,0.577,0.421,0.356;a;
aaaaaaa;0.897,0.518,0.159,0.35,0.099,0.327,0.648,0.139,0.732,0.736;a;
aaaaaaa;0.224,0.617,0.455,0.592,0.395,0.358,0.998,0.553,0.208,0.792;aaaaa;
aaa;0.0878,0.552,0.829,0.867,0.684,0.762,0.624,0.779,0.227,0.699;aaaaaaaaa;
aa;0.455,0.744,0.385,0.41,0.452,0.898,0.33,0.159,0.991,0.716;aaaaaa;
aaaaa;0.359,0.208,0.303,0.914,0.592,0.471,0.336,0.0976,0.764,0.389;aaa;
aaaaaaaa;0.662,0.804,0.944,0.566,0.0322,0.117,0.47,0.567,0.808,0.186;aaa;
aaaaaa;0.771,0.445,0.929,0.613,0.333,0.0421,0.568,0.00936,0.133,0.151;aaaaa;
aaa;0.114,0.189,0.0721,0.636,0.685,0.717,0.253,0.929,0.097,0.0209;aaaaaaaa;
aaaa;0.505,0.252,0.658,0.088,0.819,0.315,0.115,0.772,0.84,0.376;aaaaaaaaaa;
aaaaaaa;0.69,0.53,0.925,0.762,0.056,0.0142,0.541,0.636,0.965,0.035;aaaaa;
aaaaaaaa;0.703,0.0283,0.221,0.515,0.477,0.11,0.504,0.0838,0.669,0.522;a;
aaaaaaaa;0.563,0.698,0.366,0.32,0.495,0.161,0.285,0.192,0.119,0.756;aaaaaaaaaa;
a;0.00266,0.31,0.00203,0.745,0.321,0.919,0.255,0.614,0.421,0.0396;aa;
aaaaa;0.609,0.617,0.635,0.937,0.974,0.774,0.589,0.169,0.935,0.36;aaaaa;
aaa;0.618,0.845,0.0396,0.908,0.724,0.702,0.983,0.164,0.861,0.79;aaaa;
aaaaa;0.131,0.745,0.849,0.894,0.626,0.685,0.459,0.861,0.906,0.161;aaaaaaaaa;
a;0.431,0.084,0.345,0.452,0.157,0.788,0.416,0.0924,0.157,0.38;aaaaaaaa;
aaaaa;0.147,0.749,0.261,0.463,0.0489,0.922,0.109,0.902,0.407,0.383;aaaaaaaaaa;
aaaa;0.487,0.495,0.835,0.818,0.325,0.399,0.803,0.6,0.137,0.986;aaaaaa;
aaaa;0.55,0.509,0.578,0.088,0.66,0.0709,0.835,0.374,0.411,0.411;aaaaaaa;
aaa;0.451,0.752,0.469,0.613,0.904,0.435,0.475,0.493,0.0439,0.691;aaaaaaaaa;
aa;0.26,0.667,0.0443,0.819,0.767,0.287,0.403,0.916,0.506,0.759;aaa;
aaa;0.256,0.0517,0.869,0.463,0.479,0.723,0.938,0.346,0.938,0.395;aaaaa;
aa;0.255,0.813,0.0662,0.123,0.289,0.794,0.286,0.418,0.754,0.399;aaa;
aa;0.854,0.419,0.274,0.104,0.0617,0.925,0.851,0.0271,0.863,0.891;aaaaaaaaaa;
aaaaaa;0.968,0.607,0.782,0.207,0.64,0.818,0.537,0.0313,0.541,0.375;aaaaaa;
aaaaaaa;0.93,0.0117,0.524,0.244,0.262,0.0496,0.343,0.345,0.588,0.713;a;
aaa;0.00595,0.329,0.303,0.37,0.895,0.624,0.79,0.15,0.234,0.256;aaaaaaaa;
aa;0.00942,0.509,0.516,0.995,0.417,0.489,0.447,0.094,0.881,0.309;a;
aaa;0.155,0.241,0.751,0.165,0.714,0.6,0.805,0.254,0.839,0.014;aaaaa;
aaaaaaa;0.855,0.432,0.0298,0.738,0.837,0.715,0.173,0.471,0.99,0.0715;aa;
aaaaaaa;0.262,0.337,0.991,0.848,0.745,0.0556,0.654,0.435,0.641,0.64;aaaaaaaa;
aaaaa;0.779,0.864,0.342,0.975,0.751,0.935,0.0419,0.487,0.569,0.247;aaaaaaa;
aaa;0.276,0.664,0.102,0.376,0.233,0.947,0.384,0.819,0.208,0.0942;aaa;
aaaaaa;0.117,0.374,0.625,0.339,0.508,0.0088,0.714,0.806,0.233,0.853;aaa;
aa;0.362,0.571,0.266,0.198,0.939,0.893,0.32,0.627,0.138,0.435;a;
aaaaaaaa;0.82,0.958,0.377,0.0568,0.755,0.965,0.958,0.747,0.586,0.359;aaa;
aaaaaaa;0.0119,0.53,0.437,0.275,0.615,0.582,0.751,0.0728,0.185,0.57;aaa;
aaaaaa;0.0971,0.748,0.174,0.303,0.675,0.245,0.924,0.942,0.753,0.603;aaaaaaa;
aaaaa;0.688,0.189,0.0369,0.863,0.535,0.699,0.591,0.321,0.163,0.651;aaaa;
aaaaa;0.497,0.423,0.0476,0.418,0.234,0.727,0.485,0.871,0.575,0.402;aaaaaaaa;
aaaaaaa;0.686,0.485,0.665,0.849,0.689,0.902,0.998,0.45,0.456,0.719;aa;
a;0.38,0.138,0.42,0.075,0.883,0.982,0.22,0.894,0.318,0.212;aaaaaaaa;
aaaaaaa;0.976,0.163,0.31,0.43,0.192,0.657,0.377,0.412,0.224,0.584;aa;
a;0.341,0.864,0.994,0.4,0.0593,0.118,0.994,0.74,0.622,0.576;aaaaaaaa;
aaaaaa;0.363,0.371,0.773,0.434,0.925,0.854,0.375,0.896,0.976,0.832;aaa;
a;0.576,0.803,0.742,0.499,0.731,0.00798,0.182,0.0534,0.43,0.946;aaaaaa;
aaaaaa;0.299,0.594,0.041,0.457,0.812,0.984,0.26,0.00634,0.393,0.98;aaa;
aaa;0.0769,0.478,0.531,0.394,0.604,0.611,0.421,0.416,0.0694,0.819;aaaaaaaa;
aaaa;0.598,0.962,0.384,0.001,0.83,0.765,0.174,0.757,0.126,0.649;aaa;
aaaaaaa;0.283,0.547,0.546,0.889,0.597,0.642,0.262,0.881,0.308,0.0154;aa;
aaaa;0.0407,0.787,0.0484,0.576,0.442,0.888,0.00347,0.291,0.718,0.788;aaaaaaa;
aaa;0.414,0.00713,0.266,0.81,0.254,0.436,0.0907,0.955,0.889,0.506;aaa;
aaaa;0.971,0.646,0.724,0.366,0.956,0.241,0.883,0.224,0.828,0.31;aa;
a;0.175,0.0531,0.971,0.47,0.372,0.988,0.219,0.37,0.143,0.199;aa;
aaa;0.276,0.278,0.419,0.0921,0.205,0.543,0.46,0.279,0.632,0.352;aaaaaaaa;
aaaaaaaa;0.55,0.235,0.861,0.921,0.438,0.658,0.665,0.774,0.46,0.253;aaaa;
aaaa;0.254,0.18,0.279,0.569,0.519,0.516,0.0476,0.825,0.167,0.699;aaaaaaaaa;
aaaaaaaa;0.913,0.758,0.223,0.118,0.969,0.448,0.247,0.99,0.122,0.841;aaaaaa;
aaaaa;0.164,0.396,0.58,0.38,0.67,0.806,0.827,0.0439,0.346,0.131;aaaaa;
a;0.844,0.582,0.942,0.971,0.95,0.41,0.677,0.407,0.464,0.301;aaaaaaa;
aaaaaaaa;0.00702,0.799,0.207,0.517,0.732,0.231,0.878,0.0296,0.6,0.137;aaaaaaaaaa;
aaaa;0.696,0.549,0.672,0.893,0.0918,0.907,0.675,0.434,0.96,0.362;aaaaaaaa;
aaaaaaa;0.256,0.611,0.56,0.686,0.32,0.506,0.214,0.89,0.52,0.313;aaaa;
aaaaaaa;0.969,0.29,0.306,0.3,0.06,0.854,0.527,0.909,0.86,0.45;aaa;
aaaaa;0.0955,0.6,0.285,0.194,0.911,0.145,0.416,0.912,0.032,0.835;aaaaaaaa;
a;0.464,0.926,0.409,0.718,0.225,0.537,0.617,0.955,0.647,0.115;aaaaaaa;
aaaaaaa;0.464,0.239,0.866,0.669,0.143,0.621,0.274,0.282,0.53,0.206;aaaaaaaaaa;
aaaaaaa;0.0229,0.924,0.11,0.653,0.745,0.679,0.801,0.913,0.451,0.905;aaaaaaaaaa;
aaa;0.0804,0.915,0.825,0.421,0.622,0.792,0.8,0.251,0.313,0.221;aaaaaaaa;
aaaaaaa;0.651,0.0624,0.334,0.465,0.397,0.543,0.741,0.758,0.969,0.554;a;
aa;0.445,0.763,0.0249,0.305,0.289,0.604,0.818,0.525,0.0793,0.167;aaaaaa;
aaaaa;0.824,0.259,0.736,0.723,0.147,0.238,0.338,0.589,0.482,0.948;aaaaaaaa;
aaaa;0.339,0.734,0.731,0.347,0.266,0.0315,0.339,0.121,0.465,0.698;aaaaaaaa;
aaa;0.497,0.883,0.569,0.272,0.545,0.77,0.948,0.578,0.915,0.0466;aaaa;
aaaa;0.333,0.492,0.504,0.222,0.75,0.486,0.546,0.925,0.112,0.727;aaaaaaaaa;
a;0.0341,0.185,0.456,0.215,0.699,0.879,0.47,0.882,0.982,0.874;aaa;
aaa;0.0281,0.534,0.43,0.697,0.553,0.0363,0.566,0.109,0.164,0.112;aa;
aaaa;0.426,0.877,0.253,0.0863,0.381,0.2,0.315,0.752,0.523,0.26;aaaaa;
aaaa;0.0641,0.271,0.494,0.752,0.439,0.738,0.108,0.453,0.893,0.21;aaaaaaaa;
aa;0.44,0.00264,0.13,0.762,0.161,0.986,0.395,0.208,0.957,0.997;aaaaaaa;
aaaa;0.132,0.322,0.293,0.405,0.308,0.0307,0.303,0.278,0.296,0.966;aaaaaaaaa;
a;0.0857,0.645,0.623,0.982,0.483,0.965,0.309,0.233,0.646,0.867;aaa;
a;0.491,0.238,0.0888,0.267,0.936,0.908,0.216,0.312,0.449,0.12;aaaaaaaaa;
aaaaa;0.311,0.171,0.818,0.0661,0.334,0.973,0.457,0.114,0.373,0.943;aaa;
aaaaaaaa;0.548,0.188,0.748,0.873,0.0296,0.918,0.486,0.66,0.373,0.851;aaaaaaaa;
aaaaaaaa;0.631,0.143,0.804,0.29,0.391,0.0401,0.353,0.359,0.0113,0.292;aaaaaaaa;
aaaaaaaa;0.985,0.227,0.511,0.68,0.912,0.819,0.985,0.496,0.107,0.949;aaaaa;
aaaa;0.833,0.491,0.322,0.476,0.68,0.609,0.118,0.872,0.633,0.404;aaaaaaaa;
aaaaaaaa;0.453,0.523,0.991,0.794,0.145,0.638,0.696,0.783,0.458,0.846;aaa;
a;0.62,0.446,0.157,0.542,0.626,0.257,0.513,0.735,0.342,0.31;aa;
aa;0.437,0.821,0.467,0.658,0.345,0.904,0.661,0.648,0.861,0.511;aaa;
aa;0.875,0.501,0.04,0.119,0.397,0.101,0.65,0.447,0.76,0.846;aaaaaaa;
aaa;0.125,0.821,0.0702,0.957,0.205,0.347,0.59,0.413,0.899,0.35;aaaaaaaaaa;
a;0.669,0.485,0.618,0.29,0.823,0.311,0.0495,0.631,0.734,0.681;aaaaaaa;
aaaaa;0.748,0.577,0.0707,0.96,0.621,0.203,0.0272,0.524,0.0336,0.58;aaaaa;
aaaaaa;0.363,0.923,0.898,0.627,0.219,0.413,0.283,0.000725,0.926,0.229;aaa;
aaa;0.641,0.23,0.321,0.503,0.413,0.674,0.117,0.819,0.957,0.263;aaaa;
aa;0.74,0.719,0.851,0.341,0.146,0.912,0.653,0.0464,0.551,0.865;aaa;
aa;0.825,0.64,0.975,0.745,0.693,0.751,0.0549,0.125,0.299,0.286;aaaaaaaaaa;
a;0.995,0.851,0.872,0.0301,0.237,0.497,0.468,0.113,0.133,0.387;aaaaaa;
aaaaaaaa;0.0318,0.59,0.883,0.208,0.788,0.879,0.801,0.633,0.112,0.216;aaaaaaaa;
aaaaaa;0.337,0.535,0.463,0.513,0.299,0.675,0.51,0.871,0.282,0.515;aaaaaa;
aaaaaa;0.527,0.344,0.671,0.91,0.401,0.492,0.664,0.373,0.741,0.765;aaa;
aaaaaaaa;0.469,0.411,0.237,0.216,0.468,0.371,0.464,0.827,0.748,0.941;aaaaaaaaa;
aaaaa;0.268,0.561,0.0731,0.737,0.332,0.135,0.596,0.579,0.72,0.455;aaaa;
aaaaa;0.0362,0.366,0.753,0.979,0.875,0.584,0.265,0.59,0.173,0.696;aaaaaa;
aaaaaaaa;0.182,0.493,0.143,0.555,0.927,0.504,0.31,0.397,0.232,0.184;aaaaaa;
aaaaaa;0.19,0.225,0.966,0.241,0.758,0.93,0.0597,0.206,0.723,0.261;aaaaaaaaa;
aaaaaaa;0.0866,0.0862,0.847,0.349,0.618,0.483,0.749,0.233,0.0148,0.391;aa;
aaaaaaa;0.623,0.166,0.769,0.41,0.614,0.405,0.31,0.575,0.285,0.073;aaaaa;
aaaaaaa;0.00776,0.837,0.139,0.904,0.927,0.258,0.151,0.081,0.4,0.483;aaaaa;
aaaaaa;0.721,0.359,0.834,0.586,0.532,0.164,0.668,0.331,0.14,0.924;aa;
a;0.307,0.532,0.869,0.857,0.615,0.184,0.0882,0.705,0.422,0.95;aaaaaa;
aaaaaaaa;0.745,0.181,0.0335,0.169,0.66,0.137,0.723,0.174,0.672,0.834;aaaa;
a;0.0151,0.286,0.161,0.374,0.175,0.314,0.669,0.218,0.844,0.648;aa;
aaaaa;0.012,0.622,0.681,0.833,0.292,0.33,0.138,0.901,0.524,0.956;aaaaaaa;
aaa;0.0319,0.284,0.428,0.388,0.441,0.937,0.494,0.548,0.334,0.51;a;
aaaaaaaa;0.722,0.408,0.739,0.513,0.842,0.78,0.907,0.163,0.815,0.808;aaa;
aaaaaa;0.518,0.906,0.237,0.231,0.561,0.351,0.877,0.233,0.522,0.474;aaaa;
aaaaaa;0.441,0.238,0.897,0.655,0.872,0.954,0.292,0.751,0.784,0.258;aaaaaaaaaa;
aaaaaa;0.296,0.87,0.613,0.404,0.818,0.663,0.79,0.76,0.0343,0.965;aa;
a;0.0114,0.12,0.272,0.751,0.0362,0.227,0.95,0.463,0.992,0.575;aaaaaaaa;
aaaaa;0.965,0.356,0.372,0.338,0.434,0.143,0.0602,0.0497,0.966,0.761;aaaaaaaaaa;
aaaa;0.164,0.607,0.689,0.679,0.79,0.187,0.968,0.524,0.0464,0.551;aaaaaaaa;
aa;0.44,0.342,0.58,0.834,0.632,0.472,0.463,0.826,0.391,0.192;aaaaaaaaa;
aaaaaaaa;0.387,0.209,0.233,0.467,0.697,0.0187,0.137,0.626,0.761,0.00142;a;
aaa;0.588,0.995,0.785,0.845,0.27,0.72,0.543,0.593,0.111,0.172;aaaaaaaaaa;
aaaa;0.373,0.262,0.757,0.748,0.00311,0.178,0.259,0.0301,0.42,0.989;aa;
a;0.371,0.673,0.694,0.892,0.336,0.27,0.233,0.746,0.615,0.418;aaaaaa;
aaaaa;0.648,0.0532,0.182,0.455,0.182,0.913,0.723,0.606,0.371,0.289;aaaaaaaa;
aaaaaaa;0.816,0.346,0.186,0.862,0.494,0.382,0.535,0.488,0.805,0.531;aaaaaa;
aaaa;0.696,0.732,0.0905,0.959,0.76,0.256,0.318,0.569,0.0759,0.303;a;
aaa;0.132,0.913,0.922,0.984,0.892,0.0184,0.278,0.864,0.429,0.845;aaa;
aaaa;0.501,0.318,0.857,0.542,0.963,0.517,0.614,0.984,0.913,0.626;aa;
aaaaaaa;0.663,0.558,0.573,0.936,0.761,0.968,0.155,0.456,0.583,0.257;a;
aaaaaa;0.96,0.252,0.0533,0.717,0.408,0.0477,0.728,0.469,0.685,0.761;aaaa;
aa;0.21,0.698,0.119,0.116,0.196,0.428,0.71,0.0583,0.495,0.873;aaaaa;
aaaaaaa;0.671,0.808,0.713,0.26,0.821,0.291,0.689,0.932,0.834,0.668;aa;
aaaa;0.525,0.374,0.141,0.867,0.944,0.464,0.185,0.845,0.0697,0.713;aa;
aaaaaaaa;0.937,0.281,0.814,0.632,0.394,0.656,0.551,0.502,0.62,0.782;aaaaa;
aaaaaa;0.387,0.768,0.64,0.257,0.859,0.541,0.421,0.545,0.602,0.473;aaaaaaaaa;
aaaaaa;0.6,0.657,0.363,0.421,0.665,0.128,0.154,0.686,0.612,0.0271;aaaaaaaa;
aaaaa;0.792,0.726,0.0478,0.816,0.836,0.714,0.355,0.947,0.562,0.275;aaa;
aaaaaaaa;0.855,0.85,0.652,0.668,0.478,0.0417,0.568,0.631,0.037,0.593;aaaaaaa;
aaa;0.527,0.276,0.0535,0.187,0.569,0.424,0.793,0.0488,0.18,0.14;aaaaaa;
aaaaaa;0.35,0.902,0.584,0.698,0.537,0.564,0.0387,0.0246,0.199,0.593;aaaaaaa;
aa;0.659,0.8,0.68,0.000412,0.699,0.804,0.481,0.102,0.486,0.0281;aaaaaaaa;
a;0.358,0.553,0.874,0.451,0.91,0.636,0.906,0.671,0.32,0.664;aaaaa;
aaaaaaaa;0.948,0.649,0.0121,0.778,0.666,0.572,0.721,0.797,0.566,0.991;aaaa;
aaaa;0.709,0.594,0.624,0.844,0.128,0.054,0.0068,0.0728,0.713,0.371;a;
aaaaaa;0.581,0.396,0.459,0.371,0.965,0.778,0.0281,0.0584,0.67,0.204;aaaaaaaaa;
aaaa;0.758,0.947,0.157,0.322,0.892,0.814,0.401,0.161,0.383,0.258;aaa;
aaaaaa;0.664,0.99,0.497,0.227,0.798,0.826,0.463,0.684,0.214,0.919;aaaaaaa;
aaaaaaa;0.763,0.0617,0.76,0.502,0.491,0.248,0.721,0.344,0.581,0.374;aaaaaaaaa;
aaa;0.769,0.899,0.368,0.996,0.378,0.751,0.889,0.865,0.405,0.396;aaaa;
aaaaaaaa;0.0115,0.172,0.407,0.119,0.646,0.903,0.589,0.767,0.894,0.368;aaaaaaa;
aaaa;0.539,0.417,0.567,0.438,0.463,0.446,0.335,0.556,0.626,0.313;aaaaaa;
aaaaa;0.757,0.288,0.334,0.828,0.21,0.721,0.622,0.244,0.287,0.942;aaaa;
aaaaaa;0.356,0.547,0.535,0.127,0.308,0.964,0.823,0.411,0.826,0.0507;aaa;
aaaa;0.826,0.475,0.629,0.417,0.146,0.384,0.988,0.402,0.642,0.54;aaaaaaaaa;
aaaaaaaa;0.174,0.931,0.0477,0.403,0.548,0.102,0.308,0.76,0.146,0.218;aaa;
aaaa;0.166,0.175,0.235,0.628,0.283,0.845,0.638,0.342,0.0518,0.017;aaaaaaaaa;
aaaaaa;0.913,0.297,0.0656,0.41,0.336,0.264,0.491,0.28,0.00405,0.985;aaaa;
aaaaaaaa;0.309,0.734,0.738,0.406,0.511,0.258,0.754,0.889,0.411,0.849;aaaaaaaaaa;
aa;0.612,0.888,0.213,0.415,0.911,0.451,0.174,0.131,0.0379,0.207;aaa;
aa;0.869,0.924,0.478,0.388,0.343,0.695,0.311,0.368,0.882,0.756;aaaaaaaaa;
aa;0.101,0.0444,0.333,0.0317,0.884,0.583,0.98,0.494,0.806,0.294;aaaaa;
aaaaa;0.844,0.979,0.6,0.267,0.0425,0.929,0.492,0.908,0.933,0.431;aaaaa;
aaa;0.233,0.496,0.106,0.916,0.549,0.236,0.324,0.626,0.939,0.713;aaaaa;
aaaaaa;0.445,0.873,0.356,0.273,0.517,0.866,0.112,0.193,0.13,0.424;aaaa;
aaaaaaaa;0.508,1,0.237,0.912,0.405,0.409,0.949,0.924,0.0146,0.186;aaaaa;
aaaa;0.114,0.294,0.252,0.607,0.565,0.976,0.718,0.127,0.977,0.442;aaaaaaaaaa;
aaa;0.483,0.906,0.629,0.111,0.129,0.805,0.987,0.675,0.24,0.587;aaaa;
aa;0.881,0.901,0.989,0.872,0.0865,0.591,0.941,0.278,0.879,0.113;aaaaaa;
aaaa;0.771,0.774,0.959,0.751,0.836,0.681,0.503,0.389,0.276,0.238;aaa;
aaaaa;0.837,0.627,0.873,0.398,0.407,0.0686,0.324,0.133,0.749,0.0683;a;
a;0.462,0.0258,0.783,0.367,0.496,0.596,0.813,0.48,0.313,0.439;aa;
a;0.398,0.38,0.643,0.0193,0.622,0.918,0.715,0.577,0.13,0.815;a;
aaaaaa;0.14,0.753,0.161,0.307,0.946,0.277,0.363,0.781,0.925,0.412;aaaaaaaaa;
aaa;0.326,0.686,0.843,0.176,0.426,0.657,0.956,0.232,0.582,0.0341;aaaaaaa;
aaaaaaa;0.475,0.994,0.685,0.409,0.552,0.0338,0.913,0.421,0.689,0.828;aa;
aaaaaaa;0.283,0.405,0.475,0.0017,0.287,0.943,0.347,0.38,0.332,0.455;aaaaaa;
a;0.413,0.134,0.835,0.334,0.391,0.915,0.371,0.204,0.399,0.604;aaaaaaaaaa;
aaaaaaaa;0.396,0.994,0.358,0.964,0.113,0.0591,0.893,0.699,0.376,0.489;aaaaa;
aaaaaaa;0.53,0.765,0.575,0.148,0.68,0.322,0.333,0.817,0.858,0.989;aaaa;
aaaaaaa;0.133,0.871,0.298,0.642,0.0327,0.128,0.622,0.975,0.696,0.884;aaaaaaaa;
aa;0.943,0.241,0.299,0.394,0.0826,0.938,0.831,0.0934,0.331,0.239;aaaaaaaaaa;
aaaaaaa;0.372,0.502,0.216,0.945,0.962,0.336,0.119,0.0402,0.334,0.776;aaaa;
aaaaaaaa;0.723,0.466,0.479,0.385,0.0996,0.705,0.885,0.483,0.11,0.628;aa;
aaaaaaaa;0.319,0.503,0.0766,0.174,0.294,0.152,0.417,0.147,0.0204,0.394;aa;
a;0.485,0.771,0.663,0.781,0.846,0.517,0.449,0.247,0.573,0.456;aa;
aaaa;0.468,0.338,0.803,0.516,0.985,0.0576,0.35,0.661,0.503,0.32;a;
aaaaa;0.252,0.243,0.205,0.756,0.429,0.612,0.932,0.658,0.262,0.297;aaaa;
aaaaaaa;0.737,0.95,0.723,0.62,0.103,0.125,0.0345,0.995,0.527,0.795;aaaaaaa;
aaaaaa;0.302,0.871,0.822,0.993,0.947,0.0648,0.856,0.427,0.735,0.468;aaaaaaaa;
aaaaaaaa;0.0378,0.291,0.417,0.918,0.8,0.103,0.865,0.141,0.473,0.116;aaaaaa;
aaaaaaa;0.948,0.0104,0.458,0.353,0.518,0.616,0.394,0.451,0.572,0.699;aaaaaaa;
aaa;0.375,0.291,0.728,0.962,0.177,0.514,0.567,0.00711,0.494,0.712;aaa;
aaaaaaa;0.0613,0.241,0.415,0.37,0.685,0.266,0.199,0.338,0.0787,0.469;aaaaaaa;
aaaaa;0.368,0.662,0.877,0.206,0.817,0.0729,0.0265,0.659,0.504,0.985;aaaaaaa;
a;0.122,0.0479,0.636,0.404,0.79,0.174,0.692,0.865,0.805,0.714;aa;
aaaaaaa;0.5,0.749,0.225,0.351,0.877,0.305,0.203,0.854,0.609,0.314;aaaaaaaaaa;
aaaaaaa;0.0256,0.699,0.213,0.328,0.205,0.634,0.969,0.534,0.809,0.0332;aaaa;
aaa;0.649,0.791,0.854,0.738,0.821,0.622,0.905,0.88,0.0616,0.11;aaa;
aaaaaaaa;0.569,0.753,0.187,0.206,0.925,0.437,0.00482,0.719,0.168,0.0921;aaaaaaaaa;
aaaaaaaa;0.565,0.186,0.726,0.824,0.535,0.998,0.104,0.0309,0.953,0.522;aa;
a;0.791,0.717,0.759,0.534,0.0613,0.708,0.202,0.59,0.174,0.552;aaaaaa;
aaaaa;0.85,0.499,0.0209,0.403,0.256,0.197,0.631,0.31,0.667,0.0571;aaaaaa;
aa;0.665,0.573,0.467,0.107,0.907,0.493,0.896,0.726,0.411,0.0137;aaaaaaaaaa;
aaaaaaa;0.0428,0.656,0.467,0.359,0.591,0.376,0.74,0.679,0.272,0.286;aaaaa;
aa;0.598,0.466,0.594,0.774,0.232,0.442,0.408,0.353,0.334,0.0746;aaaaaa;
aa;0.159,0.695,0.146,0.882,0.853,0.826,0.865,0.323,0.72,0.846;aaaaaaaa;
aaaaa;0.448,0.91,0.117,0.672,0.496,0.396,0.0415,0.542,0.537,0.509;aa;
aaaa;0.265,0.164,0.362,0.414,0.177,0.358,0.0624,0.523,0.3,0.65;aaaaaaaaaa;
aaaaaa;0.54,0.222,0.66,0.974,0.519,0.0437,0.741,0.121,0.319,0.65;aaaaaaaaa;
aaaaaaaa;0.43,0.908,0.557,0.932,0.191,0.168,0.276,0.305,0.017,0.571;aaaaa;
aaaaa;0.765,0.959,0.963,0.526,0.196,0.952,0.0882,0.381,0.829,0.969;aa;
aaaaaa;0.0554,0.604,0.968,0.68,0.0185,0.103,0.904,0.669,0.0612,0.125;aaaaaaaaaa;
aaaaaaaa;0.619,0.972,0.704,0.0022,0.284,0.799,0.246,0.595,0.954,0.6;aa;
aaaaa;0.897,0.853,0.0502,0.535,0.13,0.783,0.536,0.142,0.0271,0.757;aa;
aa;0.186,0.428,0.764,0.158,0.884,0.0666,0.894,0.525,0.7,0.344;aaaaaaaaaa;
aa;0.814,0.946,0.937,0.323,0.391,0.151,0.0293,0.0171,0.413,0.344;aaaa;
aaaaaaaa;0.121,0.489,0.0825,0.113,0.156,0.428,0.254,0.291,0.418,0.0918;aaaaaaaa;
a;0.285,0.94,0.833,0.73,0.866,0.765,0.994,0.215,0.299,0.481;aaaaaaaa;
aaaaaaa;0.532,0.333,0.202,0.871,0.504,0.77,0.764,0.659,0.186,0.91;aaaa;
a;0.48,0.103,0.624,0.878,0.129,0.399,0.103,0.966,0.702,0.4;aaaaa;
a;0.0525,0.92,0.204,0.375,0.901,0.847,0.378,0.382,0.175,0.757;aaaaaa;
aaaaa;0.432,0.56,0.961,0.62,0.989,0.191,0.759,0.367,0.944,0.713;aa;
a;0.685,0.87,0.529,0.688,0.571,0.261,0.132,0.428,0.763,0.737;aaaaaa;
aaaaaaaa;0.444,0.429,0.307,0.107,0.256,0.0526,0.744,0.252,0.423,0.321;aaaaaa;
aaaaaa;0.712,0.662,0.485,0.899,0.291,0.575,0.0327,0.979,0.117,0.972;aaaaa;
aaaaaaaa;0.769,0.662,0.858,0.365,0.457,0.231,0.692,0.0183,0.439,0.0856;aaaaaaaaaa;
aaaaaaa;0.781,0.155,0.0802,0.0449,0.296,0.366,0.0993,0.132,0.809,0.872;aaaaaaaa;
aaaaaaaa;0.975,0.0189,0.396,0.378,0.282,0.407,0.291,0.296,0.236,0.927;aaaaaa;
a;0.927,0.000384,0.393,0.499,0.481,0.869,0.801,0.000339,0.919,0.732;aa;
aaaaaaaa;0.472,0.559,0.179,0.431,0.43,0.535,0.574,0.399,0.963,0.954;aaa;
aaaaaaaa;0.0778,0.343,0.964,0.495,0.00301,0.545,0.293,0.169,0.773,0.522;aaa;
aaaaaa;0.537,0.238,0.915,0.871,0.724,0.0357,0.223,0.484,0.764,0.434;aa;
aaaaaaaa;0.674,0.333,0.434,0.562,0.377,0.824,0.581,0.801,0.993,0.477;aaaaaaa;
aaaaaa;0.377,0.188,0.454,0.115,0.207,0.12,0.411,0.463,0.536,0.563;aaaaaaaa;
aaaaa;0.226,0.714,0.343,0.986,0.284,0.582,0.626,0.555,0.489,0.725;a;
aaa;0.763,0.0392,0.129,0.476,0.656,0.999,0.896,0.318,0.0968,0.865;aaaaaaa;
aaaa;0.631,0.976,0.69,0.618,0.53,0.0466,1,0.744,0.719,0.493;aaaaaa;
aaaa;0.418,0.709,0.61,0.185,0.857,0.0836,0.83,0.186,0.908,0.856;aaaaaaaaaa;
aaaaaaaa;0.0333,0.0158,0.122,0.264,0.726,0.621,0.827,0.0787,0.727,0.0237;aaaaaa;
aaa;0.237,0.0727,0.822,0.753,0.575,0.896,0.122,0.474,0.262,0.0539;aaaaaaaa;
aaaaaaaa;0.48,0.579,0.447,0.807,0.375,0.706,0.472,0.125,0.248,0.361;aaaaa;
aaaa;0.614,0.804,0.193,0.00214,0.544,0.236,0.0873,0.322,0.776,0.335;aa;
a;0.547,0.769,0.0631,0.457,0.763,0.839,0.369,0.727,0.63,0.471;aa;
aaaaaaa;0.46,0.735,0.00805,0.764,0.949,0.268,0.851,0.633,0.871,0.135;aaaaaaaaa;
aaaaa;0.706,0.708,0.32,0.397,0.926,0.0256,0.863,0.827,0.235,0.212;aaaa;
aaaa;0.49,0.533,0.092,0.451,0.961,0.332,0.172,0.993,0.288,0.569;aa;
aaa;0.372,0.807,0.307,0.253,0.884,0.546,0.527,0.392,0.186,0.967;aaaaaa;
aa;0.478,0.484,0.674,0.753,0.959,0.729,0.118,0.0597,0.749,0.68;a;
aaaaa;0.339,0.154,0.723,0.913,0.674,0.0276,0.916,0.053,0.689,0.935;aaaaaaaaa;
aaa;0.807,0.915,0.141,0.196,0.706,0.45,0.382,0.812,0.417,0.495;aaaaaaa;
aa;0.918,0.934,0.711,0.655,0.347,0.721,0.286,0.124,0.18,0.197;aaaaaaaaaa;
aaaaaaa;0.0862,0.493,0.922,0.363,0.303,0.0752,0.458,0.289,0.0883,0.678;aaaa;
aaaaaaa;0.756,0.926,0.167,0.742,0.551,0.734,0.155,0.864,0.183,0.428;aaa;
aaaaaa;0.539,0.0287,0.53,0.577,0.113,0.876,0.483,0.881,0.276,0.627;aaaaaaaa;
aaaaaaa;0.24,0.578,0.344,0.0593,0.392,0.167,0.756,0.925,0.000334,0.16;aaa;
aaaaaa;0.448,0.464,0.3,0.0143,0.888,0.138,0.768,0.758,0.726,0.152;aaaaaaaa;
aaaaaaa;0.823,0.368,0.32,0.359,0.591,0.567,0.784,0.395,0.771,0.193;aaaaaaaaaa;
aaaaaaa;0.3,0.814,0.268,0.294,0.523,0.0795,0.137,0.414,0.1,0.289;aaaaaaa;
aaaaaa;0.666,0.949,0.465,0.122,0.507,0.622,0.327,0.911,0.428,0.688;aaa;
a;0.0661,0.801,0.0456,0.742,0.28,0.748,0.502,0.181,0.104,0.83;aaaaaaaaa;
aaa;0.166,0.717,0.0688,0.879,0.178,0.213,0.701,0.683,0.668,0.0348;aaa;
a;0.917,0.603,0.821,0.385,0.547,0.301,0.199,0.859,0.19,0.681;aaaaa;
a;0.021,0.731,0.344,0.414,0.544,0.821,0.678,0.149,0.913,0.261;a;
a;0.252,0.384,0.954,0.142,0.214,0.775,0.426,0.563,0.183,0.181;aaaaaaa;
aaaa;0.0879,0.479,0.743,0.108,0.167,0.732,0.347,0.604,0.278,0.196;aaaa;
aaa;0.0503,0.898,0.53,0.831,0.879,0.199,0.536,0.266,0.921,0.149;aaaaaa;
aa;0.573,0.443,0.71,0.252,0.821,0.672,0.441,0.194,0.962,0.581;aa;
aaaaaa;0.237,0.827,0.256,0.82,0.369,0.933,0.607,0.708,0.816,0.87;aaaa;
aaaa;0.19,0.457,0.914,0.947,0.324,0.568,0.269,0.598,0.163,0.102;aaaaaaaa;
aaaaaa;0.871,0.776,0.345,0.696,0.047,0.939,0.0541,0.989,0.112,0.513;aaaaaa;
aa;0.528,0.441,0.438,0.773,0.624,0.999,0.0419,0.902,0.00657,0.461;aaaaaaaaa;
aaaaa;0.91,0.845,0.484,0.829,0.00619,0.951,0.154,0.293,0.893,0.607;aa;
aaa;0.679,0.469,0.389,0.162,0.303,0.8,0.548,0.0652,0.822,0.484;aaaa;
aaaaaaa;0.651,0.656,0.061,0.223,0.01,0.749,0.561,0.246,0.58,0.0567;aaaaaaaa;
aaaaaaaa;0.0508,0.0255,0.253,0.81,0.265,0.705,0.367,0.0907,0.726,0.481;aaaaaa;
aaaa;0.186,0.886,0.608,0.346,0.754,0.209,0.82,0.109,0.99,0.151;aaaaaaaaa;
aaaaaaaa;0.522,0.0989,0.914,0.919,0.512,0.434,0.53,0.332,0.52,0.33;aa;
aaaaaaaa;0.671,0.136,0.0303,0.308,0.464,0.798,0.317,0.326,0.0844,0.884;aaaaaa;
aaaa;0.0232,0.0729,0.766,0.435,0.438,0.226,0.582,0.311,0.079,0.108;aaaaaa;
aaaaa;0.0689,0.205,0.459,0.173,0.606,0.931,0.5,0.4,0.751,0.356;aaa;
aaaa;0.402,0.234,0.689,0.277,0.306,0.0891,0.884,0.202,0.218,0.312;aaaaa;
aaa;0.144,0.176,0.944,0.96,0.263,0.983,0.825,0.388,0.775,0.883;aaa;
aaaa;0.517,0.667,0.0116,0.973,0.268,0.717,0.945,0.264,0.205,0.324;aaa;
aaaaaaaa;0.391,0.902,0.0708,0.356,0.0747,0.294,0.178,0.995,0.822,0.165;aaaaaaaa;
aaaaaa;0.552,0.757,0.241,0.999,0.87,0.94,0.986,0.821,0.952,0.614;aaaa;
aaaaaaaa;0.402,0.777,0.292,0.188,0.577,0.145,0.664,0.115,0.18,0.336;aaaaa;
aaaa;0.449,0.886,0.82,0.116,0.985,0.738,0.712,0.979,0.844,0.225;aaaaaaa;
aa;0.13,0.955,0.542,0.814,0.762,0.977,0.934,0.268,0.775,0.671;aaaaaaaaaa;
aaaaaaaa;0.662,0.54,0.291,0.0617,0.618,0.568,0.897,0.127,0.579,0.895;aaaaaaaa;
aa;0.154,0.32,0.0882,0.323,0.13,0.118,0.728,0.0706,0.372,0.333;aaaaaaa;
aaaa;0.212,0.603,0.5,0.821,0.605,0.43,0.752,0.625,0.23,0.21;a;
aa;0.261,0.588,0.181,0.922,0.433,0.583,0.559,0.313,0.574,0.769;aaaaaaaaaa;
aaaaaaa;0.286,0.253,0.00192,0.257,0.97,0.503,0.276,0.246,0.49,0.229;aaaaaaaaaa;
aa;0.953,0.63,0.776,0.96,0.243,0.589,0.115,0.366,0.899,0.71;aaa;
aaaaaaa;0.751,0.689,0.761,0.371,0.31,0.63,0.256,0.887,0.395,0.602;aaaaaaaa;
aaaa;0.0218,0.0685,0.395,0.223,0.346,0.79,0.458,0.691,0.24,0.139;aaaaa;
aaaaaaaa;0.344,0.745,0.628,0.832,0.33,0.264,0.142,0.554,0.896,0.0756;aaaaaa;
aaa;0.55,0.565,0.443,0.341,0.178,0.0233,0.106,0.893,0.799,0.0484;aa;
aaaaaaa;0.696,0.267,0.547,0.841,0.63,0.213,0.593,0.786,0.536,0.0179;aaa;
aaaaaa;0.864,0.588,0.415,0.454,0.524,0.291,0.0317,0.0914,0.905,0.992;aa;
aaaaaa;0.698,0.482,0.294,0.821,0.158,0.409,0.156,0.547,0.271,0.0889;aaaaaaa;
a;0.96,0.0313,0.0672,0.969,0.743,0.677,0.00905,0.24,0.147,0.214;aaaaaaa;
aa;0.792,0.0939,0.266,0.852,0.718,0.596,0.806,0.639,0.876,0.931;aaaaaaaaaa;
aaaaaaa;0.769,0.557,0.516,0.698,0.474,0.725,0.446,0.806,0.483,0.662;aaaaaa;
aaaaaaaa;0.62,0.182,0.937,0.47,0.549,0.0584,0.319,0.268,0.686,0.469;aaaaaa;
a;0.479,0.657,0.912,0.636,0.755,0.722,0.671,0.89,0.858,0.653;aaaaaaa;
aa;0.309,0.858,0.603,0.951,0.67,0.147,0.262,0.956,0.476,0.557;aaaaa;
aa;0.342,0.346,0.898,0.437,0.0319,0.139,0.236,0.373,0.232,0.376;aaaaaa;
aaaa;0.703,0.0298,0.625,0.94,0.803,0.718,0.869,0.18,0.358,0.978;a;
aaaaaa;0.539,0.692,0.681,0.431,0.0477,0.388,0.318,0.707,0.421,0.594;aaaa;
aaaaaa;0.822,0.0509,0.0692,0.938,0.133,0.309,0.662,0.685,0.799,0.802;aaaaaaaa;
a;0.0172,0.738,0.439,0.386,0.678,0.591,0.778,0.528,0.656,0.906;aaaaaaaaaa;
aaaa;0.834,0.684,0.0832,0.359,0.92,0.887,0.359,0.732,0.823,0.296;aaa;
aaaa;0.448,0.0399,0.977,0.414,0.343,0.446,0.324,0.327,0.353,0.188;aaa;
aaaaa;0.536,0.213,0.54,0.529,0.208,0.467,0.53,0.712,0.0262,0.0315;aaaa;
aa;0.505,0.796,0.378,0.0613,0.894,0.499,0.938,0.542,0.83,0.921;aa;
aa;0.437,0.579,0.708,0.352,0.737,0.433,0.216,0.152,0.979,0.581;a;
aaaaa;0.788,0.409,0.633,0.227,0.0398,0.509,0.38,0.0835,0.999,0.925;aaaa;
aaaaaa;0.691,0.548,0.276,0.396,0.811,0.239,0.506,0.707,0.43,0.756;aaaaaa;
aaa;0.12,0.415,0.154,0.0243,0.0546,0.893,0.356,0.91,0.449,0.237;aaaa;
a;0.803,0.934,0.482,0.668,0.333,0.266,0.779,0.0631,0.59,0.474;aa;
aaaaa;0.914,0.475,0.801,0.523,0.419,0.769,0.822,0.455,0.748,0.127;aaa;
aaa;0.61,0.294,0.821,0.39,0.682,0.795,0.677,0.442,0.598,0.137;aaaaa;
aaaaaaa;0.227,0.35,0.855,0.549,0.542,0.942,0.759,0.0766,0.641,0.411;aaaaaaa;
aaaaa;0.177,0.65,0.805,0.687,0.105,0.972,0.481,0.648,0.904,0.846;aaaaa;
aaaa;0.23,0.638,0.787,0.421,0.521,0.784,0.0746,0.788,0.985,0.79;aaaaaaa;
aaaaa;0.0981,0.926,0.215,0.934,0.441,0.771,0.725,0.795,0.0943,0.464;aaaa;
aaaaa;0.429,0.0279,0.866,0.783,0.551,0.0508,0.847,0.724,0.61,0.873;aaa;
aaaaaaa;0.495,0.822,0.0377,0.409,0.749,0.376,0.779,0.03,0.718,0.185;aaaaaaa;
aaaaaaaa;0.739,0.612,0.0479,0.83,0.755,0.422,0.00262,0.552,0.809,0.423;aaa;
aaa;0.851,0.249,0.564,0.517,0.569,0.636,0.17,0.503,0.706,0.961;aaaaaaa;
aaaaaaa;0.506,0.248,0.542,0.662,0.0753,0.373,0.788,0.76,0.838,0.386;aaaaaaaa;
aaaaa;0.698,0.817,0.7,0.996,0.702,0.611,0.821,0.502,0.101,0.698;aaaaaaaaaa;
aaaaaaaa;0.782,0.609,0.639,0.937,0.503,0.188,0.686,0.659,0.977,0.147;aaaa;
aaaaaa;0.0477,0.963,0.615,0.319,0.188,0.732,0.274,0.289,0.371,0.178;aaaaaa;
aaaaaaa;0.282,0.224,0.322,0.544,0.852,0.563,0.177,0.74,0.28,0.255;aa;
aaaaaaa;0.126,0.5,0.671,0.669,0.0717,0.585,0.324,0.16,0.484,0.918;aaaaaa;
a;0.0825,0.201,0.466,0.539,0.0649,0.944,0.289,0.859,0.665,0.546;aaaaaaaaaa;
aaaaa;0.578,0.0363,0.453,0.624,0.683,0.913,0.491,0.361,0.628,0.055;aa;
aaaa;0.111,0.613,0.908,0.581,0.136,0.0514,0.668,0.741,0.889,0.365;aaaaa;
aaaa;0.669,0.0128,0.215,0.355,0.966,0.635,0.812,0.072,0.589,0.559;aaaaaaaa;
aaaaa;0.706,0.458,0.225,0.56,0.931,0.35,0.819,0.116,0.197,0.193;aa;
aaaaaaaa;0.194,0.38,0.412,0.831,0.731,0.133,0.719,0.874,0.399,0.862;aaaaaaa;
a;0.976,0.394,0.474,0.141,0.826,0.793,0.701,0.931,0.756,0.755;a;
aaaa;0.754,0.542,0.0714,0.147,0.141,0.016,0.439,0.302,0.475,0.367;aaaa;
aaaaa;0.301,0.759,0.946,0.112,0.574,0.302,0.781,0.16,0.597,0.304;aaaa;
a;0.685,0.592,0.483,0.262,0.26,0.962,0.191,0.394,0.299,0.934;aaaaaaaaaa;
a;0.122,0.141,0.515,0.279,0.387,0.139,0.251,0.924,0.99,0.847;aaaaaaa;
aaaa;0.778,0.95,0.428,0.924,0.208,0.674,0.394,0.541,0.148,0.528;aaaa;
aa;0.617,0.692,0.23,0.404,0.103,0.971,0.945,0.791,0.324,0.315;aa;
aaaaa;0.933,0.835,0.681,0.193,0.0549,0.406,0.255,0.697,0.567,0.04;aaaaaaaaa;
aaaa;0.337,0.814,0.345,0.839,0.209,0.116,0.365,0.433,0.714,0.849;a;
aaaaaaa;0.213,0.748,0.652,0.727,0.168,0.678,0.473,0.649,0.506,0.257;a;
aa;0.491,0.0691,0.194,0.611,0.802,0.125,0.17,0.633,0.325,0.375;aaaaa;
aaaaaa;0.954,0.373,0.506,0.095,0.171,0.704,0.787,0.237,0.0502,0.597;aa;
aaa;0.701,0.884,0.421,0.392,0.697,0.165,0.969,0.763,0.73,0.179;aaaaaaa;
aaaaa;0.0168,0.458,0.403,0.413,0.721,0.372,0.363,0.76,0.407,0.205;aaa;
aaaaaa;0.905,0.349,0.0876,0.925,0.618,0.281,0.847,0.982,0.49,0.347;aaaaaaaaa;
aaaaaaaa;0.469,0.162,0.857,0.838,0.362,0.253,0.0331,0.768,0.226,0.742;aaaaaaaaaa;
aaaaa;0.484,0.889,0.4,0.744,0.728,0.318,0.304,0.611,0.471,0.514;aaaaaaaa;
aaaaa;0.35,0.654,0.613,0.26,0.475,0.631,0.781,0.549,0.906,0.559;aaaaaaa;
aaaa;0.906,0.843,0.259,0.207,0.501,0.381,0.113,0.0383,0.163,0.322;aaaaaaaaaa;
aaaaaa;0.81,0.415,0.346,0.222,0.311,0.776,0.929,0.289,0.248,0.574;aaaa;
aa;0.35,0.189,0.782,0.622,0.972,0.535,0.584,0.639,0.783,0.284;aaaaaaaaa;
aaaaa;0.403,0.876,0.164,0.133,0.356,0.19,0.394,0.524,0.278,0.236;aaa;
a;0.444,0.777,0.37,0.741,0.309,0.793,0.999,0.752,0.981,0.83;aaaaaaaa;
a;0.614,0.426,0.901,0.603,0.582,0.569,0.482,0.599,0.238,0.347;aaaaaaaaa;
a;0.0181,0.0833,0.193,0.573,0.613,0.186,0.531,0.953,0.212,0.0868;aa;
aaaaaa;0.135,0.72,0.966,0.381,0.509,0.189,0.0536,0.203,0.837,0.504;aaaaaa;
aaaaaaaa;0.517,0.682,0.953,0.671,0.511,0.365,0.943,0.249,0.319,0.23;aaaaaaaa;
aaaaa;0.421,0.0472,0.289,0.848,0.988,0.209,0.171,0.153,0.186,0.187;aaa;
aaaaaaa;0.248,0.338,0.586,0.412,0.234,0.319,0.214,0.946,0.0234,0.475;aaaaa;
aaaa;0.501,0.727,0.265,0.488,0.767,0.546,0.551,0.463,0.755,0.171;aaaaaaaa;
a;0.405,0.724,0.779,0.713,0.0243,0.356,0.326,0.892,0.254,0.191;aaaaa;
a;0.125,0.731,0.637,0.628,0.414,0.352,0.234,0.956,0.229,0.0253;aaaaaaa;
aaaa;0.974,0.298,0.708,0.64,0.674,0.271,0.1,0.987,0.12,0.139;aa;
aaaaa;0.984,0.473,0.43,0.311,0.868,0.41,0.0979,0.251,0.107,0.204;aaaaa;
aaaaaaaa;0.249,0.245,0.654,0.887,0.869,0.757,0.539,0.065,0.287,0.857;aaaaaaaa;
aa;0.695,0.57,0.812,0.224,0.0314,0.257,0.545,0.272,0.812,0.478;aaaa;
a;0.591,0.379,0.513,0.854,0.555,0.233,0.495,0.75,0.101,0.14;aaaaaaaaaa;
aaaaaaa;0.931,0.813,0.626,0.715,0.836,0.611,0.974,0.0451,0.695,0.316;aaaaa;
aaaaaaa;0.983,0.00667,0.0688,0.363,0.757,0.888,0.444,0.384,0.36,0.702;aaaaaaaaa;
aaa;0.793,0.0675,0.262,0.173,0.724,0.91,0.8,0.307,0.261,0.123;aaaaaaaaa;
aaa;0.327,0.678,0.227,0.959,0.912,0.946,0.556,0.0693,0.525,0.858;aa;
aaaaa;0.217,0.799,0.198,0.151,0.482,0.0783,0.94,0.835,0.212,0.058;aaaaaaaaa;
a;0.259,0.302,0.705,0.455,0.0106,0.69,0.595,0.468,0.355,0.774;aaaaa;
aaaa;0.614,0.832,0.599,0.463,0.022,0.665,0.584,0.754,0.637,0.831;aaaaaa;
aaaaaa;0.0648,0.256,0.735,0.224,0.662,0.66,0.644,0.957,0.0546,0.677;aaaaaaaaaa;
aaaaaaaa;0.806,0.669,0.316,0.173,0.791,0.493,0.07,0.688,0.974,0.0696;aaaaaa;
aaaaa;0.446,0.441,0.742,0.982,0.138,0.935,0.738,0.0593,0.000792,0.033;aaaaaaaaa;
aaaaa;0.469,0.836,0.657,0.66,0.595,0.992,0.57,0.206,0.623,0.494;aaaaaaaaa;
aaa;0.054,0.469,0.973,0.947,0.204,0.963,0.293,0.234,0.886,0.703;aaaaaaaa;
aaaaaaaa;0.672,0.339,0.603,0.518,0.566,0.778,0.514,0.268,0.212,0.475;a;
aaaa;0.846,0.987,0.419,0.114,0.355,0.0686,0.73,0.324,0.527,0.295;aaaaaaaaaa;
aaaaaaa;0.11,0.127,0.677,0.884,0.693,0.239,0.553,0.826,0.554,0.258;aaa;
aaa;0.765,0.188,0.139,0.613,0.0542,0.593,0.0695,0.111,0.864,0.917;aaaaaaa;
a;0.379,0.844,0.469,0.281,0.685,0.0985,0.444,0.415,0.841,0.786;aaaaaaaaa;
aaaaaa;0.505,0.364,0.748,0.314,0.438,0.715,0.0967,0.0719,0.191,0.0179;aaaaaaaa;
aaaaaaaa;0.398,0.975,0.84,0.0566,0.367,0.299,0.0636,0.0928,0.821,0.332;aaaaaaaaa;
aaaaaa;0.122,0.999,0.0149,0.596,0.0714,0.392,0.707,0.549,0.671,0.875;aaaa;
aaaaaa;0.913,0.0435,0.907,0.271,0.685,0.497,0.0898,0.664,0.66,0.605;aaaa;
aaa;0.365,0.28,0.914,0.273,0.375,0.457,0.616,0.897,0.731,0.0622;aa;
aaaaaaa;0.09,0.557,0.147,0.195,0.484,0.0131,0.25,0.528,0.341,0.152;aaaaaaa;
aaaaaaaa;0.623,0.244,0.348,0.891,0.0906,0.982,0.0212,0.0869,0.411,0.373;aa;
aaaaa;0.219,0.343,0.0192,0.396,0.741,0.266,0.131,0.533,0.576,0.727;aaa;
aa;0.0265,0.344,0.497,0.782,0.282,0.625,0.97,0.956,0.313,0.652;aaa;
aaaaaaaa;0.549,0.202,0.593,0.445,0.772,0.58,1,0.178,0.338,0.375;aaa;
aaaaaaa;0.689,0.0695,0.78,0.724,0.195,0.144,0.262,0.0572,0.673,0.519;aaaaaaa;
aaa;0.622,0.543,0.826,0.339,0.29,0.697,0.661,0.675,0.858,0.0526;aaaaa;
aaaaaa;0.292,0.0936,0.91,0.154,0.449,0.369,0.582,0.727,0.526,0.0678;aaaaaaa;
aaaaa;0.632,0.159,0.265,0.221,0.442,0.214,0.968,0.312,0.239,0.62;aa;
a;0.924,0.132,0.0412,0.985,0.206,0.368,0.0335,0.787,0.255,0.236;aaaaaa;
a;0.776,0.3,0.712,0.0437,0.309,0.911,0.514,0.207,0.533,0.203;aaaaaa;
aaaaaaaa;0.973,0.19,0.148,0.229,0.585,0.225,0.613,0.754,0.416,0.479;aa;
aaa;0.0546,0.924,0.0924,0.402,0.23,0.761,0.328,0.218,0.593,0.569;aaaaaa;
aa;0.783,0.806,0.752,0.0746,0.78,0.383,0.773,0.0044,0.985,0.367;a;
a;0.494,0.316,0.152,0.79,0.604,0.855,0.298,0.338,0.711,0.88;aaaaaaa;
aaaaaaaa;0.506,0.473,0.388,0.656,0.985,0.466,0.634,0.398,0.293,0.45;aaaa;
aaaa;0.56,0.785,0.456,0.181,0.672,0.742,0.743,0.0937,0.803,0.0147;aaaaaa;
aaaaaaaa;0.109,0.146,0.0557,0.828,0.659,0.404,0.0402,0.655,0.347,0.406;aaaaa;
aaaaa;0.499,0.446,0.294,0.206,0.874,0.925,0.227,0.621,0.214,0.392;aaaaaa;
aa;0.745,0.531,0.402,0.236,0.303,0.828,0.881,0.0364,0.529,0.132;aaaaa;
aaaaa;0.864,0.978,0.643,0.779,0.757,0.247,0.659,0.445,0.209,0.76;aaaaaaa;
aaaaaa;0.169,0.723,0.387,0.0808,0.362,0.206,0.806,0.577,0.779,0.0553;aaaaa;
aaaa;0.466,0.934,0.124,0.431,0.0428,0.778,0.774,0.472,0.738,0.255;aaaa;
a;0.0943,0.131,0.397,0.476,0.476,0.143,0.257,0.238,0.466,0.422;aaaaaaa;
aa;0.548,0.0353,0.479,0.231,0.525,0.25,0.404,0.449,0.828,0.337;aaaa;
aaaaaaaa;0.552,0.583,0.131,0.00895,0.583,0.942,0.965,0.586,0.322,0.589;a;
aaaaaaaa;0.176,0.00308,0.498,0.911,0.114,0.322,0.565,0.57,0.178,0.62;aaaaaa;
a;0.446,0.75,0.32,0.517,0.615,0.326,0.011,0.441,0.027,0.424;aaaaaaaaa;
aaaaa;0.16,0.452,0.947,0.247,0.977,0.443,0.392,0.767,0.332,0.536;aa;
aa;0.818,0.49,0.405,0.924,0.891,0.54,0.324,0.614,0.958,0.255;aaaaaaaaa;
aaaa;0.484,0.988,0.682,0.999,0.0253,0.998,0.743,0.24,0.979,0.492;aaaaaaa;
aa;0.47,0.414,0.577,0.383,0.821,0.747,0.665,0.956,0.269,0.956;a;
aaaa;0.0477,0.378,0.533,0.333,0.601,0.475,0.746,0.501,0.493,0.757;aaa;
aaaaaaaa;0.128,0.55,0.83,0.626,0.167,0.778,0.252,0.839,0.862,0.762;aaaaaa;
a;0.215,0.48,0.926,0.957,0.114,0.598,0.00709,0.586,0.803,0.826;aaaaaa;
aaaa;0.0378,0.149,0.416,0.279,0.573,0.56,0.227,0.0435,0.723,0.164;aaaaaaa;
a;0.522,0.286,0.0446,0.727,0.356,0.904,0.0771,0.188,0.66,0.302;a;
aaaaaaaa;0.345,0.655,0.528,0.487,0.53,0.305,0.527,0.864,0.296,0.0557;aaaaaaaaa;
aaaaaaaa;0.0706,0.503,0.000717,0.483,0.136,0.553,0.236,0.362,0.25,0.808;aaaaaaaaa;
aaaa;0.665,0.557,0.277,0.742,0.895,0.11,0.0602,0.829,0.686,0.115;aa;
aaa;0.78,0.0911,0.539,0.558,0.628,0.864,0.644,0.944,0.0321,0.265;aaaaaaaaaa;
aaaaaaa;0.107,0.234,0.982,0.277,0.367,0.418,0.33,0.59,0.693,0.539;aaa;
aaaaaaaa;0.746,0.162,0.632,0.513,0.0526,0.714,0.217,0.916,0.344,0.565;aaaaaaaa;
aaaaaa;0.636,0.371,0.981,0.428,0.0604,0.292,0.988,0.336,0.111,0.854;aaaaaaaa;
a;0.0597,0.0728,0.903,0.661,0.451,0.419,0.382,0.972,0.671,0.772;aaaa;
aaaa;0.455,0.943,0.886,0.874,0.482,0.994,0.159,0.169,0.233,0.397;aaaaaaaa;
aaa;0.457,0.601,0.872,0.136,0.0353,0.636,0.306,0.428,0.644,0.144;aaaaaaaaa;
aaaaaaaa;0.607,0.702,0.324,0.55,0.0861,0.83,0.796,0.758,0.25,0.184;aaaaaaaa;
aa;0.155,0.605,0.593,0.664,0.147,0.0296,0.4,0.0388,0.965,0.224;aaaaaaaaaa;
a;0.796,0.585,0.908,0.612,0.572,0.631,0.992,0.586,0.232,0.818;aaaa;
aaaaa;0.341,0.31,0.666,0.0366,0.798,0.392,0.91,0.363,0.548,0.547;aaaa;
aaaa;0.212,0.151,0.783,0.536,0.746,0.889,0.771,0.369,0.755,0.861;aaaaaaaaaa;
aaaa;0.458,0.104,0.146,0.304,0.882,0.2,0.683,0.893,0.616,0.29;aaaaaa;
a;0.582,0.0381,0.898,0.0752,0.929,0.746,0.449,0.672,0.401,0.802;aaaaaaaa;
aaa;0.948,0.813,0.313,0.537,0.536,0.94,0.991,0.711,0.423,0.444;aaaaaaaaaa;
aaaaaaaa;0.58,0.0426,0.0866,0.278,0.676,0.96,0.595,0.423,0.765,0.879;aaa;
aaaa;0.565,0.234,0.977,0.899,0.0527,0.739,0.385,0.77,0.396,0.0369;aaaaaaaa;
aaa;0.000507,0.839,0.503,0.166,0.103,0.822,0.246,0.679,0.28,0.92;aaaaaaaa;
aaaaa;0.426,0.32,0.325,0.54,0.286,0.125,0.0742,0.947,0.0243,0.604;aaaaa;
aaaaaaaa;0.0198,0.0134,0.265,0.696,0.519,0.483,0.0914,0.595,0.53,0.16;aa;
aaaaaaaa;0.92,0.101,0.71,0.395,0.744,0.164,0.531,0.526,0.8,0.643;aaaaaaaaa;
aaaa;0.42,0.746,0.73,0.205,0.0137,0.843,0.78,0.904,0.6,0.453;aa;
aaaaaaa;0.678,0.916,0.735,0.714,0.892,0.599,0.954,0.642,0.065,0.0983;aaaaaaaaa;
aaaaaa;0.982,0.165,0.389,0.377,0.936,0.992,0.0263,0.966,0.389,0.692;aaaaaaa;
aaaaa;0.0366,0.481,0.335,0.386,0.671,0.426,0.241,0.818,0.284,0.905;aaaa;
aaaaaa;0.0503,0.969,0.663,0.939,0.416,0.525,0.465,0.348,0.624,0.0125;aaaa;
aaaaa;0.288,0.975,0.372,0.274,0.232,0.214,0.898,0.618,0.423,0.144;aaaaaaaa;
aaaa;0.199,0.71,0.271,0.0326,0.695,0.484,0.262,0.704,0.397,0.104;aaaaaaaaa;
a;0.152,0.522,0.361,0.22,0.965,0.0214,0.492,0.323,0.503,0.0666;aaaaaaa;
aa;0.715,0.636,0.201,0.943,0.547,0.824,0.351,0.204,0.273,0.096;aaaaaaa;
aa;0.0963,0.813,0.856,0.995,0.0709,0.613,0.854,0.63,0.592,0.237;aaaaaa;
aa;0.449,0.718,0.44,0.718,0.473,0.315,0.472,0.369,0.284,0.415;aa;
aaaaa;0.0415,0.842,0.675,0.577,0.815,0.12,0.0587,0.686,0.472,0.379;aa;
aaaaaaaa;0.502,0.0254,0.203,0.779,0.642,0.96,0.504,0.583,0.616,0.757;aaaaaaaaaa;
a;0.632,0.0619,0.916,0.995,0.0742,0.0391,0.102,0.921,0.571,0.187;aaaaaaaa;
aaaaaa;0.0678,0.539,0.961,0.0562,0.319,0.891,0.824,0.0665,0.699,0.572;aaaaaaaaaa;
a;0.0391,0.615,0.622,0.526,0.227,0.0263,0.617,0.869,0.62,0.299;aaaaa;
aaaaaa;0.73,0.905,0.238,0.669,0.646,0.55,0.751,0.343,0.261,0.397;aaaaaa;
aa;0.0672,0.954,0.831,0.956,0.596,0.0709,0.44,0.96,0.361,0.0274;aaaaaa;
aa;0.907,0.87,0.493,0.234,0.388,1,0.437,0.252,0.641,0.61;aaaaa;
aaaaa;0.0713,0.124,0.074,0.0375,0.0609,0.244,0.867,0.252,0.0299,0.394;aaaaaaa;
aaaaa;0.347,0.0485,0.768,0.553,0.84,0.732,0.881,0.562,0.328,0.952;aaaaa;
a;0.152,0.608,0.376,0.873,0.00688,0.559,0.398,0.835,0.217,0.788;aaaaaaaa;
aaaa;0.516,0.797,0.35,0.893,0.201,0.175,0.103,0.219,0.0913,0.362;aa;
aaaaaaaa;0.0615,0.129,0.00512,0.691,0.247,0.115,0.911,0.78,0.608,0.756;aaaaaaa;
aaaaaaaa;0.0524,0.347,0.303,0.624,0.964,0.174,0.00254,0.15,0.834,0.441;aa;
aa;0.484,0.378,0.46,0.505,0.61,0.609,0.129,0.547,0.692,0.466;aaaa;
aaaaa;0.675,0.145,0.901,0.269,0.807,0.348,0.465,0.856,0.502,0.0637;aaaaa;
aaaaaaa;0.833,0.609,0.883,0.919,0.99,0.184,0.00188,0.504,0.943,0.721;aaaa;
aa;0.871,0.00214,0.44,0.314,0.0724,0.964,0.118,0.761,0.168,0.817;a;
aa;0.613,0.687,0.986,0.348,0.0152,0.687,0.863,0.823,0.173,0.873;aaaaaaaaaa;
aaa;0.238,0.785,0.528,0.659,0.596,0.579,0.92,0.889,0.697,0.0323;aaa;
aaaaa;0.259,0.318,0.275,0.189,0.794,0.643,0.906,0.166,0.46,0.708;aaaaaaaaaa;
aaaaaaa;0.393,0.819,0.818,0.381,0.466,0.766,0.919,0.0624,0.537,0.894;aaaaaaaaaa;
aaa;0.596,0.503,0.0753,0.839,0.742,0.784,0.00246,0.613,0.806,0.693;a;
aaaa;0.869,0.181,0.786,0.209,0.0166,0.188,0.535,0.153,0.272,0.518;aaaaaaaaa;
aa;0.0201,0.164,0.0644,0.046,0.698,0.255,0.357,0.744,0.599,0.0747;a;
a;0.133,0.223,0.0935,0.416,0.825,0.989,0.506,0.315,0.996,0.131;a;
aaaaa;0.274,0.766,0.0563,0.0233,0.303,0.921,0.268,0.777,0.949,0.602;aaaa;
aaaaa;0.456,0.223,0.627,0.925,0.555,0.0883,0.563,0.133,0.469,0.991;aaa;
aaa;0.809,0.815,0.129,0.318,0.121,0.0361,0.381,0.542,0.905,0.254;a;
a;0.333,0.519,0.485,0.676,0.573,0.287,0.994,0.69,0.18,0.0723;aaa;
aaaaaa;0.831,0.131,0.43,0.724,0.0607,0.627,0.119,0.824,0.923,0.401;aaa;
aaaa;0.716,0.698,0.84,0.755,0.00153,0.0188,0.753,0.334,0.282,0.259;aaaa;
aaaaaaa;0.469,0.313,0.318,0.103,0.847,0.134,0.746,0.573,0.758,0.528;aaaaaaaaaa;
a;0.707,0.565,0.451,0.535,0.834,0.971,0.143,0.412,0.956,0.478;aa;
aaaaaaa;0.286,0.381,0.936,0.707,0.949,0.895,0.482,0.145,0.11,0.264;aaa;
aaaa;0.769,0.209,0.435,0.129,0.317,0.0843,0.491,0.139,0.861,0.442;aaaaaaaa;
aaaaaaa;0.83,0.676,0.954,0.735,0.918,0.125,0.728,0.773,0.571,0.987;aaa;
aaaaaa;0.573,0.28,0.0932,0.543,0.399,0.749,0.806,0.0774,0.724,0.298;aaaaaaaaa;
aaaaaaaa;0.946,0.26,0.299,0.296,0.283,0.496,0.0714,0.862,0.581,0.983;aa;
aaaaaaa;0.496,0.793,0.253,0.806,0.673,0.664,0.725,0.862,0.738,0.141;aaaaa;
aaaaa;0.295,0.612,0.0531,0.0407,0.648,0.693,0.763,0.272,0.105,0.0961;a;
aaaa;0.736,0.559,0.029,0.385,0.436,0.648,0.0739,0.666,0.674,0.859;aaaaaaaa;
aaaaa;0.772,0.261,0.145,0.367,0.077,0.129,0.00628,0.116,0.615,0.761;aaaaaaa;
aaaaaaa;0.367,0.045,0.521,0.859,0.413,0.277,0.717,0.472,0.937,0.771;aaaaaaaaa;
aa;0.795,0.306,0.969,0.062,0.239,0.999,0.285,0.552,0.407,0.837;aaaaaa;
aa;0.63,0.455,0.938,0.301,0.56,0.24,0.904,0.393,0.83,0.819;a;
aaaaaaa;0.395,0.457,0.275,0.802,0.454,0.291,0.629,0.651,0.655,0.678;aaaaaaaa;
aaaa;0.0398,0.808,0.979,0.243,0.928,0.829,0.912,0.00817,0.632,0.254;aaaaaa;
aaa;0.319,0.444,0.0193,0.121,0.324,0.53,0.427,0.993,0.625,0.36;aaa;
aaaaaaa;0.357,0.846,0.622,0.521,0.532,0.923,0.102,0.833,0.0711,0.915;aaaa;
aaaaaaaa;0.446,0.657,0.307,0.767,0.917,0.297,0.756,0.638,0.885,0.267;aaaaaaaaaa;
aaaaa;0.226,0.231,0.127,0.663,0.842,0.912,0.747,0.172,0.983,0.506;a;
aaaaaaa;0.945,0.416,0.567,0.884,0.704,0.712,0.141,0.742,0.486,0.469;aaaaaaaa;
aaaaa;0.467,0.308,0.827,0.433,0.695,0.784,0.852,0.411,0.497,0.682;aaaaaaa;
aaaaaa;0.0919,0.363,0.414,0.617,0.692,0.0139,0.222,0.829,0.77,0.773;aaa;
aaaaaa;0.0352,0.639,0.238,0.977,0.579,0.696,0.981,0.62,0.573,0.479;aaaaa;
a;0.826,0.185,0.0374,0.671,0.625,0.335,0.844,0.276,0.398,0.0791;aaaaaaaaaa;
a;0.0773,0.267,0.29,0.984,0.326,0.851,0.994,0.777,0.462,0.535;aaaaaaaa;
a;0.559,0.659,0.0732,0.0297,0.0882,0.353,0.944,0.464,0.5,0.527;aaaa;
a;0.362,0.607,0.274,0.796,0.784,0.658,0.553,0.24,0.337,0.903;aaaa;
aaaaaaa;0.372,0.556,0.71,0.183,0.974,0.0682,0.895,0.594,0.524,0.669;aaaaaaaaaa;
aaaaaaa;0.171,0.0159,0.762,0.484,0.228,0.602,0.114,0.624,0.112,0.487;aaaaaa;
aaa;0.726,0.196,0.186,0.286,0.0408,0.42,0.617,0.838,0.633,0.186;aaaaaaaaa;
aaa;0.933,0.533,0.284,0.599,0.235,0.379,0.838,0.184,0.358,0.748;aaaaaaaaaa;
aaaaaa;0.776,0.903,0.71,0.362,0.488,0.907,0.794,0.432,0.592,0.325;aaa;
aaaaaaa;0.515,0.118,0.925,0.353,0.0594,0.374,0.66,0.0363,0.00338,0.902;aaaaaa;
aaaa;0.873,0.969,0.137,0.176,0.943,0.211,0.894,0.459,0.112,0.228;aaa;
aaa;0.823,0.132,0.543,0.0949,0.179,0.594,0.0246,0.81,0.568,0.901;a;
aaaaaaaa;0.339,0.453,0.0485,0.0567,0.595,0.904,0.916,0.429,0.756,0.568;aaaaaa;
aaaaaa;0.425,0.266,0.767,0.275,0.54,0.0781,0.663,0.524,0.854,0.0508;aaaaaaaaaa;
aaaaaaa;0.906,0.484,0.519,0.772,0.4,0.903,0.517,0.393,0.452,0.741;aaaa;
aa;0.685,0.443,0.229,0.976,0.135,0.622,0.134,0.19,0.976,0.455;a;
aa;0.273,0.795,0.349,0.604,0.738,0.878,0.135,0.607,0.329,0.152;aa;
aaaa;0.28,0.536,0.683,0.0453,0.305,0.647,0.798,0.887,0.0713,0.871;aa;
aaa;0.374,0.568,0.264,0.653,0.000706,0.341,0.381,0.803,0.331,0.658;aaaaaaaa;
aaa;0.202,0.228,0.339,0.408,0.739,0.994,0.802,0.867,0.933,0.728;aaaaaaaaaa;
aaaaaaaa;0.798,0.0018,0.374,0.178,0.149,0.952,0.771,0.801,0.391,0.702;aaaaaaaa;
a;0.428,0.606,0.697,0.158,0.771,0.783,0.783,0.907,0.549,0.668;aaaaa;
aaaaaaaa;0.0732,0.733,0.635,0.229,0.0127,0.706,0.286,0.533,0.605,0.292;aaa;
aa;0.62,0.35,0.687,0.954,0.091,0.39,0.347,0.832,0.112,0.162;aaa;
aaaa;0.765,0.824,0.215,0.334,0.918,0.0348,0.103,0.0659,0.028,0.528;aaaaaa;
a;0.707,0.187,0.359,0.916,0.208,0.925,0.985,0.337,0.328,0.164;aa;
aaaaaaaa;0.194,0.963,0.414,0.466,0.854,0.604,0.603,0.652,0.017,0.0726;aa;
aaaaa;0.138,0.302,0.998,0.969,0.121,0.671,0.189,0.0482,0.742,0.534;aaaaaaa;
a;0.144,0.819,0.134,0.337,0.558,0.778,0.319,0.417,0.626,0.83;aaa;
aaaaaaa;0.782,0.296,0.92,0.949,0.696,0.651,0.643,0.369,0.351,0.523;aaaaaa;
aa;0.252,0.535,0.756,0.467,0.484,0.136,0.252,0.39,0.879,0.555;aaaaaaaaa;
aa;0.546,0.594,0.324,0.83,0.725,0.638,0.299,0.0885,0.063,0.642;aaa;
aaaaaaa;0.706,0.537,0.3,0.474,0.664,0.336,0.415,0.0665,0.187,0.666;aaaaa;
aaaa;0.988,0.0631,0.648,0.388,0.601,0.452,0.0782,0.334,0.433,0.407;aaaaaaaa;
aaa;0.652,0.777,0.000757,0.744,0.721,0.817,0.868,0.75,0.527,0.513;aaaaaaaaaa;
aaaa;0.651,0.333,0.675,0.192,0.0465,0.74,0.444,0.443,0.502,0.288;aaaaaaaaa;
aaaaa;0.79,0.00274,0.401,0.912,0.789,0.0582,0.0582,0.892,0.186,0.382;aaaaaaaaa;
aa;0.523,0.514,0.114,0.158,0.149,0.39,0.466,0.527,0.474,0.179;aaaaaaaa;
aaaaaaaa;0.622,0.334,0.176,0.597,0.532,0.971,0.0385,0.355,0.955,0.0956;a;
aaaaaa;0.964,0.246,0.788,0.949,0.743,0.136,0.214,0.96,0.469,0.738;aaaaaaa;
aa;0.621,0.336,0.336,0.117,0.782,0.43,0.879,0.698,0.249,0.469;aaaaa;
aaaaaa;0.951,0.419,0.923,0.659,0.471,0.166,0.752,0.21,0.304,0.958;aaa;
aaaaaa;0.196,0.406,0.803,0.415,0.34,0.528,0.864,0.774,0.748,0.315;aaaaaaaa;
aa;0.934,0.0968,0.0329,0.0566,0.13,0.743,0.559,0.422,0.0113,0.523;aa;
aaaaaaaa;0.512,0.906,0.378,0.369,0.709,0.299,0.284,0.565,0.247,0.807;aaaaaaaa;
a;0.5,0.897,0.131,0.276,0.454,0.308,0.792,0.616,0.836,0.236;aaaaaaa;
aaa;0.662,0.768,0.721,0.00946,0.676,0.798,0.282,0.312,0.862,0.296;aaa;
aaaaaaaa;0.346,0.637,0.946,0.0541,0.341,0.914,0.9,0.0928,0.27,0.558;aaaaaa;
aa;0.0675,0.377,0.684,0.125,0.0294,0.0562,0.353,0.665,0.0984,0.226;aaaaa;
a;0.0954,0.27,0.583,0.892,0.578,0.217,0.884,0.765,0.565,0.574;aaaa;
aaaaaaaa;0.787,0.471,0.324,0.653,0.249,0.742,0.48,0.158,0.946,0.553;aaa;
aaaaaaa;0.364,0.127,0.716,0.838,0.68,0.328,0.025,0.0567,0.564,0.0485;aaa;
aaaaaaa;0.313,0.692,0.882,0.583,0.355,0.893,0.684,0.787,0.986,0.491;aaaaaaaaaa;
aaaaaaa;0.876,0.173,0.863,0.399,0.668,0.162,0.227,0.814,0.779,0.923;aaaaaaaaaa;
aaaaa;0.0375,0.0306,0.814,0.279,0.896,0.618,0.61,0.862,0.445,0.744;aa;
aaaaaa;0.765,0.252,0.105,0.979,0.762,0.928,0.88,0.0345,0.495,0.329;aaaaa;
aaaa;0.195,0.426,0.575,0.673,0.0403,0.965,0.00183,0.964,0.343,0.36;aaaaaaaa;
aaaaaaaa;0.569,0.518,0.0714,0.951,0.912,0.826,0.609,0.253,0.109,0.6;aaaaaa;
aaaaa;0.332,0.561,0.116,0.895,0.578,0.0493,0.117,0.292,0.713,0.816;aaaaaaaaa;
aa;0.555,0.151,0.272,0.267,0.407,0.937,0.0108,0.307,0.2,0.346;aaaaa;
aa;0.00676,0.419,0.897,0.822,0.668,0.933,0.289,0.761,0.54,0.0215;aaaa;
aaaaaa;0.557,0.371,0.508,0.883,0.191,0.257,0.875,0.616,0.833,0.863;aaaaaaaaaa;
aaaaa;0.0485,0.752,0.0676,0.224,0.461,0.246,0.678,0.502,0.92,0.655;aaaaaaa;
aaaaaaa;0.836,0.0627,0.803,0.0119,0.131,0.498,0.157,0.868,0.923,0.836;aaaaaaaaaa;
aa;0.634,0.685,0.952,0.0761,0.378,0.796,0.735,0.638,0.528,0.684;aaaaaa;
aaaa;0.699,0.145,0.892,0.473,0.86,0.317,0.38,0.437,0.222,0.41;aaaaaa;
aaaaaaa;0.0629,0.563,0.168,0.148,0.584,0.324,0.925,0.286,0.245,0.82;aa;
aa;0.783,0.105,0.665,0.315,0.17,0.792,0.661,0.756,0.429,0.502;aaaa;
aa;0.794,0.115,0.341,0.916,0.712,0.579,0.449,0.131,0.695,0.933;aaaaaaa;
aaaaaaa;0.537,0.595,0.234,0.625,0.767,0.976,0.3,0.249,0.556,0.983;aaaaaaaa;
aaaa;0.587,0.961,0.0981,0.13,0.101,0.246,0.87,0.537,0.956,0.163;aaaaa;
a;0.172,0.0932,0.606,0.189,0.392,0.549,0.84,0.942,0.42,0.132;aaaaa;
aaaaaa;0.96,0.075,0.908,0.313,0.187,0.338,0.577,0.654,0.161,0.402;aaaaaaaaaa;
aaaaaaaa;0.615,0.967,0.204,0.605,0.108,0.736,0.105,0.996,0.0378,0.463;aaa;
aaaaaaaa;0.372,0.528,0.182,0.00789,0.746,0.344,0.848,0.338,0.121,0.493;a;
aaaa;0.0793,0.146,0.431,0.571,0.202,0.279,0.279,0.713,0.601,0.762;aa;
aaaaaaaa;0.557,0.635,0.856,0.846,0.0776,0.127,0.444,0.00733,0.912,0.954;aaaaaaaaa;
aaaaaa;0.202,0.157,0.0642,0.938,0.959,0.0619,0.718,0.0139,0.0502,0.0132;aaaaaaaaaa;
aaaaa;0.63,0.569,0.72,0.289,0.0285,0.637,0.915,0.00346,0.957,0.159;aa;
aaa;0.92,0.258,0.583,0.342,0.225,0.958,0.708,0.0154,0.478,0.0203;aaa;
aaa;0.185,0.244,0.51,0.523,0.739,0.947,0.505,0.824,0.693,0.396;aaaaaaaa;
aaaaaaa;0.731,0.776,0.119,0.784,0.466,0.883,0.174,0.279,0.359,0.555;a;
aa;0.0971,0.399,0.155,0.998,0.915,0.529,0.678,0.549,0.202,0.363;aaaaaaaa;
aa;0.0764,0.968,0.663,0.337,0.607,0.888,0.65,0.185,0.77,0.934;aa;
aaaaa;0.742,0.268,0.818,0.396,0.266,0.369,0.611,0.887,0.289,0.742;a;
aa;0.347,0.206,0.0505,0.211,0.721,0.169,0.538,0.405,0.0641,0.864;aaaa;
aaaaaaaa;0.621,0.198,0.109,0.699,0.921,0.995,0.132,0.00124,0.0811,0.875;aa;
aaaaa;0.0794,0.106,0.427,0.0255,0.859,0.242,0.764,0.943,0.132,0.276;aa;
aaaaaaaa;0.994,0.132,0.103,0.976,0.561,0.146,0.966,0.462,0.586,0.0571;a;
aaa;0.854,0.713,0.353,0.431,0.815,0.26,0.673,0.882,0.889,0.127;aaaaaaaaa;
aaaaa;0.3,0.554,0.034,0.806,0.461,0.894,0.152,0.732,0.143,0.127;aaaaaa;
aa;0.417,0.813,0.693,0.789,0.351,0.868,0.938,0.851,0.318,0.493;a;
aaaaaa;0.294,0.623,0.621,0.54,0.609,0.0581,0.774,0.327,0.954,0.502;aaaaaaaa;
aaaa;0.39,0.241,0.146,0.519,0.612,0.615,0.215,0.998,0.0527,0.858;aaaaaaaa;
aaaaaaa;0.0222,0.691,0.951,0.619,0.465,0.339,0.585,0.48,0.622,0.0723;aa;
aa;0.169,0.403,0.473,0.608,0.425,0.628,0.149,0.392,0.125,0.531;a;
aaaaaa;0.12,0.468,0.106,0.0536,0.75,0.461,0.362,0.632,0.227,0.318;a;
aaaa;0.661,0.0989,0.815,0.848,0.564,0.0781,0.807,0.872,0.59,0.819;aaaaaaaaaa;
aaaaaa;0.827,0.31,0.66,0.76,0.238,0.295,0.831,0.496,0.45,0.429;aaaaaaaaaa;
aaaaa;0.487,0.427,0.224,0.8,0.426,0.51,0.759,0.949,0.998,0.0448;aaaaaaa;
aaaaaaaa;0.135,0.436,0.211,0.158,0.733,0.992,0.0455,0.577,0.84,0.908;aaaaaaaaa;
aaaaaaa;0.813,0.302,0.939,0.593,0.967,0.677,0.835,0.119,0.0476,0.276;aaaaaaa;
aaaaaaaa;0.554,0.0518,0.965,0.851,0.901,0.387,0.604,0.129,0.666,0.753;aaaaaa;
a;0.808,0.453,0.112,0.103,0.101,0.186,0.382,0.655,0.502,0.164;aaaa;
aa;0.0879,0.457,0.442,0.753,0.664,0.223,0.0469,0.579,0.908,0.791;aa;
aaaaaa;0.278,0.559,0.675,0.0443,0.612,0.304,0.244,0.383,0.746,0.349;aaaaaaaaa;
a;0.589,0.225,0.81,0.43,0.0685,0.0231,0.793,0.685,0.745,0.677;aaaa;
aaa;0.128,0.143,0.911,0.13,0.0382,0.358,0.277,0.318,0.494,0.458;aaaaaaa;
aaaaa;0.676,0.485,0.902,0.998,0.398,0.513,0.589,0.119,0.732,0.852;aaaaaaaa;
aaaaa;0.221,0.758,0.573,0.607,0.688,0.313,0.324,0.245,0.56,0.935;aaaaaaa;
aaaaa;0.295,0.825,0.142,0.891,0.359,0.283,0.667,0.781,0.832,0.843;aaa;
aaaaa;0.137,0.454,0.129,0.617,0.21,0.361,0.0849,0.964,0.748,0.876;aaa;
a;0.725,0.699,0.257,0.461,0.0384,0.807,0.236,0.693,0.524,0.341;aaaaaaa;
aaa;0.316,0.556,0.407,0.269,0.119,0.52,0.395,0.127,0.0593,0.283;aaa;
aaaaaa;0.993,0.229,0.744,0.476,0.0587,0.797,0.352,0.68,0.053,0.98;aaa;
aaaaaaa;0.216,0.265,0.821,0.938,0.77,0.0336,0.454,0.562,0.639,0.556;aaaaaaaa;
aaaaaa;0.984,0.498,0.503,0.113,0.468,0.212,0.742,0.434,0.721,0.757;aaa;
aaaaaaa;0.0547,0.27,0.81,0.62,0.493,0.249,0.0205,0.586,0.637,0.342;aaaaaa;
aaa;0.133,0.42,0.138,0.616,0.799,0.887,0.974,0.742,0.76,0.928;aaaaaaaaaa;
aaaaaaa;0.238,0.00699,0.626,0.402,0.648,0.137,0.1,0.197,0.583,0.866;a;
aaaaa;0.193,0.799,0.045,0.412,0.764,0.374,0.151,0.823,0.635,0.914;aaaa;
aaaaa;0.802,0.913,0.283,0.804,0.0401,0.0504,0.394,0.913,0.23,0.686;aaaaaaa;
aaa;0.05,0.19,0.188,0.116,0.898,0.303,0.369,0.151,0.0946,0.636;aaaaaa;
aaaaa;0.018,0.997,0.212,0.906,0.0597,0.0932,0.131,0.972,0.294,0.0229;aaaaa;
aaaaa;0.258,0.703,0.882,0.824,0.105,0.673,0.858,0.199,0.781,0.612;aaaaaaaa;
aaaa;0.751,0.314,0.549,0.421,0.538,0.485,0.188,0.749,0.0469,0.273;aaaaaa;
aaaaaaaa;0.879,0.736,0.0134,0.849,0.116,0.386,0.597,0.862,0.592,0.84;aaaaa;
aa;0.304,0.419,0.0299,0.969,0.257,0.0398,0.152,0.928,0.863,0.621;aaaaaaaaaa;
aaaa;0.387,0.933,0.416,0.873,0.973,0.939,0.376,0.511,0.648,0.596;aaaaaaaaaa;
aa;0.717,0.235,0.829,0.614,0.929,0.189,0.59,0.0625,0.581,0.837;aaaaaaaa;
aaaaaa;0.343,0.415,0.826,0.539,0.0331,0.669,0.947,0.371,0.571,0.149;aaaaaaaaa;
aaaaaaaa;0.629,0.644,0.163,0.572,0.633,0.0645,0.985,0.646,0.85,0.0439;aaa;
aaaaaaa;0.228,0.52,0.721,0.135,0.537,0.963,0.424,0.356,0.285,0.925;aaaaaaa;
aaaaaaa;0.777,0.357,0.944,0.797,0.688,0.452,0.282,0.273,0.00103,0.902;aaaaaa;
aaaaaaa;0.16,0.114,0.808,0.449,0.0164,0.684,0.654,0.539,0.34,0.714;aaaaaaa;
aaaaaaa;0.0573,0.248,0.617,0.176,0.773,0.241,0.299,0.741,0.874,0.473;aaaaaaaaaa;
aaaaaaa;0.876,0.825,0.165,0.101,0.0439,0.471,0.324,0.0864,0.265,0.875;aaaaa;
aa;0.735,0.947,0.396,0.159,0.564,0.85,0.406,0.736,0.607,0.387;aaaaaaaaaa;
aaaaaa;0.549,0.808,0.895,0.811,0.687,0.602,0.868,0.486,0.411,0.0469;aa;
aaaa;0.956,0.339,0.41,0.576,0.485,0.14,0.651,0.777,0.641,0.821;aaa;
aaaa;0.345,0.785,0.579,0.243,0.26,0.581,0.0807,0.843,0.263,0.935;aaaaaaaa;
aaa;0.525,0.0327,0.673,0.768,0.346,0.0584,0.426,0.531,0.397,0.327;aaaaa;
aaaaa;0.654,0.536,0.416,0.211,0.178,0.786,0.342,0.215,0.857,0.586;aaaaa;
aaa;0.0713,0.647,0.594,0.202,0.357,0.696,0.759,0.455,0.359,0.413;aaaaaaa;
aa;0.174,0.0631,0.25,0.832,0.757,0.707,0.353,0.591,0.344,0.866;aaaaaa;
a;0.314,0.747,0.0439,0.575,0.131,0.0896,0.902,0.044,0.0946,0.441;aaaaaaa;
aaaa;0.793,0.591,0.267,0.00736,0.167,0.61,0.539,0.476,0.878,0.13;aaaaaaa;
aaaaa;0.673,0.172,0.958,0.822,0.413,0.335,0.0673,0.386,0.477,0.708;aaaaaaa;
a;0.755,0.672,0.941,0.829,0.654,0.355,0.913,0.445,0.556,0.924;aaaaa;
aaaaa;0.584,0.234,0.387,0.588,0.923,0.316,0.352,0.943,0.603,0.598;aaaa;
aaaaaaa;0.738,0.34,0.658,0.513,0.275,0.435,0.116,0.712,0.977,0.545;aaaaaaaa;
aaaaa;0.929,0.675,0.15,0.695,0.13,0.986,0.957,0.386,0.785,0.684;a;
aaaaaa;0.729,0.219,0.405,0.82,0.0461,0.106,0.96,0.351,0.728,0.35;aaaaaaaaaa;
aaaa;0.783,0.978,0.9,0.353,0.614,0.844,0.542,0.581,0.342,0.0547;aaaaaaaa;
aa;0.758,0.229,0.219,0.222,0.175,0.682,0.124,0.268,0.588,0.522;aaaaaa;
a;0.594,0.136,0.655,0.789,0.618,0.36,0.762,0.28,0.796,0.194;aaaaaa;
aaaaa;0.643,0.98,0.276,0.498,0.475,0.322,0.614,0.847,0.275,0.741;aaaaaaaaaa;
aa;0.799,0.00414,0.94,0.928,0.777,0.558,0.15,0.911,0.554,0.78;aaaaaaaaaa;
a;0.861,0.925,0.951,0.553,0.534,0.192,0.263,0.909,0.66,0.226;aaa;
a;0.0768,0.789,0.51,0.416,0.344,0.788,0.333,0.622,0.156,0.125;a;
aaaaaa;0.731,0.75,0.734,0.852,0.994,0.857,0.0836,0.679,0.0746,0.211;aaaaaaaaaa;
aaaaaa;0.745,0.235,0.256,0.342,0.78,0.856,0.333,0.462,0.515,0.0702;a;
aaaaa;0.829,0.116,0.683,0.411,0.493,0.875,0.169,0.923,0.322,0.896;aaaaaaaa;
aaaa;0.457,0.257,0.83,0.455,0.11,0.728,0.886,0.289,0.995,0.346;aaaaaaaaaa;
aaaaaa;0.466,0.113,0.166,0.114,0.125,0.37,0.426,0.161,0.484,0.403;aaaaaaaaaa;
aaaaa;0.0384,0.318,0.952,0.0688,0.96,0.856,0.0377,0.712,0.955,0.325;aa;
aaaaa;0.967,0.832,0.453,0.081,0.0899,0.0281,0.0307,0.465,0.54,0.436;aaaaaaaa;
a;0.166,0.699,0.667,0.859,0.383,0.96,0.183,0.245,0.0936,0.208;aaaaaaaaa;
aaa;0.987,0.519,0.361,0.19,0.809,0.87,0.196,0.226,0.6,0.132;aaaaaaa;
aa;0.406,0.216,0.211,0.204,0.513,0.426,0.874,0.873,0.474,0.608;aaaaaaa;
aaaaaa;0.406,0.4,0.163,0.458,0.334,0.798,0.588,0.896,0.841,0.882;aaaaaa;
aaaaaaa;0.879,0.701,0.629,0.395,0.191,0.162,0.111,0.824,0.951,0.118;aaaaaaaaaa;
a;0.418,0.157,0.178,0.676,0.507,0.912,0.62,0.0388,0.133,0.136;aaaaa;
aa;0.874,0.755,0.253,0.779,0.726,0.758,0.685,0.0547,0.000824,0.919;aaaaaa;
aaaaaa;0.881,0.164,0.449,0.97,0.998,0.501,0.222,0.168,0.00657,0.385;aaaaaaaaa;
aaaaaaaa;0.154,0.521,0.534,0.142,0.982,0.0503,0.403,0.479,0.412,0.88;aaaaaaaaa;
aaaaaaa;0.515,0.445,0.0221,0.757,0.0347,0.984,0.141,0.399,0.536,0.561;aaaaaaaaa;
aaaaaaa;0.384,0.871,0.654,0.00436,0.0617,0.376,0.729,0.743,0.965,0.314;aaaaaaa;
aaaaaaaa;0.605,0.798,0.78,0.783,0.207,0.379,0.839,0.0995,0.365,0.152;aa;
aaaa;0.749,0.173,0.414,0.63,0.611,0.406,0.36,0.53,0.0125,0.781;aaaaaa;
aaa;0.61,0.192,0.643,0.337,0.119,0.628,0.761,0.53,0.593,0.294;a;
a;0.283,0.586,0.422,0.787,0.258,0.123,0.671,0.483,0.633,0.102;aaaaaaaaaa;
aaa;0.33,0.287,0.861,0.781,0.456,0.964,0.0556,0.892,0.0187,0.367;aaaaaa;
aaaaa;0.172,0.186,0.167,0.802,0.826,0.172,0.788,0.852,0.931,0.884;a;
aaaaaa;0.618,0.559,0.571,0.276,0.65,0.532,0.176,0.646,0.543,0.615;aaa;
aaaaaaaa;0.544,0.971,0.972,0.187,0.518,0.444,0.971,0.344,0.49,0.55;a;
aaaaa;0.355,0.327,0.603,0.718,0.841,0.224,0.255,0.975,0.0734,0.946;aaaaaaaaa;
aaa;0.12,0.717,0.815,0.689,0.303,0.637,0.717,0.848,0.994,0.466;aaaaaaaaaa;
aa;0.464,0.662,0.488,0.115,0.889,0.824,0.976,0.97,0.00674,0.774;a;
aa;0.816,0.176,0.641,0.472,0.122,0.7,0.331,0.665,0.138,0.974;a;
aaaaa;0.23,0.272,0.178,0.804,0.0531,0.156,0.872,0.474,0.604,0.17;aaaaaaaaaa;
aaaaaaaa;0.879,0.359,0.896,0.313,0.735,0.47,0.538,0.83,0.799,0.27;aaaaaaaa;
aaa;0.453,0.13,0.272,0.396,0.645,0.228,0.1,0.611,0.353,0.464;aaaaaaa;
aaaa;0.487,0.0956,0.722,0.65,0.194,0.933,0.191,0.373,0.736,0.433;aaaaaaaa;
aaaaaa;0.75,0.734,0.791,0.813,0.542,0.317,0.562,0.456,0.773,0.174;aaaaaaa;
aaaaaaaa;0.674,0.672,0.413,0.54,0.564,0.132,0.0858,0.396,0.563,0.819;aaaa;
a;0.613,0.86,0.164,0.357,0.938,0.0326,0.432,0.603,0.301,0.648;aaaa;
aaaaaaa;0.962,0.764,0.84,0.184,0.379,0.913,0.68,0.0961,0.836,0.143;a;
aaaa;0.576,0.684,0.177,0.264,0.282,0.733,0.978,0.847,0.683,0.148;aaaa;
aa;0.316,0.33,0.432,0.171,0.228,0.604,0.268,0.852,0.28,0.862;a;
aa;0.822,0.853,0.301,0.181,0.0369,0.604,0.46,0.247,0.451,0.156;aaaaaaa;
aaaaaa;0.754,0.827,0.391,0.493,0.511,0.114,0.349,0.106,0.306,0.507;aaaaaa;
aa;0.485,0.288,0.795,0.359,0.612,0.211,0.634,0.215,0.965,0.397;aaaaaa;
aaaaaa;0.314,0.121,0.801,0.161,0.645,0.836,0.29,0.231,0.0329,0.533;aaaaa;
aaaaaaa;0.874,0.048,0.661,0.277,0.449,0.526,0.936,0.83,0.91,0.999;aaaa;
aaaaaaa;0.6,0.494,0.0786,0.78,0.971,0.0999,0.562,0.582,0.476,0.283;aaaaaaaaa;
a;0.223,0.265,0.791,0.115,0.525,0.0796,0.114,0.417,0.626,0.271;aa;
aa;0.485,0.288,0.795,0.359,0.612,0.211,0.634,0.215,0.965,0.397;aaaaaaaaaa;
aaaaaa;0.314,0.121,0.801,0.161,0.645,0.836,0.29,0.231,0.0329,0.533;aaaaaaaa;
aaaaaaa;0.874,0.048,0.661,0.277,0.449,0.526,0.936,0.83,0.91,0.999;aaaaaa;
aaaaaaa;0.6,0.494,0.0786,0.78,0.971,0.0999,0.562,0.582,0.476,0.283;a;
a;0.223,0.265,0.791,0.115,0.525,0.0796,0.114,0.417,0.626,0.271;aaaaaaaaaa;
aa;0.485,0.288,0.795,0.359,0.612,0.211,0.634,0.215,0.965,0.397;aaaaaaaa;
aaaaaa;0.314,0.121,0.801,0.161,0.645,0.836,0.29,0.231,0.0329,0.533;aa;
aaaaaaa;0.874,0.048,0.661,0.277,0.449,0.526,0.936,0.83,0.91,0.999;aaa;
aaaaaaa;0.6,0.494,0.0786,0.78,0.971,0.0999,0.562,0.582,0.476,0.283;aaaaaaaaa;
a;0.223,0.265,0.791,0.115,0.525,0.0796,0.114,0.417,0.626,0.271;aaaaaa;
aa;0.485,0.288,0.795,0.359,0.612,0.211,0.634,0.215,0.965,0.397;aaaa;
aaaaaa;0.314,0.121,0.801,0.161,0.645,0.836,0.29,0.231,0.0329,0.533;aaaa;
aaaaaaa;0.874,0.048,0.661,0.277,0.449,0.526,0.936,0.83,0.91,0.999;aaaa;
aaaaaaa;0.6,0.494,0.0786,0.78,0.971,0.0999,0.562,0.582,0.476,0.283;aaaaaaaaaa;
a;0.223,0.265,0.791,0.115,0.525,0.0796,0.114,0.417,0.626,0.271;aaaaaa;
aa;0.485,0.288,0.795,0.359,0.612,0.211,0.634,0.215,0.965,0.397;aaaaaaaaa;
aaaaaa;0.314,0.121,0.801,0.161,0.645,0.836,0.29,0.231,0.0329,0.533;aa;
aaaaaaa;0.874,0.048,0.661,0.277,0.449,0.526,0.936,0.83,0.91,0.999;aaa;
aaaaaaa;0.6,0.494,0.0786,0.78,0.971,0.0999,0.562,0.582,0.476,0.283;aaaaa;
a;0.223,0.265,0.791,0.115,0.525,0.0796,0.114,0.417,0.626,0.271;aaa;
