0	0
1	1
2	2
3	3
4	4
5	5
6	6
7	7
8	8
9	9
10	0
11	1
12	2,6
13	1
14	5
15	4
16	0
17	3
18	1
19	1
20	1
21	0
22	0,1,2,7
23	1,5
24	2,3,4
25	7
26	0
27	3
28	6
29	0
30	0
31	3
32	1
33	2
34	0,1
35	2
36	3
37	0,1,3
38	2
39	1
40	2,9
41	4
42	1
43	2,4
44	1
45	1,7
46	6,7
47	2
48	2,6
49	0,9
50	1
51	0
52	0,3
53	1
54	3
55	2,8
56	2,3
57	0,4,9
58	1
59	1
60	0
61	0
62	0
63	0
64	3
65	0
66	2
67	2
68	0
69	1
70	2
71	4
72	1
73	0
74	0
75	2
76	0
77	7
78	9
79	2
80	4
81	0
82	3
83	0
84	0
85	2
86	1
87	2,5
88	1
89	1
90	2
91	0
92	0
93	1
94	0
95	8
96	0
97	6
98	1
99	2,9
100	1
101	2,6
102	1,2
103	0
104	1
105	0
106	2
107	0
108	3
109	3,4
110	0
111	3
112	3
113	1,4,6,8
114	3,5
115	1
116	0,5,8
117	5,8
118	0
119	5
120	3
121	8
122	0
123	7
124	1
125	2
126	0
127	0
128	1
129	3,5
130	1
131	4
132	1
133	1
134	0
135	1,3
136	2
137	2,3,6
138	0
139	3
140	0,6
141	3
142	3
143	3
144	1,8
145	6
146	0
147	1
148	4
149	1
150	3
151	0
152	1
153	0
154	0,3,4
155	1
156	0
157	0,4,7
158	0
159	4
160	3,7
161	0
162	3
163	6,7
164	0
165	0
166	1
167	0
168	1
169	1
170	3
171	1
172	6
173	1
174	5
175	1
176	2
177	1
178	4
179	4
180	1,2,3
181	4
182	0,9
183	6
184	4
185	2
186	3
187	0
188	5,6
189	2
190	4
191	0
192	1
193	5
194	4
195	6
196	3,6
197	3
198	2
199	1
200	2
201	5
202	1
203	2
204	2
205	2
206	5
207	4
208	1
209	0
210	2
211	0
212	1
213	3
214	0
215	2
216	2
217	0
218	1
219	2
220	4
221	3
222	0
223	3,5
224	5
225	7
226	0
227	0
228	1
229	3,4
230	0,2
231	0
232	0
233	2
234	7,9
235	2,5
236	0
237	7
238	1,2
239	1
240	0
241	3
242	5
243	0
244	0
245	0
246	0
247	0
248	4
249	1
250	4
251	4
252	0
253	1,2
254	1
255	1
256	3
257	0
258	1
259	2
260	1
261	9
262	7,9
263	2
264	4,6
265	0
266	1,4
267	7
268	7
269	0
270	0
271	1
272	2
273	2
274	1
275	2,3
276	0
277	1
278	4
279	4
280	1
281	5,6
282	2
283	5
284	4
285	1
286	1
287	2
288	0,5
289	3
290	1
291	1
292	2
293	1
294	2
295	0
296	1
297	0
298	3
299	4
300	5,8
301	2
302	4
303	0
304	0
305	3
306	4
307	5
308	1
309	3
310	8
311	0
312	1
313	1
314	3,4
315	0
316	1,6
317	2
318	1
319	0
320	4,8
321	2
322	4
323	0
324	4
325	1
326	2
327	1
328	3,8
329	3
330	0
331	2
332	3
333	8,9
334	0
335	1
336	2
337	2
338	2
339	5
340	4
341	1
342	0
343	3
344	7
345	0
346	0
347	1
348	1
349	2
350	0
351	5,6
352	0
353	2
354	7
355	7
356	3
357	1
358	0
359	0
360	1
361	1
362	1
363	1
364	3
365	1
366	7
367	2
368	3
369	0
370	0
371	4
372	4
373	1
374	4
375	2
376	4
377	0
378	1
379	3
380	1
381	1
382	0
383	1
384	6
385	1
386	5
387	3
388	0
389	0
390	1
391	1
392	3
393	2
394	0
395	0
396	0
397	0
398	7
399	2
400	0
401	4
402	3
403	1
404	2
405	2
406	0
407	2
408	1
409	1
410	3
411	1
412	5,6
413	1
414	1
415	4
416	1
417	6
418	0
419	4
420	3
421	2
422	2
423	6
424	0
425	0
426	0
427	3
428	8
429	2
430	1
431	4
432	1
433	1
434	3
435	0
436	1
437	0
438	0
439	1
440	1
441	2,9
442	2
443	1
444	1
445	4
446	1
447	1
448	0
449	0
450	0
451	4
452	5
453	3
454	3
455	1
456	5
457	0
458	5
459	1
460	2
461	1
462	7
463	0
464	2
465	3
466	6
467	0
468	0
469	1
470	0
471	0,7
472	1,3
473	1
474	0
475	2
476	2
477	4
478	8
479	4
480	3
481	6
482	6
483	0
484	5
485	3
486	0
487	2
488	0
489	0
490	1
491	5
492	0
493	0
494	0
495	1
496	5
497	4
498	0
499	0
500	3
501	3
502	4
503	0
504	6
505	0
506	1
507	5
508	2
509	0
510	0
511	3
512	5
513	1
514	1
515	1
516	2
517	3
518	0
519	0
520	0
521	1
522	1
523	0
524	0
525	2
526	1
527	0
528	1
529	3
530	6
531	1
532	0
533	0
534	3
535	0
536	3
537	4
538	5
539	9
540	1
541	4
542	2
543	5,8
544	5
545	0
546	1
547	2
548	3
549	2
550	4
551	0
552	2
553	0
554	1
555	5
556	0
557	0
558	2
559	1
560	1
561	1
562	4
563	2
564	2
565	1
566	0
567	3
568	1
569	0
570	3
571	0
572	1
573	1
574	2
575	9
576	4
577	1
578	2
579	0
580	2
581	3
582	0
583	0
584	1
585	0
586	3
587	2
588	5
589	0
590	2
591	1
592	4
593	1
594	5
595	2
596	0
597	8,9
598	3
599	4
600	2
601	0
602	0
603	1
604	0
605	7
606	0
607	1
608	3
609	3
610	6
611	3
612	0
613	2
614	3
615	2
616	4
617	1
618	1
619	3
620	0
621	0
622	1
623	1
624	4
625	0
626	7
627	4,9
628	6
629	2
630	2
631	0
632	1
633	8
634	1
635	0
636	3
637	6
638	3
639	0
640	9
641	3
642	0
643	3
644	0
645	9
646	2
647	3
648	2
649	7
650	7
651	1
652	2
653	0
654	0
655	6
656	6
657	2
658	1
659	0
660	0
661	3
662	4
663	2
664	0
665	4
666	1
667	3
668	6
669	4
670	0
671	2
672	2
673	3,5
674	0
675	1
676	0
677	1
678	7
679	1
680	4
681	0
682	0
683	0
684	0
685	5
686	1
687	1,2
688	1
689	0
690	0
691	1
692	2
693	1
694	3
695	6
696	7
697	2
698	0
699	3
700	6
701	5
702	1
703	3
704	3
705	0
706	6
707	0
708	3
709	7
710	0
711	0
712	1
713	3
714	2
715	8
716	0
717	3
718	0
719	8
720	0
721	2
722	1
723	1
724	9
725	0
726	2
727	4
728	1
729	0
730	0
731	1
732	6
733	3
734	1
735	3
736	1
737	3
738	0
739	2
740	1
741	0
742	1
743	1
744	6
745	0
746	0,8
747	2
748	0
749	8
750	0
751	1
752	1
753	0
754	1
755	2
756	0
757	1
758	7
759	2
760	1
761	0
762	3
763	1
764	1
765	1
766	2
767	1
768	2
769	1
770	6
771	1
772	2
773	0
774	0
775	2
776	0
777	7
778	0
779	1
780	4
781	7,8
782	2
783	5
784	0
785	4
786	0
787	9
788	0
789	2
790	0
791	5
792	2
793	2
794	2
795	0
796	1
797	1
798	1
799	3
800	1
801	1
802	0
803	2
804	0
805	2
806	1
807	0
808	6
809	5
810	2
811	0
812	1
813	2
814	1
815	3
816	2
817	1
818	1
819	3
820	1
821	0
822	3
823	0
824	2
825	1
826	2
827	3
828	6
829	0
830	2
831	0
832	1
833	9
834	2
835	0
836	0
837	1
838	0
839	2
840	2
841	0
842	1
843	1
844	2
845	0
846	3
847	5
848	1
849	6
850	0
851	0
852	2
853	2
854	0
855	4
856	1
857	3
858	3,5
859	2
860	8
861	6
862	1
863	1
864	0
865	0
866	0
867	0
868	1
869	1
870	4
871	8
872	3
873	2
874	3
875	2
876	1,9
877	6
878	1
879	3
880	9
881	4
882	4
883	4
884	2
885	1
886	2
887	0
888	2,9
889	1
890	2
891	7
892	3
893	1
894	5
895	2
896	2
897	0
898	0
899	1
900	5
901	6,7
902	1
903	0
904	7
905	7
906	5
907	1
908	0
909	0
910	1
911	0
912	3
913	7
914	1
915	1
916	0
917	2
918	3
919	4
920	2
921	2
922	0
923	3
924	2
925	4
926	4
927	5
928	2
929	5
930	1
931	1
932	1
933	3
934	9
935	3
936	0
937	0
938	1
939	1
940	2
941	3
942	0
943	3
944	2
945	0
946	7
947	5
948	0
949	3
950	7
951	5
952	0
953	6,7,8
954	0
955	0
956	0
957	1
958	4
959	4
960	0
961	1
962	2
963	2
964	1
965	3,9
966	0
967	3
968	4
969	3
970	4
971	0
972	1
973	3,5
974	0
975	4
976	4
977	0
978	1
979	0
980	6
981	0
982	4
983	4,5,6
984	3
985	2
986	3
987	7,9
988	1
989	1
990	0
991	1
992	0
993	0
994	0
995	0,1,2,4,5,6,7,9
996	0
997	3,6
998	1
999	0
1000	0
1001	0
1002	0
1003	0
1004	0
1005	2
1006	2
1007	2
1008	2
1009	2
1010	6
1011	6
1012	6
1013	6
1014	6
1015	9
1016	9
1017	9
1018	9
1019	9
1020	8
1021	8
1022	8
1023	8
1024	8
