ATT0(string,1);ATT1(float,10);ATT2(string,10);
a;0.0849,0.391,0.23,0.951,0.0614,0.777,0.8,0.208,0.711,0.65;a;
a;0.916,0.567,0.488,0.0889,0.736,0.426,0.116,0.365,0.661,0.0839;aaaaaa;
a;0.232,0.00101,0.677,0.452,0.173,0.459,0.523,0.571,0.797,0.547;aaaaa;
a;0.86,0.529,0.869,0.828,0.793,0.381,0.427,0.786,0.0209,0.593;aaaaaaaaaa;
a;0.939,0.964,0.123,0.059,0.288,0.768,0.666,0.0091,0.847,0.0378;aaaa;
a;0.581,0.939,0.103,0.257,0.413,0.31,0.745,0.535,0.0155,0.373;aaaaaaaa;
a;0.257,0.0374,0.358,0.554,0.0599,0.847,0.906,0.766,0.565,0.797;aaaaaaa;
a;0.15,0.886,0.521,0.479,0.769,0.879,0.534,0.173,0.258,0.625;aaaa;
a;0.00849,0.397,0.835,0.239,0.61,0.654,0.665,0.447,0.821,0.444;aa;
a;0.713,0.386,0.909,0.226,0.761,0.89,0.882,0.79,0.0545,0.239;aaaaaaa;
a;0.0938,0.739,0.228,0.658,0.469,0.102,0.00376,0.279,0.557,0.899;aa;
a;0.386,0.964,0.537,0.15,0.123,0.777,0.562,0.791,0.464,0.476;aaa;
a;0.618,0.297,0.894,0.101,0.472,0.894,0.616,0.0718,0.304,0.0349;aaaaaaaaaa;
a;0.838,0.43,0.661,0.0877,0.021,0.0546,0.0153,0.621,0.742,0.314;aaaaa;
a;0.672,0.988,0.954,0.25,0.518,0.58,0.531,0.00969,0.156,0.757;aaaaaaaaa;
a;0.178,0.0875,0.928,0.137,0.968,0.443,0.171,0.519,0.295,0.858;aaa;
a;0.0959,0.61,0.975,0.77,0.641,0.782,0.917,0.95,0.565,0.349;aaaaa;
a;0.195,0.326,0.969,0.732,0.951,0.0435,0.0261,0.399,0.24,0.579;aa;
a;0.633,0.568,0.643,0.0476,0.564,0.238,0.961,0.631,0.14,0.634;aaa;
a;0.246,0.233,0.317,0.41,0.841,0.888,0.0399,0.309,0.635,0.927;aa;
a;0.177,0.588,0.225,0.467,0.493,0.44,0.972,0.318,0.744,0.288;aaaaaaaa;
a;0.838,0.202,0.0353,0.42,0.00979,0.26,0.0658,0.669,0.0569,0.0192;aaaaaaaaa;
a;0.431,0.155,0.25,0.479,0.193,0.203,0.476,0.824,0.206,0.621;aaaaaaaaa;
a;0.211,0.00827,0.391,0.443,0.58,0.918,0.698,0.0127,0.153,0.394;a;
a;0.0899,0.837,0.571,0.821,0.684,0.298,0.332,0.864,0.685,0.695;aaaaaaaaa;
a;0.153,0.57,0.529,0.251,0.783,0.672,0.0985,0.0405,0.836,0.733;aa;
a;0.0692,0.661,0.774,0.00137,0.477,0.582,0.0451,0.938,0.804,0.289;aa;
a;0.782,0.83,0.341,0.261,0.219,0.693,0.129,0.678,0.333,0.993;aaaaaaaaaa;
a;0.401,0.989,0.148,0.348,0.408,0.111,0.0724,0.878,0.563,0.15;aaaaaaa;
a;0.94,0.0258,0.791,0.221,0.986,0.336,0.798,0.822,0.16,0.222;aa;
a;0.609,0.105,0.217,0.371,0.0681,0.0278,0.741,0.654,0.398,0.276;aaaaaaaaaa;
a;0.991,0.636,0.914,0.929,0.375,0.156,0.306,0.12,0.286,0.944;a;
a;0.245,0.109,0.599,0.39,0.0356,0.823,0.195,0.621,0.495,0.907;a;
a;0.171,0.558,0.546,0.949,0.769,0.223,0.677,0.766,0.604,0.328;aaaaa;
a;0.519,0.768,0.0587,0.926,0.64,0.0558,0.318,0.266,0.701,0.929;aaaaaaaa;
a;0.459,0.316,0.0162,0.781,0.326,0.766,0.071,0.201,0.0729,0.885;aaaa;
a;0.787,0.66,0.774,0.105,0.746,0.923,0.498,0.922,0.264,0.00452;aaaaaaaa;
a;0.448,0.617,0.0882,0.0183,0.152,0.648,0.993,0.263,0.436,0.788;aaaaa;
a;0.0581,0.228,0.78,0.643,0.67,0.861,0.741,0.884,0.89,0.00617;aaaaaaaaaa;
a;0.151,0.194,0.637,0.00019,0.636,0.37,0.972,0.307,0.52,0.678;aa;
a;0.512,0.763,0.463,0.0453,0.245,0.548,0.895,0.512,0.722,0.205;aa;
a;0.773,0.423,0.193,0.267,0.518,0.699,0.854,0.0158,0.231,0.787;aaaaaaaa;
a;0.569,0.384,0.904,0.591,0.871,0.434,0.949,0.867,0.739,0.257;aaaaaaaaa;
a;0.194,0.298,0.184,0.0378,0.708,0.61,0.778,0.961,0.256,0.647;aaaaaaaaaa;
a;0.25,0.911,0.882,0.227,0.296,0.246,0.344,0.103,0.368,0.749;aaaa;
a;0.576,0.906,0.648,0.604,0.324,0.26,0.49,0.59,0.791,0.304;aaa;
a;0.655,0.0849,0.872,0.412,0.0854,0.216,0.77,0.218,0.0265,0.706;aaaaaaaa;
a;0.997,0.469,0.228,0.0248,0.531,0.182,0.347,0.112,0.997,0.813;aaaaaaaaa;
a;0.471,0.848,0.807,0.706,0.355,0.575,0.411,0.169,0.0406,0.72;aaaaa;
a;0.102,0.89,0.0981,0.433,0.196,0.223,0.561,0.992,0.0937,0.47;aaaaaaaa;
a;0.67,0.924,0.841,0.151,0.397,0.315,0.508,0.45,0.626,0.0601;aaaaa;
a;0.255,0.842,0.949,0.226,0.63,0.159,0.359,0.953,0.045,0.89;aaaaaaaaaa;
a;0.129,0.117,0.886,0.211,0.0771,0.762,0.0431,0.851,0.275,0.0325;aaa;
a;0.786,0.811,0.263,0.869,0.0889,0.0639,0.769,0.614,0.133,0.767;aaaaaaaaa;
a;0.414,0.00672,0.019,0.794,0.874,0.147,0.613,0.249,0.819,0.329;aaaaa;
a;0.31,0.358,0.632,0.949,0.65,0.107,0.551,0.0613,0.617,0.247;aaaaaaaa;
a;0.489,0.217,0.0891,0.563,0.146,0.738,0.397,0.5,0.775,0.161;aaaaaaa;
a;0.296,0.816,0.276,0.0927,0.204,0.902,0.632,0.824,0.214,0.992;aaaaaaa;
a;0.629,0.0943,0.66,0.308,0.848,0.142,0.023,0.0711,0.38,0.292;aaaaaaa;
a;0.429,0.381,0.209,0.124,0.985,0.729,0.687,0.583,0.703,0.535;aaaa;
a;0.814,0.153,0.347,0.961,0.273,0.359,0.224,0.988,0.453,0.916;a;
a;0.706,0.397,0.456,0.714,0.462,0.468,0.416,0.834,0.277,0.613;aaaaaaa;
a;0.18,0.574,0.351,0.607,0.335,0.902,0.684,0.356,0.479,0.0297;aaaaaaaaa;
a;0.261,0.336,0.161,0.618,0.376,0.86,0.988,0.442,0.809,0.25;aa;
a;0.389,0.91,0.908,0.873,0.509,0.444,0.825,0.2,0.157,0.919;aaaa;
a;0.118,0.48,0.13,0.986,0.159,0.45,0.198,0.343,0.811,0.189;aaa;
a;0.142,0.895,0.721,0.661,0.157,0.521,0.0355,0.336,0.07,0.272;aaa;
a;0.718,0.253,0.231,0.832,0.404,0.826,0.402,0.34,0.829,0.789;aa;
a;0.596,0.499,0.00262,0.958,0.416,0.0115,0.181,0.823,0.963,0.43;a;
a;0.602,0.0273,0.96,0.0667,0.397,0.964,0.784,0.399,0.0136,0.532;aaaaaa;
a;0.463,0.467,0.896,0.826,0.397,0.288,0.42,0.362,0.903,0.645;aaaaaaaaaa;
a;0.0393,0.188,0.885,0.503,0.573,0.703,0.63,0.18,0.925,0.841;aaaa;
a;0.365,0.949,0.103,0.735,0.68,0.153,0.921,0.16,0.471,0.497;aaaaaaaa;
a;0.949,0.603,0.162,0.95,0.0484,0.864,0.224,0.454,0.69,0.182;aaaaa;
a;0.284,0.168,0.518,0.69,0.858,0.992,0.783,0.36,0.601,0.98;aaaaaa;
a;0.194,0.73,0.9,0.526,0.913,0.829,0.171,0.188,0.592,0.243;aaaaaaaa;
a;0.178,0.278,0.631,0.528,0.738,0.539,0.536,0.218,0.706,0.168;aa;
a;0.668,0.905,0.367,0.5,0.949,0.25,0.144,0.309,0.711,0.558;aaaaaaaaa;
a;0.107,0.99,0.213,0.0713,0.46,0.578,0.464,0.473,0.121,0.789;aa;
a;0.196,0.715,0.315,0.297,0.524,0.172,0.52,0.584,0.38,0.912;aaaaaaaaaa;
a;0.122,0.522,0.229,0.382,0.192,0.539,0.516,0.473,0.46,0.159;aaaaaaaaa;
a;0.0621,0.015,0.0925,0.311,0.521,0.276,0.605,0.906,0.573,0.682;aaaaaa;
a;0.995,0.0466,0.667,0.885,0.284,0.963,0.434,0.746,0.726,0.628;aaa;
a;0.414,0.253,0.86,0.898,0.0279,0.842,0.269,0.473,0.099,0.0177;aaa;
a;0.829,0.824,0.685,0.973,0.826,0.0505,0.353,0.876,0.00165,0.207;aaaaa;
a;0.452,0.795,0.0609,0.117,0.66,0.766,0.401,0.394,0.479,0.656;a;
a;0.956,0.328,0.0978,0.215,0.98,0.99,0.346,0.38,0.84,0.115;aaaaa;
a;0.434,0.239,0.101,0.864,0.406,0.966,0.154,0.0178,0.105,0.623;aaaaa;
a;0.713,0.867,0.881,0.403,0.662,0.814,0.314,0.445,0.226,0.0367;aaaaaaaaa;
a;0.654,0.365,0.785,0.825,0.0449,0.787,0.28,0.535,0.936,0.925;aa;
a;0.555,0.702,0.774,0.568,0.526,0.808,0.698,0.285,0.116,0.502;aa;
a;0.881,0.134,0.358,0.659,0.829,0.534,0.897,0.613,0.374,0.412;aaa;
a;0.621,0.198,0.433,0.606,0.0853,0.985,0.578,0.331,0.556,0.833;aaaaa;
a;0.822,0.32,0.266,0.39,0.893,0.0193,0.507,0.35,0.2,0.699;aaaaaaaa;
a;0.608,0.705,0.127,0.149,0.466,0.475,0.951,0.954,0.0575,0.236;aaaaa;
a;0.0825,0.697,0.364,0.413,0.988,0.653,0.778,0.252,0.103,0.191;aaaa;
a;0.0511,0.704,0.0215,0.719,0.52,0.624,0.886,0.162,0.341,0.396;aaaaaaa;
a;0.841,0.627,0.669,0.988,0.0896,0.633,0.152,0.62,0.822,0.548;aaaaaa;
a;0.719,0.953,0.406,0.64,0.202,0.415,0.342,0.593,0.773,0.398;aaaaaaaaaa;
a;0.0223,0.369,0.555,0.432,0.636,0.846,0.631,0.383,0.436,0.0183;aaaaa;
a;0.825,0.652,0.575,0.668,0.441,0.653,0.429,0.602,0.774,0.717;aaa;
a;0.175,0.105,0.884,0.781,0.652,0.779,0.85,0.334,0.409,0.207;aaaa;
a;0.331,0.608,0.519,0.00731,0.0786,0.24,0.169,0.187,0.123,0.19;aaaaa;
a;0.781,0.805,0.487,0.937,0.544,0.655,0.914,0.742,0.0152,0.249;aaaaaaaa;
a;0.0391,0.234,0.719,0.239,0.857,0.801,0.226,0.519,0.561,0.883;a;
a;0.803,0.563,0.631,0.953,0.141,0.17,0.0985,0.629,0.423,0.156;aaaaaaaaaa;
a;0.575,0.847,0.272,0.667,0.448,0.747,0.595,0.336,0.825,0.0334;aaaaaaaaa;
a;0.863,0.367,0.568,0.407,0.958,0.658,0.902,0.558,0.424,0.103;aaaaaaa;
a;0.33,0.714,0.617,0.109,0.872,0.66,0.106,0.606,0.541,0.121;aaaaaa;
a;0.27,0.791,0.0872,0.648,0.387,0.241,0.164,0.742,0.0791,0.898;a;
a;0.0399,0.924,0.717,0.171,0.0581,0.722,0.839,0.773,0.666,0.495;aa;
a;0.221,0.615,0.3,0.189,0.226,0.626,0.568,0.729,0.666,0.0067;aaaaa;
a;0.389,0.285,0.473,0.669,0.696,0.588,0.243,0.681,0.984,0.583;aaa;
a;0.777,0.358,0.109,0.136,0.747,0.533,0.582,0.835,0.792,0.542;aaa;
a;0.548,0.0629,0.874,0.102,0.796,0.688,0.179,0.75,0.983,0.982;aaaaaaa;
a;0.479,0.408,0.826,0.347,0.628,0.921,0.671,0.408,0.996,0.604;a;
a;4.3e-05,0.99,0.201,0.17,0.0376,0.721,0.934,0.245,0.166,0.0735;aaaaaaa;
a;0.581,0.223,0.686,0.776,0.246,0.544,0.231,0.468,0.886,0.183;aaaaaa;
a;0.836,0.768,0.518,0.694,0.13,0.483,0.0176,0.4,0.624,0.214;aaaa;
a;0.177,0.5,0.262,0.323,0.72,0.94,0.524,0.654,0.934,0.383;aaaa;
a;0.0625,0.469,0.692,0.99,0.943,0.978,0.468,0.655,0.703,0.431;aa;
a;0.979,0.774,0.809,0.39,0.156,0.458,0.272,0.0299,0.913,0.735;aaaaaaaaa;
a;0.196,0.623,0.751,0.311,0.814,0.131,0.13,0.251,0.164,0.786;aaaaaaaa;
a;0.448,0.921,0.144,0.693,0.255,0.339,0.827,0.914,0.408,0.271;aaaaaa;
a;0.582,0.576,0.884,0.667,0.529,0.687,0.00872,0.542,0.426,0.475;aaaaaaaaa;
a;0.748,0.525,0.432,0.945,0.164,0.757,0.494,0.578,0.801,0.46;aaa;
a;0.167,0.766,0.967,0.868,0.371,0.459,0.0569,0.342,0.987,0.911;aaaa;
a;0.817,0.5,0.187,0.479,0.858,0.0625,0.617,0.638,0.0752,0.25;aaaaaaa;
a;0.626,0.264,0.427,0.57,0.791,0.607,0.0172,0.897,0.806,0.402;aaaaaaaaaa;
a;0.616,0.682,0.17,0.609,0.71,0.534,0.709,0.569,0.492,0.981;aaaaa;
a;0.295,0.794,0.218,0.501,0.973,0.704,0.294,0.76,0.827,0.68;aaa;
a;0.719,0.303,0.9,0.823,0.576,0.551,0.0299,0.359,0.617,0.27;aaaaaaaaa;
a;0.309,0.542,0.349,0.587,0.527,0.369,0.558,0.389,0.641,0.222;aaaaa;
a;0.768,0.81,0.827,0.097,0.78,0.447,0.894,0.212,0.385,0.00834;aaa;
a;0.275,0.3,0.138,0.105,0.4,0.0923,0.748,0.945,0.582,0.262;aaaaaaa;
a;0.77,0.371,0.542,0.0877,0.31,0.115,0.0485,0.37,0.38,0.901;aaaaaaaaaa;
a;0.681,0.829,0.861,0.2,0.0598,0.623,0.95,0.951,0.812,0.349;aaaaaaa;
a;0.121,0.307,0.7,0.744,0.627,0.97,0.0593,0.328,0.00388,0.746;aaaaaa;
a;0.649,0.99,0.572,0.761,0.253,0.208,0.51,0.645,0.89,0.435;aa;
a;0.821,0.305,0.71,0.231,0.372,0.819,0.912,0.799,0.54,0.534;aaaaaaaaa;
a;0.82,0.492,0.513,0.14,0.626,0.307,0.179,0.663,0.507,0.00467;aaaa;
a;0.422,0.574,0.983,0.0376,0.065,0.745,0.000488,0.196,0.383,0.399;aaaa;
a;0.977,0.89,0.41,0.943,0.788,0.386,0.763,0.379,0.304,0.716;aaaaaaaaaa;
a;0.759,0.176,0.428,0.615,0.915,0.297,0.065,0.668,0.782,0.916;aaaaaa;
a;0.937,0.542,0.789,0.0169,0.999,0.297,0.454,0.568,0.218,0.543;a;
a;0.176,0.982,0.116,0.789,0.628,0.526,0.532,0.408,0.426,0.232;aaaaaaaaaa;
a;0.304,0.174,0.881,0.536,0.796,0.245,0.946,0.833,0.53,0.913;aaaaaaaa;
a;0.251,0.432,0.307,0.68,0.16,0.495,0.431,0.875,0.437,0.681;aaaaaaaaa;
a;0.0585,0.409,0.709,0.413,0.283,0.583,0.173,0.656,0.636,0.291;a;
a;0.854,0.864,0.183,0.124,0.655,0.128,0.989,0.3,0.297,0.844;aaaaaa;
a;0.11,0.73,0.537,0.65,0.318,0.108,0.148,0.727,0.483,0.482;aa;
a;0.108,0.798,0.406,0.32,0.276,0.0207,0.266,0.212,0.823,0.0204;aaa;
a;0.974,0.465,0.0113,0.966,0.978,0.156,0.596,0.0546,0.754,0.603;aaa;
a;0.648,0.88,0.796,0.467,0.151,0.494,0.466,0.165,0.163,0.0916;aaaaaaaaa;
a;0.47,0.961,0.801,0.729,0.668,0.00732,0.323,0.511,0.252,0.905;aaaaaaa;
a;0.58,0.00307,0.465,0.362,0.149,0.0848,0.209,0.738,0.693,0.325;aaaaaaa;
a;1,0.636,0.919,0.662,0.153,0.722,0.449,0.291,0.357,0.608;aaaaaaaaaa;
a;0.397,0.512,0.331,0.51,0.863,0.115,0.889,0.324,0.133,0.735;aaa;
a;0.207,0.618,0.399,0.299,0.0879,0.887,0.691,0.438,0.163,0.0622;aaaaaaaa;
a;0.0783,0.818,0.445,0.518,0.499,0.225,0.77,0.0568,0.519,0.612;aaaa;
a;0.599,0.76,0.144,0.591,0.163,0.169,0.204,0.192,0.754,0.265;aaaaaaa;
a;0.885,0.52,0.461,0.0869,0.642,0.255,0.0939,0.54,0.959,0.91;aaaaaa;
a;0.898,0.822,0.449,0.0203,0.182,0.00839,0.79,0.549,0.107,0.561;aaaaaaaaaa;
a;0.356,0.209,0.692,0.145,0.968,0.889,0.655,0.215,0.844,0.684;aaaaaaaaaa;
a;0.0231,0.92,0.99,0.144,0.799,0.0525,0.0339,0.231,0.000659,0.426;aaaaaaaaaa;
a;0.0425,0.442,0.103,0.0959,0.119,0.759,0.847,0.0941,0.993,0.602;aaaaaa;
a;0.356,0.219,0.926,0.481,0.258,0.788,0.113,0.71,0.701,0.884;aaaaa;
a;0.161,0.00502,0.738,0.311,0.903,0.263,0.397,0.899,0.219,0.788;aaaaaaaaa;
a;0.529,0.561,0.226,0.838,0.661,0.902,0.153,0.943,0.156,0.849;aaaaaa;
a;0.992,0.896,0.0393,0.999,0.159,0.673,0.383,0.676,0.481,0.573;aaaaaaaaaa;
a;0.483,0.944,0.978,0.00347,0.239,0.868,0.482,0.729,0.896,0.33;aaaaa;
a;0.0755,0.837,0.994,0.363,0.534,0.56,0.783,0.247,0.162,0.53;aaa;
a;0.343,0.746,0.853,0.379,0.85,0.195,0.629,0.767,0.8,0.517;aaaaaaaaa;
a;0.197,0.798,0.896,0.311,0.588,0.981,0.12,0.318,0.156,0.315;aaaaaaaaa;
a;0.981,0.851,0.914,0.466,0.349,0.215,0.403,0.36,0.6,0.393;aaaaa;
a;0.278,0.336,0.383,0.671,0.886,0.937,0.17,0.408,0.81,0.00158;aaaaaaa;
a;0.338,0.105,0.791,0.909,0.928,0.399,0.397,0.548,0.161,0.00602;aaaaaaa;
a;0.968,0.264,0.635,0.96,0.894,0.305,0.468,0.469,0.28,0.253;aaaaaa;
a;0.101,0.399,0.72,0.461,0.176,0.37,0.0236,0.545,0.853,0.289;aaaaaaa;
a;0.707,0.54,0.7,0.29,0.659,0.747,0.68,0.195,0.0878,0.124;aaaa;
a;0.334,0.24,0.102,0.847,0.574,0.61,0.783,0.885,0.843,0.106;aaaaaaaaa;
a;0.388,0.0363,0.868,0.018,0.758,0.559,0.663,0.654,0.429,0.68;aaaa;
a;0.583,0.1,0.926,0.102,0.473,0.727,0.0639,0.796,0.46,0.326;aaaaaaaaaa;
a;0.74,0.078,0.38,0.42,0.72,0.558,0.132,0.364,0.869,0.55;a;
a;0.887,0.763,0.585,0.18,0.967,0.463,0.845,0.00294,0.583,0.101;aaaa;
a;0.235,0.798,0.501,0.31,0.341,0.604,0.654,0.681,0.423,0.235;aaaaaaaa;
a;0.688,0.767,0.118,0.387,0.228,0.595,0.523,0.302,0.548,0.511;aaaaa;
a;0.315,0.811,0.373,0.544,0.016,0.694,0.648,0.00481,0.504,0.236;aaaaaa;
a;0.695,0.0855,0.0226,0.267,0.84,0.425,0.84,0.643,0.751,0.271;aa;
a;0.966,0.936,0.401,0.441,0.781,0.692,0.649,0.258,0.36,0.168;aaaaaaaaa;
a;0.0303,0.458,0.805,0.789,0.0357,0.705,0.258,0.228,0.933,0.0599;aaaa;
a;0.424,0.691,0.296,0.956,0.189,0.572,0.592,0.569,0.812,0.753;aaaaaaaa;
a;0.714,0.67,0.391,0.444,0.347,0.364,0.47,0.417,0.0445,0.423;aaaaa;
a;0.844,0.198,0.0225,0.234,0.0216,0.132,0.67,0.11,0.303,0.746;aaaaaaaaa;
a;0.188,0.425,0.189,0.569,0.735,0.75,0.588,0.762,0.121,0.28;aaaaa;
a;0.21,0.93,0.194,0.0834,0.446,0.0489,0.25,0.815,0.373,0.593;aaaaaaaaa;
a;0.711,0.475,0.195,0.472,0.389,0.643,0.0252,0.241,0.282,0.754;aaaa;
a;0.965,0.142,0.209,0.681,0.804,0.281,0.497,0.175,0.561,0.869;aaaaaaaa;
a;0.335,0.704,0.843,0.909,0.696,0.939,0.881,0.971,0.61,0.788;aaaaa;
a;0.804,0.859,0.181,0.835,0.76,0.137,0.622,0.559,0.289,0.451;aaaaaa;
a;0.468,0.612,0.966,0.103,0.412,0.832,0.114,0.306,0.581,0.862;aaaaaa;
a;0.507,0.842,0.139,0.532,0.145,0.107,0.836,0.272,0.901,0.947;aaaa;
a;0.543,0.631,0.665,0.554,0.611,0.277,0.817,0.343,0.593,0.754;aaaaaa;
a;0.529,0.769,0.412,0.177,0.0519,0.78,0.92,0.789,0.582,0.0542;a;
a;0.172,0.945,0.198,0.901,0.621,0.371,0.623,0.824,0.473,0.558;aaaaaaaaaa;
a;0.782,0.386,0.323,0.425,0.986,0.706,0.252,0.879,0.488,0.304;aa;
a;0.599,0.944,0.459,0.776,0.546,0.426,0.543,0.165,0.693,0.934;aaaa;
a;0.214,0.172,0.248,0.115,0.764,0.15,0.913,0.198,0.989,0.138;aaaaaaaa;
a;0.666,0.392,0.0666,0.484,0.626,0.327,0.303,0.67,0.86,0.81;aaaaaaaa;
a;0.949,0.76,0.657,0.477,0.315,0.844,0.832,0.904,0.754,0.192;aa;
a;0.915,0.981,0.654,0.398,0.08,0.208,0.86,0.211,0.837,0.575;aaaaaa;
a;0.547,0.989,0.375,0.995,0.219,0.588,0.744,0.24,0.758,0.718;aaaaaaaaa;
a;0.24,0.886,0.322,0.512,0.727,0.868,0.208,0.93,0.381,0.21;aaaaaaaa;
a;0.302,0.956,0.0125,0.847,0.00774,0.629,0.399,0.932,0.64,0.331;a;
a;0.763,0.617,0.91,0.672,0.734,0.905,0.0746,0.146,0.272,0.422;aaaa;
a;0.879,0.777,0.606,0.185,0.706,0.924,0.245,0.26,0.973,0.472;aaaaaaaa;
a;0.305,0.528,0.525,0.984,0.603,0.997,0.0539,0.194,0.529,0.687;aaaaaa;
a;0.32,0.772,0.0563,0.729,0.219,0.272,0.28,0.197,0.513,0.157;aaaa;
a;0.738,0.87,0.999,0.892,0.636,0.292,0.635,0.344,0.912,0.504;a;
a;0.208,0.785,0.807,0.91,0.204,0.317,0.798,0.573,0.86,0.339;aaaaaaa;
a;0.698,0.76,0.521,0.842,0.517,0.827,0.656,0.0917,0.586,0.99;aaa;
a;0.652,0.73,0.187,0.625,0.112,0.684,0.358,0.803,0.843,0.428;aaaaaaaaa;
a;0.516,0.632,0.352,0.226,0.346,0.00284,0.0445,0.601,0.411,0.667;aa;
a;0.73,0.526,0.204,0.639,0.801,0.884,0.735,0.198,0.799,0.285;aaaa;
a;0.128,0.396,0.89,0.364,0.215,0.299,0.5,0.297,0.421,0.347;aaaaaaaaa;
a;0.107,0.366,0.504,0.153,0.75,0.926,0.983,0.336,0.0138,0.696;aaa;
a;0.0752,0.471,0.713,0.0817,0.594,0.905,0.197,0.802,0.877,0.0661;aaaaaaaa;
a;0.851,0.248,0.885,0.752,0.207,0.852,0.181,0.339,0.475,0.379;aaaaa;
a;0.198,0.237,0.396,0.597,0.509,0.183,0.232,0.241,0.759,0.921;aaaaaaaaaa;
a;0.394,0.574,0.124,0.94,0.156,0.0823,0.932,0.775,0.406,0.248;aaaaaaaaaa;
a;0.261,0.317,0.972,0.05,0.466,0.691,0.209,0.62,0.295,0.908;aaaa;
a;0.796,0.26,0.085,0.139,0.922,0.382,0.789,0.754,0.214,0.185;aaaaaaaaaa;
a;0.117,0.451,0.997,0.0137,0.916,0.298,0.795,0.964,0.137,0.587;a;
a;0.731,0.799,0.549,0.0348,0.175,0.968,0.756,0.684,0.451,0.324;aaaaaa;
a;0.00133,0.627,0.459,0.207,0.928,0.434,0.00365,0.439,0.979,0.707;aaaaaa;
a;0.735,0.968,0.692,0.651,0.626,0.41,0.615,0.281,0.296,0.284;aaaaaa;
a;0.443,0.407,0.501,0.206,0.497,0.81,0.17,0.347,0.0495,0.943;aaaaaa;
a;0.669,0.189,0.0411,0.42,0.276,0.362,0.352,0.718,0.358,0.145;aaaaaaa;
a;0.197,0.951,0.538,0.78,0.844,0.00853,0.614,0.896,0.592,0.421;a;
a;0.185,0.874,0.124,0.58,0.415,0.539,0.694,0.609,0.552,0.481;aaaaaaa;
a;0.6,0.669,0.17,0.372,0.499,0.461,0.618,0.022,0.503,0.929;aaaaaaaaaa;
a;0.225,0.217,0.666,0.596,0.661,0.0324,0.654,0.896,0.573,0.156;aaaaaaa;
a;0.894,0.7,0.294,0.583,0.0509,0.828,0.119,0.0574,0.424,0.923;aaaaaaaa;
a;0.0297,0.362,0.939,0.471,0.916,0.769,0.656,0.183,0.266,0.575;aaaaaa;
a;0.918,0.921,0.966,0.636,0.777,0.496,0.103,0.813,0.944,0.107;aaaaaa;
a;0.752,0.751,0.372,0.946,0.712,0.102,0.648,0.408,0.196,0.755;aaaaaaaa;
a;0.936,0.908,0.978,0.645,0.184,0.273,0.832,0.513,0.775,0.324;aaaa;
a;0.134,0.363,0.288,0.0616,0.578,0.698,0.47,0.51,0.814,0.386;aaaaaaaaaa;
a;0.215,0.764,0.51,0.0644,0.18,0.721,0.682,0.899,0.06,0.0879;aaaaa;
a;0.48,0.251,0.157,0.433,0.0175,0.83,0.847,0.367,0.679,0.217;aa;
a;0.752,0.664,0.614,0.166,0.414,0.878,0.284,0.0312,0.177,0.257;aaaa;
a;0.753,0.0995,0.722,0.363,0.553,0.515,0.242,0.0329,0.183,0.395;aaaaaaa;
a;0.418,0.473,0.664,0.731,0.183,0.773,0.609,0.026,0.0893,0.318;aaaa;
a;0.0357,0.323,0.0184,0.079,0.921,0.88,0.0176,0.575,0.344,0.188;aaaaaaaaa;
a;0.982,0.824,0.757,0.495,0.758,0.94,0.418,0.53,0.268,0.898;aaaaaaaaaa;
a;0.519,0.00248,0.0502,0.865,0.489,0.335,0.558,0.586,0.806,0.845;aaaaaaaaa;
a;0.276,0.391,0.768,0.0281,0.796,0.894,0.201,0.361,0.596,0.295;aaa;
a;0.336,0.529,0.353,0.487,0.569,0.336,0.129,0.638,0.851,0.646;aaaaa;
a;0.437,0.299,0.0769,0.131,0.722,0.382,0.917,0.457,0.0204,0.296;aa;
a;0.265,0.297,0.296,0.809,0.978,0.671,0.431,0.0725,0.506,0.404;aaaaaaa;
a;0.962,0.947,0.0662,0.892,0.212,0.235,0.542,0.44,0.136,0.98;aaaaaaaaaa;
a;0.735,0.576,0.138,0.899,0.337,0.333,0.829,0.797,0.14,0.41;aaaa;
a;0.897,0.2,0.138,0.97,0.287,0.21,0.355,0.688,0.782,0.0315;aaaaaaa;
a;0.768,0.305,0.249,0.473,0.41,0.63,0.794,0.782,0.668,0.996;aaaaaaa;
a;0.36,0.827,0.235,0.739,0.158,0.534,0.808,0.596,0.636,0.000487;aaaaaaa;
a;0.71,0.384,0.197,0.579,0.975,0.959,0.797,0.158,0.664,0.892;aaaaaaaa;
a;0.376,0.284,0.0654,0.816,0.794,0.839,0.503,0.371,0.428,0.917;aaa;
a;0.548,0.0369,0.953,0.122,0.784,0.565,0.858,0.107,0.849,0.236;aaaaaaaaa;
a;0.428,0.582,0.0204,0.124,0.545,0.611,0.332,0.393,0.321,0.833;aa;
a;0.789,0.474,0.763,0.688,0.855,0.327,0.597,0.89,0.626,0.341;aaaaaa;
a;0.77,0.4,0.616,0.761,0.798,0.998,0.451,0.568,0.707,0.453;aaaaa;
a;0.917,0.554,0.866,0.407,0.795,0.737,0.456,0.614,0.25,0.802;aaaaaaaa;
a;0.179,0.266,0.162,0.268,0.499,0.88,0.608,0.855,0.0661,0.0843;aaaaaaaa;
a;0.515,0.694,0.221,0.376,0.322,0.54,0.271,0.00253,0.479,0.491;aaaa;
a;0.368,0.0701,0.0634,0.796,0.79,0.873,0.479,0.327,0.767,0.854;aaaaaaaaa;
a;0.485,0.51,0.41,0.151,0.797,0.562,0.447,0.147,0.76,0.844;aaaaa;
a;0.148,0.816,0.304,0.685,0.419,0.524,0.172,0.172,0.533,0.383;a;
a;0.0916,0.4,0.474,0.398,0.737,0.482,0.698,0.247,0.435,0.578;aaa;
a;0.45,0.823,0.309,0.751,0.885,0.136,0.649,0.00637,0.284,0.394;aaaaaa;
a;0.61,0.527,0.738,0.89,0.406,0.541,0.0399,0.437,0.423,0.525;aaaaaa;
a;0.457,0.623,0.715,0.698,0.975,0.626,0.883,0.422,0.579,0.288;aaaaa;
a;0.0952,0.824,0.396,0.931,0.428,0.989,0.292,0.675,0.514,0.134;aaaaaaaa;
a;0.939,0.188,0.412,0.481,0.0837,0.154,0.577,0.884,0.715,0.728;aa;
a;0.465,0.456,0.22,0.143,0.44,0.904,0.889,0.152,0.0529,0.43;aa;
a;0.0807,0.116,0.155,0.676,0.426,0.927,0.0845,0.804,0.787,0.31;a;
a;0.719,0.302,0.406,0.578,0.121,0.25,0.475,0.996,0.949,0.651;aaaaaaa;
a;0.0493,0.357,0.607,0.912,0.911,0.891,0.733,0.147,0.0292,0.459;aaaa;
a;0.412,0.0159,0.675,0.55,0.166,0.513,0.397,0.093,0.938,0.127;a;
a;0.55,0.818,0.62,0.567,0.802,0.832,0.199,0.372,0.878,0.142;aa;
a;0.935,0.986,0.487,0.781,0.405,0.0501,0.0385,0.188,0.255,0.616;aaaaaaa;
a;0.0264,0.256,0.0833,0.688,0.522,0.849,0.557,0.799,0.685,0.598;a;
a;0.97,0.369,0.0132,0.295,0.575,0.648,0.809,0.689,0.0399,0.657;aaaa;
a;0.185,0.0697,0.903,0.781,0.825,0.164,0.305,0.326,0.206,0.475;a;
a;0.749,0.342,0.486,0.0594,0.0093,0.757,0.799,0.272,0.88,0.0622;aaaaa;
a;0.282,0.719,0.161,0.14,0.659,0.324,0.57,0.665,0.557,0.395;aaa;
a;0.818,0.194,0.602,0.501,0.746,0.173,0.8,0.542,0.928,0.0464;aaa;
a;0.217,0.383,0.0068,0.448,0.0396,0.862,0.398,0.47,0.972,0.939;aaaaaaa;
a;0.0585,0.972,0.407,0.058,0.841,0.14,0.614,0.414,0.104,0.851;aaaaaa;
a;0.282,0.928,0.31,0.373,0.824,0.63,0.676,0.787,0.926,0.182;aaaaaaaaaa;
a;0.0662,0.123,0.37,0.0577,0.632,0.798,0.02,0.355,0.72,0.424;a;
a;0.459,0.367,0.238,0.151,0.609,0.311,0.944,0.673,0.737,0.207;a;
a;0.437,0.832,0.522,0.992,0.591,0.44,0.844,0.0625,0.418,0.858;aaaaaaaa;
a;0.486,0.33,0.602,0.457,0.0494,0.497,0.318,0.389,0.858,0.698;a;
a;0.746,0.822,0.103,0.114,0.834,0.207,0.661,0.516,0.782,0.546;aaaaa;
a;0.954,0.711,0.0722,0.8,0.81,0.758,0.755,0.49,0.338,0.138;aaaaaa;
a;0.934,0.787,0.627,0.364,0.772,0.795,0.306,0.0333,0.114,0.878;aaaaaaaaaa;
a;0.549,0.713,0.249,0.393,0.865,0.843,0.992,0.78,0.71,0.82;aaa;
a;0.302,0.554,0.112,0.00258,0.442,0.398,0.0638,0.649,0.0184,0.222;aaa;
a;0.606,0.545,0.465,0.873,0.11,0.118,0.44,0.178,0.269,0.127;aaaa;
a;0.247,0.371,0.442,0.42,0.232,0.963,0.532,0.303,0.0613,0.985;aaaaaa;
a;0.12,0.0143,0.518,0.588,0.0323,0.402,0.109,0.741,0.153,0.207;aaa;
a;0.117,0.168,0.555,0.634,0.101,0.247,0.115,0.498,0.232,0.946;aaaaa;
a;0.0751,0.364,0.249,0.576,0.798,0.708,0.279,0.929,0.243,0.263;aaaaaaaaaa;
a;0.794,0.989,0.0994,0.932,0.715,0.682,0.911,0.209,0.78,0.835;a;
a;0.393,0.693,0.559,0.902,0.567,0.287,0.527,0.478,0.67,0.716;aaaaaaaaaa;
a;0.0892,0.288,0.317,0.192,0.644,0.604,0.295,0.91,0.876,0.339;aaaaaaaaaa;
a;0.953,0.31,0.279,0.0414,0.27,0.867,0.375,0.0751,0.554,0.378;aaaa;
a;0.772,0.932,0.315,0.862,0.821,0.731,0.997,0.13,0.661,0.428;aaaaa;
a;0.827,0.414,0.046,0.461,0.0112,0.935,0.702,0.317,0.23,0.342;a;
a;0.962,0.21,0.575,0.502,0.904,0.514,0.907,0.236,0.685,0.756;aaaaa;
a;0.0537,0.529,0.1,0.333,0.555,0.916,0.328,0.262,0.00527,0.298;aaaaa;
a;0.715,0.484,0.208,0.484,0.0349,0.895,0.234,0.112,0.902,0.246;aaaaaaa;
a;0.52,0.988,0.0641,0.954,0.579,0.76,0.477,0.81,0.44,0.0481;aaaa;
a;0.907,0.907,0.959,0.0242,0.935,0.529,0.346,0.0347,0.338,0.813;aaaaaaaaaa;
a;0.623,0.189,0.306,0.185,0.295,0.971,0.972,0.491,0.982,0.67;aaaaaaaa;
a;0.684,0.0304,0.157,0.788,0.728,0.34,0.357,0.485,0.0313,0.465;aaaaaaaaaa;
a;0.587,0.987,0.525,0.806,0.0796,0.205,0.293,0.157,0.343,0.314;aaaaaaaa;
a;0.378,0.56,0.538,0.775,0.398,0.875,0.521,0.349,0.65,0.951;aaaaaaaa;
a;0.555,0.865,0.471,0.0207,0.0873,0.616,0.657,0.72,0.909,0.538;aaaaaa;
a;0.59,0.672,0.365,0.321,0.827,0.0203,0.888,0.275,0.972,0.923;aaaaaaaaa;
a;0.793,0.523,0.607,0.554,0.453,0.975,0.315,0.396,0.241,0.148;aaaaaaaa;
a;0.267,0.971,0.408,0.147,0.807,0.147,0.236,0.983,0.295,0.525;a;
a;0.508,0.862,0.735,0.0991,0.649,0.615,0.893,0.26,0.121,0.356;aaaa;
a;0.00314,0.252,0.296,0.818,0.287,0.573,0.848,0.977,0.248,0.739;aa;
a;0.81,0.458,0.292,0.404,0.158,0.199,0.939,0.258,0.371,0.895;aaaaaaaaaa;
a;0.828,0.118,0.973,0.661,0.582,0.0706,0.746,0.0148,0.8,0.384;aaaaaaaaa;
a;0.705,0.935,0.445,0.347,0.245,0.608,0.423,0.201,0.263,0.111;aaaaaa;
a;0.69,0.782,0.972,0.612,0.876,0.587,0.368,0.539,0.981,0.662;aaaa;
a;0.422,0.631,0.521,0.88,0.72,0.0625,0.107,0.952,0.965,0.836;aaa;
a;0.164,0.258,0.476,0.0268,0.534,0.298,0.848,0.451,0.329,0.756;aaaa;
a;0.447,0.369,0.533,0.929,0.329,0.771,0.991,0.294,0.775,0.214;aaaaaa;
a;0.604,0.947,0.699,0.804,0.226,0.0791,0.802,0.924,0.776,0.719;a;
a;0.753,0.358,0.893,0.728,0.429,0.708,0.515,0.119,0.0138,0.0209;aaaaaaa;
a;0.756,0.29,0.116,0.696,0.186,0.514,0.445,0.0867,0.666,0.973;aaaaa;
a;0.272,0.593,0.666,0.0498,0.602,0.852,0.83,0.12,0.805,0.892;aaaaaaaaa;
a;0.428,0.238,0.773,0.291,0.768,0.0337,0.974,0.0597,0.929,0.889;aaaaa;
a;0.0942,0.217,0.606,0.833,0.566,0.52,0.871,0.607,0.771,0.336;aaaaaaaaa;
a;0.0856,0.404,0.241,0.603,0.901,0.0658,0.624,0.491,0.769,0.747;aaaaaaaa;
a;0.192,0.72,0.00435,0.808,0.0588,0.381,0.448,0.144,0.502,0.0354;aaaaa;
a;0.0517,0.457,0.314,0.477,0.933,0.186,0.61,0.71,0.559,0.165;aaaaaaaa;
a;0.706,0.891,0.546,0.874,0.742,0.28,0.991,0.299,0.908,0.0709;aaaaaaaa;
a;0.873,0.811,0.351,0.29,0.793,0.98,0.145,0.0592,0.785,0.553;a;
a;0.476,0.646,0.513,0.505,0.693,0.804,0.168,0.344,0.387,0.36;aa;
a;0.517,0.264,0.148,0.381,0.0385,0.26,0.695,0.588,0.487,0.394;aaaaaaaa;
a;0.453,0.282,0.84,0.633,0.905,0.937,0.283,0.794,0.945,0.174;aaa;
a;0.942,0.246,0.163,0.0937,0.64,0.741,0.252,0.0355,0.131,0.195;aaaaa;
a;0.354,0.795,0.692,0.721,0.307,0.983,0.383,0.311,0.0686,0.465;aaa;
a;0.45,0.811,0.246,0.781,0.241,0.676,0.76,0.847,0.417,0.0193;aaaa;
a;0.768,0.367,0.72,0.603,0.721,0.818,0.606,0.63,0.91,0.5;aaaaaa;
a;0.574,0.466,0.848,0.795,0.216,0.762,0.286,0.946,0.861,0.0346;aaaaaaaaaa;
a;0.709,0.0234,0.8,0.649,0.975,0.453,0.574,0.287,0.68,0.841;aaaaaaaaaa;
a;0.0282,0.738,0.449,0.577,0.0497,0.992,0.588,0.679,0.881,0.217;aaa;
a;0.104,0.805,0.75,0.661,0.117,0.934,0.916,0.274,0.492,0.708;aaaaa;
a;0.68,0.253,0.437,0.24,0.162,0.282,0.0642,0.375,0.905,0.143;aaaaaaaaa;
a;0.341,0.183,0.741,0.91,0.851,0.927,0.0132,0.542,0.841,0.606;aaaaaaaa;
a;0.0972,0.365,0.742,0.0294,0.914,0.551,0.709,0.822,0.883,0.611;aaa;
a;0.184,0.71,0.622,0.652,0.3,0.286,0.526,0.948,0.512,0.376;aaaa;
a;0.909,0.988,0.644,0.263,0.49,0.0962,0.0311,0.979,0.822,0.317;aaaaaaaaa;
a;0.771,0.177,0.849,0.293,0.232,0.651,0.402,0.819,0.327,0.792;aaaaaaaaaa;
a;0.804,0.139,0.67,0.287,0.61,0.315,0.0826,0.184,0.019,0.376;aaaaaa;
a;0.718,0.688,0.0788,0.105,0.0229,0.598,0.289,0.293,0.517,0.953;aaaaa;
a;0.762,0.615,0.251,0.319,0.666,0.694,0.0359,0.113,0.583,0.425;aaaaaaa;
a;0.355,0.905,0.822,0.844,0.129,0.393,0.203,0.5,0.479,0.706;aaaaaaaa;
a;0.752,0.615,0.914,0.797,0.615,0.397,0.683,0.246,0.152,0.936;aaaa;
a;0.624,0.419,0.594,0.129,0.637,0.73,0.886,0.146,0.0181,0.965;aaaaaaaa;
a;0.312,0.176,0.393,0.854,0.932,0.301,0.498,0.536,0.856,0.345;a;
a;0.646,0.0466,0.981,0.426,0.373,0.921,0.474,0.365,0.316,0.218;aaaaa;
a;0.282,0.326,0.907,0.971,0.0679,0.916,0.572,0.117,0.987,0.197;aaaaaaaa;
a;0.107,0.972,0.944,0.297,0.0861,0.293,0.659,0.182,0.301,0.574;aa;
a;0.99,0.587,0.97,0.772,0.555,0.368,0.814,0.0666,0.61,0.62;aaaaaaaa;
a;0.36,0.303,0.143,0.323,0.029,0.758,0.555,0.88,0.634,0.181;aaaaaaaaa;
a;0.949,0.378,0.685,0.677,0.985,0.0191,0.627,0.823,0.276,0.19;aaaaaa;
a;0.676,0.3,0.827,0.281,0.914,0.793,0.248,0.44,0.54,0.238;aaaaaaaa;
a;0.636,0.437,0.979,0.346,0.548,0.783,0.74,0.154,0.504,0.548;aaaaaaaa;
a;0.95,0.221,0.459,0.699,0.766,0.352,0.00948,0.371,0.621,0.184;aaaa;
a;0.548,1,0.12,0.445,0.8,0.78,0.0789,0.255,0.291,0.224;aaaaaaaa;
a;0.931,0.229,0.148,0.61,0.123,0.365,0.728,0.189,0.939,0.383;aaaaaaaa;
a;0.129,0.658,0.557,0.349,0.00765,0.296,0.677,0.27,0.813,0.781;aaaaaaa;
a;0.763,0.931,0.786,0.404,0.377,0.188,0.263,0.898,0.41,0.921;aaa;
a;0.671,0.198,0.975,0.889,0.53,0.837,0.352,0.528,0.804,0.325;aaaaaaaaaa;
a;0.0815,0.964,0.225,0.676,0.26,0.611,0.698,0.47,0.962,0.798;aaaaa;
a;0.303,0.564,0.219,0.0663,0.892,0.468,0.772,0.228,0.869,0.14;aaa;
a;0.287,0.448,0.596,0.852,0.344,0.161,0.275,0.568,0.41,0.166;aaaaaaa;
a;0.0889,0.54,0.823,0.981,0.793,0.702,0.162,0.692,0.341,0.934;aaaaaaa;
a;0.171,0.363,0.828,0.49,0.246,0.338,0.139,0.897,0.265,0.137;a;
a;0.512,0.979,0.179,0.958,0.903,0.689,0.277,0.594,0.909,0.855;aaaaaaaa;
a;0.904,0.402,0.994,0.519,0.459,0.355,0.126,0.765,0.546,0.278;aaaaaaa;
a;0.488,0.428,0.338,0.966,0.0513,0.765,0.82,0.424,0.76,0.0911;aaaaaaaa;
a;0.526,0.548,0.263,0.855,0.321,0.999,0.555,0.751,0.999,0.977;aaaaaaaa;
a;0.566,0.493,0.653,0.522,0.62,0.177,0.7,0.899,0.116,0.737;aaaa;
a;0.551,0.00955,0.538,0.845,0.402,0.161,0.0448,0.0643,0.747,0.507;a;
a;0.594,0.928,0.897,0.52,0.449,0.715,0.471,0.543,0.541,0.753;aaaa;
a;0.615,0.789,0.538,0.0116,0.116,0.522,0.974,0.812,0.221,0.25;aaaaaaaaaa;
a;0.147,0.556,0.126,0.497,0.767,0.235,0.357,0.119,0.982,0.629;aaaaaaaa;
a;0.945,0.764,0.724,0.645,0.416,0.541,0.538,0.525,0.513,0.248;aaaaaa;
a;0.0524,0.625,0.708,0.49,0.511,0.852,0.813,0.689,0.0562,0.906;aaaaa;
a;0.614,0.714,0.12,0.826,0.987,0.0249,0.417,0.733,0.71,0.607;aaaaa;
a;0.768,0.761,0.407,0.458,0.912,0.698,0.911,0.632,0.748,0.0959;aaaaaaaaaa;
a;0.534,0.572,0.745,0.552,0.588,0.00345,0.9,0.508,0.438,0.49;aaaaaaaa;
a;0.504,0.621,0.206,0.657,0.897,0.631,0.766,0.564,0.78,0.0281;aaa;
a;0.971,0.858,0.754,0.743,0.433,0.0791,0.145,0.366,0.564,0.147;aaaaaaaaa;
a;0.962,0.0985,0.0943,0.185,0.809,0.5,0.596,0.546,0.767,0.62;aaaaaaaa;
a;0.0326,0.14,0.121,0.462,0.351,0.716,0.147,0.807,0.186,0.889;aaa;
a;0.305,0.68,0.431,0.082,0.792,0.366,0.245,0.408,0.783,0.528;aaaa;
a;0.983,0.384,0.313,0.376,0.555,0.283,0.557,0.808,0.925,0.238;aa;
a;0.684,0.626,0.000596,0.752,0.949,0.869,0.498,0.942,0.809,0.711;aa;
a;0.617,0.175,0.12,0.488,0.375,0.116,0.043,0.951,0.558,0.753;aaaa;
a;0.596,0.25,0.672,0.758,0.777,0.835,0.753,0.393,0.795,0.476;aaaaaaa;
a;0.526,0.105,0.917,0.164,0.396,0.762,0.325,0.0431,0.444,0.672;aaaaa;
a;0.926,0.00528,0.912,0.477,0.386,0.441,0.216,0.842,0.874,0.263;aaaaaaaaaa;
a;0.825,0.915,0.366,0.403,0.683,0.872,0.95,0.153,0.355,0.348;aaaaaaaaaa;
a;0.791,0.896,0.247,0.779,0.36,0.529,0.637,0.937,0.117,0.314;aaaaaa;
a;0.284,0.547,0.811,0.673,0.897,0.751,0.191,0.729,0.843,0.808;aaaaa;
a;0.1,0.319,0.493,0.44,0.919,0.629,0.0511,0.737,0.244,0.83;aaaa;
a;0.395,0.645,0.596,0.31,0.503,0.538,0.471,0.953,0.975,0.276;aaaaaa;
a;0.761,0.131,0.349,0.808,0.127,0.392,0.653,0.191,0.499,0.578;aaa;
a;0.432,0.8,0.338,0.671,0.587,0.27,0.41,0.794,0.602,0.0113;aaaaaaa;
a;0.778,0.269,0.444,0.0758,0.774,0.358,0.869,0.089,0.986,0.918;aaaaaa;
a;0.821,0.7,0.394,0.866,0.236,0.602,0.585,0.956,0.628,0.373;aa;
a;0.303,0.55,0.838,0.888,0.729,0.381,0.121,0.996,0.144,0.556;aaaaaaaa;
a;0.298,0.902,0.653,0.154,0.544,0.245,0.105,0.754,0.561,0.306;aaaaaaaaa;
a;0.492,0.0425,0.962,0.154,0.465,0.672,0.259,0.353,0.196,0.138;aaaa;
a;0.956,0.329,0.76,0.481,0.727,0.451,0.0823,0.658,0.936,0.345;aaa;
a;0.244,0.448,0.884,0.613,0.809,0.436,0.309,0.0191,0.0729,0.878;aaaaaaaa;
a;0.00395,0.735,0.529,0.0311,0.0208,0.407,0.974,0.0999,0.85,0.344;aaaaa;
a;0.777,0.481,0.293,0.222,0.572,0.445,0.77,0.339,0.24,0.358;a;
a;0.0969,0.0685,0.624,0.0554,0.704,0.444,0.842,0.422,0.457,0.61;aaaaaaaaa;
a;0.661,0.785,0.469,0.924,0.586,0.515,0.707,0.962,0.749,0.502;aaaa;
a;0.854,0.847,0.0896,0.382,0.654,0.622,0.987,0.379,0.955,0.248;aaaaaa;
a;0.632,0.318,0.859,0.686,0.0884,0.56,0.708,0.814,0.341,0.0896;aaa;
a;0.88,0.347,0.791,0.598,0.839,0.927,0.0159,0.338,0.976,0.54;aaaaaaa;
a;0.651,0.488,0.157,0.197,0.772,0.931,0.69,0.126,0.0956,0.137;aaaaaaaa;
a;0.224,0.569,0.628,0.579,0.912,0.37,0.826,0.39,0.141,0.346;aaaa;
a;0.455,0.606,0.804,0.355,0.195,0.993,0.864,0.313,0.545,0.601;aaaaaaaaaa;
a;0.651,0.291,0.388,0.573,0.124,0.606,0.54,0.0398,0.629,0.0833;aa;
a;0.0961,0.717,0.0202,0.993,0.725,0.0919,0.666,0.573,0.586,0.488;aaaa;
a;0.252,0.605,0.298,0.223,0.315,0.596,0.674,0.943,0.149,0.23;aaaaaaaaaa;
a;0.225,0.46,0.139,0.0264,0.359,0.998,0.514,0.667,0.266,0.198;aaa;
a;0.328,0.893,0.651,0.675,0.133,0.133,0.822,0.332,0.687,0.137;aaaaaaaaaa;
a;0.981,0.163,0.966,0.92,0.854,0.286,0.637,0.0904,0.454,0.369;aaaaaaa;
a;0.856,0.856,0.114,0.433,0.233,0.476,0.378,0.517,0.372,0.0357;aa;
a;0.181,0.705,0.121,0.0676,0.832,0.352,0.579,0.152,0.176,0.763;aaaaaaaa;
a;0.603,0.43,0.664,0.213,0.0714,0.126,0.122,0.0292,0.856,0.075;aaaaaaaaa;
a;0.946,0.983,0.559,0.464,0.384,0.907,0.632,0.349,0.296,0.35;aaaaaaaaaa;
a;0.221,0.724,0.725,0.154,0.497,0.654,0.797,0.923,0.977,0.482;aaaaaaaaa;
a;0.702,0.971,0.14,0.069,0.102,0.248,0.185,0.778,0.595,0.0566;aaaaaaa;
a;0.414,0.329,0.391,0.851,0.185,0.115,0.431,0.728,0.514,0.534;aaaaaaa;
a;0.878,0.532,0.599,0.0772,0.986,0.235,0.677,0.984,0.605,0.793;a;
a;0.753,0.879,0.109,0.525,0.943,0.188,0.6,0.357,0.75,0.0864;aaaaaa;
a;0.727,0.391,0.522,0.5,0.637,0.495,0.436,0.62,0.473,0.343;aa;
a;0.184,0.191,0.961,0.425,0.891,0.365,0.465,0.979,0.899,0.371;aa;
a;0.169,0.076,0.235,0.827,0.686,0.33,0.926,0.733,0.475,0.459;aaaaaaa;
a;0.623,0.868,0.768,0.173,0.975,0.522,0.00472,0.776,0.983,0.253;aaaaaa;
a;0.687,0.0883,0.238,0.0464,0.371,0.196,0.552,0.678,0.243,0.161;aa;
a;0.18,0.595,0.284,0.691,0.442,0.0787,0.577,0.749,0.337,0.136;aa;
a;0.848,0.884,0.895,0.941,0.644,0.142,0.639,0.555,0.821,0.435;aaaaa;
a;0.989,0.896,0.865,0.328,0.404,0.386,0.927,0.667,0.908,0.639;aaaaaaaaa;
a;0.671,0.0917,0.831,0.96,0.723,0.425,0.844,0.33,0.0966,0.715;aaa;
a;0.167,0.154,0.155,0.000348,0.498,0.509,0.762,0.918,0.273,0.902;a;
a;0.454,0.101,0.575,0.325,0.749,0.0575,0.405,0.676,0.21,0.275;aaaaaaaaa;
a;0.41,0.728,0.236,0.607,0.211,0.514,0.0387,0.436,0.0129,0.44;a;
a;0.451,0.587,0.35,0.165,0.597,0.898,0.0105,0.809,0.528,0.282;aa;
a;0.321,0.924,0.311,0.11,0.25,0.536,0.059,0.232,0.549,0.913;aa;
a;0.858,0.953,0.247,0.536,0.87,0.163,0.744,0.999,0.717,0.483;aaaaaaaa;
a;0.244,0.31,0.505,0.72,0.588,0.783,0.178,0.698,0.779,0.877;aaaaaa;
a;0.747,0.997,0.888,0.92,0.39,0.801,0.0604,0.256,0.998,0.246;aaaaaaaa;
a;0.0929,0.418,0.176,0.526,0.0319,0.000122,0.325,0.884,0.602,0.0855;aaaaaaaa;
a;0.268,0.478,0.981,0.809,0.395,0.0122,0.742,0.0768,0.37,0.594;aaaaa;
a;0.954,0.114,0.564,0.759,0.711,0.616,0.686,0.703,0.959,0.864;a;
a;0.0325,0.848,0.781,0.236,0.867,0.875,0.496,0.625,0.135,0.756;aaaaaaaaa;
a;0.321,0.119,0.258,0.916,0.98,0.486,0.266,0.173,0.489,0.834;aaaaaa;
a;0.83,0.757,0.432,0.633,0.0716,0.107,0.495,0.557,0.216,0.502;aaa;
a;0.705,0.0119,0.587,0.825,0.255,0.939,0.833,0.821,0.639,0.0322;aaa;
a;0.206,0.289,0.133,0.603,0.315,0.836,0.31,0.282,0.584,0.856;aaaaaaaaa;
a;0.533,0.469,0.976,0.72,0.613,0.557,0.585,0.393,0.683,0.246;aaaaaaaaa;
a;0.903,0.0594,0.738,0.503,0.249,0.907,0.00873,0.517,0.988,0.3;aaaaaaaa;
a;0.154,0.678,0.581,0.515,0.394,0.153,0.767,0.329,0.592,0.351;aaa;
a;0.725,0.0145,0.74,0.161,0.37,0.844,0.37,0.64,0.307,0.9;aaaaaaaaa;
a;0.334,0.376,0.667,0.532,0.827,0.347,0.00435,0.256,0.583,0.199;aaaaaaaa;
a;0.281,0.613,0.403,0.349,0.85,0.132,0.564,0.749,0.265,0.887;aa;
a;0.69,0.112,0.536,0.91,0.818,0.923,0.391,0.633,0.0216,0.407;aaaaa;
a;0.881,0.105,0.48,0.569,0.329,0.373,0.547,0.216,0.696,0.971;aaaaaa;
a;0.135,0.882,0.877,0.878,0.766,0.764,0.638,0.124,0.0393,0.0863;aaaaaaaaaa;
a;0.355,0.352,0.689,0.522,0.732,0.294,0.89,0.0182,0.727,0.536;aaaaaa;
a;0.222,0.548,0.125,0.668,0.739,0.156,0.892,0.393,0.177,0.168;a;
a;0.421,0.508,0.787,0.684,0.0459,0.788,0.85,0.65,0.584,0.651;aa;
a;0.734,0.367,0.874,0.415,0.734,0.937,0.458,0.236,0.593,0.702;aaaaaaaaaa;
a;0.73,0.411,0.802,0.553,0.0656,0.502,0.353,0.209,0.0643,0.374;a;
a;0.743,0.241,0.835,0.397,0.142,0.0416,0.913,0.124,0.343,0.554;aaa;
a;0.376,0.471,0.362,0.0763,0.524,0.0178,0.0318,0.352,0.322,0.436;aaaaa;
a;0.929,0.464,0.295,0.519,0.324,0.96,0.328,0.644,0.0468,0.0289;aa;
a;0.351,0.277,0.435,0.39,0.796,0.418,0.896,0.276,0.0115,0.944;aa;
a;0.899,0.189,0.482,0.16,0.746,0.687,0.626,0.169,0.558,0.622;aaaaaaaaaa;
a;0.507,0.6,0.163,0.424,0.783,0.891,0.75,0.5,0.933,0.628;aaaaa;
a;0.232,0.681,0.89,0.734,0.00613,0.599,0.474,0.889,0.072,0.224;aaaaaaaaaa;
a;0.122,0.643,0.831,0.0408,0.945,0.991,0.443,0.916,0.19,0.121;aaaaaaaaa;
a;0.389,0.832,0.945,0.947,0.413,0.229,0.878,0.936,0.587,0.854;aaa;
a;0.172,0.998,0.343,0.614,0.184,0.365,0.678,0.528,0.246,0.0579;aaaaaaa;
a;0.809,0.435,0.117,0.247,0.747,0.135,0.782,0.44,0.787,0.000772;aaaaaaaaaa;
a;0.863,0.361,0.978,0.901,0.637,0.0803,0.522,0.483,0.402,0.952;aaa;
a;0.398,0.0866,0.0741,0.522,0.651,0.308,0.922,0.622,0.0523,0.594;aaaaaa;
a;0.805,0.414,0.652,0.979,0.472,0.668,0.273,0.0471,0.874,0.183;aaaaaaaaaa;
a;0.291,0.962,0.276,0.621,0.351,0.711,0.824,0.814,0.906,0.296;aaaaaaaaa;
a;0.425,0.163,0.843,0.771,0.685,0.88,0.0841,0.773,0.853,0.213;aaaaaa;
a;0.731,0.621,0.699,0.865,0.569,0.5,0.762,0.88,0.499,0.0354;a;
a;0.868,0.444,0.622,0.00909,0.725,0.858,0.433,0.604,0.2,0.0134;aa;
a;0.473,0.915,0.141,0.824,0.218,0.151,0.837,0.313,0.0241,0.255;aaaa;
a;0.113,0.175,0.724,0.0552,0.0964,0.135,0.355,0.774,0.495,0.868;aa;
a;0.306,0.45,0.116,0.896,0.738,0.0962,0.845,0.0672,0.985,0.857;aaa;
a;0.467,0.742,0.628,0.237,0.0563,0.367,0.46,0.262,0.755,0.609;a;
a;0.00295,0.496,0.456,0.0332,0.117,0.388,0.978,0.817,0.837,0.83;aaaaa;
a;0.724,0.209,0.493,0.0801,0.809,0.505,0.245,0.123,0.207,0.79;aaaa;
a;0.803,0.113,0.0397,0.998,0.364,0.836,0.723,0.015,0.445,0.964;aaa;
a;0.571,0.385,0.922,0.598,0.659,0.546,0.994,0.756,0.399,0.477;aaaaaa;
a;0.355,0.0707,0.2,0.413,0.513,0.987,0.584,0.96,0.18,0.658;aaaaaaaaa;
a;0.926,0.442,0.994,0.0402,0.0295,0.829,0.561,0.796,0.437,0.1;aaaa;
a;0.47,0.554,0.654,0.653,0.0177,0.124,0.249,0.261,0.00822,0.00901;aa;
a;0.224,0.113,0.129,0.679,0.631,0.286,0.599,0.966,0.494,0.87;aaaa;
a;0.139,0.729,0.562,0.647,0.0718,0.0692,0.0893,0.79,0.496,0.581;aaaaaaa;
a;0.685,0.951,0.721,0.328,0.192,0.163,0.374,0.201,0.535,0.897;aaaaaaa;
a;0.902,0.109,0.765,0.107,0.185,0.0579,0.455,0.213,0.581,0.524;aaa;
a;0.533,0.792,0.979,0.628,0.797,0.171,0.612,0.784,0.323,0.336;aaa;
a;0.09,0.465,0.219,0.546,0.58,0.318,0.521,0.619,0.0258,0.166;aaa;
a;0.314,0.318,0.0199,0.224,0.313,0.635,0.888,0.246,0.924,0.653;aaaaaaa;
a;0.48,0.0642,0.174,0.992,0.52,0.34,0.628,0.461,0.103,0.208;aaaaa;
a;0.865,0.271,0.103,0.42,0.295,0.178,0.717,0.587,0.514,0.308;aaaaa;
a;0.0632,0.447,0.721,0.0945,0.142,0.444,0.683,0.27,0.383,0.994;aaaaaaaa;
a;0.848,0.88,0.284,0.11,0.0328,0.257,0.387,0.241,0.707,0.723;aaaaaaaaaa;
a;0.708,0.255,0.263,0.313,0.621,0.743,0.295,0.605,0.769,0.101;aa;
a;0.0521,0.143,0.437,0.0777,0.158,0.655,0.625,0.369,0.422,0.945;aaa;
a;0.071,0.942,0.0301,0.649,0.329,0.4,0.922,0.867,0.43,0.424;aa;
a;0.869,0.142,0.8,0.976,0.491,0.912,0.532,0.379,0.374,0.35;aaaaaaaaaa;
a;0.428,0.653,0.704,0.356,0.171,0.959,0.809,0.028,0.266,0.322;aaaaaaaaaa;
a;0.939,0.552,0.845,0.334,0.325,0.156,0.102,0.127,0.0802,0.203;aa;
a;0.167,0.909,0.409,0.0384,0.0012,0.432,0.364,0.472,0.552,0.716;aaaaaaaa;
a;0.762,0.995,0.303,0.612,0.956,0.427,0.432,0.454,0.686,0.744;aaaaaaaaa;
a;0.723,0.715,0.339,0.397,0.737,0.739,0.53,0.661,0.0912,0.473;aaaaaa;
a;0.737,0.923,0.542,0.614,0.523,0.796,0.636,0.585,0.129,0.0222;aa;
a;0.874,0.673,0.946,0.955,0.276,0.359,0.608,0.959,0.0596,0.738;aaaa;
a;0.154,0.0493,0.63,0.39,0.759,0.0258,0.0515,0.695,0.83,0.0565;aaaaa;
a;0.441,0.432,0.405,0.609,0.626,0.266,0.676,0.854,0.949,0.176;aa;
a;0.444,0.646,0.26,0.554,0.147,0.988,0.457,0.51,0.618,0.662;aaaaaaa;
a;0.906,0.261,0.343,0.266,0.938,0.637,0.741,0.0384,0.734,0.668;aaaaa;
a;0.635,0.22,0.645,0.0137,0.691,0.653,0.684,0.54,0.512,0.971;aaaaaaa;
a;0.635,0.935,0.37,0.692,0.376,0.973,0.0299,0.948,0.272,0.149;aaaaaaaaaa;
a;0.0252,0.547,0.242,0.0931,0.361,0.664,0.348,0.185,0.132,0.254;aaaaaa;
a;0.845,0.667,0.865,0.963,0.132,0.0745,0.698,0.778,0.425,0.633;aaaaaaaaa;
a;0.897,0.688,0.648,0.818,0.847,0.545,0.351,0.96,0.29,0.712;aaaaaaaa;
a;0.421,0.421,0.576,0.715,0.558,0.893,0.521,0.241,0.278,0.777;aaaaaaaaaa;
a;0.163,0.634,0.837,0.171,0.445,0.389,0.506,0.0197,0.0937,0.543;aaaaaaaa;
a;0.964,0.394,0.486,0.244,0.743,0.521,0.0573,0.567,0.275,0.939;aaa;
a;0.975,0.755,0.814,0.93,0.889,0.225,0.803,0.545,0.071,0.396;aaaaaa;
a;0.145,0.0485,0.0362,0.439,0.249,0.0438,0.454,0.864,0.42,0.843;aaaa;
a;0.666,0.484,0.0932,0.35,0.847,0.777,0.0441,0.989,0.384,0.824;aaaaaaaaa;
a;0.88,0.782,0.366,0.91,0.69,0.406,0.705,0.374,0.726,0.971;aaaaa;
a;0.126,0.858,0.443,0.493,0.264,0.881,0.665,0.946,0.232,0.355;aaaa;
a;0.75,0.707,0.464,0.737,0.0475,0.824,0.668,0.918,0.979,0.131;aaaaaaaaa;
a;0.0387,0.332,0.513,0.501,0.632,0.881,0.682,0.418,0.935,0.9;aaaaaaaaaa;
a;0.1,0.0522,0.936,0.29,0.41,0.977,0.298,0.841,0.24,0.801;aaaaaa;
a;0.757,0.834,0.794,0.632,0.541,0.74,0.0537,0.174,0.566,0.804;aaaaa;
a;0.726,0.364,0.342,0.159,0.025,0.36,0.123,0.0507,0.751,0.611;a;
a;0.575,0.204,0.569,0.449,0.518,0.682,0.908,0.751,0.83,0.931;aaaaaaa;
a;0.705,0.821,0.0234,0.556,0.131,0.311,0.103,0.151,0.552,0.831;a;
a;0.44,0.599,0.608,0.832,0.992,0.253,0.329,0.231,0.41,0.169;aaaa;
a;0.476,0.923,0.112,0.767,0.251,0.949,0.365,0.898,0.546,0.0678;aaaaaaaaa;
a;0.375,0.891,0.861,0.54,0.304,0.655,0.0823,0.826,0.876,0.812;aa;
a;0.098,0.492,0.401,0.0991,0.722,0.00269,0.615,0.738,0.287,0.465;a;
a;0.326,0.534,0.456,0.913,0.567,0.249,0.798,0.586,0.346,0.31;aaaaaaaaa;
a;0.664,0.546,0.474,0.356,0.739,0.327,0.31,0.332,0.809,0.853;aaaaa;
a;0.307,0.826,0.56,0.977,0.264,0.323,0.786,0.152,0.224,0.103;aaa;
a;0.828,0.0667,0.277,0.0483,0.916,0.765,0.404,0.0852,0.475,0.911;aaaaa;
a;0.144,0.885,0.138,0.414,0.964,0.351,0.991,0.795,0.151,0.431;aaaa;
a;0.158,0.963,0.621,0.103,0.139,0.335,0.35,0.64,0.00243,0.586;aaaaaaaaa;
a;0.0873,0.36,0.625,0.602,0.873,0.227,0.448,0.712,0.875,0.168;aaaaaaa;
a;0.029,0.602,0.762,0.556,0.953,0.456,0.398,0.545,0.215,0.996;aaaaa;
a;0.287,0.16,0.392,0.0109,0.79,0.671,0.264,0.84,0.901,0.138;a;
a;0.983,0.133,0.464,0.607,0.627,0.431,0.926,0.563,0.876,0.0447;aa;
a;0.545,0.13,0.547,0.748,0.415,0.58,0.529,0.377,0.553,0.0941;aaaaaaa;
a;0.317,0.0585,0.856,0.637,0.133,0.356,0.539,0.892,0.588,0.758;aaaaaaaa;
a;0.845,0.715,0.608,0.622,0.864,0.793,0.102,0.0135,0.708,0.0831;aaaaaaaaa;
a;0.338,0.977,0.0321,0.753,0.209,0.977,0.638,0.557,0.391,0.109;aaaaaa;
a;0.347,0.466,0.699,0.779,0.482,0.365,0.53,0.724,0.994,0.571;aa;
a;0.182,0.76,0.379,0.748,0.175,0.752,0.613,0.926,0.709,0.566;aaa;
a;0.533,0.897,0.658,0.13,0.806,0.709,0.498,0.396,0.118,0.265;aaaaaa;
a;0.895,0.711,0.648,0.501,0.899,0.29,0.649,0.8,0.692,0.172;aa;
a;0.741,0.2,0.441,0.991,0.423,0.662,0.576,0.698,0.543,0.823;aaaaaaaa;
a;0.195,0.00254,0.509,0.0844,0.413,0.0632,0.642,0.046,0.337,0.429;aaa;
a;0.385,0.805,0.643,0.964,0.0256,0.741,0.724,0.481,0.968,0.303;aaaaaaa;
a;0.253,0.564,0.86,0.6,0.825,0.0759,0.805,0.753,0.145,0.129;aaaaaaaaaa;
a;0.249,0.316,0.187,0.944,0.319,0.586,0.715,0.489,0.28,0.0899;aaaaaa;
a;0.521,0.177,0.211,0.231,0.755,0.221,0.942,0.864,0.525,0.925;aaa;
a;0.0233,0.571,0.596,0.222,0.999,0.0874,0.936,0.791,0.988,0.323;aaaaaaaa;
a;0.625,0.763,0.749,0.745,0.192,0.797,0.441,0.552,0.325,0.697;aaaaa;
a;0.202,0.712,0.971,0.0301,0.75,0.171,0.124,0.0567,0.824,0.775;aaaaa;
a;0.492,0.745,0.553,0.8,0.414,0.332,0.814,0.515,0.963,0.0169;aaaaa;
a;0.326,0.576,0.679,0.326,0.525,0.373,0.418,0.311,0.418,0.775;aaaa;
a;0.271,0.637,0.382,0.447,0.562,0.181,0.119,0.399,0.515,0.502;aaaa;
a;0.849,0.3,0.503,0.22,0.674,0.332,0.701,0.00316,0.272,0.399;aaaaa;
a;0.0204,0.302,0.402,0.826,0.0707,0.144,0.546,0.797,0.635,0.00874;aaaaaa;
a;0.193,0.197,0.234,0.827,0.308,0.239,0.942,0.255,0.945,0.371;aaaaaaaaa;
a;0.693,0.354,0.437,0.276,0.105,0.174,0.236,0.418,0.311,0.127;aaaaaaa;
a;0.305,0.194,0.597,0.67,0.133,0.177,0.893,0.0783,0.796,0.0295;aaaaaaaaa;
a;0.777,0.421,0.507,0.147,0.102,0.0666,0.808,0.802,0.156,0.421;aaaaaaaaa;
a;0.936,0.863,0.252,0.408,0.604,0.618,0.857,0.887,0.0375,0.569;aaaaaa;
a;0.221,0.762,0.767,0.539,0.971,0.524,0.753,0.12,0.955,0.168;a;
a;0.661,0.623,0.527,0.109,0.765,0.904,0.03,0.94,0.491,0.17;aaaa;
a;0.986,0.121,0.848,0.921,0.83,0.491,0.553,0.795,0.579,0.846;a;
a;0.964,0.931,0.57,0.843,0.0154,0.88,0.746,0.771,0.0924,0.269;aaaaaaaaa;
a;0.85,0.213,0.684,0.471,0.439,0.853,0.588,0.288,0.945,0.0649;aaaaa;
a;0.0354,0.718,0.225,0.532,0.435,0.366,0.602,0.843,0.623,0.788;aaaaaaaaaa;
a;0.726,0.455,0.396,0.934,0.502,0.619,0.841,0.727,0.553,0.935;aaaaaaaa;
a;0.639,0.657,0.00939,0.824,0.0105,0.106,0.614,0.757,0.776,0.585;aaaaa;
a;0.0572,0.335,0.317,0.0613,0.66,0.255,0.966,0.889,0.988,0.462;a;
a;0.162,0.635,0.652,0.0792,0.418,0.365,0.0161,0.919,0.973,0.868;aaaaaaaa;
a;0.203,0.697,0.0046,0.709,0.216,0.385,0.239,0.863,0.271,0.517;aaaaaa;
a;0.127,0.641,0.753,0.14,0.194,0.983,0.0283,0.848,0.829,0.298;aaaaa;
a;0.134,0.476,0.0206,0.00751,0.405,0.697,0.301,0.0777,0.452,0.645;aaaa;
a;0.647,0.533,0.688,0.0811,0.204,0.881,0.576,0.0654,0.404,0.631;aaaaaaaaa;
a;0.134,0.628,0.0475,0.201,0.402,0.554,0.779,0.606,0.0538,0.755;aaaaaa;
a;0.91,0.745,0.512,0.54,0.313,0.671,0.873,0.351,0.618,0.525;aaa;
a;0.107,0.537,0.574,0.804,0.768,0.0115,0.114,0.101,0.345,0.456;aaaaaaa;
a;0.785,0.977,0.0363,0.325,0.84,0.49,0.447,0.486,0.295,0.386;aa;
a;0.37,0.385,0.809,0.166,0.0938,0.155,0.821,0.0295,0.838,0.891;aaaa;
a;0.163,0.799,0.3,0.521,0.804,0.647,0.798,0.318,0.736,0.862;aaaaa;
a;0.84,0.801,0.608,0.8,0.941,0.0665,0.56,0.28,0.831,0.472;a;
a;0.299,0.488,0.909,0.667,0.4,0.0849,0.427,0.443,0.869,0.0038;aaaaaaaaa;
a;0.178,0.544,0.596,0.0909,0.579,0.329,0.511,0.29,0.947,0.659;aaaaaaaa;
a;0.928,0.739,0.169,0.505,0.504,0.0607,0.789,0.616,0.656,0.213;a;
a;0.564,0.0295,0.69,0.237,0.332,0.538,0.685,0.12,0.029,0.889;aaaaaaa;
a;0.608,0.431,0.903,0.281,0.966,0.362,0.973,0.389,0.58,0.991;aaaaaa;
a;0.724,0.334,0.56,0.437,0.813,0.0403,0.574,0.715,0.8,0.366;aaaa;
a;0.579,0.171,0.708,0.0951,0.83,0.0271,0.123,0.464,0.35,0.472;aaa;
a;0.0707,0.428,0.452,0.546,0.811,0.506,0.566,0.836,0.167,0.62;aaaaaaaaa;
a;0.683,0.056,0.133,0.0256,0.0195,0.182,0.856,0.556,0.0983,0.426;aaaaaaaaa;
a;0.163,0.459,0.539,0.197,0.92,0.928,0.866,0.436,0.729,0.082;aaaaaa;
a;0.892,0.327,0.438,0.575,0.172,0.843,0.573,0.309,0.61,0.384;a;
a;0.286,0.19,0.0827,0.827,0.208,0.617,0.708,0.846,0.278,0.239;aaaaa;
a;0.82,0.499,0.611,0.122,0.616,0.897,0.594,0.881,0.288,0.908;aaaaaaaa;
a;0.56,0.185,0.7,0.395,0.319,0.619,0.725,0.998,0.604,0.763;aaaaaaaa;
a;0.614,0.834,0.407,0.748,0.0489,0.116,0.978,0.46,0.0943,0.047;aaaaaa;
a;0.0357,0.231,0.303,0.572,0.613,0.0894,0.0845,0.933,0.362,0.0704;aaaaaaa;
a;0.412,0.901,0.23,0.948,0.323,0.434,0.411,0.742,0.697,0.949;aaaaaaaaa;
a;0.428,0.372,0.357,0.404,0.454,0.181,0.332,0.026,0.919,0.209;aa;
a;0.27,0.294,0.183,0.778,0.489,0.919,0.183,0.916,0.894,0.0629;aaaaaaaaa;
a;0.0559,0.265,0.898,0.997,0.577,0.359,0.584,0.495,0.89,0.384;aaaaa;
a;0.161,0.445,0.429,0.0287,0.725,0.155,0.335,0.642,0.0806,0.444;aa;
a;0.697,0.361,0.631,0.683,0.549,0.645,0.248,0.483,0.643,0.72;aaaa;
a;0.469,0.907,0.357,0.771,0.209,0.37,0.523,0.0568,0.203,0.634;aaaaaaaaaa;
a;0.101,0.915,0.514,0.381,0.119,0.706,0.833,0.248,0.0346,0.447;a;
a;0.278,0.828,0.824,0.624,0.487,0.648,0.882,0.0487,0.793,0.444;a;
a;0.071,0.206,0.801,0.529,0.13,0.386,0.0452,0.545,0.13,0.772;aaa;
a;0.138,0.122,0.764,0.000357,0.00756,0.361,0.0145,0.0356,0.918,0.536;aaaaaaaaa;
a;0.914,0.493,0.287,0.443,0.974,0.216,0.694,0.983,0.858,0.5;aa;
a;0.0253,0.12,0.922,0.323,0.511,0.265,0.305,0.287,0.111,0.678;aaaaaaaaaa;
a;0.363,0.866,0.769,0.881,0.256,0.702,0.915,0.623,0.0138,0.634;aaa;
a;0.205,0.302,0.825,0.347,0.364,0.571,0.7,0.492,0.391,0.913;aaaaaaaaaa;
a;0.702,0.0225,0.701,0.947,0.268,0.706,0.714,0.36,0.16,0.446;aaaaaaaaaa;
a;0.812,0.546,0.368,0.375,0.773,0.754,0.828,0.793,0.998,0.396;aaaaaaaaa;
a;0.9,0.745,0.225,0.326,0.695,0.84,0.968,0.263,0.103,0.849;aaaaaaaa;
a;0.0604,0.726,0.071,0.198,0.204,0.971,0.883,0.446,0.212,0.133;aaa;
a;0.536,0.382,0.528,0.178,0.303,0.836,0.266,0.856,0.438,0.473;aaaaa;
a;0.275,0.45,0.36,0.469,0.0472,0.598,0.414,0.934,0.338,0.124;aaaaaaaaa;
a;0.595,0.116,0.623,0.616,0.282,0.329,0.508,0.649,0.251,0.709;aaaaa;
a;0.00511,0.372,0.874,0.506,0.0373,0.294,0.621,0.233,0.274,0.211;aaaaaaaa;
a;0.35,0.941,0.166,0.0707,0.283,0.817,0.357,0.721,0.403,0.817;aaaaaaaaaa;
a;0.932,0.801,0.0273,0.409,0.799,0.236,0.375,0.881,0.229,0.532;aaaaaaaaa;
a;0.883,0.411,0.693,0.0675,0.683,0.502,0.612,0.374,0.77,0.388;aaaaa;
a;0.906,0.719,0.882,0.607,0.221,0.378,0.495,0.245,0.0451,0.0883;aa;
a;0.634,0.275,0.134,0.0149,0.23,0.00188,0.916,0.209,0.343,0.706;aaaaaaaaa;
a;0.327,0.921,0.85,0.0696,0.181,0.418,0.321,0.102,0.714,0.556;aaaaa;
a;0.888,0.239,0.751,0.0911,0.555,0.244,0.453,0.186,0.993,0.126;aaaaaaaa;
a;0.0134,0.584,0.164,0.81,0.504,0.268,0.128,0.512,0.451,0.532;aaaaa;
a;0.00668,0.882,0.0487,0.9,0.401,0.632,0.754,0.618,0.743,0.302;aaaaaaaaa;
a;0.458,0.787,0.684,0.855,0.403,0.878,0.692,0.359,0.717,0.249;aaaaaa;
a;0.553,0.676,0.415,0.137,0.954,0.843,0.112,0.156,0.751,0.857;aaaaaaaa;
a;0.552,0.0504,0.242,0.83,0.542,0.695,0.771,0.0455,0.824,0.761;a;
a;0.995,0.346,0.538,0.0304,0.203,0.383,0.322,0.594,0.473,0.284;aaaaaa;
a;0.409,0.51,0.195,0.0256,0.918,0.0201,0.625,0.742,0.673,0.84;aaaaaaa;
a;0.57,1,0.336,0.414,0.805,0.972,0.978,0.406,0.273,0.699;aaaaaa;
a;0.684,0.732,0.68,0.713,0.745,0.767,0.726,0.22,0.917,0.436;aaaaaaaaaa;
a;0.694,0.85,0.898,0.918,0.534,0.915,0.85,0.0109,0.385,0.52;aaaaaaaaaa;
a;0.86,0.25,0.758,0.283,0.516,0.153,0.416,0.0524,0.777,0.386;aaaaaaaa;
a;0.0209,0.465,0.668,0.451,0.213,0.337,0.346,0.548,0.664,0.56;aaaa;
a;0.00952,0.592,0.619,0.744,0.82,0.887,0.74,0.729,0.963,0.0488;aaaaa;
a;0.602,0.453,0.251,0.289,0.627,0.866,0.832,0.496,0.883,0.178;aaaaa;
a;0.00585,0.255,0.219,0.753,0.388,0.889,0.952,0.241,0.673,0.0982;aaaaaaaaa;
a;0.962,0.586,0.341,0.776,0.0859,0.594,0.66,0.884,0.553,0.816;aa;
a;0.759,0.886,0.415,0.623,0.893,0.839,0.228,0.827,0.26,0.43;aaaaaaaa;
a;0.403,0.917,0.521,0.424,0.407,0.00568,0.946,0.582,0.481,0.0971;aaa;
a;0.709,0.896,0.649,0.0745,0.474,0.854,0.372,0.863,0.34,0.551;aaaaaa;
a;0.756,0.509,0.116,0.209,0.928,0.479,0.956,0.884,0.704,0.749;aaaaaaaa;
a;0.552,0.679,0.76,0.842,0.72,0.538,0.893,0.977,0.924,0.307;aaaa;
a;0.844,0.286,0.726,0.0279,0.159,0.0017,0.304,0.903,0.903,0.383;aaa;
a;0.77,0.6,0.327,0.829,0.102,0.73,0.709,0.508,0.19,0.602;aaaaaaaaaa;
a;0.791,0.448,0.439,0.896,0.963,0.115,0.0888,0.169,0.0479,0.281;a;
a;0.0574,0.419,0.123,0.997,0.0535,0.266,0.0201,0.464,0.708,0.125;aaaaaaaaa;
a;0.081,0.803,0.197,0.334,0.828,0.631,0.608,0.547,0.93,0.317;aaaaaaaaaa;
a;0.506,0.541,0.352,0.937,0.989,0.191,0.725,0.667,0.127,0.611;aaaaaa;
a;0.953,0.973,0.43,0.722,0.887,0.759,0.0533,0.621,0.805,0.379;aaaaa;
a;0.331,0.768,0.295,0.372,0.499,0.327,0.315,0.55,0.14,0.0452;a;
a;0.383,0.997,0.844,0.126,0.0894,0.445,0.212,0.129,0.953,0.0546;aaaaa;
a;0.337,0.429,0.883,0.0532,0.124,0.895,0.5,0.66,0.995,0.491;aaaaa;
a;0.0759,0.922,0.661,0.394,0.56,0.771,0.518,0.973,0.225,0.681;aaaaaaa;
a;0.0466,0.62,0.281,0.871,0.266,0.6,0.722,0.681,0.195,0.993;aaaaaaa;
a;0.0611,0.638,0.355,0.554,0.724,0.698,0.562,0.511,0.503,0.828;aaaaaaaaa;
a;0.815,0.585,0.65,0.572,0.252,0.38,0.0848,0.872,0.253,0.661;aaa;
a;0.615,0.733,0.442,0.419,0.179,0.482,0.391,0.354,0.191,0.562;aaaaa;
a;0.533,0.646,0.903,0.127,0.904,0.615,0.965,0.0193,0.296,0.298;aaaaaaaaaa;
a;0.694,0.821,0.297,0.694,0.216,0.933,0.46,0.985,0.985,0.413;aaaaaaaaaa;
a;0.0977,0.336,0.506,0.287,0.375,0.708,0.0196,0.345,0.163,0.122;aa;
a;0.709,0.821,0.674,0.61,0.797,0.421,0.436,0.685,0.373,0.652;aa;
a;0.387,0.866,0.178,0.134,0.545,0.457,0.553,0.632,0.32,0.386;aaaaa;
a;0.0509,0.0888,0.514,0.313,0.984,0.7,0.349,0.937,0.174,0.329;aaaa;
a;0.581,0.804,0.437,0.666,0.764,0.371,0.944,0.705,0.237,0.859;aaaaaa;
a;0.93,0.462,0.0889,0.546,0.0149,0.245,0.313,0.699,0.47,0.448;aaaaaaaa;
a;0.198,0.19,0.408,0.0842,0.281,0.0241,0.387,0.253,0.631,0.29;aaaaaaaaaa;
a;0.192,0.792,0.8,0.12,0.0391,0.842,0.634,0.922,0.897,0.374;a;
a;0.283,0.108,0.815,0.767,0.457,0.223,0.179,0.381,0.66,0.782;aa;
a;0.82,0.589,0.417,0.883,0.798,0.915,0.997,0.109,0.677,0.107;aaaaaaaa;
a;0.446,0.268,0.327,0.878,0.215,0.572,0.731,0.575,0.0187,0.0462;aaaa;
a;0.59,0.328,0.495,0.293,0.0301,0.791,0.703,0.325,0.416,0.222;a;
a;0.115,0.723,0.0524,0.525,0.176,0.52,0.103,0.16,0.8,0.219;aaaaaaaaaa;
a;0.554,0.886,0.549,0.147,0.485,0.117,0.223,0.549,0.101,0.0867;a;
a;0.0731,0.637,0.546,0.156,0.847,0.606,0.705,0.0721,0.954,0.202;aaaaaaaaaa;
a;0.81,0.159,0.361,0.391,0.795,0.443,0.731,0.229,0.196,0.618;a;
a;0.171,0.917,0.443,0.423,0.292,0.91,0.106,0.0498,0.525,0.337;aaaaa;
a;0.731,0.897,0.623,0.145,0.505,0.369,0.402,0.014,0.628,0.361;aaaaaa;
a;0.715,0.299,0.0751,0.206,0.913,0.0857,0.272,0.0282,0.417,0.143;a;
a;0.437,0.57,0.7,0.0996,0.465,0.524,0.533,0.291,0.326,0.873;aaaa;
a;0.051,0.665,0.303,0.934,0.722,0.0101,0.235,0.865,0.0801,0.96;aaaaaaa;
a;0.483,0.629,0.882,0.583,0.204,0.594,0.319,0.503,0.107,0.352;aaaaaa;
a;0.546,0.62,0.785,0.816,0.876,0.0722,0.0922,0.713,0.862,0.719;aaaaaaaaa;
a;0.802,0.651,0.688,0.0974,0.493,0.228,0.616,0.494,0.197,0.644;aaaa;
a;0.508,0.805,0.586,0.00813,0.814,0.1,0.815,0.433,0.469,0.537;aaaaaaaaa;
a;0.328,0.96,0.432,0.213,0.483,0.573,0.585,0.132,0.761,0.72;aaaaaaaa;
a;0.178,0.879,0.973,0.672,0.896,0.693,0.205,0.0537,0.279,0.377;aaaa;
a;0.868,0.673,0.425,0.373,0.414,0.319,0.447,0.341,0.235,0.699;aaaaaaa;
a;0.496,0.943,0.0568,0.726,0.261,0.716,0.994,0.436,0.112,0.993;aaaaaaaa;
a;0.664,0.941,0.192,0.179,0.296,0.161,0.722,0.703,0.831,0.693;aaaaa;
a;0.978,0.728,0.793,0.385,0.146,0.111,0.654,0.663,0.859,0.371;aaaaa;
a;0.77,0.917,0.627,0.342,0.62,0.431,0.657,0.546,0.182,0.911;aaaaaaaa;
a;0.268,0.33,0.94,0.982,0.271,0.28,0.478,0.446,0.137,0.395;aaa;
a;0.448,0.155,0.045,0.576,0.454,0.638,0.108,0.4,0.425,0.978;aaaaaaa;
a;0.241,0.588,0.867,0.0496,0.237,0.423,0.862,0.691,0.277,0.658;aaaaaaaa;
a;0.942,0.408,0.616,0.966,0.547,0.473,0.785,0.842,0.509,0.302;aaaaaa;
a;0.265,0.579,0.253,0.338,0.108,0.581,0.792,0.567,0.968,0.785;aaa;
a;0.243,0.475,0.625,0.132,0.159,0.177,0.433,0.85,0.949,0.341;aaaaaa;
a;0.175,0.535,0.117,0.828,0.663,0.31,0.893,0.777,0.605,0.0589;aa;
a;0.13,0.615,0.889,0.216,0.458,0.938,0.801,0.927,0.126,0.927;a;
a;0.0606,0.124,0.0401,0.864,0.499,0.603,0.185,0.89,0.125,0.204;aaaaaaaaa;
a;0.863,0.526,0.319,0.726,0.8,0.303,0.414,0.221,0.0405,0.462;aaaa;
a;0.354,0.354,0.158,0.956,0.595,0.609,0.332,0.323,0.171,0.944;aaaaaaa;
a;0.352,0.202,0.279,0.000775,0.651,0.0507,0.611,0.433,0.545,0.947;aaaaaaaaa;
a;0.91,0.552,0.943,0.016,0.408,0.59,0.254,0.131,0.656,0.44;aaaaa;
a;0.674,0.668,0.353,0.0819,0.519,0.196,0.962,0.608,0.429,0.71;a;
a;0.838,0.465,0.162,0.417,0.0433,0.561,0.0337,0.153,0.049,0.111;aa;
a;0.0923,0.0904,0.807,0.0958,0.624,0.618,0.405,0.3,0.806,0.554;a;
a;0.986,0.809,0.981,0.991,0.73,0.465,0.26,0.394,0.367,0.499;a;
a;0.476,0.377,0.46,0.838,0.0765,0.351,0.638,0.0566,0.817,0.277;aaaa;
a;0.657,0.728,0.631,0.275,0.484,0.467,0.845,0.366,0.409,0.107;aaaaaaa;
a;0.949,0.274,0.695,0.894,0.883,0.00657,0.778,0.253,0.535,0.278;aa;
a;0.487,0.734,0.67,0.649,0.987,0.232,0.821,0.171,0.603,0.0918;aaaaaaaa;
a;0.32,0.000651,0.642,0.119,0.039,0.476,0.161,0.564,0.993,0.331;aaaa;
a;0.615,0.0311,0.0975,0.697,0.161,0.137,0.519,0.00102,0.75,0.919;aaaaa;
a;0.36,0.942,0.335,0.00558,0.188,0.161,0.802,0.662,0.931,0.449;aaaaaaa;
a;0.971,0.954,0.694,0.318,0.041,0.269,0.444,0.815,0.0926,0.00388;aaaaaa;
a;0.356,0.229,0.952,0.566,0.794,0.771,0.444,0.278,0.694,0.944;a;
a;0.208,0.419,0.609,0.435,0.784,0.503,0.247,0.155,0.994,0.128;aaaaaaaaaa;
a;0.695,0.662,0.728,0.495,0.791,0.925,0.364,0.949,0.688,0.863;aaaaaaaaa;
a;0.0633,0.125,0.153,0.641,0.818,0.0196,0.296,0.143,0.304,0.363;aaaaaaaaa;
a;0.401,0.206,0.254,0.978,0.796,0.642,0.172,0.453,0.987,0.335;aaaa;
a;0.191,0.621,0.119,0.251,0.339,0.884,0.585,0.181,0.93,0.975;aa;
a;0.609,0.472,0.736,0.648,0.0751,0.185,0.939,0.36,0.479,0.806;aaaaaaaaa;
a;0.0543,0.0126,0.881,0.663,0.945,0.116,0.0827,0.842,0.649,0.408;aa;
a;0.44,0.582,0.0859,0.0251,0.196,0.877,0.779,0.724,0.757,0.088;aaaaaaaa;
a;0.313,0.479,0.0786,0.508,0.513,0.698,0.483,0.195,0.0764,0.707;aaaaa;
a;0.0106,0.941,0.387,0.771,0.766,0.274,0.0101,0.767,0.0828,0.937;aaa;
a;0.429,0.896,0.112,0.689,0.758,0.632,0.112,0.616,0.0522,0.247;aa;
a;0.33,0.404,0.0021,0.211,0.703,0.166,0.458,0.556,0.377,0.922;aa;
a;0.531,0.62,0.815,0.255,0.716,0.955,0.664,0.977,0.136,0.192;aaaaaaaaa;
a;0.677,0.0918,0.00575,0.0784,0.4,0.643,0.149,0.185,0.387,0.286;aaaaaaaaa;
a;0.759,0.332,0.564,0.026,0.42,0.278,0.495,0.0361,0.466,0.608;aaaaa;
a;0.924,0.433,0.489,0.571,0.737,0.25,0.961,0.101,0.487,0.854;aaaaa;
a;0.939,0.615,0.785,0.423,0.0286,0.328,0.151,0.901,0.61,0.346;aaaaaaaa;
a;0.586,0.306,0.94,0.997,0.179,0.085,0.915,0.101,0.628,0.945;aa;
a;0.516,0.29,0.424,0.566,0.508,0.674,0.923,0.813,0.837,0.137;aaa;
a;0.208,0.513,0.619,0.306,0.843,0.748,0.757,0.122,0.512,0.821;aaa;
a;0.841,0.892,0.464,0.646,0.992,0.655,0.505,0.269,0.667,0.996;aaaaaa;
a;0.328,0.92,0.988,0.138,0.936,0.985,0.913,0.648,0.428,0.974;aaaaaaaaa;
a;0.23,0.545,0.919,0.935,0.445,0.766,0.414,0.723,0.647,0.607;aaaaaa;
a;0.806,0.0988,0.719,0.595,0.562,0.954,0.505,0.419,0.454,0.294;aaaaa;
a;0.376,0.322,0.177,0.619,0.666,0.765,0.15,0.0874,0.866,0.201;aaa;
a;0.678,0.105,0.204,0.989,0.801,0.42,0.875,0.254,0.535,0.0629;aaa;
a;0.759,0.303,0.105,0.493,0.504,0.993,0.249,0.139,0.488,0.852;aaaaaaaaa;
a;0.435,0.148,0.79,0.0178,0.885,0.865,0.71,0.647,0.62,0.949;aaaaaaaaa;
a;0.725,0.205,0.654,0.923,0.712,0.749,0.917,0.406,0.7,0.9;aaaaaaaa;
a;0.96,0.743,0.422,0.922,0.445,0.164,0.35,0.0245,0.741,0.948;aaaa;
a;0.832,0.833,0.888,0.464,0.0919,0.958,0.552,0.633,0.554,0.952;aaaa;
a;0.821,0.138,0.802,0.746,0.513,0.767,0.0823,0.139,0.195,0.974;aaaaaaaaa;
a;0.765,0.687,0.974,0.0554,0.0415,0.317,0.127,0.899,0.737,0.15;aaaaaaaa;
a;0.702,0.906,0.797,0.707,0.964,0.0756,0.412,0.898,0.0513,0.988;aaaaaaaaa;
a;0.619,0.472,0.676,0.0421,0.482,0.208,0.476,0.205,0.79,0.248;aaa;
a;0.619,0.349,0.0683,0.743,0.885,0.0509,0.265,0.739,0.336,0.747;aa;
a;0.0409,0.592,0.981,0.131,0.186,0.749,0.0542,0.733,0.695,0.103;aaaa;
a;0.321,0.331,0.944,0.697,0.631,0.417,0.0192,0.0687,0.884,0.0421;aa;
a;0.281,0.282,0.612,0.813,0.194,0.316,0.44,0.546,0.899,0.225;aaaa;
a;0.561,0.706,0.15,0.0127,0.476,0.551,0.426,0.0384,0.991,0.739;aaaa;
a;0.675,0.659,0.0912,0.5,0.26,0.964,0.859,0.404,0.516,0.408;aaaaaa;
a;0.471,0.854,0.952,0.453,0.509,0.359,0.943,0.342,0.446,0.0525;aaaaaa;
a;0.828,0.299,0.181,0.38,0.909,0.391,0.651,0.359,0.534,0.603;aaaaa;
a;0.708,0.305,0.568,0.169,0.769,0.823,0.0255,0.732,0.468,0.331;aa;
a;0.0106,0.825,0.902,0.476,0.171,0.89,0.0345,0.61,0.396,0.943;aaaaa;
a;0.173,0.719,0.172,0.464,0.208,0.841,0.637,0.133,0.428,0.175;aaaaaaaa;
a;0.664,0.435,0.864,0.653,0.607,0.242,0.366,0.535,0.88,0.821;aaaaaaaaaa;
a;0.467,0.469,0.822,0.299,0.321,0.0759,0.556,0.614,0.367,0.899;aaaaaa;
a;0.575,0.125,0.013,0.278,0.444,0.448,0.851,0.544,0.864,0.679;aaaa;
a;0.856,0.357,0.812,0.122,0.44,0.0338,0.106,0.864,0.716,0.0391;aaaaaaaa;
a;0.623,0.373,0.626,0.889,0.746,0.692,0.363,0.705,0.43,0.387;aa;
a;0.501,0.447,0.948,0.258,0.955,0.951,0.485,0.952,0.935,0.793;aaaaaaa;
a;0.0152,0.4,0.153,0.453,0.784,0.602,0.116,0.51,0.0028,0.0479;aaaaaaaaa;
a;0.495,0.493,0.783,0.341,0.122,0.755,0.299,0.636,0.721,0.122;aaaaaaa;
a;0.364,0.132,0.485,0.68,0.993,0.833,0.587,0.996,0.943,0.503;aaaaaaaaaa;
a;0.579,0.516,0.423,0.721,0.575,0.805,0.0972,0.687,0.0371,0.189;aaaaa;
a;0.371,0.633,0.0736,0.413,0.0552,0.199,0.00757,0.211,0.679,0.375;a;
a;0.27,0.631,0.162,0.731,0.525,0.787,0.577,0.492,0.56,0.259;aaa;
a;0.235,0.145,0.783,0.447,0.475,0.759,0.527,0.833,0.889,0.72;aaa;
a;0.336,0.0853,0.0936,0.287,0.116,0.958,0.428,0.631,0.769,0.275;aaaa;
a;0.389,0.601,0.42,0.728,0.984,0.468,0.277,0.487,0.0853,0.263;aa;
a;0.81,0.996,0.211,0.0656,0.0327,0.778,0.909,0.869,0.767,0.273;aaaaaaaaaa;
a;0.341,0.992,0.499,0.795,0.0163,0.794,0.226,0.0268,0.701,0.00946;aaaaaaaa;
a;0.345,0.736,0.96,0.516,0.135,0.82,0.394,0.449,0.397,0.481;aa;
a;0.937,0.468,0.527,0.756,0.232,0.643,0.878,0.0222,0.831,0.935;aaaa;
a;0.0297,0.888,0.513,0.448,0.751,0.519,0.498,0.911,0.498,0.551;aaaaaaaaaa;
a;0.402,0.241,0.287,0.245,0.659,0.461,0.0171,0.275,0.729,0.716;aaa;
a;0.447,0.276,0.201,0.0596,0.188,0.933,0.403,0.0173,0.618,0.573;aaaaaaaaaa;
a;0.0917,0.582,0.454,0.503,0.15,0.841,0.146,0.799,0.261,0.651;aaaaaaaaaa;
a;0.303,0.455,0.21,0.0114,0.0917,0.278,0.819,0.014,0.65,0.47;aaa;
a;0.227,0.55,0.687,0.579,0.298,0.777,0.145,0.694,0.806,0.276;aaaaaaaa;
a;0.677,0.0248,0.247,0.577,0.492,0.424,0.799,0.963,0.432,0.647;aaaaaa;
a;0.484,0.68,0.337,0.822,0.306,0.462,0.109,0.9,0.275,0.321;aaaaa;
a;0.54,0.95,0.12,0.618,0.595,0.266,0.262,0.29,0.431,0.792;aaaaa;
a;0.648,0.423,0.00558,0.368,0.627,0.134,0.201,0.485,0.203,0.797;aaaaaaaaa;
a;0.416,0.984,0.687,0.0172,0.925,0.514,0.647,0.948,0.269,0.375;aaaaaaaa;
a;0.494,0.211,0.951,0.844,0.124,0.978,0.759,0.76,0.655,0.47;aaaaaaaa;
a;0.101,0.434,0.272,0.382,0.54,0.172,0.433,0.695,0.404,0.446;aaaaaa;
a;0.846,0.119,0.531,0.875,0.778,0.537,0.00345,0.13,0.212,0.446;a;
a;0.57,0.446,0.411,0.799,0.0809,0.735,0.8,0.103,0.983,0.0791;aaaaaaaa;
a;0.387,0.404,0.826,0.413,0.854,0.867,0.606,0.407,0.93,0.921;aaaaaaaaa;
a;0.0304,0.327,0.385,0.184,0.142,0.315,0.932,0.105,0.552,0.969;a;
a;0.122,0.0931,0.982,0.47,0.56,0.285,0.577,0.839,0.806,0.404;aaaaaaaa;
a;0.449,0.461,0.103,0.547,0.0973,0.956,0.535,0.517,0.414,0.0671;aaaaaa;
a;0.572,0.794,0.283,0.208,0.0276,0.339,0.47,0.245,0.389,0.77;aaaaaaa;
a;0.942,0.841,0.818,0.389,0.366,0.398,0.717,0.722,0.116,0.866;aaaaaa;
a;0.435,0.845,0.504,0.507,0.661,0.487,0.615,0.101,0.388,0.31;a;
a;0.957,0.287,0.733,0.364,0.463,0.762,0.0976,0.545,0.824,0.936;aaaaa;
a;0.636,0.579,0.0772,0.179,0.936,0.783,0.935,0.213,0.0679,0.82;a;
a;0.418,0.566,0.971,0.906,0.798,0.91,0.617,0.97,0.0316,0.937;aaa;
a;0.185,0.851,0.104,0.506,0.54,0.0431,0.515,0.736,0.0941,0.902;aaaaaa;
a;0.795,0.899,0.405,0.49,0.714,0.465,0.814,0.781,0.93,0.632;aaaaaaaaa;
a;0.998,0.225,0.374,0.335,0.22,0.231,0.052,0.699,0.944,0.552;aaa;
a;0.635,0.765,0.0258,0.236,0.202,0.383,0.158,0.629,0.233,0.352;aaa;
a;0.562,0.767,0.637,0.196,0.111,0.235,0.533,0.007,0.845,0.197;aaaaa;
a;0.182,0.771,0.109,0.577,0.832,0.667,0.353,0.0475,0.714,0.308;aaaaaaa;
a;0.4,0.917,0.107,0.313,0.14,0.0776,0.432,0.504,0.4,0.923;aaaaaa;
a;0.0295,0.888,0.828,0.708,0.977,0.166,0.932,0.976,0.028,0.335;aaaaaaa;
a;0.024,0.414,0.672,0.422,0.581,0.364,0.284,0.55,0.0998,0.675;aaaaa;
a;0.0549,0.575,0.888,0.484,0.13,0.505,0.954,0.463,0.518,0.524;aaa;
a;0.748,0.765,0.759,0.995,0.439,0.911,0.13,0.586,0.596,0.357;aaaaa;
a;0.343,0.485,0.922,0.728,0.282,0.88,0.928,0.304,0.0314,0.806;aa;
a;0.00955,0.225,0.889,0.527,0.946,0.801,0.0595,0.0647,0.473,9.17e-05;aaaaaaa;
a;0.511,0.365,0.44,0.325,0.531,0.133,0.256,0.29,0.434,0.56;a;
a;0.426,0.523,0.696,0.0613,0.634,0.234,0.231,0.314,0.307,0.883;a;
a;0.854,0.703,0.125,0.0702,0.453,0.49,0.495,0.0971,0.535,0.431;aaaaaaaa;
a;0.931,0.0539,0.743,0.983,0.952,0.407,0.242,0.427,0.651,0.731;aaaaa;
a;0.697,0.209,0.353,0.252,0.0603,0.735,0.392,0.332,0.495,0.976;aaaaaa;
a;0.591,0.138,0.163,0.233,0.71,0.0974,0.00856,0.915,0.507,0.0506;aaaaaaaaaa;
a;0.497,0.138,0.99,0.0562,0.14,0.467,0.908,0.395,0.65,0.281;a;
a;0.565,0.769,0.57,0.615,0.305,0.796,0.884,0.857,0.372,0.601;aaaaa;
a;0.519,0.113,0.692,0.112,0.314,0.744,0.653,0.873,0.34,0.376;aaa;
a;0.0191,0.0635,0.372,0.767,0.877,0.386,0.126,0.77,0.575,0.329;aaaaaaaaa;
a;0.94,0.428,0.558,0.351,0.948,0.403,0.96,0.44,0.265,0.35;aa;
a;0.039,0.0784,0.763,0.276,0.305,0.674,0.521,0.962,0.287,0.278;aaaa;
a;0.759,0.792,0.0314,0.984,0.677,0.592,0.693,0.268,0.606,0.0303;aaaaa;
a;0.0611,0.749,0.187,0.934,0.645,0.973,0.228,0.382,0.722,0.665;aaaa;
a;0.484,0.169,0.0846,0.712,0.883,0.463,0.632,0.472,0.837,0.833;aaaaaa;
a;0.623,0.921,0.351,0.495,0.465,0.843,0.507,0.115,0.847,0.546;aa;
a;0.605,0.595,0.977,0.094,0.0304,0.513,0.00451,0.0712,0.242,0.525;aaaa;
a;0.572,0.0891,0.0144,0.0187,0.499,0.987,0.782,0.699,0.736,0.139;aaaaa;
a;0.115,0.43,0.622,0.777,0.59,0.493,0.87,0.409,0.524,0.191;aaa;
a;0.742,0.227,0.00165,0.266,0.224,0.369,0.583,0.545,0.988,0.539;aaaaaaaaaa;
a;0.506,0.88,0.184,0.828,0.383,0.854,0.00509,0.0761,0.337,0.675;aaaaa;
a;0.244,0.588,0.81,0.212,0.581,0.721,0.34,0.649,0.379,0.629;aaa;
a;0.447,0.804,0.894,0.971,0.481,0.989,0.956,0.736,0.743,0.0123;aaaaaaa;
a;0.555,0.691,0.39,0.554,0.539,0.101,0.42,0.431,0.896,0.336;aaaaaaaaaa;
a;0.475,0.0962,0.977,0.53,0.237,0.539,0.203,0.571,0.585,0.749;aaaaaaaa;
a;0.586,0.4,0.207,0.0558,0.554,0.252,0.531,0.783,0.107,0.172;aaaaaaa;
a;0.718,0.902,0.0755,0.269,0.225,0.269,0.329,0.12,0.497,0.194;aaaaaaa;
a;0.894,0.276,0.925,0.452,0.405,0.826,0.0891,0.134,0.952,0.939;aaaaaaa;
a;0.273,0.754,0.674,0.465,0.357,0.638,0.933,0.126,0.134,0.113;aaaaaaaa;
a;0.688,0.0431,0.109,0.737,0.772,0.484,0.552,0.126,0.489,0.557;aaaaaaa;
a;0.757,0.163,0.943,0.849,0.244,0.919,0.797,0.0947,0.852,0.25;a;
a;0.278,0.349,0.379,0.432,0.0996,0.58,0.799,0.299,0.29,0.844;aaa;
a;0.287,0.633,0.19,0.863,0.361,0.217,0.588,0.996,0.392,0.197;a;
a;0.793,0.351,0.426,0.961,0.269,0.775,0.238,0.461,0.468,0.722;aaaa;
a;0.789,0.474,0.135,0.855,0.0649,0.406,0.879,0.762,0.444,0.577;aaaaa;
a;0.9,0.448,0.183,0.151,0.964,0.55,0.909,0.264,0.115,0.897;aaaa;
a;0.454,0.238,0.912,0.433,0.261,0.739,0.785,0.119,0.425,0.578;aaaaaa;
a;0.389,0.992,0.699,0.298,0.563,0.589,0.85,0.686,0.856,0.998;aaaaa;
a;0.122,0.961,0.765,0.513,0.0605,0.423,0.906,0.724,0.247,0.967;aaa;
a;0.493,0.114,0.14,0.712,0.00962,0.416,0.0686,0.932,0.74,0.44;aaa;
a;0.78,0.405,0.432,0.126,0.277,0.199,0.105,0.275,0.909,0.892;aaaaaaa;
a;0.953,0.172,0.988,0.953,0.0459,0.801,0.288,0.753,0.16,0.739;aaaaaa;
a;0.954,0.721,0.115,0.726,0.529,0.0818,0.434,0.354,0.572,0.106;aa;
a;0.529,0.445,0.839,0.227,0.119,0.519,0.212,0.738,0.12,0.457;aaaaaaaaa;
a;0.25,0.0354,0.921,0.607,0.627,0.0416,0.0211,0.555,0.0984,0.449;aaa;
a;0.754,0.609,0.46,0.441,0.153,0.812,0.76,0.422,0.214,0.428;a;
a;0.455,0.718,0.182,0.00981,0.457,0.0749,0.73,0.331,0.865,0.0187;aaaaa;
a;0.261,0.667,0.67,0.472,0.823,0.296,0.528,0.452,0.268,0.611;aaaaaa;
a;0.579,0.692,0.38,0.641,0.301,0.407,0.529,0.231,0.642,0.447;aaa;
a;0.423,0.11,0.595,0.247,0.589,0.219,0.831,0.557,0.254,0.111;aaa;
a;0.55,0.585,0.178,0.393,0.172,0.809,0.473,0.889,0.242,0.451;a;
a;0.743,0.339,0.709,0.426,0.871,0.884,0.266,0.477,0.183,0.887;aaa;
a;0.419,0.101,0.681,0.768,0.328,0.0448,0.147,0.868,0.844,0.423;aaaaaa;
a;0.631,0.0555,0.669,0.476,0.182,0.56,0.315,0.379,0.499,0.0562;aaaaaaaa;
a;0.539,0.616,0.52,0.213,0.167,0.637,0.352,0.939,0.447,0.761;aaaaaaaaa;
a;0.892,0.0228,0.403,0.115,0.154,0.513,0.217,0.414,0.824,0.508;aaaaaaaaa;
a;0.551,0.306,0.356,0.374,0.168,0.988,0.477,0.734,0.314,0.202;aaaaaaaaa;
a;0.288,0.219,0.0133,0.497,0.671,0.323,0.0528,0.985,0.962,0.379;aaaaaaaaaa;
a;0.799,0.193,0.369,0.53,0.371,0.976,0.0363,0.14,0.449,0.0919;aaaaaaa;
a;0.725,0.797,0.346,0.939,0.926,0.27,0.734,0.147,0.0324,0.682;aaaaaa;
a;0.85,0.955,0.317,0.973,0.737,0.89,0.861,0.0149,0.837,0.181;aa;
a;0.166,0.929,0.759,0.714,0.617,0.549,0.447,0.564,0.566,0.394;aaaaa;
a;0.993,0.314,0.509,0.128,0.416,0.904,0.439,0.221,0.124,0.229;aaaaaaaaaa;
a;0.83,0.855,0.869,0.659,0.737,0.46,0.195,0.649,0.788,0.615;aaaaaaaaaa;
a;0.444,0.405,0.49,0.914,0.478,0.43,0.341,0.273,0.663,0.296;aaa;
a;0.862,0.568,0.343,0.758,0.596,0.523,0.179,0.445,0.541,0.0264;a;
a;0.591,0.918,0.458,0.41,0.42,0.682,0.408,0.624,0.325,0.91;aaaaaaaaa;
a;0.432,0.934,0.68,0.937,0.551,0.337,0.0824,0.37,0.792,0.928;aaaaaa;
a;0.621,0.277,0.59,0.29,0.299,0.737,0.364,0.292,0.0876,0.538;aaaaaa;
a;0.0656,0.814,0.49,0.653,0.528,0.263,0.478,0.752,0.159,0.00928;aaa;
a;0.303,0.827,0.0509,0.637,0.771,0.13,0.0499,0.714,0.326,0.151;aaaa;
a;0.322,0.296,0.117,0.528,0.196,0.896,0.393,0.194,0.769,0.988;aaa;
a;0.395,0.0969,0.0623,0.132,0.663,0.894,0.146,0.524,0.904,0.41;aaaa;
a;0.159,0.137,0.308,0.853,0.441,0.899,0.727,0.616,0.209,0.14;aaaaaaaaa;
a;0.709,0.986,0.939,0.64,0.947,0.983,0.119,0.189,0.651,0.0182;aaaaaaaaaa;
a;0.327,0.632,0.526,0.324,0.496,0.536,0.547,0.647,1,0.259;aaaaaa;
a;0.401,0.156,0.118,0.566,0.236,0.484,0.203,0.236,0.305,0.947;aa;
a;0.537,0.944,0.0652,0.714,0.98,0.251,0.993,0.32,0.339,0.507;aaaaaaaaa;
a;0.806,0.43,0.751,0.59,0.399,0.64,0.369,0.88,0.837,0.0642;a;
a;0.809,0.498,0.137,0.528,0.958,0.661,0.317,0.945,0.338,0.994;aaaaaaa;
a;0.0738,0.408,0.581,0.643,0.62,0.923,0.929,0.654,0.5,0.108;aaaaaaa;
a;0.617,0.297,0.597,0.18,0.587,0.487,0.891,0.0211,0.778,0.989;aaaaaaa;
a;0.917,0.559,0.51,0.155,0.858,0.101,0.74,0.0686,0.79,0.93;aaaaaaaaa;
a;0.203,0.0623,0.46,0.902,0.14,0.0947,0.283,0.362,0.3,0.346;aa;
a;0.244,0.716,0.468,0.323,0.174,0.733,0.183,0.0759,0.251,0.66;aaaa;
a;0.209,0.00033,0.0598,0.245,0.548,0.767,0.407,0.363,0.832,0.909;aaaaaa;
a;0.0739,0.721,0.754,0.539,0.16,0.147,0.809,0.265,0.596,0.976;aaaaaaaaaa;
a;0.459,0.0327,0.37,0.632,0.547,0.591,0.0564,0.931,0.114,0.499;aaaaaaaa;
a;0.441,0.152,0.432,0.211,0.998,0.202,0.673,0.886,0.13,0.203;a;
a;0.357,0.379,0.945,0.365,0.648,0.523,0.799,0.189,0.462,0.53;aaaaaaaaaa;
a;0.445,0.829,0.685,0.389,0.0362,0.566,0.377,0.584,0.919,0.953;aaaaaaaa;
a;0.534,0.833,0.411,0.411,0.893,0.505,0.66,0.765,0.389,0.758;aaaaaaaa;
a;0.774,0.642,0.35,0.618,0.317,0.773,0.0768,0.701,0.993,0.311;aaaaaa;
a;0.116,0.431,0.848,0.592,0.967,0.303,0.107,0.587,0.506,0.75;aaaaaaaaa;
a;0.12,0.181,0.147,0.229,0.539,0.348,0.0127,0.686,0.102,0.308;aaaaa;
a;0.399,0.564,0.281,0.185,0.222,0.448,0.293,0.939,0.177,0.953;aaaa;
a;0.339,0.596,0.897,0.17,0.0364,0.549,0.471,0.628,0.443,0.68;aa;
a;0.475,0.699,0.548,0.47,0.457,0.258,0.761,0.568,0.825,0.503;aaaaaaa;
a;0.727,0.581,0.654,0.0547,0.488,0.695,0.174,0.319,0.935,0.476;aaaaaa;
a;0.604,0.449,0.644,0.8,0.687,0.745,0.536,0.804,0.136,0.715;aaa;
a;0.0821,0.583,0.144,0.0325,0.0243,0.762,0.348,0.79,0.852,0.931;aaaaaaa;
a;0.611,0.694,0.167,0.183,0.319,0.656,0.729,0.476,0.324,0.69;a;
a;0.352,0.632,0.472,0.14,0.914,0.282,0.557,0.368,0.149,0.0376;aa;
a;0.647,0.693,0.028,0.93,0.139,0.987,0.796,0.0559,0.392,0.637;aa;
a;0.866,0.783,0.259,0.161,0.764,0.688,0.0853,0.398,0.315,0.227;aaaa;
a;0.602,0.409,0.105,0.00979,0.944,0.191,0.433,0.000353,0.0968,0.376;a;
a;0.939,0.509,0.54,0.682,0.0332,0.278,0.27,0.44,0.247,0.802;aaaaaa;
a;0.381,0.321,0.212,0.853,0.811,0.601,0.375,0.0611,0.202,0.664;aa;
a;0.873,0.665,0.389,0.274,0.836,0.407,0.555,0.782,0.7,0.792;aaaaaaaaa;
a;0.527,0.368,0.229,0.498,0.00968,0.0898,0.66,0.763,0.104,0.451;aaaaa;
a;0.723,0.4,0.892,0.705,0.598,0.717,0.828,0.4,0.0135,0.588;aaaaaaaa;
a;0.795,0.114,0.798,0.86,0.0118,0.235,0.474,0.848,0.578,0.0887;aa;
a;0.88,0.303,0.855,0.745,0.476,0.157,0.954,0.77,0.451,0.597;aa;
a;0.573,0.224,0.921,0.184,0.778,0.676,0.734,0.633,0.37,0.198;aaaaaaaaaa;
a;0.446,0.592,0.962,0.986,0.787,0.207,0.45,0.445,0.277,0.935;aa;
a;0.649,0.0207,0.573,0.794,0.674,0.582,0.371,0.363,0.589,0.484;aaaaaaaa;
a;0.703,0.502,0.612,0.125,0.191,0.666,0.513,0.699,0.0098,0.0789;aaa;
a;0.927,0.321,0.815,0.514,0.044,0.732,0.82,0.0421,0.176,0.255;aaa;
a;0.161,0.632,0.0604,0.304,0.365,0.42,0.0773,0.912,0.787,0.046;aaaaaaaaa;
a;0.395,0.0186,0.997,0.42,0.876,0.649,0.586,0.78,0.944,0.805;aa;
a;0.868,0.672,0.599,0.128,0.133,0.807,0.777,0.799,0.918,0.42;aaaaa;
a;0.592,0.878,0.408,0.674,0.746,0.854,0.611,0.619,0.0599,0.191;aaaaaaaa;
a;0.66,0.802,0.542,0.345,0.403,0.794,0.342,0.874,0.716,0.877;aa;
a;0.224,0.56,0.582,0.752,0.712,0.787,0.591,0.632,0.341,0.358;aaaaaaaa;
a;0.907,0.316,0.716,0.251,0.546,0.125,0.33,0.666,0.379,0.511;aa;
a;0.868,0.672,0.599,0.128,0.133,0.807,0.777,0.799,0.918,0.42;aaaaaaaaaa;
a;0.592,0.878,0.408,0.674,0.746,0.854,0.611,0.619,0.0599,0.191;aaaaaa;
a;0.66,0.802,0.542,0.345,0.403,0.794,0.342,0.874,0.716,0.877;aaaaaaa;
a;0.224,0.56,0.582,0.752,0.712,0.787,0.591,0.632,0.341,0.358;aaaaaaa;
a;0.907,0.316,0.716,0.251,0.546,0.125,0.33,0.666,0.379,0.511;aaaaaa;
a;0.868,0.672,0.599,0.128,0.133,0.807,0.777,0.799,0.918,0.42;a;
a;0.592,0.878,0.408,0.674,0.746,0.854,0.611,0.619,0.0599,0.191;aaaaaa;
a;0.66,0.802,0.542,0.345,0.403,0.794,0.342,0.874,0.716,0.877;aaaaaaaaa;
a;0.224,0.56,0.582,0.752,0.712,0.787,0.591,0.632,0.341,0.358;aaaaaaaa;
a;0.907,0.316,0.716,0.251,0.546,0.125,0.33,0.666,0.379,0.511;aaaaaa;
a;0.868,0.672,0.599,0.128,0.133,0.807,0.777,0.799,0.918,0.42;aa;
a;0.592,0.878,0.408,0.674,0.746,0.854,0.611,0.619,0.0599,0.191;aaaaaaaaa;
a;0.66,0.802,0.542,0.345,0.403,0.794,0.342,0.874,0.716,0.877;aaaaaaaa;
a;0.224,0.56,0.582,0.752,0.712,0.787,0.591,0.632,0.341,0.358;aaaa;
a;0.907,0.316,0.716,0.251,0.546,0.125,0.33,0.666,0.379,0.511;aaaaaaaaa;
a;0.868,0.672,0.599,0.128,0.133,0.807,0.777,0.799,0.918,0.42;aaaaaaaa;
a;0.592,0.878,0.408,0.674,0.746,0.854,0.611,0.619,0.0599,0.191;aaa;
a;0.66,0.802,0.542,0.345,0.403,0.794,0.342,0.874,0.716,0.877;aa;
a;0.224,0.56,0.582,0.752,0.712,0.787,0.591,0.632,0.341,0.358;a;
a;0.907,0.316,0.716,0.251,0.546,0.125,0.33,0.666,0.379,0.511;aaaaaaaaa;
