ATT0(string,7);ATT1(float,10);ATT2(string,10);
aaa;0.395,0.601,0.845,0.0722,0.296,0.176,0.253,0.554,0.175,0.864;a;
aa;0.0647,0.0337,0.284,0.558,0.935,0.69,0.556,0.711,0.191,0.15;aaaaa;
aaaaaaa;0.778,0.403,0.619,0.774,0.511,0.976,0.38,0.621,0.27,0.292;aaaaaaaaa;
aaaaaa;0.441,0.509,0.197,0.118,0.272,0.0769,0.801,0.947,0.235,0.992;aaaaaaaaa;
aa;0.927,0.19,0.935,0.993,0.504,0.421,0.225,0.543,0.747,0.328;aaaaaa;
aaa;0.135,0.93,0.732,0.06,0.835,0.0332,0.466,0.0315,0.853,0.978;aaaaaaaa;
aaa;0.708,0.094,0.23,0.676,0.306,0.945,0.637,0.183,0.241,0.046;aaaaaaaaaa;
aa;0.211,0.48,0.895,0.375,0.956,0.507,0.374,0.153,0.449,0.203;aaaaaaaa;
aa;0.462,0.742,0.463,0.389,0.17,0.74,0.977,0.847,0.724,0.388;a;
aaaaaa;0.205,0.631,0.236,0.373,0.0497,0.235,0.671,0.58,0.698,0.586;aaaaaaaaaa;
aaaaaaa;0.736,0.372,0.346,0.00779,0.509,0.0643,0.531,0.0783,0.0987,0.616;aaaaaaaa;
a;0.201,0.29,0.476,0.59,0.175,0.032,0.162,0.4,0.449,0.975;aaaaaaaa;
aaaa;0.347,0.853,0.112,0.327,0.396,0.506,0.544,0.463,0.555,0.864;aaaa;
aaa;0.352,0.00488,0.987,0.115,0.644,0.49,0.977,0.0954,0.485,0.286;aaaaaaa;
aaa;0.449,0.867,0.596,0.461,0.189,0.878,0.0568,0.363,0.703,0.371;aaaaaaaaa;
aaaa;0.609,0.633,0.181,0.505,0.204,0.846,0.855,0.102,0.773,0.872;aaaaaaaa;
aa;0.138,0.961,0.609,0.917,0.0533,0.395,0.652,0.81,0.428,0.865;aaaaaaaaaa;
aaa;0.72,0.264,0.879,0.753,0.354,0.853,0.0745,0.23,0.0947,0.118;aaaa;
aa;0.199,0.887,0.578,0.333,0.293,0.565,0.199,0.223,0.45,0.319;aaaaaaa;
aaaaa;0.0215,0.281,0.58,0.61,0.793,0.969,0.932,0.336,0.646,0.822;aaaaaaaa;
aaaa;0.595,0.188,0.447,0.714,0.0924,0.298,0.681,0.98,0.874,0.909;aaaaaa;
aa;0.0584,0.837,0.643,0.613,0.00131,0.886,0.613,0.952,0.287,0.675;aa;
aaaaaa;0.832,0.83,0.339,0.724,0.822,0.209,0.849,0.777,0.985,0.0371;aaaaaaaa;
aaaaaaa;0.516,0.598,0.833,0.551,0.463,0.201,0.89,0.797,0.723,0.785;a;
aaaaaa;0.609,0.844,0.106,0.164,0.081,0.383,0.136,0.00786,0.506,0.385;aaaaa;
aaaaaaa;0.979,0.822,0.368,0.86,0.89,0.23,0.33,0.457,0.911,0.865;aaaaaaaaaa;
a;0.417,0.87,0.299,0.833,0.976,0.909,0.611,0.459,0.268,0.886;aaaa;
aaaaa;0.816,0.832,0.956,0.68,0.931,0.776,0.287,0.204,0.981,0.818;aaaaaaa;
aaa;0.642,0.787,0.656,0.553,0.366,0.9,0.787,0.725,0.229,0.0637;aaaaaaaa;
aa;0.19,0.632,0.321,0.968,0.23,0.207,0.805,0.061,0.203,0.763;aaa;
aaaaaaa;0.148,0.296,0.0731,0.226,0.307,0.384,0.917,0.141,0.324,0.465;aaaa;
aaaaaaa;0.418,0.654,0.874,0.871,0.591,0.843,0.623,0.582,0.0512,0.887;aaaaaaaa;
aa;0.101,0.854,0.448,0.275,0.949,0.897,0.685,0.988,0.183,0.877;aaaa;
aaaaaa;0.756,0.165,0.484,0.635,0.453,0.949,0.345,0.507,0.536,0.689;aa;
a;0.36,0.307,0.142,0.157,0.789,0.314,0.561,0.192,0.749,0.00863;aaa;
aaa;0.066,0.701,0.699,0.386,0.975,0.535,0.672,0.2,0.306,0.632;a;
aaa;0.619,0.592,0.177,0.101,0.204,0.156,0.0809,0.702,0.557,0.517;aaaaa;
aaaa;0.498,0.904,0.225,0.314,0.16,0.444,0.254,0.209,0.975,0.156;aaaaaaa;
aa;0.566,0.191,0.0561,0.317,0.743,0.829,0.822,0.327,0.367,0.721;aa;
a;0.159,0.744,0.425,0.146,0.547,0.839,0.321,0.0836,0.0303,0.854;aaaaa;
aaaaaaa;0.183,0.706,0.739,0.186,0.0543,0.333,0.341,0.76,0.936,0.223;aaaaaaa;
aaaaaa;0.734,0.528,0.62,0.84,0.364,0.926,0.0395,0.333,0.265,0.642;aaa;
aaa;0.961,0.309,0.0562,0.68,0.897,0.0305,0.0591,0.805,0.035,0.392;a;
aaaaa;0.457,0.267,0.926,0.586,0.354,0.197,0.965,0.776,0.885,0.265;aaaa;
aa;0.589,0.403,0.132,0.0457,0.27,0.102,0.753,0.269,0.072,0.0289;aaaaaaaaaa;
a;0.367,0.239,0.284,0.948,0.0916,0.277,0.522,0.741,0.623,0.996;aaaaa;
aa;0.995,0.963,0.159,0.702,0.949,0.783,0.55,0.0986,0.85,0.483;aaaaaaa;
aa;0.0957,0.0131,0.591,0.957,0.13,0.241,0.616,0.412,0.31,0.457;aaaaaa;
aaaaa;0.0867,0.632,0.507,0.844,0.416,0.94,0.518,0.005,0.287,0.251;aa;
aaaaaaa;0.819,0.809,0.126,0.6,0.459,0.738,0.262,0.0103,0.779,0.574;aaaaaaa;
aa;0.345,0.577,0.289,0.523,0.832,0.337,0.213,0.21,0.26,0.239;aa;
aaaaaaa;0.131,0.454,0.57,0.982,0.368,0.0672,0.186,0.925,0.449,0.705;aaaa;
aaaaaaa;0.121,0.514,0.765,0.491,0.45,0.828,0.105,0.64,0.829,0.949;aaaaaaaaa;
aa;0.0377,0.56,0.705,0.452,0.583,0.667,0.965,0.834,0.352,0.633;aaaaaaaaa;
aaaaaaa;0.867,0.138,0.787,0.28,0.696,0.489,0.961,0.771,0.809,0.294;aaaaaaa;
aaaa;0.314,0.228,0.198,0.891,0.324,0.857,0.203,0.0726,0.00657,0.67;aaaaaaaa;
aa;0.732,0.72,0.989,0.443,0.923,0.939,0.0374,0.646,0.695,0.0884;aa;
aaaaa;0.33,0.698,0.717,0.403,0.878,0.856,0.291,0.335,0.921,0.175;aaaaa;
aaaaa;0.0599,0.755,0.674,0.586,0.247,0.322,0.499,0.616,0.641,0.764;a;
aaaa;0.7,0.324,0.854,0.881,0.245,0.373,0.312,0.719,0.978,0.764;aaa;
aaaaaa;0.967,0.945,0.954,0.911,0.996,0.271,0.788,0.108,0.821,0.939;aaaaaaaaa;
aaaaaaa;0.965,0.96,0.654,0.571,0.164,0.343,0.833,0.0417,0.306,0.476;aaaa;
aaa;0.741,0.565,0.744,0.718,0.868,0.0979,0.0915,0.0698,0.143,0.938;aaaa;
aaaaaa;0.261,0.044,0.387,0.27,0.974,0.247,0.365,0.128,0.0724,0.546;a;
a;0.59,0.114,0.686,0.67,0.431,0.00285,0.0607,0.751,0.081,0.523;aaaaa;
aaa;0.0469,0.705,0.873,0.373,0.727,0.99,0.106,0.973,0.926,0.906;aa;
aaaaaaa;0.0485,0.478,0.755,0.993,0.912,0.343,0.292,0.495,0.0884,0.264;aaaaa;
aaaa;0.72,0.0472,0.835,0.874,0.736,0.889,0.192,0.0987,0.652,0.00637;aaaaa;
a;0.777,0.788,0.732,0.769,0.924,0.584,0.38,0.148,0.565,0.704;aaaaa;
aaa;0.448,0.103,0.511,0.961,0.165,0.192,0.582,0.525,0.317,0.896;aaaaaaa;
aaaa;0.165,0.267,0.797,0.155,0.495,0.572,0.158,0.724,0.763,0.164;aaaaa;
aaaaaa;0.119,0.688,0.79,0.377,0.933,0.152,0.94,0.847,0.326,0.914;aaaa;
aaa;0.723,0.16,0.985,0.108,0.81,0.00943,0.525,0.0193,0.838,0.777;aaaaaaaaaa;
aaaa;0.44,0.874,0.273,0.752,0.416,0.221,0.296,0.345,0.214,0.489;aaaa;
aaa;0.795,0.1,0.736,0.563,0.702,0.274,0.501,0.271,0.829,0.435;a;
aaa;0.706,0.0289,0.0205,0.558,0.297,0.547,0.905,0.777,0.0212,0.224;aaaa;
a;0.874,0.621,0.913,0.147,0.297,0.194,0.191,0.269,0.798,0.907;aaaaaaaa;
aa;0.227,0.063,0.753,0.0156,0.934,0.749,0.944,0.332,0.879,0.479;aaaaaa;
aaa;0.916,0.459,0.768,0.799,0.608,0.837,0.0147,0.326,0.98,0.579;a;
a;0.133,0.105,0.882,0.0766,0.0157,0.316,0.958,0.556,0.269,0.444;aaaaaaaaa;
aaa;0.956,0.866,0.985,0.626,0.00853,0.86,0.494,0.482,0.928,0.154;aaaaaaaaa;
a;0.962,0.828,0.361,0.871,0.698,0.661,0.753,0.959,0.141,0.343;aaa;
aaa;0.0279,0.613,0.574,0.263,0.212,0.603,0.47,0.588,0.473,0.566;aaaaaaaa;
aaaa;0.395,0.727,0.665,0.887,0.722,0.436,0.556,0.925,0.815,0.542;aaaaa;
aa;0.279,0.127,0.877,0.87,0.67,0.292,0.22,0.171,0.167,0.0266;aa;
aaaaa;0.023,0.926,0.0853,0.242,0.105,0.227,0.746,0.351,0.149,0.753;a;
aaaaaaa;0.0529,0.221,0.779,0.112,0.766,0.786,0.633,0.637,0.116,0.53;aaaa;
aaaa;0.736,0.241,0.272,0.553,0.779,0.54,0.92,0.252,0.541,0.0808;a;
aaa;0.517,0.178,0.224,0.838,0.42,0.00421,0.56,0.506,0.829,0.111;aa;
a;0.624,0.267,0.337,0.633,0.154,0.562,0.289,0.33,0.253,0.774;aaaaaaaa;
aaaaaa;0.758,0.426,0.463,0.596,0.877,0.0969,0.287,1,0.331,0.635;aaaaaa;
aaaa;0.563,0.629,0.13,0.782,0.36,0.39,0.827,0.0215,0.127,0.638;aaaaaaa;
aaaa;0.302,0.56,0.0282,0.503,0.214,0.479,0.417,0.768,0.226,0.571;aaaaaaaa;
aaaaa;0.0475,0.254,0.787,0.717,0.354,0.399,0.258,0.129,0.189,0.554;a;
aaa;0.711,0.151,0.244,0.901,0.772,0.443,0.715,0.153,0.193,0.892;aaaaaaaaa;
aaa;0.816,0.572,0.63,0.623,0.41,0.178,0.248,0.568,0.803,0.709;a;
aaaa;0.653,0.109,0.57,0.462,0.0941,0.216,0.0906,0.332,0.802,0.0474;aaa;
aaaaa;0.634,0.532,0.596,0.104,0.664,0.511,0.82,0.815,0.466,0.185;a;
aaa;0.0188,0.854,0.949,0.74,0.955,0.141,0.581,0.694,0.352,0.343;aaaaaaa;
aaaaaa;0.846,0.788,0.167,0.595,0.298,0.256,0.27,0.0987,0.575,0.392;aaaaaaaaa;
aaa;0.219,0.866,0.53,0.621,0.482,0.435,0.079,0.952,0.674,0.211;aaaa;
a;0.839,0.102,0.702,0.469,0.882,0.27,0.728,0.718,0.208,0.421;aaaaa;
a;0.93,0.561,0.812,0.31,0.962,0.623,0.32,0.607,0.872,0.521;aaa;
aaaa;0.575,0.22,0.923,0.716,0.665,0.285,0.205,0.73,0.282,0.119;aaaaaaa;
a;0.955,0.501,0.666,0.0595,0.684,0.363,0.714,0.607,0.417,0.652;a;
aa;0.659,0.719,0.614,0.722,0.437,0.89,0.626,0.216,0.691,0.992;aaaaaaaaaa;
aa;0.88,0.328,0.236,0.506,0.291,0.94,0.157,0.292,0.4,0.701;aaa;
aaaaaaa;0.71,0.261,0.737,0.837,0.678,0.842,0.333,0.659,0.861,0.285;aaaaaaaaa;
aaaaaa;0.259,0.898,0.356,0.418,0.0468,0.478,0.799,0.89,0.858,0.0414;aaaaaaaa;
aaa;0.983,0.739,0.18,0.541,0.886,0.223,0.656,0.0177,0.247,0.314;aa;
aaaaa;0.184,0.938,0.709,0.687,0.432,0.74,0.142,0.745,0.525,0.677;aaaa;
aaaaaa;0.454,0.641,0.402,0.0376,0.177,0.857,0.924,0.136,0.436,0.562;aaaaa;
aaaaa;0.806,0.207,0.467,0.749,0.164,0.748,0.221,0.182,0.0769,0.168;aaaaaaaa;
aaaa;0.229,0.26,0.576,0.427,0.0976,0.968,0.468,0.427,0.638,0.185;aaaaaaaaaa;
aa;0.376,0.553,0.04,0.772,0.426,0.469,0.385,0.123,0.116,0.96;aaaaaa;
aaaaaa;0.101,0.914,0.0766,0.73,0.875,0.107,0.242,0.511,0.476,0.901;aaa;
aaa;0.75,0.0854,0.97,0.59,0.514,0.224,0.472,0.117,0.429,0.787;a;
aaaa;0.0746,0.153,0.713,0.98,0.592,0.0608,0.458,0.282,0.629,0.437;aa;
aaa;0.0461,0.34,0.148,0.272,0.577,0.937,0.326,0.748,0.906,0.819;aaaaa;
aa;0.16,0.172,0.568,0.228,0.72,0.126,0.761,0.447,0.831,0.993;aaaaaaaaa;
aaa;0.111,0.336,0.894,0.318,0.482,0.251,0.458,0.906,0.205,0.166;aaaaaa;
aaaaaa;0.641,0.821,0.0802,0.537,0.996,0.294,0.387,0.605,0.769,0.646;aaa;
aaaa;0.48,0.487,0.589,0.433,0.198,0.957,0.874,0.887,0.946,0.156;aaaaa;
a;0.0813,0.434,0.595,0.588,0.915,0.929,0.761,0.292,0.147,0.195;aaa;
aaaaaa;0.0409,0.463,0.517,0.142,0.111,0.0045,0.189,0.276,0.932,0.777;aaaaaaaaa;
aa;0.245,0.113,0.135,0.494,0.433,0.75,0.464,0.701,0.11,0.798;aaaaaaa;
a;0.83,0.579,0.0336,0.263,0.0384,0.184,0.598,0.454,0.00493,0.816;aa;
aaaa;0.419,0.477,0.868,0.579,0.146,0.681,0.937,0.0412,0.474,0.629;aaaaaaaaaa;
aaa;0.734,0.598,0.734,0.359,0.75,0.249,0.14,0.96,0.667,0.686;aaaaaaaaaa;
aaa;0.783,0.517,0.145,0.722,0.817,0.124,0.466,0.184,0.46,0.0256;aaaaaaaa;
aa;0.228,0.879,0.444,0.124,0.0645,0.783,0.605,0.384,0.34,0.138;a;
a;0.345,0.534,0.588,0.417,0.462,0.67,0.444,0.181,0.345,0.391;aaaaaaaaaa;
aa;0.611,0.752,0.771,0.0853,0.67,0.405,0.666,0.677,0.974,0.747;aa;
aaaaaaa;0.767,0.465,0.252,0.0383,0.953,0.987,0.451,0.0478,0.558,0.0768;aaaaa;
aaaaa;0.541,0.411,0.87,0.795,0.741,0.42,0.747,0.684,0.395,0.376;a;
aaaaa;0.177,0.89,0.785,0.572,0.892,0.392,0.338,0.459,0.459,0.879;aaaaaaa;
aaaaa;0.298,0.961,0.3,0.95,0.637,0.677,0.157,0.965,0.368,0.898;aaaaaaa;
a;0.647,0.0944,0.904,0.566,0.966,0.621,0.215,0.25,0.507,0.598;aa;
aaa;0.662,0.231,0.181,0.96,0.353,0.157,0.369,0.0998,0.92,0.683;aaaaaa;
aaaa;0.338,0.631,0.0135,0.473,0.72,0.564,0.0531,0.558,0.337,0.0177;aaaaaaaaaa;
aa;0.408,0.555,0.211,0.0193,0.866,0.542,0.725,0.173,0.349,0.545;aa;
aaaaa;0.86,0.808,0.417,0.648,0.636,0.917,0.437,0.447,0.577,0.165;a;
aaaaa;0.845,0.0985,0.291,0.903,0.437,0.28,0.117,0.438,0.636,0.779;aaaaaaaaaa;
a;0.117,0.466,0.728,0.635,0.82,0.576,0.753,0.0743,0.71,0.725;aaaaaaa;
aa;0.175,0.435,0.374,0.501,0.366,0.0609,0.334,0.161,0.983,0.236;aa;
a;0.575,0.414,0.527,0.499,0.0485,0.977,0.861,0.997,0.349,0.103;aaaaaaa;
aaaaaa;0.546,0.762,0.476,0.614,0.305,0.391,0.862,0.721,0.865,0.339;aaa;
aaa;0.662,0.98,0.23,0.477,0.0626,0.226,0.529,0.244,0.57,0.637;aaaa;
aaaaaa;0.417,0.225,0.0354,0.0782,0.804,0.13,0.663,0.805,0.0561,0.623;a;
aaaaaaa;0.455,0.482,0.418,0.186,0.113,0.0632,0.583,0.378,0.0521,0.358;aaa;
aaaaaaa;0.498,0.979,0.939,0.553,0.702,0.13,0.659,0.462,0.831,0.548;aaaaa;
aaaaaaa;0.39,0.873,0.297,0.986,0.992,0.649,0.431,0.0279,0.43,0.776;aaaaa;
aaa;0.452,0.364,0.427,0.397,0.769,0.0501,0.592,0.185,0.667,0.711;aaaaa;
aaa;0.241,0.625,0.471,0.084,0.832,0.827,0.177,0.171,0.962,0.271;aaaaaaaaaa;
a;0.412,0.487,0.99,0.707,0.0277,0.865,0.349,0.0368,0.27,0.635;aaaaaa;
aaa;0.876,0.707,0.291,0.916,0.404,0.587,0.423,0.947,0.866,0.293;aaaaaaaaaa;
aa;0.623,0.181,0.504,0.876,0.554,0.61,0.914,0.619,0.629,0.915;aaaaaaaa;
a;0.768,0.583,0.192,0.542,0.667,0.318,0.403,0.0991,0.831,0.595;aaaaaaaaa;
aaaaa;0.481,0.776,0.796,0.148,0.659,0.698,0.519,0.213,0.739,0.539;aaaaaaaaaa;
aa;0.169,0.689,0.357,0.262,0.227,0.997,0.922,0.784,0.756,0.44;aaaaaaaaaa;
aaa;0.82,0.485,0.2,0.213,0.799,0.896,0.581,0.297,0.786,0.978;aaaaaaa;
aaaa;0.119,0.564,0.964,0.743,0.108,0.466,0.343,0.939,0.877,0.191;aaa;
aaaaaa;0.148,0.56,0.761,0.617,0.677,0.61,0.423,0.462,0.798,0.621;aaaa;
aaaa;0.202,0.0821,0.351,0.164,0.618,0.929,0.503,0.202,0.397,0.228;aaaaaa;
aaaaa;0.236,0.449,0.109,0.0231,0.459,0.638,0.281,0.403,0.0873,0.241;aa;
aaaaaa;0.778,0.831,0.909,0.181,0.432,0.934,0.626,0.939,0.335,0.289;aaaaaaaa;
aaa;0.377,0.337,0.751,0.155,0.79,0.453,0.411,0.463,0.857,0.856;aaaaaaaa;
aaaaa;0.845,0.226,0.295,0.0185,0.387,0.787,0.376,0.627,0.147,0.443;aaaaaaaa;
aaaa;0.63,0.613,0.675,0.465,0.106,0.762,0.125,0.713,0.275,0.339;aa;
aaaa;0.381,0.82,0.901,0.723,0.819,0.295,0.792,0.321,0.291,0.13;aaaaaa;
aaaaaa;0.355,0.199,0.602,0.564,0.262,0.348,0.516,0.191,0.393,0.842;aaaaaaaaaa;
aaaaaa;0.137,0.425,0.0979,0.537,0.169,0.16,0.649,0.126,0.381,0.313;a;
aaaa;0.524,0.978,0.0898,0.892,0.255,0.507,0.296,0.418,0.588,0.023;aaaaa;
aa;0.784,0.754,0.913,0.471,0.073,0.981,0.196,0.343,0.986,0.305;aaa;
a;0.763,0.0127,0.245,0.727,0.417,0.335,0.333,0.727,0.368,0.0871;aaa;
aaaa;0.304,0.14,0.727,0.766,0.427,0.919,0.167,0.563,0.956,0.493;aa;
aaa;0.962,0.373,0.41,0.172,0.253,0.582,0.184,0.38,0.185,0.387;aaaaaa;
a;0.51,0.234,0.253,0.433,0.183,0.901,0.683,0.988,0.742,0.682;aaaaaaaa;
a;0.993,0.473,0.908,0.804,0.0435,0.614,0.701,0.749,0.726,0.197;aa;
aaa;0.813,0.952,0.0338,0.431,0.607,0.285,0.647,0.683,0.292,0.0982;aaaa;
aaaaaaa;0.113,0.997,0.122,0.823,0.441,0.182,0.356,0.925,0.0838,0.817;aaaaaaaa;
aaa;0.289,0.335,0.445,0.322,0.992,0.184,0.884,0.0713,0.843,0.658;aaaaaaaa;
aa;0.239,0.436,0.386,0.927,0.385,0.723,0.0884,0.111,0.248,0.859;aaaaa;
aaaaaaa;0.891,0.537,0.0765,0.868,0.541,0.0233,0.747,0.0773,0.0905,0.0774;a;
aaaaa;0.371,0.649,0.575,0.921,0.34,0.823,0.361,0.0656,0.397,0.344;aaaaaa;
aaaa;0.605,0.187,0.995,0.526,0.125,0.303,0.557,0.902,0.998,0.87;a;
aaa;0.189,0.372,0.709,0.386,0.53,0.504,0.21,0.239,0.99,0.884;aaaaaaaa;
aa;0.842,0.882,0.701,0.245,0.238,0.564,0.92,0.629,0.381,0.903;aaaaaa;
aaaaa;0.307,0.196,0.575,0.898,0.527,0.21,0.0552,0.0411,0.102,0.4;aaaaaaaaa;
aa;0.593,0.685,0.463,0.554,0.371,0.49,0.784,0.661,0.782,0.00974;a;
a;0.0623,0.822,0.939,0.801,0.796,0.807,0.434,0.103,0.826,0.148;aaaaaaaa;
aaaaaaa;0.317,0.19,0.728,0.203,0.542,0.0326,0.191,0.315,0.444,0.202;aaa;
aa;0.387,0.258,0.839,0.128,0.672,0.396,0.862,0.844,0.141,0.979;aaa;
a;0.462,0.0406,0.92,0.934,0.114,0.722,0.903,0.0267,0.682,0.442;aaaaaaa;
aaa;0.643,0.779,0.765,0.584,0.546,0.62,0.849,0.615,0.281,0.131;aaaa;
aaaaaaa;0.821,0.913,0.754,0.216,0.217,0.0923,0.896,0.111,0.708,0.59;aaaaaaaa;
aaaaaaa;0.345,0.0483,0.437,0.00781,0.339,0.963,0.0496,0.341,0.0374,0.0822;aaaaaaaaa;
aaa;0.507,0.281,0.701,0.785,0.725,0.377,0.679,0.389,0.889,0.283;aaaaaaaa;
aa;0.933,0.826,0.409,0.372,0.393,0.871,0.907,0.0523,0.279,0.959;aa;
aa;0.459,0.39,0.853,0.387,0.766,0.969,0.0531,0.816,0.86,0.97;aaa;
aaaaa;0.616,0.895,0.225,0.687,0.515,0.102,0.624,0.587,0.618,0.137;aaaaaaaaaa;
aaaaaaa;0.313,0.15,0.12,0.908,0.953,0.958,0.22,0.306,0.413,0.561;aa;
aaaaaa;0.66,0.43,0.515,0.952,0.148,0.478,0.185,0.135,0.657,0.0517;a;
aaa;0.135,0.687,0.113,0.784,0.546,0.363,0.0794,0.195,0.559,0.538;aaaaaa;
aaa;0.986,0.437,0.791,0.542,0.235,0.381,0.503,0.83,0.861,0.287;a;
aa;0.697,0.33,0.00731,0.0628,0.0983,0.964,0.583,0.481,0.343,1;aaaaaaaaaa;
aaaaaaa;0.215,0.893,0.683,0.92,0.365,0.957,0.932,0.893,0.147,0.866;aaaaaaaaaa;
aaaaaaa;0.501,0.12,0.639,0.978,0.477,0.769,0.846,0.863,0.568,0.848;aaaa;
aaa;0.868,0.961,0.141,0.53,0.0559,0.574,0.574,0.492,0.746,0.297;aaaaa;
aaaa;0.539,0.529,0.812,0.28,0.518,0.982,0.0813,0.209,0.341,0.432;aaaaaaaaaa;
aaaaaaa;0.94,0.381,0.562,0.827,0.254,0.0398,0.281,0.505,0.804,0.484;aaaaaa;
aaaaa;0.771,0.318,0.204,0.585,0.234,0.852,0.897,0.415,0.646,0.278;aaaaaaaaaa;
a;0.977,0.401,0.656,0.84,0.412,0.252,0.327,0.813,0.598,0.555;a;
a;0.0846,0.0364,0.914,0.568,0.762,0.043,0.0295,0.396,0.57,0.259;aaaaaa;
aa;0.701,0.926,0.416,0.563,0.387,0.898,0.623,0.101,0.719,0.255;aa;
a;0.944,0.117,0.187,0.919,0.52,0.524,0.117,0.701,0.828,0.814;aaaaaaaaa;
aaaaaa;0.667,0.211,0.979,0.381,0.82,0.694,0.744,0.52,0.985,0.276;aaaaaaaa;
aaa;0.44,0.048,0.673,0.857,0.921,0.383,0.0489,0.098,0.96,0.625;aaa;
aa;0.135,0.165,0.419,0.751,0.614,0.989,0.406,0.609,0.249,0.022;aaaaaa;
aaaa;0.758,0.748,0.776,0.654,0.0167,0.589,0.958,0.129,0.0823,0.877;aaaaaaaa;
aaaaa;0.344,0.573,0.353,0.753,0.141,0.524,0.0616,0.181,0.563,0.772;aaaaaaaaaa;
aaaa;0.066,0.0695,0.738,0.911,0.416,0.103,0.292,0.101,0.718,0.0315;aaa;
a;0.766,0.256,0.325,0.619,0.105,0.672,0.21,0.0672,0.875,0.283;aaaaa;
aaa;0.223,0.0153,0.893,0.634,0.928,0.395,0.328,0.449,0.137,0.8;aaaa;
aaaaa;0.72,0.954,0.831,0.927,0.437,0.572,0.591,0.946,0.402,0.125;aaaaa;
aaaaaaa;0.024,0.157,0.713,0.0885,0.929,0.922,0.159,0.967,0.158,0.745;aa;
aaa;0.899,0.248,0.687,0.271,0.496,0.552,0.0482,0.37,0.459,0.624;a;
aaaaa;0.893,0.221,0.708,0.0421,0.158,0.425,0.851,0.158,0.133,0.396;aaaa;
aa;0.616,0.352,0.377,0.154,0.468,0.541,0.378,0.0807,0.476,0.327;aaaa;
aaaaaa;0.526,0.422,0.203,0.533,0.381,0.66,0.176,0.673,0.788,0.197;aaaaaa;
aaaaaa;0.588,0.335,0.128,0.862,0.185,0.468,0.222,0.714,0.222,0.117;aaaaaaa;
aaaaaa;0.536,0.301,0.352,0.559,0.0137,0.408,0.869,0.609,0.313,0.216;aaaaaaa;
aaaaaa;0.229,0.61,0.635,0.159,0.276,0.79,0.788,0.122,0.265,1;aaaaaaaaaa;
aaaaaaa;0.987,0.932,0.168,0.297,0.592,0.0515,0.77,0.968,0.532,0.222;aa;
a;0.114,0.1,0.501,0.554,0.755,0.331,0.052,0.341,0.765,0.881;aa;
aaa;0.312,0.742,0.127,0.472,0.808,0.985,0.494,0.0266,0.0576,0.067;a;
aaa;0.651,0.594,0.451,0.562,0.765,0.304,0.965,0.123,0.0973,0.192;a;
aaaa;0.35,0.988,0.46,0.902,0.749,0.401,0.924,0.434,0.319,0.349;aaaaaa;
aaa;0.899,0.499,0.727,0.823,0.514,0.161,0.534,0.0272,0.0145,0.635;aaaaaaaaaa;
aaaaaa;0.845,0.836,0.111,0.928,0.549,0.12,0.705,0.733,0.552,0.329;aaaaaaa;
aaaaaa;0.763,0.292,0.925,0.609,0.397,0.828,0.531,0.343,0.94,0.718;a;
aaaa;0.691,0.553,0.338,0.931,0.244,0.872,0.0379,0.243,0.588,0.21;aaa;
aaaaa;0.249,0.293,0.208,0.532,0.54,0.851,0.0727,0.843,0.42,0.625;aaaaaaa;
aaa;0.168,0.892,0.221,0.24,0.648,0.676,0.46,0.0176,0.762,0.314;a;
aaaaaaa;0.413,0.934,0.108,0.0608,0.89,0.38,0.521,0.915,0.711,0.394;aaaaaaaaa;
a;0.0458,0.271,0.216,0.989,0.892,0.448,0.381,0.475,0.343,0.0278;aaaaaaa;
aaaaaaa;0.652,0.547,0.167,0.179,0.866,0.674,0.901,0.937,0.368,0.971;aaa;
aaaa;0.134,0.602,0.00301,0.226,0.0896,0.738,0.418,0.768,0.82,0.0696;aaaaaaaaa;
aaaaaaa;0.332,0.821,0.00165,0.73,0.639,0.372,0.173,0.268,0.229,0.651;a;
aaaa;0.335,0.969,0.856,0.312,0.732,0.226,0.307,0.0465,0.0202,0.133;aaaaaa;
aaaaaa;0.111,0.981,0.13,0.834,0.531,0.892,0.296,0.839,0.231,0.365;a;
aaa;0.778,0.423,0.974,0.708,0.572,0.343,0.693,0.141,0.12,0.729;aaaaa;
aaaaaaa;0.576,0.2,0.412,0.461,0.862,0.886,0.868,0.665,0.984,0.861;aaaaaaa;
aaa;0.641,0.859,0.406,0.408,0.499,0.423,0.704,0.0648,0.134,0.699;aa;
aaaa;0.211,0.481,0.376,0.496,0.405,0.329,0.0537,0.0066,0.936,0.902;aaaaa;
aa;0.422,0.242,0.815,0.0201,0.82,0.931,0.431,0.157,0.798,0.766;aaaa;
aa;0.024,0.484,0.965,0.531,0.695,0.977,0.221,0.692,0.265,0.278;aaaa;
aaaaa;0.0607,0.765,0.0925,0.597,0.53,0.835,0.678,0.124,0.499,0.59;aaaaaaaaa;
aaaa;0.176,0.693,0.497,0.867,0.822,0.295,0.201,0.281,0.739,0.276;aaaaa;
aa;0.508,0.472,0.91,0.842,0.325,0.608,0.863,0.739,0.177,0.536;a;
aaaaaaa;0.704,0.564,0.328,0.645,0.352,0.917,0.408,0.518,0.914,0.98;aaa;
aaaa;0.213,0.331,0.335,0.89,0.849,0.924,0.0579,0.676,0.862,0.694;aaaa;
a;0.415,0.946,0.392,0.952,0.387,0.364,0.454,0.519,0.108,0.00187;aaaaaa;
aaaa;0.779,0.878,0.802,0.581,0.567,0.753,0.403,0.0133,0.809,0.137;aaaa;
aa;0.887,0.26,0.632,0.833,0.19,0.471,0.252,0.865,0.429,0.661;aaaaaaaa;
aaaaaa;0.644,0.41,0.908,0.789,0.34,0.299,0.338,0.0137,0.574,0.721;a;
aaaaa;0.0383,0.636,0.672,0.255,0.727,0.919,0.265,0.485,0.302,0.75;aaaaa;
aaa;0.853,0.172,0.824,0.445,0.997,0.132,0.459,0.281,0.569,0.611;aa;
aaaaa;0.29,0.436,0.882,0.452,0.475,0.937,0.799,0.159,0.9,0.978;a;
aaaaaa;0.908,0.795,0.266,0.418,0.668,0.521,0.0723,0.558,0.241,0.924;a;
aaaaaa;0.64,0.0627,0.497,0.633,0.0993,0.699,0.149,0.197,0.619,0.473;aaaa;
a;0.289,0.3,0.421,0.314,0.358,0.284,0.403,0.198,0.547,0.662;aaaa;
aaaaaa;0.433,0.492,0.607,0.915,0.192,0.821,0.42,0.84,0.859,0.71;aa;
aaaaa;0.799,0.36,0.145,0.898,0.717,0.599,0.365,0.462,0.359,0.844;aaaa;
aaaaa;0.35,0.286,0.458,0.671,0.0207,0.421,0.716,0.539,0.612,0.943;aaaaaaaa;
aaaaa;0.758,0.032,0.321,0.485,0.57,0.827,0.861,0.357,0.735,0.865;aaaaaaaaaa;
aaaaaa;0.982,0.597,0.101,0.407,0.175,0.0143,0.632,0.97,0.863,0.642;aaaaaaaaaa;
aaaaaaa;0.329,0.592,0.883,0.248,0.522,0.000942,0.865,0.146,0.743,0.695;aaaaaaaaaa;
aaa;0.796,0.061,0.788,0.347,0.808,0.723,0.429,0.903,0.251,0.456;aaaaaaaaa;
aaaaaaa;0.65,0.567,0.102,0.0208,0.127,0.608,0.87,0.398,0.371,0.0325;aaaaa;
aaa;0.955,0.911,0.188,0.962,0.851,0.156,0.441,0.529,0.455,0.303;aaaaaaaaa;
a;0.508,0.22,0.921,0.879,0.347,0.322,0.5,0.35,0.765,0.313;aaaaaaaaaa;
aa;0.259,0.24,0.702,0.7,0.408,0.662,0.998,0.934,0.796,0.26;a;
aaaa;0.383,0.743,0.528,0.44,0.67,0.747,0.83,0.796,0.522,0.0433;a;
aa;0.436,0.836,0.275,0.386,0.2,0.655,0.861,0.975,0.8,0.909;aaaaaaaaaa;
aa;0.281,0.104,0.961,0.0724,0.787,0.586,0.623,0.335,0.757,0.294;aaa;
aa;0.819,0.211,0.701,0.993,0.489,0.778,0.212,0.284,0.72,0.0386;aaaaaaa;
aaaaaaa;0.125,0.505,0.321,0.32,0.769,0.38,0.928,0.445,0.212,0.817;aaaaaaaa;
a;0.801,0.824,0.965,0.62,0.314,0.309,0.0934,0.413,0.879,0.258;aaaa;
aaaaaaa;0.634,0.81,0.225,0.254,0.568,0.271,0.694,0.181,0.939,0.343;aaaaaa;
aaaaaaa;0.225,0.559,0.361,0.12,0.86,0.235,0.284,0.735,0.532,0.511;aa;
aaaa;0.265,0.271,0.713,0.0894,0.252,0.641,0.014,0.914,0.0231,0.623;aaaaaaaaaa;
aa;0.439,0.771,0.666,0.55,0.0114,0.245,0.545,0.413,0.523,0.695;aaaa;
aaaaaa;0.491,0.838,0.613,0.622,0.899,0.273,0.696,0.188,0.402,0.549;aaaaaa;
aaa;0.726,0.0612,0.692,0.85,0.556,0.434,0.629,0.431,0.853,0.509;aaa;
aaaaa;0.896,0.854,0.0821,0.761,0.169,0.351,0.5,0.568,0.0391,0.31;aa;
aaa;0.466,0.65,0.276,0.705,0.0153,0.0858,0.951,0.346,0.991,0.887;aaaaaa;
aaaaa;0.76,0.762,0.844,0.468,0.877,0.0299,0.82,0.639,0.747,0.737;aaaa;
a;0.438,0.0175,0.252,0.906,0.74,0.837,0.772,0.731,0.776,0.433;aaaaa;
aaaa;0.138,0.123,0.0527,0.404,0.819,0.845,0.193,0.316,0.829,0.542;a;
aaaaa;0.689,0.95,0.442,0.257,0.636,0.183,0.416,0.0967,0.484,0.601;aaaaa;
aaaa;0.661,0.983,0.103,0.212,0.581,0.542,0.579,0.138,0.479,0.298;a;
a;0.752,0.934,0.576,0.579,0.47,0.707,0.85,0.217,0.906,0.754;aaaaaaa;
aa;0.722,0.965,0.408,0.788,0.721,0.407,0.201,0.548,0.0835,0.28;aaaa;
aaaaaaa;0.444,0.454,0.971,0.287,0.0348,0.324,0.0411,0.799,0.567,0.426;aaaaaaaa;
aaa;0.18,0.511,0.401,0.301,0.0725,0.573,0.401,0.738,0.596,0.247;aaa;
aaa;0.197,0.0815,0.124,0.484,0.749,0.474,0.878,0.203,0.273,0.104;aa;
aa;0.0398,0.688,0.44,0.322,0.544,0.28,0.582,0.465,0.108,0.79;aaaaaaa;
aaaaa;0.545,0.812,0.768,0.875,0.764,0.22,0.0821,0.119,0.919,0.186;aa;
aaaa;0.128,0.305,0.168,0.299,0.297,0.356,0.0253,0.509,0.399,0.788;aaaaaaa;
aaaa;0.0648,0.233,0.137,0.371,0.189,0.0972,0.69,0.0724,0.405,0.484;aaaaaa;
aaaaaa;0.736,0.447,0.606,0.703,0.936,0.159,0.298,0.267,0.808,0.522;aaaa;
aaaaaa;0.899,0.89,0.634,0.238,0.527,0.187,0.199,0.464,0.0891,0.167;aaaaaaaaaa;
aaaaaa;0.643,0.983,0.359,0.154,0.922,0.55,0.655,0.24,0.583,0.375;aaaa;
aaa;0.773,0.992,0.0777,0.463,0.00821,0.104,0.583,0.773,0.527,0.721;aaaaaaaa;
aa;0.961,0.431,0.924,0.134,0.242,0.61,0.759,0.803,0.192,0.6;aaaaaa;
aaaaa;0.211,0.245,0.027,0.762,0.656,0.948,0.972,0.504,0.732,0.301;aaaaaaaaa;
aaaa;0.624,0.912,0.199,0.852,0.841,0.653,3.01e-05,0.902,0.405,0.746;a;
aaaaa;0.194,0.169,0.625,0.576,0.725,0.659,0.712,0.795,0.716,0.894;aaaaaaaaa;
aaaaaa;0.0579,0.713,0.16,0.767,0.895,0.894,0.976,0.0631,0.473,0.998;a;
aaaaaaa;0.702,0.908,0.996,0.727,0.955,0.533,0.216,0.712,0.667,0.127;aaaaaaaaa;
aaaaaaa;0.876,0.146,0.896,0.0359,0.993,0.787,0.162,0.217,0.935,0.06;aaaaaaaaa;
aa;0.636,0.995,0.72,0.546,0.403,0.581,0.294,0.827,0.979,0.739;aaaaaaa;
aaaaa;0.319,0.916,0.88,0.798,0.525,0.997,0.917,0.00791,0.536,0.196;aaaaaaaaaa;
aaa;0.608,0.727,0.233,0.86,0.62,0.506,0.76,0.249,0.0596,0.327;aaa;
aa;0.175,0.971,0.8,0.87,0.933,0.992,0.538,0.374,0.0263,0.506;aaaaa;
a;0.567,0.275,0.25,0.642,0.583,0.0804,0.327,0.682,0.0372,0.247;aaaaa;
aaaaaaa;0.423,0.228,0.6,0.0687,0.72,0.452,0.287,0.0932,0.865,0.206;a;
aaa;0.229,0.765,0.272,0.921,0.133,0.467,0.371,0.374,0.982,0.134;a;
a;0.823,0.628,0.787,0.749,0.925,0.82,0.0688,0.582,0.569,0.758;aaaaa;
aaaa;0.636,0.267,0.926,0.591,0.247,0.851,0.443,0.931,0.893,0.208;aaa;
aaaaaa;0.717,0.6,0.157,0.117,0.107,0.849,0.338,0.986,0.2,0.34;aaaaaaa;
aaaa;0.885,0.0493,0.845,0.74,0.268,0.145,0.786,0.957,0.977,0.913;aa;
aaa;0.0146,0.869,0.339,0.0614,0.862,0.0289,0.271,0.101,0.095,0.269;a;
aaa;0.0252,0.191,0.216,0.475,0.192,0.945,0.0789,0.205,0.887,0.996;aaaaaaaa;
aaaaaaa;0.853,0.401,0.0632,0.834,0.429,0.167,0.4,0.184,0.839,0.779;aaaaaaa;
aaaaaa;0.0796,0.749,0.783,0.983,0.354,0.00321,0.0138,0.562,0.433,0.7;aaaaaa;
aa;0.0597,0.399,0.676,0.94,0.531,0.594,0.167,0.759,0.955,0.982;aaaaaaaa;
aaaa;0.4,0.633,0.272,0.74,0.242,0.309,0.717,0.702,0.854,0.671;aaaaaa;
aaaaa;0.364,0.619,0.103,0.919,0.888,0.629,0.0721,0.293,0.192,0.0271;a;
aa;0.44,0.662,0.155,0.0174,0.78,0.114,0.315,0.515,0.53,0.386;a;
aaaaa;0.811,0.317,0.533,0.46,0.707,0.607,0.714,0.748,0.676,0.393;aaaaaaaaaa;
aa;0.38,0.664,0.904,0.925,0.157,0.139,0.547,0.891,0.621,0.823;a;
aa;0.115,0.473,0.196,0.272,0.941,0.137,0.556,0.759,0.854,0.967;aaa;
a;0.95,0.758,0.231,0.773,0.525,0.4,0.0966,0.159,0.46,0.199;aaaaa;
aa;0.859,0.976,0.736,0.746,0.417,0.37,0.129,0.22,0.884,0.514;aaaaa;
aa;0.254,0.608,0.565,0.147,0.657,0.925,0.593,0.556,0.113,0.714;aa;
aaaaa;0.784,0.323,0.453,0.432,0.0895,0.196,0.835,0.18,0.403,0.527;aaaaaaaa;
aaaaa;0.292,0.89,0.905,0.475,0.538,0.292,0.296,0.827,0.269,0.525;aaaaaaaa;
aaaaa;0.943,0.311,0.508,0.583,0.741,0.00408,0.48,0.318,0.867,0.0385;aaa;
aaaaaa;0.259,0.316,0.366,0.461,0.487,0.702,0.746,0.551,0.533,0.304;aaaaaaa;
aa;0.754,0.515,0.14,0.143,0.0674,0.689,0.46,0.391,0.217,0.882;aaaaaaaa;
aaaaa;0.0594,0.491,0.53,0.341,0.768,0.0483,0.827,0.391,0.24,0.569;a;
aaa;0.384,0.466,0.0917,0.723,0.961,0.575,0.807,0.318,0.0997,0.899;aaaaaaaaa;
a;0.895,0.253,0.294,0.533,0.961,0.986,0.0822,0.632,0.813,0.0104;aaa;
aaaaaaa;0.241,0.0423,0.103,0.082,0.881,0.954,0.49,0.0778,0.473,0.931;aaaaa;
aaaaa;0.17,0.555,0.415,0.435,0.905,0.474,0.68,0.559,0.421,0.677;aaaaa;
aaa;0.23,0.143,0.589,0.666,0.835,0.0786,0.0787,0.268,0.89,0.443;aaaaaaa;
aaa;0.868,0.668,0.428,0.395,0.89,0.268,0.28,0.901,0.754,0.853;a;
aaaaaaa;0.494,0.958,0.631,0.497,0.796,0.609,0.324,0.762,0.0287,0.775;aaaaaaaaa;
aaaa;0.148,0.965,0.682,0.963,0.117,0.247,0.475,0.558,0.506,0.85;aaaaaaaa;
aaaa;0.685,0.586,0.867,0.278,0.361,0.612,0.718,0.738,0.835,0.719;aaaaaa;
aa;0.289,0.666,0.942,0.77,0.559,0.789,0.413,0.396,0.679,0.729;aaaaaa;
aaaa;0.198,0.979,0.826,0.869,0.332,0.165,0.304,0.607,0.108,0.216;aa;
aa;0.542,0.881,0.122,0.0594,0.401,0.00629,0.628,0.86,0.0798,0.842;aaaaa;
a;0.539,0.316,0.796,0.23,0.858,0.484,0.906,0.412,0.463,0.767;aaaaa;
a;0.789,0.478,0.281,0.0289,0.184,0.325,0.78,0.165,0.214,0.912;a;
aaaa;0.665,0.61,0.245,0.873,0.934,0.666,0.652,0.0361,0.783,0.9;aaaaaa;
aaaaa;0.407,0.636,0.373,0.564,0.595,0.511,0.252,0.72,0.295,0.234;aaaaa;
aa;0.941,0.148,0.994,0.264,0.915,0.207,0.347,0.306,0.591,0.261;aa;
aaaaaa;0.458,0.561,0.182,0.397,0.844,0.818,0.259,0.593,0.897,0.961;a;
aaaa;0.194,0.668,0.612,0.717,0.305,0.17,0.186,0.626,0.705,0.15;aaaaaaaa;
aaaaa;0.706,0.702,0.215,0.118,0.206,0.00489,0.0474,0.988,0.27,0.209;aaaaaaa;
a;0.911,0.871,0.264,0.662,0.65,0.524,0.632,0.585,0.842,0.603;aaaaaaa;
aaaaa;0.882,0.15,0.0468,0.644,0.694,0.32,0.293,0.268,0.395,0.115;aaaaa;
aaaa;0.0438,0.482,0.983,0.0758,0.833,0.594,0.878,0.388,0.274,0.307;aaaaaaaa;
a;0.97,0.913,0.233,0.583,0.393,0.0463,0.193,0.357,0.65,0.106;a;
aaaaaaa;0.489,0.443,0.974,0.881,0.0616,0.348,0.673,0.07,0.97,0.875;aaaaa;
aaaaaaa;0.00765,0.987,0.93,0.564,0.201,0.974,0.259,0.295,0.306,0.842;aaaaaaaaaa;
aa;0.933,0.733,0.801,0.00255,0.55,0.799,0.619,0.614,0.617,0.256;aaaaaaa;
aaaa;0.29,0.756,0.421,0.643,0.175,0.614,0.868,0.21,0.459,0.407;aaaaaaaa;
aaaaaa;0.319,0.935,0.337,0.785,0.504,0.31,0.71,0.141,0.744,0.831;aaaaa;
aa;0.396,0.615,0.729,0.385,0.586,0.385,0.241,0.783,0.724,0.296;aaaa;
aa;0.683,0.999,0.439,0.747,0.689,0.719,0.527,0.238,0.415,0.929;aaaaaaaaaa;
aa;0.383,0.711,0.557,0.75,0.979,0.799,0.817,0.357,0.95,0.873;aaaa;
aaaaaa;0.47,0.599,0.161,0.0562,0.206,0.212,0.293,0.315,0.935,0.862;aaaaaaaa;
aaaa;0.705,0.71,0.974,0.441,0.582,0.0755,0.162,0.02,0.733,0.253;aaaaaaa;
aaa;0.072,0.253,0.972,0.00429,0.0951,0.536,0.57,0.605,0.838,0.953;aaaaaaaaa;
aaaaaaa;0.788,0.0541,0.768,0.376,0.96,0.88,0.237,0.516,0.699,0.963;aaaaaaaa;
aa;0.111,0.202,0.385,0.85,0.198,0.703,0.807,0.469,0.114,0.88;aa;
aaaa;0.47,0.545,0.966,0.169,0.82,0.088,0.21,0.343,0.68,0.208;aaaaaaaaaa;
aaaaaa;0.658,0.139,0.286,0.986,0.0592,0.516,0.657,0.955,0.227,0.434;aaaaaaaa;
aa;0.463,0.928,0.434,0.275,0.259,0.574,0.748,0.0665,0.191,0.857;aaaaaaa;
aaaa;0.32,0.432,0.852,0.377,0.161,0.0616,0.392,0.958,0.894,0.544;aaaaaa;
aa;0.804,0.0686,0.325,0.685,0.31,0.749,0.247,0.0896,0.541,0.528;aaaaa;
aaaa;0.39,0.733,0.983,0.194,0.885,0.613,0.29,0.26,0.464,0.235;aaaa;
a;0.298,0.286,0.26,0.801,0.998,0.581,0.86,0.689,0.0725,0.957;aa;
aa;0.0315,0.352,0.657,0.303,0.282,0.802,0.128,0.937,0.765,0.375;a;
aaaa;0.991,0.975,0.439,0.839,0.89,0.114,0.0649,0.127,0.182,0.325;aaaaaaa;
aaaa;0.341,0.199,0.638,0.943,0.835,0.48,0.741,0.655,0.473,0.402;aaaaaaaa;
a;0.943,0.543,0.388,0.223,0.969,0.351,0.319,0.923,0.249,0.504;aaaaaaaaa;
a;0.504,0.44,0.442,0.00544,0.956,0.99,0.315,0.889,0.279,0.212;aaaa;
aaaaaaa;0.474,0.508,0.0027,0.566,0.979,0.247,0.295,0.627,0.376,0.478;aaaaaaaa;
aaaaaa;0.612,0.914,0.34,0.592,0.477,0.826,0.25,0.892,0.944,0.2;aaaaaa;
aaa;0.0873,0.00641,0.506,0.246,0.455,0.0412,0.182,0.0418,0.18,0.873;aaaaaaa;
aaaaa;0.499,0.494,0.411,0.235,0.358,0.784,0.593,0.66,0.75,0.998;aaaaaa;
aaaaaaa;0.721,0.0508,0.66,0.287,0.042,0.0254,0.447,0.332,0.852,0.0715;aaaaaaa;
a;0.922,0.528,0.688,0.247,0.925,0.149,0.449,0.0374,0.924,0.827;aaaaaaaaa;
aaaaaaa;0.345,0.336,0.454,0.88,0.0844,0.98,0.138,0.00763,0.301,0.634;aa;
a;0.348,0.125,0.981,0.0722,0.514,0.948,0.854,0.179,0.335,0.217;aaaa;
aa;0.985,0.869,0.35,0.152,0.981,0.997,0.0289,0.236,0.214,0.858;aaaaaaa;
aaaaa;0.973,0.768,0.169,0.138,0.749,0.878,0.629,0.638,0.723,0.438;aaaaaaa;
a;0.551,0.457,0.268,0.942,0.929,0.608,0.774,0.861,0.0717,0.427;aaaaaaaaa;
aaaaaa;0.356,0.685,0.0172,0.515,0.592,0.653,0.74,0.753,0.223,0.996;a;
aaaaaa;0.76,0.841,0.917,0.82,0.636,0.663,0.102,0.492,0.866,0.649;a;
a;0.266,0.158,0.482,0.535,0.133,0.641,0.902,0.279,0.511,0.208;aaaaaa;
aaaaaaa;0.462,0.918,0.312,0.484,0.777,0.232,0.247,0.547,0.375,0.00284;aaaaaaaa;
a;0.75,0.0134,0.381,0.872,0.506,0.717,0.0396,0.923,0.536,0.998;aaaaaaa;
a;0.637,0.49,0.439,0.123,0.681,0.418,0.471,0.56,0.229,0.576;a;
aaaaa;0.227,0.167,0.432,0.122,0.585,0.731,0.151,0.116,0.00304,0.0792;aaaa;
aaaaaaa;0.625,0.705,0.305,0.457,0.51,0.117,0.728,0.15,0.776,0.569;a;
aaaaaa;0.593,0.572,0.642,0.284,0.247,0.26,0.382,0.324,0.723,0.776;aaaaaaaaaa;
aaa;0.239,0.412,0.777,0.222,0.892,0.301,0.147,0.494,0.128,0.954;aaaaaaaa;
aaaaa;0.0902,0.374,0.475,0.377,0.643,0.297,0.267,0.759,0.355,0.557;aaaaaaaaaa;
aaaaa;0.16,0.163,0.867,0.0789,0.144,0.84,0.111,0.867,0.13,0.0653;aaaaaaa;
aaaaaaa;0.172,0.197,0.315,0.497,0.8,0.987,0.355,0.929,0.212,0.341;aaaa;
a;0.791,0.64,0.0423,0.786,0.831,0.0279,0.858,0.0164,0.309,0.627;aaaaaaaa;
aaaa;0.258,0.644,0.989,0.317,0.936,0.775,0.703,0.547,0.408,0.852;aaaaaaaaaa;
aaaaa;0.896,0.748,0.389,0.209,0.0434,0.293,0.0353,0.599,0.503,0.919;a;
aaaaaa;0.633,0.314,0.342,0.546,0.489,0.608,0.675,0.507,0.884,0.7;aaaaaaaaaa;
aaaaaaa;0.599,0.0336,0.0443,0.679,0.368,0.691,0.878,0.559,0.503,0.737;aaaaaaaa;
aaaaaa;0.627,0.0713,0.119,0.74,0.303,0.182,0.77,0.00305,0.984,0.572;aaaaaaaaaa;
aa;0.833,0.727,0.527,0.959,0.093,0.493,0.928,0.652,0.601,0.296;aaaaaa;
aaaa;0.555,0.487,0.778,0.319,0.805,0.025,0.549,0.228,0.846,0.994;aaaaaaaa;
aa;0.156,0.512,0.959,0.494,0.323,0.998,0.947,0.349,0.867,0.0203;aaaa;
a;0.386,0.285,0.38,0.802,0.996,0.013,0.22,0.262,0.992,0.603;aaaa;
a;0.657,0.758,0.684,0.963,0.139,0.802,0.0246,0.868,0.389,0.0598;aaaaa;
aaaaaa;0.141,0.563,0.301,0.539,0.439,0.51,0.116,0.659,0.181,0.258;aaaaaaaa;
aaaaaa;0.636,0.833,0.31,0.83,0.746,0.515,0.927,0.853,0.882,0.522;aaa;
aaaaaaa;0.961,0.784,0.952,0.72,0.561,0.888,0.074,0.922,0.104,0.477;a;
aaaaaa;0.0338,0.602,0.487,0.608,0.256,0.633,0.786,0.893,0.22,0.462;aaaaaaaa;
a;0.523,0.123,0.516,0.656,0.551,0.392,0.714,0.802,0.241,0.869;aaaa;
aaaaaa;0.906,0.621,0.983,0.161,0.338,0.626,0.961,0.736,0.993,0.894;aaaaaaaaaa;
aaa;0.59,0.277,0.56,0.34,0.413,0.653,0.51,0.288,0.735,0.751;aaaaaaaaa;
aaa;0.702,0.483,0.813,0.643,0.854,0.812,0.614,0.659,0.457,0.129;aaa;
a;0.404,0.169,0.056,0.0375,0.445,0.712,0.0494,0.474,0.718,0.563;aa;
aaaaaaa;0.403,0.517,0.655,0.258,0.796,0.705,0.656,0.221,0.124,0.761;aaa;
aaa;0.832,0.723,0.665,0.421,0.331,0.849,0.12,0.0528,0.217,0.976;aaaaaa;
aaaaaaa;0.468,0.498,0.123,0.51,0.915,0.379,0.363,0.719,0.0513,0.795;aaaaaaa;
aaaaaa;0.838,0.632,0.447,0.978,0.0106,0.273,0.479,0.988,0.665,0.539;aaaaaa;
aa;0.618,0.845,0.838,0.299,0.399,0.633,0.437,0.259,0.115,0.834;aaaaaaa;
aaaaaa;0.424,0.391,0.372,0.0181,0.955,0.24,0.266,0.967,0.132,0.719;aaaaaaaa;
aaa;0.0645,0.481,0.369,0.485,0.35,0.252,0.309,0.912,0.894,0.894;aaa;
aaaaaaa;0.0901,0.643,0.242,0.345,0.581,0.721,0.713,0.0333,0.399,0.468;aaaaaaaaa;
aaaaa;0.514,0.391,0.702,0.0572,0.669,0.636,0.759,0.125,0.536,0.959;aaaaaaaa;
aaaaaaa;0.0418,0.531,0.889,0.96,0.258,0.661,0.109,0.949,0.78,0.465;aaaaaa;
aaaaaaa;0.52,0.866,0.843,0.669,0.413,0.461,0.585,0.0172,0.0152,0.632;aaa;
aa;0.921,0.326,0.55,0.395,0.839,0.0121,0.114,0.123,0.943,0.518;aaaaaaaaaa;
aa;0.276,0.0918,0.778,0.863,0.567,0.48,0.842,0.369,0.326,0.129;aaaaaaaa;
aaaaaaa;0.498,0.105,0.855,0.391,0.312,0.918,0.303,0.238,0.57,0.347;aaaaa;
aaaaaa;0.889,0.0766,0.645,0.935,0.751,0.566,0.208,0.382,0.647,0.873;aaaaaaaaa;
aa;0.829,0.224,0.244,0.278,0.398,0.779,0.0711,0.371,0.076,0.0164;aaaaaaaa;
aaaaaa;0.229,0.716,0.369,0.558,0.729,0.188,0.169,0.731,0.371,0.131;aaaaaaaa;
aaa;0.946,0.816,0.682,0.958,0.494,0.773,0.315,0.266,0.901,0.329;aaaaaaaa;
aaa;0.0302,0.85,0.0439,0.834,0.399,0.807,0.204,0.785,0.287,0.366;aaa;
aaaaa;0.0968,0.543,0.0731,0.0906,0.238,0.907,0.761,0.837,0.813,0.385;aa;
aaaaaa;0.742,0.679,0.8,0.105,0.125,0.869,1,0.941,0.78,0.0786;aaaaaaa;
aaaaaaa;0.428,0.135,0.0773,0.643,0.277,0.723,0.181,0.821,0.606,0.508;aaaaaaa;
aaa;0.863,0.929,0.0388,0.358,0.985,0.473,0.214,0.692,0.811,0.267;aaaaaaaaaa;
aaaaaa;0.968,0.574,0.339,0.482,0.496,0.0552,0.183,0.189,0.332,0.136;aaaaaaaaaa;
a;0.268,0.972,0.514,0.0264,0.713,0.335,0.999,0.921,0.601,0.913;aaaaa;
aa;0.705,0.83,0.863,0.8,0.667,0.14,0.372,0.678,0.392,0.0251;a;
aaaa;0.628,0.435,0.489,0.916,0.0651,0.391,0.716,0.418,0.118,0.353;a;
aaaa;0.597,0.971,0.362,0.557,0.452,0.0156,0.482,0.928,0.207,0.341;aa;
aa;0.329,0.48,0.75,0.744,0.336,0.935,0.341,0.401,0.118,0.829;aaaaaa;
aaaaa;0.565,0.166,0.298,0.00205,0.0772,0.964,0.0978,0.935,0.883,0.101;aaaaa;
aa;0.318,0.233,0.119,0.509,0.929,0.323,0.081,0.165,0.0553,0.787;aaaaaaa;
aaa;0.352,0.725,0.834,0.248,0.552,0.302,0.666,0.862,0.0692,0.0318;aaaaaaaa;
aaaa;0.524,0.732,0.766,0.746,0.919,0.487,0.325,0.742,0.658,0.147;aaaaaa;
aaaa;0.497,0.0755,0.484,0.47,0.322,0.985,0.459,0.575,0.815,0.996;aaaaaaa;
aaa;0.298,0.638,0.312,0.501,0.0595,0.0363,0.0305,0.448,0.958,0.322;aaaaa;
aaaaa;0.138,0.252,0.54,0.142,0.791,0.183,0.914,0.467,0.347,0.53;aaaaaaaaa;
aaaaaaa;0.918,0.824,0.836,0.679,0.948,0.156,0.889,0.678,0.875,0.326;a;
a;0.456,0.909,0.165,0.263,0.324,0.752,0.379,0.51,0.471,0.59;aaaa;
aaa;0.749,0.352,0.0809,0.184,0.934,0.661,0.201,0.771,0.0778,0.0351;aaaaaaa;
aaaaa;0.79,0.876,0.971,0.916,0.772,0.5,0.97,0.552,0.359,0.478;aaa;
aaaaaa;0.36,0.605,0.402,0.87,0.978,0.752,0.249,0.436,0.123,0.445;aaa;
aaaaaa;0.937,0.87,0.698,0.0794,0.219,0.871,0.843,0.0136,0.347,0.0693;a;
aaaaa;0.515,0.555,0.174,0.695,0.454,0.787,0.357,0.239,0.461,0.103;aaaaaaaaa;
a;0.00132,0.721,0.121,0.372,0.404,0.608,0.966,0.723,0.467,0.478;aaaaa;
aaaa;0.91,0.101,0.679,0.882,0.956,0.934,0.37,0.352,0.487,0.201;aaa;
aaaaaaa;0.321,0.129,0.125,0.159,0.512,0.329,0.76,0.917,0.201,0.0193;aaaaaaaaa;
aaaaaa;0.00383,0.311,0.192,0.048,0.81,0.699,0.663,0.638,0.274,0.887;a;
aa;0.5,0.706,0.0121,0.267,0.684,0.834,0.569,0.929,0.55,0.58;aaaa;
aa;0.332,0.791,0.997,0.625,0.119,0.56,0.179,0.202,0.24,0.859;aaaaaa;
aaaaaa;0.237,0.493,0.892,0.139,0.531,0.256,0.21,0.546,0.227,0.663;aaaaaa;
aaaaaaa;0.709,0.603,0.795,0.963,0.942,0.76,0.246,0.967,0.517,0.431;aaaaaaaa;
aaaa;0.312,0.36,0.682,0.775,0.778,0.798,0.795,0.564,0.965,0.233;aaaaa;
aa;0.224,0.0558,0.732,0.926,0.769,0.832,0.621,0.868,0.503,0.00696;aaaaaa;
aa;0.0969,0.501,0.0902,0.645,0.512,0.0414,0.933,0.22,0.149,0.936;a;
aaaaaa;0.811,0.532,0.987,0.00528,0.0395,0.093,0.421,0.131,0.374,0.567;aaaaaaaa;
aaaa;0.408,0.649,0.692,0.787,0.157,0.761,0.00191,0.613,0.72,0.24;aaaaa;
aaaaa;0.79,0.173,0.154,0.461,0.577,0.892,0.78,0.434,0.247,0.274;aaaa;
aaaaa;0.426,0.283,0.184,0.971,0.724,0.736,0.923,0.701,0.722,0.919;aaaaaa;
aaaaa;0.415,0.621,0.796,0.433,0.954,0.317,0.478,0.676,0.972,0.863;aaaaa;
aa;0.354,0.543,0.436,0.179,0.601,0.809,0.484,0.0584,0.893,0.228;a;
aaaaa;0.683,0.284,0.931,0.401,0.604,0.166,0.964,0.0736,0.795,0.114;aaaaaaaaa;
aaaa;0.766,0.534,0.565,0.483,0.0868,0.04,0.23,0.392,0.79,0.669;aaa;
aaaaa;0.409,0.547,0.718,0.49,0.751,0.549,0.0862,0.925,0.983,0.978;aaaaaaa;
aa;0.421,0.344,0.46,0.96,0.9,0.0172,0.954,0.841,0.028,0.393;aaaaaaaaaa;
aaa;0.444,0.116,0.0137,0.868,0.653,0.294,0.0313,0.407,0.185,0.944;aaaaaaaaa;
aaaa;0.984,0.561,0.555,0.959,0.862,0.5,0.662,0.127,0.178,0.674;aaa;
aaaaaaa;0.583,0.0696,0.0541,0.378,0.656,0.565,0.189,0.277,0.271,0.0082;aaaaaaa;
aaa;0.702,0.971,0.0753,0.313,0.478,0.451,0.602,0.855,0.116,0.122;aaa;
aaaaa;0.747,0.474,0.611,0.249,0.545,0.727,0.0826,0.328,0.379,0.707;aaaaaaa;
a;0.527,0.9,0.975,0.0979,0.929,0.582,0.53,0.435,0.856,0.771;aa;
a;0.626,0.489,0.261,0.67,0.0292,0.4,0.711,0.628,0.494,0.561;aaa;
a;0.405,0.635,0.966,0.83,0.0458,0.172,0.893,0.921,0.7,0.435;aaaaaaaaaa;
aa;0.646,0.0422,0.476,0.15,0.608,0.901,0.315,0.686,0.57,0.292;aaaaaa;
aaaaa;0.648,0.658,0.408,0.038,0.771,0.151,0.255,0.115,0.593,0.387;aaaaaaaaaa;
a;0.816,0.324,0.492,0.955,0.0286,0.363,0.469,0.623,0.321,0.6;aa;
a;0.965,0.264,0.853,0.633,0.72,0.848,0.957,0.553,0.9,0.67;aaa;
aaa;0.056,0.441,0.998,0.294,0.0795,0.0413,0.264,0.91,0.316,0.664;aaaa;
aaaaaa;0.147,0.963,0.639,0.216,0.734,0.402,0.821,0.708,0.313,0.539;aaaaaaaaa;
aa;0.615,0.053,0.44,0.705,0.461,0.361,0.937,0.849,0.49,0.0661;aaaaaaaaa;
aaaaaaa;0.747,0.271,0.436,0.441,0.0286,0.323,0.117,0.47,0.894,0.0691;aaaaaaaaaa;
aaaaa;0.396,0.545,0.552,0.722,0.923,0.411,0.837,0.78,0.202,0.603;aaaaaaa;
aa;0.548,0.961,0.429,0.632,0.371,0.219,0.94,0.683,0.899,0.974;aaaaaa;
a;0.504,0.478,0.402,0.299,0.87,0.627,0.315,0.744,0.722,0.144;a;
aaaaaaa;0.649,0.0535,0.26,0.369,0.237,0.718,0.22,0.945,0.407,0.676;aaaaaaa;
aaaa;0.832,0.0125,0.18,0.891,0.641,0.375,0.161,0.496,0.414,0.968;aaaaa;
aaaaaa;0.34,0.176,0.261,0.433,0.617,0.499,0.197,0.88,0.748,0.577;aaa;
aaaa;0.984,0.133,0.474,0.81,0.852,0.475,0.0772,0.958,0.656,0.737;aaaaaaa;
aaaaa;0.409,0.615,0.592,0.631,0.955,0.198,0.0982,0.0764,0.715,0.266;aaaa;
aaaa;0.276,0.735,0.598,0.252,0.648,0.901,0.0353,0.588,0.553,0.967;aaa;
aaaaaaa;0.289,0.316,0.514,0.965,0.0368,0.00845,0.722,0.243,0.737,0.892;aaaaa;
aaaaa;0.651,0.121,0.367,0.0587,0.744,0.88,0.994,0.562,0.731,0.916;aaaaaaaaa;
aaaaaaa;0.86,0.763,0.928,0.21,0.214,0.659,0.143,0.411,0.563,0.162;aaaaa;
aaaaa;0.429,0.925,0.685,0.89,0.746,0.658,0.506,0.269,0.27,0.562;aaaaaaaaaa;
aaaaa;0.246,0.887,0.982,0.342,0.87,0.677,0.531,0.921,0.441,0.00952;aaaaaa;
aaaaaaa;0.969,0.269,0.596,0.86,0.607,0.34,0.677,0.109,0.611,0.653;a;
a;0.548,0.117,0.522,0.539,0.467,0.942,0.571,0.0611,0.782,0.947;aaaaaaaa;
aa;0.352,0.684,0.258,0.182,0.855,0.8,0.747,0.645,0.596,0.933;aa;
aaaaaa;0.777,0.472,0.754,0.148,0.933,0.43,0.199,0.473,0.628,0.948;a;
aaaa;0.936,0.826,0.572,0.781,0.339,0.579,0.211,0.832,0.783,0.925;aaaaaaaaa;
a;0.327,0.775,0.934,0.319,0.464,0.233,0.856,0.0539,0.0045,0.784;aaaaaaaaaa;
aaaaa;0.701,0.486,0.43,0.764,0.193,0.46,0.586,0.579,0.8,0.628;aaaaaaaaa;
aa;0.925,0.994,0.41,0.449,0.232,0.418,0.964,0.945,0.567,0.762;aaaaaaa;
a;0.284,0.0137,0.828,0.503,0.128,0.614,0.975,0.278,0.715,0.646;aaaaaaaaa;
a;0.43,0.315,0.509,0.625,0.0133,0.4,0.943,0.677,0.106,0.293;a;
aaa;0.689,0.997,0.63,0.537,0.893,0.858,0.707,0.629,0.457,0.386;aaa;
aaaa;0.791,0.433,0.874,0.531,0.647,0.382,0.818,0.748,0.0305,0.888;aaaaaaa;
aaaaaaa;0.0512,0.738,0.923,0.981,0.346,0.41,0.58,0.842,0.334,0.689;aa;
aaaa;0.312,0.291,0.817,0.155,0.179,0.547,0.628,0.411,0.926,0.781;aaaaa;
aaa;0.95,0.368,0.5,0.746,0.628,0.558,0.924,0.526,0.564,0.963;aaaaaaaa;
aa;0.522,0.228,0.926,0.929,0.0147,0.0672,0.288,0.906,0.264,0.782;aaaaaaaaa;
aaa;0.579,0.542,0.942,0.265,0.849,0.0182,0.704,0.707,0.678,0.635;aaaaaaaaaa;
aaaaaa;0.593,0.303,0.036,0.51,0.806,0.57,0.182,0.831,0.357,0.818;a;
aa;0.791,0.194,0.625,0.528,0.0877,0.182,0.389,0.495,0.774,0.195;aaa;
aaaa;0.941,0.934,0.689,0.647,0.0873,0.564,0.501,0.954,0.402,0.507;aaaaaaaaa;
aaaaa;0.0235,0.435,0.792,0.69,0.632,0.66,0.232,0.208,0.625,0.174;aaaaaa;
aaaaaa;0.47,0.482,0.602,0.72,0.284,0.332,0.26,0.956,0.97,0.465;aaaaaa;
aaaaaa;0.101,0.611,0.463,0.136,0.541,0.665,0.74,0.0451,0.822,0.789;aaaaa;
a;0.779,0.315,0.317,0.782,0.869,0.549,0.976,0.385,0.1,0.0342;aaaaaaaaa;
aaaaaaa;0.0639,0.0591,0.336,0.26,0.667,0.985,0.411,0.147,0.458,0.941;aaa;
aaaaaaa;0.716,0.934,0.439,0.203,0.627,0.947,0.652,0.452,0.921,0.663;aaaaaaaa;
aa;0.262,0.211,0.665,0.672,0.768,0.732,0.534,0.279,0.807,0.0542;aaaaaaaaaa;
aa;0.601,0.75,0.584,0.223,0.25,0.737,0.0973,0.698,0.035,0.615;aaaaaaaaa;
a;0.976,0.67,0.244,0.374,0.841,0.742,0.417,0.937,0.509,0.489;aaaaaaaa;
aaaaa;0.672,0.581,0.468,0.481,0.682,0.186,0.623,0.213,0.605,0.263;aaaaaa;
aa;0.886,0.337,0.447,0.421,0.809,0.841,0.615,0.6,0.811,0.193;a;
aa;0.0879,0.839,0.578,0.835,0.608,0.84,0.034,0.791,0.471,0.661;aaaa;
aa;0.436,0.474,0.767,0.218,0.718,0.713,0.949,0.305,0.31,0.877;aaa;
aaaaa;0.471,0.191,0.922,0.445,0.296,0.407,0.0366,0.196,0.143,0.937;aaaa;
aaaaaa;0.565,0.529,0.471,0.64,0.221,0.705,0.659,0.135,0.361,0.967;aaaaa;
aaaaa;0.935,0.802,0.834,0.299,0.0932,0.423,0.897,0.793,0.658,0.0476;a;
aaaaaaa;0.223,0.21,0.372,0.784,0.0296,0.428,0.732,0.936,0.326,0.864;aaaaaaaaaa;
aaaa;0.287,0.982,0.868,0.243,0.429,0.461,0.745,0.763,0.294,0.722;aaaaaaaaaa;
aaaa;0.333,0.754,0.238,0.495,0.492,0.235,0.485,0.967,0.948,0.423;aaaaaaaaa;
aa;0.627,0.615,0.377,0.221,0.855,0.22,0.387,0.151,0.508,0.395;aaa;
a;0.67,0.611,0.49,0.774,0.494,0.527,0.0604,0.734,0.464,0.155;aaaaaaaaa;
aa;0.257,0.171,0.0838,0.0567,0.904,0.454,0.858,0.298,0.651,0.804;aaaaaa;
a;0.534,0.162,0.458,0.71,0.0832,0.132,0.58,0.299,0.143,0.0415;aaaaaaa;
aaaaa;0.09,0.0458,0.268,0.485,0.383,0.933,0.0845,0.551,0.477,0.769;aaa;
aaaaaaa;0.552,0.134,0.23,0.398,0.537,0.766,0.975,0.349,0.408,0.979;aaaaaa;
aaaaaa;0.265,0.971,0.446,0.353,0.761,0.398,0.0294,0.301,0.0403,0.63;aaaa;
aa;0.0345,0.15,0.101,0.122,0.3,0.863,0.853,0.438,0.478,0.862;a;
aaaa;0.742,0.213,0.362,0.803,0.978,0.0654,0.446,0.764,0.68,0.81;aaaa;
a;0.782,0.111,0.0466,0.981,0.908,0.151,0.559,0.74,0.187,0.856;a;
a;0.578,0.815,0.883,0.208,0.1,0.15,0.328,0.411,0.71,0.99;aa;
aaaaaaa;0.622,0.957,0.997,0.689,0.964,0.192,0.0908,0.827,0.593,0.541;aaaaaaaa;
aaaaaa;0.747,0.549,0.563,0.0229,0.0816,0.595,0.615,0.0644,0.0536,0.62;aaaaaaa;
aaaaa;0.752,0.509,0.901,0.966,0.598,0.884,0.0134,0.223,0.674,0.272;aa;
aaa;0.296,0.0663,0.22,0.212,0.507,0.171,0.43,0.4,0.104,0.8;aa;
aaaaaaa;0.102,0.937,0.364,0.353,0.658,0.992,0.842,0.779,0.602,0.998;aaaaaaaaaa;
aaaaa;0.299,0.735,0.777,0.937,0.562,0.823,0.111,0.235,0.201,0.0768;aaaaaaaaa;
aaaaaaa;0.678,0.69,0.0568,0.759,0.916,0.0916,0.796,0.985,0.561,0.626;aaaaaaa;
a;0.622,0.737,0.894,0.0903,0.0435,0.892,0.346,0.0613,0.968,0.961;aaaaaaaaa;
aaaa;0.123,0.427,0.816,0.838,0.927,0.609,0.16,0.192,0.967,0.986;aaaaaaaaaa;
aaaa;0.557,0.265,0.173,0.443,0.432,0.725,0.959,0.557,0.13,0.66;aaa;
aaaaaaa;0.853,0.855,0.54,0.798,0.54,0.206,0.703,0.637,0.442,0.385;a;
aaaaaa;0.694,0.976,0.32,0.749,0.162,0.947,0.307,0.311,0.6,0.0529;aaaa;
aaa;0.576,0.729,0.553,0.569,0.876,0.347,0.877,0.453,0.256,0.0377;aaaaaa;
aaa;0.746,0.0176,0.755,0.989,0.669,0.354,0.213,0.0384,0.582,0.546;aaaa;
a;0.253,0.299,0.236,0.907,0.605,0.294,0.512,0.316,0.54,0.878;aaaaaa;
aaaaaa;0.18,0.059,0.458,0.429,0.108,0.0841,0.016,0.808,0.805,0.0496;a;
aa;0.156,0.0448,0.972,0.647,0.198,0.956,0.353,0.781,0.608,0.394;aaaaaa;
aaaaaaa;0.938,0.359,0.615,0.954,0.594,0.871,0.476,0.0819,0.472,0.489;aaaaaaa;
aaaa;0.957,0.414,0.293,0.228,0.403,0.314,0.908,0.885,0.251,0.0589;aaaaa;
aaaaaa;0.482,0.618,0.782,0.639,0.422,0.109,0.907,0.587,0.593,0.91;aaa;
aaaaaa;0.611,0.851,0.778,0.41,0.29,0.504,0.92,0.0527,0.0763,0.71;a;
aa;0.825,0.119,0.603,0.849,0.749,0.94,0.782,0.923,0.444,0.267;aaaaaaaa;
aaaaa;0.645,0.0684,0.176,0.285,0.862,0.227,0.852,0.602,0.631,0.878;aa;
aaaa;0.912,0.0412,0.325,0.925,0.32,0.0963,0.595,0.751,0.0743,0.862;aaaaaaaaaa;
aaaa;0.15,0.975,0.656,0.468,0.62,0.134,0.0299,0.614,0.879,0.447;aaaaaa;
aaaaaaa;0.531,0.485,0.0389,0.00797,0.937,0.456,0.0733,0.49,0.992,0.278;aaa;
aaaaaa;0.622,0.0283,0.799,0.736,0.204,0.42,0.582,0.61,0.176,0.969;aaa;
aaaaa;0.661,0.8,0.07,0.638,0.00678,0.785,0.586,0.319,0.0776,0.203;aa;
aaa;0.921,0.312,0.894,0.433,0.223,0.49,0.284,0.202,0.709,0.246;aaa;
aaaaa;0.332,0.37,0.447,0.293,0.000874,0.00699,0.465,0.807,0.0533,0.669;aaaaa;
aaa;0.0413,0.336,0.41,0.957,0.125,0.0325,0.161,0.796,0.507,0.839;aaaaaaa;
a;0.785,0.861,0.132,0.925,0.18,0.988,0.853,0.29,0.194,0.315;aaaaaaaaa;
aaa;0.565,0.252,0.424,0.369,0.496,0.398,0.351,0.793,0.0749,0.0506;aaaaa;
aa;0.11,0.699,0.38,0.229,0.0754,0.728,0.871,0.235,0.275,0.771;a;
aaaaaaa;0.772,0.28,0.325,0.756,0.48,0.784,0.336,0.748,0.754,0.0872;aa;
aaa;0.947,0.396,0.41,0.881,0.0813,0.765,0.533,0.638,0.63,0.956;aaaaaaaa;
aaaa;0.314,0.06,0.851,0.657,0.922,0.936,0.606,0.537,0.412,0.621;aaaa;
aaaaaa;0.98,0.204,0.0112,0.919,0.605,0.759,0.822,0.973,0.992,0.733;aaaaa;
aaaaa;0.4,0.698,0.978,0.032,0.813,0.000237,0.389,0.948,0.239,0.113;aa;
aa;0.882,0.288,0.539,0.478,0.616,0.0665,0.554,0.585,0.399,0.276;aaaaa;
aaaaaaa;0.578,0.0254,0.685,0.664,0.963,0.172,0.52,0.614,0.702,0.00569;aaaaaaaaa;
aaaaaaa;0.601,0.0477,0.13,0.946,0.209,0.969,0.243,0.468,0.248,0.668;aaaaaaaaaa;
aa;0.263,0.839,0.0442,0.613,0.0342,0.737,0.383,0.951,0.18,0.966;aaaaaaaaa;
a;0.444,0.612,0.415,0.0182,0.305,0.677,0.518,0.197,0.675,0.616;aaa;
a;0.964,0.368,0.761,0.42,0.551,0.2,0.436,0.81,0.587,0.411;aa;
aaa;0.462,0.957,0.746,0.0735,0.426,0.43,0.852,0.768,0.273,0.498;aaa;
aaa;0.589,0.315,0.31,0.679,0.85,0.458,0.989,0.52,0.0167,0.877;aaaaaa;
aaaaaa;0.64,0.434,0.498,0.129,0.838,0.556,0.347,0.668,0.719,0.851;aaaa;
aaaaa;0.358,0.722,0.956,0.864,0.501,0.577,0.468,0.0886,0.622,0.438;aaaaaaaa;
aaaaa;0.241,0.0674,0.71,0.119,0.0248,0.191,0.856,0.369,0.714,0.255;aaaaaaaaa;
aaaa;0.741,0.177,0.59,0.261,0.365,0.87,0.0557,0.941,0.225,0.303;aaa;
a;0.242,0.71,0.221,0.165,0.447,0.634,0.936,0.755,0.932,0.197;aaaa;
aaaaa;0.945,0.0359,0.109,0.409,0.642,0.535,0.204,0.23,0.483,0.879;aa;
aaaaaaa;0.611,0.217,0.853,0.811,0.756,0.425,0.395,0.906,0.339,0.297;aaaaaaaa;
aaaaaaa;0.921,0.99,0.776,0.392,0.27,0.594,0.062,0.0539,0.694,0.986;aaaaaaa;
aa;0.767,0.659,0.45,0.469,0.843,0.849,0.378,0.337,0.182,0.0774;aa;
aaaaaa;0.419,0.896,0.723,0.973,0.674,0.333,0.46,0.765,0.271,0.718;aaaaaaaaa;
aaaaaaa;0.936,0.932,0.797,0.638,0.997,0.218,0.675,0.177,0.749,0.573;aaaaaa;
aaa;0.689,0.991,0.00357,0.65,0.165,0.243,0.204,0.268,0.452,0.00714;aaaaaa;
aaaaaaa;0.621,0.279,0.761,0.256,0.125,0.22,0.457,0.214,0.354,0.886;aaaaaa;
aaaaaa;0.926,0.903,0.939,0.573,0.29,0.71,0.138,0.5,0.171,0.8;aaaaaaaaa;
aaa;0.572,0.819,0.477,0.171,0.0329,0.78,0.741,0.241,0.755,0.372;aaaaaaa;
aaaaaaa;0.44,0.287,0.703,0.335,0.00682,0.409,0.246,0.335,0.0357,0.914;a;
aaaaa;0.6,0.636,0.604,0.249,0.0233,0.81,0.59,0.392,0.538,0.101;aaaaaaaa;
aaaaaa;0.591,0.548,0.449,0.44,0.0128,0.515,0.158,0.828,0.226,0.621;aaaaaaaa;
aaaaaaa;0.0636,0.336,0.935,0.547,0.757,0.934,0.671,0.423,0.589,0.368;aaaaaaaaaa;
aaaa;0.799,0.0478,0.244,0.246,0.156,0.339,0.382,0.276,0.199,0.107;aaaaaaaaa;
aa;0.484,0.279,0.61,0.901,0.779,0.755,0.737,0.286,0.236,0.565;aaaaaaaaa;
aaaaa;0.578,0.94,0.684,0.593,0.105,0.253,0.872,0.45,0.757,0.75;a;
aaaaa;0.327,0.433,0.429,0.553,0.868,0.233,0.475,0.806,0.54,0.331;aaa;
aaaaaa;0.971,0.409,0.505,0.528,0.16,0.369,0.611,0.0504,0.852,0.336;aaa;
aa;0.214,0.97,0.152,0.088,0.0313,0.393,0.115,0.119,0.068,0.58;aaaaaaaaaa;
aaaa;0.113,0.727,0.864,0.0956,0.276,0.0432,0.103,0.347,0.0614,0.442;aaaaaaaa;
aaa;0.836,0.698,0.711,0.596,0.391,0.159,0.059,0.707,0.239,0.209;aaaaaaa;
aaaaaaa;0.597,0.618,0.0197,0.89,0.946,0.209,0.702,0.365,0.973,0.771;aaaaaaaa;
aaaa;0.728,0.636,0.0225,0.0402,0.414,0.813,0.386,0.163,0.697,0.838;aaaaaaa;
aaaaaa;0.637,0.968,0.563,0.0223,0.134,0.836,0.018,0.0114,0.251,0.298;a;
aa;0.326,0.839,0.418,0.468,0.714,0.103,0.444,0.35,0.824,0.904;aaaaa;
aaaaaa;0.964,0.793,0.703,0.265,0.00865,0.946,0.755,0.191,0.51,0.498;aaaaaaa;
a;0.139,0.7,0.224,0.483,0.822,0.769,0.305,0.512,0.0728,0.299;aaaa;
aaa;0.564,0.702,0.825,0.753,0.241,0.823,0.78,0.976,0.65,0.547;aaaaaaaaaa;
aaaa;0.166,0.0378,0.375,0.415,0.106,0.739,0.857,0.0292,0.0851,0.583;aaaaaaaaaa;
aaaaaa;0.653,0.814,0.366,0.00254,0.991,0.401,0.336,0.463,0.716,0.977;aaaaaaaaa;
aaaaaaa;0.732,0.175,0.542,0.342,0.237,0.00852,0.827,0.685,0.155,0.477;aaaaaaaaaa;
aaaaa;0.761,0.167,0.351,0.828,0.328,0.471,0.0655,0.0173,0.677,0.586;aaaaaa;
aaaaaaa;0.692,0.0372,0.0918,0.694,0.484,0.46,0.925,0.479,0.428,0.235;aaaaaaaaaa;
aaaaa;0.791,0.2,0.0904,0.283,0.291,0.815,0.0011,0.766,0.433,0.446;aaaaaaaaa;
aaa;0.949,0.182,0.609,0.332,0.255,0.285,0.0113,0.313,0.96,0.188;aaaaa;
aaa;0.556,0.574,0.737,0.842,0.309,0.41,0.918,0.249,0.676,0.536;aaaaaa;
a;0.311,0.68,0.759,0.441,0.598,0.919,0.208,0.7,0.796,0.565;aaaaaaaaa;
aaaaaa;0.88,0.151,0.188,0.305,0.153,0.0343,0.218,0.57,0.248,0.572;a;
aaaaa;0.46,0.282,0.968,0.635,0.543,0.296,0.687,0.454,0.566,0.343;aaaaaaaa;
aa;0.775,0.824,0.307,0.485,0.981,0.956,0.803,0.312,0.928,0.353;a;
aa;0.585,0.956,0.829,0.149,0.962,0.523,0.74,0.406,0.0119,0.63;aaa;
aa;0.76,0.0868,0.281,0.596,0.806,0.947,0.218,0.0543,0.394,0.814;aaaaaaa;
aaa;0.84,0.536,0.975,0.72,0.46,0.479,0.911,0.783,0.0274,0.467;aaaaaaa;
aaaaaa;0.795,0.144,0.485,0.642,0.417,0.325,0.143,0.115,0.598,0.533;aa;
a;0.0861,0.647,0.395,0.795,0.616,0.902,0.416,0.59,0.139,0.49;aaa;
aa;0.29,0.663,0.103,0.806,0.0522,0.174,0.969,0.877,0.486,0.278;aa;
aa;0.0263,0.676,0.0437,0.289,0.365,0.0769,0.275,0.652,0.0966,0.0213;aaaaaaa;
aaaa;0.998,0.681,0.861,0.559,0.161,0.95,0.138,0.376,0.275,0.965;aaaaaaaa;
aaaaaa;0.977,0.351,0.767,0.599,0.54,0.32,0.616,0.526,0.112,0.825;aaaaaa;
aaaaaa;0.608,0.62,0.381,0.397,0.949,0.825,0.366,0.571,0.509,0.86;aaaaa;
aaa;0.187,0.651,0.584,0.537,0.32,0.656,0.887,0.75,0.161,0.828;aaaaaaaaaa;
aaaaa;0.871,0.605,0.361,0.285,0.683,0.743,0.282,0.732,0.657,0.287;aaa;
aa;0.293,0.897,0.499,0.51,0.383,0.936,0.254,0.696,0.169,0.86;a;
aaa;0.833,0.521,0.54,0.315,0.00266,0.89,0.815,0.109,0.14,0.595;aaaaaa;
aaaa;0.293,0.925,0.233,0.963,0.297,0.883,0.848,0.0213,0.688,0.291;aaaaaaa;
aaaaaa;0.939,0.574,0.921,0.233,0.429,0.706,0.171,0.374,0.882,0.663;aaaaaaa;
aaa;0.806,0.601,0.827,0.277,0.26,0.306,0.255,0.202,0.669,0.723;aaa;
aaaaa;0.101,0.866,0.714,0.717,0.0125,0.8,0.527,0.504,0.591,0.957;aaaaa;
a;0.243,0.608,0.0626,0.395,0.0827,0.563,0.174,0.282,0.719,0.321;aaaaa;
aa;0.0608,0.281,0.485,0.0703,0.242,0.681,0.919,0.00882,0.416,0.178;aaaaaa;
aa;0.0998,0.16,0.466,0.715,0.513,0.32,0.787,0.36,0.135,0.169;aaa;
aaaaaa;0.398,0.15,0.844,0.607,0.46,0.324,0.32,0.361,0.236,0.415;aaaaaaaa;
aaa;0.408,0.715,0.365,0.675,0.891,0.891,0.462,0.671,0.557,0.341;aaaaaaaaaa;
aaaaaa;0.197,0.295,0.776,0.846,0.49,0.125,0.428,0.733,0.215,0.0598;aaaaaaa;
aaaaa;0.601,0.352,0.937,0.772,0.494,0.26,0.573,0.112,0.379,0.23;aaaaaaaaa;
aaa;0.877,0.75,0.522,0.551,0.75,0.74,0.967,0.194,0.443,0.308;aaaaaaa;
aaaaa;0.49,0.0415,0.809,0.447,0.558,0.889,0.089,0.466,0.124,0.651;aaa;
aaaaa;0.524,0.0324,0.418,0.774,0.163,0.0637,0.241,0.0824,0.104,0.361;aaa;
aa;0.339,0.166,0.86,0.699,0.833,0.0625,0.0964,0.366,0.851,0.679;aaaaaaaaa;
a;0.0805,0.271,0.626,0.349,0.828,0.759,0.375,0.743,0.67,0.998;aaaa;
a;0.797,0.862,0.442,0.0116,0.572,0.135,0.72,0.262,0.922,0.444;aaaaaaaaa;
aa;0.0822,0.656,0.494,0.235,0.137,0.0455,0.0639,0.917,0.16,0.806;aaaaaaaaaa;
aa;0.66,0.421,0.226,0.191,0.926,0.223,0.25,0.361,0.301,0.503;aaaaaaaaa;
aaaa;0.233,0.638,0.284,0.175,0.51,0.881,0.375,0.915,0.434,0.913;aaaaaaaa;
aaaaa;0.695,0.403,0.497,0.261,0.897,0.0641,0.626,0.399,0.113,0.876;aa;
aaa;0.893,0.0471,0.966,0.333,0.133,0.164,0.705,0.234,0.757,0.499;aaaaa;
aaaa;0.587,0.203,0.743,0.739,0.924,0.333,0.302,0.701,0.563,0.656;aaaa;
aaaaaa;0.24,0.0964,0.359,0.588,0.582,0.471,0.432,0.627,0.455,0.221;aaaaaaa;
aaaaaa;0.62,0.21,0.967,0.704,0.402,0.362,0.643,0.139,0.198,0.282;aaaaaaaa;
aa;0.967,0.0574,0.388,0.723,0.471,0.628,0.714,0.44,0.73,0.801;aaaaa;
aaaaaa;0.966,0.263,0.663,0.816,0.783,0.915,0.552,0.958,0.963,0.0671;aa;
aaaaaa;0.91,0.767,0.698,0.848,0.842,0.183,0.315,0.762,0.837,0.489;aaaaaaa;
aaa;0.341,0.702,0.0656,0.0686,0.431,0.0164,0.499,0.154,0.604,0.00607;aaaaaaaaaa;
aaaaaa;0.0359,0.872,0.332,0.698,0.605,0.56,0.376,0.447,0.128,0.447;aaaaaa;
aaaaa;0.175,0.151,0.214,0.0545,0.724,0.894,0.207,0.633,0.907,0.452;aaaaaa;
aaaaa;0.305,0.313,0.926,0.218,0.472,0.842,0.725,0.511,0.069,0.914;aaaaaaaaaa;
aa;0.85,0.733,0.137,0.823,0.628,0.883,0.899,0.594,0.356,0.915;aaaaa;
aaaaa;0.329,0.208,0.529,0.843,0.839,0.164,0.147,0.635,0.319,0.801;aaaa;
aaaa;0.262,0.623,0.87,0.255,0.782,0.22,0.0396,0.561,0.0815,0.474;aaaaaaaaaa;
aaaa;0.498,0.188,0.726,0.556,0.98,0.853,0.324,0.493,0.812,0.358;aaaaaaaaaa;
a;0.168,0.854,0.866,0.933,0.725,0.557,0.906,0.45,0.486,0.246;aaaaa;
aaaaa;0.691,0.726,0.0378,0.658,0.468,0.231,0.25,0.188,0.924,0.931;aaaaaaaa;
aaaa;0.245,0.532,0.222,0.0139,0.438,0.00106,0.265,0.206,0.17,0.423;aaa;
aa;0.45,0.998,0.687,0.28,0.912,0.395,0.653,0.636,0.453,0.377;aaaaa;
aa;0.692,0.304,0.62,0.00304,0.333,0.596,0.863,0.000571,0.827,0.518;aa;
aaaaaa;0.639,0.324,0.551,0.686,0.936,0.251,0.173,0.521,0.352,0.279;aaaaaaaa;
aaaaa;0.0486,0.986,0.754,0.0456,0.648,0.605,0.361,0.366,0.172,0.00603;aaaa;
a;0.0659,0.542,0.893,0.624,0.883,0.779,0.628,0.223,0.829,0.921;a;
aaaaaaa;0.177,0.411,0.294,0.455,0.487,0.968,0.354,0.0457,0.859,0.0733;a;
aaaaa;0.449,0.488,0.974,0.636,0.893,0.408,0.885,0.328,0.948,0.0334;a;
aaaaaaa;0.31,0.744,0.0552,0.659,0.47,0.514,0.648,0.882,0.452,0.723;a;
aa;0.449,0.363,0.303,0.333,0.794,0.819,0.459,0.235,0.663,0.639;aaa;
a;0.248,0.556,0.357,0.414,0.52,0.16,0.623,0.427,0.57,0.422;aaaaaaa;
aaa;0.779,0.208,0.74,0.997,0.844,0.608,0.779,0.412,0.403,0.689;aaaaa;
aaaaaaa;0.333,0.293,0.114,0.612,0.326,0.194,0.185,0.722,0.482,0.457;aaaaaaaaa;
aa;0.569,0.7,0.768,0.951,0.0521,0.58,0.34,0.37,0.519,0.968;aa;
aaaaaa;0.935,0.111,0.712,0.322,0.155,0.403,0.0983,0.0626,0.461,0.715;aaaaaaaaaa;
aaa;0.753,0.0292,0.213,0.94,0.307,0.886,0.138,0.546,0.607,0.595;aaaaa;
aaa;0.0812,0.842,0.0316,0.192,0.277,0.876,0.0898,0.656,0.199,0.229;a;
aaaaaa;0.635,0.788,0.893,0.164,0.0925,0.818,0.713,0.579,0.294,0.376;aa;
a;0.798,0.297,0.226,0.324,0.825,0.227,0.761,0.759,0.595,0.412;aa;
a;0.543,0.956,0.0429,0.312,0.609,0.459,0.466,0.0556,0.104,0.601;aa;
aaaaaa;0.0856,0.107,0.526,0.921,0.743,0.281,0.725,0.713,0.131,0.39;aaaaaa;
aaaaaaa;0.243,0.409,0.989,0.806,0.102,0.61,0.499,0.881,0.943,0.616;aaaaaaa;
a;0.712,0.616,0.534,0.121,0.8,0.608,0.596,0.408,0.501,0.554;a;
aaa;0.34,0.288,0.817,0.579,0.528,0.198,0.838,0.493,0.121,0.639;a;
aaaa;0.706,0.671,0.748,0.893,0.114,0.652,0.337,0.609,0.531,0.387;aaaaaaaaaa;
aaa;0.0549,0.714,0.748,0.599,0.49,0.806,0.651,0.415,0.196,0.309;aaaaa;
aaa;0.93,0.175,0.916,0.862,0.0268,0.419,0.974,0.147,0.867,0.028;aaaaaa;
aaaaaa;0.762,0.541,0.746,0.677,0.12,0.873,0.558,0.465,0.716,0.415;aaaaaaaaaa;
aaa;0.738,0.0921,0.857,0.0497,0.0489,0.704,0.799,0.656,0.574,0.0606;aaaaa;
aaaaaaa;0.601,0.348,0.533,0.464,0.373,0.369,0.367,0.185,0.19,0.661;aaaa;
aaa;0.0101,0.771,0.54,0.104,0.987,0.148,0.548,0.855,0.545,0.48;aaa;
aaa;0.171,0.134,0.506,0.631,0.497,0.21,0.859,0.95,0.247,0.423;a;
aaa;0.957,0.416,0.819,0.257,0.414,0.214,0.699,0.464,0.108,0.397;aaaaaa;
aaa;0.622,0.511,0.316,0.855,0.617,0.97,0.969,0.845,0.176,0.415;aaaaaaaa;
a;0.711,0.545,0.831,0.645,0.259,0.875,0.378,0.967,0.206,0.41;aaaaaaaaaa;
aaaaaa;0.762,0.505,0.0324,0.0684,0.183,0.155,0.638,0.204,0.131,0.705;aaaaaaaaa;
aaaaaaa;0.013,0.0944,0.0334,0.567,0.496,0.105,0.77,0.822,0.888,0.127;aaaa;
aaaaaaa;0.998,0.0283,0.232,0.936,0.141,0.306,0.814,0.0367,0.645,0.588;aaa;
aaaa;0.308,0.985,0.915,0.71,0.15,0.566,0.73,0.713,0.331,0.0116;aaaaaaaaaa;
aaaa;0.322,0.366,0.363,0.879,0.933,0.881,0.653,0.643,0.0723,0.0951;aa;
aaa;0.0171,0.0741,0.0833,0.646,0.208,0.914,0.492,0.717,0.714,0.851;aaaa;
aaaaa;0.788,0.11,0.456,0.449,0.578,0.226,0.717,0.506,0.176,0.47;aaaaaa;
a;0.323,0.793,0.727,0.921,0.275,0.84,0.979,0.657,0.0712,0.532;aa;
a;0.701,0.0743,0.0603,0.205,0.0061,0.275,0.146,0.519,0.17,0.54;aaaaaa;
a;0.801,0.449,0.38,0.0377,0.639,0.619,0.966,0.289,0.335,0.413;aaaaaaaaa;
aaaa;0.952,0.675,0.254,0.0222,0.992,0.347,0.723,0.333,0.725,0.638;aaaaaaaa;
aaa;0.391,0.319,0.0294,0.873,0.939,0.565,0.353,0.405,0.661,0.593;aa;
aaa;0.457,0.766,0.603,0.318,0.389,0.608,0.605,0.934,0.702,0.171;aa;
a;0.965,0.595,0.206,0.961,0.00206,0.629,0.741,0.769,0.85,0.498;aaaaaaaa;
aaaaaa;0.503,0.723,0.739,0.0918,0.352,0.804,0.238,0.941,0.848,0.562;aaaa;
aaaaaaa;0.664,0.639,0.196,0.359,0.36,0.457,0.675,0.186,0.855,0.892;aaaa;
aaaa;0.651,0.943,0.306,0.977,0.479,0.313,0.0715,0.655,0.558,0.812;aaaaa;
aaaaaa;0.735,0.475,0.936,0.797,0.508,0.583,0.927,0.818,0.184,0.579;aaaaaaa;
aa;0.029,0.883,0.581,0.801,0.0693,0.365,0.245,0.0679,0.0698,0.137;aaaaaaaaa;
aaaaaaa;0.52,0.808,0.448,0.508,0.755,0.985,0.688,0.161,0.0381,0.628;aaa;
aaaaaaa;0.428,0.728,0.823,0.265,0.988,0.204,0.234,0.644,0.987,0.434;aa;
aaaaaa;0.521,0.439,0.00721,0.61,0.361,0.609,0.671,0.0487,0.758,0.355;aaaa;
aaaaa;0.487,0.607,0.635,0.19,0.823,0.416,0.851,0.184,0.823,0.184;aaaaaaa;
aaaaaaa;0.992,0.00701,0.67,0.404,0.433,0.914,0.309,0.0412,0.362,0.864;aaaaaaaa;
aaaa;0.558,0.131,0.92,0.4,0.637,0.455,0.578,0.544,0.827,0.786;aaaaa;
aaaaa;0.383,0.122,0.336,0.943,0.382,0.167,0.355,0.138,0.851,0.174;aaaaa;
aaa;0.0963,0.465,0.596,0.686,0.22,0.0477,0.0512,0.0682,0.599,0.305;aa;
aaaaaaa;0.272,0.487,0.448,0.17,0.768,0.00319,0.914,0.662,0.92,0.73;aaaaaaaaa;
aaaaaaa;0.915,0.631,0.989,0.497,0.237,0.232,0.972,0.219,0.255,0.277;aa;
aaa;0.212,0.00997,0.329,0.42,0.374,0.573,0.557,0.864,0.504,0.689;aaa;
aaa;0.869,0.658,0.207,0.925,0.982,0.408,0.73,0.0143,0.44,0.914;aa;
aaaa;0.815,0.348,0.214,0.882,0.744,0.4,0.947,0.795,0.623,0.896;aaaaaa;
aaaaa;0.516,0.615,0.383,0.71,0.366,0.442,0.881,0.667,0.0687,0.205;aa;
aaaaaaa;0.212,0.0154,0.339,0.699,0.69,0.624,0.238,0.265,0.186,0.125;aaaaaaa;
aaaaaa;0.0917,0.00126,0.347,0.174,0.253,0.548,0.0678,0.0903,0.264,0.152;aaaaaaa;
a;0.73,0.0865,0.314,0.259,0.351,0.501,0.668,0.0322,0.687,0.206;aaaaaaaa;
aa;0.487,0.44,0.607,0.606,0.244,0.688,0.8,0.176,0.249,0.895;aa;
aaa;0.392,0.897,0.733,0.895,0.509,0.631,0.936,0.949,0.298,0.475;a;
aaa;0.547,0.555,0.207,0.272,0.417,0.963,0.165,0.238,0.852,0.823;aaaaaaaaa;
aaaaaa;0.125,0.772,0.878,0.356,0.164,0.263,0.535,0.397,0.314,0.425;aaaaaaa;
aa;0.332,0.975,0.493,0.417,0.402,0.109,0.354,0.163,0.349,0.567;aaaaaaaaaa;
aa;0.397,0.135,0.902,0.975,0.464,0.638,0.372,0.715,0.166,0.264;aaaaa;
a;0.403,0.295,0.816,0.0328,0.256,0.394,0.515,0.157,0.701,0.889;aaaaaaa;
aaaaaaa;0.861,0.284,0.151,0.595,0.105,0.0187,0.409,0.568,0.385,0.873;a;
aaaaaaa;0.235,0.693,0.89,0.171,0.215,0.687,0.517,0.7,0.454,0.557;aaaaaaaa;
aaaaaaa;0.579,0.975,0.525,0.58,0.764,0.823,0.43,0.285,0.739,0.443;aa;
a;0.611,0.468,0.776,0.0429,0.937,0.372,0.804,0.375,0.287,0.646;aaaa;
aa;0.275,0.327,0.411,0.627,0.148,0.564,0.758,0.825,0.0878,0.14;aaa;
aaaa;0.216,0.407,0.137,0.243,0.502,0.381,0.0914,0.685,0.0981,0.543;aaaaaa;
aaa;0.687,0.812,0.906,0.848,0.854,0.505,0.51,0.0804,0.38,0.78;aaaaaaaaaa;
aaa;0.14,0.918,0.0569,0.867,0.152,0.247,0.477,0.135,0.953,0.443;aaaaaaaa;
aaaa;0.295,0.496,0.656,0.676,0.825,0.00856,0.475,0.418,0.29,0.526;aaaa;
aaaaaa;0.045,0.687,0.113,0.735,0.98,0.512,0.742,0.271,0.431,0.973;aaaaaaa;
aaaaaaa;0.306,0.253,0.718,0.53,0.548,0.967,0.929,0.451,0.243,0.44;aaaaaaaa;
aa;0.404,0.626,0.235,0.619,0.725,0.289,0.242,0.562,0.728,0.00486;aaaaaaaa;
a;0.322,0.99,0.803,0.0441,0.853,0.108,0.639,0.814,0.995,0.651;aaaaaaaaaa;
aaa;0.598,0.995,0.911,0.816,0.483,0.646,0.306,0.74,0.365,0.246;aaaaaaaa;
aaaa;0.883,0.716,0.403,0.0457,0.0936,0.714,0.672,0.59,0.507,0.997;aaa;
aaaaa;0.592,0.919,0.58,0.443,0.335,0.683,0.545,0.903,0.322,0.847;aaaaaaaa;
a;0.0759,0.643,0.825,0.896,0.099,0.94,0.4,0.343,0.554,0.0111;a;
aa;0.168,0.456,0.178,0.0426,0.3,0.793,0.693,0.291,0.584,0.671;aaa;
aaa;0.0268,0.901,0.605,0.978,0.36,0.676,0.673,0.802,0.158,0.419;aaaaa;
a;0.148,0.95,0.322,0.515,0.135,0.532,0.723,0.657,0.456,0.619;aaaaaa;
aaaaaa;0.822,0.754,0.131,0.749,0.686,0.76,0.471,0.0933,0.114,0.891;aaaa;
aa;0.98,0.647,0.383,0.599,0.458,0.203,0.368,0.431,0.0136,0.27;aaaaaaa;
aa;0.802,0.628,0.915,0.916,0.438,0.132,0.419,0.775,0.17,0.762;aaaaaaa;
a;0.728,0.789,0.998,0.708,0.915,0.384,0.753,0.295,0.744,0.208;aaaaaaaaaa;
aaa;0.141,0.899,0.632,0.552,0.617,0.121,0.448,0.404,0.93,0.838;aaa;
aaaa;0.0176,0.461,0.599,0.855,0.437,0.277,0.9,0.0187,0.185,0.873;a;
aaaaaa;0.405,0.0917,0.895,0.275,0.272,0.755,0.677,0.438,0.533,0.193;a;
aa;0.938,0.6,0.745,0.526,0.664,0.176,0.572,0.927,0.831,0.81;aaaaaaa;
aaaaa;0.0896,0.637,0.281,0.845,0.817,0.19,0.654,0.684,0.0215,0.421;aaaaa;
aaaa;0.705,0.3,0.373,0.283,0.96,0.632,0.326,0.56,0.423,0.0413;aaa;
aaaa;0.731,0.814,0.807,0.403,0.823,0.874,0.615,0.914,0.616,0.201;aaaaaaaaaa;
aaaaa;0.537,0.609,0.00083,0.371,0.0783,0.468,0.103,0.873,0.135,0.909;aaaaa;
aa;0.611,0.802,0.556,0.26,0.837,0.0842,0.0574,0.624,0.148,0.242;aaaa;
aaaaaa;0.0119,0.269,0.704,0.0656,0.781,0.188,0.449,0.383,0.894,0.843;aaaaaaaa;
aaaa;0.767,0.797,0.842,0.657,0.657,0.37,0.952,0.5,0.499,0.751;aa;
aa;0.717,0.274,0.825,0.95,0.779,0.481,0.981,0.773,0.052,0.312;aa;
aaaaaaa;0.927,0.691,0.794,0.611,0.783,0.254,0.35,0.805,0.594,0.941;aaaa;
aaaaa;0.534,0.346,0.208,0.0969,0.705,0.137,0.156,0.451,0.358,0.715;aaaa;
aa;0.0358,0.631,0.0817,0.215,0.946,0.47,0.795,0.621,0.85,0.889;aa;
aaa;0.0887,0.754,0.307,0.945,0.0517,0.74,0.241,0.204,0.416,0.367;a;
aaaa;0.587,0.933,0.357,0.112,0.558,0.794,0.824,0.341,0.3,0.496;aaa;
a;0.543,0.109,0.375,0.921,0.592,0.773,0.992,0.674,0.385,0.393;aaaaaaaa;
a;0.594,0.388,0.936,0.703,0.977,0.84,0.228,0.58,0.403,0.168;aaa;
aaa;0.376,0.979,0.108,0.727,0.915,0.701,0.165,0.426,0.524,0.386;aaaaaaaaa;
aaa;0.972,0.529,0.213,0.831,0.478,0.0725,0.244,0.778,0.956,0.223;aaaaaaaaa;
aaaaa;0.0359,0.4,0.824,0.887,0.534,0.736,0.407,0.0735,0.988,0.518;aaaa;
aa;0.263,0.578,0.398,0.867,0.733,0.649,0.196,0.119,0.407,0.877;aaaaaaaaa;
aaaaa;0.419,0.414,0.755,0.674,0.229,0.228,0.151,0.882,0.0636,0.718;aaaaaaaa;
aaaaaa;0.844,0.327,0.673,0.359,0.85,0.185,0.824,0.437,0.715,0.208;aaaaaaaaaa;
a;0.137,0.246,0.855,0.447,0.757,0.806,0.042,0.5,0.615,0.118;aaaaaaaa;
aaaa;0.553,0.908,0.166,0.331,0.862,0.363,0.0992,0.749,0.979,0.567;aaaaaa;
aaaa;0.597,0.674,0.165,0.273,0.671,0.939,0.439,0.649,0.962,0.132;aaa;
aaaaaa;0.507,0.982,0.567,0.252,0.904,0.497,0.796,0.922,0.912,0.971;aaaa;
aaaaa;0.388,0.212,0.392,0.495,0.117,0.927,0.631,0.222,0.306,0.286;aaa;
aaaaa;0.744,0.923,0.276,0.412,0.295,0.284,0.262,0.553,0.197,0.952;aaaa;
aa;0.804,0.677,0.00189,0.2,0.313,0.436,0.14,0.716,0.977,0.743;aaaa;
aa;0.143,0.335,0.773,0.251,0.509,0.515,0.814,0.809,0.42,0.213;aaa;
aa;0.233,0.674,0.0936,0.383,0.481,0.99,0.371,0.766,0.947,0.273;aaa;
aaaaa;0.611,0.638,0.199,0.803,0.527,0.291,0.634,0.524,0.599,0.661;aaa;
aaaa;0.597,0.373,0.235,0.819,0.702,0.348,0.849,0.935,0.384,0.0668;aaaaaa;
aaaaaaa;0.42,0.337,0.218,0.799,0.424,0.777,0.775,0.31,0.951,0.76;aaaaaaaa;
aaaaaa;0.537,0.708,0.465,0.267,0.0374,0.453,0.0814,0.374,0.36,0.575;aaa;
aaaaaaa;0.838,0.493,0.0565,0.547,0.418,0.605,0.375,0.551,0.78,0.718;aaa;
aaa;0.455,0.565,0.359,0.676,0.831,0.964,0.00804,0.21,0.305,0.113;a;
aaaa;0.537,0.438,0.65,0.696,0.789,0.388,0.29,0.17,0.747,0.621;aaaaaaaaa;
aaaaaa;0.855,0.109,0.018,0.267,0.898,0.263,0.925,0.998,0.167,0.984;aaaa;
aaaa;0.338,0.417,0.164,0.361,0.414,0.27,0.745,0.181,0.824,0.331;aaaaaaa;
aaaaaa;0.336,0.497,0.0818,0.38,0.505,0.536,0.169,0.673,0.308,0.743;aaaaaaaaa;
aaa;0.117,0.281,0.247,0.979,0.883,0.223,0.973,0.875,0.411,0.0391;aaaaaaaaa;
aaaaa;0.785,0.575,0.892,0.175,0.539,0.34,0.874,0.484,0.261,0.362;aaaaa;
aaaaaaa;0.476,0.0153,0.47,0.591,0.0307,0.764,0.602,0.496,0.609,0.00829;aaaaaaaa;
aaa;0.0746,0.237,0.792,0.721,0.965,0.216,0.871,0.338,0.798,0.2;aaa;
aa;0.514,0.527,0.99,0.908,0.692,0.542,0.838,0.389,0.584,0.5;aaaaaaaa;
aaaaa;0.541,0.072,0.305,0.434,0.556,0.708,0.664,0.499,0.243,0.126;a;
aaaaa;0.711,0.124,0.879,0.494,0.686,0.323,0.17,0.948,0.0925,0.102;aaaaaaaaa;
aa;0.72,0.684,0.608,0.675,0.715,0.471,0.959,0.81,0.667,0.29;aaaa;
aaaaa;0.251,0.153,0.258,0.394,0.771,0.216,0.38,0.541,0.646,0.42;a;
aaaa;0.66,0.808,0.525,0.378,0.444,0.325,0.0229,0.0676,0.829,0.874;aaaaaa;
aaa;0.821,0.382,0.725,0.509,0.815,0.718,0.372,0.372,0.611,0.69;aaaa;
a;0.0616,0.427,0.294,0.9,0.382,0.463,0.0559,0.91,0.104,0.85;aaaa;
aaaa;0.802,0.533,0.837,0.843,0.0795,0.11,0.501,0.957,0.138,0.932;aaaaaaaaa;
aaaaaa;0.603,0.175,0.101,0.0475,0.509,0.184,0.87,0.143,0.698,0.997;aa;
aa;0.631,0.0456,0.289,0.912,0.418,0.502,0.279,0.881,0.227,0.683;aaaaaaaaa;
aaaaa;0.868,0.496,0.599,0.505,0.988,0.724,0.997,0.015,0.383,0.946;aaaa;
aaaaa;0.382,0.813,0.714,0.971,0.911,0.486,0.667,0.857,0.714,0.626;aaaaaaaaa;
aaaaa;0.963,0.48,0.569,0.252,0.817,0.0593,0.328,0.308,0.138,0.0684;aa;
aaaaa;0.997,0.856,0.203,0.336,0.661,0.96,0.475,0.306,0.786,0.618;a;
aa;0.767,0.53,0.858,0.72,0.561,0.324,0.466,0.791,0.898,0.429;a;
aaa;0.5,0.284,0.666,0.786,0.397,0.435,0.0815,0.75,0.818,0.0507;aaaaa;
aaaaa;0.51,0.985,0.31,0.7,0.587,0.839,0.281,0.472,0.763,0.482;aaaaa;
aa;0.372,0.411,0.238,0.277,0.327,0.73,0.997,0.792,0.433,0.958;aaaaaaaaa;
aaaa;0.583,0.4,0.817,0.966,0.821,0.0066,0.537,0.466,0.492,0.883;aaaaaaaa;
aaa;0.483,0.0164,0.934,0.451,0.225,0.798,0.567,0.473,0.167,0.715;a;
aaa;0.543,0.852,0.267,0.877,0.221,0.492,0.421,0.503,0.202,0.716;a;
a;0.456,0.119,0.304,0.692,0.937,0.882,0.905,0.416,0.742,0.222;aaaaaaaa;
aaaaa;0.879,0.0663,0.996,0.892,0.00426,0.661,0.499,0.579,0.748,0.852;aaaaaaaa;
aa;0.0707,0.945,0.772,0.752,0.954,0.563,0.437,0.0371,0.412,0.692;aaaaaaa;
aaaa;0.911,0.752,0.91,0.375,0.0695,0.538,0.354,0.375,0.564,0.976;aaa;
aaaaaaa;0.161,0.699,0.43,0.303,0.0423,0.243,0.781,0.0584,0.000238,0.38;a;
aaaaaa;0.829,0.166,0.653,0.805,0.535,0.358,0.521,0.282,0.888,0.738;aaaaaaaaa;
aaa;0.733,0.58,0.811,0.313,0.344,0.421,0.788,0.404,0.085,0.463;aaaaaaaa;
aaaa;0.165,0.504,0.293,0.745,0.208,0.882,0.0755,0.857,0.396,0.926;aaaaaa;
aaa;0.548,0.653,0.426,0.203,0.991,0.863,0.118,0.409,0.964,0.852;aaaa;
aaaa;0.448,0.951,0.0692,0.848,0.834,0.982,0.923,0.00352,0.789,0.987;aaaaa;
aaaaaa;0.0946,0.576,0.708,0.916,0.72,0.971,0.129,0.833,0.0337,0.596;aaaaaa;
aaa;0.85,0.186,0.796,0.226,0.429,0.366,0.452,0.937,0.894,0.303;aaaaa;
aaa;0.0104,0.997,0.963,0.967,0.702,0.521,0.72,0.627,0.777,0.777;aaaaaaaaaa;
a;0.498,0.879,0.281,0.985,0.431,0.462,0.903,0.583,0.294,0.443;a;
aa;0.522,0.181,0.032,0.982,0.425,0.583,0.692,0.854,0.375,0.251;aaaaa;
a;0.23,0.251,0.387,0.411,0.173,0.358,0.178,0.721,0.999,0.749;aaaaaaaa;
aaaaaaa;0.403,0.966,0.564,0.963,0.395,0.586,0.439,0.668,0.725,0.938;aaaa;
aaaaaaa;0.443,0.527,0.76,0.0986,0.37,0.534,0.653,0.84,0.686,0.738;a;
aaaaaaa;0.648,0.783,0.312,0.47,0.705,0.629,0.0409,0.25,0.547,0.992;aaa;
aaaaaaa;0.797,0.443,0.665,0.151,0.785,0.202,0.605,0.812,0.982,0.117;aaaaaa;
aaaaaaa;0.444,0.942,0.929,0.94,0.359,0.165,0.0679,0.65,0.935,0.793;aaaaaaaaaa;
aaa;0.777,0.177,0.75,0.578,0.431,0.0599,0.461,0.159,0.426,0.323;a;
aaaaa;0.309,0.986,0.861,0.727,0.0464,0.549,0.866,0.314,0.526,0.706;aaaaaaaa;
aaa;0.494,0.245,0.937,0.451,0.337,0.835,0.753,0.224,0.5,0.499;aaaaa;
aaa;0.562,0.526,0.591,0.758,0.462,0.487,0.625,0.625,0.357,0.125;aaaa;
aaaa;0.0791,0.533,0.104,0.88,0.993,0.631,0.842,0.798,0.673,0.0991;aaaaa;
aaaaa;0.556,0.0915,0.739,0.761,0.631,0.737,0.28,0.775,0.808,0.729;a;
aaaaaaa;0.594,0.801,0.388,0.51,0.625,0.588,0.784,0.5,0.492,0.0241;aaa;
aaaaaa;0.351,0.407,0.227,0.345,0.0907,0.589,0.0714,0.0273,0.961,0.446;aaaaaaa;
aaaaa;0.968,0.565,0.156,0.548,0.927,0.696,0.872,0.873,0.402,0.134;aaaa;
aaa;0.87,0.175,0.733,0.0282,0.605,0.0596,0.865,0.918,0.89,0.466;aaaaaa;
aaaaaa;0.805,0.99,0.405,0.178,0.217,0.606,0.16,0.715,0.368,0.639;aaaaaaaa;
a;0.863,0.0916,0.2,0.194,0.203,0.585,0.447,0.928,0.846,0.197;aa;
aaaaaa;0.384,0.101,0.463,0.0356,0.801,0.146,0.908,0.267,0.706,0.404;aaaa;
aaa;0.579,0.797,0.391,0.495,0.0681,0.895,0.4,0.655,0.601,0.275;aaaaaa;
aaaaaaa;0.255,0.866,0.201,0.198,0.795,0.853,0.521,0.912,0.155,0.937;aaaaaaaaaa;
aaaaaa;0.13,0.902,0.0199,0.428,0.498,0.423,0.83,0.545,0.984,0.546;aaaa;
aaaaa;0.931,0.756,0.775,0.877,0.105,0.871,0.683,0.931,0.364,0.649;aaaa;
aaaaaaa;0.226,0.928,0.914,0.589,0.0946,0.486,0.543,0.317,0.929,0.656;aaaaaaaa;
aaaa;0.34,0.793,0.0604,0.982,0.0423,0.831,0.644,0.724,0.573,0.319;aa;
aa;0.724,0.105,0.296,0.154,0.955,0.813,0.479,0.51,0.0606,0.599;aaaaaaaaa;
aaaa;0.284,0.095,0.897,0.098,0.335,0.134,0.0665,0.222,0.239,0.0307;aa;
aa;0.217,0.113,0.498,0.588,0.412,0.25,0.89,0.829,0.347,0.698;aaaa;
aaaa;0.0605,0.727,0.442,0.246,0.511,0.856,0.338,0.808,0.364,0.688;aaaaaaa;
aa;0.89,0.0421,0.268,0.557,0.568,0.979,0.564,0.221,0.755,0.584;aaaaa;
aaaaaa;0.492,0.159,0.684,0.0759,0.033,0.428,0.0302,0.649,0.772,0.585;a;
aaaa;0.153,0.669,0.524,0.553,0.594,0.315,0.608,0.739,0.402,0.761;a;
aa;0.787,0.0617,0.559,0.03,0.843,0.92,0.834,0.173,0.427,0.66;aaaaaa;
aa;0.656,0.817,0.108,0.494,0.247,0.963,0.99,0.624,0.663,0.974;aaaa;
a;0.537,0.852,0.684,0.813,0.921,0.694,0.0428,0.0156,0.353,0.349;aaa;
aa;0.374,0.7,0.823,0.278,0.551,0.18,0.661,0.634,0.586,0.0414;aaaaaa;
aaaaaa;0.397,0.707,0.256,0.293,0.308,0.287,0.0727,0.294,0.439,0.737;aaaaaaa;
a;0.916,0.761,0.835,0.504,0.848,0.547,0.73,0.108,0.391,0.435;aaaaaaaa;
a;0.688,0.0937,0.272,0.424,0.267,0.273,0.319,0.38,0.566,0.514;aaaaaaaaa;
aaaaaaa;0.0452,0.666,0.00862,0.27,0.192,0.449,0.351,0.605,0.704,0.544;aaaaaaaaa;
aaaa;0.00812,0.581,0.827,0.48,0.315,0.0436,0.423,0.15,0.231,0.979;aa;
aaaaaaa;0.869,0.552,0.154,0.562,0.957,0.24,0.315,0.0142,0.103,0.389;aaaaaaaa;
aaaa;0.138,0.181,0.686,0.528,0.127,0.479,0.543,0.726,0.736,0.457;aaa;
aaa;0.504,0.48,0.17,0.497,0.547,0.212,0.126,0.00153,0.372,0.217;aa;
a;0.983,0.826,0.798,0.528,0.956,0.352,0.6,0.861,0.0436,0.255;aaaaaa;
aaaaaa;0.976,0.284,0.36,0.837,0.883,0.373,0.376,0.645,0.526,0.982;aaaa;
aaaaaa;0.0755,0.549,0.222,0.507,0.78,0.119,0.614,0.05,0.0572,0.187;aa;
aaaa;0.856,0.49,0.446,0.903,0.637,0.604,0.983,0.829,0.93,0.118;aaaaaaaaa;
aaa;0.731,0.833,0.36,0.186,0.303,0.939,0.336,0.566,0.456,0.0318;a;
a;0.498,0.988,0.497,0.968,0.416,0.223,0.302,0.0532,0.651,0.26;aaaaaa;
aaaaaaa;0.384,0.0436,0.379,0.773,0.664,0.336,0.162,0.228,0.472,0.57;aaaaaaaa;
a;0.657,0.392,0.801,0.487,0.833,0.249,0.324,0.0232,0.496,0.061;aaaaaaaaa;
aaaaaaa;0.136,0.441,0.724,0.678,0.149,0.499,0.54,0.583,0.655,0.655;aaaaaaa;
aa;0.00651,0.162,0.13,0.413,0.682,0.563,0.0826,0.0313,0.149,0.291;aaa;
aa;0.39,0.611,0.228,0.954,0.826,0.608,0.0434,0.215,0.0392,0.241;aaaaaaaaaa;
aaaaaa;0.745,0.56,0.88,0.153,0.733,0.572,0.053,0.338,0.171,0.461;aaaaaa;
aaaaa;0.663,0.514,0.233,0.487,0.585,0.0268,0.955,0.586,0.964,0.137;aaaaaaaa;
aa;0.761,0.893,0.856,0.112,0.591,0.881,0.975,0.544,0.716,0.803;aaaaaaaaa;
aaaaa;0.59,0.994,0.718,0.431,0.243,0.127,0.527,0.677,0.258,0.451;aaaaaa;
aaaaa;0.135,0.723,0.4,0.414,0.67,0.21,0.547,0.86,0.865,0.667;aaaaaaa;
a;0.185,0.818,0.168,0.6,0.205,0.0366,0.499,0.873,0.0849,0.132;aaaaaaaaa;
aaaaa;0.0572,0.769,0.707,0.338,0.777,0.834,0.863,0.802,0.103,0.713;aaaaaaaaaa;
aaa;0.1,0.0497,0.521,0.948,0.441,0.372,0.889,0.243,0.206,0.252;aaaa;
aaaaaaa;0.248,0.267,0.669,0.048,0.304,0.138,0.635,0.73,0.33,0.038;a;
a;0.804,0.0616,0.163,0.913,0.132,0.0342,0.11,0.677,0.562,0.398;aaa;
a;0.397,0.0896,0.499,0.407,0.0887,0.159,0.671,0.564,0.648,0.265;aaaaaaa;
aaaaaaa;0.947,0.448,0.982,0.526,0.37,0.555,0.14,0.534,0.779,0.0715;aaaaa;
aaaaaa;0.363,0.592,0.585,0.769,0.0263,0.995,0.0686,0.625,0.974,0.347;aaaaaaaaaa;
aaa;0.769,0.764,0.545,0.0206,0.56,0.19,0.211,0.104,0.131,0.287;aaaaaaaaaa;
aaa;0.45,0.221,0.646,0.64,0.0151,0.569,0.484,0.804,0.315,0.178;aaaaaaaaaa;
a;0.269,0.396,0.213,0.697,0.657,0.7,0.364,0.915,0.947,0.284;aaaaaaa;
aa;0.0166,0.0584,0.138,0.881,0.0706,0.586,0.298,0.345,0.0883,0.644;aaaaaaa;
a;0.913,0.422,0.205,0.287,0.179,0.56,0.297,0.383,0.889,0.553;aaaaaaa;
aaaaaaa;0.856,0.134,0.499,0.625,0.347,0.993,0.641,0.113,0.757,0.732;aaaa;
aaa;0.719,0.148,0.598,0.367,0.148,0.109,0.518,0.358,0.539,0.198;aaa;
aaaaaa;0.0993,0.432,0.59,0.819,0.0919,0.935,0.921,0.476,0.102,0.584;aaaaaaaaaa;
aaaaaaa;0.977,0.2,0.343,0.142,0.362,0.9,0.396,0.817,0.513,0.541;aaaaaa;
aaaaaaa;0.232,0.771,0.464,0.637,0.0484,0.954,0.983,0.734,0.632,0.263;aaaaaa;
aaa;0.128,0.988,0.04,0.913,0.48,0.299,0.538,0.368,0.325,0.915;aaaaa;
aa;0.647,0.24,0.921,0.148,0.319,0.0396,0.264,0.15,0.144,0.598;aaaaaaa;
aa;0.396,0.517,0.302,0.365,0.714,0.248,0.657,0.754,0.984,0.0177;aaaaaaa;
aaaaaa;0.73,0.877,0.181,0.0441,0.447,0.0425,0.611,0.00843,0.0776,0.38;aaaaaaaa;
aaaaa;0.169,0.509,0.51,0.556,0.24,0.0643,0.463,0.937,0.356,0.857;aaaaa;
aaa;0.128,0.988,0.04,0.913,0.48,0.299,0.538,0.368,0.325,0.915;aaaa;
aa;0.647,0.24,0.921,0.148,0.319,0.0396,0.264,0.15,0.144,0.598;aaaaaaaaa;
aa;0.396,0.517,0.302,0.365,0.714,0.248,0.657,0.754,0.984,0.0177;a;
aaaaaa;0.73,0.877,0.181,0.0441,0.447,0.0425,0.611,0.00843,0.0776,0.38;aaaaa;
aaaaa;0.169,0.509,0.51,0.556,0.24,0.0643,0.463,0.937,0.356,0.857;aaaaaa;
aaa;0.128,0.988,0.04,0.913,0.48,0.299,0.538,0.368,0.325,0.915;aaa;
aa;0.647,0.24,0.921,0.148,0.319,0.0396,0.264,0.15,0.144,0.598;aaaaaaaa;
aa;0.396,0.517,0.302,0.365,0.714,0.248,0.657,0.754,0.984,0.0177;a;
aaaaaa;0.73,0.877,0.181,0.0441,0.447,0.0425,0.611,0.00843,0.0776,0.38;aaa;
aaaaa;0.169,0.509,0.51,0.556,0.24,0.0643,0.463,0.937,0.356,0.857;aaaaaaaaa;
aaa;0.128,0.988,0.04,0.913,0.48,0.299,0.538,0.368,0.325,0.915;aaaaaaaaaa;
aa;0.647,0.24,0.921,0.148,0.319,0.0396,0.264,0.15,0.144,0.598;aaaa;
aa;0.396,0.517,0.302,0.365,0.714,0.248,0.657,0.754,0.984,0.0177;a;
aaaaaa;0.73,0.877,0.181,0.0441,0.447,0.0425,0.611,0.00843,0.0776,0.38;aa;
aaaaa;0.169,0.509,0.51,0.556,0.24,0.0643,0.463,0.937,0.356,0.857;aaaaaaa;
aaa;0.128,0.988,0.04,0.913,0.48,0.299,0.538,0.368,0.325,0.915;aaaa;
aa;0.647,0.24,0.921,0.148,0.319,0.0396,0.264,0.15,0.144,0.598;aaaaaa;
aa;0.396,0.517,0.302,0.365,0.714,0.248,0.657,0.754,0.984,0.0177;aaaaaaa;
aaaaaa;0.73,0.877,0.181,0.0441,0.447,0.0425,0.611,0.00843,0.0776,0.38;a;
aaaaa;0.169,0.509,0.51,0.556,0.24,0.0643,0.463,0.937,0.356,0.857;aaaaaaaa;
aaa;0.128,0.988,0.04,0.913,0.48,0.299,0.538,0.368,0.325,0.915;aaaa;
aa;0.647,0.24,0.921,0.148,0.319,0.0396,0.264,0.15,0.144,0.598;aaa;
aa;0.396,0.517,0.302,0.365,0.714,0.248,0.657,0.754,0.984,0.0177;aaaaaaaa;
aaaaaa;0.73,0.877,0.181,0.0441,0.447,0.0425,0.611,0.00843,0.0776,0.38;aa;
aaaaa;0.169,0.509,0.51,0.556,0.24,0.0643,0.463,0.937,0.356,0.857;aaaaaaaa;
aaa;0.128,0.988,0.04,0.913,0.48,0.299,0.538,0.368,0.325,0.915;aaaaaaaaaa;
aa;0.647,0.24,0.921,0.148,0.319,0.0396,0.264,0.15,0.144,0.598;aaa;
aa;0.396,0.517,0.302,0.365,0.714,0.248,0.657,0.754,0.984,0.0177;aaaa;
aaaaaa;0.73,0.877,0.181,0.0441,0.447,0.0425,0.611,0.00843,0.0776,0.38;aaaaaaaaa;
aaaaa;0.169,0.509,0.51,0.556,0.24,0.0643,0.463,0.937,0.356,0.857;aaaaaaaaa;
aaa;0.128,0.988,0.04,0.913,0.48,0.299,0.538,0.368,0.325,0.915;aaa;
aa;0.647,0.24,0.921,0.148,0.319,0.0396,0.264,0.15,0.144,0.598;a;
aa;0.396,0.517,0.302,0.365,0.714,0.248,0.657,0.754,0.984,0.0177;aa;
aaaaaa;0.73,0.877,0.181,0.0441,0.447,0.0425,0.611,0.00843,0.0776,0.38;aaaaaaaaa;
aaaaa;0.169,0.509,0.51,0.556,0.24,0.0643,0.463,0.937,0.356,0.857;a;
aaa;0.128,0.988,0.04,0.913,0.48,0.299,0.538,0.368,0.325,0.915;aaaaaaaa;
aa;0.647,0.24,0.921,0.148,0.319,0.0396,0.264,0.15,0.144,0.598;aaaa;
aa;0.396,0.517,0.302,0.365,0.714,0.248,0.657,0.754,0.984,0.0177;aaaaaa;
aaaaaa;0.73,0.877,0.181,0.0441,0.447,0.0425,0.611,0.00843,0.0776,0.38;aaaaaaa;
aaaaa;0.169,0.509,0.51,0.556,0.24,0.0643,0.463,0.937,0.356,0.857;aa;
aaa;0.128,0.988,0.04,0.913,0.48,0.299,0.538,0.368,0.325,0.915;aaaaaaaaa;
aa;0.647,0.24,0.921,0.148,0.319,0.0396,0.264,0.15,0.144,0.598;aaaa;
aa;0.396,0.517,0.302,0.365,0.714,0.248,0.657,0.754,0.984,0.0177;aaaaaaaaaa;
aaaaaa;0.73,0.877,0.181,0.0441,0.447,0.0425,0.611,0.00843,0.0776,0.38;aa;
aaaaa;0.169,0.509,0.51,0.556,0.24,0.0643,0.463,0.937,0.356,0.857;aaaaaa;
aaa;0.128,0.988,0.04,0.913,0.48,0.299,0.538,0.368,0.325,0.915;aaaaaaa;
aa;0.647,0.24,0.921,0.148,0.319,0.0396,0.264,0.15,0.144,0.598;a;
aa;0.396,0.517,0.302,0.365,0.714,0.248,0.657,0.754,0.984,0.0177;aaaaa;
aaaaaa;0.73,0.877,0.181,0.0441,0.447,0.0425,0.611,0.00843,0.0776,0.38;a;
aaaaa;0.169,0.509,0.51,0.556,0.24,0.0643,0.463,0.937,0.356,0.857;aaaaaaaa;
aaa;0.128,0.988,0.04,0.913,0.48,0.299,0.538,0.368,0.325,0.915;aaaaa;
aa;0.647,0.24,0.921,0.148,0.319,0.0396,0.264,0.15,0.144,0.598;aa;
aa;0.396,0.517,0.302,0.365,0.714,0.248,0.657,0.754,0.984,0.0177;aa;
aaaaaa;0.73,0.877,0.181,0.0441,0.447,0.0425,0.611,0.00843,0.0776,0.38;aaaa;
aaaaa;0.169,0.509,0.51,0.556,0.24,0.0643,0.463,0.937,0.356,0.857;aaa;
aaa;0.128,0.988,0.04,0.913,0.48,0.299,0.538,0.368,0.325,0.915;aaaa;
aa;0.647,0.24,0.921,0.148,0.319,0.0396,0.264,0.15,0.144,0.598;a;
aa;0.396,0.517,0.302,0.365,0.714,0.248,0.657,0.754,0.984,0.0177;a;
aaaaaa;0.73,0.877,0.181,0.0441,0.447,0.0425,0.611,0.00843,0.0776,0.38;aaaaaaaa;
aaaaa;0.169,0.509,0.51,0.556,0.24,0.0643,0.463,0.937,0.356,0.857;a;
aaa;0.128,0.988,0.04,0.913,0.48,0.299,0.538,0.368,0.325,0.915;aaaaaaaaa;
aa;0.647,0.24,0.921,0.148,0.319,0.0396,0.264,0.15,0.144,0.598;aaaaaaaa;
aa;0.396,0.517,0.302,0.365,0.714,0.248,0.657,0.754,0.984,0.0177;aaaaaaaaaa;
aaaaaa;0.73,0.877,0.181,0.0441,0.447,0.0425,0.611,0.00843,0.0776,0.38;aaaaa;
aaaaa;0.169,0.509,0.51,0.556,0.24,0.0643,0.463,0.937,0.356,0.857;aaaaaaaaa;
aaa;0.128,0.988,0.04,0.913,0.48,0.299,0.538,0.368,0.325,0.915;a;
aa;0.647,0.24,0.921,0.148,0.319,0.0396,0.264,0.15,0.144,0.598;aaaaa;
aa;0.396,0.517,0.302,0.365,0.714,0.248,0.657,0.754,0.984,0.0177;aa;
aaaaaa;0.73,0.877,0.181,0.0441,0.447,0.0425,0.611,0.00843,0.0776,0.38;aaaaaaaaaa;
aaaaa;0.169,0.509,0.51,0.556,0.24,0.0643,0.463,0.937,0.356,0.857;aa;
aaa;0.128,0.988,0.04,0.913,0.48,0.299,0.538,0.368,0.325,0.915;aa;
aa;0.647,0.24,0.921,0.148,0.319,0.0396,0.264,0.15,0.144,0.598;aaaaaa;
aa;0.396,0.517,0.302,0.365,0.714,0.248,0.657,0.754,0.984,0.0177;aaaaaaaa;
aaaaaa;0.73,0.877,0.181,0.0441,0.447,0.0425,0.611,0.00843,0.0776,0.38;a;
aaaaa;0.169,0.509,0.51,0.556,0.24,0.0643,0.463,0.937,0.356,0.857;aaaaaaa;
aaa;0.128,0.988,0.04,0.913,0.48,0.299,0.538,0.368,0.325,0.915;aaaa;
aa;0.647,0.24,0.921,0.148,0.319,0.0396,0.264,0.15,0.144,0.598;aaaaaaa;
aa;0.396,0.517,0.302,0.365,0.714,0.248,0.657,0.754,0.984,0.0177;aaaa;
aaaaaa;0.73,0.877,0.181,0.0441,0.447,0.0425,0.611,0.00843,0.0776,0.38;aaaaaaaaa;
aaaaa;0.169,0.509,0.51,0.556,0.24,0.0643,0.463,0.937,0.356,0.857;aaaaaaa;
aaa;0.128,0.988,0.04,0.913,0.48,0.299,0.538,0.368,0.325,0.915;aa;
aa;0.647,0.24,0.921,0.148,0.319,0.0396,0.264,0.15,0.144,0.598;aaaaaaa;
aa;0.396,0.517,0.302,0.365,0.714,0.248,0.657,0.754,0.984,0.0177;aaaaaaaaa;
aaaaaa;0.73,0.877,0.181,0.0441,0.447,0.0425,0.611,0.00843,0.0776,0.38;aaaaaaa;
aaaaa;0.169,0.509,0.51,0.556,0.24,0.0643,0.463,0.937,0.356,0.857;aaaa;
aaa;0.128,0.988,0.04,0.913,0.48,0.299,0.538,0.368,0.325,0.915;aaa;
aa;0.647,0.24,0.921,0.148,0.319,0.0396,0.264,0.15,0.144,0.598;aaaaaaa;
aa;0.396,0.517,0.302,0.365,0.714,0.248,0.657,0.754,0.984,0.0177;aaaaaaaaaa;
aaaaaa;0.73,0.877,0.181,0.0441,0.447,0.0425,0.611,0.00843,0.0776,0.38;aaaaa;
aaaaa;0.169,0.509,0.51,0.556,0.24,0.0643,0.463,0.937,0.356,0.857;aaaaaaaaaa;
aaa;0.128,0.988,0.04,0.913,0.48,0.299,0.538,0.368,0.325,0.915;aaaaa;
aa;0.647,0.24,0.921,0.148,0.319,0.0396,0.264,0.15,0.144,0.598;aa;
aa;0.396,0.517,0.302,0.365,0.714,0.248,0.657,0.754,0.984,0.0177;aaaaaa;
aaaaaa;0.73,0.877,0.181,0.0441,0.447,0.0425,0.611,0.00843,0.0776,0.38;a;
aaaaa;0.169,0.509,0.51,0.556,0.24,0.0643,0.463,0.937,0.356,0.857;aaaaaaaaaa;
aaa;0.128,0.988,0.04,0.913,0.48,0.299,0.538,0.368,0.325,0.915;aa;
aa;0.647,0.24,0.921,0.148,0.319,0.0396,0.264,0.15,0.144,0.598;aaaaaaaa;
aa;0.396,0.517,0.302,0.365,0.714,0.248,0.657,0.754,0.984,0.0177;aa;
aaaaaa;0.73,0.877,0.181,0.0441,0.447,0.0425,0.611,0.00843,0.0776,0.38;a;
aaaaa;0.169,0.509,0.51,0.556,0.24,0.0643,0.463,0.937,0.356,0.857;aaaaaaa;
aaa;0.128,0.988,0.04,0.913,0.48,0.299,0.538,0.368,0.325,0.915;aaaaaaaaaa;
aa;0.647,0.24,0.921,0.148,0.319,0.0396,0.264,0.15,0.144,0.598;aaaaaaaaaa;
aa;0.396,0.517,0.302,0.365,0.714,0.248,0.657,0.754,0.984,0.0177;aaaaaaaaaa;
aaaaaa;0.73,0.877,0.181,0.0441,0.447,0.0425,0.611,0.00843,0.0776,0.38;aa;
aaaaa;0.169,0.509,0.51,0.556,0.24,0.0643,0.463,0.937,0.356,0.857;aaaaaa;
aaa;0.128,0.988,0.04,0.913,0.48,0.299,0.538,0.368,0.325,0.915;aaaaaaaaa;
aa;0.647,0.24,0.921,0.148,0.319,0.0396,0.264,0.15,0.144,0.598;aaaa;
aa;0.396,0.517,0.302,0.365,0.714,0.248,0.657,0.754,0.984,0.0177;aaaaaa;
aaaaaa;0.73,0.877,0.181,0.0441,0.447,0.0425,0.611,0.00843,0.0776,0.38;aaaa;
aaaaa;0.169,0.509,0.51,0.556,0.24,0.0643,0.463,0.937,0.356,0.857;aaaaaa;
