ATT0(float,1);ATT1(float,10);ATT2(string,10);
0.828;0.862,0.288,0.254,0.0138,0.81,0.72,0.00737,0.242,0.413,0.403;aaa;
0.451;0.727,0.783,0.606,0.124,0.139,1,0.0528,0.013,0.409,0.179;aaa;
0.0182;0.304,0.574,0.696,0.873,0.57,0.311,0.304,0.344,0.316,0.539;aaaa;
0.767;0.216,0.124,0.141,0.41,0.38,0.457,0.549,0.0516,0.444,0.487;aaaaaaa;
0.348;0.221,0.982,0.835,0.382,0.56,0.868,0.315,0.495,0.322,0.542;aaaaaaaa;
0.235;0.219,0.106,0.162,1,0.437,0.141,0.807,0.5,0.776,0.684;aaaaaaaaa;
1;0.57,0.284,0.297,0.764,0.307,0.956,0.876,0.489,0.597,0.892;a;
0.504;0.304,0.0835,0.393,0.557,0.0783,0.675,0.674,0.964,0.0159,0.0608;aaaaaaaa;
0.175;0.443,0.723,0.348,0.472,0.753,0.589,0.117,0.0224,0.443,0.353;aaaaaaaaaa;
0.371;0.186,0.978,0.493,0.68,0.309,0.667,0.547,0.286,0.323,0.733;aaaaaaaaa;
0.845;0.0768,0.346,0.528,0.308,0.352,0.111,0.59,0.12,0.138,0.495;aa;
0.176;0.643,0.331,0.313,0.578,0.527,0.212,0.751,0.41,0.164,0.524;aaaa;
0.163;0.481,0.159,0.534,0.553,0.0668,0.806,0.717,0.361,0.382,0.499;aa;
0.302;0.127,0.96,0.513,0.64,0.712,0.79,0.342,0.326,0.703,0.0552;aaaaaaaa;
0.451;0.164,0.741,0.199,0.519,0.603,0.984,0.424,0.2,0.254,0.999;aaaaa;
0.977;0.779,0.9,0.625,0.227,0.948,0.478,0.223,0.881,0.977,0.204;aaa;
0.0589;0.544,0.119,0.7,0.563,0.948,0.514,0.186,0.628,0.802,0.575;aaaaaaaaa;
0.0824;0.293,0.19,0.444,0.932,0.775,0.474,0.624,0.626,0.735,0.632;aaa;
0.149;0.574,0.32,0.623,0.37,0.532,0.839,0.88,0.809,0.656,0.687;aaaaaa;
0.328;0.614,0.723,0.237,0.933,0.548,0.636,0.305,0.691,0.626,0.272;aaa;
0.22;0.804,0.828,0.263,0.567,0.935,0.606,0.577,0.449,0.154,0.11;aaaaaa;
0.913;0.557,0.629,0.178,0.487,0.935,0.921,0.624,0.888,0.743,0.434;aaaaaaaaa;
0.439;0.488,0.0518,0.61,0.751,0.251,0.437,0.194,0.118,0.592,0.932;aaaaaaaaaa;
0.996;0.809,0.902,0.0996,0.66,0.323,0.801,0.0261,0.501,0.327,0.67;aaaaaaa;
0.642;0.538,0.476,0.687,0.223,0.708,0.137,0.968,0.408,0.343,0.405;a;
0.596;0.518,0.301,0.975,0.526,0.263,0.387,0.744,0.726,0.297,0.653;aaaaaa;
0.566;0.452,0.542,0.745,0.671,0.316,0.431,0.777,0.988,0.2,0.341;aaaaaaaa;
0.702;0.00573,0.509,0.12,0.0553,0.182,0.114,0.676,0.343,0.198,0.11;aaaaa;
0.492;0.887,0.564,0.371,0.672,0.697,0.367,0.657,0.807,0.586,0.862;aaaaaaa;
0.242;0.158,0.723,0.347,0.406,0.0832,0.23,0.789,0.835,0.332,0.0574;aaaaaaaa;
0.787;0.642,0.461,0.888,0.333,0.975,0.934,0.631,0.237,0.453,0.194;aaaaaaaaaa;
0.162;0.0592,0.254,0.51,0.922,0.0511,0.266,0.898,0.444,0.0234,0.552;aaaaaaaa;
0.219;0.968,0.0158,0.801,0.149,0.56,0.103,0.455,0.283,0.36,0.325;a;
0.627;0.776,0.0501,0.927,0.134,0.936,0.523,0.26,0.245,0.44,0.936;aaaaaaaaa;
0.461;0.315,0.969,0.599,0.99,0.899,0.304,0.106,0.601,0.853,0.411;aaaaaa;
0.229;0.45,0.501,0.282,0.551,0.202,0.435,0.409,0.255,0.393,0.667;aaaaaaa;
0.67;0.0851,0.488,0.638,0.0216,0.421,0.283,0.822,0.457,0.816,0.207;aaaaaaa;
0.46;0.784,0.452,0.448,0.867,0.763,0.0593,0.387,0.0837,0.0567,0.526;aaaaa;
0.622;0.461,0.376,0.971,0.876,0.354,0.613,0.571,0.747,0.738,0.627;aaaaaa;
0.34;0.368,0.858,0.324,0.577,0.222,0.748,0.239,0.576,0.475,0.977;aaaaaaaa;
0.99;0.864,0.182,0.287,0.00584,0.692,0.669,0.39,0.0237,0.927,0.178;aaaaa;
0.669;0.616,0.615,0.0893,0.901,0.0952,0.128,0.475,0.368,0.0425,0.667;aaaa;
0.947;0.0197,0.358,0.589,0.531,0.421,0.652,0.419,0.402,0.813,0.406;a;
0.573;0.231,0.266,0.754,0.268,0.805,0.181,0.783,0.191,0.647,0.907;aaaaaaaa;
0.129;0.626,0.343,0.0739,0.746,0.395,0.0499,0.104,0.924,0.353,0.835;aaa;
0.906;0.982,0.0251,0.978,0.292,0.000917,0.915,0.896,0.859,0.662,0.951;aaa;
0.173;0.221,0.282,0.48,0.987,0.447,0.119,0.277,0.579,0.504,0.131;a;
0.684;0.474,0.381,0.0446,0.193,0.0794,0.768,0.0902,0.148,0.151,0.981;a;
0.363;0.481,0.259,0.111,0.706,0.744,0.973,0.466,0.589,0.801,0.0891;aaaaaaa;
0.879;0.755,0.34,0.996,0.516,0.0576,0.863,0.211,0.244,0.275,0.605;aaaaa;
0.799;0.0108,0.266,0.539,0.00265,0.548,0.568,0.0422,0.576,0.0372,0.286;a;
0.182;0.0732,0.695,0.815,0.0154,0.918,0.0348,0.782,0.14,0.0777,0.662;aaaaa;
0.968;0.559,0.129,0.723,0.355,0.434,0.932,0.00728,0.994,0.0997,0.327;a;
0.753;0.159,0.518,0.267,0.148,0.2,0.958,0.396,0.5,0.878,0.0164;aaa;
0.891;0.589,0.695,0.414,0.0142,0.277,0.51,0.807,0.0182,0.897,0.185;aaaaaaa;
0.725;0.693,0.549,0.157,0.262,0.542,0.801,0.777,0.416,0.22,0.451;aaa;
0.278;0.109,0.148,0.615,0.172,0.838,0.593,0.101,0.829,0.923,0.289;aaaaaa;
0.158;0.588,0.288,0.0797,0.387,0.425,0.193,0.891,0.172,0.894,0.984;aaaaaaaa;
0.995;0.225,0.815,0.104,0.953,0.0638,0.0286,0.0494,0.775,0.975,0.341;a;
0.495;0.693,0.394,0.0354,0.734,0.957,0.869,0.936,0.737,0.0626,0.556;aaaaa;
0.606;0.754,0.557,0.395,0.971,0.627,0.527,0.472,0.937,0.486,0.047;aaa;
0.552;0.403,0.928,0.844,0.688,0.509,0.995,0.733,0.746,0.204,0.774;aa;
0.422;0.95,0.929,0.138,0.0714,0.106,0.0192,0.96,0.0171,0.447,0.727;aaaa;
0.998;0.363,0.336,0.652,0.89,0.435,0.435,0.635,0.116,0.495,0.589;aaaaaaaaa;
0.788;0.99,0.447,0.909,0.435,0.933,0.759,0.571,0.55,0.91,0.488;aaaaaaaa;
0.487;0.953,0.568,0.811,0.444,0.0377,0.831,0.608,0.452,0.606,0.941;a;
0.763;0.989,0.27,0.785,0.638,0.609,0.0756,0.975,0.196,0.879,0.451;aaaaaaaaaa;
0.304;0.798,0.765,0.146,0.0347,0.962,0.431,0.0872,0.156,0.226,0.895;aaaaaaaaa;
0.00145;0.185,0.307,0.846,0.792,0.893,0.515,0.0841,0.00578,0.384,0.556;aaaaaaaa;
0.889;0.508,0.0968,0.925,0.425,0.885,0.354,0.534,0.722,0.212,0.216;aaaaaaa;
0.967;0.0719,0.612,0.167,0.795,0.06,0.384,0.859,0.455,0.122,0.645;a;
0.203;0.109,0.56,0.982,0.374,0.808,0.39,0.614,0.281,0.943,0.176;aa;
0.126;0.56,0.848,0.485,0.727,0.118,0.733,0.606,0.138,0.731,0.621;aaa;
0.755;0.528,0.339,0.859,0.882,0.909,0.263,0.82,0.53,0.199,0.491;aaaaaaaa;
0.635;0.758,0.76,0.552,0.104,0.599,0.878,0.485,0.991,0.776,0.0732;aaaaaaaa;
0.664;0.856,0.891,0.221,0.778,0.0949,0.225,0.558,0.448,0.108,0.903;aaaa;
0.421;0.522,0.0724,0.524,0.439,0.497,0.237,0.649,0.424,0.276,0.768;aaaaaaaaa;
0.961;0.52,0.0234,0.715,0.0519,0.32,0.37,0.359,0.942,0.716,0.291;aaaaaaaaaa;
0.467;0.767,0.848,0.685,0.0099,0.66,0.363,0.852,0.928,0.0287,0.194;aaaaa;
0.777;0.504,0.241,0.000794,0.16,0.297,0.598,0.656,0.268,0.373,0.912;aaaa;
0.499;0.408,0.651,0.96,0.644,0.723,0.719,0.349,0.597,0.0159,0.663;aaaaaaa;
0.559;0.236,0.409,0.0204,0.919,0.476,0.346,0.297,0.89,0.619,0.0117;aaaaaaaaaa;
0.621;0.203,0.28,0.825,0.0574,0.67,0.914,0.938,0.0232,0.693,0.243;aaaaaaaa;
0.486;0.85,0.339,0.78,0.00459,0.163,0.863,0.416,0.226,0.256,0.0036;aaaaaaa;
0.0297;0.989,0.0586,0.827,0.388,0.909,0.593,0.545,0.576,0.802,0.106;aaaaaaa;
0.147;0.314,0.341,0.798,0.845,0.102,0.446,0.727,0.209,0.169,0.315;a;
0.249;0.0179,0.24,0.126,0.209,0.242,0.0689,0.593,0.742,0.585,0.29;a;
0.0568;0.0843,0.988,0.369,0.36,0.862,0.0555,0.0961,0.594,0.111,0.799;aaaaaa;
0.118;0.948,0.44,0.0107,0.148,0.214,0.885,0.251,0.193,0.861,0.619;aaaa;
0.288;0.808,0.483,0.532,0.0886,0.126,0.852,0.83,0.293,0.549,0.29;aaaa;
0.325;0.134,0.133,0.635,0.946,0.484,0.0214,0.237,0.151,0.714,0.503;aaaaaaa;
0.768;0.848,0.919,0.676,0.331,0.0632,0.815,0.364,0.373,0.753,0.899;aaaa;
0.489;0.16,0.88,0.32,0.391,0.421,0.377,0.662,0.248,0.649,0.0778;aaaaaa;
0.394;0.507,0.56,0.32,0.232,0.89,0.398,0.258,0.607,0.488,0.71;aaaaaaa;
0.773;0.293,0.606,0.249,0.477,0.633,0.751,0.836,0.736,0.622,0.287;aaaaaaaaa;
0.52;0.486,0.355,0.834,0.112,0.872,0.753,0.378,0.691,0.604,0.455;aaaaaa;
0.733;0.094,0.858,0.607,0.732,0.192,0.0387,0.388,0.381,0.256,0.701;aa;
0.159;0.139,0.175,0.659,0.499,0.318,0.138,0.943,0.184,0.969,0.609;aaa;
0.398;0.752,0.814,0.397,0.197,0.454,0.951,0.698,0.578,0.196,0.613;aaa;
0.351;0.327,0.693,0.599,0.399,0.898,0.969,0.148,0.435,0.571,0.421;aaaaa;
0.356;0.0604,0.745,0.0953,0.163,0.305,0.773,0.982,0.132,0.934,0.495;aaaaaa;
0.31;0.272,0.561,0.793,0.424,0.58,0.43,0.782,0.996,0.906,0.222;aaa;
0.924;0.86,0.183,0.783,0.288,0.527,0.295,0.655,0.0611,0.553,0.436;aaaaaaa;
0.42;0.00893,0.816,0.0134,0.262,0.107,0.559,0.932,0.505,0.37,0.146;aaa;
0.0598;0.961,0.751,0.0741,0.097,0.143,0.196,0.55,0.127,0.285,0.452;aaaaaaaa;
0.162;0.574,0.871,0.243,0.299,0.168,0.956,0.117,0.524,0.649,0.522;aaaaaa;
0.213;0.0597,0.812,0.622,0.599,0.832,0.31,0.275,0.333,0.286,0.485;aaa;
0.739;0.682,0.0651,0.459,0.633,0.952,0.5,0.629,0.0195,0.497,0.72;aa;
0.909;0.163,0.0709,0.622,0.898,0.927,0.687,0.0979,0.704,0.315,0.906;aa;
0.812;0.993,0.979,0.709,0.226,0.978,0.79,0.175,0.334,0.27,0.948;aaaa;
0.392;0.0166,0.881,0.605,0.785,0.272,0.00497,0.488,0.898,0.922,0.678;aaaaa;
0.943;0.412,0.935,0.676,0.746,0.0557,0.271,0.413,0.182,0.447,0.35;aaaa;
0.592;0.68,0.961,0.778,0.0911,0.416,0.724,0.1,0.594,0.267,0.744;aaaaaa;
0.664;0.721,0.679,0.87,0.179,0.75,0.346,0.734,0.996,0.811,0.0681;aa;
0.823;0.287,0.895,0.798,0.673,0.769,0.182,0.0964,0.876,0.582,0.364;aaaaaaaa;
0.893;0.253,0.803,0.673,0.153,0.712,0.899,0.147,0.834,0.452,0.467;aaaaaa;
0.375;0.789,0.505,0.0342,0.0555,0.948,0.15,0.217,0.79,0.453,0.514;aaaaaaaa;
0.00181;0.901,0.227,0.114,0.292,0.845,0.527,0.202,0.46,0.38,0.372;a;
0.3;0.508,0.875,0.245,0.481,0.733,0.896,0.691,0.487,0.556,0.0918;aaaaa;
0.45;0.707,0.286,0.0797,0.128,0.138,0.167,0.937,0.56,0.906,0.709;a;
0.422;0.51,0.9,0.464,0.012,0.601,0.837,0.7,0.285,0.814,0.836;a;
0.352;0.322,0.495,0.922,0.641,0.433,0.319,0.0976,0.63,0.509,0.986;a;
0.719;0.61,0.359,0.00482,0.648,0.208,0.157,0.353,0.64,0.636,0.0409;aaaaaaaaaa;
0.83;0.148,0.645,0.217,0.901,0.552,0.859,0.81,0.241,0.843,0.475;aaaa;
0.74;0.778,0.0752,0.0488,0.334,0.225,0.288,0.493,0.946,0.0916,0.685;aaaaaa;
0.85;0.764,0.63,0.0328,0.839,0.0481,0.169,0.62,0.318,0.328,0.0727;aa;
0.468;0.906,0.0288,0.223,0.98,0.814,0.834,0.146,0.373,0.275,0.869;aaaaaaaa;
0.622;0.871,0.954,0.792,0.605,0.466,0.771,0.612,0.826,0.885,0.765;aa;
0.896;0.787,0.264,0.838,0.537,0.601,0.219,0.125,0.629,0.48,0.875;aa;
0.821;0.321,0.0212,0.66,0.833,0.527,0.152,0.44,0.384,0.574,0.12;aaaaa;
0.00158;0.00463,0.572,0.565,0.948,0.691,0.748,0.372,0.933,0.438,0.604;aaaaaaaaaa;
0.319;0.592,0.276,0.873,0.39,0.444,0.988,0.162,0.991,0.918,0.698;a;
0.335;0.19,0.914,0.761,0.874,0.642,0.646,0.825,0.555,0.948,0.178;aaaa;
0.394;0.858,0.45,0.308,0.693,0.689,0.788,0.592,0.0482,0.718,0.146;aaaaaaaaa;
0.921;0.439,0.533,0.369,0.283,0.463,0.686,0.673,0.363,0.7,0.201;aa;
0.0234;0.444,0.129,0.559,0.821,0.889,0.365,0.976,0.908,0.655,0.57;aaaaaa;
0.131;0.486,0.825,0.461,0.106,0.0706,0.151,0.423,0.677,0.92,0.811;aaaaaaa;
0.0906;0.328,0.183,0.291,0.182,0.923,0.206,0.33,0.931,0.422,0.222;aaaaaaaa;
0.153;0.982,0.27,0.176,0.509,0.669,0.129,0.0105,0.575,0.282,0.0299;aaaaaaaa;
0.346;0.4,0.383,0.238,0.25,0.594,0.423,0.466,0.891,0.367,0.872;aaaaaaaa;
0.0223;0.865,0.16,0.274,0.7,0.905,0.29,0.62,0.315,0.21,0.302;aaaaaaaaa;
0.446;0.0977,0.0654,0.466,0.0492,0.93,0.574,0.176,0.84,0.99,0.109;aaaaaaaaa;
0.558;0.42,0.521,0.637,0.471,0.17,0.0417,0.376,0.972,0.918,0.322;aaaaaaaa;
0.182;0.238,0.754,0.687,0.281,0.894,0.0849,0.426,0.829,0.844,0.383;aaaaaaaa;
0.35;0.664,0.105,0.618,0.765,0.38,0.991,0.903,0.0476,0.123,0.0946;a;
0.637;0.0121,0.282,0.757,0.0452,0.248,0.686,0.749,0.485,0.26,0.827;a;
0.158;0.458,0.345,0.0876,0.872,0.892,0.69,0.192,0.842,0.301,0.249;aa;
0.636;0.365,0.715,0.255,0.391,0.853,0.511,0.711,0.214,0.279,0.693;aaaaaaaaaa;
0.367;0.26,0.516,0.458,0.208,0.476,0.262,0.0826,0.866,0.156,0.275;aa;
0.131;0.856,0.9,0.116,0.178,0.131,0.806,0.0212,0.504,0.0902,0.964;aaaa;
0.679;0.508,0.995,0.256,0.704,0.404,0.673,0.724,0.566,0.0767,0.35;aa;
0.771;0.45,0.629,0.347,0.701,0.13,0.527,0.387,0.399,0.061,0.511;aaaaaaaaaa;
0.27;0.586,0.0149,0.793,0.961,0.00348,0.873,0.0967,0.299,0.809,0.778;aaaaaaaaaa;
0.48;0.582,0.187,0.493,0.731,0.695,0.889,0.326,0.575,0.162,0.184;aaaaaaaaaa;
0.591;0.345,0.932,0.843,0.81,0.582,0.528,0.321,0.677,0.853,0.496;aaaaaaaaaa;
0.877;0.855,0.101,0.522,0.319,0.124,0.942,0.333,0.842,0.341,0.377;aaaaaaaaa;
0.609;0.953,0.947,0.391,0.479,0.198,0.975,0.0463,0.421,0.708,0.814;aaaaa;
0.416;0.00741,0.451,0.76,0.0238,0.704,0.0423,0.0509,0.196,0.623,0.967;aaaaaaaaa;
0.848;0.604,0.468,0.615,0.969,0.511,0.0113,0.535,0.123,0.89,0.0266;aaaaaaaaa;
0.813;0.141,0.119,0.876,0.659,0.0222,0.301,0.0445,0.876,0.265,0.963;aaaaaaaaa;
0.987;0.851,0.685,0.0843,0.726,0.107,0.825,0.393,0.237,0.131,0.183;aaaaaaaaaa;
0.422;0.825,0.906,0.34,0.912,0.378,0.901,0.913,0.392,0.26,0.258;aaaaaaaa;
0.303;0.831,0.9,0.515,0.246,0.0394,0.0351,0.668,0.888,0.512,0.724;aaaaaaa;
0.55;0.67,0.464,0.548,0.439,0.047,0.734,0.229,0.147,0.17,0.332;aaa;
0.882;0.631,0.831,0.85,0.191,0.232,0.857,0.308,0.0751,0.719,0.92;aaa;
0.00692;0.738,0.226,0.275,0.446,0.659,0.932,0.154,0.788,0.811,0.28;aaa;
0.701;0.483,0.337,0.22,0.637,0.51,0.0313,0.572,0.807,0.374,0.868;aaaaaa;
0.976;0.328,0.629,0.588,0.431,0.327,0.193,0.436,0.0406,0.61,0.745;aaaaaaa;
0.89;0.22,0.079,0.865,0.819,0.476,0.469,0.499,0.0303,0.0413,0.023;aaaaaa;
0.42;0.692,0.681,0.094,0.428,0.299,0.16,0.597,0.0346,0.21,0.336;aaaaaaa;
0.882;0.982,0.113,0.654,0.107,0.67,0.875,0.147,0.0959,0.18,0.265;aaaaaaaa;
0.0949;0.08,0.053,0.284,0.653,0.159,0.158,0.329,0.382,0.281,0.0836;aaaaaaaaa;
0.0442;0.896,0.639,0.874,0.65,0.496,0.207,0.714,0.712,0.418,0.739;aaaaa;
0.605;0.0586,0.466,0.476,0.446,0.443,0.417,0.671,0.456,0.912,0.312;aaaaaaa;
0.0636;0.576,0.904,0.829,0.594,0.85,0.284,0.471,0.105,0.859,0.664;aa;
0.951;0.601,0.321,0.136,0.641,0.402,0.67,0.778,0.594,0.407,0.664;aa;
0.974;0.946,0.352,0.856,0.676,0.816,0.39,0.0588,0.466,0.742,0.34;aaaaaaaa;
0.728;0.579,0.564,0.497,0.22,0.0964,0.657,0.425,0.195,0.371,0.166;aaaaaaa;
0.574;0.716,0.239,0.614,0.988,0.822,0.792,0.566,0.688,0.452,0.503;aaaaaa;
0.635;0.388,0.774,0.0245,0.95,0.686,0.342,0.093,0.55,0.836,0.312;aaaaaaa;
0.28;0.101,0.953,0.0901,0.548,0.264,0.407,0.00862,0.357,0.119,0.0483;aaaaa;
0.836;0.945,0.83,0.78,0.403,0.051,0.974,0.99,0.394,0.305,0.377;aaaa;
0.6;0.581,0.766,0.621,0.493,0.06,0.234,0.241,0.308,0.713,0.445;a;
0.0323;0.869,0.107,0.664,0.429,0.855,0.278,0.132,0.927,0.167,0.583;aaaa;
0.71;0.847,0.211,0.708,0.569,0.0769,0.0502,0.701,0.103,0.934,0.354;aaaa;
0.399;0.176,0.989,0.101,0.949,0.0121,0.491,0.0117,0.355,0.679,0.593;aaaaaaa;
0.332;0.0103,0.289,0.526,0.967,0.534,0.442,0.702,0.531,0.0377,0.421;aaaa;
0.504;0.453,0.504,0.546,0.293,0.483,0.162,0.251,0.715,0.044,0.51;aaaaaaaaaa;
0.803;0.607,0.417,0.288,0.965,0.91,0.28,0.0453,0.104,0.138,0.982;aaaaaaaa;
0.0842;0.74,0.462,0.197,0.00466,0.134,0.0132,0.628,0.256,0.188,0.723;aaaa;
0.102;0.527,0.723,0.109,0.235,0.955,0.0114,0.291,0.598,0.426,0.0116;aaaaaaaaa;
0.159;0.188,0.000806,0.592,0.922,0.432,0.0168,0.901,0.0423,0.241,0.727;aaaaaaa;
0.408;0.726,0.62,0.286,0.798,0.39,0.533,0.507,0.354,0.307,0.886;aaa;
0.555;0.603,0.352,0.885,0.958,0.063,0.272,0.352,0.0311,0.535,0.508;aaaa;
0.549;0.0113,0.775,0.605,0.815,0.435,0.818,0.803,0.238,0.348,0.729;aaaaaa;
0.89;0.988,0.526,0.551,0.193,0.277,0.011,0.37,0.0362,0.565,0.235;aaaaaaa;
0.181;0.585,0.132,0.578,0.574,0.493,0.0605,0.425,0.647,0.719,0.368;aaaa;
0.448;0.634,0.00787,0.831,0.671,0.049,0.489,0.289,0.0405,0.221,0.235;aaaaaaaaaa;
0.668;0.0713,0.577,0.139,0.0269,0.0571,0.327,0.543,0.583,0.303,0.463;aaa;
0.973;0.373,0.297,0.559,0.295,0.419,0.691,0.498,0.235,0.721,0.756;aaaa;
0.0518;0.215,0.48,0.179,0.121,0.452,0.0986,0.761,0.519,0.912,0.281;a;
0.699;0.82,0.651,0.215,0.068,0.054,0.852,0.479,0.499,0.238,0.999;aaa;
0.112;0.245,0.502,0.798,0.863,0.452,0.436,0.498,0.87,0.833,0.937;aaaaaaaaa;
0.0809;0.653,0.407,0.576,0.49,0.677,0.963,0.222,0.992,0.146,0.547;aaaaaaaaa;
0.174;0.359,0.642,0.442,0.522,0.104,0.387,0.116,0.253,0.0147,0.486;aaaaaaaaa;
0.796;0.947,0.369,0.523,0.658,0.695,0.818,0.201,0.725,0.0126,0.524;aaaaaaaaa;
0.373;0.905,0.886,0.832,0.756,0.643,0.233,0.675,0.0587,0.425,0.868;aaa;
0.5;0.502,0.751,0.596,0.0223,0.227,0.257,0.216,0.53,0.589,0.321;aa;
0.928;0.188,0.964,0.179,0.637,0.607,0.0827,0.393,0.633,0.426,0.425;aaaaaaaa;
0.296;0.414,0.0639,0.0747,0.838,0.64,0.773,0.786,0.944,0.724,0.383;aaaa;
0.68;0.942,0.136,0.61,0.872,0.67,0.893,0.811,0.246,0.668,0.858;aaaaa;
0.503;0.111,0.287,0.226,0.764,0.605,0.311,0.0143,0.481,0.809,0.392;a;
0.933;0.371,0.555,0.565,0.821,0.646,0.795,0.193,0.00124,0.593,0.41;aaaaaaaaaa;
0.282;0.721,0.811,0.163,0.0475,0.953,0.873,0.771,0.861,0.291,0.346;aa;
0.0096;0.115,0.66,0.22,0.573,0.392,0.702,0.791,0.17,0.619,0.744;aaaaaaaaa;
0.559;0.124,0.284,0.196,0.472,0.789,0.938,0.279,0.00067,0.595,0.0399;aaaaaaaaaa;
0.227;0.321,0.953,0.00948,0.58,0.368,0.655,0.843,0.725,0.258,0.207;aaaaaaaaaa;
0.934;0.0545,0.591,0.906,0.889,0.861,0.823,0.0779,0.619,0.0931,0.0376;aaaaaaa;
0.887;0.837,0.129,0.635,0.469,0.0529,0.423,0.382,0.0598,0.297,0.561;aaaaaaa;
0.628;0.964,0.7,0.0105,0.944,0.471,0.588,0.644,0.754,0.727,0.477;aa;
0.769;0.102,0.0889,0.233,0.858,0.641,0.0185,0.454,0.715,0.276,0.953;aaaaaa;
0.627;0.557,0.106,0.258,0.609,0.0349,0.691,0.378,0.98,0.134,0.874;aaaaaa;
0.401;0.263,0.655,0.622,0.111,0.642,0.195,0.204,0.85,0.446,0.758;aaaaaa;
0.573;0.0928,0.985,0.656,0.317,0.145,0.613,0.589,0.82,0.977,0.634;aa;
0.916;0.0233,0.985,0.0529,0.914,0.427,0.752,0.661,0.0745,0.974,0.956;a;
0.303;0.919,0.0699,0.533,0.0168,0.549,0.709,0.568,0.202,0.139,0.583;aaaaaaaaa;
0.982;0.998,0.0474,0.119,0.476,0.0521,0.138,0.86,0.467,0.814,0.0241;aaa;
0.512;0.512,0.492,0.789,0.23,0.308,0.0361,0.272,0.388,0.688,0.361;aaaaaaaaa;
0.853;0.819,0.441,0.262,0.0778,0.0587,0.811,0.187,0.593,0.311,0.377;aa;
0.754;0.753,0.0286,0.177,0.554,0.8,0.139,0.316,0.821,0.43,0.439;aaaaaaaaaa;
0.174;0.918,0.632,0.99,0.00303,0.0441,0.468,0.498,0.518,0.719,0.186;aaaaaaaaaa;
0.339;0.624,0.498,0.505,0.925,0.832,0.689,0.558,0.264,0.511,0.905;aaaaaaa;
0.74;0.678,0.683,0.244,0.686,0.945,0.747,0.849,0.681,0.0954,0.646;aaaaaaaa;
0.901;0.531,0.0929,0.236,0.833,0.698,0.609,0.85,0.884,0.769,0.822;aa;
0.302;0.271,0.0909,0.73,0.33,0.367,0.235,0.866,0.626,0.212,0.365;aaaaaa;
0.894;0.0464,0.184,0.325,0.136,0.903,0.0363,0.246,0.268,0.0262,0.0589;aaa;
0.162;0.193,0.202,0.7,0.727,0.312,0.0739,0.441,0.462,0.739,0.00835;a;
0.865;0.988,0.181,0.939,0.928,0.712,0.852,0.749,0.853,0.762,0.679;aaaaa;
0.664;0.0672,0.405,0.906,0.45,0.426,0.765,0.421,0.828,0.279,0.875;aaaaaaa;
0.865;0.079,0.0488,0.843,0.186,0.336,0.418,0.725,0.749,0.273,0.177;a;
0.52;0.106,0.184,0.039,0.494,0.517,0.595,0.716,0.67,0.401,0.144;aaaaaa;
0.0536;0.655,0.993,0.208,0.263,0.0511,0.317,0.06,0.0421,0.757,0.694;aaaa;
0.198;0.966,0.253,0.658,0.229,0.0865,0.441,0.692,0.112,0.636,0.254;a;
0.497;0.567,0.911,0.204,0.396,0.414,0.0792,0.872,0.231,0.494,0.668;aaaaaaaa;
0.11;0.598,0.984,0.642,0.164,0.0371,0.0897,0.357,0.151,0.0401,0.408;aaaaaaa;
0.0539;0.0378,0.534,0.816,0.13,0.994,0.414,0.885,0.502,0.495,0.697;aaaaaa;
0.0351;0.852,0.485,0.0536,0.432,0.267,0.0691,0.639,0.255,0.829,0.249;aaaaaaaaaa;
0.739;0.0395,0.919,0.713,0.845,0.982,0.636,0.277,0.0184,0.391,0.644;aaa;
0.196;0.302,0.533,0.861,0.398,0.927,0.0652,0.155,0.637,0.568,0.00915;aaaaaa;
0.674;0.113,0.843,0.433,0.589,0.36,0.14,0.425,0.718,0.874,0.958;aaaaaa;
0.755;0.443,0.0467,0.271,0.765,0.984,0.919,0.496,0.299,0.396,0.888;aa;
0.761;0.45,0.452,0.776,0.759,0.378,0.0778,0.873,0.87,0.218,0.216;aaaaaa;
0.793;0.488,0.477,0.649,0.902,0.786,0.268,0.0565,0.833,0.626,0.846;aaaaaaaa;
0.733;0.474,0.597,0.305,0.475,0.71,0.566,0.579,0.00956,0.264,0.262;a;
0.733;0.71,0.848,0.265,0.5,0.671,0.72,0.42,0.513,0.765,0.00244;aaaaaaaaa;
0.356;0.0141,0.724,0.71,0.474,0.495,0.511,0.757,0.273,0.36,0.325;aaaaaaaaaa;
0.757;0.889,0.317,0.623,0.397,0.882,0.37,0.113,0.62,0.598,0.832;aaaaaaaaaa;
0.914;0.526,0.0363,0.102,0.0439,0.314,0.0346,0.199,0.702,0.633,0.658;aaaaa;
0.424;0.398,0.347,0.613,0.6,0.885,0.266,0.71,0.548,0.53,0.396;aaaa;
0.543;0.257,0.809,0.455,0.65,0.427,0.387,0.389,0.932,0.167,0.588;aaaaaaa;
0.796;0.675,0.341,0.203,0.225,0.831,0.0476,0.327,0.552,0.256,0.611;a;
0.961;0.248,0.342,0.73,0.00754,0.318,0.379,0.815,0.131,0.63,0.199;aaa;
0.817;0.473,0.547,0.94,0.572,0.107,0.515,0.143,0.899,0.177,0.205;aaaaaaaaaa;
0.457;0.767,0.905,0.664,0.497,0.316,0.0274,0.961,0.943,0.705,0.127;aaaaaaa;
0.344;0.884,0.625,0.434,0.715,0.25,0.694,0.585,0.625,0.0198,0.94;aaaaa;
0.202;0.925,0.0781,0.4,0.667,0.87,0.668,0.782,0.861,0.999,0.408;aaa;
0.462;0.85,0.00229,0.369,0.664,0.664,0.351,0.872,0.174,0.999,0.0133;aaaaaaaaaa;
0.329;0.44,0.955,0.603,0.458,0.481,0.287,0.732,0.295,0.965,0.22;aaaaa;
0.457;0.989,0.663,0.703,0.345,0.315,0.188,0.703,0.755,0.237,0.444;aa;
0.567;0.342,0.767,0.448,0.155,0.505,0.708,0.125,0.75,0.63,0.551;aaaaaaaaaa;
0.276;0.548,0.826,0.129,0.754,0.982,0.759,0.237,0.336,0.981,0.368;aa;
0.521;0.609,0.467,0.912,0.696,0.159,0.213,0.768,0.859,0.548,0.502;aaaaaaaa;
0.182;0.646,0.648,0.98,0.714,0.963,0.317,0.504,0.472,0.886,0.111;aaaaaaa;
0.0751;0.898,0.874,0.285,0.711,0.923,0.841,0.749,0.641,0.0469,0.229;aaa;
0.344;0.197,0.069,0.767,0.0892,0.451,0.237,0.946,0.172,0.842,0.322;aa;
0.818;0.0547,0.574,0.0594,0.252,0.515,0.302,0.598,0.864,0.401,0.353;aaaaaaaaa;
0.626;0.118,0.13,0.392,0.121,0.361,0.0646,0.395,0.298,0.204,0.0311;aaaaaaaa;
0.909;0.228,0.675,0.209,0.349,0.129,0.917,0.529,0.586,0.449,0.254;aaa;
0.737;0.297,0.727,0.637,0.109,0.207,0.887,0.543,0.672,0.583,0.0736;aaaaaa;
0.936;0.305,0.222,0.868,0.927,0.844,0.88,0.943,0.33,0.473,0.528;aaaaaaa;
0.965;0.433,0.998,0.847,0.72,0.639,0.528,0.992,0.256,0.11,0.239;aaaaaaaa;
0.856;0.135,0.00935,0.593,0.297,0.338,0.951,0.0135,0.446,0.732,0.153;aaaaa;
0.7;0.0302,0.984,0.424,0.446,0.586,0.353,0.286,0.0949,0.986,0.0615;aaaaaaa;
0.525;0.486,0.322,0.786,0.739,0.97,0.0685,0.311,0.797,0.302,0.119;aaaaa;
0.441;0.56,0.67,0.96,0.055,0.611,0.395,0.873,0.528,0.687,0.272;aaaaaaa;
0.729;0.876,0.484,0.466,0.601,0.953,0.398,0.904,0.475,0.311,0.0632;aaaaaaaa;
0.845;0.115,0.61,0.89,0.232,0.0957,0.318,0.289,0.312,0.0202,0.292;a;
0.743;0.902,0.0121,0.719,0.326,0.421,0.0423,0.661,0.449,0.144,0.311;aaaa;
0.204;0.0189,0.0666,0.457,0.921,0.177,0.248,0.309,0.968,0.402,0.55;aaaaaaaaa;
0.929;0.593,0.255,0.777,0.562,0.699,0.427,0.156,0.781,0.638,0.532;aaa;
0.137;0.754,0.228,0.449,0.403,0.698,0.0868,0.331,0.443,0.574,0.92;aaaaaaaa;
0.111;0.284,0.229,0.994,0.835,0.157,0.0575,0.883,0.452,0.231,0.491;aaaaaaaaaa;
0.264;0.243,0.354,0.588,0.061,0.25,0.234,0.0578,0.131,0.875,0.0921;aaaaa;
0.87;0.399,0.728,0.763,0.193,0.446,0.00628,0.168,0.0998,0.977,0.561;aaaaaaaaa;
0.826;0.955,0.658,0.759,0.968,0.0817,0.111,0.135,0.973,0.822,0.339;aaaaaaaa;
0.902;0.179,0.205,0.426,0.0399,0.52,0.981,0.332,0.146,0.544,0.13;aaaa;
0.578;0.453,0.0101,0.725,0.366,0.519,0.82,0.909,0.478,0.632,0.616;aaa;
0.59;0.611,0.668,0.757,0.655,0.269,0.123,0.639,0.741,0.905,0.134;aaaaaa;
0.02;0.289,0.207,0.417,0.728,0.707,0.572,0.0569,0.482,0.594,0.884;aaaa;
0.721;0.515,0.809,0.0419,0.677,0.137,0.766,0.0536,0.769,0.342,0.868;aaaaaaa;
0.632;0.474,0.826,0.356,0.289,0.214,0.745,0.243,0.265,0.323,0.574;aaaaa;
0.727;0.439,0.826,0.517,0.725,0.67,0.289,0.91,0.377,0.0506,0.738;aaaaaaa;
0.65;0.763,0.541,0.168,0.0467,0.882,0.322,0.152,0.664,0.184,0.233;aaaaaaaaaa;
0.267;0.0729,0.949,0.447,0.0995,0.598,0.24,0.974,0.581,0.309,0.984;aaaaaaaaa;
0.0335;0.694,0.989,0.882,0.506,0.897,0.964,0.119,0.0818,0.922,0.48;aa;
0.446;0.133,0.523,0.722,0.58,0.592,0.0819,0.852,0.306,0.41,0.171;aaaaaa;
0.278;0.229,0.344,0.114,0.454,0.62,0.12,0.275,0.591,0.421,0.485;aaaaaaaaa;
0.656;0.0284,0.931,0.634,0.519,0.751,0.328,0.512,0.614,0.163,0.413;aa;
0.724;0.661,0.102,0.491,0.125,0.175,0.322,0.102,0.679,0.822,0.8;aaaaaaaa;
0.841;0.553,0.143,0.308,0.392,0.595,0.832,0.499,0.415,0.264,0.372;aa;
0.493;0.162,0.00684,0.154,0.595,0.899,0.735,0.473,0.132,0.925,0.144;aaaa;
0.761;0.775,0.572,0.328,0.322,0.14,0.0975,0.935,0.366,0.351,0.665;aaa;
0.286;0.945,0.201,0.48,0.98,0.235,0.696,0.0886,0.185,0.606,0.541;aa;
0.0615;0.117,0.696,0.226,0.491,0.387,0.691,0.732,0.206,0.0286,0.394;aaaaaaaaa;
0.147;0.101,0.403,0.481,0.138,0.969,0.0884,0.262,0.725,0.828,0.116;aaaaaaaa;
0.918;0.533,0.273,0.442,0.455,0.29,0.949,0.234,0.187,0.926,0.486;aaaaaaaaa;
0.291;0.398,0.771,0.0551,0.358,0.35,0.0492,0.153,0.291,0.733,0.9;aaaaaa;
0.524;0.956,0.378,0.753,0.971,0.0767,0.805,0.801,0.629,0.828,0.327;aa;
0.966;0.521,0.0725,0.95,0.861,0.705,0.902,0.533,0.646,0.0127,0.645;aa;
0.192;0.836,0.283,0.117,0.0498,0.901,0.359,0.529,0.378,0.61,0.766;aaaaaaaa;
0.394;0.355,0.483,0.343,0.102,0.972,0.29,0.719,0.297,0.965,0.861;aaaa;
0.241;0.705,0.257,0.801,0.127,0.321,0.269,0.805,0.57,0.467,0.0672;aaaaaa;
0.734;0.192,0.211,0.276,0.156,0.306,0.516,0.838,0.13,0.643,0.534;aaaaaaaaaa;
0.195;0.708,0.999,0.61,0.789,0.727,0.256,0.163,0.948,0.381,0.561;aaaaaaaaaa;
0.808;0.963,0.313,0.094,0.811,0.767,0.178,0.626,0.325,0.404,0.375;aaaa;
0.54;0.607,0.353,0.179,0.257,0.857,0.601,0.00368,0.99,0.261,0.0855;aa;
0.295;0.349,0.256,0.321,0.168,0.325,0.48,0.96,0.829,0.557,0.45;aa;
0.586;0.99,0.901,0.123,0.352,0.621,0.987,0.335,0.94,0.781,0.718;a;
0.964;0.667,0.402,0.329,0.828,0.625,0.853,0.519,0.257,0.0721,0.386;aaa;
0.104;0.954,0.0572,0.86,0.109,0.235,0.142,0.24,0.0743,0.635,0.999;aaaaaaaaa;
0.459;0.0557,0.61,0.851,0.43,0.253,0.319,0.828,0.844,0.602,0.585;aaaaaa;
0.362;0.289,0.194,0.128,0.204,0.134,0.307,0.329,0.327,0.14,0.127;aa;
0.41;0.488,0.377,0.543,0.749,0.789,0.801,0.388,0.133,0.943,0.167;aaaaaaa;
0.0968;0.479,0.826,0.361,0.622,0.939,0.611,0.357,0.94,0.609,0.831;a;
0.323;0.32,0.0798,0.979,0.328,0.536,0.257,0.168,0.293,0.457,0.95;aaaaa;
0.254;0.796,0.394,0.401,0.516,0.982,0.0371,0.0138,0.349,0.821,0.828;aaaa;
0.0503;0.0208,0.219,0.469,0.536,0.478,0.734,0.471,0.0677,0.935,0.0341;aaaaaaaaa;
0.869;0.986,0.737,0.936,0.149,0.879,0.818,0.228,0.419,0.889,0.33;aaaaaa;
0.234;0.818,0.632,0.735,0.81,0.0462,0.407,0.379,0.919,0.966,0.645;aaaaaaaaaa;
0.713;0.712,0.962,0.529,0.285,0.283,0.237,0.0811,0.837,0.33,0.529;aaaaaa;
0.653;0.857,0.813,0.185,0.0115,0.678,0.539,0.843,0.746,0.219,0.488;aaaaa;
0.0677;0.402,0.691,0.285,0.664,0.787,0.606,0.556,0.694,0.858,0.303;a;
0.335;0.167,0.427,0.904,0.248,0.804,0.0221,0.738,0.332,0.518,0.595;aaaaaaa;
0.624;0.596,0.808,0.422,0.00902,0.886,0.209,0.53,0.259,0.0699,0.219;a;
0.592;0.158,0.977,0.358,0.249,0.997,0.422,0.711,0.996,0.758,0.424;aaaaaaaa;
0.577;0.168,0.509,0.338,0.947,0.542,0.325,0.915,0.343,0.472,0.542;aaaaaa;
0.403;0.822,0.243,0.411,0.722,0.102,0.36,0.19,0.724,0.562,0.617;aaaaaaaaa;
0.678;0.987,0.213,0.995,0.167,0.497,0.257,0.124,0.0938,0.862,0.079;a;
0.665;0.251,0.787,0.761,0.168,0.785,0.429,0.0623,0.927,0.153,0.355;aaaaaaaaa;
0.844;0.585,0.886,0.711,0.9,0.533,0.0201,0.97,0.888,0.827,0.621;aaaaaa;
0.561;0.101,0.667,0.918,0.772,0.13,0.584,0.0567,0.477,0.0137,0.923;aaaaaaaaa;
0.0484;0.611,0.127,0.809,0.842,0.952,0.664,0.76,0.00089,0.128,0.998;aaa;
0.729;0.135,0.512,0.41,0.0425,0.785,0.923,0.508,0.661,0.175,0.571;aaaaa;
0.907;0.335,0.448,0.824,0.945,0.323,0.0829,0.766,0.698,0.32,0.296;aaaaaaa;
0.747;0.77,0.505,0.691,0.415,0.643,0.605,0.255,0.978,0.642,0.0802;aa;
0.38;0.0843,0.0308,0.24,0.602,0.991,0.147,0.666,0.845,0.496,0.925;aaaaaaaa;
0.127;0.296,0.338,0.941,0.635,0.0245,0.697,0.0315,0.68,0.272,0.868;aaa;
0.724;0.265,0.812,0.688,0.186,0.301,0.887,0.115,0.755,0.555,0.817;aaa;
0.279;0.369,0.387,0.0107,0.866,0.706,0.928,0.82,0.504,0.622,0.238;aaaa;
0.638;0.394,0.103,0.168,0.258,0.873,0.875,0.114,0.997,0.0593,0.455;aa;
0.124;0.844,0.823,0.6,0.968,0.845,0.433,0.161,0.882,0.914,0.507;aaa;
0.215;0.0731,0.95,0.395,0.173,0.551,0.215,0.458,0.622,0.878,0.868;a;
0.263;0.238,0.929,0.702,0.0532,0.384,0.636,0.158,0.57,0.0652,0.933;aaaaaaa;
0.089;0.758,0.91,0.332,0.754,0.128,0.0476,0.925,0.806,0.863,0.892;aaaaaaaa;
0.832;0.521,0.675,0.652,0.874,0.91,0.139,0.63,0.145,0.524,0.193;aaaaaaaa;
0.191;0.179,0.635,0.504,0.766,0.332,0.693,1,0.891,0.0455,0.0713;aaa;
0.646;0.994,0.281,0.853,0.531,0.781,0.426,0.152,0.632,0.944,0.594;aa;
0.485;0.424,0.995,0.399,0.435,0.117,0.959,0.966,0.232,0.445,0.0695;aaaaaaaaaa;
0.954;0.463,0.709,0.684,0.842,0.169,0.306,0.0501,0.0256,0.396,0.475;aa;
0.855;0.933,0.726,0.0382,0.352,0.542,0.794,0.637,0.604,0.664,0.572;aaaaa;
0.556;0.657,0.786,0.67,0.896,0.569,0.999,0.156,0.876,0.635,0.204;aaaaaaaa;
0.243;0.511,0.606,0.436,0.39,0.782,0.328,0.527,0.378,0.92,0.823;aaaaaaaa;
0.115;0.14,0.694,0.932,0.429,0.037,0.0196,0.174,0.589,0.657,0.294;aa;
0.04;0.479,0.946,0.654,0.256,0.259,0.712,0.428,0.323,0.393,0.158;aaaaaaaaa;
0.462;0.343,0.367,0.406,0.779,0.969,0.112,0.699,0.702,0.109,0.813;aaaaa;
0.991;0.0323,0.504,0.474,0.259,0.514,0.421,0.0659,0.602,0.321,0.972;aa;
0.023;0.172,0.738,0.143,0.644,0.135,0.805,0.646,0.511,0.677,0.295;aaaaaaaa;
0.0569;0.0786,0.996,0.847,0.907,0.435,0.352,0.587,0.721,0.0452,0.549;aaaaa;
0.354;0.812,0.721,0.272,0.0848,0.456,1,0.093,0.424,0.39,0.0242;aaa;
0.132;0.484,0.885,0.967,0.152,0.991,0.999,0.901,0.223,0.539,0.705;aaaaaaaa;
0.994;0.999,0.321,0.247,0.511,0.686,0.368,0.832,0.466,0.827,0.727;aaaaa;
0.667;0.688,0.292,0.227,0.0417,0.925,0.337,0.931,0.473,0.809,0.029;a;
0.298;0.656,0.829,0.625,0.803,0.379,0.822,0.71,0.245,0.591,0.902;aaaaaa;
0.918;0.238,0.984,0.811,0.129,0.832,0.00694,0.771,0.072,0.0812,0.966;aaaaaa;
0.768;0.991,0.122,0.812,0.392,0.576,0.673,0.986,0.0363,0.486,0.567;aa;
0.571;0.8,0.49,0.336,0.777,0.442,0.817,0.0935,0.314,0.852,0.611;aaaaaaaa;
0.735;0.0639,0.566,0.835,0.495,0.551,0.816,0.371,0.328,0.36,0.889;aaaaaaa;
0.964;0.164,0.395,0.914,0.549,0.525,0.606,0.796,0.235,0.0482,0.849;aaaaaaa;
0.103;0.917,0.964,0.253,0.613,0.335,0.734,0.804,0.713,0.977,0.71;aa;
0.445;0.097,0.511,0.693,0.406,0.776,0.228,0.46,0.827,0.918,0.519;aaaaaaaaa;
0.812;0.909,0.746,0.506,0.259,0.539,0.688,0.394,0.478,0.923,0.742;aaaaaaaaaa;
0.926;0.512,0.32,0.36,0.49,0.261,0.347,0.571,0.147,0.581,0.197;aaaaa;
0.501;0.119,0.00846,0.581,0.837,0.157,0.168,0.942,0.636,0.99,0.555;aaaaaaa;
0.435;0.748,0.0401,0.757,0.356,0.753,0.743,0.091,0.0111,0.888,0.462;a;
0.555;0.846,0.0896,0.468,0.212,0.916,0.63,0.254,0.188,0.739,0.936;a;
0.163;0.281,0.95,0.628,0.822,0.343,0.203,0.192,0.213,0.876,0.225;aaaaaaa;
0.832;0.603,0.215,0.442,0.995,0.0372,0.514,0.211,0.177,0.655,0.367;aaaaaaaa;
0.634;0.326,0.565,0.941,0.271,0.633,0.432,0.273,0.715,0.00441,0.14;aaaaaaa;
0.417;0.677,0.616,0.154,0.367,0.911,0.512,0.57,0.75,0.81,0.726;aaaa;
0.902;0.984,0.208,0.658,0.306,0.205,0.589,0.713,0.962,0.257,0.385;aaaaa;
0.171;0.748,0.717,0.473,0.964,0.613,0.744,0.167,0.198,0.259,0.0342;a;
0.606;0.707,0.459,0.333,0.247,0.199,0.353,0.958,0.851,0.936,0.43;aaaaaaaa;
0.995;0.0223,0.104,0.205,0.0188,0.393,0.653,0.463,0.568,0.929,0.0774;aaaaa;
0.896;0.575,0.676,0.418,0.12,0.269,0.378,0.462,0.515,0.462,0.654;aaa;
0.108;0.299,0.971,0.444,0.697,0.619,0.797,0.429,0.978,0.79,0.68;a;
0.165;0.594,0.315,0.343,0.633,0.769,0.342,0.629,0.0873,0.716,0.635;aaaa;
0.0534;0.99,0.856,0.905,0.424,0.315,0.393,0.97,0.19,0.094,0.462;aaaaa;
0.368;0.649,0.0527,0.521,0.749,0.674,0.816,0.281,0.41,0.936,0.935;aaaaaaaaaa;
0.704;0.334,0.119,0.741,0.843,0.203,0.181,0.201,0.812,0.261,0.569;aaaaa;
0.0418;0.137,0.703,0.599,0.894,0.423,0.734,0.436,0.327,0.608,0.272;a;
0.521;0.402,0.265,0.209,0.00362,0.00822,0.736,0.783,0.742,0.991,0.197;aaa;
0.926;0.128,0.924,0.885,0.438,0.916,0.921,0.504,0.0463,0.559,0.182;a;
0.44;0.533,0.398,0.691,0.891,0.73,0.219,0.576,0.338,0.162,0.0685;aaaaa;
0.63;0.299,0.979,0.382,0.749,0.764,0.847,0.365,0.826,0.934,0.47;aaaaaaaa;
0.952;0.0664,0.669,0.232,0.346,0.82,0.561,0.607,0.535,0.264,0.518;aaaaaaaaa;
0.875;0.642,0.938,0.941,0.849,0.793,0.625,0.272,0.891,0.366,0.3;aaaaaaaaaa;
0.892;0.612,0.668,0.0812,0.846,0.27,0.916,0.48,0.134,0.82,0.877;a;
0.575;0.252,0.397,0.726,0.273,0.472,0.484,0.115,0.0481,0.732,0.0346;aaaa;
0.561;0.707,0.203,0.0726,0.188,0.669,0.799,0.392,0.528,0.861,0.0875;aa;
0.762;0.364,0.159,0.857,0.372,0.441,0.979,0.441,0.998,0.48,0.454;aaaaaaa;
0.0674;0.932,0.804,0.18,0.354,0.556,0.341,0.51,0.895,0.69,0.0683;aaaaaaa;
0.762;0.575,0.581,0.333,0.716,0.351,0.78,0.308,0.621,0.452,0.841;aaaaaaaaa;
0.335;0.466,0.773,0.67,0.822,0.298,0.106,0.514,0.497,0.127,0.905;aaaa;
0.343;0.896,0.717,0.472,0.0754,0.319,0.874,0.451,0.538,0.55,0.157;aaaaaaa;
0.204;0.51,0.134,0.0838,0.716,0.542,0.463,0.608,0.96,0.927,0.996;aaaaaaaaa;
0.539;0.58,0.406,0.108,0.0134,0.828,0.811,0.576,0.213,0.465,0.628;aaaaaaaaaa;
0.999;0.224,0.533,0.576,0.0459,0.45,0.101,0.828,0.463,0.11,0.353;aaaa;
0.945;0.396,0.196,0.991,0.694,0.732,0.505,0.111,0.449,0.144,0.266;aaaaaaaaaa;
0.582;0.0143,0.21,0.986,0.948,0.478,0.649,0.187,0.679,0.0103,0.607;aaaaaaa;
0.0186;0.137,0.695,0.155,0.258,0.329,0.873,0.825,0.876,0.0417,0.0428;aaaaaaaaaa;
0.817;0.617,0.632,0.528,0.287,0.988,0.689,0.00916,0.225,0.238,0.0101;aa;
0.203;0.051,0.918,0.626,0.246,0.381,0.603,0.427,0.928,0.67,0.669;aaaaa;
0.865;0.0928,0.653,0.238,0.942,0.332,0.412,0.897,0.947,0.425,0.878;aaaaaaaaa;
0.0334;0.814,0.262,0.21,0.512,0.0953,0.793,0.702,0.039,0.11,0.747;aaaaaaaa;
0.4;0.768,0.93,0.51,0.0107,0.593,0.24,0.655,0.328,0.507,0.312;aaaaaaaa;
0.776;0.883,0.833,0.761,0.928,0.208,0.174,0.996,0.946,0.655,0.947;aa;
0.461;0.269,0.466,0.184,0.422,0.0575,0.491,0.733,0.341,0.854,0.104;aaa;
0.547;0.608,0.41,0.753,0.508,0.486,0.866,0.269,0.535,0.907,0.348;aaaaa;
0.0538;0.881,0.592,0.167,0.606,0.393,0.723,0.225,0.742,0.716,0.138;aaaaaaaaaa;
0.173;0.0901,0.603,0.733,0.439,0.483,0.962,0.995,0.656,0.559,0.448;a;
0.0393;0.969,0.324,0.275,0.141,0.228,0.842,0.89,0.0579,0.838,0.662;aaaa;
0.963;0.947,0.229,0.515,0.00572,0.658,0.787,0.0502,0.0306,0.205,0.26;aaaa;
0.515;0.00495,0.42,0.995,0.553,0.29,0.803,0.232,0.759,0.129,0.185;aaaaaaaaaa;
0.57;0.383,0.558,0.922,0.91,0.013,0.334,0.0747,0.373,0.107,0.0985;aaaaaaaaaa;
0.181;0.58,0.354,0.553,0.766,0.664,0.703,0.0492,0.801,0.909,0.182;aaa;
0.725;0.85,0.0677,0.61,0.589,0.487,0.618,0.795,0.874,0.923,0.927;aaa;
0.967;0.791,0.104,0.853,0.794,0.743,0.0227,0.799,0.997,0.573,0.83;aa;
0.761;0.0564,0.335,0.189,0.7,0.817,0.943,0.671,0.826,0.587,0.435;aaaaa;
0.314;0.663,0.65,0.98,0.718,0.493,0.142,0.471,0.0365,0.763,0.918;aaaaaaaa;
0.436;0.448,0.672,0.218,0.622,0.595,0.0817,0.816,0.4,0.694,0.689;a;
0.0776;0.208,0.863,0.637,0.862,0.542,0.396,0.00835,0.961,0.486,0.194;a;
0.0403;0.209,0.126,0.909,0.501,0.885,0.583,0.881,0.49,0.867,0.508;aaaaaaa;
0.241;0.421,0.318,0.053,0.657,0.4,0.995,0.5,0.0356,0.945,0.691;aaaaaaa;
0.974;0.37,0.228,0.908,0.575,0.441,0.797,0.608,0.199,0.724,0.158;aaaaa;
0.00479;0.691,0.772,0.151,0.225,0.648,0.413,0.944,0.405,0.678,0.297;aaaa;
0.293;0.0211,0.306,0.0404,0.78,0.0778,0.489,0.904,0.265,0.338,0.0519;aaa;
0.297;0.864,0.798,0.954,0.316,0.647,0.903,0.104,0.326,0.851,0.428;aaaaaa;
0.602;0.633,0.369,0.844,0.413,0.581,0.533,0.0237,0.894,0.864,0.903;aaaaaaa;
0.957;0.83,0.736,0.372,0.396,0.799,0.389,0.734,0.985,0.242,0.835;aaa;
0.19;0.315,0.39,0.561,0.257,0.881,0.301,0.692,0.0459,0.143,0.123;aaa;
0.417;0.704,0.778,0.527,0.15,0.153,0.151,0.0362,0.509,0.327,0.964;aa;
0.535;0.102,0.137,0.365,0.664,0.139,0.772,0.515,0.289,0.555,0.818;aaaaaaaa;
0.807;0.635,0.869,0.368,0.642,0.968,0.77,0.0531,0.648,0.321,0.153;aaaaaa;
0.849;0.638,0.00943,0.785,0.407,0.782,0.815,0.652,0.856,0.66,0.242;aa;
0.424;0.466,0.426,0.981,0.0268,0.661,0.27,0.257,0.588,0.902,0.809;a;
0.529;0.991,0.167,0.688,0.149,0.513,0.729,0.506,0.542,0.0125,0.754;aaaaaaaa;
0.189;0.112,0.474,0.937,0.548,0.671,0.681,0.642,0.738,0.265,0.0438;aa;
0.214;0.285,0.885,0.448,0.739,0.856,0.378,0.813,0.879,0.0475,0.571;aaaa;
0.236;0.66,0.829,0.958,0.54,0.701,0.415,0.37,0.879,0.192,0.234;a;
0.551;0.269,0.426,0.217,0.791,0.544,0.48,0.764,0.48,0.756,0.997;aaaaaaaaaa;
0.42;0.135,0.9,0.842,0.884,0.96,0.4,0.808,0.343,0.647,0.367;aaa;
0.626;0.349,0.0851,0.972,0.863,0.463,0.296,0.316,0.594,0.41,0.735;aaaaaaaaa;
0.264;0.846,0.362,0.338,0.489,0.455,0.913,0.248,0.502,0.416,0.409;a;
0.989;0.354,0.362,0.611,0.211,0.0627,0.871,0.734,0.514,0.0674,0.619;aaaaaaa;
0.116;0.461,0.771,0.245,0.346,0.892,0.828,0.534,0.311,0.716,0.794;aaaaaaa;
0.0574;0.0491,0.118,0.685,0.301,0.287,0.592,0.969,0.708,0.756,0.268;aaaaaaa;
0.139;0.335,0.498,0.638,0.865,0.337,0.447,0.322,0.776,0.065,0.123;aaaaaaaa;
0.459;0.107,0.628,0.206,0.907,0.949,0.944,0.131,0.9,0.023,0.681;aaaaaaaaaa;
0.302;0.263,0.793,0.544,0.421,0.703,0.112,0.696,0.754,0.549,0.0815;aaaaaaaaaa;
0.57;0.5,0.639,0.996,0.459,0.522,0.854,0.16,0.0896,0.604,0.728;aaaaaaaa;
0.709;0.354,0.737,0.992,0.865,0.154,0.423,0.461,0.75,0.785,0.307;aaaaaaa;
0.99;0.371,0.527,0.308,0.949,0.282,0.181,0.0631,0.578,0.986,0.401;aaaaaaaaaa;
0.65;0.104,0.0478,0.333,0.239,0.149,0.883,0.114,0.472,0.448,0.686;aaaaaa;
0.917;0.133,0.391,0.499,0.528,0.958,0.856,0.0354,0.373,0.348,0.404;aaaaaa;
0.85;0.51,0.41,0.63,0.725,0.54,0.974,0.709,0.846,0.321,0.756;aaaaaaaa;
0.363;0.953,0.646,0.518,0.708,0.0585,0.169,0.35,0.521,0.368,0.305;aaa;
0.47;0.497,0.623,0.576,0.699,0.213,0.465,0.817,0.22,0.198,0.512;aaaaaaaa;
0.141;0.379,0.22,0.962,0.325,0.548,0.919,0.0664,0.561,0.708,0.397;aaaaaaaaaa;
0.53;0.277,0.147,0.0699,0.696,0.405,0.747,0.381,0.652,0.864,0.849;aa;
0.326;0.758,0.311,0.546,0.976,0.0761,0.182,0.489,0.531,0.762,0.535;aaaaaaaa;
0.675;0.992,0.0377,0.379,0.406,0.0446,0.978,0.156,0.0264,0.0885,0.77;aaa;
0.0189;0.716,0.729,0.75,0.762,0.2,0.756,0.604,0.574,0.465,0.225;aaaaaaaaaa;
0.151;0.229,0.535,0.447,0.864,0.466,0.323,0.566,0.676,0.797,0.784;aa;
0.93;0.369,0.487,0.306,0.871,0.983,0.757,0.199,0.417,0.985,0.767;a;
0.817;0.159,0.904,0.873,0.993,0.252,0.958,0.573,0.686,0.408,0.492;aaaaaa;
0.848;0.74,0.558,0.372,0.876,0.711,0.881,0.414,0.099,0.229,0.628;aaaaaaa;
0.013;0.867,0.735,0.241,0.727,0.736,0.672,0.768,0.566,0.493,0.828;aaaaaaaaaa;
0.659;0.318,0.483,0.757,0.391,0.0785,0.354,0.613,0.899,0.209,0.289;a;
0.57;0.264,0.0325,0.452,0.274,0.981,0.825,0.06,0.316,0.252,0.746;aaaaa;
0.238;0.942,0.654,0.225,0.0979,0.552,0.738,0.0175,0.331,0.129,0.637;aa;
0.607;0.285,0.523,0.252,0.701,0.576,0.799,0.19,0.831,0.257,0.11;aaaa;
0.513;0.534,0.92,0.792,0.416,0.523,0.662,0.247,0.149,0.0812,0.833;aaaaaa;
0.44;0.325,0.8,0.89,0.211,0.668,0.836,0.165,0.559,0.272,0.28;aaaaaaa;
0.0405;0.653,0.15,0.5,0.917,0.321,0.539,0.0867,0.663,0.444,0.727;aaaaaaa;
0.718;0.81,0.367,0.312,0.915,0.847,0.0973,0.954,0.263,0.38,0.307;aaaa;
0.335;0.318,0.149,0.569,0.149,0.0432,0.289,0.378,0.656,0.136,0.434;aaaaaaaaa;
0.292;0.948,0.947,0.39,0.898,0.822,0.155,0.599,0.112,0.447,0.0824;aaaaaaaaa;
0.522;0.0499,0.0883,0.188,0.705,0.715,0.519,0.972,0.205,0.246,0.255;aaaaaaaaaa;
0.17;0.682,0.154,0.7,0.5,0.89,0.287,0.528,0.994,0.58,0.398;aaaaaaaaa;
0.927;0.727,0.288,0.687,0.774,0.576,0.288,0.72,0.584,0.784,0.346;aaaaaaaaaa;
0.63;0.26,0.467,0.992,0.819,0.227,0.164,0.216,0.203,0.528,0.716;aaaa;
0.772;0.0266,0.0618,0.479,0.41,0.93,0.614,0.348,0.793,0.958,0.646;aaaaaa;
0.451;0.753,0.418,0.0345,0.823,0.619,0.0589,0.192,0.982,0.0274,0.287;aaaa;
0.233;0.806,0.688,0.955,0.973,0.942,0.334,0.602,0.482,0.535,0.183;aaaaaaaaa;
0.0797;0.302,0.928,0.771,0.974,0.232,0.271,0.789,0.145,0.967,0.207;aaaaaaaaaa;
0.727;0.454,0.373,0.619,0.734,0.316,0.775,0.834,0.926,0.218,0.484;aaaa;
0.466;0.826,0.181,0.703,0.722,0.0799,0.628,0.685,0.119,0.986,0.336;a;
0.387;0.79,0.377,0.124,0.618,0.606,0.0175,0.0538,0.266,0.204,0.444;aaaaaaaaaa;
0.793;0.12,0.826,0.656,0.496,0.749,0.564,0.828,0.914,0.76,0.812;a;
0.708;0.395,0.443,0.642,0.0197,0.782,0.111,0.151,0.426,0.188,0.552;aaaaaa;
0.846;0.28,0.0229,0.879,0.527,0.327,0.658,0.261,0.771,0.703,0.879;aaaa;
0.531;0.736,0.955,0.189,0.946,0.817,0.915,0.994,0.236,0.576,0.684;aaaaaaaaa;
0.638;0.262,0.316,0.361,0.484,0.221,0.157,0.899,0.852,0.966,0.633;aaaaaaaaa;
0.914;0.233,0.139,0.0532,0.0867,0.683,0.756,0.864,0.932,0.895,0.125;aaaaaaaaaa;
0.0596;0.533,0.461,0.0446,0.789,0.143,0.705,0.231,0.0435,0.33,0.111;a;
0.236;0.428,0.6,0.728,0.589,0.669,0.335,0.878,0.42,0.939,0.755;a;
0.948;0.453,0.674,0.361,0.262,0.102,0.556,0.978,0.998,0.663,0.358;a;
0.461;0.952,0.0454,0.0737,0.204,0.311,0.994,0.451,0.391,0.0516,0.763;aaaaa;
0.411;0.205,0.424,0.493,0.507,0.392,0.587,0.907,0.316,0.639,0.782;aaaaaaaaa;
0.651;0.931,0.599,0.235,0.26,0.0728,0.667,0.878,0.566,0.0131,0.0269;aaaaaaaa;
0.449;0.0871,0.118,0.694,0.97,0.21,0.502,0.375,0.0619,0.434,0.963;aaaa;
0.742;0.0417,0.505,0.764,0.767,0.0228,0.264,0.816,0.614,0.817,0.392;aa;
0.102;0.09,0.28,0.493,0.624,0.814,0.047,0.0533,0.149,0.868,0.241;aaaaaa;
0.917;0.73,0.369,0.641,0.474,0.828,0.189,0.349,0.128,0.238,0.788;aaaaaa;
0.385;0.941,0.655,0.821,0.239,0.382,0.653,0.982,1,0.586,0.827;aaaaaaaaa;
0.0606;0.842,0.702,0.168,0.0476,0.967,0.438,0.617,0.38,0.876,0.56;aaaaa;
0.87;0.076,0.709,0.311,0.434,0.485,0.944,0.489,0.718,0.157,0.738;a;
0.427;0.735,0.719,0.613,0.155,0.541,0.336,0.305,0.782,0.0373,0.745;aaaaaaaaaa;
0.815;0.169,0.862,0.107,0.889,0.789,0.0621,0.791,0.292,0.325,0.561;aaaaaa;
0.189;0.123,0.0534,0.288,0.602,0.769,0.416,0.424,0.096,0.833,0.494;aaaaa;
0.514;0.946,0.881,0.227,0.491,0.663,0.421,0.929,0.81,0.279,0.179;aaaaaaaa;
0.255;0.131,0.0139,0.898,0.731,0.0774,0.414,0.143,0.258,0.628,0.223;aaaaaaaa;
0.24;0.315,0.961,0.0394,0.739,0.363,0.896,0.514,0.955,0.499,0.468;aa;
0.213;0.905,0.177,0.18,0.643,0.507,0.715,0.913,0.152,0.596,0.915;aaaa;
0.503;0.0573,0.603,0.169,0.351,0.49,0.447,0.45,0.109,0.277,0.622;aaaaaaaaa;
0.513;0.714,0.385,0.998,0.615,0.242,0.928,0.315,0.126,0.97,0.171;aaaaaaa;
0.286;0.382,0.682,0.906,0.0653,0.875,0.78,0.623,0.787,0.497,0.651;aaaaaaa;
0.131;0.24,0.513,0.795,0.101,0.999,0.975,0.548,0.406,0.636,0.479;aaa;
0.775;0.56,0.287,0.125,0.978,0.0824,0.127,0.763,0.255,0.47,0.449;aaaaaaaa;
0.625;0.932,0.803,0.669,0.706,0.325,0.967,0.45,0.307,0.824,0.182;aaaaaa;
0.757;0.0769,0.684,0.0231,0.472,0.727,0.605,0.0336,0.855,0.867,0.83;aaa;
0.139;0.162,0.726,0.109,0.899,0.51,0.433,0.958,0.51,0.57,0.194;aaaaa;
0.739;0.93,0.694,0.23,0.893,0.536,0.461,0.355,0.128,0.3,0.962;a;
0.272;0.545,0.5,0.915,0.507,0.06,0.398,0.676,0.883,0.181,0.677;aaaa;
0.634;0.418,0.933,0.186,0.00723,0.271,0.358,0.744,0.425,0.686,0.949;aaaaaaaaaa;
0.316;0.253,0.942,0.0451,0.793,0.666,0.804,0.16,0.964,0.669,0.859;aa;
0.0582;0.661,0.939,0.717,0.32,0.328,0.294,0.629,0.838,0.0357,0.586;aaaaaaaaaa;
0.657;0.274,0.0879,0.29,0.228,0.969,0.824,0.64,0.327,0.952,0.998;aaaaaaaaaa;
0.175;0.189,0.821,0.632,0.164,0.11,0.831,0.169,0.386,0.487,0.463;aaa;
0.841;0.056,0.143,0.281,0.17,0.141,0.851,0.379,0.49,0.688,0.243;aa;
0.398;0.83,0.702,0.253,0.375,0.178,0.238,0.131,0.261,0.151,0.102;aa;
0.429;0.128,0.249,0.541,0.729,0.136,0.744,0.343,0.461,0.434,0.854;aaaaaaaa;
0.131;0.382,0.148,0.196,0.0536,0.329,0.645,0.254,0.256,0.414,0.685;aaaa;
0.534;0.209,0.357,0.246,0.92,0.516,0.823,0.535,0.21,0.734,0.206;aa;
0.501;0.563,0.972,0.117,0.844,0.516,0.659,0.995,0.505,0.857,0.822;aaaa;
0.252;0.22,0.639,0.809,0.299,0.377,0.0734,0.301,0.339,0.259,0.305;aa;
0.89;0.234,0.864,0.73,0.745,0.078,0.43,0.342,0.953,0.351,0.325;aa;
0.642;0.326,0.15,0.559,0.05,0.64,0.446,0.71,0.977,0.251,0.935;aaaaa;
0.412;0.891,0.406,0.507,0.741,0.563,0.358,0.595,0.0655,0.72,0.787;aaaaaaa;
0.784;0.0642,0.025,0.0358,0.886,0.531,0.113,0.814,0.343,0.271,0.683;a;
0.0896;0.267,0.784,0.175,0.109,0.821,0.414,0.0602,0.0176,0.957,0.0837;aaaaaa;
0.689;0.18,0.609,0.61,0.901,0.587,0.457,0.459,0.784,0.497,0.994;aaaaaaa;
0.099;0.746,0.711,0.58,0.193,0.798,0.395,0.609,0.0965,0.242,0.815;a;
0.145;0.303,0.882,0.954,0.866,0.683,0.204,0.255,0.763,0.76,0.131;aa;
0.284;0.454,0.0635,0.471,0.828,0.855,0.948,0.946,0.692,0.278,0.918;aaaaa;
0.141;0.798,0.258,0.151,0.673,0.0138,0.477,0.942,0.419,0.824,0.742;aaaaaaaaa;
0.0379;0.0553,0.467,0.719,0.367,0.246,0.345,0.5,0.698,0.432,0.751;aaaa;
0.414;0.636,0.225,0.096,0.783,0.349,0.503,0.5,0.759,0.967,0.948;aaaa;
0.518;0.351,0.207,0.378,0.128,0.697,0.912,0.179,0.438,0.388,0.0989;aa;
0.497;0.582,0.112,0.798,0.377,0.65,0.244,0.156,0.706,0.32,0.952;aaaaaa;
0.306;0.437,0.448,0.648,0.798,0.216,0.917,0.123,0.892,0.00389,0.998;aaaaaaaa;
0.829;0.358,0.356,0.592,0.822,0.294,0.917,0.624,0.812,0.442,0.587;aa;
0.59;0.0108,0.256,0.783,0.945,0.643,0.82,0.631,0.263,0.724,0.744;aaaa;
0.986;0.768,0.939,0.365,0.642,0.966,0.508,0.784,0.125,0.544,0.291;a;
0.016;0.478,0.793,0.512,0.753,0.88,0.129,0.577,0.967,0.964,0.308;a;
0.519;0.256,0.442,0.335,0.187,0.462,0.939,0.867,0.485,0.652,0.918;aa;
0.771;0.327,0.176,0.172,0.796,0.586,0.906,0.601,0.359,0.279,0.789;aaaaaaa;
0.529;0.109,0.113,0.461,0.962,0.951,0.856,0.328,0.479,0.0897,0.299;aaaaaaaa;
0.571;0.85,0.228,0.348,0.934,0.449,0.822,0.719,0.483,0.78,0.788;a;
0.121;0.506,0.503,0.33,0.518,0.129,0.164,0.00749,0.505,0.762,0.926;aaa;
0.0319;0.373,0.969,0.104,0.808,0.526,0.619,0.71,0.269,0.00751,0.393;aaaaaaaa;
0.794;0.114,0.176,0.53,0.722,0.81,0.531,0.171,0.863,0.155,0.159;aaaaaaaa;
0.571;0.277,0.296,0.578,0.602,0.855,0.957,0.441,0.845,0.255,0.928;aaaaaa;
0.643;0.0445,0.242,0.484,0.847,0.0532,0.446,0.358,0.663,0.0382,0.861;aaaaaaaa;
0.223;0.411,0.203,0.197,0.148,0.809,0.133,0.621,0.833,0.786,0.568;aaa;
0.737;0.736,0.258,0.435,0.264,0.893,0.556,0.914,0.303,0.717,0.514;a;
0.913;0.26,0.593,0.835,0.851,0.814,0.691,0.118,0.0501,0.91,0.698;aaa;
0.965;0.956,0.106,0.0696,0.265,0.125,0.57,0.033,0.446,0.824,0.737;aaaaaa;
0.804;0.649,0.168,0.171,0.839,0.222,0.434,0.759,0.312,0.67,0.539;aaaaa;
0.193;0.642,0.377,0.793,0.613,0.598,0.33,0.481,0.357,0.0953,0.00384;aaaaa;
0.946;0.483,0.71,0.599,0.406,0.568,0.507,0.0152,0.757,0.724,0.764;aaaaa;
0.921;0.333,0.67,0.84,0.323,0.976,0.793,0.254,0.52,0.735,0.255;aaaa;
0.291;0.498,0.431,0.27,0.345,0.465,0.0804,0.611,0.335,0.429,0.477;aaaaaaaa;
0.114;0.628,0.871,0.0386,0.591,0.366,0.987,0.0939,0.71,0.127,0.321;aaaaaaa;
0.416;0.0665,0.792,0.812,0.782,0.717,0.658,0.694,0.511,0.0535,0.476;aaaaaaaaaa;
0.467;0.0182,0.679,0.835,0.891,0.126,0.31,0.949,0.35,0.98,0.838;aaa;
0.855;0.601,0.957,0.126,0.691,0.882,0.986,0.853,0.424,0.362,0.000892;aaaaa;
0.422;0.94,0.552,0.392,0.047,0.323,0.129,0.39,0.178,0.0227,0.11;aaaaaaaaaa;
0.632;0.35,0.306,0.905,0.579,0.748,0.214,0.522,0.254,0.738,0.998;aaaa;
0.0604;0.083,0.163,0.807,0.215,0.272,0.218,0.663,0.104,0.521,0.937;aaaaa;
0.198;0.475,0.634,0.924,0.519,0.792,0.345,0.779,0.441,0.129,0.812;aaaaaa;
0.297;0.966,0.329,0.48,0.148,0.563,0.248,0.592,0.223,0.42,0.177;aaaaaaaaa;
0.764;0.694,0.191,0.0473,0.598,0.759,0.764,0.374,0.0118,0.345,0.843;a;
0.353;0.0614,0.651,0.13,0.627,0.418,0.24,0.191,0.913,0.609,0.541;aaaaaa;
0.539;0.512,0.216,0.341,0.245,0.866,0.897,0.425,0.178,0.671,0.624;aaaaaaa;
0.0585;0.162,0.717,0.445,0.192,0.103,0.477,0.299,0.609,0.156,0.843;aaaaaaaaaa;
0.601;0.655,0.208,0.802,0.861,0.107,0.472,0.392,0.296,0.218,0.691;aaa;
0.167;0.932,0.195,0.917,0.677,0.755,0.805,0.0324,0.363,0.917,0.397;aa;
0.291;0.737,0.165,0.967,0.515,0.378,0.861,0.275,0.826,0.106,0.489;a;
0.325;0.419,0.36,0.668,0.413,0.108,0.687,0.962,0.0433,0.23,0.192;aaaa;
0.223;0.25,0.158,0.543,0.0324,0.0554,0.0912,0.84,0.979,0.151,0.71;aaaa;
0.155;0.472,0.409,0.368,0.475,0.5,0.0402,0.819,0.235,0.0405,0.613;aaaaaaa;
0.933;0.399,0.428,0.292,0.701,0.282,0.276,0.252,0.404,0.223,0.226;aaaaaaaaa;
0.695;0.0699,0.877,0.199,0.0176,0.43,0.68,0.673,0.793,0.932,0.767;aaaaaaaa;
0.788;0.239,0.0825,0.557,0.174,0.00244,0.169,0.363,0.846,0.729,0.97;aaaaaaaaaa;
0.592;0.114,0.699,0.563,0.36,0.677,0.069,0.713,0.246,0.507,0.671;a;
0.142;0.953,0.154,0.0816,0.692,0.465,0.0672,0.202,0.266,0.162,0.715;aaaaaaaa;
0.109;0.0593,0.061,0.456,0.405,0.278,0.589,0.241,0.16,0.381,0.815;aaaaaaa;
0.301;0.324,0.449,0.679,0.902,0.932,0.93,0.208,0.623,0.451,0.987;aaaaaaaaaa;
0.392;0.62,0.0978,0.0573,0.742,0.713,0.422,0.503,0.516,0.00189,0.153;aaaa;
1;0.836,0.898,0.59,0.715,0.299,0.88,0.885,0.337,0.779,0.267;aaa;
0.924;0.367,0.852,0.244,0.609,0.268,0.899,0.132,0.919,0.745,0.105;aaaaaa;
0.501;0.306,0.769,0.0597,0.35,0.416,0.522,0.527,0.493,0.37,0.78;aaaaaa;
0.344;0.24,0.835,0.355,0.937,0.737,0.21,0.434,0.405,0.553,0.927;aaaaa;
0.485;0.164,0.366,0.343,0.463,0.291,0.788,0.979,0.903,0.741,0.588;aaaa;
0.18;0.187,0.51,0.885,0.277,0.926,0.735,0.998,0.0685,0.259,0.452;aaaaaa;
0.835;0.792,0.0369,0.658,0.919,0.31,0.599,0.0181,0.184,0.384,0.795;aa;
0.548;0.105,0.275,0.262,0.914,0.558,0.985,0.485,0.203,0.469,0.474;aaa;
0.694;0.121,0.671,0.18,0.874,0.801,0.139,0.563,0.052,0.111,0.177;aa;
0.871;0.478,0.0194,0.88,0.52,0.304,0.203,0.243,0.167,0.423,0.792;aaaa;
0.879;0.527,0.104,0.322,0.0536,0.478,0.577,0.485,0.799,0.32,0.907;aaa;
0.814;0.957,0.451,0.815,0.571,0.867,0.693,0.897,0.988,0.714,0.182;a;
0.936;0.74,0.463,0.103,0.892,0.782,0.699,0.21,0.887,0.234,0.725;aaaaa;
0.911;0.488,0.717,0.704,0.96,0.763,0.87,0.593,0.978,0.857,0.708;aaaaaaaaa;
0.22;0.418,0.922,0.842,0.832,0.281,0.619,0.755,0.355,0.438,0.973;aaaaaaaa;
0.0429;0.386,0.0742,0.458,0.526,0.345,0.499,0.938,0.251,0.108,0.164;aaaa;
0.103;0.265,0.885,0.993,0.992,0.12,0.382,0.358,0.38,0.523,0.892;aaaa;
0.709;0.421,0.59,0.8,0.667,0.75,0.788,0.29,0.0539,0.752,0.963;aaaaaa;
0.589;0.88,0.355,0.683,0.386,0.713,0.825,0.997,0.877,0.713,0.309;a;
0.068;0.771,0.748,0.247,0.407,0.447,0.769,0.621,0.0807,0.594,0.0411;aaaaa;
0.577;0.733,0.0494,0.761,0.491,0.519,0.324,0.613,0.896,0.298,0.605;aaaaa;
0.925;0.996,0.093,0.906,0.014,0.753,0.388,0.572,0.534,0.641,0.164;aaaaaaaaa;
0.553;0.664,0.593,0.327,0.606,0.318,0.372,0.0954,0.413,0.161,0.93;a;
0.426;0.296,0.706,0.926,0.597,0.000169,0.33,0.339,0.28,0.859,0.802;aa;
0.575;0.994,0.571,0.349,0.934,0.419,0.815,0.521,0.257,0.922,0.496;aaaaaa;
0.49;0.0188,0.152,0.36,0.309,0.153,0.471,0.59,0.968,0.111,0.603;aaaaaaaa;
0.336;0.69,0.771,0.0479,0.497,0.446,0.666,0.933,0.0285,0.969,0.452;aaaaaaaaaa;
0.546;0.225,0.262,0.382,0.311,0.311,0.45,0.575,0.169,0.0434,0.454;aaaaaaaaaa;
0.017;0.106,0.369,0.651,0.945,0.785,0.65,0.569,0.256,0.13,0.0713;aaaaa;
0.596;0.18,0.292,0.31,0.0697,0.607,0.695,0.387,0.0273,0.336,0.726;a;
0.747;0.019,0.165,0.674,0.594,0.898,0.482,0.389,0.997,0.689,0.465;aaaaaa;
0.728;0.666,0.448,0.174,0.185,0.424,0.423,0.511,0.393,0.91,0.888;aa;
0.87;0.215,0.168,0.212,0.443,0.315,0.718,0.25,0.478,0.443,0.0742;aaaaaaa;
0.883;0.0198,0.286,0.949,0.353,0.571,0.65,0.368,0.929,0.946,0.741;aaaaaaaaa;
0.651;0.4,0.266,0.185,0.17,0.162,0.762,0.0997,0.74,0.337,0.0311;aaaaaaa;
0.567;0.116,0.911,0.468,0.636,0.322,0.932,0.835,0.345,0.114,0.00391;aaaaa;
0.443;0.561,0.405,0.468,0.897,0.756,0.633,0.365,0.827,0.315,0.918;aaaaaaaaaa;
0.183;0.404,0.219,0.422,0.723,0.435,0.384,0.307,0.675,0.659,0.216;aaaa;
0.00754;0.615,0.211,0.721,0.0999,0.992,0.177,0.23,0.236,0.27,0.144;aaaaaaaaaa;
0.568;0.129,0.957,0.199,0.268,0.845,0.0941,0.436,0.436,0.444,0.801;aaaaaaaaaa;
0.923;0.601,0.5,0.918,0.0327,0.498,0.413,0.232,0.513,0.691,0.254;aaaaa;
0.979;0.187,0.301,0.912,0.843,0.941,0.706,0.135,0.567,0.481,0.0786;aaaaaaaaaa;
0.21;0.11,0.0778,0.893,0.91,0.455,0.835,0.0416,0.891,0.502,0.711;aaaaa;
0.979;0.375,0.566,0.667,0.957,0.151,0.656,0.547,0.683,0.306,0.704;aaaaaaaaa;
0.207;0.503,0.256,0.964,0.675,0.939,0.587,0.984,0.839,0.329,0.209;aaaaa;
0.51;0.392,0.885,0.836,0.239,0.375,0.983,0.861,0.72,0.937,0.0872;aaaaaa;
0.286;0.974,0.896,0.392,0.694,0.153,0.244,0.338,0.453,0.0677,0.0722;aa;
0.688;0.312,0.136,0.264,0.0992,0.974,0.595,0.768,0.881,0.748,0.663;aaaaaa;
0.389;0.614,0.721,0.379,0.168,0.0282,0.39,0.338,0.253,0.166,0.0796;a;
0.809;0.62,0.775,0.574,0.456,0.595,0.885,0.831,0.4,0.345,0.234;aaaaaa;
0.116;0.836,0.588,0.692,0.127,0.912,0.25,0.665,0.322,0.574,0.782;aa;
0.526;0.666,0.559,0.309,0.796,0.627,0.784,0.0617,0.227,0.593,0.0334;aa;
0.581;0.953,0.266,0.662,0.362,0.357,0.768,0.152,0.387,0.414,0.194;aaaaaaaaa;
0.665;0.298,0.578,0.513,0.608,0.656,0.129,0.666,0.207,0.723,0.894;aaaaaaaaa;
0.494;0.259,0.944,0.191,0.294,0.207,0.766,0.769,0.147,0.605,0.606;aaaaaaa;
0.686;0.258,0.572,0.717,0.851,0.924,0.964,0.961,0.858,0.667,0.912;aaaaaaaaa;
0.0459;0.07,0.315,0.349,0.859,0.167,0.267,0.818,0.232,0.996,0.78;aa;
0.127;0.984,0.892,0.866,0.945,0.791,0.976,0.0843,0.371,0.551,0.938;aaaaaaaa;
0.215;0.491,0.409,0.94,0.183,0.707,0.714,0.626,0.454,0.84,0.891;aaaaaa;
0.326;0.695,0.475,0.759,0.799,0.748,0.892,0.465,0.825,0.0982,0.861;aa;
0.909;0.964,0.787,0.191,0.131,0.194,0.13,0.707,0.326,0.326,0.87;aaaa;
0.127;0.316,0.0149,0.527,0.399,0.137,0.886,0.783,0.548,0.84,0.602;aaaaa;
0.174;0.656,0.568,0.436,0.72,0.765,0.861,0.294,0.447,0.928,0.553;aaaaaaa;
0.318;0.0117,0.989,0.191,0.968,0.478,0.441,0.419,0.708,0.567,0.391;aaaaaa;
0.933;0.255,0.0758,0.612,0.533,0.137,0.868,0.447,0.901,0.169,0.494;aaaaa;
0.0628;0.471,0.314,0.567,0.356,0.375,0.416,0.386,0.618,0.646,0.812;a;
0.526;0.502,0.921,0.244,0.758,0.707,0.252,0.161,0.08,0.767,0.596;aaaaaaaaaa;
0.159;0.579,0.453,0.762,0.654,0.46,0.623,0.389,0.876,0.645,0.0912;aaa;
0.205;0.897,0.504,0.349,0.0369,0.964,0.816,0.163,0.916,0.905,0.11;aaa;
0.325;0.498,0.0971,0.5,0.876,0.356,0.775,0.341,0.674,0.942,0.586;aaaa;
0.506;0.792,0.68,0.702,0.0212,0.825,0.258,0.99,0.609,0.997,0.404;aaaaaaaaaa;
0.903;0.693,0.444,0.08,0.246,0.139,0.892,0.106,0.385,0.804,0.0709;aaaaaaa;
0.122;0.936,0.621,0.279,0.288,0.0415,0.773,0.713,0.202,0.433,0.954;aaaaaaaaaa;
0.253;0.21,0.217,0.152,0.659,0.292,0.0992,0.231,0.916,0.804,0.304;a;
0.0847;0.531,0.324,0.686,0.963,0.981,0.979,0.344,0.327,0.73,0.998;aaaaaa;
0.168;0.0749,0.787,0.451,0.627,0.76,0.631,0.762,0.147,0.386,0.0444;aaa;
0.539;0.77,0.205,0.041,0.626,0.406,0.528,0.123,0.803,0.701,0.759;aaaaaa;
0.94;0.774,0.982,0.607,0.468,0.374,0.914,0.722,0.475,0.776,0.215;aaaaaa;
0.754;0.793,0.239,0.0633,0.944,0.694,0.114,0.256,0.738,0.147,0.662;aa;
0.394;0.405,0.828,0.552,0.0854,0.888,0.966,0.475,0.112,0.353,0.0229;aaaaaaaaaa;
0.0441;0.0149,0.116,0.553,0.812,0.176,0.856,0.505,0.303,0.645,0.867;aaaaaaaaa;
0.526;0.925,0.521,0.275,0.767,0.0154,0.807,0.914,0.684,0.879,0.583;aaaaaaaa;
0.269;0.987,0.518,0.116,0.25,0.683,0.64,0.736,0.504,0.856,0.511;aaaaaaaa;
0.0819;0.0506,0.737,0.329,0.122,0.48,0.908,0.887,0.851,0.0552,0.728;aaaa;
0.21;0.363,0.727,0.444,0.298,0.099,0.313,0.33,0.92,0.874,0.616;aaaaaaa;
0.178;0.348,0.382,0.806,0.277,0.718,0.931,0.321,0.0202,0.154,0.997;aaaaa;
0.117;0.0379,0.66,0.0977,0.00755,0.476,0.325,0.86,0.945,0.372,0.951;aaaaaaaaaa;
0.725;0.713,0.0815,0.106,0.741,0.837,0.472,0.685,0.251,0.0305,0.129;aaaaaa;
0.369;0.696,0.454,0.441,0.625,0.221,0.833,0.333,0.76,0.998,0.273;a;
0.106;0.556,0.944,0.00979,0.489,0.8,0.00754,0.812,0.759,0.0809,0.0846;aaaa;
0.367;0.772,0.353,0.236,0.448,0.895,0.983,0.506,0.999,0.536,0.689;aa;
0.123;0.729,0.248,0.38,0.383,0.329,0.986,0.506,0.602,0.775,0.0786;aaaaaaaaa;
0.253;0.25,0.4,0.34,0.0392,0.165,0.0134,0.485,0.267,0.0932,0.909;aaaaaaaaaa;
0.199;0.686,0.856,0.936,0.14,0.651,0.246,0.894,0.168,0.0678,0.41;aaaaaaaaaa;
0.871;0.946,0.644,0.547,0.202,0.184,0.267,0.286,0.559,0.144,0.356;aaaaaaaaaa;
0.894;0.279,0.143,0.329,0.388,0.294,0.00363,0.506,0.375,0.613,0.995;aaaaaaa;
0.641;0.501,0.558,0.895,0.168,0.761,0.112,0.442,0.975,0.375,0.941;aaaaaaaa;
0.0638;0.791,0.459,0.562,0.4,0.407,0.544,0.683,0.709,0.0268,0.391;aaaaaaaa;
0.952;0.46,0.845,0.976,0.466,0.562,0.952,0.968,0.247,0.881,0.193;aaaaaaaaa;
0.523;0.263,0.221,0.0333,0.611,0.404,0.108,0.558,0.893,0.808,0.524;aaaaaaaa;
0.76;0.668,0.788,0.988,0.168,0.174,0.19,0.158,0.401,0.376,0.212;aaaaaa;
0.567;0.0308,0.649,0.0257,0.632,0.977,0.26,0.383,0.29,0.202,0.31;aaaa;
0.502;0.18,0.104,0.547,0.759,0.984,0.811,0.734,0.659,0.013,0.481;aaaaa;
0.237;0.133,0.0787,0.59,0.966,0.721,0.352,0.26,0.933,0.365,0.977;aaaa;
0.454;0.25,0.152,0.354,0.356,0.265,0.298,0.327,0.496,0.456,0.908;aaaaaa;
0.634;0.943,0.523,0.0513,0.15,0.452,0.662,0.629,0.675,0.488,0.00587;aaa;
0.227;0.165,0.293,0.348,0.939,0.833,0.0633,0.453,0.848,0.893,0.866;a;
0.692;0.754,0.793,0.13,0.129,0.962,0.918,0.0133,0.942,0.703,0.0548;aaaaaaaaa;
0.75;0.37,0.811,0.0147,0.625,0.485,0.715,0.594,0.168,0.983,0.863;aaaa;
0.815;0.799,0.871,0.208,0.473,0.869,0.623,0.0299,0.848,0.826,0.505;aa;
0.331;0.37,0.943,0.227,0.812,0.561,0.948,0.687,0.14,0.63,0.71;aaaaaaaaaa;
0.13;0.636,0.109,0.569,0.453,0.327,0.639,0.44,0.112,0.388,0.703;a;
0.0457;0.263,0.59,0.693,0.714,0.652,0.376,0.0795,0.504,0.0692,0.909;aaaa;
0.63;0.953,0.685,0.686,0.3,0.304,0.255,0.673,0.273,0.39,0.414;aaaaaaaa;
0.279;0.218,0.191,0.955,0.625,0.529,0.741,0.327,0.536,0.553,0.267;a;
0.562;0.197,0.177,0.113,0.472,0.071,0.0418,0.973,0.49,0.487,0.276;aaaaaaaa;
0.0382;0.333,0.515,0.358,0.808,0.284,0.225,0.426,0.841,0.0244,0.0277;aaaaaaa;
0.0801;0.79,0.0205,0.0815,0.532,0.587,0.964,0.656,0.872,0.0661,0.856;aaa;
0.622;0.556,0.0606,0.684,0.417,0.927,0.73,0.144,0.826,0.12,0.287;aaaaaaaaaa;
0.113;0.902,0.849,0.135,0.971,0.997,0.968,0.834,0.679,0.265,0.808;aaaa;
0.653;0.975,0.161,0.23,0.946,0.24,0.382,0.98,0.97,0.663,0.411;a;
0.515;0.16,0.454,0.702,0.735,0.235,0.633,0.721,0.301,0.864,0.0113;aaaaaa;
0.245;0.368,0.535,0.581,0.334,0.931,0.22,0.907,0.187,0.94,0.797;aaaaaaaaaa;
0.708;0.244,0.574,0.818,0.547,0.334,0.84,0.351,0.174,0.437,0.684;aaaaaaaaaa;
0.515;0.106,0.0764,0.738,0.702,0.705,0.489,0.993,0.458,0.446,0.994;aaaaaa;
0.674;0.269,0.147,0.0116,0.55,0.68,0.715,0.709,0.226,0.219,0.236;aaaaaaa;
0.449;0.254,0.969,0.715,0.255,0.601,0.222,0.495,0.44,0.101,0.139;aaa;
0.549;0.0931,0.672,0.672,0.551,0.52,0.625,0.387,0.474,0.277,0.77;aaaaaaaaa;
0.0635;0.919,0.191,0.237,0.531,0.149,0.756,0.33,0.542,0.998,0.137;aaaaaaa;
0.303;0.35,0.43,0.107,0.414,0.565,0.501,0.611,0.736,0.927,0.889;aaaaaaaa;
0.959;0.815,0.588,0.833,0.31,0.991,0.00958,0.55,0.207,0.555,0.848;aaaaaaaa;
0.882;0.404,0.459,0.119,0.865,0.684,0.352,0.735,0.988,0.0633,0.496;aaaaaaaa;
0.738;0.605,0.829,0.296,0.437,0.632,0.917,0.948,0.482,0.536,0.83;aaaa;
0.213;0.177,0.607,0.285,0.107,0.532,0.646,0.0426,0.425,0.186,0.00967;aaaaaaaa;
0.78;0.221,0.904,0.168,0.143,0.793,0.929,0.754,0.204,0.716,0.509;aaaaaaaaa;
0.568;0.955,0.309,0.071,0.784,0.237,0.211,0.35,0.963,0.994,0.825;aaaaa;
0.13;0.561,0.705,0.752,0.648,0.41,0.0964,0.541,0.683,0.521,0.786;aaaaaaaaa;
0.841;0.369,0.905,0.633,0.645,0.967,0.767,0.979,0.222,0.184,0.0423;aa;
0.484;0.188,0.779,0.56,0.96,0.718,0.867,0.407,0.528,0.73,0.346;aaaaaaaaaa;
0.918;0.00853,0.524,0.671,0.692,0.968,0.757,0.478,0.557,0.121,0.54;aa;
0.248;0.494,0.133,0.753,0.284,0.877,0.912,0.471,0.985,0.0205,0.429;aaa;
0.76;0.917,0.223,0.498,0.599,0.129,0.155,0.296,0.254,0.317,0.239;aa;
0.794;0.225,0.676,0.745,0.933,0.229,0.598,0.561,0.14,0.942,0.469;aaaaaaaaaa;
0.472;0.799,0.0962,0.449,0.542,0.539,0.505,0.89,0.422,0.0553,0.13;aaaaaaaa;
0.883;0.613,0.369,0.636,0.809,0.617,0.627,0.646,0.0287,0.131,0.0562;aaaaaa;
0.626;0.342,0.633,0.0865,0.601,0.139,0.45,0.73,0.668,0.425,0.811;aaaaaa;
0.0883;0.188,0.733,0.373,0.859,0.629,0.715,0.992,0.364,0.654,0.903;aaaaaaa;
0.385;0.687,0.358,0.162,0.0331,0.157,0.13,0.867,0.998,0.0914,0.941;aaaaaaaa;
0.104;0.0429,0.634,0.0821,0.232,0.253,0.316,0.941,0.617,0.223,0.339;aaaaaaaaaa;
0.71;0.611,0.131,0.837,0.673,0.339,0.496,0.652,0.183,0.854,0.926;aaaaaa;
0.4;0.0801,0.902,0.563,0.116,0.332,0.78,0.472,0.747,0.761,0.0474;aaaa;
0.714;0.867,0.947,0.122,0.0781,0.131,0.591,0.0951,0.471,0.978,0.165;aaaaaaaaaa;
0.635;0.0908,0.0637,0.392,0.627,0.52,0.997,0.0396,0.528,0.308,0.894;aaaa;
0.639;0.952,0.749,0.248,0.615,0.937,0.162,0.894,0.0245,0.167,0.733;aaaaaaa;
0.0835;0.023,0.611,0.676,0.649,0.698,0.578,0.901,0.129,0.45,0.734;aaa;
0.7;0.56,0.3,0.773,0.27,0.0497,0.585,0.848,0.647,0.333,0.644;aaaaa;
0.225;0.882,0.371,0.737,0.339,0.938,0.489,0.11,0.608,0.372,0.522;aaaaa;
0.0653;0.301,0.17,0.448,0.471,0.573,0.314,0.749,0.133,0.75,0.923;aaaaaaaaaa;
0.0842;0.386,0.398,0.619,0.334,0.134,0.747,0.261,0.369,0.648,0.0648;aaaaaaaa;
0.979;0.538,0.826,0.319,0.829,0.127,0.0302,0.228,0.975,0.176,0.719;aaaaaaaa;
0.353;0.477,0.44,0.177,0.386,0.845,0.989,0.966,0.378,0.197,0.246;aaaaaa;
0.319;0.858,0.41,0.55,0.861,0.0343,0.334,0.477,0.912,0.811,0.021;a;
0.12;0.912,0.401,0.0195,0.172,0.812,0.436,0.186,0.714,0.776,0.0696;aaaaaaaaaa;
0.49;0.655,0.303,0.946,0.0854,0.401,0.127,0.467,0.593,0.225,0.528;aaaa;
0.102;0.287,0.771,0.231,0.734,0.913,0.171,0.457,0.939,0.966,0.332;aaaaaaa;
0.127;0.978,0.178,0.833,0.0246,0.546,0.889,0.434,0.714,0.4,0.44;aaaaaaaa;
0.98;0.0958,0.235,0.149,0.698,0.884,0.454,0.735,0.97,0.471,0.372;aaaaaa;
0.0356;0.0842,0.498,0.448,0.935,0.574,0.468,0.306,0.124,0.943,0.455;aaaa;
0.284;0.414,0.0436,0.26,0.299,0.74,0.38,0.193,0.769,0.748,0.129;aa;
0.997;0.596,0.106,0.235,0.596,0.727,0.189,0.925,0.775,0.286,0.979;aaaaa;
0.694;0.394,0.653,0.0986,0.541,0.936,0.511,0.0803,0.563,0.82,0.292;aaaaaaaa;
0.603;0.937,0.644,0.154,0.965,0.104,0.426,0.892,0.971,0.0302,0.00694;aaa;
0.884;0.116,0.376,0.665,0.624,0.795,0.649,0.654,0.414,0.86,0.403;aaaaaaaaaa;
0.739;0.436,0.497,0.742,0.22,0.432,0.992,0.0589,0.806,0.474,0.00718;aa;
0.675;0.158,0.283,0.659,0.539,0.858,0.278,0.977,0.652,0.16,0.0593;aaaaaaaaa;
0.944;0.767,0.324,0.0211,0.825,0.317,0.476,0.628,0.366,0.513,0.625;a;
0.494;0.259,0.793,0.202,0.65,0.0489,0.173,0.0314,0.842,0.375,0.354;aaaaaaaaa;
0.897;0.00499,0.0153,0.116,0.121,0.422,0.511,0.334,0.79,0.924,0.017;a;
0.352;0.0751,0.842,0.885,0.981,0.663,0.543,0.435,0.674,0.595,0.547;aaaaaaaaaa;
0.916;0.64,0.46,0.852,0.103,0.29,0.316,0.762,0.76,0.129,0.706;aaa;
0.568;0.553,0.468,0.566,0.762,0.0649,0.581,0.601,0.985,0.0724,0.00281;aaa;
0.14;0.492,0.728,0.991,0.722,0.504,0.443,0.956,0.912,0.027,0.747;aaaaa;
0.721;0.364,0.321,0.484,0.293,0.704,0.827,0.695,0.915,0.0227,0.904;aaaaaaaa;
0.35;0.232,0.866,0.765,0.0649,0.532,0.844,0.315,0.0304,0.95,0.249;aaaaaa;
0.981;0.602,0.926,0.768,0.588,0.916,0.726,0.139,0.673,0.683,0.814;aaaaaaaaa;
0.518;0.142,0.24,0.864,0.9,0.285,0.0461,0.724,0.0146,0.452,0.805;a;
0.0645;0.126,0.461,0.145,0.694,0.122,0.931,0.348,0.273,0.978,0.994;aaaaaaa;
0.272;0.596,0.514,0.425,0.268,0.00213,0.619,0.0436,0.531,0.54,0.631;aaaa;
0.209;0.403,0.388,0.588,0.584,0.41,0.887,0.0161,0.789,0.789,0.0827;aaaaaaaaaa;
0.671;0.00595,0.792,0.73,0.901,0.681,0.794,0.276,0.531,0.286,0.658;aaaaaa;
0.7;0.054,0.0918,0.483,0.295,0.26,0.718,0.28,0.636,0.52,0.616;aaa;
0.598;0.084,0.407,0.0434,0.832,0.997,0.306,0.329,0.0748,0.292,0.207;a;
0.112;0.766,0.64,0.35,0.524,0.106,0.598,0.969,0.5,0.487,0.572;aaaaaaaaaa;
0.282;0.234,0.593,0.535,0.787,0.66,0.667,0.806,0.0694,0.0937,0.989;a;
0.342;0.18,0.334,0.82,0.865,0.955,0.317,0.12,0.275,0.943,0.602;aaaaaa;
0.503;0.596,0.321,0.176,0.246,0.796,0.842,0.615,0.0289,0.82,0.975;aaaaaa;
0.0652;0.968,0.798,0.0919,0.235,0.628,0.0443,0.265,0.397,0.994,0.483;aaaaaaaaaa;
0.00188;0.734,0.591,0.611,0.555,0.358,0.56,0.621,0.313,0.343,0.204;aaaaaaaa;
0.803;0.902,0.354,0.683,0.985,0.23,0.486,0.655,0.446,0.666,0.488;aaaa;
0.274;0.179,0.709,0.395,0.976,0.179,0.797,0.859,0.959,0.462,0.362;a;
0.431;0.646,0.642,0.28,0.941,0.746,0.821,0.615,0.0284,0.25,0.473;aa;
0.0919;0.894,0.114,0.797,0.988,0.429,0.988,0.573,0.793,0.569,0.204;a;
0.365;0.438,0.464,0.52,0.748,0.644,0.27,0.562,0.669,0.4,0.305;aaaaaaaaa;
0.839;0.559,0.893,0.591,0.292,0.324,0.605,0.601,0.225,0.238,0.911;aaaa;
0.51;0.523,0.911,0.184,0.136,0.568,0.657,0.63,0.21,0.934,0.799;aaaaaaa;
0.63;0.372,0.818,0.439,0.573,0.793,0.55,0.138,0.0929,0.265,0.355;aaaa;
0.49;0.148,0.736,0.33,0.00753,0.156,0.876,0.716,0.124,0.891,0.679;aaaaaaaaaa;
0.955;0.212,0.337,0.924,0.166,0.402,0.88,0.467,0.104,0.285,0.132;a;
0.00109;0.984,0.247,0.0229,0.0572,0.249,0.471,0.999,0.37,0.449,0.682;aaaaaaaaa;
0.112;0.71,0.177,0.121,0.0459,0.376,0.0748,0.935,0.315,0.55,0.473;aaaaaaaa;
0.858;0.919,0.65,0.412,0.963,0.286,0.731,0.862,0.333,0.328,0.832;aaaaaaaaaa;
0.824;0.765,0.425,0.496,0.565,0.389,0.44,0.971,0.351,0.272,0.806;a;
0.978;0.447,0.0216,0.363,0.723,0.652,0.356,0.28,0.186,0.443,0.421;aaaaaaaa;
0.625;0.317,0.597,0.688,0.69,0.918,0.332,0.0463,0.85,0.266,0.134;aaaaaaaaaa;
0.235;0.171,0.0911,0.38,0.0388,0.665,0.515,0.235,0.265,0.299,0.297;aaaaaa;
0.936;0.686,0.305,0.131,0.6,0.104,0.889,0.444,0.968,0.307,0.13;aaaa;
0.545;0.962,0.252,0.158,0.835,0.733,0.935,0.907,0.157,0.0315,0.909;aaaaaaa;
0.812;0.264,0.817,0.418,0.985,0.848,0.168,0.463,0.932,0.898,0.806;aaaaaaaaa;
0.949;0.859,0.979,0.221,0.44,0.644,0.616,0.392,0.685,0.658,0.904;aaaaaaaaaa;
0.306;0.311,0.761,0.0569,0.27,0.848,0.666,0.319,0.107,0.0168,0.604;a;
0.449;0.878,0.354,0.403,0.751,0.577,0.901,0.198,0.84,0.514,0.192;aaaa;
0.00375;0.353,0.347,0.276,0.657,0.908,0.97,0.307,0.00194,0.973,0.0663;aaaaaaaaa;
0.225;0.457,0.956,0.0047,0.756,0.408,0.314,0.15,0.493,0.61,0.551;aaaaaaa;
0.35;0.723,0.27,0.857,0.584,0.0677,0.0788,0.968,0.604,0.654,0.826;aaaaaaa;
0.445;0.965,0.173,0.358,0.543,0.138,0.825,0.729,0.835,0.0894,0.246;aaaaaaaaa;
0.502;0.0595,0.123,0.674,0.393,0.559,0.527,0.129,0.988,0.105,0.598;a;
0.127;0.258,0.789,0.735,0.38,0.669,0.809,0.627,0.362,0.858,0.693;aaaaaaaaa;
0.199;0.505,0.141,0.456,0.733,0.12,0.947,0.53,0.0819,0.917,0.0379;a;
0.962;0.995,0.132,0.914,0.905,0.0189,0.202,0.698,0.515,0.639,0.599;aaaaaa;
0.817;0.0472,0.125,0.407,0.179,0.737,0.168,0.193,0.269,0.945,0.939;aaaaaaaa;
0.745;0.407,0.799,0.087,0.178,0.284,0.655,0.334,0.563,0.595,0.8;aaaa;
0.321;0.272,0.63,0.0652,0.71,0.556,0.365,0.148,0.0939,0.876,0.753;aaaaa;
0.744;0.642,0.0848,0.797,0.0797,0.229,0.695,0.743,0.867,0.407,0.908;aaaaa;
0.478;0.929,0.328,0.591,0.695,0.584,0.165,0.108,0.853,0.388,0.367;aaaaaaa;
0.366;0.983,0.82,0.898,0.366,0.485,0.688,0.29,0.378,0.581,0.18;aaaaaa;
0.649;0.534,0.638,0.463,0.473,0.883,0.228,0.83,0.22,0.966,0.0306;aaaaaaaaa;
0.242;0.477,0.727,0.933,0.0939,0.167,0.816,0.448,0.749,0.148,0.298;aaaaaaaa;
0.729;0.849,0.494,0.673,0.359,0.93,0.537,0.573,0.399,0.985,0.608;aaaaaaaaaa;
0.655;0.365,0.851,0.0882,0.532,0.378,0.137,0.17,0.943,0.497,0.309;a;
0.942;0.0685,0.686,0.435,0.58,0.0849,0.602,0.601,0.377,0.548,0.373;aaaaaaaaa;
0.896;0.528,0.232,0.338,0.912,0.0229,0.401,0.984,0.487,0.118,0.203;aaaaaaaa;
0.246;0.557,0.00135,0.81,0.17,0.000282,0.0321,0.333,0.816,0.154,0.742;aaaaa;
0.894;0.46,0.471,0.243,0.547,0.453,0.255,0.384,0.388,0.248,0.0967;aaaaaaaa;
0.185;0.0823,0.854,0.806,0.3,0.0855,0.424,0.144,0.742,0.659,0.47;aaaa;
0.15;0.788,0.034,0.123,0.561,0.775,0.111,0.277,0.0177,0.278,0.996;a;
0.205;0.565,0.346,0.00484,0.433,0.228,0.252,0.54,0.519,0.34,0.586;aaaaaaaaa;
0.961;0.658,0.105,0.998,0.437,0.0912,0.0559,0.0665,0.691,0.0681,0.0979;aaaaaaaaaa;
0.669;0.732,0.0278,0.939,0.36,0.0963,0.153,0.513,0.336,0.176,0.418;aaa;
0.509;0.882,0.873,0.195,0.135,0.233,0.484,0.742,0.929,0.428,0.341;aaaaaaa;
0.511;0.447,0.82,0.837,0.781,0.668,0.0999,0.555,0.822,0.496,0.368;aaaaaaa;
0.315;0.309,0.119,0.655,0.376,0.102,0.909,0.195,0.936,0.857,0.623;aaaaaa;
0.433;0.48,0.83,0.436,0.843,0.936,0.924,0.299,0.801,0.425,0.739;aaa;
0.97;0.861,0.832,0.729,0.79,0.196,0.691,0.751,0.578,0.169,0.0115;aaaaaaaaa;
0.524;0.703,0.0541,0.981,0.743,0.379,0.504,0.494,0.0198,0.215,0.98;aaaaaa;
0.388;0.711,0.878,0.315,0.752,0.449,0.754,0.75,0.395,0.767,0.571;aaaaaa;
0.199;0.0183,0.109,0.0196,0.502,0.922,0.0124,0.221,0.151,0.466,0.666;aaaaaaaaa;
0.178;0.322,0.373,0.714,0.0294,0.476,0.673,0.212,0.374,0.569,0.672;aaaaaaaaa;
0.951;0.882,0.649,0.61,0.0453,0.509,0.664,0.163,0.0165,0.941,0.589;aaaaaaaaaa;
0.0617;0.208,0.464,0.281,0.614,0.111,0.989,0.601,0.442,0.0334,0.563;aaaaaaaaa;
0.168;0.57,0.743,0.629,0.399,0.921,0.392,0.408,0.871,0.00183,0.224;aaaaaa;
0.174;0.26,0.719,0.808,0.833,0.986,0.043,0.136,0.657,0.313,0.523;aaaaaaaa;
0.0178;0.411,0.604,0.794,0.583,0.56,0.907,0.727,0.713,0.252,0.0815;aaaaaaaa;
0.206;0.247,0.48,0.783,0.957,0.23,0.221,0.686,0.744,0.457,0.56;aaaaaaa;
0.0808;0.411,0.0336,0.594,0.977,0.0654,0.995,0.819,0.705,0.999,0.568;aaaaaaa;
0.926;0.959,0.576,0.333,0.66,0.0495,0.34,0.606,0.0116,0.108,0.109;aaa;
0.64;0.809,0.192,0.633,0.0938,0.441,0.224,0.596,0.701,0.727,0.28;aaaaaa;
0.75;0.457,0.31,0.416,0.5,0.66,0.824,0.553,0.54,0.531,0.132;aaaaaaaaa;
0.301;0.914,0.427,0.0416,0.629,0.848,0.584,0.876,0.254,0.0549,0.547;aaaa;
0.772;0.0318,0.516,0.519,0.373,0.795,0.631,0.128,0.233,0.426,0.223;aaaaaaaa;
0.236;0.184,0.314,0.717,0.269,0.414,0.0299,0.154,0.507,0.236,0.533;aaaa;
0.228;0.788,0.329,0.644,0.832,0.981,0.524,0.736,0.519,0.277,0.157;aaaaaaa;
0.362;0.925,0.65,0.412,0.249,0.0188,0.932,0.621,0.698,0.145,0.704;aaaa;
0.989;0.532,0.389,0.591,0.833,0.408,0.405,0.037,0.622,0.475,0.678;aaaaaaaaaa;
0.812;0.658,0.891,0.321,0.2,0.341,0.123,0.303,0.929,0.789,0.117;aa;
0.147;0.296,0.645,0.856,0.428,0.595,0.594,0.65,0.607,0.311,0.642;aaaaaaaaa;
0.0505;0.34,0.223,0.0817,0.238,0.895,0.862,0.354,0.434,0.968,0.771;aaaaaaa;
0.641;0.875,0.512,0.234,0.0694,0.155,0.423,0.774,0.504,0.925,0.589;aaaaaaaaaa;
0.187;0.98,0.367,0.0924,0.481,0.0581,0.304,0.811,0.496,0.236,0.931;aaaaa;
0.415;0.444,0.165,0.219,0.117,0.624,0.844,0.577,0.673,0.0972,0.104;aaaaaaaaa;
0.469;0.914,0.904,0.0465,0.399,0.806,0.00188,0.244,0.63,0.98,3.06e-06;a;
0.452;0.819,0.917,0.485,0.402,0.807,0.34,0.526,0.0657,0.993,0.565;aaa;
0.912;0.0299,0.178,0.559,0.78,0.31,0.0889,0.663,0.176,0.446,0.91;aaaa;
0.085;0.0593,0.487,0.541,0.23,0.835,0.0342,0.775,0.966,0.953,0.35;aaaaaaa;
0.917;0.669,0.369,0.887,0.00542,0.114,0.196,0.672,0.439,0.211,0.612;aaaaaaaaa;
0.646;0.0926,0.567,0.173,0.0219,0.459,0.71,0.0805,0.385,0.692,0.325;a;
0.75;0.765,0.359,0.395,0.657,0.872,0.523,0.773,0.198,0.618,0.332;aaaaaaaaa;
0.368;0.894,0.21,0.441,0.435,0.289,0.692,0.0241,0.106,0.215,0.701;aaa;
0.505;0.584,0.532,0.747,0.278,0.389,0.679,0.914,0.218,0.783,0.00207;aaaaa;
0.11;0.639,0.239,0.244,0.532,0.854,0.379,0.726,0.617,0.0862,0.51;aaaaaaaaa;
0.655;0.296,0.561,0.775,0.00345,0.88,0.997,0.805,0.191,0.394,0.616;aaaaaaa;
0.465;0.589,0.16,0.533,0.577,0.582,0.145,0.576,0.273,0.44,0.609;aaaaaaa;
0.73;0.476,0.311,0.00123,0.0178,0.781,0.745,0.745,0.19,0.75,0.551;aaaaaaaaaa;
0.101;0.627,0.886,0.0104,0.35,0.243,0.684,0.896,0.985,0.183,0.932;aaaa;
0.955;0.545,0.361,0.254,0.533,0.238,0.192,0.129,0.273,0.584,0.54;aaaaaaaa;
0.265;0.487,0.804,0.189,0.836,0.36,0.444,0.68,0.451,0.0733,0.551;aaaaaaa;
0.861;0.416,0.412,0.742,0.109,0.23,0.482,0.638,0.241,0.801,0.983;a;
0.98;0.776,0.305,0.712,0.634,0.134,0.821,0.842,0.00654,0.263,0.837;aaaa;
0.216;0.702,0.115,0.0813,0.276,0.186,0.446,0.727,0.493,0.632,0.873;aaa;
0.489;0.538,0.645,0.861,0.534,0.75,0.406,0.618,0.824,0.759,0.504;aaaaaaaaaa;
0.59;0.742,0.436,0.847,0.806,0.825,0.416,0.148,0.148,0.0613,0.462;aaaaa;
0.265;0.0914,0.805,0.982,0.687,0.00333,0.501,0.192,0.926,0.207,0.69;aaa;
0.00888;0.308,0.379,0.904,0.498,0.681,0.589,0.35,0.225,0.528,0.74;aaaaa;
0.413;0.504,0.418,0.295,0.768,0.783,0.879,0.697,0.864,0.469,0.917;aaaaaaaa;
0.8;0.696,0.462,0.153,0.933,0.426,0.978,0.66,0.599,0.048,0.0848;aaaa;
0.135;0.199,0.413,0.75,0.847,0.499,0.419,0.23,0.224,0.336,0.414;aaaaaaaa;
0.75;0.212,0.227,0.465,0.843,0.0858,0.902,0.621,0.426,0.374,0.907;aaaaaaa;
0.0279;0.394,0.837,0.906,0.212,0.362,0.519,0.464,0.986,0.482,0.685;aa;
0.293;0.0617,0.379,0.677,0.568,0.693,0.218,0.771,0.634,0.78,0.214;aaaaaa;
0.0537;0.473,0.91,0.86,0.938,0.698,0.328,0.0205,0.561,0.701,0.918;aaaaaaaaaa;
0.449;0.786,0.308,0.772,0.235,0.373,0.421,0.405,0.285,0.462,0.276;aaaaaaaaa;
0.107;0.445,0.14,0.198,0.0736,0.844,0.166,0.991,0.981,0.917,0.979;a;
0.321;0.395,0.351,0.612,0.114,0.247,0.869,0.154,0.894,0.927,0.351;aaaa;
0.751;0.555,0.449,0.294,0.49,0.433,0.26,0.17,0.849,0.851,0.342;aaaaaa;
0.678;0.94,0.565,0.0222,0.649,0.0946,0.976,0.248,0.515,0.0418,0.692;aaaaaaaaaa;
0.592;0.485,0.685,0.214,0.325,0.167,0.8,0.933,0.56,0.576,0.171;aaaaaaaa;
0.597;0.716,0.675,0.585,0.952,0.113,0.837,0.187,0.333,0.448,0.453;aaaa;
0.685;0.0746,0.364,0.859,0.765,0.885,0.193,0.251,0.791,0.728,0.0819;aa;
0.857;0.257,0.337,0.0591,0.447,0.89,0.13,0.814,0.48,0.142,0.582;aaaaa;
0.185;0.274,0.298,0.224,0.055,0.443,0.817,0.135,0.959,0.137,0.683;aaa;
0.166;0.63,0.76,0.778,0.244,0.314,0.384,0.512,0.624,0.643,0.717;aa;
0.325;0.733,0.645,0.582,0.31,0.408,0.159,0.102,0.16,0.806,0.0146;aaaaaaaaaa;
0.434;0.677,0.651,0.582,0.63,0.466,0.733,0.773,0.474,0.142,0.911;aaaaaaaa;
0.745;0.692,0.411,0.898,0.628,0.266,0.0215,0.643,0.685,0.87,0.707;a;
0.469;0.216,0.365,0.669,0.406,0.896,0.273,0.889,0.404,0.251,0.947;aaaaaaa;
0.941;0.86,0.515,0.547,0.631,0.335,0.242,0.465,0.0856,0.833,0.988;aa;
0.994;0.698,0.671,0.346,0.121,0.826,0.23,0.00229,0.00747,0.669,0.306;aaaaaaaaa;
0.219;0.432,0.325,0.432,0.159,0.628,0.0503,0.0841,0.543,0.122,0.101;aaaaaaaaaa;
1;0.992,0.391,0.341,0.0929,0.207,0.984,0.775,0.502,0.446,0.495;a;
0.367;0.6,0.844,0.286,0.499,0.414,0.658,0.757,0.311,0.963,0.604;aaa;
0.441;0.763,0.216,0.0532,0.758,0.78,0.0179,0.26,0.496,0.301,0.106;aaaaaaaa;
0.0499;0.448,0.138,0.763,0.521,0.36,0.638,0.0976,0.282,0.996,0.373;aaaaaaaaa;
0.211;0.664,0.592,0.371,0.207,0.686,0.275,0.615,0.836,0.784,0.924;aaaaaaaaa;
0.927;0.0717,0.881,0.255,0.673,0.902,0.782,0.0249,0.786,0.118,0.251;aaaaaaa;
0.465;0.826,0.657,0.323,0.966,0.455,0.359,0.448,0.765,0.44,0.368;aaaaa;
0.383;0.81,0.396,0.632,0.737,0.42,0.0754,0.527,0.0102,0.403,0.0385;aaaaaaaaa;
0.33;0.0254,0.901,0.556,0.667,0.391,0.691,0.543,0.00384,0.898,0.125;aaaaaaaaa;
0.595;0.793,0.365,0.435,0.85,0.0601,0.0142,0.85,0.535,0.109,0.611;aaaaa;
0.747;0.81,0.855,0.912,0.626,0.791,0.213,0.826,0.869,0.666,0.361;a;
0.495;0.249,0.807,0.532,0.769,0.342,0.111,0.0784,0.33,0.86,0.907;aaaaa;
0.94;0.0346,0.924,0.535,0.905,0.398,0.0276,0.223,0.0796,0.148,0.845;aaaa;
0.0352;0.0789,0.194,0.576,0.796,0.84,0.791,0.754,0.369,0.469,0.743;aaaaaaaaaa;
0.849;0.0771,0.541,0.428,0.207,0.00269,0.733,0.524,0.825,0.968,0.839;aaaaa;
0.244;0.351,0.165,0.384,0.805,0.988,0.646,0.165,0.894,0.408,0.411;aaaaaa;
0.606;0.112,0.109,0.241,0.824,0.671,0.341,0.44,0.336,0.444,0.769;aaaaa;
0.964;0.094,0.286,0.00613,0.596,0.379,0.196,0.525,0.705,0.989,0.793;aaaaaaaaa;
0.283;0.573,0.31,0.469,0.462,0.125,0.809,0.836,0.369,0.914,0.344;aaaaaaaaaa;
0.046;0.862,0.311,0.0368,0.211,0.187,0.797,0.303,0.56,0.14,0.457;aaaaaaa;
0.804;0.172,0.278,0.496,0.421,0.288,0.895,0.619,0.272,0.148,0.889;aa;
0.28;0.642,0.771,0.696,0.281,0.2,0.349,0.298,0.121,0.0341,0.183;a;
0.0329;0.624,0.486,0.721,0.281,0.307,0.363,0.727,0.181,0.751,0.695;aa;
0.155;0.317,0.892,0.558,0.747,0.0145,0.564,0.806,0.183,0.487,0.71;aaaaaaa;
0.17;0.393,0.558,0.186,0.77,0.686,0.0693,0.211,0.197,0.122,0.487;aaaaaaa;
0.176;0.0253,0.988,0.644,0.793,0.307,0.134,0.483,0.664,0.334,0.749;aaaa;
0.181;0.536,0.996,0.174,0.225,0.751,0.123,0.34,0.176,0.0806,0.0192;a;
0.504;0.259,0.67,0.563,0.299,0.595,0.818,0.428,0.19,0.895,0.537;aaaaaaaaaa;
0.823;0.23,0.641,0.687,0.504,0.861,0.215,0.0679,0.269,0.863,0.605;aaaaaaaaaa;
0.594;0.238,0.564,0.805,0.498,0.983,0.879,0.975,0.17,0.573,0.744;aaaa;
0.0929;0.232,0.954,0.868,0.314,0.627,0.376,0.211,0.685,0.035,0.299;aaaaaaaaaa;
0.000966;0.74,0.57,0.299,0.554,0.159,0.932,0.442,0.0445,0.264,0.595;aaa;
0.551;0.956,0.0178,0.58,0.645,0.855,0.447,0.911,0.165,0.134,0.172;a;
0.664;0.767,0.601,0.0529,0.346,0.894,0.305,0.459,0.371,0.717,0.9;aaaaaa;
0.827;0.749,0.907,0.07,0.268,0.75,0.942,0.98,0.741,0.614,0.98;aa;
0.371;0.145,0.143,0.444,0.322,0.975,0.765,0.829,0.932,0.858,0.777;aaaa;
0.0956;0.427,0.0239,0.807,0.103,0.5,0.61,0.212,0.0682,0.322,0.795;aaaaaaaaaa;
0.132;0.91,0.716,0.231,0.135,0.0141,0.289,0.989,0.573,0.386,0.503;aaaaaa;
0.686;0.709,0.93,0.428,0.616,0.533,0.853,0.587,0.121,0.0158,0.379;aa;
0.912;0.31,0.325,0.45,0.21,0.966,0.84,0.863,0.319,0.886,0.411;aaaaa;
0.442;0.723,0.616,0.874,0.924,0.649,0.179,0.682,0.951,0.86,0.912;aaa;
0.272;0.615,0.14,0.769,0.0468,0.333,0.299,0.731,0.464,0.158,0.589;aaaa;
0.944;0.716,0.621,0.948,0.66,0.131,0.891,0.96,0.227,0.22,0.203;a;
0.704;0.786,0.975,0.149,0.254,0.342,0.943,0.658,0.976,0.403,0.937;aaaaaaa;
0.346;0.711,0.923,0.678,0.595,0.841,0.569,0.41,0.206,0.204,0.535;aa;
0.876;0.0608,0.873,0.548,0.0966,0.863,0.555,0.247,0.886,0.56,0.813;aaaaaaaa;
0.788;0.538,0.798,0.272,0.997,0.735,0.71,0.439,0.819,0.96,0.113;aaaa;
0.421;0.3,0.021,0.148,0.438,0.271,0.273,0.746,0.34,0.118,0.599;aaaaaaaaa;
0.704;0.786,0.975,0.149,0.254,0.342,0.943,0.658,0.976,0.403,0.937;aaaa;
0.346;0.711,0.923,0.678,0.595,0.841,0.569,0.41,0.206,0.204,0.535;aaaaaaaaa;
0.876;0.0608,0.873,0.548,0.0966,0.863,0.555,0.247,0.886,0.56,0.813;aaa;
0.788;0.538,0.798,0.272,0.997,0.735,0.71,0.439,0.819,0.96,0.113;aaaa;
0.421;0.3,0.021,0.148,0.438,0.271,0.273,0.746,0.34,0.118,0.599;aaaaaaa;
0.704;0.786,0.975,0.149,0.254,0.342,0.943,0.658,0.976,0.403,0.937;aaaaaaa;
0.346;0.711,0.923,0.678,0.595,0.841,0.569,0.41,0.206,0.204,0.535;aaaaaaa;
0.876;0.0608,0.873,0.548,0.0966,0.863,0.555,0.247,0.886,0.56,0.813;aaaaaaa;
0.788;0.538,0.798,0.272,0.997,0.735,0.71,0.439,0.819,0.96,0.113;aaaaaa;
0.421;0.3,0.021,0.148,0.438,0.271,0.273,0.746,0.34,0.118,0.599;aaaaaaa;
0.704;0.786,0.975,0.149,0.254,0.342,0.943,0.658,0.976,0.403,0.937;aaa;
0.346;0.711,0.923,0.678,0.595,0.841,0.569,0.41,0.206,0.204,0.535;aa;
0.876;0.0608,0.873,0.548,0.0966,0.863,0.555,0.247,0.886,0.56,0.813;a;
0.788;0.538,0.798,0.272,0.997,0.735,0.71,0.439,0.819,0.96,0.113;aaaaaaaaa;
0.421;0.3,0.021,0.148,0.438,0.271,0.273,0.746,0.34,0.118,0.599;aa;
0.704;0.786,0.975,0.149,0.254,0.342,0.943,0.658,0.976,0.403,0.937;aaa;
0.346;0.711,0.923,0.678,0.595,0.841,0.569,0.41,0.206,0.204,0.535;aaaa;
0.876;0.0608,0.873,0.548,0.0966,0.863,0.555,0.247,0.886,0.56,0.813;aaaaaaaaa;
0.788;0.538,0.798,0.272,0.997,0.735,0.71,0.439,0.819,0.96,0.113;aaaa;
0.421;0.3,0.021,0.148,0.438,0.271,0.273,0.746,0.34,0.118,0.599;aaaaa;
