0	0
1	1
2	2
3	3
4	4
5	5
6	6
7	7
8	8
9	9
10	0
11	4,7
12	5
13	5
14	3
15	0
16	1
17	0
18	0
19	1
20	0
21	1
22	0
23	4
24	1
25	1
26	1
27	2
28	0
29	2
30	1
31	0,3
32	0
33	0
34	6
35	5
36	0
37	3
38	5
39	0
40	0,8,9
41	1
42	2
43	5,9
44	4,6
45	1
46	1
47	2
48	1
49	1
50	0
51	3
52	7
53	8
54	0,4
55	1
56	1,6
57	1
58	5,7
59	1
60	4
61	0,1
62	1
63	4
64	4,5,9
65	3
66	2
67	1,7
68	7
69	5
70	6
71	2
72	0
73	4
74	7,8
75	0,4
76	1
77	0
78	7
79	0
80	5,7
81	2
82	6
83	0
84	2
85	2
86	1,7
87	7
88	4,7
89	3,6
90	1,3
91	0,1
92	4
93	4
94	0
95	2
96	0,2
97	7
98	1
99	1
100	3
101	3
102	4
103	1
104	4,9
105	2
106	0,4
107	1,6
108	5
109	3
110	0
111	1
112	0
113	1
114	0,1,2
115	1
116	8
117	1,4
118	0,3,7
119	0
120	5,8
121	2,4
122	0
123	0,3
124	0
125	0
126	6
127	4,7
128	5
129	3
130	3
131	0,4,6
132	1,7
133	1,9
134	4
135	0
136	2,9
137	2,5,6,8
138	0
139	0
140	0
141	2,5
142	0
143	1
144	3
145	2
146	2
147	2
148	1,7,8
149	0
150	0
151	5,7
152	2
153	1
154	4
155	1,2,8
156	2
157	0,1,4
158	0
159	5
160	2
161	0
162	0
163	0,4
164	2,7
165	1,3
166	5,7
167	1
168	4,7,8
169	1
170	0,1
171	1,9
172	0,3
173	5
174	1
175	0
176	4,6
177	1,3
178	0,7,9
179	0
180	0
181	5
182	3
183	0,6,7
184	5
185	6,9
186	2,3
187	2
188	0
189	0,1
190	0,3
191	4
192	0,4
193	1,9
194	8
195	1
196	0
197	0,9
198	1,7
199	1,2
200	1
201	3
202	0,1,6
203	4,7
204	1
205	1
206	2
207	1,3,8
208	0
209	0,5
210	4
211	3
212	0,4
213	5,7,8,9
214	2
215	3
216	7
217	0,5
218	2
219	0
220	3
221	1
222	1,2,4
223	1,7
224	2
225	8
226	0,3,9
227	2
228	9
229	2,9
230	3
231	1
232	0
233	4
234	5,7
235	1,2
236	2
237	1,3
238	0,3
239	1
240	3
241	0,5
242	0,5
243	2
244	0
245	0
246	0
247	3,8,9
248	4
249	1,3
250	5
251	2,4
252	0,2
253	5
254	0,3
255	7
256	0
257	8
258	0
259	0,4
260	0,1
261	0,2
262	2
263	2
264	1
265	0
266	2,7
267	5
268	1,2,7,9
269	5
270	5
271	0
272	5
273	4,5
274	1
275	1,7
276	5
277	1,9
278	0
279	2,3
280	0
281	1,4
282	1
283	1
284	3
285	1,5
286	0
287	7
288	0
289	5,6
290	3
291	3
292	1
293	1
294	1,2
295	1
296	4
297	3
298	2
299	1,9
300	6
301	0
302	0
303	8
304	0,5
305	1
306	0
307	0,1,3,4
308	0
309	3,6,7,8
310	2
311	3
312	5
313	4
314	4
315	0
316	1
317	2
318	8
319	2
320	0
321	1,2
322	0
323	1,8
324	0,2
325	0
326	0,2
327	3
328	0,1,6
329	2
330	0
331	2,7
332	0
333	2
334	0
335	3
336	0
337	0,4,5,6
338	1,3,7
339	1,5
340	0,3,4
341	1,8
342	5,9
343	1
344	1,6
345	0,1,9
346	1
347	0
348	0,8
349	2
350	1,5
351	0
352	0,9
353	0,1,2,6
354	3
355	3
356	1,9
357	0,3,5
358	3
359	2,4
360	3
361	0
362	4,5,7
363	0
364	6,8
365	2,3,4
366	1,2
367	0
368	0
369	0
370	5
371	5,7
372	7
373	1,4
374	4
375	0,4
376	3
377	3
378	0
379	4
380	1
381	3
382	0
383	0,6
384	2,5
385	9
386	0,1,2
387	2,4,7
388	7
389	2
390	0,7
391	0,2,7
392	5
393	3,6
394	0
395	7
396	0
397	0,2,7
398	3,4
399	2
400	3,6
401	1
402	0,1,6,7
403	2,4
404	7
405	1
406	2,5
407	0,4
408	3
409	2,3
410	3
411	6
412	1
413	0,1,4,8
414	4
415	9
416	1
417	7
418	9
419	2
420	0,8
421	0
422	4
423	0
424	4
425	6
426	0
427	4
428	0,1
429	3
430	3
431	5
432	3
433	0,7,9
434	0
435	9
436	0,3
437	0
438	0
439	5
440	4,7
441	5,7,8
442	6
443	0
444	3
445	0
446	1
447	1,7
448	6
449	0,1
450	0
451	1
452	1
453	0,6
454	3
455	5
456	0
457	4
458	2
459	0
460	5
461	2
462	2,3
463	0
464	1
465	1
466	4
467	2
468	0
469	0
470	0
471	4
472	3
473	4
474	2
475	1
476	1
477	3
478	8
479	1
480	1,5
481	1
482	0
483	0
484	1,4,7
485	4
486	2
487	0,5
488	4
489	1
490	1
491	0,8
492	2,4,8,9
493	6
494	0
495	1
496	0
497	4
498	1
499	0
500	9
501	8,9
502	0,2,3
503	0,8
504	2
505	0
506	0,3
507	3
508	0
509	0,1,5
510	0,5
511	0,2,9
512	6
513	1,4
514	0,8
515	1,5,6
516	0
517	3,6
518	3
519	3,7,9
520	2,7
521	1,6
522	1
523	1
524	3,5
525	1
526	3
527	0
528	2,8
529	1,4
530	0,3,6
531	0
532	1
533	4
534	8
535	0,1
536	4
537	2,4
538	1
539	0
540	6
541	4
542	1
543	4
544	0
545	1
546	2
547	3
548	1,6
549	0
550	0
551	4
552	3
553	1
554	3
555	1
556	3,4,7
557	4
558	1,8
559	1
560	1
561	7
562	0
563	8
564	0,1
565	6,7,9
566	1
567	3
568	1
569	1,2,8
570	1,4
571	0
572	3
573	1
574	2,6
575	0,7
576	2,4
577	8
578	1
579	1
580	3
581	4,9
582	0,1,7
583	1
584	6
585	0
586	4
587	2,3
588	0
589	1
590	0,8
591	4
592	0
593	0
594	1
595	1
596	1
597	5
598	3
599	0,5
600	0
601	3
602	0
603	5
604	0
605	4,9
606	2
607	3
608	0
609	7
610	0,2
611	8
612	1
613	0,9
614	1
615	1
616	2
617	0
618	0
619	2
620	1
621	0
622	1
623	4
624	3
625	5
626	2
627	0
628	0
629	0
630	1
631	1,3
632	3,4
633	0
634	3
635	6
636	1,2
637	4
638	1,5
639	6
640	6
641	7
642	0
643	3
644	1
645	1,6,8
646	1,2,5
647	1
648	2
649	0
650	1
651	1
652	0,1
653	6
654	0,6
655	1,7
656	1,2
657	2,4
658	1,4
659	4,9
660	0
661	3
662	5
663	4
664	4
665	3,9
666	0
667	2
668	9
669	3,8
670	0,1
671	0
672	2,5
673	0,1,6,9
674	2,7
675	2
676	2
677	6
678	3
679	0
680	4,7
681	1
682	1,4
683	2
684	1,2,8
685	2,3,9
686	1,3
687	6
688	3
689	2
690	3,8
691	0
692	5
693	1
694	0
695	1
696	1
697	3
698	0
699	0
700	2
701	0
702	1
703	1
704	3
705	0
706	2
707	0
708	0
709	3
710	8
711	1
712	4
713	4
714	1
715	1,9
716	2,3
717	2
718	2
719	6
720	1
721	3
722	2,7
723	1
724	2
725	3
726	2
727	0
728	2
729	5,9
730	0,3
731	0
732	0
733	1
734	3
735	3
736	6
737	5
738	0
739	1
740	2
741	0
742	5
743	0
744	6
745	0
746	2
747	3,7
748	1
749	3
750	0
751	6
752	1
753	1
754	3
755	2
756	0,3,7
757	1
758	4
759	2
760	0
761	1
762	3
763	3
764	2
765	0
766	1
767	7
768	1,6
769	5
770	2
771	6
772	0,2
773	0
774	1
775	0
776	0
777	9
778	3
779	0
780	1
781	2
782	3
783	0
784	0,1,4
785	0
786	1
787	0,1,8
788	0
789	0
790	1
791	3
792	0
793	5
794	1
795	5
796	3,9
797	3
798	0,6
799	4
800	1
801	3
802	2
803	3
804	2
805	1,2
806	7
807	5,7
808	6,8
809	1
810	2
811	2
812	3
813	5
814	0
815	4
816	2
817	1,6
818	0
819	1
820	3
821	1
822	2,9
823	5
824	0,3
825	0
826	2
827	2,5,7
828	0
829	0
830	1
831	3
832	0
833	3
834	2
835	2
836	0
837	2
838	4
839	5,9
840	0
841	1,2
842	1
843	2
844	2,9
845	0
846	2
847	4
848	2
849	4
850	3
851	0
852	0
853	1
854	0
855	3
856	1,5
857	0
858	4
859	0
860	2
861	1
862	2
863	0
864	5
865	2
866	4,7
867	0
868	0,6
869	2
870	0
871	6
872	1
873	2,7
874	4,5
875	2
876	3
877	2
878	2
879	1
880	3
881	7
882	5
883	3
884	7
885	0
886	0
887	2
888	4
889	1
890	0
891	6,7
892	1
893	0,7,8
894	8
895	2
896	0
897	2
898	0,7
899	1,2
900	2,8
901	1,3,5
902	0,2
903	3
904	4
905	2
906	5
907	2
908	6
909	2
910	1,9
911	0
912	0
913	8
914	5
915	8
916	3
917	4,7
918	1,6
919	2
920	7
921	3,8
922	3
923	0
924	3,9
925	1
926	0
927	2
928	5
929	1,4
930	3
931	0,5
932	2
933	1
934	6
935	2
936	2
937	2,4
938	0,1
939	7
940	0
941	1
942	3
943	4,7
944	1,7
945	0
946	1
947	2
948	7
949	0
950	1
951	2
952	2,8
953	3
954	2,8
955	0
956	5
957	1,4
958	0
959	6
960	1
961	1,6
962	6
963	0
964	0,1
965	1
966	1
967	3
968	5
969	2
970	4
971	3,4,5
972	6
973	0,1
974	0,1
975	0
976	1
977	1
978	0,2
979	0,2,6
980	3
981	8
982	8
983	0
984	0,8
985	1
986	0
987	0
988	2
989	0
990	4
991	5
992	1
993	9
994	0
995	0
996	0
997	0,1,9
998	7
999	1
1000	0
1001	4
1002	1
1003	0
1004	7,8
1005	2
1006	0
1007	4
1008	2
1009	1
1010	4
1011	0
1012	0
1013	2,9
1014	1
1015	2
1016	5
1017	2
1018	1
1019	4
1020	7
1021	1
1022	1
1023	1
1024	2
1025	1
1026	0
1027	8
1028	0,6,8
1029	8
1030	1,7
1031	0
1032	5
1033	7
1034	5
1035	3
1036	1
1037	0
1038	0
1039	5
1040	0
1041	9
1042	2
1043	2
1044	1
1045	0
1046	0
1047	0
1048	4
1049	0
1050	0
1051	2,3
1052	4
1053	4
1054	1
1055	1
1056	0
1057	0
1058	1
1059	1
1060	2
1061	0,2
1062	2,7
1063	1
1064	2,4
1065	1
1066	0
1067	6
1068	0
1069	4
1070	0,3
1071	2
1072	2
1073	4
1074	0
1075	1
1076	5
1077	4
1078	2,7
1079	6
1080	2,3
1081	0
1082	6,7
1083	3,9
1084	1,4,7
1085	4
1086	5
1087	3
1088	3
1089	8
1090	5
1091	4
1092	1
1093	4
1094	2
1095	1
1096	4
1097	5
1098	3
1099	0
1100	0
1101	1
1102	2
1103	0
1104	2
1105	9
1106	2
1107	2,3
1108	5
1109	0
1110	0
1111	0
1112	3
1113	0
1114	2
1115	2
1116	0
1117	0
1118	0
1119	1
1120	1
1121	0
1122	1
1123	0
1124	5
1125	1
1126	1
1127	2
1128	1
1129	7
1130	1
1131	3
1132	1,6
1133	1,2
1134	4
1135	1
1136	0
1137	1,2
1138	1
1139	0
1140	2
1141	2
1142	1
1143	0
1144	3
1145	3
1146	0
1147	3,7
1148	3
1149	4
1150	2
1151	1,7
1152	5
1153	2
1154	1
1155	1
1156	7
1157	2
1158	4
1159	4
1160	4,6
1161	0
1162	0
1163	2
1164	4
1165	1
1166	4,6,8,9
1167	4
1168	1
1169	4
1170	3
1171	1,2,3
1172	0
1173	1
1174	1
1175	5
1176	3
1177	0
1178	0
1179	0
1180	3
1181	0
1182	1
1183	5
1184	2
1185	5
1186	0
1187	1
1188	3
1189	1
1190	0
1191	0
1192	1
1193	4
1194	1
1195	1
1196	4
1197	1
1198	0,5
1199	0
1200	4
1201	5
1202	0,6,7
1203	2,3
1204	0
1205	7
1206	0
1207	5
1208	1
1209	2
1210	1
1211	3
1212	0
1213	0
1214	4
1215	5
1216	2
1217	2
1218	4,6,7
1219	1,4,6,8
1220	0,9
1221	3
1222	0
1223	0
1224	5
1225	3
1226	1
1227	0
1228	0
1229	0
1230	5
1231	2
1232	1
1233	2
1234	5
1235	2,3
1236	4
1237	0
1238	0
1239	0,5,8
1240	3
1241	1,5
1242	1
1243	2
1244	2
1245	0
1246	3,5
1247	2
1248	3
1249	0
1250	0
1251	4,9
1252	7
1253	5
1254	0,4
1255	0
1256	1
1257	0,1
1258	3,8
1259	0,1,4
1260	3
1261	0,2
1262	8
1263	0
1264	1
1265	2
1266	0
1267	0,4
1268	0
1269	1
1270	1
1271	0
1272	4
1273	1
1274	0,2
1275	4
1276	1
1277	0
1278	1
1279	1
1280	1,9
1281	3
1282	3
1283	2
1284	0,4,9
1285	3
1286	1
1287	4,6
1288	1,9
1289	0
1290	0
1291	4
1292	6
1293	1
1294	3
1295	1
1296	1
1297	4
1298	4
1299	2
1300	6,8,9
1301	4,7
1302	0
1303	0
1304	2
1305	4
1306	0
1307	2
1308	0
1309	3
1310	1
1311	9
1312	5
1313	0
1314	0
1315	4
1316	0
1317	3
1318	0
1319	5
1320	0
1321	8
1322	2
1323	1
1324	1
1325	1
1326	0
1327	0
1328	5
1329	4
1330	4
1331	3
1332	2
1333	0
1334	1
1335	0
1336	0
1337	0
1338	1
1339	1
1340	0,5
1341	2
1342	0,1
1343	3
1344	4
1345	0
1346	0
1347	3
1348	0
1349	5
1350	2,7
1351	1
1352	0
1353	0
1354	1
1355	1
1356	2
1357	0
1358	1
1359	3
1360	0
1361	2
1362	2
1363	1
1364	1
1365	0
1366	2
1367	2
1368	0
1369	1
1370	7
1371	0,2
1372	0
1373	1
1374	1
1375	6
1376	0
1377	2
1378	1
1379	0
1380	2
1381	1
1382	2
1383	0
1384	3
1385	1
1386	1
1387	0
1388	0
1389	3,9
1390	5
1391	0
1392	1
1393	2
1394	5,7
1395	4
1396	5
1397	0
1398	3
1399	1
1400	8
1401	0
1402	0
1403	5
1404	0
1405	3
1406	0
1407	7
1408	0
1409	0
1410	0
1411	1
1412	0
1413	3
1414	2
1415	4
1416	2
1417	1
1418	0,1
1419	1
1420	2
1421	1
1422	3
1423	0
1424	1
1425	0
1426	0
1427	1
1428	1
1429	9
1430	1
1431	4
1432	3,4
1433	0,5
1434	1
1435	4
1436	5
1437	1
1438	4,6,9
1439	4
1440	6
1441	7
1442	0
1443	1,2
1444	2
1445	3
1446	2
1447	6
1448	3
1449	4
1450	3
1451	5
1452	0
1453	0
1454	7,9
1455	4
1456	7
1457	3
1458	3
1459	4
1460	4,6
1461	3
1462	1
1463	3
1464	0
1465	2
1466	1
1467	0
1468	3
1469	1
1470	1
1471	1
1472	4,7
1473	1
1474	0
1475	9
1476	1
1477	1,3
1478	2
1479	5
1480	1
1481	5
1482	0
1483	0
1484	3
1485	4
1486	2
1487	1
1488	0
1489	2,3
1490	0
1491	4,7
1492	1
1493	5,8
1494	9
1495	1
1496	3
1497	0
1498	0
1499	8
1500	3
1501	3,5
1502	0
1503	2
1504	0
1505	3,6
1506	2
1507	6
1508	0
1509	5
1510	2
1511	0
1512	2
1513	3
1514	4,6
1515	0
1516	0
1517	0
1518	7
1519	3
1520	0
1521	1
1522	2
1523	6,9
1524	0
1525	2
1526	7
1527	0
1528	5
1529	1
1530	7
1531	1
1532	1
1533	7
1534	0
1535	2
1536	0
1537	0
1538	1
1539	1
1540	2
1541	1
1542	3
1543	6
1544	4
1545	6,9
1546	2
1547	3
1548	3
1549	3
1550	5
1551	0
1552	0
1553	3
1554	0
1555	0
1556	2
1557	2
1558	1
1559	3
1560	6
1561	2
1562	1
1563	6
1564	3
1565	0
1566	2
1567	8
1568	0,8
1569	0
1570	0
1571	2
1572	6
1573	0,8
1574	0
1575	1,4
1576	5
1577	2
1578	2
1579	0
1580	1
1581	2
1582	2
1583	1
1584	0
1585	4
1586	2
1587	0
1588	0
1589	4
1590	0
1591	0
1592	3
1593	0
1594	1,7
1595	0
1596	0,4
1597	6
1598	1
1599	2,5
1600	0
1601	9
1602	2
1603	0
1604	0
1605	3
1606	0,4
1607	1
1608	1
1609	0,6
1610	4
1611	5,8
1612	0
1613	2
1614	0
1615	0
1616	4
1617	1
1618	4
1619	1
1620	0,7
1621	1
1622	1
1623	1
1624	4
1625	0
1626	0
1627	1
1628	2
1629	8
1630	1
1631	7,9
1632	3
1633	1
1634	1
1635	0
1636	3
1637	4
1638	2
1639	0
1640	8
1641	0
1642	0
1643	1
1644	0
1645	0,2,3
1646	0
1647	0
1648	2,5,8,9
1649	0
1650	6
1651	7,9
1652	0
1653	3
1654	1
1655	0
1656	0
1657	4
1658	1
1659	0
1660	0
1661	6
1662	4
1663	4
1664	6
1665	2
1666	1
1667	1
1668	6
1669	3
1670	3
1671	1
1672	0
1673	1,7
1674	2
1675	7
1676	3
1677	4
1678	3
1679	2
1680	1
1681	3
1682	2
1683	4
1684	1
1685	0
1686	1,2
1687	1
1688	5
1689	1,3,6
1690	2,6
1691	2
1692	5
1693	0
1694	9
1695	5
1696	6
1697	4
1698	4
1699	5
1700	2
1701	3
1702	0
1703	1
1704	2,6
1705	1
1706	2
1707	0
1708	3
1709	7,8
1710	4,6,8
1711	4
1712	0
1713	0
1714	8
1715	3,5
1716	4
1717	2
1718	0
1719	0
1720	3
1721	1
1722	4
1723	0
1724	4
1725	1
1726	0
1727	1
1728	5
1729	0
1730	2
1731	8
1732	5
1733	4
1734	0
1735	1,5
1736	0
1737	0
1738	0
1739	0
1740	1
1741	1
1742	3
1743	3
1744	0
1745	1
1746	5
1747	4
1748	2
1749	0
1750	1
1751	3
1752	0
1753	0
1754	2
1755	4
1756	1
1757	1
1758	0
1759	5
1760	0
1761	0
1762	4
1763	7
1764	4
1765	2
1766	3
1767	0
1768	0
1769	0
1770	0
1771	2
1772	1
1773	3,4,7
1774	8
1775	0
1776	1
1777	1
1778	4
1779	0
1780	2
1781	0
1782	0
1783	0
1784	6
1785	6
1786	2
1787	6
1788	4
1789	0
1790	1
1791	6
1792	0
1793	4
1794	1,2
1795	0
1796	9
1797	1
1798	2
1799	2
1800	3
1801	1
1802	1
1803	1
1804	1
1805	2
1806	3,7
1807	0
1808	3
1809	0
1810	0
1811	3
1812	2
1813	2
1814	2
1815	1
1816	0
1817	0
1818	0
1819	9
1820	0
1821	0
1822	0
1823	0
1824	2
1825	0
1826	3
1827	4
1828	2
1829	3
1830	0
1831	1
1832	0
1833	0
1834	7
1835	0
1836	0
1837	0
1838	3,8
1839	0
1840	2
1841	1
1842	0
1843	0
1844	0
1845	5
1846	1
1847	2,4
1848	5
1849	2,5
1850	3
1851	2,5
1852	0
1853	0
1854	0
1855	0
1856	4
1857	3
1858	3
1859	4
1860	8
1861	9
1862	0
1863	2
1864	1
1865	0
1866	5
1867	0
1868	4
1869	5
1870	8
1871	2
1872	2,4
1873	0,1,7
1874	4
1875	0
1876	0
1877	6,7
1878	2,7
1879	3
1880	1
1881	1
1882	0
1883	0
1884	4
1885	2
1886	9
1887	1
1888	3
1889	1
1890	5
1891	0
1892	0
1893	0
1894	4
1895	4
1896	3
1897	3
1898	5
1899	5
1900	1
1901	7
1902	3
1903	3
1904	2
1905	1
1906	7
1907	7
1908	6
1909	0
1910	1
1911	0
1912	0
1913	1
1914	1
1915	3
1916	1
1917	8
1918	5
1919	0
1920	5
1921	1
1922	1
1923	3
1924	4
1925	1
1926	6
1927	2,6
1928	7,9
1929	1
1930	3
1931	1
1932	7,9
1933	2
1934	4
1935	7
1936	3
1937	1
1938	1
1939	4
1940	2
1941	0
1942	4
1943	0
1944	1
1945	2
1946	0
1947	1
1948	2
1949	0
1950	0
1951	1
1952	5,6
1953	7
1954	0
1955	2
1956	3
1957	0
1958	1
1959	1
1960	0
1961	2
1962	1
1963	4
1964	7
1965	3
1966	3
1967	1
1968	1
1969	0
1970	8
1971	1
1972	5
1973	4,5,7
1974	3
1975	3
1976	4
1977	1
1978	3
1979	0,6
1980	2,3
1981	7
1982	0
1983	0
1984	1
1985	5
1986	2
1987	1
1988	7
1989	4
1990	0
1991	0
1992	6
1993	1
1994	1
1995	1
1996	2
1997	0
1998	0
1999	0
2000	2
2001	0
2002	6
2003	7
2004	2
2005	3
2006	1
2007	4
2008	2
2009	1
2010	0
2011	2
2012	1
2013	1
2014	0
2015	1
2016	2
2017	5,7
2018	6
2019	4
2020	2
2021	0
2022	2
2023	0
2024	6
2025	1
2026	0
2027	0
2028	0
2029	0
2030	2
2031	3
2032	1
2033	1
2034	0
2035	0
2036	1
2037	1
2038	8
2039	4
2040	1
2041	0
2042	0
2043	2,7,9
2044	0
2045	0
2046	0
2047	7
2048	4
2049	1
2050	3
2051	0
2052	2
2053	1
2054	7,9
2055	2
2056	0
2057	5
2058	1
2059	1
2060	1
2061	1
2062	0
2063	0
2064	5
2065	1
2066	1
2067	1
2068	0
2069	2
2070	2,9
2071	6
2072	0
2073	1
2074	4
2075	2
2076	4,6
2077	0
2078	1
2079	6
2080	0
2081	1
2082	7
2083	0
2084	0
2085	2
2086	0
2087	4
2088	9
2089	0
2090	3
2091	3
2092	3
2093	0
2094	6
2095	0
2096	9
2097	0,6
2098	0
2099	0
2100	3
2101	0
2102	5
2103	0
2104	2
2105	1
2106	2
2107	1
2108	1,2,9
2109	3
2110	0
2111	0
2112	3
2113	0
2114	0
2115	2
2116	1
2117	0
2118	1
2119	3
2120	2
2121	5
2122	0
2123	2
2124	7
2125	4
2126	0
2127	0
2128	0
2129	1
2130	1
2131	0
2132	0
2133	1
2134	9
2135	0
2136	0
2137	1
2138	2,8
2139	4
2140	2
2141	0
2142	1
2143	0
2144	1
2145	1
2146	2
2147	0
2148	0
2149	7
2150	2
2151	0
2152	7
2153	1
2154	3
2155	5
2156	4
2157	1
2158	4
2159	0
2160	2
2161	0,3
2162	0
2163	3
2164	2
2165	6
2166	1
2167	2
2168	7
2169	0
2170	4
2171	1
2172	0
2173	1
2174	3
2175	1
2176	3
2177	3
2178	1
2179	3
2180	2
2181	1
2182	4,7
2183	1
2184	3
2185	0
2186	0
2187	5
2188	0
2189	0
2190	0
2191	3
2192	2
2193	1,4
2194	1
2195	0
2196	1
2197	6
2198	2
2199	0
2200	0
2201	4
2202	1
2203	0
2204	1
2205	3
2206	1
2207	0,1
2208	0
2209	0
2210	0
2211	1
2212	2,9
2213	3
2214	2
2215	8
2216	5
2217	8
2218	1,6
2219	0
2220	6
2221	4,7
2222	0,2
2223	3
2224	0
2225	3
2226	1
2227	0
2228	1
2229	0
2230	0
2231	1
2232	0
2233	4
2234	0
2235	2
2236	3,4
2237	2
2238	6
2239	2
2240	1,3
2241	3
2242	1
2243	1
2244	1
2245	8
2246	0
2247	7
2248	1
2249	2
2250	3
2251	2
2252	2,6
2253	1
2254	0
2255	3
2256	1
2257	0
2258	0
2259	2
2260	1
2261	0
2262	2
2263	1
2264	1
2265	3
2266	1
2267	2
2268	1
2269	1
2270	7
2271	3
2272	4
2273	1
2274	0
2275	0
2276	0,5
2277	0
2278	0
2279	0
2280	2
2281	1
2282	1
2283	1
2284	5
2285	2
2286	4
2287	4,6
2288	6
2289	7
2290	1
2291	1
2292	2
2293	2
2294	0
2295	5,6
2296	1
2297	0
2298	0
2299	0
2300	0
2301	0
2302	4
2303	4
2304	0,2
2305	7
2306	2
2307	4
2308	0
2309	0
2310	2,8
2311	5
2312	0
2313	8
2314	1
2315	1
2316	6
2317	0
2318	6
2319	4
2320	2
2321	2
2322	2
2323	1
2324	1
2325	0
2326	2,9
2327	0
2328	3
2329	0
2330	3
2331	0
2332	0
2333	5
2334	7
2335	0
2336	0
2337	6
2338	0
2339	6
2340	2
2341	1
2342	1
2343	0
2344	0
2345	0
2346	0
2347	2
2348	0
2349	0
2350	1
2351	4,5
2352	1
2353	0
2354	3,8
2355	3
2356	2
2357	0
2358	2
2359	0
2360	3,7
2361	2
2362	0
2363	9
2364	1
2365	5,6
2366	1
2367	1
2368	3,6,7
2369	1
2370	1
2371	6
2372	0
2373	0
2374	0
2375	1
2376	9
2377	0
2378	5
2379	0
2380	0
2381	1
2382	0
2383	3
2384	1,6,7,8
2385	6
2386	6
2387	3,8
2388	0
2389	1
2390	3
2391	3
2392	0
2393	1
2394	0
2395	0
2396	8
2397	2
2398	5
2399	3,5
2400	0
2401	2
2402	4
2403	1
2404	0
2405	5
2406	2
2407	2
2408	0
2409	1
2410	0
2411	0
2412	0
2413	6
2414	2
2415	2
2416	9
2417	3
2418	0
2419	2
2420	1
2421	3
2422	0
2423	0
2424	1
2425	2
2426	3
2427	0
2428	6
2429	5
2430	2
2431	0
2432	0
2433	0
2434	1
2435	2
2436	2
2437	1
2438	2
2439	5
2440	0,8
2441	0
2442	0
2443	0
2444	3
2445	1
2446	1
2447	5
2448	0
2449	8
2450	1
2451	0
2452	4
2453	4,8,9
2454	2
2455	0
2456	0
2457	0
2458	1
2459	1
2460	0
2461	3
2462	0
2463	0
2464	2
2465	6
2466	4,9
2467	1
2468	3
2469	0
2470	0
2471	0
2472	0
2473	0
2474	3
2475	1,7
2476	0
2477	2
2478	3
2479	5
2480	0
2481	1,8
2482	0
2483	2
2484	6
2485	2
2486	0
2487	2
2488	3
2489	3
2490	0
2491	2
2492	1,8
2493	6
2494	1
2495	0
2496	6
2497	9
2498	1
2499	1
2500	4
2501	1
2502	1
2503	7
2504	1
2505	7
2506	7
2507	0
2508	0
2509	3,4,7
2510	1
2511	0
2512	1
2513	3
2514	1
2515	2,5
2516	5
2517	4
2518	0
2519	2
2520	3
2521	1
2522	3
2523	1
2524	0
2525	1
2526	2
2527	3
2528	0
2529	3
2530	0
2531	1
2532	0
2533	1
2534	3
2535	0
2536	2
2537	1
2538	1
2539	6
2540	2
2541	1
2542	0
2543	0
2544	0
2545	0
2546	0
2547	1
2548	6
2549	2
2550	2
2551	0
2552	5
2553	5
2554	0
2555	1
2556	0
2557	2
2558	7
2559	2
2560	6
2561	3
2562	6
2563	1
2564	0
2565	5
2566	0
2567	5
2568	0
2569	0
2570	3
2571	0
2572	8
2573	0
2574	1
2575	2
2576	1
2577	2
2578	1
2579	1
2580	0
2581	5
2582	0
2583	4
2584	0
2585	0
2586	3
2587	0
2588	0
2589	0
2590	1
2591	2
2592	2
2593	3
2594	0
2595	0
2596	0
2597	4
2598	2
2599	5
2600	4
2601	0
2602	1
2603	0
2604	3
2605	2
2606	0
2607	2
2608	3
2609	0
2610	0
2611	0
2612	4
2613	0
2614	0
2615	9
2616	0
2617	6
2618	4
2619	1
2620	1
2621	0
2622	3
2623	4
2624	0
2625	4,7
2626	5
2627	0
2628	0
2629	2
2630	0
2631	0,6
2632	1
2633	0
2634	1
2635	2
2636	0
2637	9
2638	3
2639	6
2640	0,5,6
2641	0
2642	0
2643	1
2644	3
2645	0
2646	0
2647	1
2648	0
2649	3
2650	1
2651	3
2652	2
2653	0
2654	2
2655	1
2656	9
2657	4
2658	2
2659	5
2660	3
2661	0
2662	0
2663	2
2664	5
2665	0
2666	0
2667	1
2668	0
2669	3
2670	6
2671	0
2672	0
2673	3,6,7
2674	2
2675	0
2676	1
2677	1
2678	4
2679	0
2680	6
2681	3
2682	1
2683	3
2684	0
2685	1
2686	2
2687	2
2688	2
2689	6
2690	3
2691	0
2692	1
2693	1
2694	0
2695	2
2696	0
2697	0
2698	0
2699	0
2700	4
2701	2
2702	1
2703	5
2704	1
2705	0
2706	2
2707	3
2708	1
2709	0
2710	1
2711	4
2712	6
2713	0
2714	1
2715	4
2716	2
2717	0
2718	3
2719	0
2720	5
2721	0
2722	5,6
2723	0
2724	0
2725	2
2726	3
2727	0
2728	5
2729	1
2730	6
2731	2,5
2732	0
2733	0
2734	2
2735	4
2736	1
2737	2
2738	1
2739	1
2740	1
2741	1
2742	1
2743	7
2744	0
2745	0
2746	2
2747	0
2748	1
2749	3,5
2750	6
2751	1
2752	2
2753	0
2754	1
2755	1
2756	0
2757	0
2758	3
2759	1
2760	2
2761	1
2762	0
2763	4
2764	1
2765	1
2766	3
2767	1
2768	1
2769	0
2770	0
2771	1
2772	1
2773	1
2774	3
2775	1
2776	2
2777	4
2778	1
2779	0
2780	0
2781	0
2782	4
2783	0
2784	0
2785	2
2786	3,8
2787	2
2788	3
2789	1
2790	0
2791	1
2792	3
2793	5
2794	1
2795	9
2796	0
2797	3
2798	0
2799	0
2800	4
2801	0
2802	0
2803	0
2804	0
2805	3,5
2806	1
2807	8,9
2808	6
2809	0
2810	0
2811	0
2812	0
2813	1
2814	2,4
2815	2
2816	1
2817	0
2818	3,6
2819	1
2820	4,8
2821	0
2822	0
2823	1
2824	3
2825	3
2826	1
2827	0
2828	1
2829	0
2830	5
2831	0
2832	1,8
2833	0
2834	1,9
2835	0
2836	2
2837	0
2838	2
2839	0
2840	0
2841	6
2842	0
2843	1
2844	4
2845	1
2846	5
2847	3
2848	2
2849	1,6
2850	1,9
2851	2
2852	0
2853	0
2854	3
2855	2,5,6
2856	8
2857	5,7
2858	5
2859	1
2860	0
2861	2
2862	5,6
2863	1
2864	2
2865	1
2866	0
2867	0
2868	0
2869	1
2870	7
2871	1
2872	1
2873	4
2874	0
2875	0
2876	0
2877	6
2878	1
2879	0
2880	0
2881	0
2882	3
2883	5
2884	1
2885	2
2886	5,8
2887	2
2888	0
2889	5
2890	5
2891	1
2892	5,7
2893	1
2894	1
2895	2,3
2896	0
2897	0
2898	1,6
2899	1
2900	0
2901	6
2902	5
2903	4,9
2904	1
2905	3
2906	0
2907	1
2908	0
2909	2,7
2910	2
2911	3
2912	4
2913	2,8
2914	0
2915	0
2916	1
2917	2
2918	1
2919	2
2920	1
2921	0,9
2922	1
2923	7
2924	7
2925	1
2926	1
2927	6
2928	3
2929	7
2930	0
2931	0
2932	3
2933	1
2934	4
2935	5
2936	1
2937	0
2938	0
2939	0
2940	2
2941	2
2942	0
2943	2
2944	1,8
2945	1
2946	1
2947	0
2948	1
2949	2
2950	1
2951	1
2952	3
2953	1
2954	2
2955	1
2956	6
2957	0
2958	1
2959	2,3,6
2960	2
2961	0
2962	6
2963	3
2964	5,7
2965	0
2966	3
2967	3
2968	2
2969	4
2970	0
2971	3
2972	5
2973	1
2974	0,2
2975	1
2976	1
2977	1
2978	1
2979	1
2980	3
2981	0
2982	0
2983	2
2984	0
2985	1
2986	2,7
2987	1
2988	1
2989	4
2990	0
2991	5
2992	3
2993	1
2994	1
2995	1
2996	0
2997	2
2998	3
2999	0
3000	2
3001	5
3002	3
3003	0
3004	1
3005	0
3006	1
3007	3
3008	4
3009	0
3010	2,4
3011	2
3012	3
3013	2
3014	0
3015	1
3016	3
3017	4
3018	0
3019	0
3020	0
3021	6
3022	2
3023	0
3024	3
3025	0
3026	0
3027	1,5
3028	2
3029	4
3030	0
3031	0
3032	0
3033	1
3034	8
3035	3
3036	0
3037	1
3038	1
3039	8
3040	2
3041	0,3,7
3042	1
3043	0
3044	2
3045	6
3046	3
3047	1
3048	8
3049	0
3050	1
3051	0
3052	0
3053	7,9
3054	4
3055	5
3056	4
3057	2
3058	1
3059	1
3060	2
3061	0
3062	1
3063	2,3
3064	2
3065	6
3066	3
3067	7
3068	3
3069	6
3070	9
3071	2
3072	0
3073	1
3074	0
3075	0
3076	2
3077	2
3078	2
3079	5
3080	7
3081	2
3082	0
3083	1
3084	3
3085	0
3086	2
3087	0
3088	6
3089	2
3090	4
3091	7
3092	6
3093	0
3094	7
3095	3
3096	1
3097	2
3098	0
3099	4,7,8
3100	9
3101	1
3102	0
3103	1
3104	0
3105	4
3106	1
3107	1
3108	3
3109	5
3110	2
3111	0
3112	2
3113	1
3114	1
3115	0
3116	0
3117	1
3118	3
3119	1
3120	5
3121	0
3122	3
3123	3
3124	1
3125	2
3126	2
3127	6,9
3128	2
3129	1
3130	9
3131	1
3132	2
3133	0
3134	1
3135	3
3136	1
3137	2
3138	4
3139	7
3140	8
3141	1
3142	2,5,8
3143	8
3144	6
3145	0
3146	1
3147	0
3148	1
3149	2
3150	1
3151	0
3152	2
3153	1
3154	1
3155	1
3156	2
3157	1
3158	1
3159	1
3160	5
3161	2,5
3162	3
3163	6
3164	6
3165	5
3166	2
3167	0
3168	1
3169	0
3170	3
3171	6
3172	4
3173	2
3174	0
3175	0
3176	1
3177	0
3178	0
3179	0
3180	4
3181	2
3182	3,7
3183	6
3184	0
3185	1,5
3186	0
3187	1
3188	0
3189	2
3190	0
3191	3
3192	0
3193	2
3194	7
3195	0
3196	3
3197	1
3198	5,6
3199	0
3200	0,6
3201	2,5
3202	5
3203	4
3204	1
3205	2
3206	0
3207	2
3208	5
3209	5
3210	4
3211	0
3212	0
3213	0
3214	1
3215	4
3216	0
3217	0
3218	0
3219	1
3220	0
3221	3
3222	4
3223	3
3224	4
3225	1
3226	2
3227	1
3228	0
3229	4
3230	2
3231	0
3232	0
3233	1
3234	0
3235	4
3236	5,8
3237	0
3238	2
3239	2
3240	0
3241	5
3242	2
3243	0
3244	0
3245	0
3246	5
3247	2
3248	0
3249	1
3250	1
3251	4
3252	3
3253	2
3254	2
3255	0
3256	0
3257	1
3258	5
3259	0
3260	2,8
3261	0
3262	1
3263	6
3264	1
3265	1
3266	2
3267	2
3268	1
3269	0
3270	2
3271	3
3272	2,4
3273	1
3274	0
3275	2
3276	1
3277	1
3278	3
3279	0
3280	3
3281	2
3282	0
3283	8
3284	1
3285	1
3286	8
3287	2
3288	0
3289	0
3290	5
3291	1
3292	2
3293	1
3294	0
3295	1
3296	5
3297	1
3298	4
3299	2
3300	1
3301	0
3302	5
3303	0
3304	0
3305	1
3306	3,5
3307	2
3308	1
3309	0
3310	6
3311	0
3312	7
3313	2,4
3314	3
3315	7
3316	1
3317	1
3318	1
3319	1
3320	1
3321	1
3322	4
3323	2
3324	2
3325	1,9
3326	0
3327	0
3328	1
3329	7
3330	6
3331	1
3332	0
3333	3
3334	2
3335	1
3336	0
3337	1
3338	0
3339	1
3340	6
3341	0
3342	2
3343	1
3344	0
3345	3
3346	0
3347	0
3348	2
3349	1
3350	1
3351	0,8
3352	3
3353	3
3354	0
3355	0
3356	4
3357	0
3358	4
3359	0
3360	1
3361	1
3362	1
3363	0
3364	1
3365	0,6
3366	1
3367	0
3368	0
3369	3
3370	2
3371	7
3372	8
3373	0
3374	3
3375	2
3376	1
3377	1
3378	9
3379	5
3380	0
3381	0
3382	8,9
3383	8
3384	4
3385	0
3386	0
3387	0
3388	0
3389	0
3390	0
3391	0
3392	2
3393	1
3394	2
3395	0
3396	7
3397	2
3398	0
3399	3
3400	2
3401	5
3402	5
3403	1,7
3404	2
3405	1
3406	0
3407	3
3408	0
3409	0
3410	7
3411	4
3412	3
3413	0
3414	0
3415	0
3416	4
3417	2
3418	0
3419	1
3420	3
3421	6
3422	1
3423	0
3424	4
3425	3
3426	2,7
3427	0
3428	1
3429	0
3430	4
3431	0
3432	0
3433	6
3434	0
3435	1
3436	3
3437	5
3438	0
3439	0
3440	5
3441	4
3442	0
3443	0
3444	3
3445	2,3
3446	0
3447	2
3448	0
3449	5
3450	1
3451	3
3452	5,9
3453	1
3454	3
3455	5
3456	2
3457	0
3458	0
3459	1
3460	1
3461	2
3462	1
3463	1
3464	2
3465	3
3466	2
3467	7
3468	9
3469	2
3470	2
3471	5
3472	4
3473	2
3474	1
3475	0
3476	3
3477	0
3478	4
3479	5
3480	0
3481	0
3482	3
3483	1
3484	0
3485	4
3486	0
3487	1
3488	1
3489	5
3490	5
3491	0
3492	5
3493	1,4
3494	8
3495	3,9
3496	4
3497	2,5,6
3498	0
3499	2
3500	7
3501	8
3502	5
3503	1
3504	0
3505	0
3506	3
3507	0
3508	3
3509	2
3510	0
3511	3
3512	2
3513	5
3514	7
3515	0
3516	3
3517	2
3518	0
3519	0
3520	2
3521	0
3522	9
3523	0
3524	4
3525	3
3526	0
3527	3,4,8
3528	0
3529	7
3530	4
3531	6
3532	4
3533	2
3534	4
3535	0
3536	1
3537	4,6
3538	0
3539	2
3540	0
3541	0
3542	0
3543	5,9
3544	4
3545	2
3546	0
3547	0
3548	2
3549	2
3550	0
3551	7
3552	1
3553	0
3554	1
3555	4
3556	1
3557	0
3558	0
3559	2
3560	0
3561	3
3562	1
3563	5
3564	2
3565	1
3566	4
3567	1
3568	2
3569	0
3570	1
3571	2
3572	3
3573	4
3574	0
3575	1
3576	0
3577	8
3578	3
3579	1
3580	3
3581	4
3582	2
3583	3
3584	0
3585	4
3586	0
3587	0
3588	2
3589	3
3590	3
3591	4
3592	1,4
3593	3
3594	0
3595	3
3596	0
3597	1
3598	5
3599	3
3600	2
3601	1
3602	0
3603	1
3604	3
3605	3
3606	0,1
3607	0
3608	1
3609	1
3610	3
3611	0
3612	4
3613	0
3614	0
3615	1,7
3616	4
3617	2
3618	7
3619	4
3620	1
3621	4
3622	7
3623	0
3624	7
3625	6
3626	0
3627	6
3628	1
3629	5
3630	0
3631	3
3632	1,2
3633	0
3634	5
3635	3
3636	4
3637	2
3638	2
3639	3
3640	3
3641	1
3642	0
3643	2
3644	7
3645	2
3646	0
3647	0
3648	1
3649	1
3650	3
3651	3
3652	1
3653	2
3654	0
3655	0
3656	1
3657	2
3658	1
3659	2
3660	4
3661	2
3662	3
3663	5
3664	2
3665	5
3666	0
3667	1
3668	1
3669	0
3670	0
3671	1
3672	6
3673	1
3674	4
3675	2
3676	1
3677	9
3678	0
3679	2
3680	1,6
3681	0
3682	6
3683	9
3684	3
3685	0
3686	1
3687	1
3688	0
3689	0
3690	2
3691	0
3692	5
3693	1
3694	1
3695	0
3696	0
3697	5
3698	9
3699	6
3700	1
3701	0
3702	1
3703	4
3704	1
3705	2
3706	1
3707	3
3708	3
3709	9
3710	1
3711	0
3712	0
3713	2
3714	1
3715	0
3716	0
3717	0
3718	0
3719	0,2
3720	4
3721	0
3722	1
3723	4
3724	3
3725	1
3726	0
3727	5
3728	3
3729	0
3730	1
3731	0
3732	1
3733	1
3734	4
3735	6
3736	0
3737	3
3738	1
3739	2
3740	0
3741	1
3742	4
3743	5
3744	1
3745	1
3746	2
3747	0
3748	0
3749	9
3750	2
3751	4
3752	4
3753	1
3754	5
3755	0
3756	0
3757	4
3758	0
3759	0,1,8
3760	2
3761	3
3762	4
3763	3,5
3764	2
3765	2
3766	2,6
3767	1
3768	2
3769	3
3770	0
3771	1
3772	2
3773	2,8
3774	0
3775	1
3776	1
3777	8,9
3778	9
3779	1
3780	0
3781	0
3782	2
3783	2
3784	0
3785	0
3786	1
3787	4
3788	5
3789	1
3790	0
3791	1
3792	1
3793	0
3794	3
3795	0
3796	5
3797	2,5
3798	0,8
3799	0
3800	3
3801	3
3802	4
3803	5
3804	0
3805	0
3806	1
3807	1
3808	5
3809	4
3810	5
3811	3
3812	1
3813	2
3814	4
3815	1
3816	1
3817	0
3818	0
3819	1
3820	0
3821	1
3822	7
3823	2
3824	1
3825	1
3826	0
3827	1
3828	1
3829	0,3
3830	0
3831	2
3832	0
3833	0
3834	4
3835	1
3836	1
3837	0
3838	0
3839	5
3840	3
3841	5
3842	5
3843	1
3844	0
3845	6
3846	2
3847	2
3848	1
3849	1
3850	0
3851	1
3852	1
3853	0
3854	2
3855	5
3856	1
3857	6
3858	0
3859	0
3860	0
3861	0
3862	0
3863	5
3864	0
3865	7
3866	0
3867	6
3868	9
3869	3
3870	0
3871	5
3872	0
3873	0
3874	4
3875	7
3876	0
3877	0
3878	8
3879	5
3880	2
3881	3
3882	0
3883	3
3884	1
3885	1
3886	4
3887	0
3888	5
3889	0
3890	0
3891	1
3892	0
3893	1
3894	4
3895	0
3896	1
3897	0
3898	2
3899	0
3900	0
3901	1
3902	2
3903	3
3904	3
3905	3
3906	1
3907	0
3908	1
3909	0
3910	3,7
3911	2
3912	0
3913	6
3914	8
3915	1
3916	1
3917	0
3918	3
3919	1
3920	0
3921	1
3922	9
3923	3
3924	4
3925	0
3926	0
3927	7
3928	3,8
3929	1
3930	5
3931	1
3932	2
3933	5,6
3934	1
3935	0
3936	2
3937	2
3938	2
3939	1
3940	8
3941	5
3942	4
3943	0
3944	1
3945	1
3946	1
3947	5
3948	2,4
3949	1
3950	1
3951	5
3952	0
3953	5
3954	2
3955	5
3956	3
3957	0
3958	0
3959	8
3960	6
3961	0
3962	3
3963	7
3964	2
3965	7
3966	2
3967	6,9
3968	3
3969	2
3970	5
3971	0
3972	2
3973	3
3974	0
3975	2
3976	1
3977	1
3978	0
3979	2
3980	1
3981	6
3982	2
3983	0
3984	3
3985	3,8
3986	1
3987	5
3988	0
3989	2
3990	1
3991	1
3992	2
3993	1
3994	6
3995	2
3996	5
3997	2
3998	2
3999	4
4000	1
4001	0
4002	5
4003	1
4004	8
4005	0
4006	2
4007	1
4008	1
4009	2,8
4010	0
4011	0
4012	0
4013	4
4014	2
4015	1
4016	2
4017	1
4018	0
4019	3
4020	1
4021	1
4022	4
4023	3
4024	3
4025	0
4026	2
4027	4,7
4028	2
4029	3
4030	6
4031	1
4032	4,9
4033	7
4034	5
4035	4
4036	1
4037	1
4038	0
4039	0
4040	0
4041	0
4042	2
4043	0
4044	4
4045	1
4046	6
4047	4
4048	0
4049	0
4050	1
4051	0
4052	1
4053	0
4054	1
4055	1
4056	6
4057	3
4058	2
4059	1
4060	2
4061	1
4062	4
4063	4
4064	2
4065	1
4066	4
4067	2
4068	0
4069	0
4070	2
4071	1
4072	0,4
4073	1
4074	8
4075	0
4076	1
4077	6
4078	2
4079	2
4080	0
4081	3
4082	1,6
4083	1
4084	5
4085	0
4086	2
4087	0
4088	0
4089	7
4090	0
4091	8
4092	3
4093	2
4094	0
4095	6
4096	1
4097	3
4098	2
4099	2
4100	3
4101	1
4102	0
4103	5
4104	3
4105	0
4106	0
4107	2
4108	6
4109	5
4110	0
4111	2
4112	1
4113	3
4114	0
4115	2
4116	0,5
4117	4,9
4118	2
4119	2
4120	2
4121	2
4122	8
4123	6
4124	0
4125	0
4126	5
4127	1
4128	0
4129	3
4130	0
4131	1
4132	2
4133	3
4134	1
4135	0
4136	0
4137	3,7
4138	4
4139	2
4140	1
4141	2
4142	1
4143	2
4144	0
4145	8
4146	3
4147	1
4148	0
4149	4
4150	0
4151	1
4152	3
4153	1
4154	3
4155	2
4156	5
4157	0
4158	3
4159	9
4160	0
4161	2
4162	1
4163	1
4164	0
4165	6
4166	0
4167	4
4168	1
4169	2
4170	0
4171	1
4172	4
4173	1
4174	0
4175	1
4176	9
4177	0
4178	6
4179	4
4180	4
4181	1
4182	2
4183	9
4184	4
4185	0
4186	0
4187	2
4188	3
4189	2
4190	2
4191	1
4192	0
4193	2
4194	2
4195	4
4196	3
4197	8
4198	5
4199	0
4200	0
4201	3
4202	0
4203	2
4204	5
4205	1
4206	1
4207	1
4208	2
4209	0
4210	0
4211	1
4212	0
4213	0
4214	6
4215	4
4216	5
4217	0
4218	1
4219	3
4220	5
4221	1
4222	1
4223	0
4224	1
4225	6
4226	0
4227	2
4228	2
4229	6
4230	1
4231	2
4232	0
4233	5
4234	7
4235	2
4236	1
4237	6
4238	0
4239	4
4240	1
4241	1
4242	5
4243	2
4244	4
4245	5
4246	2
4247	1
4248	3
4249	0
4250	1
4251	8
4252	0
4253	0
4254	0
4255	0
4256	3
4257	2
4258	3
4259	9
4260	1,6
4261	2
4262	0
4263	0
4264	5
4265	4
4266	0
4267	3
4268	2
4269	0
4270	2
4271	5,7
4272	1,5
4273	1
4274	6
4275	0
4276	7
4277	5
4278	4
4279	1
4280	2
4281	0
4282	0
4283	9
4284	0
4285	3
4286	2
4287	0
4288	1
4289	2
4290	0
4291	3
4292	3
4293	1
4294	4
4295	4
4296	2
4297	5
4298	2
4299	0
4300	0
4301	1
4302	0
4303	6
4304	6
4305	1
4306	2
4307	2
4308	2
4309	6
4310	0
4311	3
4312	0
4313	2
4314	0
4315	2,5
4316	3
4317	4
4318	3
4319	0
4320	2
4321	9
4322	6
4323	1
4324	0
4325	0
4326	4
4327	0,7
4328	8
4329	0
4330	2
4331	0
4332	5
4333	2
4334	1
4335	0
4336	3
4337	0
4338	0
4339	0
4340	3
4341	2
4342	7
4343	7
4344	5
4345	2
4346	1
4347	2
4348	6
4349	3
4350	4
4351	0
4352	6
4353	8
4354	7
4355	2
4356	4
4357	3
4358	0
4359	4
4360	0
4361	2
4362	0
4363	0
4364	4
4365	0
4366	0
4367	0
4368	1
4369	2
4370	0
4371	0
4372	5
4373	2
4374	1
4375	3
4376	2
4377	4
4378	1
4379	1
4380	6
4381	6
4382	2
4383	1
4384	8
4385	5
4386	1
4387	2
4388	2
4389	1
4390	1
4391	3
4392	4
4393	1,3,7
4394	3
4395	2
4396	8
4397	4
4398	5
4399	0
4400	2
4401	0
4402	2
4403	4
4404	0
4405	2
4406	0
4407	0
4408	1
4409	1
4410	0
4411	0
4412	0
4413	2
4414	7
4415	0
4416	2
4417	9
4418	3
4419	0
4420	3
4421	0
4422	2
4423	0
4424	3
4425	6,9
4426	5
4427	5,9
4428	0
4429	0
4430	4
4431	1
4432	1
4433	0
4434	2
4435	1
4436	6,7
4437	0
4438	7
4439	5
4440	1
4441	6
4442	5
4443	6
4444	0
4445	4
4446	2
4447	1
4448	3
4449	2
4450	0
4451	2
4452	0
4453	1
4454	1
4455	0
4456	2
4457	2
4458	0
4459	1
4460	4
4461	3
4462	5
4463	1
4464	0
4465	7
4466	0
4467	0
4468	1
4469	0
4470	1,3,9
4471	4
4472	6
4473	0
4474	0
4475	1
4476	1,9
4477	1
4478	2
4479	2
4480	0
4481	1
4482	2
4483	1
4484	1,5
4485	1
4486	3
4487	5
4488	2
4489	3
4490	2
4491	0
4492	4
4493	0
4494	0
4495	2
4496	0
4497	2
4498	2
4499	3,6
4500	0
4501	4
4502	5
4503	8
4504	0
4505	0
4506	2
4507	0
4508	1
4509	3
4510	0
4511	1
4512	0
4513	1
4514	0
4515	2
4516	3
4517	7
4518	0
4519	1
4520	0
4521	2
4522	2
4523	3
4524	0
4525	7
4526	5
4527	0
4528	3
4529	5
4530	1
4531	0
4532	1
4533	1
4534	2
4535	6
4536	1
4537	0
4538	2
4539	0
4540	1
4541	2
4542	2
4543	2
4544	1
4545	2
4546	1
4547	2
4548	0
4549	0
4550	0
4551	5
4552	5
4553	6
4554	2
4555	2
4556	0
4557	8
4558	3
4559	1
4560	6
4561	1
4562	5
4563	0
4564	0
4565	2
4566	2
4567	1
4568	8
4569	2
4570	1
4571	0
4572	0
4573	5
4574	2
4575	1
4576	4
4577	0
4578	0
4579	3
4580	1
4581	0
4582	2
4583	0
4584	2
4585	1
4586	5
4587	0
4588	0
4589	6
4590	2
4591	1
4592	6
4593	3
4594	3
4595	0
4596	0
4597	1
4598	5
4599	1
4600	0
4601	4
4602	1
4603	0
4604	0
4605	4
4606	4
4607	1
4608	5
4609	9
4610	2
4611	2
4612	2
4613	2
4614	1
4615	1
4616	0
4617	7
4618	1
4619	0
4620	0
4621	0
4622	0
4623	3
4624	1
4625	7
4626	0
4627	1
4628	3
4629	7
4630	2
4631	0
4632	1
4633	0
4634	0
4635	0
4636	7
4637	5
4638	0
4639	3
4640	1
4641	0
4642	0
4643	2
4644	0
4645	3
4646	1
4647	7
4648	1
4649	0
4650	0
4651	2
4652	4
4653	0
4654	3
4655	2
4656	4
4657	3
4658	7
4659	0
4660	1
4661	2
4662	1,2
4663	0
4664	1
4665	1
4666	0
4667	4
4668	7
4669	0
4670	2
4671	1
4672	1
4673	1
4674	5
4675	7
4676	5
4677	2
4678	1
4679	0
4680	4
4681	2
4682	8
4683	0
4684	7
4685	3
4686	1,9
4687	1
4688	0
4689	1
4690	3
4691	1
4692	2
4693	0
4694	0
4695	4
4696	4
4697	3
4698	8,9
4699	4
4700	0
4701	0
4702	1
4703	1
4704	5
4705	1
4706	0
4707	0
4708	4
4709	0
4710	3
4711	0
4712	3
4713	3
4714	1
4715	0,8
4716	1
4717	3
4718	5
4719	3
4720	0
4721	0
4722	3
4723	6,7
4724	0
4725	4
4726	6
4727	0
4728	4
4729	0
4730	0
4731	0
4732	2
4733	0
4734	1
4735	9
4736	0
4737	3
4738	1
4739	5
4740	2
4741	1
4742	3
4743	3
4744	3
4745	8
4746	0
4747	0
4748	3
4749	5
4750	2
4751	0
4752	1
4753	0
4754	3
4755	1
4756	1
4757	3
4758	1
4759	4
4760	0
4761	0
4762	2
4763	0
4764	2
4765	3
4766	5
4767	2,7
4768	7
4769	3
4770	5
4771	4
4772	3
4773	0
4774	0
4775	8
4776	4
4777	0
4778	1
4779	0
4780	1
4781	0
4782	0
4783	0
4784	5
4785	0
4786	0
4787	0
4788	4
4789	6
4790	0
4791	3
4792	8
4793	3
4794	0
4795	6
4796	4
4797	2
4798	4
4799	0
4800	1
4801	2
4802	1
4803	2
4804	2
4805	3
4806	1
4807	0
4808	3
4809	5
4810	0
4811	5
4812	0
4813	5
4814	1
4815	2
4816	0
4817	4
4818	3
4819	8
4820	7,8
4821	2
4822	6
4823	0
4824	1
4825	2
4826	8
4827	2
4828	1
4829	1
4830	0
4831	4
4832	0
4833	7
4834	1
4835	3
4836	2
4837	0
4838	3,7
4839	0
4840	0
4841	3
4842	0
4843	3
4844	2
4845	0
4846	0
4847	2
4848	0
4849	3
4850	0
4851	5
4852	1
4853	2
4854	4
4855	0
4856	1
4857	4
4858	0
4859	1
4860	0
4861	1
4862	7
4863	0
4864	6
4865	3
4866	5
4867	1
4868	1
4869	0
4870	5
4871	0
4872	0
4873	4
4874	3
4875	6
4876	2
4877	0
4878	1
4879	3
4880	2
4881	1
4882	2
4883	4
4884	3
4885	7
4886	5
4887	0
4888	2
4889	1
4890	0
4891	1
4892	0
4893	0
4894	1
4895	0
4896	1
4897	0
4898	3
4899	1
4900	3
4901	0
4902	9
4903	1
4904	2
4905	4
4906	1
4907	5
4908	0
4909	5
4910	1
4911	7
4912	1
4913	2
4914	1
4915	0
4916	1
4917	5
4918	2
4919	1
4920	0
4921	1
4922	4,5
4923	1
4924	0
4925	3
4926	9
4927	4
4928	0
4929	7
4930	0
4931	1
4932	4
4933	1
4934	0
4935	4
4936	1,5
4937	0
4938	1
4939	3
4940	2
4941	4
4942	3
4943	0,8
4944	0,8
4945	3
4946	3
4947	1
4948	0
4949	2
4950	6
4951	0
4952	3,5
4953	6
4954	4
4955	1
4956	2
4957	5
4958	1
4959	4
4960	3
4961	0
4962	0
4963	2,5
4964	5
4965	0
4966	0
4967	0
4968	4
4969	4
4970	0
4971	5
4972	3
4973	7
4974	2
4975	1
4976	0
4977	1
4978	1
4979	3
4980	3
4981	2
4982	0
4983	8,9
4984	2
4985	0
4986	1
4987	2
4988	3
4989	0
4990	7
4991	0
4992	0
4993	0
4994	1,5
4995	1
4996	1
4997	2
4998	5
4999	7
5000	0
5001	3
5002	0
5003	0
5004	3
5005	2
5006	3
5007	0
5008	2
5009	2
5010	9
5011	4
5012	7
5013	3
5014	4
5015	0
5016	3
5017	2
5018	0
5019	2
5020	4,6
5021	8
5022	0
5023	1
5024	0
5025	1
5026	8
5027	3
5028	6
5029	1
5030	4
5031	2
5032	1
5033	1
5034	2
5035	0
5036	6
5037	4
5038	0
5039	1
5040	2
5041	0
5042	5
5043	2
5044	0
5045	0
5046	3
5047	7
5048	5
5049	5
5050	3
5051	8
5052	1
5053	2
5054	2
5055	2
5056	1
5057	0
5058	1
5059	2
5060	0
5061	0
5062	1
5063	2
5064	0
5065	1
5066	1
5067	1
5068	1
5069	1
5070	3
5071	2
5072	2
5073	1
5074	5
5075	3
5076	0
5077	1
5078	0
5079	0
5080	2
5081	1,6
5082	1
5083	2
5084	4
5085	4
5086	2
5087	0
5088	5
5089	0,3
5090	1
5091	0,5
5092	0
5093	2
5094	4,9
5095	4
5096	4
5097	0
5098	0
5099	4
5100	1
5101	2
5102	0
5103	2
5104	0
5105	0
5106	2
5107	5
5108	4
5109	2
5110	4
5111	0
5112	2,8
5113	4,6
5114	3
5115	2
5116	0
5117	1
5118	7
5119	2
5120	3
5121	2
5122	0
5123	2
5124	0
5125	2
5126	1
5127	0
5128	1
5129	5
5130	3
5131	1
5132	6
5133	3
5134	2
5135	1
5136	0
5137	0
5138	0
5139	9
5140	2
5141	6
5142	2
5143	2
5144	6
5145	0
5146	1
5147	2
5148	1
5149	8,9
5150	0
5151	4
5152	0
5153	1
5154	1
5155	9
5156	1
5157	1
5158	0
5159	5
5160	3
5161	0
5162	0
5163	0
5164	4
5165	2
5166	0
5167	4
5168	3
5169	3
5170	3
5171	2
5172	0
5173	0
5174	5
5175	3
5176	0
5177	3
5178	3
5179	2,6
5180	1
5181	1
5182	3
5183	2
5184	5
5185	1
5186	4
5187	0
5188	5
5189	1
5190	0
5191	1
5192	5
5193	1
5194	2
5195	1
5196	6
5197	2
5198	5
5199	0
5200	3
5201	2
5202	1
5203	2
5204	6
5205	2
5206	7
5207	7
5208	1
5209	2
5210	1
5211	2
5212	3
5213	2
5214	0
5215	0
5216	1
5217	2
5218	0
5219	5
5220	1
5221	4
5222	7
5223	0
5224	0
5225	2,6
5226	3
5227	1
5228	5
5229	1
5230	2
5231	7
5232	3
5233	3
5234	8
5235	0
5236	2
5237	2
5238	1
5239	0
5240	0
5241	1
5242	0
5243	1
5244	0
5245	0
5246	0
5247	2
5248	4
5249	0
5250	2
5251	4
5252	3
5253	0
5254	3,9
5255	2
5256	1
5257	2
5258	5
5259	5
5260	3
5261	3
5262	1
5263	5
5264	0
5265	3
5266	6
5267	0
5268	2
5269	1
5270	0
5271	0
5272	6
5273	2
5274	4
5275	3
5276	2
5277	1
5278	2
5279	0
5280	3
5281	2
5282	0
5283	1
5284	0
5285	0
5286	0
5287	3
5288	2
5289	3
5290	2
5291	4
5292	0
5293	2
5294	7
5295	1
5296	8
5297	0
5298	2
5299	3
5300	0
5301	5
5302	7
5303	0
5304	0
5305	1
5306	0
5307	3
5308	4
5309	6
5310	1
5311	0
5312	4
5313	2
5314	2
5315	1
5316	7
5317	0
5318	4
5319	1
5320	1
5321	3
5322	4
5323	8,9
5324	1
5325	1
5326	2
5327	3
5328	0
5329	1
5330	4
5331	3
5332	2
5333	0
5334	0
5335	5
5336	5
5337	6
5338	3
5339	3
5340	5
5341	7
5342	2
5343	0
5344	0
5345	6
5346	0
5347	5
5348	3
5349	0
5350	1
5351	0
5352	1
5353	0
5354	1
5355	0
5356	0
5357	0
5358	1
5359	3
5360	1
5361	4
5362	2
5363	1
5364	0
5365	0
5366	1
5367	0
5368	2
5369	3
5370	0
5371	0
5372	2
5373	1
5374	9
5375	1
5376	8
5377	1
5378	0
5379	1
5380	0
5381	0
5382	4
5383	1
5384	0
5385	1
5386	1
5387	9
5388	2
5389	3
5390	1
5391	1
5392	0
5393	0
5394	1
5395	1
5396	0
5397	0
5398	0
5399	2
5400	6
5401	1
5402	1
5403	0
5404	3
5405	1
5406	0
5407	2
5408	2
5409	7
5410	2
5411	1
5412	1
5413	6
5414	0
5415	4
5416	3
5417	0
5418	1
5419	9
5420	0
5421	1
5422	0
5423	3
5424	4
5425	9
5426	2
5427	4
5428	3
5429	1
5430	2
5431	1
5432	2
5433	2
5434	1
5435	0
5436	3
5437	0
5438	1
5439	3
5440	0
5441	1
5442	1
5443	1
5444	7
5445	4
5446	2
5447	1
5448	5
5449	5
5450	4
5451	3
5452	0
5453	7
5454	0
5455	0
5456	5
5457	2
5458	5
5459	0
5460	1
5461	0
5462	2
5463	0
5464	0
5465	1
5466	0
5467	2
5468	2
5469	1
5470	0
5471	3
5472	1
5473	0
5474	3
5475	6,7
5476	0
5477	1
5478	0
5479	0
5480	1
5481	0
5482	7
5483	3
5484	4
5485	4
5486	9
5487	0
5488	4
5489	5
5490	3,8
5491	7
5492	0
5493	4
5494	9
5495	1
5496	5
5497	1
5498	7
5499	3
5500	9
5501	0
5502	4
5503	1
5504	3
5505	0
5506	1
5507	4
5508	2
5509	0
5510	3
5511	7
5512	1
5513	1
5514	1
5515	0
5516	2
5517	1
5518	0
5519	1
5520	1
5521	3,4
5522	5
5523	0
5524	1
5525	2
5526	1
5527	2
5528	4
5529	2
5530	1
5531	3
5532	2
5533	1
5534	1
5535	2
5536	4
5537	2
5538	6
5539	5
5540	9
5541	4
5542	2
5543	0
5544	3
5545	1
5546	0
5547	1
5548	1
5549	3
5550	1
5551	0
5552	7,9
5553	0
5554	6
5555	3
5556	1
5557	4
5558	1
5559	1,5
5560	1
5561	0
5562	2
5563	0
5564	0
5565	2
5566	0
5567	0
5568	5
5569	0
5570	3
5571	2
5572	1
5573	0
5574	0
5575	4
5576	6
5577	2
5578	0
5579	1
5580	1
5581	7
5582	2
5583	3
5584	9
5585	0
5586	4
5587	3
5588	1
5589	0
5590	1
5591	1
5592	0
5593	1
5594	1
5595	2
5596	0
5597	3
5598	2
5599	2
5600	1
5601	3
5602	1
5603	8
5604	3
5605	1
5606	3
5607	1
5608	3
5609	0
5610	3
5611	2
5612	0
5613	4
5614	0
5615	1
5616	6
5617	6
5618	3
5619	0
5620	1
5621	2
5622	0
5623	1
5624	1
5625	2
5626	2
5627	2
5628	3
5629	2
5630	1
5631	1
5632	1
5633	3
5634	1
5635	4
5636	0
5637	3
5638	4
5639	2
5640	2
5641	7
5642	5
5643	1
5644	2
5645	8
5646	3
5647	2
5648	2,4
5649	0
5650	0
5651	2
5652	3
5653	3
5654	0
5655	0
5656	0
5657	2
5658	3
5659	5
5660	0
5661	8
5662	1
5663	2
5664	7
5665	0
5666	6
5667	3
5668	3
5669	2
5670	3
5671	7,8,9
5672	4
5673	0
5674	0
5675	3
5676	7
5677	1
5678	1
5679	2
5680	0
5681	1
5682	5
5683	0
5684	6
5685	2
5686	1
5687	0
5688	4
5689	1
5690	1
5691	1
5692	0
5693	1
5694	5
5695	6
5696	0
5697	5
5698	0
5699	6
5700	0
5701	3
5702	4
5703	3
5704	5
5705	0
5706	3
5707	6
5708	4
5709	1,6
5710	3
5711	1
5712	2
5713	0
5714	6
5715	0
5716	1
5717	3,9
5718	0
5719	0
5720	2
5721	1
5722	2
5723	0
5724	0
5725	2
5726	1
5727	1
5728	2
5729	2,3
5730	2
5731	0
5732	0
5733	1
5734	0
5735	0
5736	0
5737	1
5738	0
5739	0
5740	0
5741	2,4,8
5742	2
5743	0
5744	7
5745	3
5746	4,7
5747	2
5748	0
5749	5
5750	1
5751	0
5752	1
5753	4
5754	0
5755	2
5756	4
5757	0
5758	0
5759	2
5760	0
5761	0
5762	0
5763	3
5764	4
5765	1
5766	0
5767	3
5768	1
5769	0
5770	0
5771	2
5772	3
5773	1,4
5774	3
5775	0
5776	4
5777	4
5778	2
5779	1
5780	3
5781	0
5782	3
5783	3
5784	5
5785	2
5786	2
5787	5
5788	0
5789	7
5790	8
5791	3
5792	3
5793	1
5794	2
5795	7
5796	2
5797	0
5798	0
5799	1
5800	0
5801	0
5802	1
5803	1
5804	4
5805	0,7,8
5806	2
5807	1
5808	0
5809	2
5810	7
5811	4
5812	4
5813	0
5814	6
5815	1
5816	0
5817	0
5818	3
5819	3
5820	0
5821	2
5822	2,6
5823	0
5824	3
5825	0
5826	0
5827	0
5828	0
5829	2
5830	1
5831	9
5832	2
5833	0
5834	0
5835	3,5
5836	5
5837	1
5838	0
5839	2
5840	0
5841	1
5842	1
5843	3
5844	1
5845	6,9
5846	0
5847	3
5848	0
5849	2
5850	3
5851	1
5852	0
5853	1
5854	5
5855	1
5856	2
5857	0
5858	2
5859	1
5860	4
5861	1
5862	4
5863	0
5864	5
5865	4
5866	3
5867	0
5868	0
5869	0
5870	4
5871	2
5872	6,9
5873	5
5874	0
5875	2
5876	6
5877	1
5878	3
5879	1
5880	0
5881	3
5882	0
5883	1
5884	5
5885	0
5886	6
5887	1
5888	7
5889	1
5890	2
5891	4
5892	0
5893	0,5
5894	2
5895	3
5896	3
5897	0
5898	1
5899	0
5900	2
5901	5
5902	0
5903	1
5904	3
5905	0
5906	0
5907	0
5908	0
5909	0
5910	0
5911	5
5912	4,9
5913	5
5914	2
5915	2
5916	0
5917	2
5918	1
5919	1
5920	2
5921	0
5922	1
5923	9
5924	4
5925	0
5926	8
5927	0
5928	0
5929	3
5930	1
5931	6
5932	0
5933	7
5934	4
5935	3
5936	4
5937	0
5938	0
5939	2
5940	6
5941	0
5942	6
5943	0
5944	0
5945	0
5946	1
5947	0
5948	0
5949	0
5950	2
5951	0,2
5952	1
5953	1
5954	4
5955	7
5956	1
5957	0
5958	2
5959	2
5960	0
5961	1
5962	1
5963	6
5964	0
5965	2
5966	1
5967	2
5968	1
5969	1
5970	0
5971	2
5972	7
5973	0
5974	3
5975	7
5976	4
5977	1
5978	0
5979	0
5980	0
5981	7
5982	1
5983	5
5984	1
5985	1
5986	2
5987	3
5988	3
5989	0
5990	5
5991	7
5992	1
5993	3
5994	7
5995	5
5996	0
5997	1
5998	7
5999	0
6000	1
6001	2
6002	0
6003	3
6004	8
6005	1
6006	8
6007	6
6008	6
6009	2,5
6010	2
6011	1
6012	1
6013	2
6014	7
6015	1
6016	2
6017	0
6018	1
6019	1
6020	0
6021	1
6022	6
6023	0
6024	0
6025	3
6026	3
6027	1
6028	6
6029	3
6030	0
6031	3
6032	0
6033	1
6034	1
6035	2
6036	4
6037	4
6038	0
6039	1
6040	2
6041	1
6042	0
6043	0
6044	4
6045	3
6046	0
6047	1
6048	5
6049	4
6050	1
6051	0
6052	0
6053	0
6054	7
6055	5
6056	0
6057	3
6058	3
6059	2
6060	1
6061	3
6062	6
6063	3
6064	7
6065	0
6066	0
6067	0
6068	0
6069	0
6070	4,7
6071	0
6072	2
6073	1
6074	5
6075	4
6076	1
6077	0
6078	3
6079	0
6080	6
6081	0
6082	4
6083	6
6084	0
6085	7,8
6086	0
6087	2
6088	0
6089	1
6090	1
6091	2
6092	8
6093	2
6094	1
6095	0
6096	0
6097	7
6098	6
6099	2
6100	0
6101	2
6102	2
6103	0
6104	1
6105	2
6106	1
6107	2
6108	0
6109	0
6110	0
6111	0
6112	0
6113	4
6114	8
6115	1,3
6116	0
6117	0
6118	0
6119	0
6120	0
6121	1
6122	1
6123	5
6124	2
6125	2
6126	0
6127	3
6128	5
6129	8,9
6130	1
6131	0
6132	6
6133	3
6134	2
6135	0
6136	0
6137	0
6138	0
6139	4
6140	0
6141	7
6142	5
6143	0
6144	6
6145	4
6146	2
6147	0
6148	7,8
6149	0
6150	0
6151	0
6152	0
6153	4
6154	0
6155	2
6156	6
6157	0
6158	1
6159	3,8
6160	0
6161	2
6162	3
6163	0
6164	2
6165	0
6166	2
6167	0
6168	1
6169	0
6170	3
6171	2
6172	1
6173	1
6174	4
6175	2
6176	5
6177	0
6178	2
6179	1
6180	3
6181	1
6182	1
6183	3
6184	2
6185	0
6186	2
6187	1
6188	1
6189	3
6190	7
6191	2,3
6192	4
6193	3
6194	1
6195	1,3
6196	3
6197	3
6198	0
6199	5
6200	5,6
6201	2
6202	2
6203	1
6204	0
6205	4
6206	0
6207	6
6208	1
6209	4,6
6210	0
6211	0
6212	0
6213	0
6214	1
6215	5
6216	4
6217	1
6218	0
6219	9
6220	1
6221	2
6222	1
6223	3
6224	4
6225	1
6226	1
6227	7
6228	3
6229	0
6230	1
6231	8
6232	3
6233	0
6234	2
6235	1
6236	8
6237	1
6238	1
6239	1
6240	0,4,5
6241	2
6242	2
6243	2
6244	4
6245	0
6246	1
6247	2
6248	0
6249	9
6250	0
6251	2
6252	0,6
6253	1
6254	4
6255	0
6256	4
6257	4,8
6258	9
6259	1
6260	4
6261	4
6262	3
6263	0
6264	5,6
6265	1
6266	0
6267	4
6268	1
6269	0
6270	2
6271	1
6272	1
6273	1
6274	5
6275	5
6276	2
6277	1
6278	6
6279	0
6280	3
6281	0
6282	3
6283	3
6284	3
6285	2
6286	1
6287	2
6288	2
6289	2
6290	0
6291	2
6292	7
6293	0,5
6294	0
6295	4
6296	0
6297	4
6298	3
6299	4
6300	3
6301	0
6302	1
6303	5
6304	4
6305	4
6306	4
6307	4
6308	5
6309	8
6310	1
6311	1
6312	1
6313	2
6314	3
6315	0
6316	1
6317	3
6318	3
6319	0
6320	0
6321	0
6322	0
6323	5
6324	0
6325	1
6326	9
6327	1
6328	1
6329	4
6330	0
6331	0
6332	3
6333	2
6334	1
6335	3
6336	3
6337	5
6338	5
6339	1
6340	4,6
6341	2
6342	0
6343	0
6344	1
6345	0
6346	0
6347	2
6348	3
6349	1
6350	2
6351	1
6352	3
6353	1
6354	0
6355	5
6356	0
6357	5
6358	5
6359	2
6360	3
6361	1
6362	3
6363	4
6364	3
6365	1
6366	2
6367	2
6368	2
6369	0
6370	2
6371	1
6372	7,9
6373	4
6374	1
6375	9
6376	4
6377	6
6378	2
6379	2
6380	1
6381	0
6382	5,7
6383	1
6384	1
6385	4
6386	6
6387	6
6388	4
6389	0
6390	0
6391	1
6392	4
6393	3
6394	3
6395	0
6396	0
6397	1
6398	0
6399	1
6400	7
6401	4
6402	0
6403	6
6404	0
6405	0
6406	0
6407	0
6408	0
6409	9
6410	7
6411	1
6412	6
6413	3
6414	1
6415	0
6416	0
6417	5
6418	9
6419	0
6420	1
6421	2
6422	5
6423	0
6424	7,9
6425	0
6426	3
6427	9
6428	2
6429	0
6430	7
6431	0
6432	0
6433	9
6434	4
6435	0
6436	2
6437	3
6438	3
6439	1
6440	3
6441	4
6442	1
6443	1
6444	9
6445	0
6446	0
6447	1
6448	0
6449	6
6450	0
6451	0
6452	0
6453	0
6454	6
6455	0,7
6456	1
6457	2
6458	1
6459	0
6460	1
6461	0
6462	0
6463	0
6464	0
6465	2
6466	2
6467	0
6468	1
6469	8
6470	2
6471	1
6472	0
6473	1
6474	9
6475	0
6476	0
6477	2
6478	4
6479	7
6480	0
6481	2
6482	2
6483	0
6484	7
6485	1,6
6486	3
6487	1
6488	1
6489	2,5
6490	2
6491	5
6492	1
6493	5
6494	0
6495	5
6496	0
6497	1
6498	0
6499	0
6500	1
6501	6
6502	6
6503	0
6504	3
6505	0,6
6506	1
6507	0
6508	2
6509	1
6510	3
6511	1
6512	1
6513	2
6514	7
6515	2,6
6516	7
6517	3
6518	1
6519	3
6520	4
6521	0
6522	1
6523	1
6524	1
6525	0
6526	3
6527	0
6528	6
6529	1
6530	5
6531	1
6532	3
6533	0
6534	1
6535	4
6536	3
6537	2
6538	3
6539	1
6540	7
6541	0
6542	0
6543	3
6544	0
6545	8
6546	4
6547	4
6548	1,6
6549	2
6550	2
6551	0
6552	0
6553	1
6554	3
6555	6
6556	2
6557	1
6558	0
6559	0
6560	2
6561	1
6562	0
6563	1
6564	2
6565	0
6566	1
6567	2
6568	5,8
6569	0
6570	8
6571	2
6572	3
6573	4
6574	0
6575	3
6576	2
6577	1
6578	0
6579	4
6580	3
6581	1
6582	0
6583	2
6584	0
6585	1
6586	2
6587	3
6588	6
6589	2
6590	0
6591	1
6592	0
6593	1
6594	4
6595	1
6596	4
6597	3
6598	6
6599	3
6600	2
6601	1
6602	0
6603	5
6604	6
6605	0,8
6606	3
6607	1
6608	0
6609	2
6610	0
6611	3
6612	0
6613	0
6614	0
6615	5
6616	2
6617	2
6618	0
6619	5
6620	6
6621	3
6622	1
6623	2
6624	5
6625	6
6626	0
6627	8
6628	2,8
6629	2
6630	2,4
6631	5
6632	2
6633	8
6634	3
6635	3
6636	0
6637	3
6638	1
6639	0
6640	4
6641	2
6642	2
6643	6
6644	1
6645	1
6646	5
6647	1,8
6648	3
6649	2
6650	6
6651	0
6652	2
6653	2
6654	0
6655	0
6656	0
6657	5
6658	0
6659	5
6660	4
6661	0
6662	7
6663	1
6664	1
6665	0
6666	2
6667	2
6668	1
6669	9
6670	4
6671	2
6672	2
6673	2
6674	8
6675	4
6676	1
6677	5
6678	0
6679	1
6680	6
6681	2
6682	0
6683	0
6684	1
6685	1
6686	2
6687	2
6688	1
6689	1
6690	0
6691	0
6692	0
6693	7
6694	1
6695	1
6696	0
6697	1
6698	5,6
6699	0
6700	2
6701	1
6702	5
6703	1
6704	2
6705	3
6706	2
6707	7
6708	1
6709	2
6710	2
6711	0
6712	0
6713	1
6714	0
6715	3
6716	4
6717	2
6718	3
6719	4
6720	4
6721	3
6722	0
6723	0
6724	4
6725	0
6726	2
6727	8
6728	0
6729	1
6730	0
6731	5
6732	0
6733	1
6734	1
6735	0
6736	2
6737	0,5
6738	1
6739	6
6740	0
6741	0
6742	1
6743	0
6744	1
6745	4
6746	0
6747	0
6748	2
6749	0
6750	1
6751	0
6752	1
6753	0
6754	1
6755	0
6756	0
6757	1
6758	0
6759	1
6760	0
6761	2
6762	4
6763	2
6764	1
6765	5
6766	0
6767	1
6768	2
6769	0
6770	2
6771	0
6772	1
6773	0
6774	2,8
6775	1
6776	0
6777	6
6778	0
6779	1
6780	4
6781	2
6782	9
6783	2
6784	1
6785	0
6786	1
6787	1
6788	1
6789	3
6790	1
6791	6
6792	1
6793	2,8
6794	0
6795	6
6796	4
6797	9
6798	3
6799	0
6800	2
6801	1
6802	3
6803	2
6804	3
6805	0
6806	5
6807	4
6808	4
6809	1
6810	5
6811	7
6812	2
6813	2
6814	1
6815	0
6816	0
6817	1
6818	3
6819	0
6820	0
6821	0
6822	0
6823	2
6824	1
6825	0
6826	4
6827	1
6828	1
6829	2
6830	7
6831	0
6832	3
6833	6
6834	0
6835	0
6836	0
6837	0
6838	3
6839	2
6840	1
6841	0
6842	0
6843	0
6844	0
6845	1
6846	0
6847	7
6848	3
6849	0
6850	0
6851	2
6852	2
6853	0
6854	0
6855	0
6856	0
6857	0
6858	1
6859	6
6860	1
6861	1
6862	4
6863	1
6864	3,4
6865	1
6866	2
6867	0
6868	1
6869	2
6870	0
6871	4
6872	2
6873	3
6874	3
6875	3
6876	2
6877	3
6878	7
6879	4
6880	1
6881	4
6882	0
6883	1
6884	7
6885	0
6886	2
6887	2
6888	1
6889	1
6890	7
6891	0
6892	3
6893	7
6894	5
6895	5
6896	6
6897	1
6898	2
6899	4
6900	2
6901	2
6902	0
6903	2
6904	1
6905	7
6906	0
6907	4
6908	0
6909	3
6910	7
6911	0
6912	1
6913	3
6914	2
6915	0
6916	0
6917	0,1
6918	1
6919	4
6920	5
6921	3
6922	2
6923	2
6924	6
6925	6
6926	1
6927	7
6928	3
6929	0
6930	0
6931	3
6932	0
6933	0
6934	1
6935	1
6936	2
6937	2
6938	1
6939	1
6940	0
6941	6
6942	6
6943	2
6944	1
6945	2
6946	4
6947	4
6948	1
6949	7
6950	3
6951	1
6952	1
6953	4
6954	4
6955	0
6956	3
6957	0
6958	0
6959	0
6960	2
6961	0
6962	8
6963	3
6964	4
6965	7
6966	8
6967	2
6968	5
6969	6
6970	2
6971	1
6972	0
6973	0
6974	1
6975	2
6976	2
6977	1
6978	2
6979	0
6980	5
6981	5
6982	1
6983	1
6984	4
6985	2
6986	5
6987	1
6988	1
6989	4
6990	0
6991	1
6992	3
6993	6
6994	3
6995	1
6996	0
6997	3
6998	0
6999	2
7000	2
7001	3
7002	1,8
7003	2
7004	4
7005	4
7006	0
7007	6
7008	2
7009	8
7010	2
7011	3
7012	3
7013	6
7014	0
7015	4,9
7016	2
7017	4
7018	3
7019	3
7020	1
7021	2
7022	1
7023	0
7024	3
7025	2
7026	1
7027	2
7028	1
7029	3
7030	0
7031	0
7032	1
7033	5
7034	0
7035	4
7036	1
7037	1
7038	4
7039	0
7040	2
7041	2
7042	3
7043	4
7044	0
7045	2
7046	1
7047	4
7048	0
7049	3
7050	2
7051	2
7052	3
7053	0
7054	0
7055	2
7056	0
7057	2
7058	6
7059	8
7060	5
7061	2,9
7062	2
7063	1
7064	1
7065	0
7066	2
7067	1
7068	5
7069	2
7070	4
7071	5
7072	0
7073	3
7074	6
7075	0
7076	0
7077	0
7078	0
7079	4
7080	0
7081	2
7082	2
7083	6
7084	0
7085	3
7086	7
7087	0
7088	1
7089	1
7090	2
7091	0
7092	8
7093	5
7094	1
7095	1
7096	0
7097	3
7098	1
7099	5
7100	4
7101	5
7102	2
7103	3
7104	0
7105	2
7106	0
7107	6
7108	1
7109	2
7110	3
7111	1
7112	5
7113	3
7114	2
7115	9
7116	8
7117	5
7118	2
7119	3
7120	0
7121	4
7122	0
7123	5
7124	1
7125	0
7126	2
7127	0
7128	3
7129	6
7130	6
7131	0
7132	2
7133	3
7134	7
7135	1
7136	1
7137	2
7138	2
7139	6
7140	3
7141	0
7142	2
7143	3
7144	3
7145	1
7146	0
7147	1
7148	6
7149	4
7150	1
7151	4
7152	0,9
7153	1
7154	1
7155	0
7156	4
7157	1
7158	0
7159	0
7160	3
7161	4
7162	1
7163	3
7164	4
7165	4
7166	9
7167	0
7168	1
7169	1
7170	2
7171	2
7172	3
7173	0
7174	3
7175	0
7176	2
7177	4
7178	3
7179	2
7180	3
7181	8
7182	3
7183	4
7184	0
7185	3
7186	0
7187	0
7188	4
7189	1
7190	2
7191	0
7192	6
7193	1
7194	5
7195	4
7196	0
7197	0
7198	1
7199	5
7200	0
7201	0
7202	3
7203	1
7204	0
7205	9
7206	1
7207	6
7208	0
7209	2
7210	1,9
7211	0
7212	0
7213	1,7,8
7214	1
7215	7
7216	1
7217	2
7218	3
7219	2
7220	1
7221	0
7222	3
7223	0
7224	6
7225	1
7226	2
7227	0
7228	3
7229	2
7230	2
7231	0
7232	0
7233	4
7234	0
7235	1
7236	2
7237	2
7238	0
7239	4
7240	0
7241	5
7242	3
7243	4
7244	1
7245	2
7246	3
7247	3
7248	2
7249	0
7250	2
7251	0
7252	0
7253	0
7254	0
7255	2
7256	3
7257	1
7258	4
7259	0
7260	6
7261	1
7262	1
7263	0
7264	3
7265	0
7266	1
7267	5
7268	5
7269	4
7270	0
7271	2
7272	1
7273	0
7274	5
7275	2
7276	3
7277	3
7278	0
7279	0
7280	0
7281	3
7282	0
7283	3
7284	1
7285	0
7286	6
7287	3
7288	0
7289	8,9
7290	2
7291	3
7292	0
7293	0
7294	2
7295	2
7296	0
7297	0
7298	0
7299	2
7300	0
7301	0
7302	1
7303	9
7304	0
7305	8
7306	8
7307	3
7308	1
7309	2
7310	0
7311	0
7312	6
7313	4
7314	3
7315	1
7316	8
7317	0
7318	0
7319	2
7320	2
7321	1
7322	3
7323	2
7324	0
7325	1
7326	0
7327	2
7328	4
7329	1
7330	3
7331	0
7332	3
7333	4
7334	2
7335	5
7336	0
7337	4
7338	2
7339	0
7340	1
7341	4
7342	0
7343	5
7344	3
7345	2
7346	1
7347	0
7348	1
7349	0
7350	0
7351	9
7352	0
7353	5
7354	1
7355	2
7356	4
7357	0
7358	5
7359	3
7360	0
7361	3
7362	2
7363	0
7364	0
7365	4
7366	3
7367	0
7368	0
7369	3,9
7370	1
7371	0
7372	2
7373	0
7374	3
7375	1
7376	5
7377	2
7378	4
7379	1
7380	3
7381	2
7382	2
7383	2
7384	0
7385	2
7386	0
7387	3,9
7388	3
7389	0
7390	4
7391	8
7392	0
7393	0
7394	0,8
7395	1
7396	0
7397	0
7398	0,7,8
7399	0
7400	3
7401	2
7402	2
7403	1
7404	3
7405	0
7406	0
7407	0
7408	1
7409	0
7410	3
7411	3
7412	0
7413	0,9
7414	5
7415	3
7416	0
7417	4
7418	3
7419	0
7420	0
7421	1
7422	7
7423	0
7424	5
7425	1
7426	1
7427	3
7428	3
7429	0
7430	0
7431	5
7432	1
7433	7
7434	4
7435	0
7436	4,9
7437	0
7438	6
7439	1
7440	0
7441	0
7442	7
7443	7
7444	1
7445	2
7446	0
7447	7,9
7448	1
7449	1
7450	1
7451	0
7452	2
7453	1
7454	1
7455	2
7456	5
7457	2
7458	3
7459	3
7460	2
7461	1
7462	0
7463	0
7464	3
7465	1
7466	2
7467	2
7468	6
7469	1
7470	4
7471	0
7472	1
7473	6,7
7474	1
7475	3
7476	2
7477	2
7478	5
7479	0
7480	0
7481	2
7482	0
7483	0
7484	1
7485	1
7486	4
7487	5
7488	1
7489	0
7490	2
7491	5
7492	7
7493	0
7494	8
7495	1
7496	0
7497	5
7498	3
7499	5
7500	3
7501	0
7502	8
7503	1
7504	1
7505	0
7506	0
7507	5
7508	6,8
7509	0
7510	0
7511	2
7512	5
7513	1
7514	2
7515	1
7516	3
7517	0
7518	2
7519	0
7520	5
7521	3
7522	1
7523	3
7524	2
7525	3
7526	5
7527	0
7528	0
7529	0
7530	0
7531	1
7532	6
7533	3
7534	0
7535	1
7536	4
7537	2
7538	0
7539	2
7540	2
7541	2
7542	1
7543	4
7544	0
7545	0
7546	0
7547	0
7548	4
7549	0
7550	0
7551	0
7552	3
7553	0
7554	3
7555	6
7556	4
7557	4
7558	1
7559	0
7560	1
7561	1
7562	0
7563	1
7564	2
7565	6
7566	0
7567	2
7568	0
7569	3
7570	3,6
7571	4
7572	0
7573	3
7574	5
7575	0
7576	4,9
7577	0
7578	3
7579	6
7580	6
7581	2
7582	2
7583	0
7584	4
7585	7
7586	3
7587	5
7588	1
7589	2
7590	6
7591	2
7592	0
7593	7
7594	0
7595	5
7596	8
7597	0
7598	0
7599	0,3
7600	2
7601	2
7602	2
7603	4
7604	2
7605	0
7606	5
7607	0
7608	0
7609	6
7610	1
7611	0
7612	3
7613	0
7614	0
7615	3
7616	1
7617	9
7618	1
7619	0
7620	1
7621	1
7622	0
7623	1
7624	6
7625	0
7626	0
7627	7
7628	0
7629	1
7630	0
7631	1
7632	0
7633	0
7634	3
7635	2
7636	1
7637	0
7638	6
7639	3
7640	1
7641	3
7642	1
7643	0
7644	0
7645	0
7646	3
7647	0
7648	1
7649	2
7650	0
7651	0
7652	2
7653	0
7654	0
7655	3
7656	4
7657	0
7658	3
7659	5
7660	7,9
7661	3
7662	0
7663	0
7664	2
7665	0
7666	1
7667	0
7668	1
7669	2
7670	1
7671	5
7672	2
7673	1
7674	6
7675	5
7676	6,7
7677	0
7678	1
7679	7
7680	3
7681	7
7682	1
7683	1
7684	4
7685	1
7686	2
7687	2
7688	9
7689	2
7690	1
7691	8
7692	0
7693	2
7694	2
7695	3
7696	0
7697	6
7698	0
7699	0
7700	3
7701	1
7702	2
7703	0
7704	0
7705	0
7706	1
7707	0
7708	0
7709	0
7710	1
7711	0
7712	1
7713	2
7714	3
7715	1
7716	3
7717	3
7718	1
7719	0
7720	0
7721	3
7722	1
7723	1
7724	1
7725	0
7726	0
7727	3
7728	5
7729	1
7730	4
7731	1
7732	0
7733	2
7734	1
7735	2
7736	2
7737	1
7738	1
7739	7
7740	2
7741	0
7742	0
7743	1
7744	0
7745	0
7746	1
7747	4,5
7748	7
7749	1
7750	0
7751	3
7752	4
7753	5
7754	1
7755	8
7756	2
7757	1
7758	1
7759	0
7760	1
7761	1
7762	1
7763	2
7764	0
7765	2
7766	0
7767	3
7768	4
7769	2
7770	2
7771	1
7772	4
7773	1
7774	2
7775	0
7776	1
7777	0
7778	0
7779	0
7780	1
7781	4
7782	2
7783	4
7784	1
7785	1
7786	4
7787	1
7788	3
7789	0
7790	2
7791	2
7792	7
7793	1
7794	0
7795	4
7796	0
7797	2
7798	0
7799	8
7800	3
7801	9
7802	3
7803	0
7804	3
7805	0
7806	4
7807	2
7808	4
7809	0
7810	4
7811	1
7812	1
7813	1
7814	3
7815	0
7816	0
7817	2
7818	3
7819	7
7820	0
7821	0
7822	6
7823	2,5
7824	3
7825	4
7826	1
7827	5
7828	3
7829	1
7830	1,6
7831	1
7832	0
7833	0
7834	1
7835	1
7836	0
7837	1
7838	0
7839	0
7840	1
7841	2
7842	3
7843	0
7844	3
7845	1
7846	2
7847	0
7848	2
7849	3
7850	0
7851	0
7852	4
7853	9
7854	0
7855	4
7856	2
7857	2
7858	8
7859	5
7860	3
7861	9
7862	4
7863	0
7864	3
7865	3
7866	1
7867	1
7868	1
7869	2
7870	1
7871	1
7872	0
7873	0
7874	1
7875	6
7876	0
7877	0
7878	1
7879	4
7880	4
7881	6
7882	0
7883	1
7884	0
7885	0
7886	0
7887	0
7888	2
7889	0
7890	1
7891	6
7892	4
7893	6
7894	8
7895	0
7896	3
7897	3
7898	3,4,8
7899	1,2,4,7,9
7900	1
7901	5
7902	3,5
7903	0
7904	0
7905	0
7906	0
7907	3
7908	1
7909	1
7910	6
7911	3
7912	2
7913	0
7914	1
7915	4
7916	0
7917	0
7918	0
7919	2
7920	4
7921	3
7922	0
7923	1
7924	1
7925	6
7926	2
7927	3
7928	3
7929	0
7930	0
7931	1
7932	0
7933	1
7934	1
7935	1
7936	6
7937	0
7938	1
7939	0
7940	8
7941	1
7942	3
7943	6
7944	0
7945	0
7946	0
7947	0
7948	0
7949	0
7950	0
7951	9
7952	1
7953	0
7954	2
7955	2,5
7956	1
7957	3
7958	2
7959	0
7960	1
7961	0
7962	0
7963	0
7964	6
7965	1
7966	1
7967	0
7968	0
7969	4
7970	1
7971	0
7972	0,1,2,3,4,5,6,7,8,9
7973	0
7974	0
7975	2
7976	2
7977	1
7978	2
7979	0
7980	0
7981	3
7982	5
7983	3
7984	2,5
7985	2
7986	1
7987	0
7988	0
7989	1
7990	3
7991	1
7992	0
7993	6
7994	1,2
7995	0
7996	2,5
7997	6
7998	3
7999	0,1,2,3,4,5,6,7,8,9
8000	0
8001	0
8002	0
8003	0
8004	0
8005	2
8006	2
8007	2
8008	2
8009	2
8010	6
8011	6
8012	6
8013	6
8014	6
8015	9
8016	9
8017	9
8018	9
8019	9
8020	8
8021	8
8022	8
8023	8
8024	8
