0	0
1	1
2	0,2,8,45
3	3
4	4
5	5,34
6	6
7	7,14,29,30,41
8	5,7,8,46,47
9	9
10	10,19
11	11,17,27,32,35
12	12,21
13	13,27
14	14
15	15,39
16	16
17	17
18	18
19	19
20	20
21	21
22	22
23	2,23
24	24
25	25
26	26
27	27
28	28
29	20,29
30	30
31	31
32	32
33	33
34	34
35	35
36	16,17,26,36,43
37	37
38	38,46
39	39
40	40
41	41
42	42
43	43
44	44
45	45
46	43,46
47	47
48	48
49	49
50	6,26
51	22
52	22
53	18
54	3
55	10
56	3
57	34
58	5
59	5
60	23
61	0
62	6
63	6,25
64	18,21
65	0
66	21
67	17,31,45
68	6,10,26
69	8
70	21,22,26
71	3
72	7,15
73	3
74	17
75	13
76	10
77	11
78	25
79	1,5
80	19
81	5
82	37
83	33
84	6
85	2,20,36
86	4
87	12
88	13,36
89	7
90	7
91	0,16
92	30
93	9,18
94	32
95	27
96	11
97	15
98	0
99	9
100	24
101	11
102	6
103	14
104	2
105	14
106	2
107	1
108	16
109	0
110	15
111	2
112	6
113	22
114	14,23
115	1
116	7
117	14
118	0
119	6
120	35
121	9
122	20
123	2
124	13
125	42
126	40
127	0
128	23
129	14
130	3,40
131	15
132	3
133	19
134	6
135	25
136	4
137	19
138	2
139	19
140	10,27
141	19
142	13
143	7,16
144	1
145	1
146	8,18
147	1
148	25
149	16
150	5
151	33
152	17
153	0
154	0
155	6
156	21
157	31,40
158	25
159	13
160	13
161	12
162	1
163	3
164	6
165	3
166	16
167	16
168	17,32
169	1
170	4
171	0
172	3,14,20
173	2
174	3
175	0
176	18
177	6
178	3,28
179	5
180	11
181	35
182	3
183	0
184	0
185	2
186	7
187	29
188	19
189	9
190	16
191	38
192	3
193	21
194	0,14
195	0
196	23
197	24
198	18
199	5
200	23
201	16
202	38
203	2,43
204	11
205	2
206	5
207	3
208	8
209	37
210	32
211	1,29
212	10,15
213	24
214	49
215	18
216	13
217	2
218	7,10
219	6
220	12
221	2
222	10
223	23
224	49
225	14
226	3
227	9
228	20
229	10
230	1,32
231	5
232	48
233	8
234	3
235	23
236	20
237	20
238	31
239	22
240	8
241	21
242	2
243	7
244	4
245	1
246	14
247	12
248	22
249	14
250	3
251	2
252	23
253	1
254	33
255	15
256	21
257	1
258	12
259	2,7
260	5
261	5
262	0
263	11
264	3
265	7
266	11
267	1
268	5
269	17
270	9
271	20
272	36,49
273	23
274	23
275	17
276	0,40
277	7
278	33
279	22,28
280	13
281	41
282	25
283	1
284	13
285	7
286	11
287	14
288	4
289	18
290	9,17
291	17
292	4
293	14
294	9,45
295	22
296	23
297	12
298	6
299	1
300	11
301	2
302	21,37
303	3
304	4
305	2,5
306	3
307	48
308	5
309	15
310	11
311	3
312	3
313	34
314	15
315	2
316	6
317	27
318	12
319	47,48
320	10
321	6
322	3
323	16
324	33
325	2
326	20
327	11,37
328	2
329	4
330	21
331	4
332	3
333	12
334	4
335	36
336	12
337	24
338	9
339	6
340	14
341	1
342	3,15
343	21
344	3
345	6
346	2
347	39
348	1
349	6
350	12
351	0
352	17
353	3
354	7
355	22
356	13
357	2
358	17
359	10
360	42
361	28,46,47
362	1
363	4
364	1,8,35
365	11
366	2
367	0
368	7
369	9
370	0
371	12
372	22
373	7
374	5
375	2
376	11
377	40
378	0
379	6
380	0
381	16
382	0
383	12
384	13
385	9
386	2
387	17,18
388	0
389	25
390	16
391	8
392	18
393	16
394	2
395	1
396	2
397	17
398	26
399	47
400	27
401	2
402	13
403	36
404	8,40
405	20
406	16
407	7
408	2
409	11
410	0
411	18
412	36
413	2
414	9
415	15
416	2
417	34
418	43
419	9
420	14
421	13
422	8
423	6
424	20
425	6
426	3
427	15
428	16
429	2
430	0
431	5
432	37
433	9
434	0
435	15
436	14
437	20
438	6
439	16
440	1
441	1
442	14
443	3
444	21
445	39
446	39
447	24
448	1
449	2
450	27
451	3
452	0
453	17
454	40
455	7
456	29
457	16
458	6
459	9
460	0
461	4
462	12
463	11
464	4
465	16
466	30
467	1
468	21
469	0
470	5
471	6
472	5
473	0
474	9
475	15
476	25
477	2
478	6
479	11
480	4
481	40
482	2
483	1
484	20
485	0
486	3
487	13
488	4
489	15
490	1
491	8
492	6
493	11
494	3
495	14,34
496	12
497	17
498	15
499	1
500	29
501	11
502	7
503	8
504	48
505	0
506	1
507	18
508	0
509	21
510	12
511	18
512	10
513	19
514	33
515	12
516	4
517	3
518	6
519	23
520	3
521	13
522	8
523	44,48
524	2
525	5
526	6
527	9
528	1
529	4
530	14
531	4
532	10
533	2
534	32
535	0
536	42
537	12
538	13
539	10
540	20
541	26
542	16
543	7
544	14
545	8
546	10
547	4
548	15,36
549	1
550	21
551	4
552	26
553	5
554	23
555	41
556	0
557	20
558	10
559	11
560	0
561	0
562	33
563	11
564	3
565	11
566	4
567	4
568	1
569	25
570	3
571	11
572	12
573	13
574	20
575	17
576	48
577	0
578	3
579	9
580	9
581	3
582	2
583	24
584	5
585	34
586	1
587	6
588	1
589	24
590	1
591	5
592	2
593	18
594	18
595	9
596	14
597	5
598	1
599	1
600	15,38
601	0
602	11
603	2
604	12
605	9
606	10
607	2
608	36
609	0
610	5
611	37
612	9
613	15
614	22
615	10
616	10
617	20
618	1
619	42
620	2
621	8
622	2
623	11
624	3
625	1
626	48
627	8
628	8
629	19
630	4
631	11
632	1
633	39
634	20
635	3
636	12
637	36
638	4
639	5
640	15
641	10
642	10
643	27
644	39
645	7
646	7
647	13
648	0
649	2
650	2
651	5
652	19
653	24
654	24
655	8
656	3
657	4
658	0
659	4
660	48
661	23
662	20
663	11
664	19
665	30
666	9
667	18
668	2
669	25,44
670	9
671	5
672	45
673	17,24
674	22
675	23
676	27
677	2
678	2
679	6
680	0
681	13
682	32
683	4
684	21
685	10
686	0,26
687	16
688	16
689	0
690	20,22
691	3
692	8
693	4
694	12
695	9
696	7
697	17
698	4
699	13
700	24
701	25
702	7,43
703	30
704	11
705	2
706	4
707	2
708	18
709	18
710	18
711	7
712	3
713	4
714	30
715	19
716	5
717	2
718	8
719	9
720	18
721	1
722	3
723	10
724	11
725	5
726	9
727	2
728	0
729	12
730	4
731	16
732	6
733	4
734	7
735	5
736	0
737	31
738	21
739	13
740	6
741	31,41
742	6
743	32
744	4
745	31
746	0
747	13
748	25
749	4
750	8
751	10
752	5
753	17
754	5
755	8
756	0
757	13
758	23
759	2
760	39
761	37
762	20
763	6
764	1
765	26
766	31
767	18
768	8
769	22
770	4
771	0
772	17
773	17
774	0
775	29
776	7
777	4
778	6
779	10
780	5
781	20
782	8
783	7
784	3
785	3
786	13
787	3
788	13
789	11
790	20
791	4
792	1
793	12
794	16
795	31
796	10
797	14
798	16
799	10
800	6
801	0
802	7
803	3
804	17
805	18
806	1
807	8
808	16
809	29
810	7
811	29
812	17
813	14
814	47
815	3
816	7
817	5
818	7
819	0
820	3
821	9
822	12
823	27
824	15
825	15
826	12
827	4
828	2
829	12
830	9
831	6
832	37
833	8
834	41
835	35
836	26
837	7
838	3
839	14
840	3
841	36
842	28,37
843	0
844	25,35
845	30
846	6
847	17
848	4
849	11
850	40
851	5
852	30
853	1
854	4
855	1
856	27
857	3
858	0
859	5
860	42
861	4
862	3
863	3
864	23
865	25
866	28
867	23
868	10
869	17
870	16
871	13
872	4
873	9
874	2
875	23,28
876	1
877	9
878	31
879	7
880	6
881	8
882	26
883	27
884	11
885	13
886	12
887	44
888	4
889	0
890	4
891	20
892	44
893	11
894	2,20,31
895	1
896	0
897	3
898	3
899	19
900	20
901	4
902	1
903	13
904	2
905	18
906	2
907	2
908	1
909	10
910	3
911	11
912	10
913	25
914	4
915	0
916	19
917	6
918	10
919	7
920	3
921	2
922	6
923	10
924	3
925	7
926	2
927	26
928	36
929	27
930	24
931	15
932	8
933	10
934	32
935	21,42
936	26
937	5
938	34
939	22
940	14
941	6
942	27
943	17
944	33
945	23
946	18
947	22
948	0
949	7
950	3
951	0
952	13
953	23
954	4
955	0
956	4
957	6
958	5
959	7
960	10
961	2
962	28
963	26
964	12
965	4
966	1
967	12,15
968	33,43
969	4
970	12,41
971	15
972	34
973	4
974	22
975	24
976	14
977	5
978	7
979	8
980	3
981	7
982	37
983	8
984	38
985	45
986	9
987	2
988	44
989	0
990	1,40
991	9
992	19
993	11
994	15
995	6
996	3
997	7,16,44,47
998	9
999	10
1000	0
1001	0
1002	0
1003	0
1004	0
1005	2
1006	2
1007	2
1008	2
1009	2
1010	6
1011	6
1012	6
1013	6
1014	6
1015	14
1016	14
1017	14
1018	14
1019	14
1020	30
1021	30
1022	30
1023	30
1024	30
1025	49
1026	49
1027	49
1028	49
1029	49
1030	48
1031	48
1032	48
1033	48
1034	48
1035	47
1036	47
1037	47
1038	47
1039	47
1040	46
1041	46
1042	46
1043	46
1044	46
1045	45
1046	45
1047	45
1048	45
1049	45
1050	44
1051	44
1052	44
1053	44
1054	44
1055	43
1056	43
1057	43
1058	43
1059	43
1060	42
1061	42
1062	42
1063	42
1064	42
1065	41
1066	41
1067	41
1068	41
1069	41
1070	40
1071	40
1072	40
1073	40
1074	40
1075	39
1076	39
1077	39
1078	39
1079	39
1080	38
1081	38
1082	38
1083	38
1084	38
1085	37
1086	37
1087	37
1088	37
1089	37
1090	36
1091	36
1092	36
1093	36
1094	36
1095	35
1096	35
1097	35
1098	35
1099	35
1100	34
1101	34
1102	34
1103	34
1104	34
1105	33
1106	33
1107	33
1108	33
1109	33
1110	32
1111	32
1112	32
1113	32
1114	32
1115	29
1116	29
1117	29
1118	29
1119	29
1120	31
1121	31
1122	31
1123	31
1124	31
