0	0
1	1
2	2,4
3	0,3
4	4
5	5
6	6
7	7
8	1,8
9	9
10	4,9
11	3
12	1
13	1
14	0
15	3
16	9
17	8
18	1
19	2
20	0
21	1
22	4
23	4
24	5
25	1,8
26	2
27	1
28	2
29	5,6
30	3
31	2,7
32	0
33	2
34	4
35	0
36	0
37	0
38	2
39	0
40	1
41	0
42	1
43	4
44	5
45	1
46	0
47	0
48	0,4,7
49	2,8
50	0
51	0
52	0,7
53	0,1
54	1
55	0,3
56	7
57	0
58	5
59	3,6,8
60	0
61	0
62	1
63	1,3,7
64	2
65	1
66	2,9
67	5
68	0,2
69	0
70	4,9
71	3
72	0,4
73	3,4
74	0
75	1,7
76	9
77	2
78	1,4
79	4
80	4
81	3,4
82	1
83	8
84	1
85	8
86	9
87	1
88	1,3
89	3
90	0,9
91	2,5
92	2
93	3
94	9
95	2,8
96	0
97	2
98	1
99	0,7
100	0
101	3
102	0
103	6
104	0,8
105	3
106	5
107	0
108	0
109	0,2
110	0
111	4,5
112	0,1,2,5,9
113	2,3
114	2
115	1
116	1,7,8
117	8
118	0
119	4
120	3
121	2
122	0
123	1
124	3
125	1,2
126	0
127	2
128	8
129	3
130	0,4
131	0
132	1,7
133	1
134	1
135	1
136	0
137	1
138	1,5
139	2
140	0
141	6
142	5
143	1
144	0
145	1,3
146	3
147	1
148	1
149	3
150	0,3,8
151	5
152	2
153	0
154	2
155	6,8,9
156	1
157	0,1,5
158	1
159	3
160	0
161	3
162	0
163	1,4
164	2
165	3
166	3
167	1
168	1
169	0,2,3
170	7
171	1
172	0
173	5
174	1,3
175	0,2,9
176	0
177	1
178	0,1,6,9
179	5
180	0,2
181	3,5
182	0
183	1
184	1,5
185	1,9
186	1
187	1,3
188	3
189	4
190	2
191	4,6,8
192	0
193	0
194	1
195	4
196	0
197	2
198	1
199	1
200	2,9
201	2
202	2,5
203	0,1
204	1
205	0
206	0,3
207	4
208	5
209	1
210	7
211	1
212	2
213	6
214	9
215	2
216	1
217	1
218	1
219	2
220	0
221	0
222	2,8
223	0
224	0,2
225	1
226	0
227	2
228	2,7
229	1,2,3
230	3,7
231	3
232	3
233	0
234	8
235	2
236	1
237	0
238	2,3
239	0,2,8
240	4
241	1
242	0
243	6
244	6,7
245	1
246	0
247	2
248	1
249	0
250	1
251	1
252	4
253	4
254	1
255	8
256	1
257	2
258	0,1
259	0,3
260	6
261	0,2
262	5
263	4
264	0
265	1
266	4
267	2,9
268	1,6
269	3
270	0,5
271	0
272	5
273	1
274	1
275	1
276	1
277	1
278	7
279	2
280	1,5
281	0
282	2
283	4
284	4
285	1
286	3
287	6
288	1
289	2
290	3
291	1
292	5
293	0,1,5
294	0
295	6
296	4,8
297	3
298	3,5
299	1,2,7
300	4,6,8
301	3
302	1
303	0
304	0
305	0
306	8
307	2
308	0,4
309	3,8
310	1
311	3
312	3
313	0
314	5,6,8
315	4
316	2
317	1
318	0
319	1
320	0,2,7
321	1,6
322	1,5
323	1
324	6,7
325	2
326	1
327	3
328	3
329	3
330	4,6
331	0
332	2
333	1
334	1
335	1
336	6
337	0
338	0,5
339	1
340	2,9
341	4
342	1
343	1
344	5
345	4
346	3
347	0
348	2
349	3
350	0
351	9
352	1
353	0
354	1
355	1
356	1
357	4,8
358	0
359	0
360	0
361	0,5
362	6
363	9
364	7
365	0
366	2
367	3,5
368	1,3
369	1
370	0
371	1
372	0
373	0
374	2
375	1
376	0
377	4
378	1,7
379	3,7
380	0
381	8
382	4
383	1
384	2
385	2
386	1
387	2
388	0
389	0
390	9
391	3
392	1
393	2
394	0
395	2
396	0
397	1
398	2
399	1
400	0,1
401	1
402	0
403	6,9
404	0
405	0
406	2
407	1
408	1
409	2
410	1
411	3,5
412	1
413	2
414	0
415	1
416	2
417	4
418	0
419	1
420	2
421	1
422	2
423	2
424	1,3
425	1
426	2,4
427	0,2
428	2
429	0
430	0
431	0,6,8
432	4
433	0,7
434	1
435	1,7
436	5
437	0
438	0
439	0
440	1
441	2
442	1
443	3
444	1
445	0,7
446	0,2
447	0
448	2
449	5
450	8
451	0,8
452	1
453	1
454	2
455	4,9
456	3
457	3
458	0
459	0
460	1
461	7
462	1
463	7
464	5
465	0
466	0
467	1
468	0
469	3
470	4
471	1
472	0
473	3
474	1
475	0
476	0
477	0
478	0
479	0
480	3
481	1
482	2
483	0,3,5
484	5
485	4
486	0,1
487	3
488	2
489	3
490	2
491	3
492	1
493	3
494	2
495	2
496	0
497	0
498	4
499	2
500	1,7
501	1,9
502	0
503	0
504	3
505	3
506	1,6
507	0
508	5
509	0
510	7
511	2
512	0
513	2
514	2
515	3
516	4
517	2
518	0
519	8,9
520	1
521	2
522	6
523	1
524	2
525	3
526	0
527	5
528	0
529	0
530	1,6
531	0
532	3
533	6
534	0
535	0
536	4
537	0
538	1
539	2,9
540	0
541	2,3
542	1
543	2
544	4
545	4,5
546	5
547	4
548	4
549	1,5
550	8
551	2
552	1
553	0
554	0
555	2
556	5
557	6
558	0
559	1
560	1
561	4
562	1
563	9
564	4
565	0
566	1
567	3
568	0
569	0
570	7
571	1
572	1
573	0
574	5
575	0
576	1
577	0
578	6
579	0
580	0
581	0
582	0
583	0,5
584	6
585	1
586	4
587	1
588	4
589	4
590	5
591	0
592	0
593	0
594	1
595	1
596	5
597	6
598	2
599	0
600	0
601	4
602	6,8
603	0
604	2
605	4
606	0
607	2
608	1
609	0
610	1
611	5
612	1
613	3
614	1
615	2
616	0
617	0
618	6
619	2
620	1
621	3
622	0
623	0
624	1
625	3
626	1
627	0
628	1
629	0
630	0
631	0
632	2
633	5
634	1
635	0
636	3
637	3
638	0
639	0
640	0
641	0
642	0
643	1
644	0
645	3
646	0
647	0
648	5
649	5
650	0
651	1,2
652	1
653	0
654	1,4
655	2
656	1
657	0
658	3
659	3
660	0
661	0
662	3
663	2
664	2
665	6
666	4
667	6
668	4,7
669	0
670	2
671	1
672	6
673	0
674	2
675	1
676	0
677	2,6
678	2
679	0
680	4
681	2
682	1,7
683	0
684	0
685	7
686	0,8
687	7
688	0
689	4
690	1
691	0
692	0
693	1
694	0
695	4
696	1
697	1
698	2
699	0
700	2
701	0
702	1
703	0
704	3
705	0
706	8
707	4
708	0
709	5
710	5
711	2
712	2,8
713	0
714	2
715	7
716	0
717	3
718	1
719	2
720	1
721	0
722	1,3
723	4
724	1
725	1
726	0
727	1
728	1
729	1,5
730	0
731	4
732	2
733	1
734	2
735	7
736	4
737	1,3
738	6
739	2
740	1
741	0,5
742	0
743	9
744	1
745	2,4
746	5
747	0
748	0
749	1
750	1
751	3,4,5
752	3
753	0
754	5
755	2
756	5
757	5,9
758	0
759	2
760	5
761	2
762	0
763	0
764	2
765	1
766	5
767	3
768	2
769	6
770	0
771	0
772	1
773	2
774	5
775	0
776	0
777	6
778	4
779	0
780	0
781	4
782	7
783	1,4,8
784	0
785	0
786	6
787	0
788	2,3,7
789	1
790	1
791	0,5
792	0
793	3
794	7
795	3
796	0
797	7
798	3
799	9
800	3
801	0
802	4
803	0
804	6
805	1
806	3
807	0
808	2
809	1
810	2
811	1
812	2
813	4
814	1
815	9
816	1
817	2
818	2
819	0
820	0
821	0
822	7
823	0
824	0
825	5
826	3,4
827	5
828	0
829	3
830	0
831	2
832	1
833	5
834	2
835	8
836	2
837	8
838	0
839	0
840	3
841	5
842	1
843	2
844	3
845	8
846	0
847	0
848	5
849	0
850	0
851	0
852	0
853	0
854	1
855	1
856	1
857	1
858	0,8,9
859	0
860	2
861	1
862	3
863	5
864	0
865	8
866	0
867	5,7,8,9
868	5
869	1,6
870	2
871	2,9
872	1
873	3
874	0
875	0,5
876	1
877	1
878	1
879	2
880	1
881	0
882	2
883	7
884	4
885	2
886	2
887	1
888	5
889	1
890	1
891	0
892	7
893	2,4,5
894	4
895	1
896	1
897	2
898	0,3
899	0
900	6
901	0
902	1
903	4
904	0
905	1
906	1
907	3
908	1
909	2
910	1
911	0
912	0
913	2
914	0
915	3
916	0
917	0
918	9
919	2
920	8
921	0
922	2
923	6,7
924	0
925	1
926	2
927	3
928	1
929	1
930	1
931	0
932	5
933	0
934	1
935	0,5
936	4
937	2
938	0
939	7
940	3
941	3,6
942	1
943	2
944	8
945	1
946	1
947	3
948	5
949	0
950	2
951	3
952	0
953	7
954	3,4
955	0
956	4
957	1
958	1
959	3
960	0
961	3
962	1
963	1
964	3
965	0
966	0
967	0
968	3
969	1
970	4
971	3
972	0
973	2
974	3
975	0
976	0
977	0
978	2
979	1
980	5
981	4
982	2
983	2
984	1
985	0
986	6
987	1
988	7
989	1
990	2
991	2
992	0
993	3
994	0
995	3
996	1
997	2
998	0
999	1
1000	2
1001	5
1002	5,7
1003	0
1004	0
1005	4
1006	0
1007	0
1008	5
1009	2
1010	4
1011	2
1012	0
1013	8
1014	0
1015	0
1016	0
1017	2
1018	0
1019	0
1020	0
1021	4
1022	4
1023	1
1024	2
1025	3
1026	3
1027	1
1028	0
1029	0
1030	0
1031	0
1032	3
1033	2
1034	1
1035	2
1036	6
1037	0
1038	0
1039	2
1040	0
1041	0
1042	3
1043	0
1044	1
1045	0
1046	0
1047	0
1048	1
1049	1
1050	4
1051	1
1052	1
1053	0
1054	1
1055	4
1056	0
1057	0
1058	5
1059	2
1060	0,5
1061	1
1062	4
1063	0
1064	2
1065	1
1066	3,4
1067	0
1068	2
1069	2
1070	1
1071	1
1072	4
1073	4,7
1074	6
1075	1
1076	0
1077	1
1078	9
1079	0
1080	1
1081	5
1082	2
1083	8
1084	0
1085	1
1086	0
1087	0
1088	0
1089	4
1090	0
1091	1
1092	0
1093	2
1094	1,2
1095	4,5,8
1096	8
1097	8
1098	2
1099	8
1100	1
1101	5
1102	3
1103	0
1104	0
1105	2
1106	1
1107	1
1108	1
1109	3
1110	2
1111	1
1112	1
1113	0,8
1114	3
1115	6
1116	0
1117	3
1118	6
1119	0
1120	1
1121	2
1122	0
1123	7
1124	0
1125	3
1126	0
1127	9
1128	1
1129	0
1130	1
1131	4
1132	1
1133	7
1134	0
1135	0
1136	5
1137	0
1138	4
1139	3
1140	1
1141	0,4
1142	0
1143	3
1144	0
1145	3
1146	5
1147	1
1148	2
1149	3
1150	1
1151	1
1152	1
1153	1
1154	1
1155	7
1156	0
1157	1
1158	0
1159	0
1160	2
1161	3
1162	1
1163	1
1164	4
1165	2
1166	2
1167	3
1168	4
1169	3,9
1170	1
1171	5
1172	0
1173	5
1174	1
1175	1
1176	4
1177	4
1178	0
1179	1
1180	1,9
1181	0
1182	3
1183	8
1184	0
1185	1
1186	0
1187	2,6
1188	3
1189	2
1190	0
1191	1
1192	3
1193	0
1194	1
1195	3
1196	4
1197	0
1198	0
1199	0
1200	0
1201	5
1202	9
1203	3
1204	0
1205	5
1206	0
1207	0
1208	8
1209	0
1210	1
1211	1
1212	0
1213	0
1214	3
1215	2
1216	0
1217	0
1218	0
1219	3,9
1220	1
1221	3
1222	2
1223	8
1224	2
1225	7
1226	0
1227	0
1228	1
1229	3
1230	0
1231	0
1232	2
1233	5
1234	5
1235	4
1236	1
1237	1
1238	0
1239	8
1240	5
1241	3
1242	0
1243	5
1244	3
1245	0,3,6,9
1246	2
1247	3
1248	3
1249	1
1250	3
1251	3
1252	2
1253	0
1254	1
1255	3
1256	0
1257	4
1258	7
1259	0
1260	1
1261	0
1262	1
1263	0
1264	2
1265	1
1266	3
1267	3
1268	2
1269	5
1270	0,2,6
1271	2
1272	1
1273	3
1274	0
1275	1
1276	0
1277	1
1278	0
1279	4
1280	3,4,9
1281	4
1282	0
1283	4
1284	1
1285	0
1286	5
1287	1
1288	0
1289	0
1290	5
1291	0
1292	1
1293	7
1294	8
1295	0
1296	0
1297	1,8
1298	0
1299	5
1300	4,8
1301	0
1302	6
1303	2
1304	0
1305	4
1306	0
1307	4
1308	0
1309	1
1310	0
1311	0
1312	9
1313	0
1314	1
1315	0
1316	0
1317	0
1318	1
1319	0
1320	2
1321	3
1322	6
1323	2
1324	4,6
1325	3
1326	0
1327	0
1328	1
1329	3
1330	4
1331	0
1332	2
1333	1
1334	0
1335	0
1336	0
1337	1
1338	4
1339	3
1340	3
1341	0
1342	2
1343	8
1344	7
1345	0
1346	8
1347	2
1348	3
1349	0
1350	2
1351	3
1352	6
1353	1
1354	0
1355	1
1356	2
1357	1
1358	6
1359	2
1360	5
1361	6
1362	2,8,9
1363	2
1364	3
1365	1
1366	0
1367	3
1368	3
1369	0
1370	1
1371	2
1372	0
1373	6
1374	6
1375	3
1376	7
1377	1
1378	0
1379	1
1380	7
1381	1
1382	0
1383	4
1384	5
1385	3
1386	2
1387	0
1388	1
1389	0
1390	4
1391	3
1392	4
1393	2,7
1394	0
1395	1
1396	1
1397	4
1398	2
1399	5
1400	0
1401	3
1402	2
1403	0
1404	1
1405	0
1406	0
1407	8
1408	1
1409	0
1410	1
1411	1
1412	2
1413	2
1414	0
1415	0
1416	1,2
1417	2
1418	0
1419	1
1420	0
1421	1
1422	1
1423	0
1424	3
1425	0,6,7
1426	0,7
1427	1
1428	0
1429	2
1430	2
1431	0
1432	1
1433	4
1434	0,5
1435	1
1436	1
1437	1
1438	7
1439	3
1440	3
1441	9
1442	2
1443	0
1444	4
1445	0
1446	1
1447	2
1448	2
1449	3
1450	3
1451	8
1452	1
1453	3
1454	1
1455	9
1456	0
1457	0
1458	1
1459	4
1460	6
1461	5
1462	2
1463	2
1464	2
1465	2
1466	2
1467	0
1468	5
1469	5
1470	2
1471	1
1472	1,9
1473	8
1474	0
1475	4
1476	1
1477	7
1478	3
1479	6
1480	1
1481	4
1482	1
1483	5
1484	0
1485	0
1486	0
1487	0
1488	0
1489	2
1490	5
1491	5
1492	4
1493	3
1494	0
1495	2
1496	2
1497	6
1498	0
1499	2
1500	0
1501	2
1502	1
1503	1
1504	1
1505	2,7
1506	5
1507	0
1508	2
1509	5
1510	3
1511	0
1512	0
1513	5
1514	0
1515	2
1516	0
1517	2
1518	0
1519	3
1520	1
1521	2
1522	7
1523	2
1524	0
1525	0
1526	9
1527	5
1528	2
1529	1
1530	4
1531	2
1532	1
1533	2
1534	1
1535	0
1536	1,7
1537	1
1538	2
1539	1
1540	6
1541	7
1542	5,7
1543	0
1544	4
1545	1
1546	8
1547	0
1548	2
1549	6
1550	4,9
1551	1
1552	0
1553	3
1554	1
1555	1
1556	1
1557	0
1558	1
1559	5
1560	4,6
1561	1
1562	0
1563	0
1564	0
1565	3
1566	0
1567	0
1568	4
1569	1
1570	9
1571	7
1572	1
1573	0
1574	0
1575	2
1576	5
1577	0
1578	1
1579	3
1580	7
1581	0
1582	0
1583	1
1584	3
1585	1
1586	3
1587	2
1588	8
1589	3
1590	0
1591	6
1592	2
1593	0
1594	4
1595	2
1596	0
1597	2
1598	5
1599	0
1600	1
1601	1
1602	4
1603	2
1604	1
1605	6,8
1606	6
1607	1
1608	1
1609	0
1610	1
1611	2
1612	7
1613	0
1614	0
1615	0
1616	4
1617	1
1618	0
1619	1
1620	4
1621	4
1622	1
1623	0
1624	3
1625	0
1626	3
1627	0
1628	3
1629	0
1630	2,7
1631	2
1632	1
1633	2
1634	8
1635	1
1636	0
1637	1
1638	1
1639	0
1640	1
1641	0
1642	5
1643	0
1644	5
1645	2
1646	1
1647	9
1648	0
1649	1
1650	6
1651	2
1652	2
1653	0
1654	3
1655	0
1656	1
1657	9
1658	8
1659	1
1660	4
1661	9
1662	2
1663	1
1664	0
1665	7
1666	7,9
1667	2
1668	0
1669	0,3
1670	5
1671	7
1672	2
1673	7
1674	0
1675	4
1676	0
1677	0
1678	1
1679	6
1680	3
1681	0
1682	0
1683	2
1684	1
1685	0
1686	3
1687	0
1688	0
1689	8
1690	8
1691	1
1692	1
1693	7
1694	1
1695	3
1696	2
1697	7
1698	3
1699	1
1700	1
1701	5
1702	0
1703	0
1704	1
1705	2
1706	2
1707	0
1708	0
1709	4
1710	1
1711	0
1712	2
1713	2
1714	0
1715	5
1716	0
1717	0
1718	4
1719	1
1720	1
1721	8
1722	5
1723	2
1724	5
1725	1
1726	2
1727	2
1728	7
1729	4
1730	0
1731	2
1732	0
1733	7
1734	6
1735	1
1736	0
1737	4
1738	2
1739	1
1740	2
1741	1
1742	1
1743	7
1744	7
1745	0
1746	3
1747	2
1748	2
1749	5
1750	4
1751	6
1752	3
1753	2
1754	4
1755	4
1756	2
1757	4
1758	2
1759	1
1760	1
1761	0
1762	2
1763	3
1764	5,7
1765	4
1766	5
1767	1
1768	0
1769	1
1770	5
1771	0
1772	3
1773	1
1774	2
1775	2
1776	2
1777	3
1778	1
1779	0
1780	3
1781	0
1782	0
1783	0
1784	3,5,7
1785	2
1786	0
1787	2
1788	3
1789	4
1790	2
1791	1
1792	0
1793	3
1794	4
1795	1
1796	1
1797	1
1798	0
1799	2
1800	7
1801	1
1802	1,7
1803	0
1804	1
1805	1
1806	4
1807	0
1808	2
1809	2
1810	1
1811	2
1812	1
1813	1
1814	2
1815	9
1816	7
1817	0
1818	1
1819	0
1820	0
1821	3
1822	1
1823	0
1824	5
1825	9
1826	1
1827	0
1828	4
1829	2
1830	2
1831	6
1832	1
1833	0
1834	1
1835	0
1836	4
1837	0
1838	0
1839	4,7
1840	4
1841	1
1842	0
1843	7
1844	1
1845	0
1846	7
1847	1
1848	0
1849	0
1850	8
1851	3
1852	3
1853	0
1854	0
1855	3
1856	1
1857	0
1858	2
1859	3
1860	6
1861	2
1862	2,5
1863	1
1864	6
1865	2
1866	2
1867	0
1868	2
1869	6
1870	4
1871	0
1872	3
1873	2
1874	0
1875	2
1876	0
1877	0
1878	5
1879	4
1880	4
1881	2
1882	2
1883	3
1884	7
1885	8
1886	1
1887	0
1888	7
1889	1
1890	1
1891	5,9
1892	1
1893	3
1894	3
1895	8
1896	0
1897	0
1898	4
1899	0
1900	3
1901	5
1902	2
1903	5
1904	5
1905	1
1906	7
1907	7
1908	0
1909	0
1910	2
1911	5
1912	1,4
1913	0
1914	3
1915	2
1916	0
1917	0
1918	4
1919	2
1920	1
1921	1
1922	3
1923	0
1924	6
1925	1
1926	2
1927	1
1928	0
1929	3
1930	2
1931	2
1932	3
1933	0
1934	2
1935	1
1936	6
1937	1
1938	0
1939	5
1940	2
1941	6
1942	0
1943	3
1944	1
1945	0
1946	1
1947	4
1948	1
1949	1
1950	1
1951	2
1952	1
1953	6
1954	1
1955	3
1956	3
1957	2
1958	3
1959	8
1960	5
1961	2
1962	0,6,9
1963	6
1964	1
1965	9
1966	5
1967	1
1968	2
1969	2
1970	4
1971	0
1972	0
1973	2
1974	0
1975	0
1976	2,6
1977	8
1978	0
1979	0
1980	2
1981	0
1982	0
1983	6,7
1984	0
1985	4
1986	3
1987	0
1988	0,9
1989	2
1990	1
1991	4
1992	1
1993	0
1994	2
1995	3
1996	0
1997	1
1998	6
1999	0
2000	0
2001	4
2002	6,7
2003	6
2004	2
2005	2
2006	2
2007	1
2008	1
2009	0,5
2010	2
2011	2
2012	0
2013	1
2014	4
2015	3,8
2016	0
2017	5
2018	6
2019	1,4
2020	0
2021	3
2022	0
2023	3
2024	7
2025	5
2026	3
2027	1
2028	0
2029	4
2030	0
2031	1
2032	3
2033	8
2034	5
2035	6
2036	1
2037	4
2038	0
2039	0
2040	1
2041	1
2042	0
2043	3
2044	6
2045	1
2046	1
2047	1
2048	0
2049	0
2050	7
2051	6
2052	5
2053	2
2054	8
2055	1
2056	0
2057	2
2058	0
2059	6
2060	2
2061	0
2062	3,5
2063	2
2064	2
2065	7
2066	1
2067	0
2068	3
2069	4
2070	0
2071	2
2072	1
2073	2
2074	2
2075	1
2076	4
2077	0
2078	0
2079	8
2080	1
2081	0
2082	7
2083	0
2084	9
2085	7
2086	0
2087	1
2088	0
2089	2
2090	1
2091	8,9
2092	0
2093	6
2094	3
2095	0
2096	2
2097	7
2098	1
2099	5
2100	3,4
2101	3
2102	0
2103	3
2104	1
2105	5
2106	0
2107	4
2108	3
2109	2
2110	1
2111	2
2112	0
2113	0
2114	6
2115	0
2116	3
2117	0
2118	2
2119	3
2120	1
2121	1
2122	0
2123	5
2124	8
2125	6
2126	0
2127	3
2128	6
2129	6
2130	3
2131	2
2132	5
2133	2
2134	1
2135	0
2136	4
2137	1
2138	5,8
2139	0
2140	2
2141	4
2142	3
2143	3
2144	0
2145	0
2146	3
2147	5
2148	0
2149	0
2150	0
2151	3
2152	5
2153	0
2154	6
2155	4
2156	0
2157	1
2158	0
2159	6
2160	0
2161	3
2162	0
2163	5
2164	4
2165	1
2166	3
2167	3
2168	3
2169	0
2170	2
2171	3,4
2172	1
2173	1
2174	1
2175	1
2176	3
2177	0
2178	0
2179	5
2180	2
2181	0
2182	3
2183	2
2184	0
2185	3
2186	5
2187	2
2188	4
2189	1
2190	0
2191	1
2192	6
2193	0
2194	2
2195	1
2196	7
2197	0
2198	0
2199	1
2200	2
2201	0
2202	3
2203	0
2204	9
2205	1
2206	2
2207	7
2208	3
2209	0
2210	3
2211	0
2212	2
2213	0
2214	1
2215	4
2216	1
2217	0
2218	2
2219	1
2220	1
2221	3
2222	1
2223	0
2224	8
2225	1
2226	0
2227	1
2228	2
2229	8
2230	4
2231	0
2232	4
2233	0
2234	0
2235	0
2236	9
2237	2
2238	3
2239	1
2240	7
2241	1
2242	2
2243	6
2244	2
2245	0
2246	0
2247	1
2248	3
2249	0
2250	2
2251	4
2252	3,5
2253	2
2254	4
2255	0
2256	2
2257	0
2258	0
2259	0
2260	1
2261	3
2262	2
2263	0
2264	1
2265	0
2266	0
2267	2
2268	1
2269	6
2270	1
2271	1
2272	9
2273	4
2274	2
2275	4
2276	8
2277	1
2278	6
2279	4
2280	2
2281	3
2282	1
2283	0
2284	4
2285	3
2286	4,9
2287	1
2288	2
2289	1
2290	4
2291	2
2292	1
2293	3
2294	0
2295	2
2296	1
2297	5
2298	3
2299	2
2300	3
2301	2
2302	2
2303	1
2304	3
2305	4
2306	0
2307	4
2308	0
2309	1
2310	0
2311	6
2312	2
2313	6
2314	2
2315	1
2316	5
2317	4
2318	6
2319	0
2320	2
2321	2
2322	0
2323	8
2324	1
2325	1,7
2326	1
2327	7
2328	1
2329	2
2330	6
2331	3
2332	4
2333	0
2334	6
2335	0
2336	1
2337	4
2338	4
2339	1
2340	3
2341	0
2342	7
2343	2,4
2344	3
2345	2
2346	3
2347	9
2348	0
2349	4
2350	2
2351	4
2352	6
2353	0
2354	2
2355	3
2356	0
2357	1
2358	7
2359	2
2360	3
2361	1
2362	6
2363	0
2364	1
2365	2
2366	5
2367	1
2368	1
2369	0
2370	1
2371	5
2372	4
2373	0
2374	4
2375	1
2376	1
2377	2
2378	2
2379	6
2380	2
2381	0
2382	4
2383	0
2384	2
2385	3
2386	5
2387	5
2388	0
2389	0
2390	0
2391	0
2392	0
2393	0
2394	0
2395	3
2396	0
2397	0
2398	5
2399	1
2400	4
2401	6
2402	1
2403	5
2404	7,9
2405	0
2406	0
2407	4
2408	2
2409	1
2410	1
2411	0
2412	5
2413	2
2414	4
2415	2
2416	1
2417	4
2418	3
2419	2
2420	0
2421	1
2422	2
2423	1
2424	0
2425	0
2426	0
2427	4
2428	6,9
2429	0
2430	0
2431	0
2432	0
2433	0
2434	1
2435	1
2436	5,6
2437	3
2438	1,6
2439	1
2440	4
2441	7
2442	4
2443	2
2444	0
2445	3
2446	5
2447	2
2448	2
2449	7
2450	3
2451	5,7
2452	3
2453	0
2454	0
2455	2
2456	2
2457	5
2458	1
2459	1
2460	7
2461	0
2462	2
2463	1
2464	1,5
2465	2
2466	2
2467	0
2468	6
2469	4
2470	6
2471	9
2472	6,8
2473	3
2474	1
2475	1
2476	2
2477	1
2478	5
2479	4
2480	8,9
2481	9
2482	4
2483	3
2484	2
2485	0
2486	3
2487	1
2488	0
2489	5
2490	0
2491	0
2492	2
2493	0
2494	0
2495	0
2496	3
2497	2
2498	0
2499	1
2500	6
2501	1
2502	0
2503	2
2504	4
2505	1
2506	1
2507	4
2508	8
2509	3
2510	2,4
2511	2
2512	1
2513	8
2514	0
2515	0
2516	1
2517	2
2518	0
2519	2
2520	4
2521	1
2522	0
2523	3
2524	2
2525	2
2526	3
2527	0,9
2528	4
2529	1
2530	3
2531	2
2532	7
2533	0
2534	3
2535	0
2536	0
2537	5,7
2538	1
2539	6
2540	1
2541	1
2542	1
2543	3
2544	4
2545	5
2546	1
2547	4
2548	1
2549	1
2550	0
2551	8
2552	2
2553	6
2554	2
2555	5
2556	0
2557	1
2558	0
2559	0
2560	5
2561	0
2562	1
2563	7
2564	1
2565	0
2566	1
2567	3
2568	6
2569	2
2570	0
2571	2
2572	0
2573	2
2574	1
2575	0,4
2576	3
2577	6
2578	7
2579	6
2580	2
2581	1
2582	4
2583	2
2584	2
2585	4
2586	1
2587	1
2588	5
2589	0
2590	0
2591	2
2592	1
2593	4
2594	0
2595	4
2596	0
2597	0
2598	0
2599	3
2600	2
2601	2
2602	0
2603	0
2604	1
2605	4
2606	0
2607	1
2608	0
2609	0
2610	3,7
2611	0
2612	0
2613	0
2614	0
2615	5
2616	2
2617	0
2618	0
2619	0
2620	0
2621	0
2622	6
2623	5
2624	2
2625	8,9
2626	1,6
2627	0
2628	5
2629	0
2630	0
2631	2
2632	2
2633	0
2634	7,9
2635	1
2636	0
2637	8
2638	3
2639	3
2640	1
2641	2
2642	1
2643	4,7
2644	0
2645	2
2646	4
2647	0
2648	0
2649	0
2650	2
2651	5
2652	1
2653	0
2654	5
2655	1
2656	7
2657	5
2658	3
2659	0
2660	3
2661	8,9
2662	3
2663	0
2664	0
2665	2
2666	6
2667	1
2668	1
2669	5
2670	8
2671	0
2672	5
2673	1
2674	1
2675	1
2676	9
2677	5,8
2678	1
2679	5
2680	1
2681	1
2682	5
2683	4
2684	0
2685	2
2686	7
2687	3
2688	1
2689	0
2690	0
2691	0
2692	4,6
2693	3
2694	1
2695	8
2696	0
2697	8
2698	1
2699	0
2700	0
2701	0
2702	2
2703	1
2704	0
2705	2
2706	0
2707	1
2708	0
2709	4
2710	4
2711	1
2712	5
2713	6
2714	0
2715	5
2716	0
2717	2,5
2718	1
2719	1
2720	1
2721	0
2722	3
2723	2
2724	3
2725	1
2726	0
2727	4
2728	1
2729	3
2730	6
2731	2
2732	4
2733	0
2734	0
2735	6
2736	0
2737	0
2738	4
2739	0
2740	2
2741	1
2742	1
2743	0
2744	2
2745	1
2746	0
2747	0
2748	0
2749	5
2750	0
2751	1
2752	0
2753	0
2754	1
2755	1
2756	0
2757	1
2758	0
2759	2
2760	0
2761	0
2762	0
2763	0
2764	8
2765	0
2766	8
2767	1
2768	9
2769	4
2770	3
2771	0
2772	2
2773	6
2774	5
2775	5
2776	2
2777	1
2778	0
2779	0
2780	2
2781	3
2782	4
2783	3
2784	0
2785	4
2786	7
2787	2
2788	1
2789	1
2790	4
2791	4
2792	3
2793	4
2794	3
2795	0
2796	4
2797	0
2798	4
2799	6
2800	0
2801	1
2802	2
2803	1
2804	0
2805	4
2806	3
2807	3
2808	1
2809	2
2810	2
2811	0
2812	0
2813	1
2814	1
2815	5
2816	1
2817	0
2818	0
2819	1
2820	1
2821	2
2822	0
2823	0
2824	1
2825	9
2826	2
2827	3
2828	0
2829	3
2830	1
2831	3,4,8
2832	2
2833	3
2834	3
2835	0
2836	2
2837	3
2838	2
2839	4
2840	0
2841	0
2842	1
2843	0
2844	1
2845	0
2846	1
2847	6
2848	3
2849	5
2850	7
2851	6
2852	6
2853	0
2854	2
2855	2
2856	1
2857	3
2858	1
2859	3
2860	1,5
2861	1
2862	2
2863	3
2864	2
2865	0
2866	1
2867	0
2868	6
2869	0
2870	0
2871	6
2872	6
2873	0
2874	1
2875	1
2876	2
2877	2
2878	0
2879	1
2880	2
2881	0,1,2,3,4,5,6,7,8,9
2882	0
2883	3
2884	0
2885	2
2886	2
2887	3
2888	0
2889	4
2890	0
2891	1
2892	1
2893	1
2894	0
2895	0
2896	0,1,2,3,4,5,6,7,9
2897	1,2
2898	1,5,6,8
2899	0
2900	0
2901	0
2902	0
2903	0
2904	0
2905	2
2906	2
2907	2
2908	2
2909	2
2910	6
2911	6
2912	6
2913	6
2914	6
2915	9
2916	9
2917	9
2918	9
2919	9
2920	8
2921	8
2922	8
2923	8
2924	8
