0	0
1	1,6
2	2,3,6
3	3,6
4	4
5	5
6	6
7	7
8	6,8
9	9
10	1,2
11	1
12	1,4,7
13	1
14	1
15	1
16	0
17	1
18	2,6,7,9
19	3
20	4
21	6,8
22	1,3,5
23	0,2
24	0
25	3
26	5
27	1
28	0
29	7
30	1
31	0,1
32	2
33	1
34	2
35	1
36	2
37	3
38	4
39	4,7
40	1
41	1
42	2
43	6
44	5
45	1
46	1
47	4
48	7
49	3
50	1
51	1
52	1
53	0
54	0
55	0
56	1
57	0
58	2
59	0,7
60	0,3
61	5,6,8
62	6
63	3
64	0
65	1
66	0
67	2
68	2
69	2
70	0
71	1
72	5
73	6
74	2
75	1
76	1
77	3,8
78	2
79	2
80	4,9
81	0
82	1
83	4
84	0
85	4
86	0
87	0
88	1,6
89	1
90	1
91	3
92	0
93	4
94	0,2,6
95	1
96	2,3
97	0
98	7
99	0
100	0
101	1
102	0
103	1
104	0,9
105	4
106	0,8
107	1
108	4
109	2,7,8
110	0
111	4
112	1,2,3
113	0
114	0,1,6
115	1
116	5
117	3
118	2
119	0
120	3
121	1
122	0
123	2
124	3
125	1
126	9
127	0
128	0,3,5,6
129	7
130	4
131	1
132	3
133	0,5
134	1,8
135	5,9
136	0
137	6,9
138	0,5,8
139	2
140	9
141	2
142	0
143	0
144	0
145	2
146	2,6
147	6
148	2,9
149	2,5
150	6
151	1
152	2
153	2,5
154	2
155	1
156	1
157	0,3
158	0
159	6
160	0,4
161	2
162	9
163	2
164	0,5
165	2
166	1
167	2,7
168	3,6
169	1,3,6
170	2,3,6,9
171	1,6
172	0,3,7
173	0
174	3,9
175	1
176	0,2
177	2,4,7
178	0
179	0,3,6
180	0,4
181	0
182	2
183	0,2,4
184	1
185	4,6
186	1
187	4
188	0
189	1
190	7
191	3,8
192	4,9
193	0,2,7
194	7,8
195	2
196	0
197	8
198	0
199	2
200	3
201	1,2,5
202	0,1
203	0
204	1,8
205	1
206	1,5,9
207	3
208	0,3,7,8
209	0,7
210	0
211	1,2,4,6,9
212	4
213	3
214	1,4,6
215	2
216	0,5
217	0
218	2,3,9
219	0
220	1
221	8
222	1
223	1
224	1,7
225	0
226	3
227	7
228	0
229	1
230	2
231	0
232	1
233	0
234	5,6
235	2,6
236	3
237	4
238	0
239	0
240	2
241	3
242	5
243	2
244	0
245	2
246	0,5
247	2,6
248	0
249	1,2,8
250	3,5
251	1
252	1
253	7
254	1,5
255	2
256	2
257	2
258	3
259	0
260	0,7
261	5
262	0
263	1
264	7,8
265	5
266	0,8
267	3
268	1
269	2
270	7
271	0
272	0
273	2,6
274	0
275	0
276	7
277	8
278	0
279	1,5
280	5
281	0
282	3
283	6
284	4
285	2
286	3,4
287	2
288	0,1,6
289	0
290	0
291	1,9
292	2,7
293	0
294	0
295	4
296	0,9
297	1,6
298	2,4,7
299	3
300	0,1,9
301	1
302	1
303	2,7
304	8
305	2
306	1
307	2
308	1
309	0
310	1,4
311	2,9
312	6
313	4,7
314	0
315	7
316	2
317	4
318	2
319	0
320	8
321	0,6
322	0
323	4
324	0,6
325	2,6
326	3
327	0,1
328	0
329	0
330	0,2,4,7,9
331	7
332	0
333	2
334	2
335	0
336	2,4
337	0,1
338	1
339	4,7
340	0,6,9
341	1
342	5
343	3,9
344	2,7
345	1
346	0
347	1
348	0,3
349	0
350	0
351	4
352	3
353	1,2,4
354	0
355	6
356	4
357	1
358	1
359	0
360	1
361	1
362	0
363	0,8
364	1
365	3
366	4
367	3
368	1
369	0
370	4
371	6
372	1
373	0
374	0,7
375	3
376	0
377	1,8
378	1,8
379	2,8
380	3
381	0,1,2
382	0
383	2,3,5
384	1
385	0,1
386	0,4
387	2
388	0,9
389	2
390	2,7,9
391	0,1
392	0
393	0
394	1,8
395	6
396	0
397	6
398	0,5
399	2
400	1
401	4,8
402	4
403	6
404	4
405	0
406	3
407	1
408	1
409	1
410	2,6
411	0
412	2,5
413	0
414	1,3
415	6,8
416	2
417	2
418	3
419	7
420	0
421	1
422	3
423	0
424	0
425	1,8
426	0
427	8
428	3,9
429	5,7,9
430	3
431	9
432	4,6
433	3,6
434	0
435	4
436	0
437	6
438	0
439	2
440	1
441	4
442	0
443	1
444	1
445	1
446	1,2,7
447	1
448	0
449	2,5
450	0
451	0
452	3
453	3
454	4,8
455	1
456	1
457	0
458	1
459	1,6
460	1
461	1
462	2
463	0,5
464	6
465	7
466	1
467	6
468	7
469	4
470	0
471	0
472	1
473	0
474	0
475	3
476	2
477	0
478	3
479	1
480	2
481	1
482	1,4
483	0,9
484	1
485	6
486	2
487	0
488	1
489	0
490	2
491	2
492	0
493	2
494	0
495	1,9
496	0,3
497	1
498	2
499	0
500	1
501	0,8
502	2
503	0
504	4
505	5
506	1
507	1
508	6
509	2,3
510	2
511	0
512	4
513	4
514	3,8
515	1
516	1
517	0
518	1
519	2
520	4
521	1,2
522	1
523	4,5,8
524	0
525	0
526	5
527	1
528	1
529	2
530	3
531	9
532	5,8
533	3
534	0
535	2,8
536	1
537	0
538	2
539	0
540	2
541	0
542	2
543	0,4,7,9
544	3
545	0,4
546	5
547	0,9
548	1
549	1
550	1
551	2,6
552	2,4
553	0
554	3
555	6
556	4
557	4
558	5
559	1
560	0,7
561	3
562	1
563	2
564	0
565	5
566	6
567	5
568	1
569	3
570	1,7
571	1
572	1
573	1
574	3
575	1
576	7
577	0,3
578	5
579	0
580	7
581	2
582	2
583	0
584	0
585	7,9
586	0,1
587	0
588	1
589	4
590	3,8
591	0
592	3
593	1
594	3
595	0
596	2
597	5
598	5
599	6
600	2
601	0
602	0
603	1,6,8
604	1,7
605	2
606	3
607	1
608	0
609	0
610	1,2
611	2
612	3
613	0
614	2
615	0
616	1
617	3
618	0,3
619	2
620	3
621	2
622	8
623	5
624	0
625	0
626	0
627	5
628	3
629	1,6
630	0
631	3
632	6
633	1
634	2
635	4
636	4
637	2
638	3
639	3
640	6
641	2
642	2
643	2
644	5
645	3
646	0
647	3,6,7
648	0
649	0
650	2
651	3,6
652	2
653	1
654	0
655	9
656	4,7,8
657	1
658	2
659	6
660	4
661	0
662	7
663	9
664	2
665	0
666	0
667	0
668	0
669	2
670	0
671	4
672	0
673	0
674	0,5
675	1
676	2
677	0
678	1
679	0
680	4
681	6
682	7
683	1
684	4,9
685	1
686	0
687	2
688	0
689	0
690	4
691	3
692	6
693	3
694	4
695	2
696	0
697	1
698	1
699	3,5,9
700	2
701	2
702	1
703	1
704	2
705	7
706	5
707	0
708	1
709	3
710	3,9
711	1
712	1
713	0
714	4
715	1
716	0
717	4
718	1
719	0
720	4
721	4
722	3
723	7
724	1,9
725	0
726	1
727	1
728	5
729	0
730	1,2,7
731	0
732	4
733	3
734	4
735	2
736	2,5
737	2
738	1
739	0
740	5
741	1
742	0
743	3,8
744	4
745	2
746	1,2,8
747	1
748	1
749	1
750	4
751	5,9
752	0
753	0
754	8
755	9
756	6
757	4
758	1,9
759	0
760	0
761	2
762	2
763	0
764	4
765	1
766	3
767	0
768	4
769	1
770	0
771	1
772	2
773	0
774	1
775	1
776	3
777	1
778	0,3
779	0
780	0
781	0
782	2
783	2
784	4
785	1
786	0,6
787	4
788	0,9
789	1
790	0
791	0
792	2
793	0,6,9
794	1
795	1
796	2,7
797	0
798	4
799	2
800	6
801	0
802	0
803	3,6
804	0
805	0
806	1
807	0
808	0
809	2
810	0
811	0
812	5
813	7
814	1
815	2
816	1
817	0
818	7
819	2,9
820	2
821	6
822	4,8
823	0,9
824	0
825	5
826	0
827	1,8
828	5
829	2
830	4
831	3
832	1
833	4
834	3
835	0
836	4,9
837	1
838	4
839	9
840	6
841	6
842	6,7
843	1
844	5,6
845	4
846	2
847	0
848	3
849	3
850	5
851	0
852	0
853	0
854	0
855	6
856	8
857	1
858	2,7
859	0
860	1
861	0
862	0,1
863	1
864	2
865	2
866	2
867	0
868	7
869	3
870	1
871	5
872	5
873	0
874	5
875	0
876	0
877	2
878	3
879	4
880	3
881	0
882	1
883	3
884	1
885	5
886	3
887	4
888	0
889	1
890	1
891	4
892	0
893	1
894	0
895	1
896	8
897	2
898	0,8
899	0
900	0
901	2,3
902	0
903	2
904	4
905	0,3
906	8
907	8
908	8
909	4
910	0
911	5
912	2
913	2
914	1,8
915	0
916	3
917	2
918	5
919	0
920	0
921	0
922	2
923	5
924	0
925	0,7,9
926	3
927	0
928	9
929	1
930	5
931	1
932	5,9
933	1
934	7
935	4
936	3,7
937	0
938	0
939	4
940	3
941	2
942	7
943	0
944	1
945	0
946	2
947	0
948	1,3
949	6
950	3
951	0
952	0
953	2,3
954	2
955	2,4
956	4,6
957	1
958	9
959	0
960	0
961	4
962	3
963	3
964	6
965	7
966	5,9
967	1
968	0,6
969	2
970	1
971	4
972	0
973	2
974	0
975	0
976	3,9
977	1,2,6
978	0
979	1,2
980	2,3
981	2
982	1
983	0
984	3
985	4,5,7
986	0,3,9
987	3
988	2
989	1,5
990	0
991	2
992	3
993	3
994	8
995	1
996	4
997	0
998	1
999	0
1000	1
1001	2
1002	1
1003	7
1004	0
1005	0
1006	0
1007	5
1008	0
1009	0
1010	4
1011	5
1012	3
1013	0
1014	7
1015	9
1016	7
1017	3
1018	0
1019	3,4
1020	2,8
1021	2
1022	6
1023	5,7
1024	0
1025	1
1026	2
1027	0
1028	7
1029	4
1030	0
1031	8
1032	4
1033	1
1034	3
1035	1
1036	2
1037	2
1038	2,5
1039	2
1040	1
1041	7
1042	0
1043	1
1044	7
1045	2
1046	0
1047	1
1048	7
1049	1
1050	0
1051	3
1052	0
1053	0
1054	1
1055	4
1056	6
1057	2,3,6
1058	0
1059	0,2
1060	3
1061	2,9
1062	0
1063	0
1064	0
1065	3
1066	5
1067	0
1068	4,9
1069	3
1070	3
1071	0
1072	0
1073	1
1074	1
1075	3
1076	0
1077	0
1078	0,4
1079	3,9
1080	0
1081	3
1082	0
1083	0
1084	0
1085	2
1086	7
1087	2
1088	1,4
1089	2
1090	0
1091	1,2
1092	2
1093	4
1094	1
1095	1
1096	4,7
1097	1
1098	0
1099	1,2,4,8
1100	0
1101	2,5
1102	5,7
1103	0
1104	6
1105	5,7
1106	0
1107	0
1108	0
1109	1
1110	1
1111	1
1112	4,5,6,7
1113	1
1114	0
1115	0
1116	0,4
1117	2
1118	2
1119	0
1120	1
1121	0
1122	0
1123	2
1124	0
1125	1
1126	7
1127	1
1128	1
1129	5,9
1130	2
1131	2
1132	1
1133	0
1134	1,7
1135	0
1136	0,5
1137	1
1138	0
1139	0
1140	4
1141	4
1142	2,3
1143	2
1144	0
1145	1
1146	1
1147	2
1148	0
1149	1
1150	1
1151	5
1152	5
1153	0
1154	2
1155	0
1156	4
1157	3,6
1158	2,5,8
1159	3
1160	3
1161	2
1162	3
1163	7,8
1164	2
1165	3
1166	4,9
1167	4,8
1168	0
1169	1
1170	1
1171	1
1172	2
1173	1
1174	2
1175	6
1176	0
1177	1
1178	0
1179	1
1180	6
1181	2
1182	0
1183	3
1184	5
1185	8
1186	1
1187	1
1188	8
1189	2
1190	3
1191	0,7
1192	5
1193	0
1194	5
1195	8
1196	0
1197	1
1198	3
1199	2
1200	2
1201	1,4
1202	2
1203	2
1204	0
1205	5
1206	0
1207	0
1208	3
1209	1
1210	1
1211	0
1212	4,9
1213	2,4,7
1214	2
1215	3
1216	0
1217	0
1218	5
1219	1
1220	5
1221	0,1
1222	1
1223	1
1224	1
1225	0,6
1226	5
1227	0
1228	1
1229	1
1230	2
1231	1
1232	1
1233	4
1234	2,3
1235	2
1236	0
1237	0
1238	0
1239	5
1240	0,1
1241	0,1
1242	1
1243	2
1244	0,4
1245	0
1246	0
1247	7
1248	0
1249	0
1250	8
1251	4
1252	6
1253	8
1254	1
1255	4
1256	2
1257	3
1258	3
1259	7
1260	1,2
1261	1
1262	1
1263	0
1264	2
1265	2
1266	2,7
1267	1
1268	1
1269	2
1270	2
1271	3
1272	2
1273	4
1274	4
1275	1
1276	1
1277	0
1278	5
1279	0
1280	1,7
1281	4
1282	3
1283	5
1284	3
1285	4,7
1286	0
1287	8
1288	2
1289	0,1
1290	3
1291	5
1292	0
1293	0
1294	7
1295	0
1296	3
1297	2
1298	1
1299	0
1300	0
1301	1
1302	1
1303	0
1304	2
1305	2
1306	2
1307	0
1308	8
1309	1
1310	3
1311	1
1312	5
1313	5
1314	2
1315	0
1316	0
1317	1
1318	0
1319	5,8
1320	0
1321	0
1322	2
1323	2
1324	0
1325	0,1
1326	8
1327	5
1328	1
1329	5
1330	8
1331	0
1332	7
1333	0
1334	4
1335	6,8
1336	4
1337	4
1338	2
1339	6
1340	6
1341	1,6
1342	1
1343	0
1344	6
1345	8
1346	0
1347	1,9
1348	1
1349	1,7
1350	0
1351	0
1352	0
1353	0
1354	0
1355	1
1356	4
1357	4
1358	3
1359	2,5,9
1360	0
1361	3
1362	0,6
1363	2
1364	0
1365	3
1366	0
1367	1
1368	0
1369	0,6
1370	1
1371	5
1372	1
1373	5
1374	4
1375	1
1376	0
1377	1
1378	2,3
1379	0
1380	1
1381	6,7
1382	3
1383	1
1384	0
1385	2
1386	3
1387	5
1388	1
1389	6
1390	1
1391	2
1392	5
1393	1
1394	2
1395	0
1396	6
1397	2
1398	1,2
1399	1
1400	0
1401	5
1402	0
1403	1
1404	8
1405	1
1406	1,8
1407	1
1408	4,8
1409	5
1410	2
1411	0
1412	1
1413	6
1414	2
1415	5
1416	7
1417	5
1418	2
1419	3
1420	0,1
1421	3,7
1422	0
1423	0
1424	0
1425	2
1426	6
1427	0
1428	1
1429	1
1430	8
1431	0
1432	0
1433	4
1434	6
1435	0
1436	1
1437	0
1438	0
1439	1
1440	1
1441	1
1442	1
1443	3
1444	0
1445	1
1446	0
1447	5
1448	1
1449	0
1450	4,7
1451	6,9
1452	5,6
1453	0
1454	2
1455	3
1456	4
1457	0
1458	1
1459	1
1460	1
1461	2
1462	2
1463	9
1464	0
1465	2
1466	1
1467	0
1468	0
1469	1
1470	0
1471	1
1472	6
1473	1
1474	0
1475	5
1476	0
1477	2
1478	0
1479	3
1480	2
1481	2
1482	2
1483	9
1484	0
1485	0
1486	2
1487	6
1488	1
1489	1
1490	3
1491	0
1492	1
1493	2
1494	3
1495	3
1496	3
1497	3
1498	4,5
1499	1
1500	0
1501	1,5
1502	0
1503	9
1504	3
1505	0
1506	3,5
1507	3
1508	1
1509	0
1510	7
1511	8,9
1512	0
1513	0
1514	0
1515	0
1516	5
1517	2
1518	7
1519	0
1520	4
1521	1
1522	3
1523	0
1524	0
1525	3
1526	0,8
1527	1
1528	1
1529	0
1530	5,7
1531	3
1532	2
1533	0
1534	1
1535	2
1536	1
1537	0
1538	1
1539	0
1540	0
1541	0
1542	0
1543	2
1544	6
1545	0
1546	9
1547	7
1548	8
1549	2
1550	7
1551	5
1552	1
1553	1
1554	9
1555	6
1556	0
1557	2
1558	6
1559	6
1560	2,7
1561	2
1562	1
1563	1
1564	8
1565	2
1566	2,3
1567	3,6,8
1568	0
1569	4
1570	0
1571	0
1572	2
1573	0
1574	1
1575	5
1576	1,6
1577	4
1578	0
1579	1
1580	8
1581	8
1582	0
1583	9
1584	0
1585	6
1586	0
1587	0
1588	4
1589	0
1590	2,6
1591	2
1592	2
1593	1
1594	0,3
1595	5,6
1596	2
1597	4
1598	5
1599	3
1600	0
1601	3
1602	1
1603	1
1604	8
1605	2
1606	4
1607	1
1608	0
1609	2
1610	1
1611	0
1612	3
1613	1
1614	0
1615	6
1616	3
1617	0
1618	0
1619	2
1620	2
1621	1
1622	5
1623	0
1624	3
1625	1
1626	8,9
1627	4
1628	2
1629	8
1630	4
1631	2
1632	0
1633	4
1634	0
1635	2
1636	0
1637	3
1638	1
1639	1
1640	5
1641	2
1642	3
1643	3
1644	4
1645	1
1646	0
1647	0
1648	0
1649	1
1650	7
1651	1
1652	2
1653	2
1654	4,5
1655	0,5,8
1656	0
1657	8
1658	3
1659	3
1660	1
1661	3
1662	0
1663	1
1664	0
1665	0
1666	1
1667	0
1668	0
1669	1
1670	2
1671	1
1672	2
1673	1
1674	2
1675	2,3
1676	0
1677	3
1678	4,6
1679	5
1680	3
1681	4
1682	6
1683	2
1684	5,7
1685	2
1686	0
1687	2
1688	1
1689	1
1690	0
1691	1
1692	5
1693	2
1694	5
1695	2
1696	2,4
1697	0
1698	7
1699	2,6
1700	8
1701	1
1702	4
1703	4,8
1704	1
1705	0
1706	0
1707	3
1708	4,6
1709	0
1710	4
1711	3
1712	6
1713	5,7
1714	3
1715	1
1716	0
1717	3
1718	1
1719	0,9
1720	2
1721	1
1722	0
1723	0
1724	1
1725	0
1726	0
1727	5
1728	0
1729	5
1730	0
1731	2
1732	1
1733	7
1734	0
1735	1
1736	3
1737	5,6
1738	1
1739	9
1740	0
1741	0,3
1742	1
1743	8
1744	0
1745	3
1746	2,5
1747	8
1748	0
1749	5
1750	4
1751	0
1752	1
1753	0
1754	0
1755	0
1756	0
1757	3
1758	9
1759	9
1760	2
1761	2
1762	5
1763	3
1764	0
1765	3
1766	4
1767	1
1768	0
1769	0
1770	0,6,7
1771	5,6
1772	2
1773	1
1774	6
1775	0
1776	0
1777	8
1778	2
1779	6
1780	6
1781	4
1782	0
1783	5
1784	0
1785	0
1786	1
1787	1
1788	1
1789	1,3
1790	1
1791	0
1792	4
1793	0
1794	4
1795	2
1796	7
1797	7
1798	2
1799	6
1800	0
1801	0,1
1802	6
1803	4
1804	2
1805	4
1806	1
1807	1
1808	0
1809	0
1810	2
1811	1
1812	2
1813	2,5
1814	2
1815	7
1816	0
1817	3
1818	3,4
1819	0
1820	0,4
1821	0
1822	0
1823	0
1824	9
1825	3
1826	2,7
1827	3
1828	2
1829	5
1830	5
1831	1
1832	2
1833	5
1834	1
1835	1
1836	2
1837	1
1838	0
1839	2
1840	5
1841	1,6
1842	4
1843	5
1844	3
1845	2
1846	0
1847	3
1848	2,3
1849	1
1850	1,4
1851	0
1852	5
1853	1
1854	0
1855	2
1856	1
1857	8
1858	9
1859	0
1860	0
1861	0
1862	1
1863	5
1864	0
1865	5
1866	1
1867	0
1868	6
1869	0
1870	5,7
1871	6
1872	4,7
1873	5
1874	1
1875	1
1876	4
1877	0
1878	0
1879	1
1880	1
1881	4
1882	5,6
1883	3
1884	1
1885	0,8,9
1886	1
1887	3
1888	0
1889	1
1890	0
1891	1,2,5
1892	0,7
1893	2
1894	0
1895	1
1896	0
1897	0
1898	4
1899	1
1900	6
1901	3
1902	2,3
1903	2
1904	4,9
1905	1
1906	1
1907	0
1908	1
1909	5
1910	2
1911	2
1912	0,5,8
1913	3
1914	4
1915	0
1916	2
1917	5
1918	1
1919	1
1920	6
1921	3
1922	9
1923	1
1924	4
1925	0
1926	0
1927	0
1928	1
1929	2
1930	2,9
1931	3,5
1932	0
1933	8
1934	0
1935	6
1936	0
1937	3
1938	3
1939	6
1940	1
1941	0
1942	1
1943	4
1944	4
1945	3
1946	1
1947	5
1948	3
1949	0
1950	0
1951	4
1952	2
1953	1
1954	0
1955	4
1956	0
1957	0
1958	2
1959	0
1960	1
1961	5
1962	0
1963	1
1964	2
1965	2
1966	2
1967	4
1968	1
1969	3
1970	4,8
1971	0
1972	0
1973	0
1974	0
1975	1
1976	2
1977	0
1978	1
1979	1
1980	4
1981	2
1982	0
1983	3
1984	0
1985	4,5
1986	2
1987	0
1988	1
1989	3
1990	0
1991	8
1992	5
1993	6
1994	1
1995	0
1996	0
1997	5
1998	0
1999	0
2000	9
2001	2
2002	0
2003	4
2004	0
2005	1,2
2006	1
2007	0
2008	2
2009	0
2010	3
2011	1
2012	7
2013	6
2014	2
2015	4,7
2016	0
2017	5
2018	0
2019	0
2020	3
2021	6
2022	1
2023	0,1
2024	4
2025	1
2026	0
2027	0
2028	0
2029	0
2030	3,5
2031	1
2032	1,7
2033	1
2034	3
2035	0
2036	4
2037	1
2038	0
2039	1
2040	4
2041	4
2042	1
2043	1
2044	1
2045	1
2046	0
2047	0
2048	0
2049	0
2050	4
2051	0
2052	9
2053	3,5
2054	1
2055	7
2056	0
2057	0
2058	1
2059	0
2060	6
2061	3
2062	2
2063	0
2064	1
2065	0
2066	0
2067	0
2068	1
2069	2
2070	6
2071	4
2072	2
2073	2
2074	5
2075	0
2076	5
2077	0
2078	1
2079	1
2080	1
2081	0
2082	7
2083	0
2084	0,9
2085	0
2086	0
2087	2
2088	1
2089	1
2090	5
2091	0
2092	1
2093	1
2094	0
2095	5
2096	2
2097	4
2098	2
2099	0
2100	8
2101	1,3
2102	3,4
2103	1
2104	1
2105	0
2106	0,3
2107	0
2108	1
2109	1
2110	1
2111	7
2112	1
2113	0
2114	3
2115	2
2116	2,3
2117	4,5,6
2118	0
2119	1
2120	0
2121	4
2122	8
2123	0
2124	0
2125	2
2126	6
2127	2
2128	1,2
2129	0
2130	0
2131	5,9
2132	0
2133	8
2134	3
2135	2
2136	3
2137	1
2138	3
2139	2
2140	2
2141	1
2142	6
2143	1
2144	2
2145	5
2146	0
2147	0
2148	3
2149	1
2150	1
2151	3
2152	2
2153	4
2154	1
2155	1
2156	3
2157	0
2158	2
2159	4
2160	1
2161	1
2162	4
2163	0
2164	4
2165	3,5,7,9
2166	5
2167	1
2168	3
2169	0
2170	0
2171	0
2172	3
2173	6
2174	0,3
2175	4
2176	7
2177	1,6
2178	4
2179	4
2180	1
2181	0
2182	0
2183	0
2184	2
2185	0
2186	1
2187	0
2188	4
2189	6
2190	0
2191	6
2192	4
2193	2
2194	0
2195	6
2196	3
2197	1
2198	1
2199	4
2200	0
2201	6,7
2202	5
2203	1
2204	2
2205	0
2206	0
2207	5
2208	3
2209	1
2210	7
2211	3
2212	2
2213	0
2214	5
2215	6,7
2216	0
2217	8
2218	6
2219	0
2220	8
2221	6
2222	1
2223	0
2224	8
2225	0
2226	0
2227	3,4
2228	1
2229	3
2230	4
2231	0
2232	1
2233	0
2234	0
2235	2
2236	5
2237	2
2238	1
2239	0
2240	0
2241	1
2242	0
2243	1
2244	7
2245	0
2246	1
2247	9
2248	2
2249	1
2250	2
2251	1,5
2252	4
2253	0
2254	0
2255	1
2256	9
2257	0
2258	1
2259	9
2260	0
2261	0
2262	3
2263	1
2264	1
2265	3
2266	3
2267	0
2268	4
2269	3,7
2270	4
2271	5,8
2272	5
2273	0
2274	2
2275	7
2276	1
2277	4
2278	2
2279	3
2280	0
2281	0
2282	6,7
2283	3,6
2284	7
2285	1
2286	0
2287	3
2288	0
2289	3
2290	0
2291	2
2292	2
2293	3
2294	2
2295	2
2296	5
2297	0
2298	0
2299	1
2300	2
2301	3
2302	0
2303	2
2304	5
2305	5,9
2306	0
2307	0
2308	1
2309	0
2310	6
2311	2
2312	1
2313	2
2314	0
2315	0
2316	1
2317	0
2318	1
2319	5
2320	0,3
2321	2
2322	2
2323	2
2324	3
2325	5
2326	0
2327	0,3
2328	4
2329	0
2330	0
2331	2
2332	1
2333	0
2334	2
2335	0
2336	0
2337	0
2338	0
2339	0
2340	2
2341	0
2342	0
2343	0
2344	0
2345	3
2346	0
2347	0
2348	0
2349	0
2350	8
2351	0
2352	4
2353	8
2354	3,4
2355	0
2356	3
2357	4
2358	4
2359	0
2360	1
2361	0
2362	0
2363	0
2364	0
2365	4
2366	1
2367	2
2368	4
2369	0
2370	3
2371	6
2372	0
2373	0
2374	1
2375	7
2376	0
2377	0
2378	8
2379	0
2380	6
2381	2
2382	0
2383	5
2384	3
2385	0
2386	6
2387	4
2388	0
2389	0
2390	3
2391	0
2392	0,4
2393	0
2394	4
2395	4
2396	3
2397	0
2398	0
2399	3,6
2400	0
2401	1
2402	7
2403	0
2404	0
2405	2
2406	0
2407	0
2408	3
2409	3
2410	8
2411	3
2412	0
2413	3,8
2414	2
2415	0
2416	0
2417	0
2418	1
2419	1
2420	1
2421	0
2422	9
2423	0
2424	2
2425	7,8
2426	0
2427	2
2428	0
2429	1
2430	4
2431	2
2432	1
2433	4
2434	1
2435	0
2436	1
2437	0
2438	1
2439	0
2440	1
2441	0
2442	1
2443	2,4
2444	3
2445	3
2446	4
2447	0
2448	0
2449	0
2450	6
2451	0,6
2452	0
2453	2
2454	0
2455	5
2456	5
2457	0
2458	6
2459	4
2460	2
2461	3
2462	2
2463	0
2464	0
2465	3
2466	0
2467	1
2468	2
2469	1
2470	0
2471	1,7
2472	0
2473	0,4
2474	0,7
2475	0
2476	0
2477	1
2478	2
2479	0
2480	9
2481	1
2482	0
2483	0
2484	0,9
2485	1
2486	0
2487	0
2488	2
2489	1
2490	4
2491	0,3
2492	1
2493	8
2494	3
2495	0
2496	5
2497	0
2498	3,7
2499	4
2500	0
2501	1
2502	0
2503	2
2504	3
2505	0
2506	1
2507	5
2508	2
2509	5
2510	4
2511	3
2512	1
2513	1
2514	6,8
2515	0
2516	0
2517	1
2518	3
2519	0
2520	0
2521	0
2522	0
2523	2
2524	5
2525	3
2526	1
2527	2
2528	0
2529	1
2530	1,2
2531	0
2532	1
2533	4
2534	0
2535	6
2536	5
2537	8
2538	2
2539	2
2540	1
2541	0
2542	1
2543	4
2544	1
2545	1
2546	1
2547	2
2548	2
2549	2
2550	0
2551	0
2552	1
2553	3
2554	0
2555	0
2556	5,9
2557	2
2558	0
2559	0
2560	3
2561	5
2562	0
2563	5
2564	0
2565	2,9
2566	2
2567	0
2568	2
2569	0
2570	2
2571	1
2572	1
2573	4
2574	0
2575	0
2576	5
2577	0
2578	0
2579	1
2580	3
2581	5,6
2582	0
2583	1
2584	1
2585	7,8
2586	1
2587	3
2588	0
2589	3
2590	0
2591	0
2592	2
2593	0
2594	3
2595	6
2596	0
2597	0
2598	2
2599	1
2600	0
2601	1,9
2602	0
2603	4
2604	7
2605	2
2606	1
2607	0
2608	0
2609	0
2610	3
2611	4
2612	8
2613	9
2614	3,6
2615	1
2616	1
2617	1
2618	2,8
2619	2
2620	0
2621	0
2622	6
2623	2
2624	5
2625	0
2626	2
2627	0
2628	4
2629	2
2630	6
2631	1
2632	0
2633	2
2634	1
2635	2
2636	1
2637	5
2638	1
2639	0
2640	0
2641	1
2642	0
2643	0
2644	4
2645	3
2646	5
2647	5
2648	2
2649	1
2650	1
2651	3
2652	7
2653	0
2654	2
2655	0
2656	0
2657	0
2658	5
2659	1
2660	3
2661	3
2662	0
2663	5
2664	1
2665	3
2666	0
2667	1
2668	9
2669	1
2670	0
2671	0
2672	0
2673	4,7
2674	3
2675	4
2676	0
2677	0
2678	5
2679	2
2680	2
2681	3
2682	0
2683	1
2684	0
2685	1
2686	0
2687	0,7
2688	2
2689	2
2690	0
2691	3
2692	0
2693	3,4
2694	1,3
2695	4
2696	3
2697	1
2698	0
2699	0
2700	0
2701	0
2702	3
2703	0
2704	5
2705	1
2706	4
2707	1
2708	2
2709	0
2710	0
2711	0
2712	0
2713	6
2714	2
2715	0
2716	0,3
2717	1
2718	2
2719	4
2720	8
2721	1
2722	1,6
2723	6
2724	2
2725	6
2726	4
2727	2
2728	7
2729	2
2730	2
2731	4
2732	2
2733	3
2734	4
2735	0
2736	2
2737	3
2738	1
2739	2
2740	2
2741	6
2742	4
2743	0
2744	0
2745	0
2746	1
2747	2
2748	1
2749	0
2750	7
2751	4
2752	1
2753	3
2754	1
2755	2
2756	3
2757	2
2758	2
2759	1
2760	6
2761	0
2762	4
2763	1
2764	3
2765	0
2766	6
2767	1
2768	2
2769	1
2770	2
2771	2
2772	1
2773	2,6
2774	3
2775	0
2776	2
2777	7
2778	0
2779	0
2780	0
2781	2
2782	2
2783	4
2784	9
2785	0
2786	0
2787	1
2788	0
2789	0
2790	0
2791	8
2792	1
2793	0
2794	0
2795	6
2796	4,6
2797	2
2798	0
2799	3
2800	4
2801	2
2802	8
2803	0
2804	2
2805	1
2806	3
2807	0
2808	2
2809	6
2810	0
2811	2
2812	7
2813	1
2814	4
2815	1
2816	0
2817	2
2818	0
2819	3
2820	1
2821	0
2822	1
2823	9
2824	3
2825	1
2826	1
2827	6
2828	0
2829	8
2830	4
2831	0
2832	5
2833	2
2834	2
2835	0
2836	1
2837	1
2838	1
2839	3
2840	2
2841	3
2842	1
2843	6
2844	2
2845	0
2846	3
2847	0
2848	0
2849	3
2850	3
2851	1
2852	7
2853	7
2854	5
2855	1
2856	3
2857	0
2858	2
2859	1
2860	3
2861	6
2862	1
2863	2
2864	2
2865	3
2866	5
2867	3
2868	3
2869	0
2870	5,7
2871	0
2872	0
2873	0
2874	3
2875	4
2876	0
2877	1,5
2878	7
2879	4,8
2880	3
2881	7
2882	2
2883	1,3
2884	3
2885	8
2886	2
2887	2
2888	0
2889	4
2890	1
2891	0
2892	0,3,6
2893	0
2894	1
2895	5
2896	1
2897	0
2898	1
2899	1
2900	0
2901	0
2902	5
2903	5,6
2904	1
2905	1
2906	0
2907	2
2908	1
2909	1
2910	9
2911	1
2912	4
2913	2
2914	0
2915	0
2916	1
2917	1
2918	1,5
2919	0
2920	4
2921	0
2922	5
2923	2
2924	0
2925	8,9
2926	7
2927	1
2928	1
2929	0
2930	3
2931	6
2932	1
2933	5
2934	3
2935	0
2936	7
2937	2
2938	0
2939	2
2940	3
2941	3
2942	5
2943	1
2944	0,3
2945	3
2946	2
2947	2
2948	0
2949	0
2950	2
2951	7
2952	1
2953	1
2954	3
2955	0
2956	0
2957	0
2958	3
2959	2
2960	2
2961	0
2962	4
2963	0
2964	1
2965	1
2966	0
2967	0
2968	9
2969	1
2970	1
2971	1
2972	1
2973	1
2974	9
2975	3
2976	1
2977	4
2978	3
2979	0
2980	3
2981	6
2982	1
2983	3
2984	6
2985	0
2986	0
2987	0
2988	1
2989	4,5
2990	0
2991	0
2992	8
2993	2
2994	0
2995	8
2996	3
2997	1
2998	0
2999	9
3000	7
3001	0
3002	3
3003	3
3004	8
3005	2
3006	0
3007	4,7
3008	2
3009	2
3010	0
3011	5
3012	1
3013	2
3014	2
3015	0
3016	6
3017	2
3018	0
3019	0
3020	0
3021	1
3022	0
3023	0
3024	4
3025	5
3026	5
3027	3
3028	7
3029	2
3030	2
3031	0,4
3032	0
3033	1
3034	7
3035	7
3036	0,7
3037	1,4
3038	2
3039	6
3040	5
3041	1
3042	1
3043	5
3044	6
3045	9
3046	0
3047	2
3048	0
3049	3
3050	2
3051	0
3052	4
3053	5
3054	3
3055	2
3056	2
3057	4
3058	5
3059	4
3060	5
3061	3
3062	0
3063	0
3064	0
3065	1
3066	4
3067	1
3068	0
3069	5
3070	3
3071	0
3072	4
3073	6,8
3074	2
3075	6
3076	5
3077	0
3078	2
3079	5
3080	3
3081	9
3082	0
3083	2
3084	2,7,9
3085	0
3086	1
3087	1
3088	5
3089	0
3090	0
3091	2
3092	1
3093	0
3094	0
3095	1
3096	2
3097	0
3098	1
3099	0,9
3100	0,9
3101	2
3102	1
3103	5
3104	3
3105	5
3106	4
3107	0
3108	1
3109	0
3110	0
3111	1
3112	0,5
3113	1
3114	2
3115	7
3116	2
3117	0
3118	3
3119	3
3120	5
3121	0
3122	1
3123	7
3124	1
3125	1
3126	1
3127	5
3128	0
3129	1
3130	2
3131	4
3132	0
3133	3
3134	6
3135	1
3136	1
3137	5
3138	4
3139	1
3140	0
3141	3
3142	0
3143	1
3144	0
3145	0
3146	2
3147	1
3148	2
3149	3
3150	3
3151	1
3152	0
3153	1
3154	1
3155	2,3
3156	5
3157	1
3158	1
3159	1
3160	8
3161	2
3162	2
3163	4
3164	2
3165	3
3166	2
3167	4
3168	3
3169	0
3170	1
3171	3
3172	1
3173	2
3174	2
3175	7
3176	1
3177	0
3178	4
3179	6
3180	0
3181	0,4,9
3182	3
3183	1
3184	2
3185	8,9
3186	0
3187	1
3188	1
3189	4
3190	5
3191	1
3192	0
3193	0
3194	2
3195	3
3196	4
3197	0
3198	4
3199	2
3200	4
3201	0
3202	0
3203	2,8
3204	0
3205	1
3206	1
3207	0
3208	6
3209	3
3210	0
3211	0
3212	1
3213	1
3214	0
3215	2
3216	1
3217	0
3218	0
3219	0
3220	1
3221	1,8
3222	2
3223	6
3224	2
3225	0
3226	0
3227	3
3228	1
3229	0
3230	5
3231	7,8
3232	0
3233	1
3234	2
3235	2
3236	4,9
3237	7
3238	8
3239	1
3240	6
3241	2
3242	1
3243	1
3244	3,4
3245	4
3246	6
3247	1
3248	2
3249	5
3250	4
3251	2
3252	1
3253	0
3254	2
3255	2
3256	0
3257	4
3258	2
3259	1
3260	0
3261	1
3262	1
3263	6
3264	1
3265	3
3266	0
3267	4
3268	3
3269	0
3270	0
3271	0
3272	0
3273	2
3274	2
3275	1
3276	1
3277	4
3278	2
3279	4
3280	6
3281	0
3282	2
3283	3
3284	5
3285	0
3286	0
3287	1
3288	0
3289	0
3290	6
3291	5
3292	1
3293	2
3294	0
3295	1
3296	0
3297	2
3298	2
3299	0
3300	0
3301	4
3302	4
3303	0
3304	3
3305	2
3306	8
3307	3
3308	1
3309	5
3310	0
3311	0
3312	3
3313	2
3314	4,8
3315	2
3316	8
3317	0
3318	9
3319	1
3320	2
3321	2
3322	6
3323	0
3324	4
3325	5
3326	0
3327	0
3328	2
3329	3
3330	1
3331	3,4
3332	3
3333	4
3334	4,5,7
3335	1
3336	1
3337	1,6
3338	2
3339	1
3340	2
3341	1
3342	0
3343	5
3344	4
3345	0
3346	4
3347	0
3348	3
3349	0
3350	1
3351	0
3352	0,2
3353	5
3354	2
3355	0
3356	0
3357	3
3358	0
3359	7
3360	0
3361	0
3362	0
3363	3
3364	1
3365	1
3366	1
3367	0
3368	7
3369	0
3370	4
3371	4
3372	3
3373	3
3374	0
3375	2
3376	3,5
3377	1
3378	1
3379	5
3380	2,7
3381	0
3382	0
3383	1
3384	0
3385	0
3386	0
3387	2
3388	1
3389	0
3390	0
3391	4,9
3392	9
3393	2
3394	1
3395	0
3396	6
3397	1
3398	0
3399	3
3400	0
3401	3
3402	8
3403	1
3404	2
3405	3
3406	1,6,7
3407	7,9
3408	1
3409	0
3410	3
3411	1
3412	1
3413	4
3414	5
3415	1
3416	0
3417	4
3418	4
3419	2
3420	4
3421	3
3422	5
3423	1
3424	3
3425	0
3426	3
3427	0
3428	2
3429	1
3430	4
3431	1
3432	0
3433	0
3434	4
3435	0
3436	6
3437	5
3438	0
3439	0
3440	3
3441	2
3442	0
3443	1
3444	3
3445	0
3446	1
3447	1
3448	4
3449	0
3450	0
3451	3
3452	0
3453	0
3454	2
3455	9
3456	5
3457	1
3458	3
3459	1
3460	3
3461	4
3462	2,6
3463	3
3464	4
3465	3
3466	1
3467	0
3468	0
3469	7
3470	1
3471	2
3472	5
3473	1
3474	3
3475	9
3476	3
3477	0
3478	0
3479	0
3480	0
3481	0
3482	0
3483	3,8
3484	3
3485	2
3486	0
3487	1
3488	4
3489	3
3490	1
3491	0
3492	1
3493	7
3494	1
3495	2
3496	3
3497	1
3498	1
3499	0
3500	0
3501	1
3502	7
3503	1
3504	4
3505	6
3506	5
3507	1
3508	0
3509	2
3510	1
3511	5
3512	6
3513	4
3514	0
3515	2
3516	0
3517	0
3518	4
3519	1
3520	0
3521	0
3522	0
3523	0
3524	0
3525	3
3526	5
3527	0
3528	0
3529	2
3530	0
3531	0
3532	4
3533	0
3534	2
3535	5
3536	3
3537	5
3538	0
3539	4
3540	3
3541	5
3542	1
3543	2
3544	5
3545	5
3546	0
3547	0
3548	1
3549	1
3550	0
3551	2
3552	2
3553	2
3554	0
3555	2
3556	0
3557	4
3558	2
3559	1
3560	1
3561	2
3562	0
3563	9
3564	6
3565	3
3566	2
3567	0
3568	0
3569	3
3570	0
3571	2,7
3572	2
3573	3
3574	4
3575	2
3576	1
3577	2
3578	3
3579	0
3580	0
3581	6
3582	1
3583	3
3584	5
3585	3
3586	0
3587	1
3588	4,7,8,9
3589	3
3590	5
3591	4
3592	4
3593	2
3594	0
3595	0
3596	0
3597	4,7
3598	7
3599	0
3600	3
3601	2
3602	7
3603	2
3604	1
3605	1
3606	1
3607	1
3608	0
3609	0
3610	4
3611	0
3612	1
3613	2
3614	1
3615	3
3616	1
3617	2
3618	2
3619	3
3620	4
3621	6
3622	0
3623	0
3624	0
3625	0
3626	0
3627	1
3628	2
3629	1
3630	1
3631	4
3632	3
3633	5
3634	4
3635	1
3636	0
3637	6
3638	8
3639	4
3640	1
3641	4
3642	0
3643	0
3644	2
3645	0
3646	3
3647	0
3648	1
3649	3
3650	5
3651	2
3652	0
3653	2
3654	0
3655	6
3656	2
3657	2
3658	1
3659	3
3660	3
3661	0
3662	0
3663	0
3664	1
3665	3
3666	6
3667	6
3668	0
3669	9
3670	1
3671	0
3672	0
3673	0
3674	3
3675	0
3676	2
3677	4
3678	6
3679	0
3680	3
3681	1
3682	3
3683	4
3684	1
3685	2
3686	8
3687	0
3688	5
3689	0
3690	0
3691	2
3692	1
3693	1
3694	1
3695	3,6,7
3696	2
3697	2
3698	2
3699	1
3700	0
3701	1
3702	1
3703	1
3704	1
3705	5
3706	4
3707	0
3708	0
3709	9
3710	2
3711	3
3712	0
3713	0
3714	0
3715	0
3716	1
3717	9
3718	0
3719	3
3720	1
3721	1,2
3722	0
3723	2
3724	6
3725	0
3726	3
3727	5
3728	3
3729	0
3730	1
3731	3
3732	1,3
3733	2
3734	0
3735	3
3736	3
3737	3
3738	5
3739	0
3740	2
3741	2
3742	0
3743	0
3744	2
3745	9
3746	1
3747	1,7
3748	1
3749	6
3750	9
3751	2
3752	1
3753	7
3754	5
3755	1
3756	2
3757	0
3758	1
3759	1
3760	1
3761	3
3762	1
3763	1
3764	1
3765	2
3766	4
3767	1,7
3768	0
3769	5
3770	5
3771	1
3772	3
3773	0
3774	2
3775	3
3776	0
3777	0
3778	2
3779	8
3780	1
3781	1
3782	2
3783	3
3784	1
3785	0
3786	0
3787	0
3788	2
3789	2
3790	4
3791	7
3792	1
3793	2
3794	4
3795	0
3796	1
3797	5
3798	1
3799	2
3800	2
3801	3
3802	3
3803	2
3804	2
3805	8
3806	3,7
3807	2
3808	5
3809	0
3810	4
3811	1
3812	0
3813	0
3814	5
3815	0
3816	6
3817	0
3818	0
3819	1
3820	3
3821	0
3822	0
3823	1
3824	5
3825	3
3826	3
3827	4
3828	3
3829	1
3830	0
3831	4
3832	0
3833	1
3834	0
3835	1
3836	1
3837	1
3838	0
3839	4
3840	0
3841	0
3842	0
3843	4
3844	0
3845	1
3846	0
3847	1
3848	1
3849	1
3850	1,5
3851	1
3852	5
3853	4
3854	0
3855	0
3856	0
3857	6
3858	4
3859	2
3860	0
3861	0
3862	3
3863	0
3864	2
3865	0,8
3866	0
3867	8
3868	1
3869	5
3870	1
3871	0
3872	3
3873	2
3874	5
3875	1
3876	0
3877	2
3878	0
3879	0
3880	3
3881	1
3882	0
3883	3
3884	0
3885	4
3886	2
3887	5
3888	2
3889	1
3890	4
3891	8
3892	0
3893	2
3894	0
3895	2
3896	0
3897	3
3898	0
3899	0
3900	3
3901	2
3902	3
3903	2
3904	1
3905	0
3906	5
3907	6
3908	2
3909	2
3910	5
3911	0
3912	4
3913	0
3914	1
3915	4
3916	1
3917	1
3918	8
3919	0
3920	1
3921	6
3922	8
3923	1
3924	2
3925	0
3926	1
3927	0
3928	6
3929	4
3930	3
3931	5
3932	3
3933	6
3934	0
3935	0
3936	3
3937	0
3938	0
3939	0
3940	0
3941	0
3942	3,5
3943	1
3944	0
3945	7
3946	4
3947	6
3948	1
3949	1
3950	0
3951	0
3952	2
3953	1
3954	0,3
3955	1
3956	0
3957	0
3958	0
3959	3
3960	2
3961	7
3962	0
3963	5,9
3964	0
3965	0
3966	7
3967	4
3968	1
3969	1
3970	0
3971	3
3972	5
3973	0
3974	2
3975	0,8
3976	0
3977	1
3978	4
3979	2
3980	7
3981	0
3982	7
3983	0
3984	5
3985	1
3986	0,6
3987	0
3988	1
3989	5
3990	0
3991	4
3992	6
3993	1
3994	3
3995	0
3996	2
3997	4
3998	0
3999	8
4000	0
4001	3
4002	1
4003	2,9
4004	4
4005	6
4006	6
4007	3
4008	0
4009	3
4010	0
4011	4
4012	3
4013	0
4014	4
4015	4
4016	5
4017	0
4018	2
4019	0
4020	2
4021	3
4022	5
4023	2
4024	0
4025	5
4026	1
4027	2
4028	2
4029	1
4030	3
4031	0
4032	0
4033	8
4034	1
4035	0
4036	2
4037	4
4038	8
4039	3
4040	4
4041	0
4042	5
4043	4
4044	3
4045	1
4046	0
4047	0
4048	3
4049	1
4050	0
4051	3
4052	2
4053	0
4054	2
4055	0
4056	3
4057	2
4058	1
4059	0
4060	0
4061	3
4062	1
4063	0
4064	3
4065	3
4066	3
4067	2,9
4068	1
4069	4,8
4070	1
4071	1
4072	0
4073	0
4074	3
4075	7
4076	0
4077	4
4078	3
4079	1
4080	2
4081	2
4082	1
4083	2
4084	6
4085	5
4086	1
4087	1
4088	1,3,7
4089	3,4
4090	7
4091	0
4092	3
4093	2
4094	0
4095	1
4096	1
4097	0
4098	7
4099	5
4100	2,3,5,7
4101	1
4102	1
4103	0
4104	0
4105	1
4106	2
4107	2
4108	1
4109	9
4110	0
4111	9
4112	0
4113	0
4114	7
4115	0
4116	4
4117	2
4118	3
4119	0
4120	7
4121	3
4122	9
4123	0
4124	0
4125	2
4126	2
4127	0
4128	4
4129	0
4130	3
4131	2
4132	0
4133	3
4134	3
4135	4
4136	2
4137	0
4138	7
4139	1
4140	1
4141	8
4142	1
4143	0
4144	0
4145	0
4146	1
4147	1
4148	1
4149	2
4150	2
4151	1
4152	1
4153	1
4154	1
4155	0
4156	0
4157	2
4158	2,4
4159	2
4160	2
4161	2
4162	2
4163	0
4164	0
4165	1
4166	1
4167	1
4168	0
4169	0
4170	2
4171	1
4172	0
4173	2
4174	1
4175	2
4176	5
4177	1
4178	1
4179	3
4180	1
4181	0
4182	5
4183	0
4184	0
4185	3
4186	5
4187	1
4188	0,1
4189	3
4190	5
4191	0
4192	3
4193	0
4194	0
4195	5
4196	0
4197	4
4198	2
4199	2
4200	4
4201	3
4202	1
4203	4
4204	0
4205	0
4206	3
4207	4
4208	0
4209	3
4210	0
4211	0
4212	3
4213	4
4214	6
4215	2
4216	0
4217	4
4218	5
4219	2
4220	3
4221	1
4222	1
4223	3
4224	2
4225	1
4226	1
4227	2
4228	1
4229	1
4230	2
4231	2
4232	0
4233	5
4234	3
4235	2
4236	1
4237	2
4238	2
4239	6
4240	1
4241	0
4242	2
4243	3
4244	0,7
4245	1
4246	1
4247	2
4248	0
4249	2,5
4250	6
4251	0
4252	1
4253	0
4254	0
4255	5
4256	4
4257	4
4258	2
4259	2
4260	1
4261	1
4262	4
4263	0
4264	2
4265	1
4266	2,3
4267	4
4268	0
4269	2
4270	0
4271	1
4272	1
4273	0
4274	6
4275	1
4276	0
4277	0
4278	5
4279	0
4280	0
4281	3
4282	0
4283	2,7
4284	0
4285	0
4286	7
4287	2,4
4288	2
4289	1
4290	6
4291	0
4292	1
4293	1
4294	1
4295	0
4296	5
4297	1
4298	4
4299	1
4300	0
4301	4
4302	4
4303	1
4304	0
4305	1
4306	1
4307	0
4308	1
4309	3
4310	1
4311	5
4312	1
4313	3
4314	2
4315	0
4316	3
4317	0
4318	1
4319	3
4320	3
4321	5
4322	0
4323	3
4324	4
4325	0
4326	6
4327	0
4328	1
4329	1
4330	0
4331	2
4332	6
4333	0
4334	1
4335	2,5
4336	2
4337	1
4338	3
4339	3
4340	3
4341	3
4342	0
4343	1
4344	0
4345	2
4346	1
4347	0
4348	0
4349	0
4350	0
4351	1
4352	0
4353	9
4354	1
4355	1
4356	1
4357	2
4358	3
4359	0
4360	1
4361	6
4362	5
4363	4
4364	1
4365	1
4366	1
4367	2,8
4368	0
4369	0
4370	1
4371	1
4372	2,9
4373	0
4374	3
4375	6
4376	3
4377	3
4378	1
4379	1
4380	4
4381	3
4382	4
4383	2
4384	3
4385	4
4386	2
4387	2
4388	0
4389	6
4390	0
4391	1
4392	1,5,7
4393	5
4394	0
4395	7
4396	3
4397	2
4398	4
4399	1
4400	3
4401	0
4402	3,5
4403	5
4404	0
4405	3
4406	0
4407	4,6
4408	4
4409	0
4410	0
4411	1
4412	2
4413	0,9
4414	0
4415	5
4416	1
4417	3
4418	3
4419	1
4420	0
4421	3
4422	3
4423	0
4424	0
4425	0
4426	2
4427	0
4428	0
4429	3
4430	8
4431	0
4432	1
4433	1
4434	0
4435	3
4436	0
4437	7
4438	4
4439	0
4440	4
4441	0
4442	3
4443	0
4444	2
4445	2
4446	5
4447	1
4448	1
4449	0
4450	1
4451	3
4452	0
4453	0
4454	1
4455	0
4456	2
4457	3,4
4458	0
4459	4
4460	5
4461	0
4462	1
4463	1
4464	1
4465	2
4466	5
4467	3
4468	0
4469	1
4470	2
4471	1
4472	3
4473	2
4474	1
4475	0
4476	6
4477	1
4478	0
4479	4
4480	8
4481	6
4482	0
4483	0
4484	4
4485	0
4486	5
4487	0
4488	4
4489	0
4490	3
4491	8
4492	0
4493	0
4494	8
4495	0
4496	3,4,9
4497	6
4498	0,4
4499	1
4500	2
4501	6
4502	2
4503	3
4504	4
4505	0
4506	8
4507	8
4508	0
4509	2
4510	2
4511	3
4512	2
4513	1
4514	3
4515	0
4516	1,3
4517	2
4518	4
4519	0,5
4520	1
4521	1
4522	3
4523	8
4524	6
4525	0
4526	0
4527	2
4528	3
4529	1
4530	8
4531	0
4532	2,8
4533	2
4534	1
4535	2
4536	6
4537	1
4538	4
4539	1
4540	1
4541	4,8
4542	5
4543	7
4544	0
4545	0
4546	0
4547	3
4548	0
4549	8
4550	2
4551	1
4552	2
4553	4
4554	1
4555	4
4556	2
4557	0
4558	4
4559	2
4560	4
4561	5
4562	3
4563	5
4564	0
4565	8
4566	3
4567	0
4568	1
4569	1
4570	0
4571	0
4572	0
4573	0
4574	0
4575	0
4576	3
4577	6
4578	1
4579	1
4580	0
4581	2
4582	0
4583	3
4584	1
4585	3
4586	0
4587	2
4588	2
4589	3
4590	2
4591	2
4592	0
4593	0
4594	0
4595	3
4596	0
4597	3
4598	3
4599	0
4600	3
4601	1
4602	0
4603	6
4604	1
4605	9
4606	1
4607	0
4608	0
4609	3
4610	2
4611	2
4612	0
4613	2
4614	0
4615	3
4616	2
4617	1
4618	1
4619	2
4620	0
4621	3
4622	2
4623	2
4624	1
4625	0
4626	8
4627	1
4628	1,3
4629	1
4630	4
4631	0
4632	0
4633	3
4634	6
4635	4
4636	3,7
4637	4,5
4638	0
4639	5
4640	0
4641	6
4642	0
4643	1,6
4644	1
4645	3
4646	1
4647	3
4648	0
4649	0
4650	2
4651	2
4652	5
4653	1,4
4654	1
4655	3
4656	1
4657	0
4658	0
4659	1
4660	2
4661	6
4662	1
4663	0
4664	4
4665	3
4666	3
4667	7
4668	6
4669	2
4670	3
4671	0
4672	1
4673	1
4674	0
4675	2
4676	1
4677	2,7
4678	0
4679	0
4680	5
4681	1
4682	7
4683	6
4684	0
4685	2
4686	3
4687	3
4688	3
4689	3
4690	0
4691	2
4692	7
4693	0
4694	1
4695	1
4696	8
4697	0
4698	0
4699	2
4700	1,4
4701	6
4702	2
4703	9
4704	0,9
4705	1
4706	2
4707	4
4708	6
4709	0
4710	1
4711	5
4712	3
4713	2
4714	3
4715	5
4716	2
4717	0
4718	1
4719	6
4720	0
4721	2
4722	1
4723	6
4724	0
4725	3
4726	0
4727	6
4728	5
4729	1
4730	1
4731	0
4732	2
4733	1
4734	2
4735	1
4736	0
4737	0
4738	2
4739	2
4740	0
4741	1
4742	1
4743	0
4744	0
4745	1
4746	0
4747	3
4748	2
4749	2
4750	0
4751	2
4752	1
4753	0
4754	1
4755	0
4756	1
4757	2
4758	1
4759	0
4760	1
4761	0
4762	0
4763	5,6
4764	5,7
4765	0
4766	3,5
4767	1
4768	3,7
4769	0
4770	5
4771	3
4772	5
4773	2
4774	5
4775	0
4776	2
4777	2
4778	1
4779	0
4780	0
4781	1
4782	5
4783	0
4784	1
4785	3
4786	5
4787	1
4788	1
4789	0
4790	2,5,8
4791	0
4792	0
4793	7
4794	1
4795	7
4796	1
4797	3
4798	8
4799	0
4800	0
4801	1
4802	0
4803	5
4804	6
4805	1
4806	4,6
4807	0
4808	0
4809	3
4810	2
4811	4
4812	0
4813	0
4814	4
4815	0
4816	0
4817	5
4818	3
4819	0
4820	7
4821	3
4822	3
4823	0
4824	1
4825	7
4826	0
4827	3
4828	3
4829	4
4830	0
4831	2
4832	0
4833	1
4834	8
4835	1
4836	3
4837	1
4838	5
4839	5
4840	8
4841	0
4842	3
4843	1
4844	2
4845	0
4846	2
4847	1
4848	0,3
4849	2
4850	1
4851	0
4852	3
4853	4
4854	3
4855	2
4856	3
4857	0
4858	1
4859	6
4860	3
4861	2
4862	0,6
4863	7
4864	0,7
4865	7
4866	2
4867	0
4868	0
4869	2
4870	5
4871	1
4872	5
4873	6
4874	0
4875	5
4876	0
4877	0
4878	1
4879	0
4880	5
4881	1
4882	4
4883	8
4884	1
4885	0
4886	0
4887	1
4888	0
4889	1
4890	0
4891	0
4892	1
4893	4
4894	2
4895	4
4896	1
4897	2
4898	0
4899	0
4900	2
4901	0
4902	6
4903	9
4904	0
4905	4
4906	0
4907	8
4908	3
4909	3
4910	3
4911	1
4912	0
4913	4
4914	2
4915	3
4916	3
4917	3
4918	9
4919	4
4920	4
4921	3
4922	1
4923	2
4924	0
4925	4
4926	0
4927	0
4928	2
4929	1
4930	1,9
4931	4
4932	2
4933	0
4934	1
4935	3
4936	6
4937	2
4938	5
4939	0
4940	6,7
4941	6
4942	1
4943	0
4944	8
4945	6
4946	0
4947	3
4948	4
4949	1
4950	3
4951	1
4952	0
4953	3
4954	0
4955	1
4956	1
4957	2,9
4958	2
4959	0
4960	0
4961	1
4962	3
4963	3
4964	0
4965	3,8
4966	0
4967	1
4968	0
4969	0
4970	3
4971	1
4972	1
4973	4
4974	2
4975	1,3
4976	3
4977	7
4978	5
4979	4
4980	0,4,8
4981	8
4982	8
4983	3
4984	3
4985	0
4986	0
4987	4
4988	3
4989	0
4990	6
4991	1
4992	2
4993	1
4994	1
4995	2
4996	8
4997	6
4998	0
4999	2
5000	2
5001	4
5002	2
5003	3
5004	0
5005	0
5006	0
5007	0
5008	0
5009	7
5010	2
5011	0
5012	3
5013	1
5014	1
5015	0
5016	1
5017	3,7
5018	1
5019	6
5020	1
5021	0
5022	0
5023	2
5024	0
5025	0,4
5026	1
5027	0
5028	4
5029	0
5030	9
5031	2
5032	1
5033	1
5034	4
5035	1
5036	5
5037	8
5038	2
5039	0
5040	1
5041	4
5042	0
5043	0
5044	0
5045	0
5046	3
5047	2
5048	1
5049	1
5050	0
5051	4
5052	2
5053	2
5054	3
5055	0
5056	1
5057	2
5058	4
5059	2
5060	1
5061	6
5062	1
5063	0
5064	2
5065	2
5066	0
5067	0
5068	2
5069	0
5070	2
5071	0
5072	3
5073	6
5074	2
5075	0
5076	5
5077	1
5078	0
5079	1
5080	1
5081	0
5082	1
5083	1
5084	0
5085	0
5086	3
5087	0
5088	0
5089	1
5090	3
5091	2
5092	0
5093	0
5094	1
5095	5
5096	1
5097	1
5098	1
5099	2
5100	2
5101	0
5102	0
5103	1
5104	2
5105	4
5106	6
5107	4
5108	8
5109	4
5110	3
5111	2
5112	5
5113	1
5114	0
5115	1
5116	1
5117	0
5118	1
5119	2
5120	3
5121	0
5122	4
5123	1
5124	0
5125	4
5126	1
5127	0
5128	0
5129	0
5130	9
5131	6
5132	0
5133	1
5134	1
5135	1
5136	0
5137	4
5138	1
5139	3
5140	9
5141	3
5142	1
5143	2
5144	2
5145	0
5146	3
5147	2
5148	5
5149	0
5150	0
5151	4
5152	0
5153	0
5154	2
5155	3
5156	6
5157	5
5158	2
5159	1
5160	0
5161	1
5162	4
5163	1
5164	1
5165	0
5166	4
5167	5
5168	5
5169	8
5170	1
5171	0
5172	2
5173	4
5174	0
5175	2
5176	0
5177	2
5178	4
5179	6
5180	2
5181	2
5182	7
5183	2
5184	7
5185	5
5186	2
5187	1
5188	2,3
5189	0
5190	0
5191	1
5192	2
5193	3
5194	2
5195	0
5196	1
5197	0
5198	2
5199	0
5200	4
5201	3
5202	2
5203	6
5204	2
5205	2
5206	3
5207	3
5208	0,8,9
5209	2
5210	0
5211	0
5212	0
5213	4
5214	8
5215	0
5216	0
5217	2
5218	0
5219	3
5220	6
5221	6
5222	0
5223	0
5224	1
5225	3
5226	3
5227	1
5228	5
5229	0
5230	1
5231	3
5232	3
5233	3
5234	2
5235	3
5236	2
5237	4
5238	8
5239	0
5240	1
5241	4,7
5242	2
5243	5
5244	1
5245	8
5246	0
5247	2
5248	4
5249	5
5250	4
5251	2
5252	0
5253	2
5254	3
5255	6,7
5256	7,9
5257	5
5258	0
5259	6
5260	1
5261	1
5262	3
5263	2
5264	3
5265	6
5266	0
5267	5
5268	0
5269	0
5270	5
5271	3
5272	5
5273	4
5274	7
5275	0
5276	2
5277	4
5278	2
5279	0
5280	4
5281	3
5282	4
5283	3
5284	1
5285	1
5286	1
5287	0
5288	2
5289	1
5290	1
5291	3
5292	1
5293	1
5294	4
5295	3
5296	1
5297	1
5298	0
5299	2
5300	4
5301	5,8
5302	2
5303	3
5304	0
5305	2,7
5306	4
5307	3
5308	5
5309	5
5310	2
5311	1
5312	0
5313	1
5314	6
5315	1,6
5316	2
5317	0
5318	0
5319	3
5320	4
5321	0
5322	1
5323	2
5324	1
5325	1
5326	1
5327	3
5328	1
5329	1
5330	4
5331	5
5332	0
5333	0
5334	1
5335	1
5336	3
5337	9
5338	2
5339	1
5340	1
5341	2
5342	1
5343	1
5344	0
5345	6
5346	4
5347	0
5348	6
5349	6
5350	0
5351	1
5352	3
5353	2
5354	8
5355	4
5356	0
5357	0
5358	1
5359	6
5360	8
5361	4
5362	9
5363	0
5364	8
5365	7
5366	1
5367	4
5368	1
5369	1
5370	3
5371	3
5372	3
5373	2
5374	1
5375	2
5376	6
5377	2
5378	5
5379	3
5380	1
5381	2
5382	5
5383	5,8,9
5384	1
5385	0
5386	0
5387	1
5388	0
5389	1
5390	0
5391	0
5392	3
5393	0
5394	4
5395	4
5396	0
5397	4
5398	0
5399	2
5400	8
5401	0
5402	1
5403	1
5404	1
5405	0
5406	1
5407	3
5408	2
5409	2,4,9
5410	1
5411	2
5412	0
5413	7
5414	1
5415	7
5416	0
5417	0
5418	6
5419	0
5420	3
5421	1
5422	0
5423	4
5424	3
5425	0
5426	1
5427	0
5428	1
5429	0
5430	1
5431	5
5432	0
5433	0
5434	1
5435	0
5436	0
5437	3
5438	0
5439	0
5440	2
5441	4
5442	0
5443	6
5444	0
5445	1
5446	2
5447	9
5448	2
5449	0
5450	0
5451	4
5452	0
5453	4
5454	2
5455	7
5456	1
5457	1
5458	0
5459	6
5460	2
5461	0
5462	3
5463	6
5464	2
5465	2
5466	2
5467	3
5468	2
5469	1
5470	1
5471	4
5472	0
5473	3
5474	3
5475	8
5476	3
5477	4
5478	1
5479	0
5480	0
5481	5
5482	0
5483	2
5484	4
5485	3
5486	1
5487	4
5488	7
5489	2
5490	3
5491	1
5492	3
5493	1
5494	1
5495	2
5496	3
5497	4
5498	4
5499	1
5500	7
5501	0
5502	2
5503	1
5504	0
5505	6
5506	3
5507	0
5508	9
5509	1
5510	3
5511	5
5512	2
5513	2
5514	2
5515	2
5516	0
5517	2
5518	0
5519	0
5520	1
5521	0
5522	4
5523	4
5524	7
5525	6
5526	3
5527	1
5528	6
5529	5
5530	0
5531	3
5532	5
5533	5
5534	1
5535	8
5536	6
5537	7
5538	0
5539	6
5540	4
5541	1
5542	0
5543	0,7
5544	1
5545	2
5546	0
5547	2
5548	0
5549	0
5550	0
5551	8
5552	3
5553	6
5554	0
5555	5
5556	1
5557	0
5558	3
5559	0
5560	0
5561	1
5562	1
5563	5
5564	0
5565	7
5566	1
5567	0
5568	0
5569	5,9
5570	1
5571	3
5572	3
5573	0
5574	2
5575	0
5576	5
5577	0
5578	1
5579	7
5580	5
5581	5
5582	0
5583	3
5584	2
5585	1
5586	2
5587	0
5588	2
5589	1
5590	1
5591	0
5592	3
5593	6
5594	3
5595	3
5596	5
5597	0
5598	1
5599	2
5600	0
5601	0
5602	5
5603	4
5604	1
5605	1
5606	1
5607	2
5608	2
5609	0
5610	0
5611	0
5612	0
5613	0,2,9
5614	0
5615	2
5616	2
5617	0
5618	1
5619	8
5620	1
5621	0
5622	0
5623	3
5624	2
5625	1
5626	0
5627	2
5628	3
5629	2
5630	2
5631	3
5632	1
5633	4
5634	1
5635	3
5636	9
5637	2
5638	1
5639	1
5640	3
5641	0
5642	2
5643	0
5644	1
5645	4
5646	4
5647	2
5648	3
5649	2
5650	1
5651	1
5652	1
5653	2
5654	0
5655	0
5656	0
5657	1
5658	0
5659	0
5660	4
5661	3
5662	3
5663	8
5664	0
5665	1
5666	3
5667	3
5668	2
5669	4
5670	7
5671	1
5672	1
5673	0
5674	0
5675	5
5676	2
5677	3
5678	4,8
5679	2
5680	4
5681	3
5682	2
5683	0
5684	0
5685	3
5686	0
5687	5
5688	0
5689	1
5690	9
5691	1
5692	0
5693	1
5694	9
5695	8
5696	1
5697	1
5698	3
5699	5
5700	1
5701	2
5702	1,9
5703	0
5704	0
5705	3
5706	7
5707	2,5,6
5708	0
5709	3
5710	1
5711	3
5712	0
5713	0
5714	0
5715	0
5716	2
5717	2
5718	1
5719	3
5720	4
5721	6
5722	0
5723	3
5724	6
5725	1
5726	2
5727	1
5728	0
5729	3
5730	1
5731	1
5732	0
5733	1
5734	0
5735	0
5736	0
5737	3
5738	4
5739	8,9
5740	0
5741	7
5742	1
5743	1
5744	2
5745	1
5746	0
5747	0
5748	5
5749	4
5750	4
5751	0
5752	1,3
5753	0
5754	3
5755	5
5756	0
5757	2
5758	1
5759	0
5760	3
5761	7
5762	4
5763	1
5764	3
5765	1
5766	7
5767	1
5768	2
5769	0
5770	2
5771	1
5772	0
5773	0
5774	3
5775	4
5776	1
5777	0
5778	1
5779	0
5780	0
5781	1
5782	0
5783	0
5784	1
5785	3
5786	6
5787	0
5788	8
5789	3
5790	1
5791	1
5792	5
5793	1
5794	5
5795	2
5796	3
5797	1
5798	2
5799	2
5800	0
5801	2
5802	4
5803	3
5804	2
5805	4
5806	1
5807	2
5808	3
5809	2
5810	1
5811	0
5812	0
5813	4
5814	2
5815	2
5816	1
5817	1
5818	0
5819	1
5820	2
5821	4
5822	1
5823	1
5824	3
5825	1
5826	0
5827	1
5828	3
5829	3
5830	0
5831	3
5832	0
5833	0
5834	4
5835	2
5836	4
5837	5
5838	4
5839	5
5840	1
5841	4
5842	0
5843	2
5844	1
5845	4
5846	9
5847	1
5848	1
5849	5
5850	1
5851	3
5852	0
5853	1
5854	0
5855	6
5856	1
5857	2
5858	3
5859	3
5860	0
5861	0
5862	3
5863	1
5864	1,9
5865	0
5866	1
5867	1
5868	0
5869	2
5870	5,7
5871	0
5872	0
5873	0
5874	0
5875	4
5876	4
5877	7
5878	5,7
5879	0
5880	0
5881	0
5882	2
5883	0
5884	3
5885	2
5886	0
5887	3
5888	1
5889	0
5890	0
5891	0
5892	1
5893	6
5894	3
5895	1
5896	2
5897	4
5898	1
5899	1
5900	1
5901	5
5902	4
5903	4
5904	5
5905	0
5906	1
5907	1
5908	6
5909	6
5910	1
5911	0
5912	6
5913	0
5914	1
5915	1
5916	1
5917	7
5918	1
5919	1
5920	0
5921	1
5922	0
5923	5
5924	1
5925	8
5926	1
5927	1
5928	0
5929	1
5930	4
5931	9
5932	0
5933	4
5934	0
5935	3
5936	3
5937	0
5938	3
5939	1
5940	3
5941	0
5942	1
5943	0
5944	7
5945	1
5946	1
5947	2
5948	5
5949	4
5950	0
5951	0
5952	2
5953	5
5954	3
5955	3
5956	3
5957	1
5958	6,7
5959	0
5960	0
5961	2
5962	2
5963	3
5964	0
5965	0
5966	7
5967	0
5968	3
5969	3
5970	3
5971	1
5972	1
5973	0
5974	0
5975	0
5976	1
5977	6
5978	2,9
5979	0
5980	0
5981	3
5982	0
5983	2
5984	3
5985	4
5986	2
5987	6
5988	0
5989	2
5990	1
5991	0
5992	4
5993	0
5994	3
5995	0
5996	1
5997	2
5998	2
5999	0
6000	0
6001	0
6002	0
6003	3
6004	3
6005	1
6006	4
6007	3
6008	9
6009	4
6010	6
6011	0
6012	0
6013	4
6014	1
6015	3
6016	0
6017	5
6018	1
6019	0
6020	2
6021	3
6022	0
6023	0
6024	2
6025	0
6026	1
6027	4
6028	0
6029	3
6030	2
6031	1
6032	5
6033	0
6034	1
6035	0
6036	0
6037	0
6038	0
6039	3
6040	2
6041	0
6042	3
6043	3
6044	0
6045	0
6046	2
6047	4
6048	1
6049	0
6050	1
6051	4
6052	2
6053	2
6054	1
6055	1
6056	0
6057	4
6058	6
6059	5,7
6060	3
6061	1
6062	0
6063	2
6064	0
6065	5
6066	0
6067	3
6068	2
6069	0
6070	6
6071	0
6072	3
6073	3
6074	2
6075	0
6076	0
6077	7
6078	1
6079	2
6080	1
6081	7
6082	1
6083	4
6084	1
6085	0
6086	0
6087	3
6088	3
6089	4
6090	1
6091	0
6092	1
6093	0
6094	4
6095	1
6096	3
6097	3,8
6098	4
6099	1
6100	6
6101	4
6102	3
6103	1
6104	1
6105	2
6106	1
6107	3
6108	2
6109	8
6110	1
6111	7
6112	1
6113	1
6114	1
6115	0
6116	6
6117	0
6118	3
6119	4
6120	2
6121	2
6122	5
6123	6
6124	3
6125	2
6126	7
6127	0
6128	2
6129	0
6130	0
6131	0
6132	1
6133	0
6134	0
6135	5
6136	1
6137	0
6138	1
6139	0
6140	2
6141	7
6142	2
6143	0
6144	1
6145	2
6146	5
6147	1
6148	0
6149	1
6150	1
6151	1
6152	2
6153	3
6154	0
6155	0
6156	1
6157	4
6158	0
6159	0
6160	0,2
6161	1
6162	3
6163	0
6164	2
6165	2
6166	2
6167	1
6168	1
6169	1
6170	6
6171	6
6172	1
6173	3,9
6174	0
6175	1
6176	2
6177	9
6178	2
6179	2
6180	4
6181	4
6182	1
6183	1
6184	6
6185	0
6186	2
6187	2
6188	1
6189	8
6190	5,8
6191	4
6192	2
6193	1
6194	0
6195	0
6196	0
6197	5
6198	1
6199	4
6200	0
6201	1
6202	0
6203	1
6204	4
6205	1,4
6206	9
6207	2
6208	4
6209	9
6210	0
6211	3
6212	4
6213	8
6214	7
6215	1
6216	3,9
6217	0
6218	0
6219	2
6220	6
6221	3,9
6222	6
6223	1
6224	1
6225	0
6226	2
6227	2
6228	1
6229	0
6230	3
6231	2
6232	0
6233	2
6234	6
6235	1
6236	0
6237	1
6238	4
6239	0
6240	9
6241	2
6242	1
6243	4
6244	2
6245	5
6246	2
6247	1
6248	0
6249	4
6250	0
6251	2
6252	3
6253	1
6254	0,1,4,8
6255	2
6256	0
6257	1
6258	0
6259	1
6260	2
6261	4
6262	0
6263	0
6264	0
6265	7
6266	9
6267	9
6268	0
6269	5
6270	0,6
6271	3
6272	1
6273	4
6274	0
6275	1
6276	1
6277	0
6278	1
6279	5
6280	1
6281	3
6282	1
6283	2
6284	0
6285	3
6286	1
6287	2
6288	2
6289	4
6290	5
6291	4
6292	3
6293	3
6294	7
6295	0
6296	5
6297	3
6298	4
6299	2
6300	3
6301	6
6302	0
6303	6
6304	1
6305	2
6306	4,6
6307	3
6308	1
6309	0
6310	0
6311	5
6312	1
6313	1
6314	6
6315	1
6316	4
6317	4
6318	0
6319	0
6320	7
6321	0
6322	1
6323	5
6324	0
6325	0
6326	3
6327	1
6328	0
6329	6
6330	2
6331	3
6332	5
6333	0
6334	3
6335	4
6336	1
6337	3
6338	0
6339	2
6340	3
6341	4
6342	4
6343	4
6344	6
6345	2
6346	2
6347	0
6348	7
6349	2
6350	0
6351	0
6352	2
6353	1
6354	2
6355	3
6356	0
6357	3
6358	0
6359	0
6360	1
6361	1
6362	7
6363	5
6364	2
6365	5
6366	0
6367	0
6368	2
6369	5
6370	1
6371	3
6372	5,7
6373	1
6374	1
6375	7
6376	0
6377	1
6378	4
6379	2
6380	3
6381	2
6382	0
6383	1
6384	2
6385	2
6386	0
6387	1
6388	1
6389	0
6390	1,3,6,7,8,9
6391	2
6392	3
6393	1,7
6394	3
6395	1
6396	1
6397	3
6398	0,1,3,4,5,7,9
6399	0,1,2,3,4,5,6,7,8,9
6400	2
6401	2
6402	2
6403	2
6404	3
6405	3
6406	3
6407	3
6408	8
6409	8
6410	8
6411	8
6412	0
6413	0
6414	0
6415	0
6416	0
6417	6
6418	6
6419	6
6420	6
6421	6
