ATT0(string,7);ATT1(float,10);ATT2(string,10);
aaaa;0.488,0.528,0.187,0.916,0.933,0.435,0.0589,0.301,0.627,0.992;aaa;
aaaaa;0.29,0.97,0.35,0.606,0.917,0.0597,0.632,0.362,0.657,0.0812;aaaaaaaa;
aaaaa;0.409,0.915,0.742,0.377,0.797,1,0.00826,0.39,0.813,0.167;aaaaaaaa;
aaa;0.91,0.767,0.557,0.0529,0.923,0.645,0.391,0.294,0.147,0.878;aaaaaaaa;
a;0.159,0.531,0.395,0.0603,0.0301,0.203,0.0785,0.942,0.683,0.721;aaaaa;
aaaaaaa;0.508,0.702,0.309,0.954,0.788,0.0256,0.788,0.13,0.234,0.24;a;
aaaa;0.826,0.573,0.599,0.1,0.973,0.899,0.406,0.45,0.761,0.264;aaaaaaa;
aaaaa;0.443,0.522,0.627,0.0187,0.354,0.287,0.526,0.143,0.4,0.802;aa;
aaaaa;0.0717,0.228,0.672,0.463,0.212,0.809,0.883,0.139,0.691,0.361;aaaaaaa;
aaa;0.0322,0.434,0.18,0.108,0.195,0.469,0.98,0.126,0.884,0.716;aa;
aaaaa;0.527,0.394,0.911,0.167,0.314,0.806,0.11,0.702,0.0926,0.00794;aa;
aaaaaaa;0.244,0.686,0.339,0.432,0.429,0.993,0.305,0.424,0.692,0.596;aaaaaaaaaa;
aaaa;0.435,0.304,0.416,0.96,0.483,0.676,0.546,0.654,0.299,0.79;aaaaaaa;
aaaa;0.823,0.29,0.698,0.926,0.279,0.119,0.466,0.291,0.494,0.989;aaaa;
aaaa;0.534,0.347,0.822,0.761,0.653,0.587,0.668,0.632,0.0483,0.0537;aaaaa;
aaa;0.0863,0.948,0.136,0.605,0.664,0.918,0.901,0.769,0.157,0.068;aaaaaaaa;
aaa;0.383,0.374,0.0377,0.977,0.983,0.859,0.477,0.946,0.245,0.0612;aaaaaaaaaa;
aaa;0.074,0.0849,0.604,0.75,0.135,0.558,0.235,0.664,0.0768,0.276;aaaaaaa;
aaaaa;0.994,0.4,0.929,0.613,0.0728,0.12,0.809,0.727,0.703,0.545;aaaaaaaaaa;
aaaaaaa;0.136,0.524,0.0311,0.984,0.786,0.513,0.439,0.577,0.0898,0.137;aa;
a;0.604,0.633,0.771,0.564,0.502,0.589,0.101,0.27,0.35,0.256;aaaaaaaaaa;
aaaaaaa;0.0419,0.0504,0.513,0.00492,0.892,0.228,0.0918,0.292,0.699,0.516;aaaaaaaaaa;
aaaa;0.109,0.425,0.182,0.664,0.0259,0.178,0.875,0.00383,0.418,0.472;aaaa;
aaa;0.194,0.837,0.538,0.741,0.211,0.15,0.844,0.903,0.828,0.349;aaaaaaa;
aaaaaa;0.944,0.825,0.137,0.16,0.245,0.249,0.427,0.176,0.559,0.167;aaaaaaaaa;
aaaaaaa;0.115,0.401,0.945,0.491,0.486,0.835,0.202,0.863,0.752,0.212;aaaa;
aaaaaa;0.852,0.768,0.584,0.576,0.655,0.168,0.382,0.247,0.582,0.656;aaaaaaaa;
aaaaaa;0.365,0.102,0.227,0.654,0.873,0.65,0.978,0.377,0.478,0.958;a;
a;0.164,0.58,1,0.00924,0.77,0.965,0.264,0.311,0.961,0.244;aaaaaaa;
a;0.224,0.775,0.381,0.248,0.212,0.415,0.567,0.914,0.721,0.164;aaaaaaa;
aaa;0.817,0.338,0.851,0.738,0.49,0.782,0.39,0.718,0.0955,0.703;a;
a;0.286,0.388,0.357,0.342,0.485,0.0844,0.15,0.225,0.364,0.472;aaaaaaa;
aaaaaa;0.931,0.705,0.516,0.441,0.121,0.19,0.13,0.181,0.609,0.738;aaaaaaaaaa;
aa;0.847,0.198,0.302,0.893,0.453,0.647,0.0303,0.218,0.832,0.684;aaaaa;
aaaaa;0.927,0.848,0.0048,0.294,0.483,0.474,0.485,0.64,0.646,0.183;aa;
aaa;0.214,0.116,0.268,0.0177,0.258,0.494,0.534,0.917,0.371,0.186;aaaaaa;
aaaa;0.447,0.902,0.999,0.607,0.754,0.287,0.219,0.964,0.787,0.0369;aaaaaaaa;
aaaa;0.712,0.748,0.565,0.717,0.714,0.0375,0.152,0.877,0.751,0.0961;aaaaa;
aaa;0.964,0.457,0.608,0.193,0.791,0.525,0.588,0.778,0.237,0.479;aaaaaa;
aaaaa;0.62,0.105,0.0101,0.762,0.971,0.231,0.748,0.572,0.601,0.348;aa;
aaaaaa;0.177,0.621,0.829,0.968,0.117,0.00391,0.826,0.13,0.446,0.202;a;
a;0.454,0.697,0.303,0.81,0.373,0.479,0.948,0.292,0.636,0.102;aaaa;
aaaa;0.749,0.0596,0.0572,0.997,0.399,0.425,0.378,0.0713,0.0791,0.467;aaaaaaaa;
aaaaaaa;0.501,0.542,0.564,0.34,0.0736,0.242,0.148,0.0177,0.56,0.643;aaaaaaaaaa;
aaaaaaa;0.88,0.365,0.655,0.908,0.424,0.45,0.626,0.977,0.535,0.466;aaaaaaa;
aaaaaaa;0.489,0.314,0.666,0.13,0.906,0.934,0.345,0.0455,0.654,0.432;aaaaa;
aaaaaaa;0.42,0.114,0.606,0.221,0.826,0.0771,0.551,0.612,0.512,0.533;aaaa;
aaaaa;0.121,0.629,0.987,0.381,0.665,0.807,0.306,0.785,0.41,0.411;aa;
aa;0.955,0.683,0.0728,0.961,0.616,0.87,0.528,0.738,0.79,0.6;aaaaaaa;
aaaa;0.128,0.227,0.139,0.0144,0.118,0.745,0.872,0.533,0.00637,0.259;aa;
aaaa;0.543,0.881,0.11,0.644,0.191,0.859,0.349,0.897,0.993,0.359;aaaaaa;
aa;0.892,0.25,0.941,0.077,0.555,0.375,0.691,0.979,0.541,0.013;aaaaaaaaaa;
aaaaaaa;0.785,0.0617,0.171,0.385,0.294,0.965,0.736,0.294,0.919,0.283;aaaaaa;
aaaaaaa;0.692,0.269,0.259,0.774,0.483,0.679,0.361,0.638,0.868,0.628;aaaa;
aaaa;0.355,0.783,0.548,0.841,0.819,0.596,0.447,0.591,0.0648,0.925;aaaaaa;
aaaaa;0.4,0.17,0.182,0.819,0.578,0.203,0.714,0.836,0.0716,0.0459;aaaaaaaaa;
aaa;0.78,0.116,0.927,0.00192,0.201,0.212,0.0232,0.0714,0.85,0.922;aa;
aa;0.964,0.237,0.174,0.113,0.903,0.0318,0.0154,0.731,0.151,0.774;aaaa;
aaaaaaa;0.0492,0.647,0.728,0.315,0.224,0.504,0.507,0.65,0.0445,0.783;aaaaaa;
aa;0.246,0.73,0.935,0.0661,0.229,0.789,0.879,0.636,0.848,0.624;a;
aaaa;0.324,0.644,0.673,0.481,0.0629,0.868,0.944,0.616,0.14,0.341;aaaaaaaaa;
aaaa;0.221,0.652,0.707,0.727,0.385,0.0277,0.958,0.799,0.741,0.0547;aaaaaaa;
aaaaa;0.939,0.632,0.152,0.892,0.393,0.994,0.00365,0.718,0.476,0.0593;aaaaaaaa;
a;0.671,0.798,0.0694,0.289,0.998,0.986,0.806,0.815,0.792,0.962;aaaaa;
aaaaa;0.756,0.115,0.665,0.568,0.607,0.276,0.306,0.0111,0.546,0.19;aaaaaaa;
aaaaaaa;0.431,0.286,0.475,0.0729,0.0766,0.121,0.4,0.638,0.479,0.462;aaaaaaaaaa;
aaaa;0.125,0.457,0.746,0.975,0.912,0.528,0.204,0.779,0.0319,0.985;aaaaaa;
aaaaaa;0.0125,0.653,0.376,0.0707,0.74,0.307,0.571,0.461,0.457,0.836;aaaaaaa;
a;0.784,0.387,0.853,0.255,0.235,0.585,0.933,0.786,0.669,0.159;aaaaaaaaa;
aaaaa;0.972,0.295,0.732,0.95,0.659,0.534,0.115,0.774,0.36,0.949;a;
aaaaaaa;0.513,0.879,0.807,0.533,0.201,0.434,0.726,0.562,0.12,0.518;aaa;
aaaaaa;0.692,0.575,0.636,0.556,0.353,0.613,0.263,0.265,0.745,0.037;a;
aaaaaaa;0.731,0.544,0.504,0.479,0.278,0.555,0.867,0.0428,0.892,0.194;aaaaaaaaaa;
aaa;0.0661,0.0829,0.454,0.619,0.0453,0.535,0.18,0.885,0.474,0.819;aaaaaaaaaa;
aaaaaa;0.548,0.407,0.776,0.636,0.937,0.25,0.819,0.367,0.919,0.323;aaaaaaaaaa;
aa;0.216,0.618,0.146,0.0233,0.298,0.546,0.803,0.596,0.261,0.502;aaaaaaaaaa;
aaaa;0.106,0.719,0.0669,0.465,0.457,0.149,0.829,0.398,0.044,0.309;aaaaaa;
aaaaaa;0.491,0.461,0.478,0.483,0.62,0.386,0.522,0.821,0.961,0.314;aaaaa;
aaaaa;0.453,0.705,0.472,0.394,0.191,0.905,0.56,0.939,0.0292,0.802;aaaa;
aa;0.346,0.367,0.148,0.44,0.737,0.0577,0.342,0.948,0.3,0.111;aaaaaa;
a;0.972,0.0703,0.0595,0.339,0.498,0.667,0.543,0.59,0.0824,0.571;aaaa;
aaaaaa;0.493,0.482,0.858,0.643,0.629,0.0896,0.238,0.684,0.927,0.926;a;
aaaaaaa;0.224,0.777,0.506,0.218,0.487,0.912,0.676,0.985,0.137,0.302;aaaaaaaaa;
a;0.0892,0.522,0.181,0.62,0.828,0.222,0.911,0.259,0.262,0.551;aa;
aaa;0.368,0.188,0.555,0.877,0.677,0.608,0.968,0.0309,0.0556,0.159;aaaaa;
aaaa;0.617,0.263,0.219,0.432,0.994,0.286,0.714,0.987,0.544,0.28;aaa;
aaaaaaa;0.658,0.461,0.098,0.635,0.166,0.373,0.4,0.97,0.989,0.248;aaaaa;
a;0.907,0.841,0.554,0.937,0.906,0.54,0.463,0.0214,0.71,0.192;aaaaaa;
aaaaaaa;0.257,0.579,0.649,0.962,0.798,0.605,0.694,0.53,0.949,0.469;aa;
aaaaa;0.245,0.277,0.889,0.809,0.252,0.758,0.0346,0.488,0.292,0.477;aaa;
aa;0.204,0.823,0.548,0.523,0.769,0.2,0.906,0.715,0.105,0.0301;a;
aaaaaa;0.823,0.473,0.327,0.606,0.998,0.136,0.975,0.592,0.191,0.679;aaaaa;
aaaaa;0.926,0.926,0.353,0.717,0.145,0.599,0.85,0.021,0.196,0.575;aaaaaaaaa;
aaaaaa;0.962,0.612,0.407,0.361,0.855,0.341,0.731,0.0917,0.757,0.0835;a;
aaaaaa;0.0851,0.767,0.666,0.95,0.0702,0.349,0.392,0.808,0.341,0.616;aaaaaaaaaa;
aaaa;0.713,0.62,0.76,0.563,0.529,0.667,0.0777,0.687,0.694,0.487;aaaaaaaaa;
aa;0.177,0.609,0.826,0.711,0.218,0.85,0.329,0.995,0.489,0.435;aaaaaaaaa;
a;0.947,0.562,0.839,0.764,0.844,0.444,0.0422,0.229,0.48,0.518;aaaaaaaaa;
aaaaaaa;0.736,0.139,0.499,0.481,0.648,0.832,0.879,0.912,0.121,0.0262;aaaaaaaaaa;
aaaaaa;0.274,0.95,0.556,0.375,0.51,0.75,0.178,0.646,0.855,0.234;aaaaaa;
a;0.952,0.437,0.84,0.292,0.211,0.0842,0.137,0.386,0.251,0.507;aaaaaaaaaa;
aa;0.695,0.655,0.056,0.781,0.123,0.639,0.498,0.173,0.19,0.52;aaa;
aaaaaaa;0.0515,0.432,0.0789,0.945,0.708,0.297,0.392,0.507,0.561,0.622;aaaaaa;
a;0.919,0.721,0.0631,0.558,0.68,0.925,0.11,0.95,0.347,0.274;aaaaaaa;
aaaaaaa;0.541,0.427,0.285,0.649,0.0291,0.469,0.51,0.308,0.635,0.505;aa;
aaaaaa;0.576,0.224,0.184,0.704,0.454,0.776,0.114,0.759,0.402,0.558;aaaaaaa;
a;0.544,0.372,0.0416,0.9,0.0401,0.0812,0.866,0.448,0.647,0.707;aaaaa;
aa;0.452,0.639,0.407,0.926,0.982,0.246,0.238,0.797,0.643,0.637;aaaaaaaaa;
aaaaaaa;0.794,0.925,0.728,0.346,0.765,0.648,0.0756,0.562,0.274,0.992;aaaa;
aaaaaa;0.36,0.82,0.731,0.854,0.134,0.0562,0.143,0.727,0.117,0.164;aaaaaaaa;
aaaaaaa;0.595,0.166,0.467,0.766,0.488,0.104,0.185,0.514,0.29,0.755;aaaaaaa;
aaaaaa;0.0541,0.915,0.7,0.346,0.246,0.179,0.69,0.201,0.797,0.37;aaa;
aaaaaa;0.66,0.53,0.521,0.856,0.371,0.792,0.0939,0.109,0.296,0.426;aaaaa;
a;0.452,0.655,0.847,0.886,0.553,0.861,0.746,0.242,0.0517,0.84;aaaaa;
aaaaa;0.167,0.976,0.525,0.784,0.298,0.164,0.685,0.228,0.612,0.747;aaaa;
aa;0.369,0.0234,0.782,0.35,0.46,0.316,0.0264,0.284,0.0296,0.852;aaaaaa;
aaaaa;0.627,0.913,0.459,0.868,0.0881,0.903,0.0726,0.5,0.355,0.626;aaaaaaaa;
aaa;0.618,0.64,0.724,0.102,0.886,0.304,0.806,0.199,0.732,0.153;aaaaaaa;
aaaaa;0.34,0.507,0.615,0.811,0.603,0.51,0.0306,0.438,0.533,0.603;aaaaaa;
aaaaaa;0.0567,0.035,0.374,0.177,0.454,0.888,0.84,0.291,0.454,0.969;aaaaa;
a;0.241,0.164,0.0927,0.998,0.172,0.29,0.24,0.54,0.174,0.675;aaaaaaa;
aaaaaa;0.346,0.761,0.528,0.299,0.51,0.546,0.862,0.445,0.872,0.483;aaaaaaaaa;
aaa;0.135,0.416,0.801,0.373,0.475,0.906,0.0112,0.556,0.497,0.215;aaaaaaa;
aaa;0.451,0.722,0.0673,0.61,0.352,0.199,0.409,0.632,0.756,0.0593;aaaaaaaa;
aa;0.753,0.788,0.798,0.508,0.104,0.735,0.993,0.526,0.951,0.953;aaaaaaa;
aaa;0.425,0.197,0.472,0.537,0.647,0.172,0.202,0.712,0.181,0.249;aaaaaaa;
aa;0.0647,0.322,0.799,0.979,0.0876,0.578,0.63,0.397,0.262,0.995;aaa;
aaaaa;0.4,0.716,0.828,0.461,0.338,0.0944,0.752,0.247,0.978,0.681;aaaaaaa;
aaaaaa;0.045,0.391,0.63,0.275,0.672,0.809,0.329,0.792,0.53,0.463;aaaaaa;
aaaaaa;0.547,0.822,0.822,0.16,0.257,0.562,0.129,0.218,0.191,0.504;aa;
aa;0.666,0.525,0.225,0.407,0.157,0.614,0.559,0.935,0.0598,0.359;aaaa;
a;0.434,0.639,0.897,0.88,0.447,0.628,0.924,0.459,0.969,0.78;aaaaaa;
aaaaaa;0.00373,0.973,0.639,0.115,0.247,0.43,0.363,0.458,0.0417,0.616;aaaaaa;
aaaaaaa;0.414,0.933,0.743,0.87,0.871,0.937,0.422,0.039,0.965,0.335;aaaa;
aaaaa;0.0271,0.0142,0.287,0.904,0.157,0.154,0.978,0.643,0.489,0.0565;aaa;
aaaa;0.653,0.792,0.63,0.809,0.0655,0.0158,0.69,0.987,0.867,0.407;aa;
aaa;0.92,0.0406,0.34,0.54,0.552,0.808,0.258,0.908,0.435,0.411;aaaaaaa;
aaaaa;0.497,0.816,0.283,0.549,0.514,0.798,0.427,0.722,0.637,0.493;aaaaaaaa;
aaa;0.882,0.459,0.204,0.952,0.903,0.633,0.000804,0.594,0.239,0.407;a;
aaaaaa;0.682,0.904,0.621,0.348,0.36,0.221,0.522,0.0684,0.949,0.966;a;
aaaa;0.609,0.308,0.34,0.579,0.738,0.849,0.111,0.411,0.983,0.796;aa;
aaa;0.886,0.0201,0.745,0.361,0.705,0.622,0.291,0.159,0.737,0.468;aa;
aaaaaaa;0.415,0.59,0.309,0.502,0.836,0.707,0.346,0.567,0.395,0.133;aaaaaa;
a;0.438,0.585,0.45,0.91,0.677,0.286,0.772,0.355,0.372,0.903;aaaaa;
aaaa;0.0687,0.276,0.273,0.425,0.0033,0.0348,0.79,0.916,0.259,0.185;aaaaaaaa;
aaa;0.0776,0.623,0.779,0.36,0.387,0.452,0.464,0.497,0.508,0.282;aaa;
aaaaaa;0.651,0.917,0.402,0.92,0.805,0.493,0.031,0.529,0.715,0.344;aaaaaaa;
aaaaa;0.554,0.117,0.225,0.837,0.00748,0.901,0.439,0.917,0.555,0.143;aaaaaaaaa;
a;0.919,0.0118,0.61,0.109,0.795,0.784,0.71,0.686,0.841,0.445;aaaa;
a;0.301,0.715,0.0445,0.569,0.702,0.895,0.0972,0.597,0.608,0.558;aaaaaaaaa;
aaaaa;0.273,0.523,0.486,0.789,0.173,0.83,0.281,0.873,0.804,0.948;aa;
aa;0.0328,0.52,0.95,0.919,0.964,0.684,0.0632,0.44,0.774,0.922;aaaaaaa;
aaaaaa;0.881,0.495,0.0225,0.904,0.194,0.0392,0.53,0.384,0.14,0.296;aaa;
aaaaaaa;0.778,0.574,0.773,0.645,0.682,0.573,0.709,0.708,0.986,0.804;a;
aaaaaaa;0.256,0.177,0.978,0.958,0.574,0.426,0.988,0.831,0.313,0.212;aaaaaaa;
aa;0.0268,0.568,0.881,0.741,0.903,0.986,0.38,0.943,0.449,0.89;aaa;
aaaaaaa;0.794,0.794,0.451,0.202,0.18,0.0863,0.996,0.462,0.642,0.982;aaaaa;
aaaa;0.796,0.658,0.685,0.401,0.969,0.66,0.0332,0.98,0.169,0.488;aaaaaa;
aa;0.455,0.439,0.151,0.326,0.963,0.245,0.85,0.356,0.0479,0.305;aaaaa;
a;0.96,0.178,0.564,0.525,0.346,0.838,0.0933,0.65,0.733,0.684;a;
aa;0.0589,0.221,0.816,0.138,0.398,0.195,0.302,0.926,0.174,0.658;aaaaaaaaa;
aa;0.314,0.256,0.329,0.785,0.592,0.763,0.324,0.872,0.333,0.15;aaaaa;
aaaaa;0.882,0.833,0.452,0.417,0.925,0.356,0.666,0.675,0.736,0.119;aaaaaaa;
a;0.408,0.0202,0.896,0.22,0.0321,0.0162,0.0501,0.428,0.94,0.789;aaaaa;
a;0.722,0.978,0.314,0.739,0.638,0.512,0.346,0.281,0.834,0.0128;aaaaaa;
aaa;0.677,0.428,0.369,0.797,0.0364,0.58,0.609,0.578,0.802,0.313;aaaaa;
aaaa;0.725,0.701,0.369,0.668,0.522,0.312,0.644,0.325,0.143,0.946;aaaaaa;
aaaaaa;0.963,0.776,0.739,0.554,0.963,0.391,0.122,0.567,0.533,0.739;aaaaaaaaaa;
aaaaa;0.797,0.826,0.224,0.365,0.0212,0.965,0.431,0.13,0.0489,0.859;aa;
aaaaa;0.738,0.236,0.957,0.227,0.598,0.807,0.311,0.826,0.0914,0.892;aaaaaaa;
aaaa;0.413,0.696,0.173,0.34,0.309,0.119,0.638,0.942,0.575,0.111;aaaaaaa;
aaaaaa;0.667,0.74,0.508,0.575,0.0964,0.436,0.38,0.675,0.444,0.683;aaa;
aaaaaaa;0.827,0.728,0.385,0.263,0.732,0.198,0.25,0.812,0.151,0.646;aaaa;
aaaa;0.971,0.0924,0.498,0.0763,0.535,0.243,0.64,0.299,0.999,0.197;aaaaaaaa;
aaaaa;0.63,0.497,0.775,0.189,0.493,0.944,0.137,0.45,0.482,0.63;aa;
a;0.141,0.775,0.983,0.806,0.441,0.658,0.583,0.507,0.694,0.527;aaaaaaaaaa;
aaaaaaa;0.873,0.415,0.298,0.953,0.424,0.793,0.66,0.136,0.98,0.693;aaaaa;
aaaaaa;0.916,0.113,0.997,0.603,0.108,0.758,0.858,0.512,0.0554,0.269;aa;
aa;0.0749,0.284,0.464,0.881,0.423,0.389,0.862,0.0935,0.976,0.56;aa;
aaa;0.375,0.779,0.288,0.909,0.21,0.127,0.359,0.112,0.307,0.921;aaaaa;
aaaa;0.226,0.652,0.0731,0.0917,0.91,0.773,0.253,0.916,0.367,0.515;aaaaaaa;
aa;0.236,0.119,0.307,0.213,0.272,0.518,0.246,0.341,0.16,0.551;aaaaaaaa;
aa;0.936,0.372,0.833,0.223,0.0322,0.236,0.871,0.837,0.0757,0.573;aa;
aaa;0.463,0.246,0.511,0.201,0.271,0.0946,0.954,0.445,0.0239,0.407;aaaaaaaaaa;
aaaa;0.661,0.473,0.987,0.594,0.694,0.214,0.353,0.243,0.678,0.635;aaaaaaa;
aaaaaa;0.888,0.172,0.66,0.626,0.53,0.894,0.116,0.816,0.668,0.311;aaaaaaa;
aaaaaa;0.675,0.667,0.638,0.308,0.852,0.391,0.681,0.303,0.434,0.791;aaaaaaa;
aaaaa;0.402,0.218,0.032,0.33,0.0127,0.318,0.76,0.129,0.104,0.828;aaa;
aa;0.91,0.333,0.834,0.784,0.395,0.0428,0.596,0.87,0.702,0.042;aaaaa;
aaaaa;0.741,0.947,0.388,0.0746,0.0516,0.308,0.291,0.241,0.436,0.803;aaaaaaaaa;
aaaaaaa;0.698,0.807,0.752,0.957,0.729,0.521,0.825,0.917,0.746,0.897;aaaaa;
aaa;0.0259,0.532,0.533,0.481,0.366,0.981,0.526,0.214,0.0609,0.51;aaaaaaaaaa;
aaaa;0.187,0.319,0.163,0.656,0.331,0.678,0.881,0.768,0.452,0.479;aaaaaaaa;
a;0.526,0.185,0.831,0.182,0.347,0.433,0.231,0.493,0.681,0.137;aaaaaaa;
aaaaaaa;0.456,0.985,0.0094,0.321,0.673,0.257,0.515,0.896,0.408,0.916;aaa;
aaaaaaa;0.157,0.177,0.759,0.141,0.601,0.89,0.611,0.918,0.942,0.394;aaaaaaaaa;
aaa;0.83,0.161,0.407,0.93,0.207,0.52,0.0477,0.291,0.197,0.87;aaaaaaa;
aaaaa;0.767,0.541,0.893,0.805,0.307,0.109,0.422,0.246,0.83,0.0326;aaaaa;
aaaaaa;0.785,0.512,0.203,0.746,0.525,0.803,0.968,0.337,0.962,0.348;aaa;
aaaaaa;0.244,0.127,0.38,0.732,0.967,0.175,0.225,0.629,0.588,0.701;aaaaaa;
aaaaaaa;0.295,0.797,0.153,0.786,0.158,0.366,0.475,0.937,0.874,0.782;a;
aaa;0.342,0.117,0.032,0.175,0.816,0.1,0.38,0.95,0.221,0.382;aa;
aaaaaa;0.733,0.411,0.0547,0.181,0.618,0.259,0.876,0.89,0.00553,0.726;aaaaaa;
aaaaaa;0.337,0.0655,0.933,0.869,0.599,0.709,0.162,0.329,0.00992,0.241;aaaaaaaa;
a;0.045,0.733,0.672,0.288,0.692,0.427,0.764,0.00261,0.268,0.591;a;
aaaaa;0.38,0.0912,0.838,0.666,1,0.334,0.184,0.00563,0.444,0.172;aaaaaaaa;
aaaaaaa;0.391,0.368,0.944,0.00783,0.631,0.313,0.543,0.933,0.135,0.646;aaaaaa;
aaaaaaa;0.163,0.702,0.105,0.75,0.711,0.223,0.606,0.272,0.551,0.781;a;
aa;0.676,0.546,0.296,0.0842,0.185,0.802,0.859,0.81,0.338,0.361;aaaaa;
aaa;0.305,0.224,0.992,0.823,0.815,0.382,0.367,0.67,0.612,0.586;aaaa;
aaaa;0.00858,0.654,0.165,0.372,0.238,0.027,0.466,0.783,0.344,0.0148;aaaa;
a;0.42,0.259,0.426,0.992,0.25,0.106,0.465,0.702,0.723,0.165;aaaaaaa;
aa;0.2,0.215,0.773,0.702,0.119,0.673,0.893,0.738,0.39,0.42;aaaa;
aaa;0.259,0.85,0.501,0.12,0.399,0.686,0.103,0.182,0.887,0.183;aaa;
aaaaaa;0.506,0.282,0.275,0.378,0.343,0.702,0.982,0.159,0.487,0.0456;aaaaaaa;
aaa;0.933,0.0742,0.435,0.48,0.573,0.699,0.259,0.955,0.0757,0.666;aa;
aaa;0.179,0.571,0.756,0.947,0.397,0.227,0.817,0.726,0.414,0.988;aaaaaaaaa;
aaaa;0.963,0.394,0.345,0.739,0.528,0.831,0.638,0.478,0.712,0.767;aaaaaa;
aaa;0.983,0.0377,0.174,0.767,0.0679,0.289,0.609,0.0941,0.822,0.324;aaaaaaaaaa;
aaaa;0.198,0.402,0.0922,0.0374,0.467,0.705,0.0801,0.834,0.842,0.014;aaaaaaa;
aaa;0.482,0.0483,0.517,0.0162,0.518,0.725,0.27,0.464,0.282,0.629;aaaaaaa;
a;0.73,0.29,0.93,0.118,0.563,0.786,0.601,0.637,0.565,0.362;aaaaaaa;
a;0.788,0.562,0.155,0.673,0.679,0.77,0.837,0.118,0.847,0.918;aaaaaaaaa;
aaaaa;0.375,0.109,0.954,0.723,0.283,0.882,0.651,0.22,0.403,0.731;aaaaaaaaa;
aaaa;0.0915,0.399,0.0787,0.616,0.391,0.532,0.00984,0.63,0.689,0.153;aaaaaaaa;
aaaaaa;0.385,0.558,0.418,0.873,0.985,0.842,0.537,0.526,0.285,0.527;aaaaaaaaaa;
aaaaa;0.857,0.162,0.468,0.884,0.923,0.432,0.374,0.381,0.181,0.25;aaaa;
aaaaaa;0.0712,0.513,0.142,0.722,0.604,0.887,0.84,0.336,0.934,0.368;aaaaaaa;
a;0.873,0.777,0.436,0.858,0.0533,0.662,0.451,0.487,0.0514,0.292;aaaaaaaa;
aa;0.592,0.0818,0.156,0.292,0.798,0.0082,0.242,0.917,0.937,0.213;aaaaa;
aaaa;0.507,0.139,0.946,0.277,0.0969,0.318,0.0905,0.881,0.635,0.608;aaaaaaa;
aaa;0.133,0.692,0.0621,0.149,0.205,0.281,0.988,0.675,0.341,0.564;aaaaaa;
aaaaa;0.154,0.636,0.398,0.84,0.373,0.534,0.858,0.534,0.207,0.189;aa;
aaaa;0.876,0.151,0.877,0.408,0.115,0.268,0.37,0.764,0.63,0.0576;a;
aaa;0.948,0.329,0.469,0.875,0.62,0.823,0.0318,0.478,0.506,0.0199;aaaaaaaaaa;
aa;0.547,0.0166,0.672,0.0361,0.286,0.596,0.467,0.532,0.239,0.964;aaaaa;
a;0.796,0.862,0.516,0.652,0.789,0.285,0.446,0.224,0.813,0.209;aaaaaa;
a;0.143,0.932,0.562,0.495,0.641,0.463,0.602,0.491,0.386,0.183;a;
aaaa;0.775,0.447,0.61,0.701,0.957,0.552,0.279,0.728,0.194,0.226;a;
aaaaaaa;0.778,0.0688,0.872,0.454,0.476,0.367,0.746,0.876,0.00802,0.0613;aaaaa;
aaaaa;0.625,0.754,0.53,0.492,0.205,0.204,0.729,0.205,0.238,0.564;aaaaaa;
aaaa;0.555,0.948,0.271,0.071,0.849,0.225,0.283,0.353,0.0387,0.505;aaa;
aaa;0.654,0.42,0.088,0.341,0.755,0.97,0.168,0.564,0.13,0.337;aa;
aaa;0.0319,0.00519,0.00706,0.365,0.211,0.834,0.138,0.241,0.489,0.955;aaaa;
aaaaaaa;0.36,0.296,0.509,0.109,0.698,0.983,0.762,0.69,0.537,0.327;aaaaaaaaaa;
aaaa;0.961,0.711,0.205,0.552,0.514,0.359,0.0402,0.683,0.0401,0.473;aa;
aaaaaa;0.511,0.83,0.0276,0.751,0.595,0.298,0.355,0.487,0.27,0.699;aaaaaa;
a;0.606,0.472,0.408,0.375,0.285,0.887,0.532,0.85,0.34,0.711;a;
aaaaaaa;0.439,0.999,0.336,0.0856,0.279,0.908,0.883,0.292,0.588,0.46;a;
aaaaa;0.653,0.346,0.262,0.888,0.366,0.282,0.676,0.841,0.415,0.855;aaaaaa;
aaaa;0.997,0.0569,0.301,0.578,0.86,0.836,0.249,0.822,0.53,0.067;aaaaaaaa;
a;0.466,0.348,0.26,0.801,0.51,0.507,0.429,0.974,0.117,0.0378;aaaaaaaaa;
aaaa;0.721,0.529,0.00188,0.298,0.784,0.666,0.708,0.524,0.364,0.611;aaaaaaaaa;
aaaaaa;0.509,0.897,0.573,0.219,0.247,0.965,0.787,0.58,0.792,0.615;aaaaaaaaaa;
a;0.519,0.0262,0.038,0.284,0.139,0.494,0.38,0.733,0.389,0.12;aaaaa;
aaaaa;0.111,0.58,0.783,0.646,0.161,0.84,0.167,0.255,0.354,0.563;aaaaa;
aa;0.58,0.603,0.0456,0.595,0.431,0.132,0.524,0.419,0.013,0.242;aaaaaa;
aaa;0.566,0.576,0.206,0.13,0.63,0.251,0.837,0.298,0.135,0.704;aaaa;
aaaaaa;0.299,0.221,0.36,0.0636,0.176,0.737,0.486,0.432,0.809,0.53;aaaaaaaaa;
aaaaa;0.94,0.761,0.884,0.531,0.53,0.31,0.486,0.385,0.688,0.841;aaaaaaaaa;
aa;0.25,0.652,0.648,0.664,0.692,0.709,0.767,0.204,0.386,0.522;aaaaaaaaaa;
aaaa;0.41,0.69,0.625,0.749,0.828,0.22,0.305,0.544,0.95,0.793;aaaaa;
aaaa;0.279,0.766,0.347,0.815,0.995,0.496,0.524,0.882,0.233,0.61;aa;
aaaaaaa;0.602,0.362,0.679,0.679,0.287,0.0843,0.166,0.318,0.0176,0.885;aaaaaaaaaa;
aaaa;0.756,0.314,0.786,0.369,0.345,0.908,0.77,0.514,0.0508,0.694;aaaaaaa;
aa;0.66,0.253,0.877,0.374,0.0654,0.991,0.172,0.881,0.252,0.381;aaaaa;
aaaa;0.624,0.986,0.8,0.673,0.374,0.298,0.724,0.908,0.617,0.91;aa;
aaaaa;0.242,0.305,0.627,0.281,0.0745,0.66,0.365,0.0758,0.724,0.165;a;
aa;0.471,0.799,0.936,0.946,0.507,0.118,0.472,0.595,0.159,0.249;aaaaaaaa;
aaaaaaa;0.558,0.422,0.261,0.303,0.879,0.156,0.191,0.715,0.531,0.0177;aaaaaaaa;
aaaaa;0.994,0.3,0.391,0.144,0.916,0.559,0.0691,0.645,0.227,0.767;aaaaaaa;
aaa;0.668,0.475,0.442,0.557,0.309,0.52,0.734,0.545,0.212,0.686;aaaa;
aaaaaaa;0.757,0.922,0.117,0.97,0.374,0.993,0.458,0.734,0.744,0.752;aaa;
aa;0.839,0.995,0.393,0.874,0.425,0.735,0.0275,0.756,0.38,0.512;aaaaaa;
aaaaa;0.258,0.365,0.425,0.104,0.0751,0.0501,0.197,0.236,0.716,0.45;aaa;
aaa;0.594,0.262,0.326,0.0168,0.452,0.201,0.519,0.897,0.247,0.769;aaaaaaaa;
aaaaaaa;0.831,0.116,0.984,0.00478,0.961,0.591,0.672,0.31,0.536,0.582;a;
a;0.723,0.0404,0.388,0.442,0.00572,0.723,0.515,0.957,0.143,0.685;aaaaaaa;
a;0.151,0.448,0.813,0.539,0.896,0.0973,0.893,0.125,0.496,0.000654;aaaaaaaaaa;
a;0.537,0.407,0.891,0.671,0.416,0.286,0.0255,0.377,0.521,0.259;aaaaaa;
a;0.127,0.507,0.169,0.526,0.693,0.757,0.822,0.356,0.335,0.204;aaaaa;
aaaaa;0.414,0.554,0.0656,0.973,0.691,0.196,0.686,0.841,0.663,0.541;aa;
aaaa;0.67,0.965,0.76,0.301,0.623,0.0615,0.544,0.404,0.726,0.994;aaaaaa;
aa;0.266,0.018,0.82,0.173,0.0141,0.551,0.0312,0.076,0.201,0.383;aaaaaaaaaa;
aaaa;0.0381,0.831,0.601,0.0615,0.486,0.136,0.328,0.0382,0.927,0.000293;aaaaaaaa;
aaaa;0.149,0.04,0.92,0.315,0.571,0.441,0.545,0.271,0.346,0.0513;aaaaaaaa;
a;0.436,0.874,0.971,0.239,0.145,0.177,0.0605,0.907,0.577,0.297;aaa;
aaaaa;0.781,0.282,0.575,0.385,0.925,0.641,0.0876,0.533,0.742,0.264;aaaaaaaa;
aaaa;0.439,0.232,0.331,0.0134,0.911,0.0967,0.515,0.841,0.49,0.413;aaaaaaaaa;
aaaaaa;0.505,0.61,0.711,0.795,0.313,0.958,0.967,0.00186,0.82,0.312;aaaa;
a;0.283,0.952,0.757,0.185,0.663,0.249,0.323,0.394,0.405,0.0832;aaaaaaa;
aaaaaaa;0.16,0.0174,0.768,0.212,0.976,0.549,0.14,0.62,0.194,0.897;aaaaaa;
aaaa;0.606,0.383,0.651,0.648,0.108,0.462,0.963,0.791,0.644,0.696;aaaaaa;
aaaaaaa;0.217,0.683,0.77,0.614,0.96,0.756,0.0896,0.589,0.806,0.942;aaaaaaaaaa;
aaaaa;0.702,0.0299,0.118,0.0805,0.791,0.898,0.493,0.446,0.219,0.271;aaaaaaa;
aa;0.335,0.85,0.4,0.423,0.0464,0.652,0.777,0.531,0.184,0.84;aa;
a;0.958,0.764,0.367,0.219,0.848,0.113,0.235,0.974,0.47,0.363;aaa;
aaaaaa;0.0473,0.6,0.414,0.611,0.934,0.331,0.728,0.495,0.164,0.671;aaaaaaa;
a;0.0957,0.235,0.098,0.069,0.0183,0.0479,0.715,0.031,0.517,0.952;aaaaaaaaaa;
a;0.0868,0.597,0.0176,0.432,0.928,0.871,0.331,0.238,0.457,0.0958;aaaaaaaaaa;
aaaaaa;0.558,0.0835,0.256,0.581,0.606,0.73,0.511,0.342,0.352,0.35;aaaaaaaa;
aaaaa;0.57,0.133,0.423,0.827,0.313,0.888,0.873,0.228,0.615,0.744;aaaaaaaa;
a;0.343,0.282,0.696,0.806,0.251,0.855,0.182,0.114,0.419,0.929;aaaa;
aa;0.359,0.337,0.0231,0.859,0.169,0.313,0.253,0.408,0.581,0.196;a;
aaaa;0.0435,0.278,0.954,0.435,0.821,0.976,0.291,0.201,0.411,0.669;aa;
aaaa;0.861,0.829,0.383,0.0573,0.869,0.715,0.12,0.936,0.083,0.566;a;
aa;0.272,0.368,0.953,0.875,0.0249,0.139,0.849,0.883,0.826,0.23;aa;
aaaaaaa;0.295,0.396,0.421,0.961,0.639,0.159,0.911,0.588,0.71,0.655;aaaaaaaaa;
aa;0.83,0.962,0.877,0.637,0.285,0.687,0.692,0.843,0.876,0.753;aaaa;
aaaaa;0.692,0.759,0.385,0.182,0.205,0.384,0.0854,0.787,0.587,0.216;aaaaa;
aaa;0.578,0.799,0.424,0.965,0.12,0.617,0.786,0.995,0.519,0.868;aaaaa;
aaa;0.662,0.417,0.387,0.795,0.952,0.92,0.734,0.807,0.405,0.512;aaaaaa;
aaa;0.768,0.338,0.0701,0.942,0.263,0.867,0.802,0.492,0.0989,0.79;aaaaaaaa;
aaaaaaa;0.664,0.674,0.889,0.751,0.891,0.163,0.613,0.736,0.31,0.755;aaaaaaaa;
aaaa;0.16,0.387,0.366,0.646,0.651,0.517,0.0542,0.745,0.447,0.143;a;
aaaaa;0.149,0.966,0.066,0.652,0.459,0.649,0.287,0.797,0.27,0.213;aa;
aaa;0.403,0.516,0.283,0.776,0.631,0.497,0.375,0.346,0.0807,0.367;aaaaaaaa;
aa;0.0603,0.691,0.109,0.695,0.584,0.336,0.88,0.56,0.953,0.257;aaaaaaaaa;
a;0.0652,0.643,0.337,0.0101,0.00137,0.995,0.906,0.634,0.568,0.751;aaaaa;
aaaaaaa;0.216,0.401,0.23,0.766,0.194,0.819,0.706,0.285,0.818,0.779;aaa;
aaaa;0.787,0.492,0.329,0.862,0.134,0.871,0.451,0.806,0.733,0.304;aaaaaaaa;
aaaa;0.61,0.629,0.97,0.113,0.929,0.296,0.086,0.936,0.196,0.679;aaaaaaaaa;
aaaaaa;0.807,0.0681,0.772,0.479,0.0923,0.0185,0.206,0.817,0.391,0.0434;aaaaaaa;
aaaa;0.625,0.945,0.946,0.272,0.387,0.521,0.91,0.0664,0.586,0.929;a;
aaaaaaa;0.533,0.679,0.324,0.924,0.62,0.696,0.211,0.169,0.11,0.429;aaaaaaaa;
aaaaaaa;0.654,0.146,0.494,0.654,0.168,0.34,0.0534,0.834,0.934,0.352;aaa;
aaaa;0.119,0.118,0.466,0.293,0.376,0.575,0.298,0.359,0.131,0.692;a;
aaa;0.195,0.616,0.0804,0.661,0.944,0.358,0.917,0.104,0.671,0.451;a;
aaaa;0.358,0.688,0.42,0.882,0.773,0.832,0.579,0.661,0.571,0.441;aaaaaaa;
aaa;0.242,0.451,0.248,0.735,0.459,0.663,0.217,0.186,0.0469,0.179;aaaaaaaaa;
aaaa;0.579,0.356,0.0849,0.653,0.0754,0.541,0.955,0.373,0.49,0.831;aaaa;
aaa;0.89,0.397,0.928,0.499,0.643,0.117,0.0621,0.989,0.259,0.726;a;
aaaaaaa;0.0197,0.923,0.801,0.125,0.0376,0.188,0.34,0.164,0.433,0.194;aaaaaa;
a;0.997,0.269,0.605,0.816,0.835,0.616,0.573,0.979,0.836,0.886;aaaaaa;
aaaaaaa;0.756,0.248,0.485,0.321,0.44,0.999,0.213,0.678,0.73,0.105;aa;
aaaaaaa;0.954,0.882,0.145,0.512,0.664,0.352,0.437,0.375,0.0547,0.973;a;
aaaa;0.339,0.885,0.892,0.348,0.718,0.47,0.195,0.776,0.686,0.371;aaaa;
aaa;0.177,0.366,0.804,0.304,0.738,0.417,0.113,0.449,0.256,0.732;aaa;
a;0.203,0.705,0.0254,0.039,0.405,0.0237,0.453,0.91,0.157,0.745;a;
a;0.523,0.272,0.795,0.997,0.412,0.951,0.068,0.991,0.364,0.595;aa;
aaaaaaa;0.641,0.287,0.134,0.595,0.0745,0.0557,0.508,0.276,0.413,0.463;aaaaaaaa;
aaaa;0.18,0.491,0.716,0.946,0.0408,0.356,0.0444,0.281,0.135,0.805;aaaaaaaa;
a;0.819,0.564,0.917,0.657,0.828,0.387,0.225,0.292,0.86,0.584;aaaaaaaaaa;
a;0.262,0.998,0.506,0.472,0.313,0.728,0.466,0.751,0.344,0.424;aaaa;
aaaaaa;0.289,0.53,0.672,0.564,0.797,0.954,0.0869,0.66,0.11,0.993;aaaaa;
aaaaaa;0.167,0.121,0.686,0.254,0.308,0.795,0.931,0.602,0.224,0.728;aaaaaaaaaa;
aaaaa;0.815,0.517,0.802,0.24,0.139,0.668,0.721,0.113,0.841,0.32;aaaaaaaaaa;
aaa;0.0835,0.221,0.39,0.573,0.892,0.896,0.292,0.491,0.351,0.278;aa;
aaaa;0.0996,0.446,0.0692,0.51,0.0311,0.629,0.913,0.284,0.867,0.105;aa;
aaa;0.507,0.185,0.717,0.811,0.904,0.793,0.29,0.182,0.978,0.968;aaaaaaaa;
aaaaaa;0.0641,0.742,0.808,0.823,0.595,0.943,0.169,0.757,0.61,0.023;aa;
aa;0.492,0.737,0.0104,0.35,0.398,0.443,0.241,0.666,0.626,0.679;aaaa;
aaaaaa;0.363,0.245,0.88,0.393,0.0119,0.875,0.74,0.661,0.572,0.198;aaaaa;
aa;0.401,0.871,0.194,0.297,0.032,0.787,0.69,0.354,0.775,0.206;aaaaaaaa;
aaa;0.0924,0.805,0.586,0.696,0.273,0.524,0.25,0.486,0.749,0.718;aaaaaa;
aaa;0.249,0.0403,0.238,0.323,0.0869,0.0586,0.976,0.587,0.601,0.99;aaa;
aaa;0.235,0.518,0.048,0.153,0.436,0.424,0.876,0.535,0.617,0.0265;aaaa;
aaaaaaa;0.536,0.88,0.818,0.429,0.537,0.782,0.319,0.684,0.484,0.102;aaaa;
aaaaa;0.265,0.864,0.985,0.0532,0.0788,0.469,0.692,0.549,0.427,0.677;aaaaaaaaaa;
aaaaa;0.538,0.204,0.982,0.49,0.469,0.424,0.304,0.0636,0.0494,0.888;aaaa;
a;0.97,0.755,0.467,0.282,0.829,0.304,0.347,0.341,0.337,0.414;aaaaaaaa;
aaaaaa;0.0152,0.191,0.057,0.783,0.749,0.33,0.428,0.838,0.85,0.147;aaaaaa;
aaaaaaa;0.401,0.463,0.045,0.00686,0.578,0.505,0.109,0.538,0.892,0.0415;aaaaaaa;
aaaa;0.277,0.663,0.968,0.702,0.0884,0.54,0.154,0.405,0.702,0.143;aaaaaaaaaa;
a;0.218,0.712,0.59,0.671,0.697,0.41,0.674,0.993,0.285,0.0932;aaaaa;
aaaaaaa;0.471,0.159,0.0552,0.534,0.859,0.983,0.483,0.822,0.649,0.827;aaaaaa;
aaaaaa;0.46,0.202,0.714,0.483,0.036,0.177,0.794,0.153,0.753,0.788;a;
aaaaaa;0.129,0.471,0.0193,0.934,0.732,0.14,0.156,0.132,0.886,0.0964;aaaaaaaaaa;
aaaa;0.534,0.331,0.838,0.997,0.304,0.152,0.285,0.84,0.902,0.8;aaaaaaaaa;
a;0.403,0.698,0.0655,0.827,0.371,0.196,0.996,0.866,0.764,0.816;aaaaaaaaaa;
aaaaa;0.866,0.328,0.0441,0.389,0.3,0.762,0.104,0.635,0.348,0.955;aaaaaaaaa;
aaaaaa;0.945,0.882,0.589,0.795,0.609,0.868,0.438,0.803,0.255,0.469;a;
aaa;0.551,0.569,0.769,0.308,0.648,0.653,0.288,0.939,0.827,0.328;aaaaaaaaaa;
aaa;0.374,0.908,0.554,0.719,0.148,0.178,0.305,0.899,0.706,0.442;a;
aaaaaa;0.55,0.601,0.805,0.32,0.0953,0.192,0.373,0.33,0.76,0.26;aaaaaaaaa;
aaa;0.0855,0.384,0.991,0.338,0.883,0.645,0.51,0.882,0.167,0.933;aaaaaaaaaa;
a;0.719,0.382,0.872,0.935,0.787,0.183,0.953,0.327,0.00835,0.69;aaaaa;
aaaaa;0.0688,0.322,0.595,0.317,0.309,0.914,0.377,0.459,0.458,0.673;aaaaaaaaaa;
aa;0.286,0.897,0.0864,0.0815,0.646,0.332,0.75,0.48,0.527,0.359;aaaa;
aaaaa;0.395,0.966,0.0834,0.429,0.679,0.752,0.366,0.981,0.727,0.376;aaaaaaa;
aa;0.204,0.713,0.972,0.0318,0.761,0.0168,0.737,0.43,0.482,0.977;aaaaaaa;
aaaaaaa;0.629,0.381,0.252,0.033,0.544,0.421,0.0786,0.637,0.503,0.562;aaaa;
aaaaaaa;0.284,0.724,0.591,0.932,0.696,0.983,0.00357,0.4,0.227,0.0251;a;
a;0.373,0.882,0.977,0.639,0.735,0.684,0.594,0.557,0.26,0.231;aaaaaaaa;
aa;0.227,0.385,0.933,0.937,0.83,0.408,0.662,0.448,0.366,0.466;a;
aaaaaaa;0.381,0.683,0.125,0.965,0.00213,0.503,0.371,0.375,0.943,0.313;a;
aaaa;0.717,0.903,0.68,0.848,0.737,0.745,0.78,0.878,0.767,0.925;a;
aaa;0.157,0.103,0.752,0.316,0.55,0.00629,0.496,0.867,0.928,0.627;aaaaaaaaaa;
a;0.568,0.987,0.168,0.191,0.0182,0.268,0.59,0.193,0.638,0.526;aaaaaaa;
aa;0.357,0.89,0.785,0.045,0.627,0.434,0.617,0.471,0.0157,0.626;aaaaaaaa;
aaa;0.678,0.546,0.406,0.37,0.563,0.0537,0.117,0.708,0.729,0.807;a;
a;0.186,0.576,0.079,0.932,0.267,0.82,0.234,0.381,0.558,0.694;aaaaaaaaaa;
aaaa;0.107,0.779,0.967,0.552,0.801,0.332,0.949,0.0358,0.408,0.447;a;
a;0.844,0.957,0.684,0.783,0.0616,0.118,0.862,0.451,0.514,0.719;aaaaaaa;
aa;0.676,0.41,0.0107,0.986,0.173,0.0173,0.217,0.116,0.936,0.838;aaaaaaaa;
aaa;0.491,0.247,0.65,0.858,0.0583,0.0745,0.877,0.668,0.473,0.906;aaaaaaaaa;
aaaa;0.95,0.154,0.0862,0.142,0.167,0.0167,0.74,0.00298,0.533,0.661;aaaaa;
aaa;0.768,0.611,0.774,0.748,0.557,0.415,0.493,0.404,0.794,0.291;aa;
aaa;0.544,0.462,0.918,0.158,0.0856,0.691,0.415,0.589,0.024,0.647;aaaa;
aaaaaaa;0.699,0.912,0.944,0.459,0.488,0.305,0.649,0.87,0.292,0.0883;a;
aaaaaaa;0.584,0.104,0.196,0.167,0.118,0.0659,0.422,0.627,0.964,0.102;a;
aaa;0.567,0.816,0.639,0.861,0.00833,0.559,0.402,0.159,0.876,0.855;aaaaa;
aaaaa;0.0367,0.0872,0.391,0.901,0.131,0.387,0.834,0.377,0.0652,0.886;aaaaaaa;
aaaaa;0.554,0.151,0.36,0.141,0.00296,0.803,0.965,0.755,0.163,0.269;aaaa;
a;0.335,0.947,0.597,0.504,0.095,0.726,0.0137,0.69,0.851,0.734;aaaaaaaa;
aaaaaa;0.826,0.477,0.322,0.738,0.83,0.224,0.078,0.315,0.727,0.89;aaaaaaa;
a;0.846,0.025,0.356,0.342,0.0901,0.623,0.886,0.503,0.71,0.969;aaaaa;
aaa;0.451,0.263,0.333,0.685,0.296,0.604,0.203,0.435,0.122,0.139;aaaaaaaa;
aaaa;0.648,0.978,0.911,0.107,0.22,0.373,0.727,0.883,0.919,0.369;aaa;
a;0.0411,0.746,0.0169,0.0686,0.457,0.102,0.802,0.928,0.639,0.412;aaaaaa;
aaaaaaa;0.495,0.648,0.936,0.42,0.388,0.881,0.999,0.579,0.881,0.467;aaaaaaa;
aaaaa;0.46,0.604,0.579,0.672,0.219,0.321,0.297,0.311,0.272,0.504;aaaaa;
a;0.868,0.0431,0.225,0.669,0.344,0.307,0.0262,0.0678,0.545,0.942;aa;
aaaaaa;0.222,0.976,0.0542,0.476,0.426,0.671,0.02,0.566,0.061,0.756;aaa;
aaa;0.799,0.64,0.405,0.873,0.0615,0.916,0.0729,0.914,0.352,0.397;aaaaaaaa;
aaaa;0.134,0.417,0.181,0.269,0.2,0.846,0.789,0.608,0.489,0.331;aaaa;
aaaaaaa;0.489,0.202,0.106,0.305,0.926,0.269,0.122,0.178,0.256,0.14;aa;
aaaaaa;0.549,0.119,0.863,0.909,0.533,0.136,0.993,0.677,0.86,0.302;aa;
aaa;0.223,0.18,0.556,0.148,0.834,0.695,0.242,0.814,0.324,0.541;aaaaaa;
a;0.43,0.279,0.65,0.662,0.12,0.09,0.253,0.813,0.502,0.943;aaaaaaaaaa;
a;0.675,0.624,0.108,0.174,0.407,0.709,0.999,0.95,0.354,0.0732;aaaaaaaaa;
aaaaaa;0.526,0.33,0.329,0.438,0.0835,0.385,0.961,0.952,0.502,0.347;aa;
aaaa;0.206,0.00797,0.464,0.59,0.581,0.745,0.994,0.0157,0.12,0.341;aa;
aa;0.842,0.501,0.202,0.166,0.358,0.528,0.345,0.173,0.316,0.587;aaa;
aaaaaa;0.593,0.638,0.685,0.313,0.161,0.633,0.939,0.0724,0.229,0.626;aaaaa;
aaaaa;0.202,0.732,0.034,0.862,0.344,0.64,0.345,0.856,0.866,0.59;aaaaa;
aaaaaa;0.989,0.758,0.515,0.432,0.868,0.15,0.311,0.857,0.805,0.894;a;
aa;0.423,0.126,0.768,0.453,0.0725,0.822,0.739,0.824,0.702,0.777;aaaaaaaaaa;
aa;0.287,0.624,0.611,0.356,0.483,0.091,0.792,0.265,0.511,0.427;aaaaaa;
aa;0.415,0.64,0.236,0.588,0.656,0.292,0.453,0.89,0.125,0.963;aaa;
aaaaaaa;0.173,0.185,0.553,0.801,0.605,0.557,0.517,0.23,0.0281,0.872;aa;
a;0.5,0.471,0.0627,0.675,0.989,0.275,0.181,0.216,1,0.115;aaaaaaaa;
aaa;0.267,0.237,0.32,0.883,0.946,0.483,0.0779,0.0344,0.686,0.981;aaaaaaaaa;
aaaaaaa;0.172,0.245,0.187,0.0615,0.753,0.604,0.949,0.872,0.252,0.0923;aa;
aaaa;0.0962,0.372,0.289,0.995,0.263,0.119,0.64,0.687,0.974,0.966;aa;
aa;0.607,0.612,0.117,0.771,0.414,0.142,0.572,0.732,0.644,0.896;aaaaa;
aaa;0.148,0.69,0.00997,0.158,0.991,0.594,0.0593,0.17,0.763,0.575;aaa;
aaaaaa;0.562,0.132,0.48,0.562,0.0439,0.314,0.301,0.181,0.818,0.974;aaaaaaaaa;
aaaaa;0.542,0.562,0.145,0.447,0.413,0.272,0.293,0.854,0.433,0.379;aaaaaaaaa;
aaaaaaa;0.993,0.895,0.57,0.587,0.588,0.132,0.307,0.379,0.248,0.181;aaaaaaaaa;
aaaa;0.735,0.181,0.277,0.312,0.592,0.261,0.207,0.726,0.45,0.133;aaaa;
aaaa;0.305,0.773,0.602,0.169,0.617,0.824,0.828,0.549,0.909,0.434;aaaaaa;
aaaaaa;0.489,0.376,0.284,0.692,0.226,0.41,0.408,0.962,0.41,0.457;aaaaa;
aaaaaaa;0.417,0.553,0.311,0.318,0.235,0.848,0.951,0.761,0.956,0.229;aaaaaaa;
aaaaaaa;0.527,0.88,0.188,0.0143,0.754,0.336,0.308,0.863,0.955,0.775;aaaa;
aaaaaaa;0.503,0.722,0.304,0.324,0.433,0.402,0.448,0.548,0.111,0.908;aaa;
a;0.295,0.981,0.953,0.911,0.558,0.313,0.0578,0.243,0.806,0.783;aa;
aaaaa;0.373,0.627,0.516,0.41,0.953,0.0465,0.102,0.144,0.758,0.777;aaaaaaaaa;
aaaaa;0.283,0.861,0.584,0.851,0.332,0.00793,0.762,0.386,0.546,0.329;aaaaa;
aaaa;0.236,0.481,0.462,0.565,0.488,0.364,0.845,0.17,0.198,0.0156;aaaaaaa;
aaaaaa;0.891,0.471,0.15,0.582,0.542,0.697,0.562,0.496,0.283,0.179;aaaa;
aaaaaa;0.294,0.937,0.925,0.458,0.286,0.0196,0.864,0.0652,0.421,0.749;aaa;
aaaa;0.228,0.361,0.537,0.0525,0.338,0.69,0.126,0.574,0.228,0.991;aaaaaaaa;
aaaaaaa;0.872,0.97,0.498,0.986,0.41,0.971,0.329,0.599,0.116,0.473;aaaaa;
aa;0.529,0.937,0.742,0.254,0.531,0.369,0.75,0.878,0.105,0.851;aaaaa;
aaa;0.646,0.786,0.754,0.0515,0.398,0.368,0.0185,0.987,0.717,0.39;aaaaaa;
aaaaaaa;0.0953,0.0199,0.338,0.69,0.518,0.379,0.339,0.261,0.976,0.112;aa;
a;0.637,0.587,0.532,0.642,0.118,0.753,0.959,0.478,0.803,0.0169;aaaaaaaaa;
aaaaa;0.23,0.231,0.811,0.395,0.513,0.287,0.529,0.342,0.0957,0.724;aaaaaaa;
aaaaaa;0.897,0.322,1,0.756,0.366,0.887,0.346,0.264,0.00519,0.35;aaa;
aa;0.16,0.0578,0.971,0.0425,0.73,0.091,0.0175,0.0643,0.986,0.616;aaaaaaaaa;
a;0.162,0.62,0.328,0.585,0.73,0.0666,0.744,0.887,0.506,0.292;aaaaa;
a;0.712,0.351,0.602,0.819,0.545,0.532,0.728,0.0894,0.257,0.844;a;
aaaaaaa;0.412,0.731,0.697,0.233,0.741,0.147,0.203,0.607,0.224,0.738;aaaaaaaa;
aa;0.631,0.47,0.569,0.913,0.391,0.453,0.612,0.777,0.861,0.351;aaaaaaaaaa;
aaa;0.913,0.0999,0.771,0.111,0.65,0.0363,0.519,0.268,0.726,0.462;aaaaaa;
aaaaaa;0.431,0.695,0.324,0.152,0.644,0.0544,0.637,0.409,0.0507,0.548;aaaaaa;
aaaa;0.521,0.672,0.998,0.256,0.777,0.835,0.65,0.78,0.58,0.711;aaaa;
aaaaaaa;0.539,0.959,0.753,0.825,0.707,0.931,0.0914,0.132,0.0334,0.792;aaa;
aaaa;0.0624,0.808,0.199,0.627,0.521,0.33,0.907,0.61,0.0868,0.653;aaaaaaaaa;
aaaa;0.809,0.81,0.415,0.416,0.717,0.555,0.621,0.75,0.448,0.388;aaaaa;
aaa;0.629,0.754,0.167,0.927,0.0514,0.946,0.717,1,0.312,0.296;aaaaaaaa;
aa;0.0874,0.181,0.349,0.332,0.0355,0.51,0.237,0.634,0.731,0.754;aaaaaaa;
aaaaaaa;0.839,0.934,0.786,0.229,0.144,0.931,0.359,0.436,0.47,0.839;aaaaaa;
aa;0.625,0.809,0.567,0.854,0.413,0.611,0.459,0.786,0.405,0.852;aaaaaa;
aaa;0.329,0.0136,0.239,0.909,0.669,0.54,0.237,0.78,0.747,0.156;aaaaaa;
aaaaaa;0.588,0.371,0.202,0.926,0.365,0.314,0.989,0.238,0.0204,0.23;aaaa;
aaaaa;0.646,0.675,0.735,0.112,0.00182,0.723,0.476,0.289,0.8,0.00827;aaaaa;
aaaaaa;0.798,0.484,0.000494,0.549,0.934,0.977,0.335,0.281,0.819,0.539;aaaaaaaaa;
aaaaa;0.726,0.3,0.276,0.21,0.782,0.417,0.76,0.794,0.859,0.546;aaaaaa;
aaaa;0.904,0.237,0.46,0.966,0.497,0.902,0.872,0.375,0.431,0.825;aaaaaaa;
a;0.947,0.454,0.697,0.389,0.648,0.12,0.391,0.19,0.592,0.492;aaaaaa;
aaaaa;0.585,0.742,0.878,0.801,0.72,0.319,0.844,0.0617,0.478,0.431;aaa;
a;0.274,0.876,0.131,0.75,0.73,0.422,0.0846,0.188,0.994,0.974;aaa;
aaaaaa;0.546,0.116,0.898,0.791,0.224,0.424,0.538,0.798,0.902,0.195;aaaa;
a;0.381,0.152,0.355,0.714,0.742,0.937,0.195,0.541,0.638,0.192;aaa;
aaaaaaa;0.841,0.417,0.173,0.558,0.908,0.623,0.48,0.687,0.0365,0.284;aaa;
aa;0.731,0.941,0.018,0.503,0.814,0.396,0.473,0.366,0.783,0.135;aa;
aaaaaaa;0.478,0.581,0.128,0.105,0.691,0.2,0.241,0.847,0.729,0.994;aa;
aaa;0.831,0.166,0.163,0.407,0.951,0.984,0.483,0.976,0.0387,0.666;aaaaaaaaaa;
a;0.344,0.414,0.955,0.532,0.548,0.386,0.254,0.986,0.0313,0.0145;a;
a;0.981,0.189,0.521,0.204,0.289,0.911,0.366,0.911,0.575,0.267;aaaaaa;
aaaa;0.798,0.866,0.388,0.237,0.292,0.218,0.244,0.69,0.0773,0.288;aaaaaa;
aaaaaa;0.677,0.17,0.979,0.256,0.169,0.437,0.876,0.707,0.265,0.198;aaaa;
aaaaaa;0.974,0.472,0.813,0.759,0.089,0.679,0.495,0.888,0.15,0.554;aa;
aa;0.67,0.809,0.408,0.129,0.713,0.352,0.0392,0.504,0.122,0.731;aaaaaa;
aaa;0.943,0.788,0.0329,0.679,0.375,0.48,0.0812,0.348,0.731,0.26;a;
aa;0.72,0.956,0.0934,0.473,0.314,0.0219,0.47,0.055,0.171,0.277;aa;
aaaaa;0.386,0.441,0.25,0.566,0.332,0.078,0.39,0.394,0.729,0.247;aaa;
a;0.134,0.603,0.431,0.49,0.43,0.606,0.617,0.168,0.756,0.849;aaaaaaaaa;
aaaaaa;0.483,0.338,0.566,0.565,0.037,0.798,0.94,0.399,0.183,0.0873;aaaaaa;
aaaaaaa;0.606,0.0838,0.956,0.164,0.638,0.967,0.955,0.151,0.315,0.536;aaaaaaaa;
aaa;0.161,0.186,0.236,0.539,0.756,0.428,0.875,0.126,0.49,0.449;a;
aaaaaa;0.195,0.784,0.0245,0.956,0.78,0.309,0.815,0.457,0.627,0.634;aa;
aaaaa;0.0689,0.0892,0.378,0.772,0.851,0.493,0.128,0.224,0.0123,0.513;aaaaaaaa;
aaaaaaa;0.226,0.259,0.0253,0.974,0.751,0.469,0.0236,0.102,0.43,0.987;aaaaaa;
aa;0.937,0.462,0.542,0.724,0.806,0.719,0.0572,0.171,0.593,0.856;aaaaaaa;
a;0.355,0.195,0.202,0.164,0.985,0.88,0.21,0.771,0.744,0.681;aa;
aaaaa;0.207,0.877,0.0626,0.33,0.851,0.236,1,0.0153,0.57,0.768;aaaaaaaa;
aaaa;0.0775,0.775,0.286,0.259,0.456,0.213,0.342,0.0512,0.496,0.384;aaaaaaaaaa;
aaaaaa;0.898,0.0474,0.66,0.696,0.716,0.832,0.583,0.716,0.458,0.916;aaaa;
aaaaaa;0.855,0.85,0.899,0.375,0.063,0.64,0.449,0.944,0.1,0.78;aaa;
aaaa;0.15,0.154,0.901,0.13,0.0648,0.308,0.45,0.181,0.442,0.246;a;
a;0.884,0.684,0.745,0.243,0.712,0.9,0.0404,0.11,0.0644,0.905;aaaaaaaa;
aaa;0.303,0.553,0.162,0.0591,0.826,0.171,0.758,0.245,0.534,0.52;aaa;
aaaaaaa;0.636,0.447,0.794,0.962,0.434,0.133,0.897,0.781,0.458,0.156;aaaaaaa;
aa;0.0943,0.503,0.885,0.652,0.88,0.408,0.00454,0.547,0.292,0.863;aaaaaaa;
aaaaa;0.837,0.77,0.64,0.676,0.373,0.985,0.612,0.98,0.931,0.787;aaaa;
aaaaaa;0.187,0.112,0.268,0.343,0.134,0.243,0.544,0.633,0.579,0.122;aaaaaaaaaa;
aaa;0.231,0.0429,1,0.0459,0.417,0.448,0.366,0.397,0.0436,0.133;aa;
aa;0.464,0.74,0.942,0.258,0.969,0.664,0.457,0.0607,0.437,0.313;aaaaa;
aaaaaaa;0.0272,0.962,0.167,0.326,0.841,0.507,0.289,0.309,0.923,0.415;aaaaaaa;
aa;0.915,0.919,0.413,0.802,0.682,0.596,0.748,0.81,0.125,0.38;a;
aa;0.299,0.0708,0.597,0.133,0.23,0.427,0.0871,0.359,0.0471,0.193;aaa;
aaaaaa;0.509,0.769,0.487,0.605,0.335,0.291,0.217,0.263,0.0802,0.345;aaaaaa;
aaa;0.719,0.461,0.734,0.341,0.891,0.00648,0.248,0.233,0.263,0.845;a;
a;0.967,0.718,0.708,0.324,0.807,0.5,0.319,0.64,0.582,0.264;aaaaaaaa;
aaaaa;0.054,0.405,0.793,0.69,0.00613,0.4,0.888,0.268,0.379,0.872;aaaaa;
aaaaa;0.415,0.263,0.996,0.518,0.294,0.774,0.761,0.467,0.102,0.748;aaaaaaaa;
aaa;0.834,0.269,0.255,0.147,0.14,0.0525,0.322,0.645,0.658,0.437;aaaa;
aaaaa;0.902,0.0536,0.287,0.564,0.431,0.0897,0.0381,0.336,0.678,0.626;aaaaaaa;
aaaaaa;0.683,0.264,0.247,0.455,0.492,0.0714,0.433,0.519,0.289,0.972;aaaaaaa;
aaaaaa;0.479,0.994,0.344,0.75,0.562,0.621,0.527,0.299,0.35,0.727;aaaaaaaa;
aaa;0.482,0.193,0.581,0.525,0.384,0.966,0.404,0.488,0.643,0.933;aaaaaaa;
aaaa;0.382,0.218,0.646,0.378,0.00831,0.383,0.558,0.853,0.795,0.521;aaaaaaaa;
aaaaaa;0.163,0.474,0.927,0.758,0.106,0.0927,0.601,0.908,0.489,0.581;aaaaaaaaa;
aaaaa;0.397,0.24,0.851,0.15,0.344,0.745,0.935,0.992,0.78,0.873;aaaa;
aaa;0.437,0.109,0.839,0.992,0.0627,0.584,0.463,0.333,0.765,0.268;aa;
aaaaa;0.637,0.973,0.631,0.286,0.505,0.17,0.453,0.796,0.476,0.205;aaa;
aaa;0.855,0.0444,0.596,0.483,0.109,0.0963,0.307,0.0848,0.635,0.341;aaa;
a;0.159,0.185,0.897,0.334,0.913,0.962,0.0337,0.0164,0.617,0.616;aaaaa;
a;0.461,0.502,0.841,0.413,0.68,0.679,0.451,0.112,0.0942,0.532;aaaaa;
aa;0.626,0.26,0.0716,0.225,0.0218,0.411,0.596,0.556,0.961,0.777;aaaaaa;
aaaa;0.204,0.564,0.895,0.284,0.00735,0.586,0.563,0.369,0.526,0.049;a;
aaaaaa;0.254,0.813,0.705,0.158,0.598,0.694,0.262,0.746,0.902,0.847;aaaa;
aaaa;0.415,0.328,0.0667,0.358,0.155,0.613,0.199,0.589,0.959,0.14;aaaa;
aaaaaaa;0.884,0.112,0.176,0.635,0.753,0.128,0.929,0.964,0.282,0.371;aaaaa;
aaaaa;0.509,0.851,0.959,0.301,0.702,0.332,0.781,0.0908,0.313,0.879;aaaaaaaaa;
aa;0.934,0.708,0.326,0.923,0.494,0.684,0.653,0.678,0.695,0.547;aaaaaa;
aaaaaa;0.759,0.666,0.897,0.852,0.421,0.63,0.193,0.228,0.81,0.362;aa;
aaa;0.0912,0.0666,0.426,0.0216,0.0276,0.165,0.541,0.648,0.458,0.698;aaaaaaa;
a;0.275,0.927,0.869,0.386,0.877,0.742,0.556,0.342,0.261,0.826;aaaaaa;
aaaa;0.0712,0.722,0.746,0.467,0.815,0.986,0.0669,0.0217,0.462,0.976;aaaaaaaa;
a;0.862,0.432,0.47,0.937,0.595,0.299,0.00462,0.745,0.631,0.0924;aaaaa;
aaa;0.479,0.207,0.588,0.149,0.593,0.993,0.997,0.554,0.371,0.37;aa;
aa;0.997,0.34,0.185,0.885,0.84,0.865,0.553,0.814,0.179,0.481;a;
aa;0.703,0.739,0.34,0.0309,0.733,0.646,0.192,0.792,0.273,0.751;aaaaaa;
aaaaa;0.261,0.67,0.346,0.453,0.217,0.179,0.384,0.995,0.394,0.0856;aa;
aa;0.184,0.471,0.142,0.166,0.205,0.895,0.174,0.0632,0.948,0.868;aa;
aaaa;0.199,0.254,0.76,0.897,0.445,0.317,0.793,0.0324,0.956,0.952;aaaaaaa;
aaaaaa;0.872,0.213,0.0937,0.00653,0.274,0.327,0.116,0.913,0.387,0.831;aaa;
aaaaa;0.43,0.654,0.683,0.0615,0.512,0.623,0.101,0.0822,0.225,0.635;aa;
a;0.00729,0.915,0.56,0.164,0.836,0.675,0.736,0.828,0.546,0.743;aa;
aaaaaaa;0.0375,0.512,0.424,0.987,0.229,0.662,0.533,0.122,0.516,0.71;aaaaaaaaa;
aa;0.238,0.364,0.529,0.737,0.603,0.434,0.112,0.11,0.99,0.933;aaaa;
aaa;0.587,0.643,0.358,0.21,0.993,0.103,0.607,0.692,0.159,0.809;aaaaa;
a;0.14,0.779,0.509,0.871,0.19,0.659,0.405,0.523,0.213,0.588;aaaaaa;
aaaaaaa;0.682,0.917,0.717,0.928,0.924,0.994,0.876,0.982,0.318,0.913;a;
aaaaaa;0.728,0.22,0.194,0.0836,0.21,0.733,0.996,0.675,0.0775,0.944;aaaaaaa;
aaa;0.611,0.109,0.785,0.0749,0.492,0.292,0.635,0.046,0.904,0.884;aaaaa;
aaaaaa;0.822,0.471,0.783,0.67,0.375,0.606,0.488,0.0531,0.102,0.384;aa;
aaaaaaa;0.707,0.278,0.77,0.855,0.0976,0.659,0.191,0.747,0.804,0.458;aaaaaa;
aa;0.35,0.721,0.638,0.507,0.0387,0.72,0.636,0.56,0.578,0.226;aaaaaa;
a;0.236,0.135,0.024,0.323,0.924,0.571,0.853,0.111,0.359,0.316;aaaaaaaaa;
aaaaaa;0.0965,0.382,0.683,0.464,0.223,0.663,0.218,0.0547,0.137,0.9;aa;
aaaaa;0.159,0.62,0.539,0.742,0.0452,0.172,0.667,0.577,0.83,0.422;aa;
aaaaaaa;0.464,0.103,0.653,0.922,0.605,0.684,0.874,0.673,0.117,0.476;aaa;
aaaaa;0.25,0.881,0.00203,0.937,0.00695,0.439,0.744,0.315,0.626,0.766;aa;
aaaaaa;0.201,0.85,0.053,0.488,0.181,0.811,0.389,0.533,0.975,0.138;aaa;
aaaaa;0.62,0.751,0.0951,0.0993,0.345,0.078,0.281,0.944,0.301,0.348;a;
aaaa;0.434,0.723,0.98,0.491,0.265,0.916,0.285,0.51,0.318,0.296;aa;
aaaa;0.127,0.828,0.226,0.555,0.56,0.195,0.336,0.621,0.468,0.83;aaaaaa;
aaaaaaa;0.189,0.736,0.521,0.287,0.845,0.401,0.792,0.00389,0.386,0.0724;aaaaaaaa;
aaaaa;0.0917,0.535,0.535,0.213,0.169,0.69,0.875,0.356,0.664,0.445;aaaaaa;
aaa;0.293,0.0102,0.822,0.758,0.522,0.253,0.299,0.0158,0.66,0.019;aaaaaaaaaa;
aaa;0.8,0.000764,0.485,0.382,0.376,0.155,0.313,0.712,0.519,0.844;aaaaaa;
a;0.766,0.194,0.0835,0.589,0.0341,0.976,0.772,0.674,0.689,0.18;aaa;
aaaaa;0.187,0.675,0.49,0.0295,0.0797,0.16,0.147,0.517,0.32,0.0473;aaaa;
aaaaa;0.707,0.0295,0.323,0.848,0.111,0.266,0.264,0.763,0.853,0.589;aaaaa;
aaaaaaa;0.904,0.552,0.0378,0.0599,0.222,0.813,0.334,0.481,0.869,0.96;aaa;
aaaaa;0.911,0.585,0.109,0.892,0.63,0.558,0.73,0.814,0.684,0.718;a;
aaaa;0.13,0.436,0.265,0.427,0.991,0.535,0.384,0.581,0.797,0.572;aaaaaaaaaa;
aa;0.178,0.669,0.794,0.557,0.328,0.92,0.47,0.463,0.445,0.84;aaa;
aa;0.79,0.976,0.584,0.0372,0.968,0.201,0.0401,0.151,0.791,0.0609;aa;
aaa;0.747,0.675,0.396,0.69,0.921,0.459,0.076,0.37,0.817,0.467;aaaaaaaa;
aaaaa;0.373,0.292,0.952,0.401,0.95,0.0811,0.169,0.634,0.43,0.798;aaaaaaaaa;
aaaaaa;0.562,0.187,0.315,0.995,0.367,0.0544,0.878,0.022,0.857,0.723;aa;
a;0.691,0.376,0.545,0.5,0.895,0.89,0.673,0.81,0.017,0.0728;aaaaaa;
aa;0.0799,0.5,0.923,0.878,0.291,0.0267,0.994,0.165,0.131,0.0782;aaaa;
aaaaaa;0.379,0.639,0.653,0.275,0.646,0.853,0.011,0.672,0.823,0.766;aaaaaaaaaa;
a;0.187,0.618,0.437,0.325,0.649,0.164,0.753,0.949,0.242,0.356;aaaaaaa;
aaa;0.852,0.666,0.574,0.94,0.547,0.182,0.453,0.501,0.743,0.351;aaaa;
aaaaaaa;0.981,0.286,0.242,0.735,0.986,0.392,0.0983,0.716,0.658,0.058;aa;
aaaaaa;0.464,0.468,0.191,0.321,0.313,0.998,0.362,0.164,0.647,0.373;aaaaaaaaa;
aaa;0.77,0.265,0.0298,0.553,0.528,0.598,0.797,0.532,0.0661,0.112;a;
aaaaaaa;0.109,0.525,0.319,0.985,0.642,0.118,0.892,0.642,0.465,0.215;aaaaa;
aa;0.425,0.0299,0.296,0.345,0.0259,0.139,0.135,0.522,0.658,0.456;aaaaaaaaa;
a;0.374,0.49,0.41,0.592,0.757,0.455,0.851,0.301,0.0961,0.992;aaaa;
aaaa;0.52,0.418,0.842,0.739,0.38,0.0893,0.899,0.79,0.787,0.312;aaa;
aaaaa;0.227,0.998,0.809,0.611,0.25,0.288,0.917,0.843,0.301,0.918;aaaaaaa;
aa;0.418,0.454,0.27,0.308,0.469,0.864,0.116,0.675,0.689,0.581;aaaaaaaaa;
a;0.386,0.247,0.0968,0.0086,0.134,0.791,0.46,0.102,0.567,0.0421;aaaaaaa;
a;0.365,0.314,0.935,0.757,0.595,0.562,0.164,0.591,0.214,0.0745;aaaaaaaa;
aaa;0.69,0.156,0.602,0.658,0.333,0.39,0.501,0.489,0.00907,0.591;aaaaaaaaaa;
a;0.369,0.258,0.498,0.51,0.168,0.668,0.934,0.54,0.994,0.284;aa;
aaaaaa;0.615,0.371,0.262,0.4,0.45,0.306,0.0249,0.275,0.0446,0.956;aaaaaaaaaa;
a;0.856,0.469,0.502,0.623,0.471,0.981,0.321,0.686,0.617,0.0648;aaaa;
a;0.533,0.805,0.503,0.726,0.012,0.421,0.79,0.211,0.486,0.723;aaaaaaaaa;
aaaaaaa;0.483,0.605,0.666,0.73,0.663,0.31,0.402,0.666,0.262,0.838;aaaaaa;
aaaaa;0.0351,0.216,0.276,0.263,0.334,0.268,0.000118,0.156,0.459,0.694;aaaaaa;
aaaaa;0.958,0.203,0.0476,0.632,0.765,0.0503,0.234,0.562,0.715,0.635;aa;
aaaaaa;0.0674,0.856,0.491,0.23,0.729,0.676,0.873,0.707,0.456,0.701;aaaaa;
aaaaaa;0.0786,0.331,0.122,0.743,0.689,0.378,0.525,0.552,0.0677,0.561;a;
aa;0.885,0.707,0.837,0.0353,0.259,0.523,0.366,0.175,0.595,0.922;aaa;
aaaa;0.519,0.722,0.969,0.359,0.174,0.434,0.713,0.302,0.247,0.942;aaaaaaaa;
aaaaaaa;0.313,0.158,0.573,0.602,0.916,0.682,0.3,0.848,0.859,0.534;aaaaaaa;
aa;0.516,0.813,0.753,0.179,0.0943,0.673,0.985,0.544,0.308,0.219;aaaaaaaaaa;
aaaaa;0.336,0.52,0.294,0.267,0.156,0.705,0.163,0.956,0.816,0.432;aaaaa;
a;0.114,0.461,0.193,0.835,0.34,0.636,0.525,0.614,0.0822,0.65;a;
aaa;0.822,0.662,0.566,0.459,0.199,0.712,0.927,0.395,0.982,0.783;aaaaaaaa;
aaaaaaa;0.581,0.666,0.167,0.513,0.897,0.235,0.381,0.904,0.394,0.104;aaa;
aaa;0.485,0.612,0.676,0.46,0.443,0.212,0.915,0.38,0.496,0.362;aaaaa;
aaaaaa;0.458,0.661,0.981,0.176,0.761,0.272,0.616,0.089,0.815,0.449;aaaaaaaaaa;
aaaaaa;0.567,0.609,0.152,0.979,0.754,0.695,0.318,0.801,0.0475,0.742;aa;
aaaa;0.00271,0.581,0.279,0.611,0.505,0.844,0.171,0.139,0.548,0.784;aaaaaaaaa;
aaaa;0.678,0.0393,0.224,0.859,0.7,0.842,0.821,0.0958,0.301,0.128;aaaaaaaaa;
aa;0.27,0.732,0.601,0.786,0.0503,0.466,0.805,0.349,0.0617,0.556;aaaaaaaaaa;
aa;0.288,0.587,0.985,0.0838,0.999,0.378,0.138,0.416,0.252,0.541;aaaaaaaaaa;
aa;0.374,0.503,0.796,0.613,0.961,0.677,0.83,0.801,0.613,0.154;aaaaaa;
aaa;0.391,0.31,0.162,0.311,0.375,0.459,0.46,0.451,0.0649,0.68;aa;
aaaaa;0.2,0.878,0.491,0.572,0.581,0.946,0.467,0.537,0.0854,0.35;aaaa;
aaaa;0.854,0.869,0.427,0.102,0.178,0.609,0.352,0.837,0.0706,0.979;aaaaa;
aaaa;0.687,0.806,0.798,0.322,0.874,0.84,0.594,0.412,0.502,0.608;aa;
aaaa;0.35,0.748,0.87,0.165,0.164,0.767,0.213,0.179,0.0911,0.49;aaaaaaaa;
aaa;0.289,0.487,0.67,0.335,0.447,0.392,0.131,0.301,0.997,0.862;aaaaaa;
aaaa;0.476,0.579,0.224,0.684,0.321,0.108,0.629,0.779,0.311,0.033;aaaaaaaaa;
aa;0.836,0.227,0.142,0.774,0.899,0.533,0.351,0.473,0.28,0.403;a;
aaa;0.92,0.958,0.607,0.0723,0.7,0.206,0.828,0.512,0.199,0.669;aaaaaaaa;
aaaa;0.441,0.896,0.93,0.615,0.309,0.541,0.95,0.106,0.611,0.569;aaaaa;
aaaa;0.9,0.591,0.243,0.82,0.167,0.118,0.136,0.537,0.208,0.243;aa;
aaaaa;0.436,0.196,0.463,0.0895,0.328,0.375,0.575,0.294,0.792,0.602;aaaaa;
a;0.838,0.248,0.358,0.132,0.71,0.795,0.0233,0.00286,0.000764,0.956;aaaaaa;
aaaaaaa;0.972,0.267,0.736,0.347,0.149,0.851,0.024,0.0592,0.61,0.568;aaaaaaaaaa;
a;0.303,0.7,0.259,0.614,0.364,0.904,0.0554,0.0775,0.255,0.123;aaaaaaaa;
aaa;0.024,0.947,0.894,0.876,0.303,0.67,0.848,0.833,0.489,0.397;aaaaa;
aaaaaaa;0.562,0.116,0.105,0.117,0.00638,0.563,0.364,0.0142,0.538,0.753;aaaaaaaa;
aa;0.887,0.163,0.985,0.977,0.398,0.45,0.74,0.936,0.716,0.834;aaaa;
aaaa;0.386,0.231,0.382,0.471,0.627,0.786,0.42,0.8,0.44,0.0773;aaaa;
aa;0.288,0.739,0.369,0.419,0.338,0.973,0.137,0.213,0.818,0.865;aaaaaaaa;
aaa;0.701,0.43,0.878,0.166,0.459,0.556,0.35,0.505,0.594,0.248;aaaaa;
aaaaa;0.329,0.578,0.206,0.918,0.288,0.717,0.492,0.0812,0.734,0.246;aaaa;
aaa;0.554,0.403,0.176,0.286,0.77,0.797,0.569,0.0294,0.908,0.487;a;
aaaaaaa;0.963,0.855,0.365,0.0102,0.56,0.28,0.031,0.377,0.0384,0.411;aaa;
aa;0.494,0.423,0.721,0.22,0.594,0.166,0.25,0.317,0.104,0.457;aaaa;
aaa;0.728,0.838,0.0101,0.127,0.478,0.759,0.71,0.451,0.843,0.262;aaaaaaaaa;
aaaa;0.0941,0.114,0.187,0.605,0.275,0.0703,0.898,0.243,0.223,0.28;aa;
aaa;0.515,0.26,0.657,0.947,0.323,0.65,0.384,0.539,0.655,0.765;aaaaaaaa;
aaa;0.877,0.477,0.484,0.143,0.265,0.882,0.704,0.361,0.206,0.234;aaa;
aa;0.829,0.361,0.438,0.95,0.0781,0.366,0.897,0.959,0.795,0.362;aaaa;
aaaaaaa;0.662,0.884,0.341,0.698,0.138,0.681,0.543,0.0185,0.693,0.264;aaaaaaa;
aaa;0.756,0.643,0.774,0.258,0.272,0.194,0.828,0.14,0.654,0.882;a;
a;0.508,0.887,0.288,0.749,0.299,0.972,0.0741,0.836,0.862,0.613;aaaaaaaaa;
aaaa;0.771,0.653,0.143,0.355,0.414,0.564,0.219,0.996,0.269,0.475;aaaaaa;
aa;0.179,0.634,0.512,0.799,0.951,0.313,0.821,0.881,0.0992,0.806;aaaaa;
aaaa;0.331,0.17,0.064,0.92,0.655,0.29,0.42,0.84,0.191,0.538;aaaa;
aaaa;0.157,0.384,0.408,0.71,0.788,0.111,0.612,0.997,0.248,0.78;aaaaaaa;
aaaaa;0.13,0.634,0.291,0.141,0.758,0.44,0.965,0.741,0.0743,0.909;aa;
a;0.0424,0.473,0.221,0.624,0.0816,0.42,0.435,0.086,0.855,0.588;a;
aaaaa;0.264,0.945,0.0475,0.846,0.482,0.475,0.7,0.358,0.112,0.667;aaa;
aaaaaa;0.579,0.056,0.0362,0.925,0.686,0.233,0.601,0.0507,0.063,0.905;aaaaaaaaaa;
aa;0.433,0.315,0.933,0.688,0.973,0.34,0.877,0.0701,0.399,0.0657;aaaaaa;
aaaaaa;0.524,0.513,0.947,0.0239,0.853,0.251,0.945,0.0563,0.0727,0.173;aaaaaaaaaa;
aaaaa;0.925,0.753,0.728,0.577,0.0809,0.681,0.708,0.086,0.81,0.619;aa;
aaaaaa;0.542,0.951,0.765,0.669,0.0946,0.692,0.786,0.0274,0.413,0.61;aaaaaaaaaa;
a;0.62,0.582,0.956,0.129,0.875,0.338,0.421,0.343,0.69,0.0364;aaaaaaaaaa;
aaa;0.383,0.152,0.331,0.892,0.212,0.0281,0.481,0.000763,0.71,0.54;aaaa;
aaaaa;0.814,0.0679,0.208,0.469,0.12,0.212,0.904,0.511,0.974,0.124;aaaaaaa;
a;0.59,0.0829,0.032,0.395,0.795,0.457,0.861,0.808,0.131,0.164;aaaaaaaaa;
a;0.239,0.035,0.135,0.831,0.589,0.206,0.581,0.342,0.869,0.776;aa;
aa;0.536,0.937,0.198,0.767,0.696,0.992,0.958,0.884,0.529,0.721;a;
aaaaaaa;0.147,0.0115,0.243,0.359,0.314,0.104,0.975,0.775,0.35,0.853;aaaaa;
aaa;0.178,0.252,0.398,0.163,0.36,0.994,0.917,0.461,0.0321,0.623;aaaaa;
aaaa;0.456,0.279,0.00203,0.233,0.421,0.946,0.815,0.257,0.209,0.164;aaaa;
aaaaaa;0.276,0.192,0.941,0.271,0.69,0.171,0.388,0.271,0.395,0.93;aa;
aaaaaa;0.807,0.203,0.267,0.164,0.652,0.0303,0.437,0.0782,0.882,0.0851;aaaa;
aaaaaaa;0.0341,0.96,0.652,0.857,0.566,0.757,0.61,0.995,0.384,0.274;aaaaaaaaa;
aaa;0.369,0.518,0.121,0.802,0.189,0.901,0.606,0.0795,0.0471,0.306;aaaaaaaaa;
aaaaaa;0.643,0.0635,0.865,0.201,0.166,0.269,0.771,0.0198,0.189,0.574;aaaaaaaaa;
aa;0.238,0.493,0.172,0.471,0.618,0.918,0.411,0.28,0.164,0.46;aaa;
aaaaaaa;0.975,0.805,0.476,0.572,0.182,0.149,0.793,0.498,0.681,0.572;aaaaaaaa;
aaaa;0.0959,0.6,0.907,0.00788,0.81,0.118,0.426,0.151,0.411,0.436;a;
aaaaaaa;0.362,0.969,0.129,0.108,0.619,0.0325,0.376,0.488,0.164,0.526;aaaaaaaaa;
aaa;0.243,0.355,0.419,0.995,0.9,0.59,0.504,0.962,0.577,0.984;aa;
aaaaaaa;0.0457,0.799,0.656,0.181,0.736,0.391,0.319,0.54,0.96,0.415;aaaaaaaaaa;
a;0.906,0.385,0.846,0.429,0.845,0.344,0.833,0.1,0.686,0.37;aaaa;
a;0.624,0.974,0.345,0.785,0.126,0.191,0.652,0.419,0.0142,0.0804;aaaaa;
aaaaaaa;0.417,0.701,0.891,0.633,0.87,0.0149,0.525,0.642,0.368,0.792;aaa;
aa;0.263,0.0225,0.431,0.342,0.972,0.385,0.438,0.0476,0.24,0.136;aaaaaaaa;
aaaaa;0.917,0.215,0.422,0.432,0.674,0.289,0.402,0.687,0.159,0.388;aaaa;
aaaaaaa;0.0193,0.591,0.166,0.212,0.832,0.538,0.707,0.115,0.994,0.202;a;
aaaaaaa;0.351,0.725,0.0492,0.757,0.377,0.804,0.118,0.341,0.99,0.621;aa;
aaaaaaa;0.897,0.959,0.932,0.0434,0.119,0.534,0.31,0.992,0.853,0.466;aaaa;
aaaaaaa;0.0623,0.624,0.297,0.806,0.353,0.554,0.549,0.997,0.961,0.833;aaa;
aaaaaaa;0.0484,0.234,0.545,0.397,0.471,0.86,0.618,0.116,0.887,0.978;aaaa;
aaaaa;0.0786,0.779,0.464,0.663,0.0884,0.545,0.605,0.315,0.08,0.67;aaaaaaaa;
aaa;0.819,0.281,0.486,0.511,0.979,0.555,0.944,0.301,0.949,0.0189;aaaaaa;
a;0.996,0.11,0.559,0.846,0.698,0.92,0.866,0.00835,0.162,0.964;aa;
aaaa;0.39,0.159,0.712,0.502,0.571,0.58,0.388,0.766,0.763,0.111;aaaaaaaaaa;
aaaaaaa;0.882,0.801,0.0826,0.632,0.843,0.0701,0.999,0.715,0.956,0.0341;aaaaaaaaaa;
aaaaaaa;0.987,0.865,0.347,0.323,0.0689,0.681,0.431,0.105,0.245,0.384;aaaaaaaaaa;
aaaaa;0.224,0.913,0.456,0.993,0.72,0.263,0.485,0.429,0.763,0.853;aaaaaaaa;
aaaaa;0.147,0.947,0.316,0.76,0.383,0.276,0.672,0.974,0.221,0.36;aaaa;
aaa;0.144,0.554,0.603,0.689,0.344,0.601,0.14,0.545,0.659,0.00194;aaaaaaaa;
aaaa;0.63,0.0878,0.617,0.433,0.175,0.703,0.815,0.989,0.254,0.988;aaaaaaa;
aaa;0.867,0.102,0.335,0.66,0.622,0.956,0.375,0.918,0.577,0.965;a;
a;0.714,0.903,0.721,0.913,0.976,0.229,0.026,0.78,0.81,0.884;aaa;
aaaaaa;0.406,0.416,0.933,0.436,0.586,0.772,0.906,0.454,0.427,0.644;aaaaaaaaa;
aaaaaa;0.678,0.0164,0.749,0.283,0.932,0.607,0.935,0.843,0.235,0.645;aaaaaaaa;
aaaaaa;0.192,0.0911,0.814,0.42,0.109,0.203,0.625,0.0831,0.739,0.047;aaa;
aaaaaa;0.0028,0.505,0.312,0.299,0.222,0.158,0.00392,0.696,0.029,0.774;aaaaa;
aaa;0.933,0.351,0.65,0.771,0.91,0.935,0.499,0.677,0.582,0.204;aaaaaaaaa;
aaaaaa;0.229,0.426,0.925,0.773,0.773,0.862,0.583,0.922,0.143,0.406;aaaaaaa;
a;0.468,0.63,0.348,0.0331,0.0101,0.147,0.883,0.961,0.342,0.205;aaa;
a;0.862,0.828,0.268,0.698,0.391,0.333,0.0456,0.272,0.458,0.00469;aaaaaaaaaa;
a;0.458,0.0402,0.0517,0.522,0.74,0.413,0.304,0.851,0.228,0.821;aaaaaaaaaa;
aaa;0.265,0.666,0.46,0.889,0.0909,0.766,0.778,0.263,0.803,0.654;aaa;
aaaaa;0.47,0.711,0.329,0.822,0.251,0.783,0.0241,0.0112,0.784,0.827;aaaaaaaaaa;
a;0.523,0.333,0.0662,0.765,0.102,0.601,0.324,0.46,0.00374,0.354;aaaaaaaaa;
aa;0.83,0.0516,0.315,0.0384,0.665,0.179,0.501,0.646,0.688,0.0986;aaaaa;
aaaaaaa;0.95,0.739,0.76,0.659,0.307,0.162,0.459,0.912,0.123,0.598;aaaaaaaaaa;
aa;0.836,0.238,0.873,0.0908,0.339,0.226,0.851,0.0441,0.747,0.5;aaa;
aaaa;0.847,0.308,0.781,0.133,0.163,0.932,0.683,0.602,0.607,0.489;aaaaaa;
aaaaaaa;0.456,0.0223,0.308,0.636,0.635,0.0296,0.226,0.11,0.537,0.0153;a;
a;0.31,0.205,0.623,0.231,0.899,0.825,0.572,0.16,0.337,0.0139;aaaaaaaaa;
a;0.889,0.56,0.534,0.52,0.984,0.311,0.0835,0.475,0.569,0.277;aaaaaaaaa;
aaaaa;0.589,0.981,0.925,0.141,0.488,0.2,0.146,0.572,0.877,0.0406;aaaaa;
aaaaa;0.217,0.709,0.718,0.151,0.925,0.987,0.498,0.661,0.155,0.141;aa;
a;0.547,0.541,0.699,0.344,0.403,0.524,0.975,0.879,0.258,0.669;aaaaaa;
aaaa;0.0238,0.683,0.16,0.623,0.889,0.381,0.37,0.0176,0.989,0.609;aaaaaaaa;
aaaaaaa;0.461,0.978,0.254,0.291,0.247,0.609,0.737,0.221,0.294,0.715;aaaaa;
aaaaaaa;0.563,0.832,0.792,0.238,0.833,0.548,0.481,0.185,0.82,0.906;aaaaaaaa;
aaaaaaa;0.712,0.358,0.767,0.284,0.806,0.66,0.5,0.456,0.273,0.661;aaaaaaaaa;
a;0.442,0.393,0.362,0.507,0.168,0.072,0.0436,0.0888,0.849,0.0855;aaaaaaaaa;
a;0.633,0.99,0.745,0.0308,0.849,0.00343,0.508,0.949,0.567,0.712;aaaa;
aaa;0.503,0.0138,0.0926,0.676,0.971,0.85,0.148,0.972,0.712,0.29;aa;
aaaaaa;0.551,0.619,0.699,0.948,0.376,0.11,0.388,0.0352,0.664,0.928;aaa;
a;0.506,0.854,0.175,0.345,0.94,0.632,0.0101,0.845,0.114,0.0022;aaaaaa;
aaaaaaa;0.777,0.669,0.822,0.608,0.109,0.158,0.785,0.109,0.369,0.0796;aaaa;
aaaaaa;0.0106,0.945,0.928,0.609,0.677,0.173,0.559,0.965,0.794,0.874;aaaaa;
aaa;0.745,0.31,0.283,0.2,0.671,0.368,0.93,0.783,0.0471,0.513;aaaa;
aaaaaaa;0.718,0.619,0.0486,0.736,0.244,0.175,0.727,0.745,0.414,0.0515;aaaa;
aaaaaa;0.392,0.574,0.744,0.485,0.16,0.227,0.229,0.656,0.371,0.812;aaaa;
a;0.851,0.203,0.174,0.0523,0.541,0.0229,0.222,0.871,0.866,0.232;aaaaaaa;
aaaaa;0.418,0.166,0.483,0.679,0.69,0.487,0.597,0.223,0.92,0.148;aaaaaaa;
aa;0.613,0.612,0.829,0.961,0.131,0.274,0.583,0.925,0.828,0.425;aaaa;
aaaaaaa;0.409,0.197,0.972,0.644,0.407,0.978,0.764,0.443,0.464,0.00243;aaaaaaa;
aa;0.834,0.676,0.128,0.876,0.94,0.819,0.594,0.157,0.632,0.974;aaaaaaaa;
aaaaa;0.525,0.17,0.932,0.37,0.102,0.31,0.635,0.693,0.799,0.353;aaaa;
aaaa;0.411,0.38,0.411,0.571,0.671,0.0788,0.91,0.345,0.885,0.49;aaaaaaaa;
aaaaaaa;0.178,0.0186,0.804,0.679,0.351,0.107,0.561,0.384,0.959,0.479;aaaaaaaaaa;
aaaaaa;0.766,0.621,0.676,0.414,0.0533,0.0809,0.119,0.601,0.638,0.489;aaaa;
a;0.188,0.857,0.809,0.195,0.806,0.769,0.204,0.788,0.25,0.915;aaaaaaa;
aa;0.775,0.207,0.693,0.264,0.802,0.00744,0.566,0.997,0.563,0.502;aaaaaaaaa;
aaaaa;0.132,0.798,0.716,0.134,0.769,0.197,0.555,0.759,0.297,0.868;aaaa;
aaaaaaa;0.883,0.186,0.794,0.0184,0.463,0.576,0.0389,0.0588,0.747,0.0346;aaaaaaa;
aaaaaa;0.0495,0.322,0.0887,0.492,0.73,0.728,0.0958,0.806,0.519,0.587;aaaaa;
aaaa;0.425,0.807,0.622,0.573,0.624,0.703,0.754,0.601,0.662,0.0399;aaaa;
aaaa;0.58,0.872,0.418,0.0298,0.806,0.224,0.164,0.295,0.947,0.163;aaaaaa;
aaa;0.238,0.5,0.0347,0.411,0.115,0.891,0.977,0.0142,0.819,0.918;a;
aa;0.432,0.494,0.802,0.188,0.687,0.413,0.0456,0.231,0.666,0.302;aaaaa;
aaaaa;0.172,0.0868,0.862,0.00837,0.74,0.353,0.52,0.0993,0.608,0.981;aaaaaaaaa;
aa;0.371,0.07,0.387,0.237,0.417,0.935,0.75,0.358,0.592,0.993;aaaaaaaaa;
a;0.0393,0.788,0.318,0.0713,0.0143,0.672,0.437,0.528,0.983,0.0378;aaaaaaaa;
aaaaaa;0.0778,0.199,0.601,0.889,0.36,0.767,0.00718,0.899,0.755,0.96;aaaaaaaaa;
aaa;0.787,0.481,0.212,0.849,0.463,0.749,0.838,0.757,0.676,0.0838;aaaa;
aaaaaa;0.498,0.903,0.847,0.0337,0.404,0.035,0.7,0.613,0.314,0.256;aaaaaaa;
aaaaaa;0.813,0.959,0.556,0.606,0.387,0.995,0.27,0.796,0.209,0.111;a;
a;0.548,0.855,0.585,0.541,0.739,0.995,0.702,0.563,0.139,0.995;a;
aa;0.478,0.136,0.229,0.764,0.0338,0.0864,0.677,0.999,0.841,0.694;aaaaaaa;
aaaaaaa;0.247,0.643,0.0101,0.836,0.874,0.9,0.218,0.049,0.923,0.99;aaaaaaaaaa;
aaaaaa;0.449,0.918,0.613,0.586,0.954,0.149,0.571,0.413,0.27,0.668;aaaa;
aa;0.52,0.89,0.37,0.146,0.17,0.616,0.0708,0.836,0.51,0.678;aaa;
a;0.946,0.903,0.637,0.0205,0.99,0.225,0.387,0.476,0.411,0.0609;aa;
aaaaaaa;0.594,0.163,0.671,0.942,0.911,0.987,0.625,0.609,0.657,0.614;aaaaaa;
aaaaa;0.17,0.977,0.12,0.6,0.438,0.426,0.986,0.414,0.97,0.835;a;
a;0.132,0.17,0.316,0.756,0.794,0.802,0.329,0.224,0.206,0.485;aaaaaaaaa;
aa;0.856,0.957,0.607,0.00238,0.883,0.557,0.283,0.183,0.53,0.978;aaaa;
aa;0.992,0.0602,0.548,0.93,0.261,0.558,0.346,0.606,0.406,0.168;aaaaaaaaaa;
aa;0.459,0.637,0.465,0.201,0.302,0.262,0.472,0.471,0.857,0.123;aaaaa;
aaa;0.0447,0.0608,0.261,0.708,0.118,0.194,0.188,0.555,0.31,0.626;aaaaaaaa;
aaaaa;0.868,0.366,0.428,0.754,0.786,0.0199,0.98,0.472,0.0274,0.498;a;
aaaa;0.742,0.109,0.826,0.169,0.479,0.276,0.744,0.724,0.607,0.573;aaa;
aaaaaa;0.45,0.405,0.46,0.295,0.832,0.331,0.509,0.199,0.38,0.293;aaaaaaaa;
aaaa;0.123,0.19,0.31,0.767,0.628,0.545,0.696,0.451,0.317,0.267;aaaaaa;
aaa;0.218,0.807,0.704,0.322,0.145,0.186,0.0802,0.773,0.203,0.386;aaaaa;
aa;0.992,0.736,0.788,0.137,0.61,0.667,0.0423,0.701,0.654,0.571;aaaaaaa;
aaaa;0.617,0.0255,0.387,0.561,0.156,0.872,0.0909,0.245,0.317,0.737;aaaaaa;
aa;0.346,0.357,0.834,0.242,0.151,0.463,0.0853,0.239,0.309,0.0106;aaaaa;
aaaa;0.659,0.497,0.142,0.605,0.0131,0.595,0.892,0.323,0.4,0.241;aaaaaaaaaa;
aaa;0.218,0.244,0.79,0.806,0.46,0.0386,0.318,0.513,0.834,0.086;aaaaaaaa;
aaa;0.776,0.271,0.544,0.705,0.906,0.389,0.945,0.54,0.0617,0.215;aaaaa;
aa;0.621,0.979,0.525,0.958,0.303,0.536,0.435,0.387,0.299,0.391;aaaaaaaa;
aaaaaaa;0.773,0.0375,0.722,0.255,0.26,0.7,0.17,0.563,0.368,0.476;aaaaaaaaa;
aaa;0.732,0.251,0.68,0.15,0.468,0.722,0.648,0.136,0.435,0.262;aaa;
a;0.727,0.521,0.798,0.172,0.081,0.0523,0.395,0.829,0.451,0.191;aaaaaaaa;
aaa;0.105,0.0261,0.0272,0.808,0.818,0.0331,0.758,0.0818,0.533,0.065;aa;
aa;0.0664,0.322,0.15,0.62,0.229,0.995,0.949,0.416,0.539,0.578;aaaaa;
aa;0.0628,0.227,0.965,0.415,0.203,0.878,0.247,0.251,0.13,0.726;aaaa;
aa;0.775,0.0544,0.777,0.567,0.611,0.59,0.394,0.5,0.149,0.941;aaa;
aaaa;0.19,0.593,0.199,0.753,0.831,0.141,0.901,0.894,0.774,0.78;aaaaa;
aa;0.115,0.22,0.744,0.886,0.173,0.916,0.91,0.459,0.116,0.465;aaaaaaa;
aaaaaa;0.18,0.693,0.963,0.626,0.329,0.199,0.853,0.796,0.254,0.43;aaaaaaaaaa;
aaaaa;0.247,0.771,0.831,0.902,0.867,0.11,0.604,0.0819,0.515,0.2;aaaaaaa;
aaaa;0.258,0.105,0.567,0.701,0.298,0.738,0.654,0.109,0.78,0.0405;a;
aaaaaaa;0.391,0.698,0.702,0.926,0.14,0.376,0.42,0.313,0.1,0.117;aaaaaa;
aaa;0.023,0.579,0.772,0.573,0.215,0.0234,0.744,0.632,0.0991,0.352;aaa;
aaaaa;0.989,0.455,0.707,0.819,0.673,0.192,0.775,0.434,0.498,0.338;aa;
aaaaaaa;0.0169,0.268,0.989,0.335,0.731,0.659,0.0991,0.793,0.901,0.797;aaaaa;
aa;0.793,0.227,0.0758,0.482,0.901,0.494,0.992,0.837,0.267,0.252;aaaaaaaaa;
aaaaaaa;0.432,0.217,0.208,0.325,0.418,0.336,0.483,0.0573,0.976,0.936;aaaaaaaa;
aaaa;0.211,0.0104,0.337,0.598,0.378,0.953,0.567,0.984,0.696,0.604;aaaaaa;
aaaaaa;0.571,0.00404,0.466,0.347,0.222,0.448,0.13,0.775,0.891,0.75;aaaaaaaaaa;
aa;0.48,0.996,0.485,0.344,0.26,0.972,0.0536,0.0949,0.435,0.68;aaaaaaaa;
aaa;0.878,0.103,0.335,0.594,0.509,0.0369,0.143,0.404,0.183,0.432;aaaaaaaaaa;
aaaa;0.777,0.957,0.474,0.116,0.558,0.663,0.384,0.562,0.419,0.413;aaaaaaaa;
aaaa;0.0558,0.164,0.754,0.811,0.948,0.0244,0.313,0.981,0.97,0.166;a;
aaa;0.879,0.15,0.228,0.771,0.594,0.947,0.551,0.468,0.497,0.998;aa;
aa;0.0722,0.866,0.119,0.743,0.96,0.928,0.321,0.137,0.348,0.383;aaaaaaa;
aaaa;0.91,0.11,0.653,0.154,0.421,0.635,0.642,0.939,0.293,0.391;aaaaa;
aa;0.635,0.54,0.471,0.438,0.567,0.907,0.859,0.773,0.806,0.14;aaaaaaaaa;
aaaa;0.858,0.0915,0.455,0.419,0.952,0.682,0.374,0.609,0.541,0.88;aaaaa;
aaaaaaa;0.694,0.868,0.996,0.667,0.258,0.233,0.843,0.634,0.534,0.309;aaaaaaa;
aaaaaaa;0.402,0.518,0.916,0.334,0.828,0.319,0.528,0.0453,0.732,0.828;aaaaaaaaaa;
aa;0.547,0.782,0.583,0.591,0.682,0.399,0.281,0.359,0.985,0.396;aa;
aaa;0.608,0.776,0.435,0.14,0.287,0.63,0.494,0.0144,0.992,0.814;aaaaaa;
aa;0.784,0.657,0.23,0.392,0.995,0.471,0.477,0.502,0.452,0.991;aaaaaaaaaa;
aaaaa;0.561,0.255,0.473,0.163,0.64,0.133,0.0476,0.63,0.743,0.837;aaaaaaa;
aaaaaa;0.106,0.689,0.189,0.734,0.628,0.469,0.157,0.709,0.183,0.248;aaaaaaaaa;
a;0.764,0.0981,0.755,0.827,0.46,0.37,0.0906,0.145,0.269,0.00116;a;
a;0.565,0.033,0.00967,0.967,0.117,0.579,0.666,0.799,0.516,0.488;aaa;
aaaaaa;0.602,0.378,0.968,0.118,0.814,0.266,0.71,0.451,0.932,0.682;aaaaaaa;
aaa;0.161,0.903,0.519,0.233,0.584,0.41,0.058,0.458,0.817,0.767;aa;
aaaa;0.633,0.647,0.418,0.592,0.167,0.654,0.0599,0.937,0.47,0.819;aa;
aaa;0.465,0.281,0.869,0.878,0.402,0.301,0.22,0.506,0.981,0.22;aaaa;
aaaaaa;0.0271,0.499,0.641,0.241,0.594,0.0801,0.498,0.992,0.061,0.0606;aaaaa;
aaaaaa;0.0986,0.427,0.935,0.798,0.321,0.638,0.748,0.898,0.535,0.744;aaaaaaaaa;
aa;0.0686,0.285,0.819,0.266,0.431,0.0983,0.318,0.522,0.277,0.21;aaaaaaa;
aaa;0.882,0.289,0.998,0.198,0.743,0.365,0.0997,0.509,0.813,0.416;aaaaaaaaaa;
aaaaaa;0.708,0.758,0.858,0.24,0.927,0.26,0.211,0.551,0.218,0.194;aaaaaaa;
aaaaa;0.307,0.125,0.197,0.744,0.194,0.87,0.714,0.173,0.336,0.594;aaaaa;
aaaaa;0.647,0.36,0.999,0.703,0.133,0.0358,0.642,0.448,0.0282,0.858;aaaaaa;
a;0.328,0.584,0.626,0.424,0.773,0.142,0.46,0.547,0.271,0.591;a;
a;0.37,0.774,0.364,0.13,0.621,0.93,0.61,0.113,0.146,0.628;aaaaa;
aa;0.282,0.467,0.795,0.644,0.336,0.0607,0.822,0.0737,0.726,0.689;aaaaaa;
aaa;0.0237,0.706,0.0186,0.816,0.0252,0.916,0.926,0.58,0.964,0.425;a;
aa;0.158,0.962,0.627,0.19,0.883,0.159,0.116,0.644,0.757,0.765;aaaaaaaaaa;
aaa;0.24,0.212,0.651,0.582,0.634,0.395,0.365,0.56,0.932,0.636;aa;
aaa;0.299,0.353,0.469,0.989,0.293,0.862,0.342,0.0296,0.25,0.684;aaa;
aa;0.01,0.478,0.674,0.56,0.377,0.152,0.115,0.7,0.887,0.875;aaa;
aaa;0.822,0.955,0.58,0.602,0.233,0.375,0.553,0.292,0.687,0.259;aaaaaaaaaa;
a;0.908,0.458,0.277,0.782,0.871,0.751,0.392,0.611,0.131,0.787;aaaaa;
aaa;0.697,0.141,0.144,0.223,0.0621,0.912,0.0287,0.499,0.586,0.925;aaaaa;
aa;0.976,0.338,0.862,0.398,0.0449,0.816,0.689,0.939,0.702,0.907;aaaaa;
aaaa;0.218,0.285,0.355,0.957,0.893,0.934,0.371,0.406,0.0379,0.114;a;
aaaaaaa;0.374,0.254,0.59,0.145,0.88,0.476,0.102,0.845,0.493,0.798;aaaaa;
aaaaaaa;0.884,0.688,0.197,0.3,0.919,0.249,0.601,0.494,0.168,0.944;aa;
aaaaa;0.087,0.731,0.948,0.153,0.711,0.636,0.474,0.773,0.998,0.809;aa;
aaaaaa;0.339,0.259,0.419,0.901,0.587,0.014,0.451,0.534,0.425,0.491;a;
aaaaa;0.214,0.699,0.987,0.0377,0.154,0.523,0.642,0.00763,0.671,0.689;aaaaaaa;
aaaaaa;0.107,0.113,0.685,0.465,0.0557,0.00932,0.9,0.579,0.0689,0.91;aaaaaaaa;
aa;0.574,0.878,0.107,0.658,0.913,0.885,0.311,0.183,0.892,0.276;aaaaaaaa;
aaa;0.418,0.074,0.627,0.785,0.686,0.354,0.37,0.971,0.431,0.917;aaaaaa;
aaaaa;0.362,0.712,0.751,0.451,0.115,0.223,0.52,0.253,0.916,0.678;aaaaaaaaaa;
aaaaa;0.0381,0.766,0.667,0.711,0.293,0.192,0.95,0.597,0.0848,0.266;a;
aaaaaa;0.813,0.642,0.345,0.641,0.04,0.852,0.74,0.223,0.717,0.149;aa;
aaa;0.313,0.648,0.161,0.463,0.796,0.189,0.92,0.536,0.728,0.396;aa;
a;0.914,0.121,0.0193,0.793,0.785,0.0529,0.706,0.671,0.62,0.126;aaa;
aaaaa;0.65,0.782,0.945,0.0932,0.117,0.252,0.738,0.347,0.293,0.934;a;
aaaa;0.506,0.765,0.765,0.682,0.411,0.308,0.216,0.862,0.57,0.73;aaaaaaaaaa;
aaaaaaa;0.389,0.992,0.253,0.907,0.427,0.494,0.685,0.0598,0.804,0.815;aaaaaaaaa;
a;0.493,0.0579,0.35,0.921,0.0212,0.152,0.117,0.519,0.947,0.293;a;
aaaaa;0.767,0.326,0.211,0.318,0.886,0.186,0.386,0.253,0.0628,0.962;aaaaa;
aaaa;0.301,0.398,0.968,0.401,0.632,0.156,0.523,0.705,0.888,0.494;aaaaaaaaa;
aaaaaaa;0.551,0.942,0.915,0.796,0.238,0.145,0.167,0.366,0.766,0.429;aaa;
aaaaaa;0.285,0.921,0.414,0.655,0.63,0.586,0.365,0.901,0.915,0.65;aaaaaaaaaa;
aaaa;0.682,0.128,0.325,0.616,0.538,0.25,0.6,0.716,0.43,0.541;aaaa;
aaaa;0.583,0.853,0.364,0.922,0.0219,0.268,0.722,0.658,0.226,0.747;aaaaaaa;
aaaa;0.567,0.168,0.729,0.702,0.902,0.464,0.487,0.509,0.0247,0.105;aaaaaaaaaa;
aaaa;0.517,0.276,0.794,0.587,0.595,0.0753,0.807,0.834,0.756,0.866;aa;
aaaaaa;0.629,0.647,0.522,0.74,0.873,0.701,0.444,0.622,0.726,0.21;aaaaa;
aaaaaaa;0.841,0.382,0.0395,0.226,0.937,0.29,0.121,0.285,0.798,0.381;aaaaaaaaa;
aaaaaaa;0.31,0.244,0.168,0.361,0.959,0.768,0.528,0.00417,0.0232,0.658;aaa;
aaaaa;0.248,0.144,0.155,0.487,0.544,0.544,0.0131,0.977,0.0503,0.922;aaaa;
aaaaaaa;0.599,0.371,0.687,0.698,0.108,0.999,0.0912,0.974,0.227,0.467;a;
aaaaa;0.969,0.782,0.65,0.281,0.279,0.145,0.353,0.52,0.251,0.721;a;
aaaaaaa;0.993,0.253,0.602,0.391,0.57,0.0801,0.929,0.683,0.72,0.435;aaaaaaaaaa;
aaaa;0.77,0.516,0.11,0.207,0.984,0.792,0.394,0.973,0.261,0.589;aaaaaaaaa;
aaaaaa;0.198,0.628,0.541,0.253,0.331,0.283,0.125,0.99,0.286,0.256;aaa;
aaaaaaa;0.484,0.628,0.236,0.919,0.652,0.00346,0.00938,0.765,0.0171,0.425;aaaa;
aaa;0.447,0.891,0.167,0.0842,0.134,0.534,0.234,0.0295,0.797,0.815;aaaaa;
aaa;0.00982,0.372,0.534,0.741,0.317,0.0437,0.274,0.0274,0.193,0.433;aaaaaaaaa;
aaaaa;0.545,0.436,0.704,0.094,0.259,0.703,0.458,0.95,0.269,0.185;aaaaaaaa;
a;0.478,0.711,0.191,0.287,0.0982,0.674,0.284,0.263,0.129,0.224;aaaaaaaaa;
aaaaaaa;0.861,0.496,0.817,0.731,0.313,0.898,0.714,0.907,0.448,0.702;aaa;
aaaaa;0.00417,0.414,0.774,0.977,0.749,0.0919,0.215,0.481,0.021,0.856;aa;
aaaa;0.0291,0.662,0.872,0.192,0.11,0.609,0.364,0.0953,0.828,0.569;aaaaaaaaaa;
aaaa;0.0755,0.587,0.272,0.382,0.149,0.524,0.734,0.869,0.401,0.941;aaaa;
aa;0.015,0.548,0.617,0.718,0.23,0.0325,0.771,0.123,0.104,0.599;aaaaaaaaa;
aa;0.23,0.873,0.675,0.379,0.428,0.629,0.183,0.00493,0.774,0.262;aaaaaa;
aaaaaaa;0.321,0.51,0.0809,0.222,0.926,0.337,0.357,0.565,0.214,0.0506;aaaaa;
a;0.883,0.154,0.207,0.295,0.138,0.989,0.331,0.225,0.798,0.0707;aaaa;
aaaa;0.424,0.417,0.209,0.595,0.373,0.386,0.56,0.785,0.878,0.122;aaaaaaa;
aaaaaaa;0.499,0.915,0.749,0.672,0.822,0.232,0.0425,0.158,0.226,0.351;aa;
a;0.275,0.918,0.925,0.7,0.972,0.661,0.437,0.577,0.401,0.64;aaaaaaaaaa;
aaaa;0.375,0.377,0.889,0.0152,0.622,0.897,0.582,0.572,0.678,0.484;aa;
a;0.756,0.22,0.371,0.65,0.355,0.934,0.0281,0.22,0.717,0.815;aaaaa;
aaaa;0.92,0.0346,0.995,0.708,0.68,0.335,0.622,0.898,0.755,0.837;a;
aaaa;0.633,0.967,0.951,0.617,0.984,0.289,0.217,0.3,0.201,0.418;aaaa;
aaa;0.141,0.839,0.77,0.178,0.939,0.338,0.057,0.899,0.472,0.046;aaaaaaa;
aa;0.223,0.19,0.567,0.591,0.895,0.884,0.0849,0.666,0.0419,0.675;a;
aaaa;0.984,0.432,0.977,0.156,0.645,0.476,0.294,0.96,0.381,0.113;aaaaaaaaa;
aaa;0.718,0.929,0.154,0.211,0.258,0.864,0.447,0.623,0.996,0.595;aaaaaa;
aaaaaaa;0.954,0.284,0.887,0.707,0.9,0.931,0.738,0.884,0.214,0.705;aaaaaa;
aaaaaaa;0.0184,0.678,0.951,0.298,0.976,0.515,0.744,0.419,0.0647,0.13;aaaaaaaaa;
aa;0.0514,0.0554,0.0598,0.869,0.177,0.998,0.133,0.948,0.578,0.688;aaaa;
aaaa;0.0869,0.206,0.729,0.196,0.882,0.624,0.959,0.756,0.415,0.0223;aaaaa;
aaaaa;0.399,0.94,0.174,0.0864,0.212,0.208,0.147,0.586,0.598,0.0808;aaaaaa;
aaaaaa;0.586,0.0942,0.948,0.193,0.668,0.68,0.233,0.476,0.0601,0.079;aaaaa;
aaa;0.789,0.915,0.203,0.43,0.551,0.304,0.0287,0.695,0.992,0.223;a;
aaaaa;0.685,0.767,0.0553,0.6,0.0946,0.487,0.0946,0.939,0.978,0.845;aaaaaaaaa;
a;0.55,0.0147,0.135,0.531,0.543,0.85,0.783,0.165,0.837,0.334;aaaaaaaa;
aaaaaa;0.847,0.695,0.867,0.26,0.00144,0.301,0.558,0.641,0.0606,0.302;aaaaaaaaaa;
aaa;0.813,0.932,0.507,0.113,0.568,0.802,0.726,0.844,0.647,0.636;aaaa;
aa;0.998,0.785,0.0852,0.848,0.411,0.909,0.332,0.524,0.851,0.167;aaaaaaaa;
aaaa;0.03,0.714,0.543,0.303,0.95,0.202,0.535,0.0894,0.569,0.348;aa;
a;0.286,0.259,0.179,0.179,0.85,0.405,0.658,0.976,0.262,0.618;aaa;
aaaaaa;0.631,0.0344,0.658,0.876,0.346,0.343,0.984,0.415,0.682,0.802;aaaaaaaa;
aaaaaa;0.318,0.738,0.00977,0.116,0.415,0.141,0.894,0.296,0.61,0.177;aaaaaaaaaa;
aaaa;0.694,0.673,0.258,0.755,0.953,0.237,0.533,0.117,0.382,0.316;aaaaaaa;
aa;0.343,0.865,0.271,0.976,0.306,0.609,0.915,0.0822,0.21,0.973;aaa;
aaaaaa;0.643,0.387,0.404,0.0692,0.926,0.565,0.21,0.531,0.482,0.233;aaaaaa;
aa;0.0155,0.434,0.416,0.142,0.949,0.442,0.471,0.111,0.0688,0.624;aaaa;
aa;0.634,0.528,0.662,0.304,0.427,0.478,0.0686,0.199,0.747,0.17;aaaaaaaaaa;
aaaa;0.941,0.58,0.111,0.924,0.0811,0.627,0.847,0.135,0.572,0.891;aaaaa;
aaaaaa;0.613,0.813,0.673,0.265,0.411,0.353,0.593,0.714,0.979,0.375;aaaaaaaaaa;
aaaaaaa;0.186,0.455,0.855,0.432,0.347,0.979,0.689,0.787,0.656,0.097;a;
aaaaa;0.2,0.0304,0.0999,0.701,0.838,0.564,0.224,0.35,0.255,0.494;aaaaaa;
aaaaaaa;0.574,0.165,0.37,0.642,0.31,0.943,0.213,0.768,0.741,0.369;aa;
aaaaa;0.919,0.432,0.712,0.705,0.499,0.311,0.27,0.998,0.265,0.687;aaaaaaaaaa;
a;0.175,0.223,0.26,0.364,0.933,0.159,0.463,0.4,0.689,0.245;aaaaaaaaa;
aaaaa;0.322,0.835,0.502,0.344,0.262,0.776,0.499,0.322,0.559,0.53;aaaaaaaaaa;
aaaa;0.965,0.883,0.0823,0.0894,0.625,0.992,0.556,0.771,0.0322,0.0133;aaaaaaaaa;
aaaaaaa;0.766,0.578,0.0916,0.897,0.927,0.0106,0.476,0.379,0.432,0.035;a;
a;0.907,0.544,0.752,0.237,0.197,0.421,0.136,0.387,0.051,0.354;aaaaaa;
aaaa;0.387,0.156,0.992,0.265,0.143,0.427,0.838,0.446,0.703,0.187;aaa;
a;0.171,0.0508,0.76,0.0142,0.893,0.014,0.732,0.795,0.188,0.592;aaaaa;
aaa;0.201,0.463,0.434,0.655,0.371,0.478,0.424,0.293,0.791,0.256;a;
aaa;0.572,0.665,0.635,0.656,0.951,0.87,0.0717,0.701,0.123,0.885;aaaa;
aaaaaa;0.744,0.606,0.167,0.772,0.604,0.661,0.708,0.516,0.156,0.307;aaa;
aaa;0.211,0.478,0.956,0.471,0.752,0.424,0.629,0.492,0.25,0.178;aaaaaaa;
aaaaa;0.246,0.227,0.768,0.684,0.15,0.326,0.773,0.502,0.741,0.382;aaaaaa;
aaa;0.324,0.91,0.691,0.0888,0.192,0.252,0.144,0.214,0.747,0.667;aaaaaaaa;
a;0.33,0.832,0.969,0.284,0.529,0.31,0.565,0.487,0.305,0.457;aaaaa;
aaaaa;0.129,0.753,0.457,0.948,0.0845,0.0566,0.746,0.592,0.0901,0.296;aa;
aaa;0.901,0.153,0.638,0.722,0.522,0.699,0.21,0.604,0.1,0.331;aaa;
aaaaaaa;0.981,0.991,0.67,0.738,0.168,0.368,0.915,0.787,0.44,0.219;aaaaaaaa;
aaaaa;0.908,0.584,0.571,0.544,0.874,0.673,0.955,0.238,0.852,0.678;aaaaaaa;
aaaa;0.459,0.283,0.396,0.562,0.0148,0.635,0.556,0.456,0.654,0.528;aaaaaaaaa;
aaaaaa;0.846,0.825,0.318,0.642,0.952,0.617,0.65,0.203,0.665,0.856;aaaa;
a;0.696,0.894,0.119,0.181,0.357,0.735,0.0569,0.78,0.283,0.0258;aaaaaaaaa;
aaaa;0.599,0.42,0.562,0.253,0.592,0.271,0.283,0.0278,0.32,0.123;aaaaa;
aa;0.663,0.388,0.171,0.0881,0.384,0.809,0.986,0.111,0.031,0.254;aaaaaa;
aa;0.985,0.372,0.712,0.689,0.721,0.394,0.405,0.84,0.754,0.101;aaaaaaa;
aaa;0.5,0.819,0.0124,0.621,0.466,0.727,0.76,0.314,0.224,0.276;aaaa;
aaaaaaa;0.00874,0.476,0.278,0.731,0.367,0.576,0.852,0.0208,0.781,0.29;aaaaa;
aaaa;0.932,0.0387,0.404,0.546,0.808,0.55,0.861,0.511,0.995,0.557;a;
aa;0.584,0.762,0.256,0.185,0.123,0.648,0.766,0.201,0.844,0.127;a;
aaaaaa;0.266,0.391,0.617,0.83,0.482,0.0128,0.702,0.382,0.346,0.287;aaaa;
aa;0.364,0.861,0.17,0.489,0.561,0.587,0.106,0.944,0.406,0.0915;aaaaaaa;
aaaaaaa;0.282,0.121,0.81,0.51,0.555,0.595,0.13,0.607,0.524,0.997;aaaaa;
aaa;0.877,0.647,0.226,0.0694,0.441,0.831,0.307,0.294,0.952,0.0237;aaaaaaa;
aa;0.396,0.186,0.753,0.215,0.708,0.617,0.989,0.502,0.644,0.738;aaaaaaaa;
a;0.849,0.572,0.149,0.307,0.0564,0.642,0.771,0.136,0.668,0.14;aaaaaaaaa;
aaaaaaa;0.00825,0.664,0.979,0.581,0.93,0.032,0.717,0.44,0.513,0.635;aaaaaaaaaa;
aaaaa;0.74,0.28,0.913,0.347,0.557,0.673,0.0171,0.871,0.188,0.305;aaa;
aaaaaa;0.992,0.0584,0.819,0.0739,0.585,0.278,0.903,0.672,0.504,0.754;a;
aaaa;0.0937,0.436,0.708,0.268,0.986,0.183,0.25,0.3,0.458,0.937;aaa;
aaaaaaa;0.786,0.472,0.184,0.211,0.537,0.54,0.0471,0.402,0.852,0.942;aaaaaaaa;
aaaaa;0.62,0.518,0.394,0.839,0.975,0.921,0.623,0.00992,0.886,0.261;aa;
aaaa;0.399,0.536,0.677,0.973,0.0934,0.54,0.609,0.753,0.0483,0.112;aaaaaaaaaa;
aaaaaa;0.646,0.902,0.576,0.629,0.125,0.109,0.586,0.957,0.954,0.00618;aaa;
aa;0.407,0.834,0.595,0.847,0.583,0.211,0.855,0.707,0.851,0.791;aaaaa;
aaaa;0.887,0.488,0.876,0.529,0.479,0.624,0.901,0.0212,0.959,0.136;aaa;
aaaa;0.0291,0.43,0.174,0.596,0.401,0.767,0.473,0.786,0.406,0.694;aaaa;
aaa;0.499,0.632,0.517,0.429,0.979,0.274,0.195,0.38,0.796,0.704;aaaaaaa;
aaaaaa;0.646,0.902,0.576,0.629,0.125,0.109,0.586,0.957,0.954,0.00618;aa;
aa;0.407,0.834,0.595,0.847,0.583,0.211,0.855,0.707,0.851,0.791;aaaa;
aaaa;0.887,0.488,0.876,0.529,0.479,0.624,0.901,0.0212,0.959,0.136;aa;
aaaa;0.0291,0.43,0.174,0.596,0.401,0.767,0.473,0.786,0.406,0.694;aaaaaaaa;
aaa;0.499,0.632,0.517,0.429,0.979,0.274,0.195,0.38,0.796,0.704;aaaaaaa;
aaaaaa;0.646,0.902,0.576,0.629,0.125,0.109,0.586,0.957,0.954,0.00618;aa;
aa;0.407,0.834,0.595,0.847,0.583,0.211,0.855,0.707,0.851,0.791;aaaaaa;
aaaa;0.887,0.488,0.876,0.529,0.479,0.624,0.901,0.0212,0.959,0.136;aaaaa;
aaaa;0.0291,0.43,0.174,0.596,0.401,0.767,0.473,0.786,0.406,0.694;aaa;
aaa;0.499,0.632,0.517,0.429,0.979,0.274,0.195,0.38,0.796,0.704;aaaaaaaaa;
aaaaaa;0.646,0.902,0.576,0.629,0.125,0.109,0.586,0.957,0.954,0.00618;aaaaa;
aa;0.407,0.834,0.595,0.847,0.583,0.211,0.855,0.707,0.851,0.791;aaaaaaaaaa;
aaaa;0.887,0.488,0.876,0.529,0.479,0.624,0.901,0.0212,0.959,0.136;aaaaa;
aaaa;0.0291,0.43,0.174,0.596,0.401,0.767,0.473,0.786,0.406,0.694;aa;
aaa;0.499,0.632,0.517,0.429,0.979,0.274,0.195,0.38,0.796,0.704;aaaa;
aaaaaa;0.646,0.902,0.576,0.629,0.125,0.109,0.586,0.957,0.954,0.00618;a;
aa;0.407,0.834,0.595,0.847,0.583,0.211,0.855,0.707,0.851,0.791;aaaaaaa;
aaaa;0.887,0.488,0.876,0.529,0.479,0.624,0.901,0.0212,0.959,0.136;aaaaaaa;
aaaa;0.0291,0.43,0.174,0.596,0.401,0.767,0.473,0.786,0.406,0.694;aaaa;
aaa;0.499,0.632,0.517,0.429,0.979,0.274,0.195,0.38,0.796,0.704;aaa;
aaaaaa;0.646,0.902,0.576,0.629,0.125,0.109,0.586,0.957,0.954,0.00618;aaaaaaaaaa;
aa;0.407,0.834,0.595,0.847,0.583,0.211,0.855,0.707,0.851,0.791;aaa;
aaaa;0.887,0.488,0.876,0.529,0.479,0.624,0.901,0.0212,0.959,0.136;aa;
aaaa;0.0291,0.43,0.174,0.596,0.401,0.767,0.473,0.786,0.406,0.694;aaaaaaa;
aaa;0.499,0.632,0.517,0.429,0.979,0.274,0.195,0.38,0.796,0.704;aaaaaaaa;
aaaaaa;0.646,0.902,0.576,0.629,0.125,0.109,0.586,0.957,0.954,0.00618;aaaaaaaa;
aa;0.407,0.834,0.595,0.847,0.583,0.211,0.855,0.707,0.851,0.791;aaaa;
aaaa;0.887,0.488,0.876,0.529,0.479,0.624,0.901,0.0212,0.959,0.136;aaaaa;
aaaa;0.0291,0.43,0.174,0.596,0.401,0.767,0.473,0.786,0.406,0.694;aaaaaa;
aaa;0.499,0.632,0.517,0.429,0.979,0.274,0.195,0.38,0.796,0.704;a;
aaaaaa;0.646,0.902,0.576,0.629,0.125,0.109,0.586,0.957,0.954,0.00618;aaaaaaaaaa;
aa;0.407,0.834,0.595,0.847,0.583,0.211,0.855,0.707,0.851,0.791;aaaaa;
aaaa;0.887,0.488,0.876,0.529,0.479,0.624,0.901,0.0212,0.959,0.136;aaaaaaaaa;
aaaa;0.0291,0.43,0.174,0.596,0.401,0.767,0.473,0.786,0.406,0.694;aaaaa;
aaa;0.499,0.632,0.517,0.429,0.979,0.274,0.195,0.38,0.796,0.704;a;
aaaaaa;0.646,0.902,0.576,0.629,0.125,0.109,0.586,0.957,0.954,0.00618;aaaaa;
aa;0.407,0.834,0.595,0.847,0.583,0.211,0.855,0.707,0.851,0.791;a;
aaaa;0.887,0.488,0.876,0.529,0.479,0.624,0.901,0.0212,0.959,0.136;aaa;
aaaa;0.0291,0.43,0.174,0.596,0.401,0.767,0.473,0.786,0.406,0.694;aaaaaaaa;
aaa;0.499,0.632,0.517,0.429,0.979,0.274,0.195,0.38,0.796,0.704;a;
aaaaaa;0.646,0.902,0.576,0.629,0.125,0.109,0.586,0.957,0.954,0.00618;a;
aa;0.407,0.834,0.595,0.847,0.583,0.211,0.855,0.707,0.851,0.791;aaa;
aaaa;0.887,0.488,0.876,0.529,0.479,0.624,0.901,0.0212,0.959,0.136;a;
aaaa;0.0291,0.43,0.174,0.596,0.401,0.767,0.473,0.786,0.406,0.694;aaaaaaaaa;
aaa;0.499,0.632,0.517,0.429,0.979,0.274,0.195,0.38,0.796,0.704;aaaaaa;
aaaaaa;0.646,0.902,0.576,0.629,0.125,0.109,0.586,0.957,0.954,0.00618;a;
aa;0.407,0.834,0.595,0.847,0.583,0.211,0.855,0.707,0.851,0.791;aaaaaaaaaa;
aaaa;0.887,0.488,0.876,0.529,0.479,0.624,0.901,0.0212,0.959,0.136;aaaaaaaaaa;
aaaa;0.0291,0.43,0.174,0.596,0.401,0.767,0.473,0.786,0.406,0.694;aaaaaaaaa;
aaa;0.499,0.632,0.517,0.429,0.979,0.274,0.195,0.38,0.796,0.704;aa;
aaaaaa;0.646,0.902,0.576,0.629,0.125,0.109,0.586,0.957,0.954,0.00618;aaaa;
aa;0.407,0.834,0.595,0.847,0.583,0.211,0.855,0.707,0.851,0.791;aa;
aaaa;0.887,0.488,0.876,0.529,0.479,0.624,0.901,0.0212,0.959,0.136;aaa;
aaaa;0.0291,0.43,0.174,0.596,0.401,0.767,0.473,0.786,0.406,0.694;aaaaaa;
aaa;0.499,0.632,0.517,0.429,0.979,0.274,0.195,0.38,0.796,0.704;aaa;
aaaaaa;0.646,0.902,0.576,0.629,0.125,0.109,0.586,0.957,0.954,0.00618;aaaaaaaa;
aa;0.407,0.834,0.595,0.847,0.583,0.211,0.855,0.707,0.851,0.791;aaaaaaaaa;
aaaa;0.887,0.488,0.876,0.529,0.479,0.624,0.901,0.0212,0.959,0.136;aaaaaa;
aaaa;0.0291,0.43,0.174,0.596,0.401,0.767,0.473,0.786,0.406,0.694;aaaaaaa;
aaa;0.499,0.632,0.517,0.429,0.979,0.274,0.195,0.38,0.796,0.704;aaaa;
aaaaaa;0.646,0.902,0.576,0.629,0.125,0.109,0.586,0.957,0.954,0.00618;a;
aa;0.407,0.834,0.595,0.847,0.583,0.211,0.855,0.707,0.851,0.791;aaaaaaaa;
aaaa;0.887,0.488,0.876,0.529,0.479,0.624,0.901,0.0212,0.959,0.136;aaa;
aaaa;0.0291,0.43,0.174,0.596,0.401,0.767,0.473,0.786,0.406,0.694;aaa;
aaa;0.499,0.632,0.517,0.429,0.979,0.274,0.195,0.38,0.796,0.704;aaaaaa;
aaaaaa;0.646,0.902,0.576,0.629,0.125,0.109,0.586,0.957,0.954,0.00618;aa;
aa;0.407,0.834,0.595,0.847,0.583,0.211,0.855,0.707,0.851,0.791;aaaaaa;
aaaa;0.887,0.488,0.876,0.529,0.479,0.624,0.901,0.0212,0.959,0.136;aaaaaaa;
aaaa;0.0291,0.43,0.174,0.596,0.401,0.767,0.473,0.786,0.406,0.694;aaaaaa;
aaa;0.499,0.632,0.517,0.429,0.979,0.274,0.195,0.38,0.796,0.704;aa;
aaaaaa;0.646,0.902,0.576,0.629,0.125,0.109,0.586,0.957,0.954,0.00618;a;
aa;0.407,0.834,0.595,0.847,0.583,0.211,0.855,0.707,0.851,0.791;aaaaa;
aaaa;0.887,0.488,0.876,0.529,0.479,0.624,0.901,0.0212,0.959,0.136;aaaaaa;
aaaa;0.0291,0.43,0.174,0.596,0.401,0.767,0.473,0.786,0.406,0.694;aaaaaaa;
aaa;0.499,0.632,0.517,0.429,0.979,0.274,0.195,0.38,0.796,0.704;aaaaaa;
aaaaaa;0.646,0.902,0.576,0.629,0.125,0.109,0.586,0.957,0.954,0.00618;a;
aa;0.407,0.834,0.595,0.847,0.583,0.211,0.855,0.707,0.851,0.791;aaaaa;
aaaa;0.887,0.488,0.876,0.529,0.479,0.624,0.901,0.0212,0.959,0.136;aaaaaaaaaa;
aaaa;0.0291,0.43,0.174,0.596,0.401,0.767,0.473,0.786,0.406,0.694;aaaaa;
aaa;0.499,0.632,0.517,0.429,0.979,0.274,0.195,0.38,0.796,0.704;aaa;
aaaaaa;0.646,0.902,0.576,0.629,0.125,0.109,0.586,0.957,0.954,0.00618;aaaaa;
aa;0.407,0.834,0.595,0.847,0.583,0.211,0.855,0.707,0.851,0.791;aaaa;
aaaa;0.887,0.488,0.876,0.529,0.479,0.624,0.901,0.0212,0.959,0.136;aaaaa;
aaaa;0.0291,0.43,0.174,0.596,0.401,0.767,0.473,0.786,0.406,0.694;aaaaa;
aaa;0.499,0.632,0.517,0.429,0.979,0.274,0.195,0.38,0.796,0.704;a;
aaaaaa;0.646,0.902,0.576,0.629,0.125,0.109,0.586,0.957,0.954,0.00618;aaaaa;
aa;0.407,0.834,0.595,0.847,0.583,0.211,0.855,0.707,0.851,0.791;a;
aaaa;0.887,0.488,0.876,0.529,0.479,0.624,0.901,0.0212,0.959,0.136;aaaaaaaaaa;
aaaa;0.0291,0.43,0.174,0.596,0.401,0.767,0.473,0.786,0.406,0.694;a;
aaa;0.499,0.632,0.517,0.429,0.979,0.274,0.195,0.38,0.796,0.704;aaaa;
aaaaaa;0.646,0.902,0.576,0.629,0.125,0.109,0.586,0.957,0.954,0.00618;aaaaaaaa;
aa;0.407,0.834,0.595,0.847,0.583,0.211,0.855,0.707,0.851,0.791;aaaaaaaaaa;
aaaa;0.887,0.488,0.876,0.529,0.479,0.624,0.901,0.0212,0.959,0.136;a;
aaaa;0.0291,0.43,0.174,0.596,0.401,0.767,0.473,0.786,0.406,0.694;aaaaaaa;
aaa;0.499,0.632,0.517,0.429,0.979,0.274,0.195,0.38,0.796,0.704;aaaa;
aaaaaa;0.646,0.902,0.576,0.629,0.125,0.109,0.586,0.957,0.954,0.00618;aa;
aa;0.407,0.834,0.595,0.847,0.583,0.211,0.855,0.707,0.851,0.791;aaaaaa;
aaaa;0.887,0.488,0.876,0.529,0.479,0.624,0.901,0.0212,0.959,0.136;aaaaa;
aaaa;0.0291,0.43,0.174,0.596,0.401,0.767,0.473,0.786,0.406,0.694;aaaaaaaa;
aaa;0.499,0.632,0.517,0.429,0.979,0.274,0.195,0.38,0.796,0.704;aa;
aaaaaa;0.646,0.902,0.576,0.629,0.125,0.109,0.586,0.957,0.954,0.00618;aaaaaa;
aa;0.407,0.834,0.595,0.847,0.583,0.211,0.855,0.707,0.851,0.791;aaaaaaa;
aaaa;0.887,0.488,0.876,0.529,0.479,0.624,0.901,0.0212,0.959,0.136;aaaaaaaaaa;
aaaa;0.0291,0.43,0.174,0.596,0.401,0.767,0.473,0.786,0.406,0.694;aaaaa;
aaa;0.499,0.632,0.517,0.429,0.979,0.274,0.195,0.38,0.796,0.704;aaaa;
aaaaaa;0.646,0.902,0.576,0.629,0.125,0.109,0.586,0.957,0.954,0.00618;aaaaaaaaaa;
aa;0.407,0.834,0.595,0.847,0.583,0.211,0.855,0.707,0.851,0.791;aaaa;
aaaa;0.887,0.488,0.876,0.529,0.479,0.624,0.901,0.0212,0.959,0.136;aaa;
aaaa;0.0291,0.43,0.174,0.596,0.401,0.767,0.473,0.786,0.406,0.694;aaaaaa;
aaa;0.499,0.632,0.517,0.429,0.979,0.274,0.195,0.38,0.796,0.704;aaaaaaaaa;
aaaaaa;0.646,0.902,0.576,0.629,0.125,0.109,0.586,0.957,0.954,0.00618;aa;
aa;0.407,0.834,0.595,0.847,0.583,0.211,0.855,0.707,0.851,0.791;aaaaaaaaaa;
aaaa;0.887,0.488,0.876,0.529,0.479,0.624,0.901,0.0212,0.959,0.136;aa;
aaaa;0.0291,0.43,0.174,0.596,0.401,0.767,0.473,0.786,0.406,0.694;aaaaaa;
aaa;0.499,0.632,0.517,0.429,0.979,0.274,0.195,0.38,0.796,0.704;aaaaaa;
aaaaaa;0.646,0.902,0.576,0.629,0.125,0.109,0.586,0.957,0.954,0.00618;a;
aa;0.407,0.834,0.595,0.847,0.583,0.211,0.855,0.707,0.851,0.791;aaaaaa;
aaaa;0.887,0.488,0.876,0.529,0.479,0.624,0.901,0.0212,0.959,0.136;aaaa;
aaaa;0.0291,0.43,0.174,0.596,0.401,0.767,0.473,0.786,0.406,0.694;aaaaaaaaa;
aaa;0.499,0.632,0.517,0.429,0.979,0.274,0.195,0.38,0.796,0.704;aaaaaa;
