0	0
1	1
2	2,39,49
3	3,36
4	4,26
5	5
6	2,4,6,11,22,48
7	7
8	8
9	9
10	10
11	11
12	12
13	13
14	14
15	15,47
16	16
17	17
18	18
19	19,28
20	20
21	21
22	22
23	23
24	24
25	4,24,25
26	26
27	27
28	28
29	29
30	30,44
31	31,49
32	5,14,32
33	33
34	4,34
35	35
36	36
37	37
38	38
39	39
40	40
41	41
42	42
43	43
44	44
45	45
46	21,46
47	47
48	48
49	49
50	16
51	4
52	2
53	21,34
54	7
55	13,29,34
56	0
57	5
58	15
59	0
60	6
61	2
62	29
63	3
64	8
65	10
66	0
67	15
68	3
69	15
70	4
71	18
72	18
73	23
74	21
75	48
76	11,12
77	11,12,37
78	14
79	3
80	5
81	17
82	5
83	9,20
84	2
85	11
86	21
87	17
88	44
89	11
90	6,40
91	1
92	17
93	36
94	4
95	18
96	11
97	8
98	17
99	14,16
100	6
101	24
102	33,47
103	35
104	0
105	25
106	6
107	25
108	5
109	11
110	32
111	9
112	14
113	1
114	0
115	3,19,41
116	10
117	0
118	14
119	0
120	31
121	13
122	5
123	15
124	5
125	21,22
126	17
127	13
128	16
129	2
130	10,30
131	11
132	6,45
133	1
134	6,27
135	5
136	48
137	33
138	5
139	5,35,43
140	12,15
141	2
142	3
143	0
144	3
145	13
146	13
147	18
148	7
149	1
150	40
151	9
152	17
153	8
154	2
155	0
156	14,22
157	0
158	17
159	0
160	4
161	2
162	0
163	14
164	4
165	0
166	12
167	3,43
168	22
169	21,30
170	0
171	22
172	7
173	1
174	7,12,41
175	29
176	1,10,48
177	5
178	1
179	2,48
180	17
181	20
182	23
183	18
184	5
185	6
186	3
187	0
188	21
189	13
190	13
191	16
192	14,41
193	5
194	2
195	2
196	5
197	0,40
198	18
199	2
200	15
201	14,15,41
202	12
203	30
204	18
205	3
206	21
207	7
208	35
209	12
210	4
211	23,25,45
212	1
213	4
214	31
215	22
216	11
217	29,32
218	36
219	36
220	29
221	3
222	28
223	9
224	30
225	4
226	3
227	2
228	16
229	11
230	2
231	0
232	4
233	6
234	23
235	19
236	4
237	6
238	0
239	10
240	10
241	13
242	6
243	3
244	14
245	3
246	3
247	2
248	9
249	35
250	25
251	13
252	2
253	0
254	18
255	10
256	46
257	2
258	28
259	4
260	17
261	26
262	1
263	2
264	21
265	0
266	12
267	3
268	4
269	18
270	11
271	16
272	6
273	6
274	7
275	0
276	16
277	0
278	7
279	19
280	24
281	47
282	0
283	10
284	2
285	18
286	18
287	14
288	16
289	20,37
290	0
291	0
292	12
293	4
294	5
295	10
296	2
297	1
298	0
299	5
300	23
301	26
302	11
303	12,14
304	3
305	12
306	8
307	8
308	24
309	26
310	5
311	1
312	10
313	7,14,34
314	48
315	16
316	15
317	11
318	1
319	3
320	31
321	36
322	9
323	5
324	10
325	33
326	4
327	8
328	16
329	11
330	6
331	3
332	9
333	22,32
334	12
335	16
336	1
337	29
338	40
339	2
340	5
341	6
342	9
343	9
344	10
345	13
346	1
347	5,30
348	16
349	22
350	6
351	6
352	1
353	25
354	16
355	7
356	40,49
357	15
358	40
359	21
360	0
361	8
362	14
363	36
364	9
365	0
366	3,4,25
367	3
368	27
369	3
370	15
371	10
372	23
373	0
374	22
375	9
376	3
377	26
378	15
379	7
380	13
381	6
382	3
383	33,41
384	1
385	16
386	0
387	22
388	25
389	32
390	4
391	19
392	20
393	48
394	11
395	18
396	4
397	19
398	0
399	45
400	9
401	16
402	43
403	13
404	27
405	1
406	11
407	1
408	8
409	8
410	44
411	8
412	0
413	29,31
414	16
415	5
416	0
417	28
418	11
419	2
420	38
421	23
422	33
423	13
424	11
425	16
426	1
427	9
428	1,23
429	19
430	11
431	20
432	6
433	14
434	31
435	8
436	5
437	15
438	5
439	44
440	18
441	29
442	20
443	5,35
444	11
445	1
446	15
447	1
448	9
449	8
450	6
451	6
452	7
453	1
454	2
455	22
456	0
457	19
458	26
459	13
460	24
461	10
462	10
463	1
464	46
465	6
466	25
467	5
468	5,17
469	24
470	33
471	10
472	2
473	1
474	8
475	15
476	8
477	0
478	16
479	11
480	21
481	1
482	25
483	12
484	1
485	4
486	43
487	13
488	19
489	11
490	29
491	12
492	12
493	0
494	3
495	23,42
496	11
497	9
498	1
499	5
500	0
501	0
502	0
503	10
504	14
505	11
506	12
507	46
508	9
509	16
510	1
511	1
512	13
513	22
514	5
515	20
516	10
517	17
518	4
519	30,49
520	4
521	19
522	9
523	23
524	2
525	18
526	0
527	0
528	4
529	15
530	0
531	7
532	16
533	1
534	2
535	17
536	14,39
537	3
538	6
539	8
540	3
541	4
542	9
543	33
544	41
545	14
546	21
547	20
548	2
549	1
550	9
551	5
552	7
553	23
554	44
555	23
556	12
557	32
558	14
559	3
560	1
561	24
562	9
563	14
564	18
565	1
566	10
567	13
568	0
569	11
570	14
571	37
572	3
573	3
574	28
575	6
576	12
577	3
578	12,38
579	19
580	26
581	6
582	26
583	15
584	27
585	44
586	2
587	41
588	14
589	44
590	6
591	34
592	13
593	18,49
594	0
595	22
596	9
597	4
598	48
599	18
600	0
601	2
602	26
603	11
604	0
605	40
606	31
607	33
608	13
609	6
610	4
611	31,43
612	0
613	4
614	1
615	3
616	10
617	13
618	22
619	15
620	20
621	3
622	15
623	47
624	2
625	0
626	28
627	2
628	32
629	0
630	29
631	16
632	16,39
633	6
634	0
635	26
636	0
637	3
638	10
639	5
640	2
641	33
642	5
643	21
644	5
645	2
646	20
647	8
648	21
649	41
650	3
651	45
652	45
653	4
654	5
655	47
656	4
657	28
658	32
659	36
660	3
661	5
662	13
663	17
664	16
665	1
666	8,48
667	18
668	7
669	3
670	1
671	3
672	5
673	2
674	1
675	0
676	6
677	20
678	19
679	13
680	0
681	15
682	7
683	3
684	5
685	5
686	34
687	48
688	1
689	3
690	4
691	12
692	1
693	1
694	10
695	7
696	2
697	10
698	10
699	21
700	9
701	0,27
702	5
703	13
704	0
705	14
706	10
707	10
708	18
709	1
710	22
711	27
712	15
713	24
714	12
715	4
716	16
717	1
718	1
719	5
720	15
721	13
722	4
723	1
724	10
725	15
726	21
727	8
728	9
729	15
730	2
731	13,46
732	9
733	6
734	3
735	41,45
736	1
737	35
738	0
739	3
740	4,29
741	5
742	12
743	41
744	13,15,18
745	14
746	6,8
747	10
748	4
749	5,32,33
750	11
751	19
752	19
753	7,27
754	3
755	19
756	1
757	16
758	4
759	9
760	25
761	2
762	21
763	28
764	8
765	8
766	1
767	2
768	1
769	11
770	25
771	17
772	0
773	47
774	8
775	4
776	31
777	1
778	13
779	13
780	14
781	6
782	18
783	17,29
784	5
785	14
786	5
787	22,23
788	0
789	12
790	7
791	21
792	20
793	29
794	5
795	6
796	16
797	16
798	20
799	18
800	28
801	12
802	0
803	17
804	41
805	2
806	6
807	0
808	2
809	16
810	3
811	1
812	16
813	29
814	17
815	0
816	0
817	19
818	10
819	23
820	42
821	0
822	25
823	8
824	1
825	26
826	4
827	11
828	8
829	8
830	1
831	12
832	8
833	8
834	6
835	20
836	38
837	17
838	22
839	5
840	15
841	24,29,43
842	5
843	4
844	2
845	1
846	4
847	3
848	11
849	6
850	0
851	1
852	0
853	19
854	8
855	17
856	1
857	12
858	6
859	2
860	21,28
861	13
862	1
863	4
864	13
865	28
866	13
867	15
868	2
869	40
870	0
871	5
872	6
873	7
874	13,34,39
875	8
876	24
877	38
878	13
879	22
880	45
881	23
882	14
883	23
884	36
885	24
886	11
887	26
888	12
889	15
890	27
891	9
892	27
893	13
894	30,47
895	10
896	2
897	15
898	38
899	8
900	15
901	23
902	11
903	17
904	25
905	12
906	22
907	10
908	8
909	19
910	16
911	9
912	4
913	26
914	16
915	0
916	3
917	18
918	15
919	6
920	10
921	18
922	7
923	19
924	4
925	13
926	3
927	13
928	2
929	3
930	1
931	10
932	6
933	19
934	9
935	1
936	5
937	0
938	5
939	11
940	2
941	5
942	16
943	10
944	24,49
945	5
946	12
947	3
948	10
949	5
950	5
951	15
952	6
953	15
954	0
955	11
956	12
957	14
958	5
959	25
960	2
961	2
962	17
963	1
964	7
965	29
966	4
967	27,32
968	11
969	7
970	28
971	6,36
972	16,44
973	15
974	1
975	3
976	10
977	1
978	12
979	2
980	5
981	19
982	9
983	17
984	44
985	15,30,47
986	0
987	42
988	20,22
989	0
990	21
991	3
992	19
993	18
994	8
995	19
996	3
997	13
998	44
999	13
1000	0
1001	0
1002	0
1003	0
1004	0
1005	2
1006	2
1007	2
1008	2
1009	2
1010	6
1011	6
1012	6
1013	6
1014	6
1015	14
1016	14
1017	14
1018	14
1019	14
1020	30
1021	30
1022	30
1023	30
1024	30
1025	49
1026	49
1027	49
1028	49
1029	49
1030	48
1031	48
1032	48
1033	48
1034	48
1035	47
1036	47
1037	47
1038	47
1039	47
1040	46
1041	46
1042	46
1043	46
1044	46
1045	45
1046	45
1047	45
1048	45
1049	45
1050	44
1051	44
1052	44
1053	44
1054	44
1055	43
1056	43
1057	43
1058	43
1059	43
1060	42
1061	42
1062	42
1063	42
1064	42
1065	41
1066	41
1067	41
1068	41
1069	41
1070	40
1071	40
1072	40
1073	40
1074	40
1075	39
1076	39
1077	39
1078	39
1079	39
1080	38
1081	38
1082	38
1083	38
1084	38
1085	37
1086	37
1087	37
1088	37
1089	37
1090	36
1091	36
1092	36
1093	36
1094	36
1095	35
1096	35
1097	35
1098	35
1099	35
1100	34
1101	34
1102	34
1103	34
1104	34
1105	33
1106	33
1107	33
1108	33
1109	33
1110	32
1111	32
1112	32
1113	32
1114	32
1115	29
1116	29
1117	29
1118	29
1119	29
1120	31
1121	31
1122	31
1123	31
1124	31
