0	0
1	1,67
2	2,39,77,84,100
3	3,71,86
4	4,52,91
5	0,5,11,66
6	6,76,96
7	7
8	8,14,46,72
9	9,58
10	10,36
11	11
12	12
13	13
14	14
15	15
16	16
17	17
18	18
19	19
20	20
21	21,89
22	22
23	23
24	24
25	25
26	26
27	27
28	28
29	29
30	30
31	31
32	32,41,48
33	33
34	34
35	35
36	36
37	37
38	38
39	39
40	40
41	41
42	42
43	43
44	19,44
45	45
46	46
47	7,11,47
48	48
49	49
50	50
51	51
52	52
53	53
54	54
55	55
56	56
57	57,74
58	54,58
59	59
60	60
61	61
62	62
63	11,63
64	64
65	44,45,65,77,97
66	66
67	67,77
68	68
69	69,103
70	70
71	71
72	72
73	73,96
74	74
75	54,75
76	16,76
77	77
78	42,58,78
79	79
80	80
81	81
82	5,82
83	83
84	20,84
85	85
86	86
87	87
88	88
89	89
90	90
91	91
92	92
93	93
94	94,101
95	95
96	96
97	97
98	98
99	99
100	100
101	84,101
102	93,102
103	103
104	104
105	24
106	35
107	17,58
108	4
109	3
110	87
111	11
112	51
113	46
114	43
115	16,17
116	26
117	21
118	99
119	11
120	10
121	15,94
122	36
123	8,42
124	43,86,89
125	1
126	39,44
127	30
128	44,61,99
129	15
130	51
131	52
132	21
133	13
134	30
135	8
136	41
137	35
138	11
139	58
140	9
141	35
142	56
143	14
144	36
145	31
146	0
147	57
148	2,6
149	80
150	11
151	25
152	2
153	57
154	14,90
155	2
156	30
157	7
158	10
159	14
160	7,19
161	97
162	94
163	18
164	4
165	10
166	43
167	33
168	8,28
169	14
170	3
171	6
172	12,93,97
173	76
174	2
175	33
176	11
177	0
178	11
179	20
180	51,66
181	11
182	27
183	9
184	18
185	7
186	1,17
187	8,101
188	4
189	18
190	5
191	8
192	74,76
193	18
194	15
195	7
196	4
197	2
198	62
199	30
200	26
201	33
202	8
203	20
204	17
205	94
206	3
207	3,25
208	26
209	61
210	9
211	23,88
212	12,23
213	32
214	0
215	19
216	8
217	61
218	44
219	37,95
220	8
221	48
222	44
223	37
224	21
225	2
226	7
227	64
228	62
229	22
230	17
231	55
232	30
233	15
234	7
235	54
236	22
237	17
238	4
239	68
240	96
241	40
242	51
243	4
244	5
245	50
246	6
247	22
248	15
249	8
250	63
251	8
252	26
253	28
254	15
255	14
256	3
257	3
258	29
259	29
260	11
261	7
262	82
263	21
264	61
265	32
266	2
267	8
268	27
269	7
270	78
271	9
272	16
273	0
274	31,69,82
275	15
276	36
277	10
278	48
279	38,101
280	21
281	10
282	1
283	50
284	59
285	18
286	8
287	89
288	55
289	12
290	17
291	77
292	27
293	10
294	57
295	44
296	39
297	12
298	4
299	0
300	16
301	14
302	9
303	31
304	3
305	23
306	0
307	24
308	18
309	14
310	17
311	4
312	21
313	7
314	9
315	51
316	49
317	22
318	50
319	3
320	45
321	0
322	7
323	67
324	63
325	83,103
326	30
327	6
328	12
329	35
330	3
331	62
332	21
333	5
334	50
335	16
336	4
337	61,96
338	53
339	39
340	50
341	1
342	28
343	77
344	11
345	13,70
346	9
347	51
348	48
349	59,84
350	35
351	2
352	10
353	10
354	3
355	24
356	27
357	14
358	14
359	20
360	7
361	1
362	30
363	8
364	33
365	24
366	55
367	18,32
368	37
369	55
370	32
371	16
372	20
373	3
374	4
375	9
376	17
377	32
378	98
379	10
380	4
381	44
382	1
383	11
384	39
385	5
386	18
387	72
388	61
389	15
390	31
391	10
392	6
393	36
394	37
395	14
396	6
397	11
398	35
399	83
400	3
401	1
402	22
403	0
404	0
405	5
406	15
407	10,66
408	19
409	49
410	9
411	67
412	72
413	58
414	28
415	43
416	71
417	58
418	36
419	55
420	31
421	17
422	6
423	2
424	0
425	42
426	97
427	40
428	3
429	5
430	50,68
431	21
432	4
433	68
434	44
435	26
436	59
437	56
438	5
439	16
440	9
441	4
442	11
443	23
444	71
445	98
446	30
447	43
448	12
449	0
450	1
451	43
452	64,75
453	18
454	1
455	22
456	15
457	4
458	14
459	62
460	64
461	7
462	11
463	30
464	0
465	22
466	78
467	31
468	6
469	58
470	7
471	0
472	43
473	4
474	37
475	51
476	32
477	2
478	62
479	33
480	3
481	7
482	29
483	8
484	7
485	22
486	23,91
487	52
488	2
489	13
490	28
491	41
492	0
493	31
494	1
495	22
496	6
497	23
498	36
499	99
500	3
501	4
502	5
503	22
504	6
505	71,79
506	52
507	4
508	12
509	38
510	13
511	14
512	44
513	30
514	11
515	13
516	24
517	64
518	1
519	24
520	31
521	1
522	15
523	9,102
524	12,39
525	45
526	10
527	17
528	3
529	33
530	50
531	8
532	5
533	95
534	9
535	91
536	39
537	24
538	78
539	8
540	19
541	47
542	2
543	16
544	11
545	3
546	12
547	103
548	23
549	11
550	58
551	20
552	1
553	80
554	68
555	10
556	69
557	27
558	1
559	1
560	7
561	48
562	79
563	4
564	66
565	8
566	53
567	17
568	67
569	20
570	31
571	18
572	3
573	14
574	40
575	77
576	19
577	18
578	2
579	55,100
580	46
581	23
582	16
583	7
584	2
585	43
586	39
587	8
588	17
589	40
590	24
591	11
592	19
593	2
594	30
595	36
596	36
597	1
598	80
599	25
600	13
601	61
602	61
603	95
604	96
605	1
606	17
607	54
608	16
609	6
610	18
611	53
612	33
613	23
614	38
615	37
616	43
617	33
618	7
619	4
620	53
621	37
622	0
623	28
624	23
625	14
626	6
627	72
628	82
629	0
630	7
631	49
632	15
633	48
634	39
635	54
636	1
637	55,102
638	7
639	55
640	17
641	19
642	38
643	35
644	42
645	26
646	15
647	7
648	10
649	26,52,89
650	44
651	5
652	3
653	20
654	51
655	17
656	43
657	5
658	45
659	7
660	42
661	55
662	2
663	49
664	66,86
665	26
666	34
667	13
668	3
669	32
670	25
671	24
672	66
673	69
674	46
675	40
676	45
677	3
678	9
679	18
680	75
681	18
682	16
683	61
684	77
685	10
686	7
687	2
688	8
689	38
690	11
691	5
692	25
693	9
694	33
695	75,95
696	16
697	37
698	29
699	40
700	62
701	29
702	30
703	13
704	12
705	0
706	10
707	0
708	44,103
709	50
710	7
711	90
712	23
713	52
714	12
715	11
716	23,57
717	18
718	15
719	9
720	51,54
721	24
722	22
723	31
724	16
725	19
726	80
727	31
728	9
729	8
730	3
731	20
732	40
733	32
734	9
735	18
736	8
737	39
738	61
739	5
740	10
741	47
742	66
743	50
744	17
745	96
746	6
747	9
748	26
749	4
750	6
751	43
752	29
753	4
754	19
755	30
756	7
757	36
758	9
759	12
760	6
761	23
762	23
763	72
764	26
765	17
766	13
767	8
768	30
769	2,48
770	29
771	1
772	20
773	2
774	16
775	11
776	81
777	1
778	5
779	54
780	16
781	3
782	15
783	29
784	26
785	47
786	2
787	4
788	7
789	53
790	83
791	10
792	38
793	9
794	39
795	33
796	42
797	11
798	20
799	16
800	53
801	18
802	16
803	4
804	2
805	2
806	22
807	1
808	10
809	4
810	23
811	59
812	26
813	0
814	62
815	18
816	10
817	41
818	46
819	1
820	96
821	10
822	29
823	26
824	11
825	32
826	21
827	6
828	17
829	2
830	37
831	58
832	61
833	45
834	4
835	3
836	19
837	19
838	57,89
839	60
840	12
841	20
842	31
843	54
844	43
845	3
846	13
847	97
848	4
849	8
850	80
851	52,94
852	36
853	9
854	17
855	23
856	11
857	0
858	2
859	93
860	5
861	1
862	1
863	34
864	16
865	47
866	54
867	54
868	51
869	12
870	69
871	25
872	0
873	19
874	3
875	22
876	43
877	38
878	10
879	15
880	49,79
881	51
882	35
883	50
884	81
885	11
886	13
887	6
888	39
889	41,52
890	66
891	26
892	11
893	8
894	53
895	101
896	81
897	12
898	13
899	19
900	1
901	13
902	67
903	6
904	20
905	40
906	15
907	52
908	9
909	20
910	9
911	29
912	44
913	9
914	4
915	66
916	27
917	19
918	20
919	2
920	24
921	24
922	31
923	61
924	5
925	7
926	87
927	3
928	15
929	18
930	37
931	3
932	51
933	28
934	18
935	14
936	30
937	58
938	47
939	25
940	42
941	13
942	53
943	38
944	23
945	6
946	0
947	6
948	5
949	19,22
950	25
951	8
952	27
953	29
954	19
955	5
956	33
957	7
958	76,78
959	28
960	24
961	18
962	40
963	10
964	5
965	76
966	10
967	62
968	7
969	2
970	24
971	14
972	28
973	30
974	52
975	15
976	98
977	0
978	30
979	63
980	42
981	8
982	13
983	17
984	2
985	3
986	52
987	47,66
988	3
989	5
990	71
991	25
992	14
993	49
994	55,70
995	30
996	38
997	3
998	14
999	61
1000	0
1001	0
1002	0
1003	0
1004	0
1005	2
1006	2
1007	2
1008	2
1009	2
1010	6
1011	6
1012	6
1013	6
1014	6
1015	14
1016	14
1017	14
1018	14
1019	14
1020	30
1021	30
1022	30
1023	30
1024	30
1025	62
1026	62
1027	62
1028	62
1029	62
1030	104
1031	104
1032	104
1033	104
1034	104
1035	103
1036	103
1037	103
1038	103
1039	103
1040	102
1041	102
1042	102
1043	102
1044	102
1045	101
1046	101
1047	101
1048	101
1049	101
1050	100
1051	100
1052	100
1053	100
1054	100
1055	99
1056	99
1057	99
1058	99
1059	99
1060	98
1061	98
1062	98
1063	98
1064	98
1065	97
1066	97
1067	97
1068	97
1069	97
1070	96
1071	96
1072	96
1073	96
1074	96
1075	95
1076	95
1077	95
1078	95
1079	95
1080	94
1081	94
1082	94
1083	94
1084	94
1085	93
1086	93
1087	93
1088	93
1089	93
1090	92
1091	92
1092	92
1093	92
1094	92
1095	91
1096	91
1097	91
1098	91
1099	91
1100	90
1101	90
1102	90
1103	90
1104	90
1105	89
1106	89
1107	89
1108	89
1109	89
1110	88
1111	88
1112	88
1113	88
1114	88
1115	87
1116	87
1117	87
1118	87
1119	87
1120	86
1121	86
1122	86
1123	86
1124	86
1125	85
1126	85
1127	85
1128	85
1129	85
1130	84
1131	84
1132	84
1133	84
1134	84
1135	83
1136	83
1137	83
1138	83
1139	83
1140	82
1141	82
1142	82
1143	82
1144	82
1145	81
1146	81
1147	81
1148	81
1149	81
1150	80
1151	80
1152	80
1153	80
1154	80
1155	79
1156	79
1157	79
1158	79
1159	79
1160	78
1161	78
1162	78
1163	78
1164	78
1165	77
1166	77
1167	77
1168	77
1169	77
1170	76
1171	76
1172	76
1173	76
1174	76
1175	75
1176	75
1177	75
1178	75
1179	75
1180	74
1181	74
1182	74
1183	74
1184	74
1185	73
1186	73
1187	73
1188	73
1189	73
1190	72
1191	72
1192	72
1193	72
1194	72
1195	71
1196	71
1197	71
1198	71
1199	71
1200	70
1201	70
1202	70
1203	70
1204	70
1205	69
1206	69
1207	69
1208	69
1209	69
1210	68
1211	68
1212	68
1213	68
1214	68
1215	67
1216	67
1217	67
1218	67
1219	67
1220	66
1221	66
1222	66
1223	66
1224	66
1225	65
1226	65
1227	65
1228	65
1229	65
1230	64
1231	64
1232	64
1233	64
1234	64
1235	61
1236	61
1237	61
1238	61
1239	61
1240	63
1241	63
1242	63
1243	63
1244	63
1245	60
1246	60
1247	60
1248	60
1249	60
1250	59
1251	59
1252	59
1253	59
1254	59
1255	58
1256	58
1257	58
1258	58
1259	58
1260	57
1261	57
1262	57
1263	57
1264	57
