0	0
1	1,49
2	2
3	3
4	4,48
5	5,39,41
6	6,34
7	7,29
8	8
9	9
10	10,17
11	11
12	12
13	13,40
14	14,19
15	15
16	16,32
17	17
18	18
19	19,27
20	20
21	21
22	22
23	21,23
24	24
25	25
26	26
27	19,27,30,38,44
28	28
29	29
30	30
31	13,31
32	32
33	29,33
34	15,23,34
35	35
36	36
37	37
38	38
39	39
40	8,40
41	15,41
42	42
43	43
44	44
45	45
46	46
47	47
48	48
49	49
50	25
51	21
52	12
53	24
54	13
55	4
56	4
57	27
58	35
59	8,26
60	23
61	29
62	4
63	19
64	14
65	34
66	32
67	6,17,47
68	22
69	4
70	1
71	15
72	0
73	13
74	10
75	13
76	3
77	4
78	14
79	21
80	35
81	23
82	7,27,36
83	20
84	2
85	12
86	10
87	8
88	7
89	35
90	20
91	29,32
92	23
93	14,17
94	0,30
95	2
96	22
97	14
98	1,42
99	12
100	3
101	10
102	35
103	9
104	16
105	16,37
106	37
107	12,30
108	5,7
109	18
110	37
111	35
112	7
113	0
114	4
115	15
116	8
117	21
118	22
119	21
120	11
121	37
122	15
123	5
124	14,22
125	15,40,43
126	3
127	26
128	6
129	10
130	9
131	16
132	0,29
133	27
134	1
135	2
136	2,5,16
137	4
138	23
139	27,38
140	3
141	6
142	2
143	0
144	3
145	0
146	44
147	5
148	28
149	3
150	2
151	7
152	8
153	15
154	30
155	1
156	36
157	8
158	27
159	17
160	17,35,41
161	5,17
162	39
163	16
164	20
165	4
166	13
167	27
168	4
169	2
170	3
171	5,26
172	28
173	3
174	10
175	0
176	24
177	1,2
178	11,24
179	11
180	1
181	13
182	26
183	2
184	3
185	26
186	37
187	2
188	0
189	0
190	11
191	3
192	6
193	12
194	1
195	9
196	0
197	19
198	5
199	9
200	14
201	7
202	3
203	10
204	0
205	12
206	1
207	10
208	0
209	18
210	1
211	1
212	5
213	13
214	42
215	3
216	3
217	3
218	19
219	14
220	21,25,35
221	8
222	10
223	1
224	7
225	1
226	10
227	0
228	14
229	0
230	32,44
231	3
232	11
233	5
234	29
235	21
236	0
237	12
238	1
239	38
240	20
241	17
242	34,39
243	1
244	8
245	25
246	19
247	16
248	2
249	5
250	23
251	16
252	8
253	12
254	22
255	32
256	33
257	16
258	1,32
259	8,29
260	36
261	2
262	12
263	2
264	2
265	5
266	17
267	2
268	9
269	20
270	9,44
271	4
272	15
273	16
274	8
275	24
276	0
277	5
278	15
279	0,8,21
280	4
281	0
282	12
283	19
284	4
285	2
286	9,14
287	20,25,27
288	10
289	19
290	2
291	9
292	2
293	2
294	8
295	2
296	33
297	3
298	15
299	1
300	8
301	0
302	13
303	32
304	19
305	44
306	3
307	1
308	9
309	9
310	14
311	9
312	29
313	7
314	7
315	8
316	20
317	20
318	4
319	3
320	6
321	48
322	11
323	19
324	4
325	4
326	21
327	5
328	2
329	12
330	37
331	2
332	12
333	0
334	14
335	8
336	0
337	0
338	4
339	4,7,32
340	0
341	0,9
342	12
343	8
344	9
345	1
346	4
347	1
348	2
349	16
350	30
351	13
352	1
353	3
354	0
355	45
356	7
357	49
358	13
359	23
360	9
361	16
362	11
363	10,45
364	17
365	0
366	7,15
367	22
368	3
369	3
370	3
371	8
372	7
373	35
374	12
375	8
376	0
377	44
378	15
379	7
380	5,49
381	37
382	8
383	13
384	0
385	1
386	17
387	10,24
388	8
389	12
390	14
391	8
392	8
393	4
394	5
395	27
396	6
397	21
398	32
399	1
400	10
401	11
402	36,39
403	27
404	11
405	21
406	2
407	15
408	0
409	8
410	20
411	5
412	6
413	31,41,42
414	1
415	3
416	4
417	17
418	14
419	1
420	1
421	8
422	14,40
423	0
424	37
425	1
426	1
427	4
428	0
429	1
430	7
431	0
432	21
433	19
434	15
435	20
436	25,37
437	23
438	0
439	32
440	23
441	9
442	18
443	19
444	4
445	6
446	2
447	9
448	10
449	35
450	5
451	18
452	20
453	34
454	25
455	10
456	0
457	3
458	14
459	42
460	0
461	30
462	23
463	3
464	25
465	17
466	29
467	7
468	36
469	21
470	11
471	42
472	12
473	14
474	0
475	5
476	6
477	31
478	19
479	1
480	7,31
481	0
482	20
483	47
484	10
485	1
486	25
487	6
488	5
489	29
490	8
491	7
492	2
493	2
494	21
495	3
496	29
497	4
498	2
499	26,39,44
500	8
501	14
502	2
503	5
504	4
505	39
506	6
507	29
508	35
509	7
510	9
511	8
512	25
513	12
514	0
515	2
516	4
517	2
518	14
519	17
520	5
521	5
522	8
523	25
524	27
525	9
526	24
527	16
528	49
529	4
530	13
531	5
532	10
533	2
534	12
535	48
536	28
537	1,24
538	21
539	27,39
540	9
541	7
542	0
543	10
544	6
545	0
546	4
547	7
548	49
549	21
550	6
551	5
552	1
553	3
554	34
555	8
556	1
557	13
558	21
559	5
560	28
561	3
562	37
563	20
564	16
565	6
566	21
567	5
568	1
569	31
570	38
571	22
572	32
573	21
574	5
575	15
576	10
577	4
578	0
579	23
580	0
581	0
582	18
583	22
584	5
585	11
586	42
587	3
588	0
589	6
590	12
591	17
592	11
593	7
594	37
595	26,46,48
596	12
597	7
598	4
599	11
600	3
601	1
602	6
603	9
604	29
605	13
606	0
607	1
608	17
609	4
610	29
611	28
612	6
613	5
614	10
615	16
616	4
617	9
618	10
619	9
620	3
621	31,40
622	19
623	14
624	6
625	6
626	6
627	6
628	6
629	1
630	6
631	18
632	9
633	4
634	4
635	40
636	1
637	2
638	5
639	2,32,44
640	0
641	18
642	9
643	12
644	36
645	19
646	19
647	13
648	3
649	14
650	4
651	18
652	3
653	29
654	4
655	8
656	19
657	38
658	1
659	2
660	8
661	9
662	16
663	2
664	22
665	1
666	11
667	16
668	40
669	0
670	19
671	8
672	16
673	35
674	2
675	33
676	3
677	47
678	42,46
679	13
680	45
681	21
682	0
683	5
684	20
685	18
686	23
687	15
688	14
689	16
690	15
691	4
692	30
693	2
694	4
695	23
696	5
697	27
698	0
699	8
700	7
701	3
702	35
703	6
704	6
705	5
706	4
707	22
708	17
709	8
710	4
711	29
712	1
713	18
714	0
715	17
716	6
717	1
718	12
719	25
720	2
721	24,36
722	7
723	2
724	6
725	25
726	18
727	2
728	4
729	0
730	2
731	15
732	2
733	0
734	1
735	24,26,46
736	42
737	12
738	26
739	1
740	4
741	21
742	14,38
743	13
744	10
745	9
746	13
747	5
748	2
749	8
750	1
751	13
752	7
753	19
754	19
755	33
756	20
757	6
758	7
759	2
760	8
761	1
762	12
763	19
764	23
765	8
766	1
767	22
768	5
769	1
770	7
771	9
772	1
773	7,11
774	3
775	21
776	47
777	18
778	10
779	3
780	19
781	42
782	10
783	0
784	8
785	0
786	2
787	4
788	5
789	3
790	1
791	26
792	2
793	16
794	12
795	19
796	14,27
797	2
798	11
799	19
800	4
801	5
802	40
803	2
804	9
805	37
806	6
807	0
808	8
809	9
810	9
811	42
812	28
813	17
814	7
815	8
816	3
817	1
818	49
819	16
820	9
821	12
822	1
823	3
824	4
825	22
826	1
827	1
828	1
829	0
830	10
831	9
832	1
833	16
834	17
835	25
836	1
837	46
838	4
839	16
840	2
841	8,42
842	5
843	8
844	24
845	0
846	9
847	10
848	32
849	12
850	7
851	11
852	23
853	23
854	1
855	16
856	22
857	5
858	42
859	22
860	34
861	32
862	26
863	0
864	19
865	10
866	3
867	33
868	20
869	7
870	9
871	3,31
872	1
873	12
874	22
875	11,26
876	40
877	17
878	10
879	6
880	33
881	15
882	7
883	3
884	3
885	5
886	11
887	5
888	36,40
889	10
890	3
891	42
892	28
893	7
894	29
895	2
896	11
897	0
898	4
899	30
900	4
901	11
902	7
903	11
904	10
905	37
906	7
907	29
908	21
909	18
910	38
911	3
912	2
913	4
914	1
915	5
916	2
917	26
918	9
919	10
920	0
921	29
922	17
923	3
924	5
925	13
926	5
927	15
928	1
929	7
930	20
931	9
932	15
933	9
934	5
935	12
936	15
937	13
938	6
939	6
940	5
941	14
942	18
943	16
944	26
945	7
946	6
947	10
948	14
949	3
950	2
951	5
952	27
953	5
954	9
955	2
956	15
957	24
958	14
959	2
960	33
961	14
962	12
963	25
964	2
965	0
966	7
967	5
968	31
969	14,18
970	16
971	19
972	11,39,43
973	35
974	9
975	32
976	7
977	13
978	7
979	13
980	19
981	5
982	1
983	4,10,30
984	13
985	12
986	13
987	2
988	29
989	3
990	1
991	14
992	14,42
993	22,26
994	0
995	20
996	1
997	25,28
998	0
999	3
1000	0
1001	0
1002	0
1003	0
1004	0
1005	2
1006	2
1007	2
1008	2
1009	2
1010	6
1011	6
1012	6
1013	6
1014	6
1015	14
1016	14
1017	14
1018	14
1019	14
1020	30
1021	30
1022	30
1023	30
1024	30
1025	49
1026	49
1027	49
1028	49
1029	49
1030	48
1031	48
1032	48
1033	48
1034	48
1035	47
1036	47
1037	47
1038	47
1039	47
1040	46
1041	46
1042	46
1043	46
1044	46
1045	45
1046	45
1047	45
1048	45
1049	45
1050	44
1051	44
1052	44
1053	44
1054	44
1055	43
1056	43
1057	43
1058	43
1059	43
1060	42
1061	42
1062	42
1063	42
1064	42
1065	41
1066	41
1067	41
1068	41
1069	41
1070	40
1071	40
1072	40
1073	40
1074	40
1075	39
1076	39
1077	39
1078	39
1079	39
1080	38
1081	38
1082	38
1083	38
1084	38
1085	37
1086	37
1087	37
1088	37
1089	37
1090	36
1091	36
1092	36
1093	36
1094	36
1095	35
1096	35
1097	35
1098	35
1099	35
1100	34
1101	34
1102	34
1103	34
1104	34
1105	33
1106	33
1107	33
1108	33
1109	33
1110	32
1111	32
1112	32
1113	32
1114	32
1115	29
1116	29
1117	29
1118	29
1119	29
1120	31
1121	31
1122	31
1123	31
1124	31
