ATT0(string,6);ATT1(float,10);ATT2(string,10);
aaa;0.544,0.835,0.38,0.591,0.952,0.968,0.188,0.212,0.124,0.774;aaaaaaa;
aaaaa;0.192,0.171,0.824,0.263,0.772,0.703,0.177,0.406,0.935,0.643;aaa;
aaa;0.755,0.918,0.88,0.108,0.257,0.476,0.681,0.196,0.944,0.157;aa;
aaaaaa;0.137,0.262,0.194,0.807,0.997,0.213,0.0872,0.763,0.451,0.0768;aaaaaaaa;
aa;0.282,0.341,0.245,0.622,0.568,0.176,0.0375,0.123,0.254,0.822;a;
aaaaa;0.477,0.894,0.208,0.384,0.396,0.508,0.39,0.1,0.674,0.838;aaaaaaaaaa;
a;0.809,0.77,0.835,0.14,0.223,0.947,0.252,0.987,0.557,0.0758;aaaaaaaaaa;
aaaaaa;0.871,0.177,0.535,0.663,0.899,0.58,0.764,0.154,0.886,0.371;aa;
aaa;0.573,0.0373,0.678,0.91,0.383,0.608,0.192,0.658,0.221,0.921;aaaaaaaaaa;
aaaaa;0.441,0.542,0.624,0.00628,0.883,0.276,0.28,0.418,0.742,0.392;aaaaaaa;
a;0.289,0.162,0.574,0.526,0.66,0.369,0.809,0.989,0.00113,0.768;aaaaaaaa;
aaa;0.496,0.478,0.899,0.977,0.594,0.293,0.969,0.233,0.721,0.838;aaaaa;
aaa;0.941,0.71,0.117,0.514,0.167,0.234,0.0898,0.514,0.484,0.0973;aaaaaaa;
aaaa;0.484,0.611,0.72,0.569,0.889,0.66,0.0414,0.0548,0.716,0.487;aa;
a;0.294,0.617,0.178,0.527,0.504,0.722,0.407,0.563,0.351,0.489;aaaaa;
aaaaaa;0.0418,0.221,0.274,0.683,0.245,0.211,0.0936,0.559,0.692,0.652;aaaa;
aaaa;0.894,0.128,0.0238,0.397,0.768,0.338,0.414,0.0366,0.685,0.694;aaaaaaaaa;
a;0.095,0.826,0.577,0.204,0.327,0.132,0.554,0.203,0.988,0.813;aaaaaa;
aa;0.512,0.479,0.698,0.577,0.297,0.195,0.777,0.652,0.0794,0.995;aaaaaaaa;
a;0.563,0.196,0.35,0.696,0.098,0.0192,0.483,0.384,0.911,0.00618;aaaaaaa;
aaaaa;0.34,0.944,0.333,0.739,0.792,0.661,0.49,0.753,0.715,0.136;aaaaaaaaaa;
aaaaa;0.253,0.241,0.265,0.701,0.77,0.911,0.0924,0.057,0.312,0.198;a;
aaa;0.205,0.755,0.0776,0.699,0.182,0.615,0.901,0.913,0.338,0.627;aaaa;
aa;0.262,0.254,0.978,0.594,0.35,0.685,0.317,0.655,0.907,0.649;aaaa;
aaaa;0.127,0.8,0.887,0.0149,0.774,0.407,0.466,0.115,0.195,0.0493;aaaaaaa;
aaaa;0.254,0.71,0.834,0.136,0.681,0.681,0.278,0.469,0.106,0.87;aaaaaaaa;
aaaaaa;0.7,0.0166,0.896,0.807,0.873,0.0665,0.971,0.338,0.086,0.802;aaaa;
aaaaaa;0.533,0.938,0.571,0.467,0.288,0.367,0.335,0.991,0.806,0.602;a;
aaaaaa;0.86,0.246,0.608,0.366,0.697,0.407,0.257,0.563,0.344,0.375;aaaa;
aaaaa;0.76,0.59,0.535,0.373,0.668,0.172,0.282,0.607,0.989,0.265;aa;
aaa;0.125,0.267,0.177,0.653,0.4,0.0375,0.559,0.983,0.622,0.295;aaaa;
aaaaaa;0.763,0.194,0.978,0.506,0.268,0.401,0.461,0.134,0.118,0.761;aaaaaa;
a;0.215,0.00557,0.664,0.142,0.57,0.661,0.929,0.556,0.405,0.899;aaaaaaaaa;
aaaa;0.819,0.467,0.0522,0.922,0.925,0.233,0.791,0.481,0.67,0.764;aaaa;
aaaa;0.388,0.642,0.787,0.505,0.284,0.208,0.798,0.637,0.614,0.51;aaaaaaaaaa;
aaaaaa;0.35,0.326,0.701,0.732,0.977,0.298,0.556,0.693,0.939,0.716;a;
a;0.316,0.0693,0.37,0.499,0.511,0.388,0.926,0.0403,0.879,0.553;aaaa;
aa;0.995,0.81,0.827,0.337,0.249,0.537,0.218,0.628,0.113,0.282;aaaaa;
aaaaa;0.0592,0.456,0.683,0.948,0.96,0.318,0.249,0.476,0.927,0.766;aaaaaaaaaa;
a;0.488,0.935,0.908,0.404,0.82,0.721,0.752,0.24,0.617,0.911;aaaaaa;
aa;0.91,0.323,0.38,0.728,0.581,0.345,0.396,0.247,0.517,0.79;aaa;
aaa;0.73,0.686,0.148,0.922,0.418,0.134,0.775,0.69,0.172,0.943;a;
aaaaa;0.631,0.616,0.388,0.138,0.264,0.845,0.507,0.748,0.698,0.656;aaaaa;
aaaaaa;0.42,0.554,0.886,0.0135,0.453,0.398,0.687,0.731,0.196,0.349;aaa;
aaaaa;0.207,0.855,0.388,0.583,0.182,0.404,0.0791,0.621,0.946,0.273;aaaaaaaa;
aaaa;0.582,0.133,0.221,0.964,0.331,0.137,0.85,0.464,0.709,0.154;aaaaaa;
aa;0.505,0.287,0.278,0.967,0.442,0.712,0.537,0.911,0.906,0.345;aaaaaaa;
aaaaa;0.566,0.495,0.125,0.201,0.0574,0.0396,0.122,0.407,0.287,0.524;aaa;
aaa;0.882,0.724,0.821,0.591,0.294,0.827,0.149,0.313,0.571,0.987;aaaaaa;
aaaaa;0.213,0.544,0.421,0.8,0.803,0.676,0.365,0.392,0.242,0.00138;aaa;
a;0.588,0.743,0.35,0.479,0.718,0.58,0.908,0.767,0.748,0.674;aa;
a;0.711,0.684,0.552,0.783,0.567,0.755,0.619,0.795,0.495,0.996;aaaaaaaaa;
aaa;0.778,0.0719,0.636,0.658,0.95,0.142,0.912,0.0693,0.588,0.109;a;
a;0.964,0.603,0.29,0.144,0.297,0.0541,0.35,0.186,0.325,0.793;aaaaa;
a;0.178,0.571,0.178,0.723,0.265,0.568,0.431,0.73,0.323,0.795;aaaaa;
aaaaa;0.966,0.738,0.737,0.779,0.817,0.0621,0.956,0.285,0.065,0.653;aaaaaa;
aaa;0.51,0.444,0.551,0.127,0.604,0.301,0.339,0.581,0.653,0.000758;aaaaaaaaa;
aaa;0.39,0.149,0.0797,0.36,0.544,0.103,0.0999,0.0415,0.773,0.545;aaa;
aaaaaa;0.648,0.915,0.443,0.32,0.952,0.594,0.194,0.521,0.403,0.824;aaaaaaaaaa;
a;0.0694,0.153,0.445,0.537,0.689,0.947,0.0313,0.864,0.164,0.564;aa;
aaaa;0.862,0.799,0.732,0.217,0.699,0.213,0.886,0.289,0.471,0.43;aaaa;
aa;0.222,0.591,0.961,0.133,0.923,0.653,0.189,0.078,0.372,0.777;aaaaaaaa;
aaaaaa;0.292,0.622,0.219,0.292,0.384,0.34,0.345,0.885,0.067,0.661;aa;
aaaaaa;0.0541,0.752,0.656,0.296,0.706,0.956,0.887,0.168,0.767,0.515;aa;
aaaaaa;0.945,0.165,0.928,0.855,0.805,0.23,0.607,0.253,0.304,0.115;aaaaaaa;
aaaaaa;0.641,0.154,0.161,0.591,0.348,0.514,0.0842,0.67,0.506,0.198;aaaaa;
aa;0.605,0.938,0.398,0.914,0.788,0.192,0.143,0.0223,0.827,0.509;aa;
aaaa;0.682,0.93,0.639,0.158,0.303,0.762,0.313,0.551,0.777,0.0661;aaaaa;
aaaa;0.332,0.623,0.924,0.899,0.0511,0.612,0.683,0.228,0.412,0.123;aa;
aaaaaa;0.864,0.345,0.723,0.298,0.155,0.107,0.991,0.998,0.469,0.35;aaaaaaa;
a;0.649,0.692,0.36,0.953,0.574,0.705,0.318,0.533,0.345,0.364;aaaaaaa;
a;0.635,0.514,0.644,0.741,0.162,0.85,0.27,0.24,0.51,0.944;aa;
aaaa;0.616,0.233,0.806,0.936,0.48,0.98,0.217,0.0876,0.603,0.331;aa;
aaaa;0.705,0.578,0.385,0.868,0.269,0.892,0.174,0.941,0.989,0.886;aaaaaa;
aaaa;0.686,0.303,0.559,0.0218,0.551,0.687,0.828,0.79,0.0163,0.853;aaaaaaaaaa;
aaaaaa;0.551,0.543,0.552,0.745,0.656,0.331,0.539,0.845,0.948,0.431;aaaaaaaaaa;
aaaa;0.971,0.255,0.852,0.188,0.624,0.0938,0.0343,0.192,0.303,0.773;aaaaaaaaa;
aaa;0.504,0.423,0.366,0.358,0.78,0.673,0.461,0.196,0.829,0.693;aaaaa;
aaaaaa;0.309,0.506,0.826,0.48,0.119,0.393,0.647,0.269,0.839,0.201;a;
a;0.32,0.377,0.335,0.477,0.966,0.279,0.628,0.664,0.865,0.0914;aaaaaaaaaa;
aa;0.42,0.777,0.772,0.179,0.624,0.196,0.173,0.577,0.831,0.338;aaaaaaaaaa;
aaaa;0.976,0.242,0.00333,0.312,0.788,0.427,0.159,0.769,0.282,0.992;aaaaaaa;
aaaaaa;0.194,0.0034,0.079,0.127,0.753,0.152,0.573,0.735,0.612,0.724;a;
aa;0.522,0.733,0.992,0.861,0.625,0.266,0.00772,0.0972,0.759,0.213;aaaaaaa;
aa;0.438,0.802,0.00262,0.086,0.147,0.336,0.772,0.24,0.315,0.857;aaaaa;
aaaaaa;0.691,0.128,0.89,0.185,0.184,0.0606,0.279,0.845,0.475,0.187;aaaaaaaa;
aaaa;0.674,0.0201,0.445,0.993,0.193,0.0423,0.0374,0.000322,0.382,0.751;aaaaaaaaa;
aaaaa;0.545,0.304,0.0173,0.9,0.662,0.144,0.563,0.955,0.14,0.841;a;
a;0.5,0.208,0.969,0.0433,0.0457,0.479,0.84,0.0469,0.0844,0.993;aaaa;
aaaaaa;0.132,0.76,0.734,0.12,0.0112,0.439,0.911,0.612,0.76,0.0451;aaaaa;
a;0.558,0.179,0.458,0.356,0.903,0.366,0.71,0.88,0.943,0.135;aaaaaaa;
aaaa;0.76,0.039,0.947,0.0471,0.23,0.96,0.808,0.704,0.53,0.154;aaaaa;
aaa;0.613,0.959,0.576,0.571,0.555,0.678,0.274,0.87,0.397,0.662;aaaaaa;
aaaa;0.176,0.251,0.548,0.971,0.787,0.0499,0.363,0.344,0.408,0.627;aaaaaa;
aaaaaa;0.732,0.564,0.18,0.18,0.899,0.464,0.936,0.634,0.515,0.736;aaa;
aaaaa;0.371,0.872,0.267,0.882,0.0263,0.922,0.906,0.629,0.0588,0.519;aaaaaa;
aaaaa;0.958,0.857,0.36,0.853,0.892,0.544,0.0541,0.545,0.501,0.226;aaaaaaaaaa;
aaaa;0.328,0.66,0.363,0.166,0.18,0.313,0.824,0.969,0.244,0.977;aaaa;
aaaaa;0.396,0.635,0.74,0.741,0.579,0.153,0.472,0.0238,0.272,0.514;aaaa;
aaaaa;0.705,0.172,0.917,0.314,0.0068,0.0337,0.363,0.95,0.784,0.864;aaa;
aaaaa;0.376,0.958,0.867,0.978,0.0132,0.459,0.67,0.191,0.612,0.386;aaaaaaaaa;
aa;0.835,0.734,0.753,0.0663,0.225,0.176,0.815,0.592,0.157,0.0674;aaaaa;
aa;0.171,0.0561,0.565,0.765,0.47,0.674,0.365,0.453,0.156,0.0248;aaaaaaaaaa;
aaaaa;0.585,0.279,0.824,0.401,0.181,0.123,0.703,0.975,0.23,0.88;a;
aaa;0.248,0.631,0.0381,0.066,0.551,0.968,0.549,0.986,0.371,0.268;aaa;
aaaaaa;0.83,0.149,0.727,0.407,0.391,0.434,0.714,0.706,0.442,0.298;aaaaaaaaa;
a;0.124,0.19,1.46e-05,0.98,0.446,0.824,0.749,0.257,0.318,0.462;aaaaa;
aaaaa;0.599,0.447,0.608,0.831,0.0331,0.415,0.637,0.56,0.129,0.504;aaaa;
aaa;0.898,0.563,0.832,0.999,0.0541,0.1,0.22,0.52,0.878,0.331;a;
aa;0.861,0.132,0.843,0.355,0.197,0.126,0.566,0.538,0.375,0.782;aaaa;
aaa;0.512,0.654,0.0901,0.0784,0.804,0.69,0.914,0.29,0.0288,0.481;aaaaaaa;
aaaaaa;0.632,0.67,0.919,0.182,0.571,0.682,0.088,0.577,0.0896,0.365;aaaaaa;
aaaaa;0.678,0.355,0.0392,0.628,0.191,0.159,0.222,0.909,0.802,0.496;aaaaa;
aa;0.0676,0.935,0.708,0.793,0.346,0.531,0.92,0.264,0.399,0.188;aaaaaa;
aaaa;0.861,0.543,0.37,0.315,0.85,0.573,0.227,0.195,0.504,0.283;aaaaaaaaa;
aaaaaa;0.926,0.799,0.874,0.899,0.923,0.872,0.741,0.193,0.254,0.0519;aaaaaaaaa;
aaaa;0.709,0.25,0.317,0.665,0.765,0.754,0.288,0.219,0.164,0.514;aaaaa;
aaa;0.491,0.741,0.282,0.873,0.871,0.995,0.99,0.81,0.663,0.101;aa;
aa;0.0786,0.755,0.307,0.0164,0.24,0.128,0.172,0.702,0.904,0.328;aaaaa;
aaaaaa;0.962,0.3,0.118,0.84,0.997,0.41,0.424,0.812,0.855,0.114;aaaaa;
aaaa;0.315,0.454,0.912,0.168,0.477,0.809,0.285,0.727,0.911,0.56;aaa;
aaa;0.141,0.84,0.749,0.106,0.717,0.773,0.517,0.533,0.0557,0.494;aaaa;
aaa;0.0277,0.135,0.559,0.228,0.843,0.665,0.501,0.0104,0.802,0.0635;aaaaaaaa;
aaaa;0.0234,0.922,0.178,0.571,0.817,0.545,0.22,1,0.988,0.304;aaaa;
aaaa;0.377,0.284,0.671,0.77,0.0214,0.105,0.0928,0.06,0.0255,0.675;aaaaaaa;
a;0.629,0.779,0.0367,0.81,0.377,0.149,0.586,0.0397,0.808,0.062;aa;
aa;0.813,0.242,0.911,0.321,0.95,0.88,0.366,0.938,0.681,0.0506;aaaaa;
a;0.921,0.984,0.0445,0.872,0.509,0.983,0.187,0.261,0.734,0.235;aaaa;
a;0.873,0.844,0.757,0.0873,0.298,0.886,0.727,0.198,0.159,0.504;aaaaaaaaa;
aa;0.485,0.869,0.64,0.0662,0.754,0.0454,0.483,0.229,0.555,0.401;aaaaaaaa;
aaaa;0.403,0.434,0.788,0.737,0.761,0.545,0.731,0.277,0.793,0.629;aaaaaa;
aaa;0.948,0.14,0.495,0.691,0.93,0.136,0.195,0.826,0.904,0.997;aaaaaaaaaa;
a;0.501,0.705,0.726,0.262,0.811,0.634,0.876,0.751,0.517,0.994;aaaaaaaa;
aaa;0.188,0.512,0.788,0.845,0.266,0.55,0.0132,0.246,0.686,0.786;aaaaaaaaa;
a;0.743,0.977,0.271,0.428,0.287,0.849,0.577,0.407,0.605,0.704;aaaaa;
aaa;0.876,0.322,0.274,0.908,0.787,0.0458,0.314,0.027,0.971,0.666;a;
aaaaa;0.103,0.0616,0.111,0.441,0.63,0.742,0.935,0.527,0.513,0.861;aa;
aaaa;0.163,0.352,0.627,0.587,0.41,0.681,0.168,0.761,0.467,0.679;aaaaaaaaaa;
aa;0.131,0.256,0.313,0.525,0.815,0.737,0.142,0.413,0.432,0.87;a;
aaaaa;0.45,0.622,0.489,0.847,0.735,0.732,0.861,0.477,0.378,0.879;aaaaaaaa;
a;0.84,0.256,0.0129,0.132,0.845,0.964,0.377,0.545,0.943,0.175;aa;
a;0.299,0.0526,0.413,0.454,0.679,0.702,0.911,0.875,0.28,0.144;aaaaaaa;
aaa;0.934,0.959,0.219,0.796,0.553,0.365,0.852,0.44,0.624,0.172;aaaa;
a;0.116,0.752,0.971,0.406,0.822,0.624,0.601,0.742,0.578,0.527;aaaaaaaaa;
aaaaaa;0.424,0.28,0.42,0.248,0.663,0.308,0.556,0.0383,0.252,0.0373;aaaaaaaaaa;
aaaa;0.232,0.773,0.0198,0.474,0.496,0.357,0.935,0.306,0.341,0.994;aaa;
aaa;0.296,0.437,0.282,0.745,0.708,0.914,0.275,0.193,0.725,0.516;aaaa;
aaaaa;0.0397,0.147,0.208,0.0101,0.249,0.0509,0.998,0.491,0.908,0.724;aaaaaaa;
aaaaa;0.714,0.44,0.0574,0.657,0.546,0.721,0.351,0.969,0.737,0.183;aa;
a;0.106,0.358,0.262,0.11,0.759,0.978,0.23,0.529,0.859,0.679;a;
aaaaa;0.397,0.658,0.516,0.344,0.558,0.749,0.766,0.356,0.0135,0.157;aaaaaaaaa;
aaaaa;0.161,0.579,0.337,0.883,0.61,0.158,0.984,0.416,0.851,0.57;a;
a;0.582,0.163,0.931,0.587,0.77,0.0447,0.351,0.108,0.086,0.773;aaaaa;
aaaaa;0.779,0.00444,0.376,0.161,0.761,0.481,0.108,0.0747,0.125,0.352;aaaaaa;
aaa;0.451,0.331,0.0657,0.148,0.995,0.0519,0.973,0.711,0.00274,0.412;aaaa;
a;0.467,0.681,0.689,0.462,0.914,0.874,0.854,0.524,0.501,0.507;a;
aa;0.651,0.513,0.448,0.676,0.161,0.726,0.513,0.865,0.39,0.00103;aa;
aaaa;0.889,0.847,0.64,0.767,0.588,0.942,0.947,0.646,0.951,0.803;aa;
aaa;0.408,0.88,0.251,0.211,0.57,0.571,0.54,0.786,0.0352,0.165;aaa;
aaa;0.0878,0.702,0.164,0.679,0.396,0.557,0.224,0.0211,0.967,0.424;aaaaaaaaa;
a;0.927,0.741,0.854,0.798,0.484,0.776,0.443,0.286,0.596,0.644;aaa;
aaaaaa;0.945,0.397,0.511,0.431,0.824,0.811,0.116,0.199,0.765,0.398;aaaaaaa;
aaaaa;0.291,0.77,0.274,0.86,0.335,0.498,0.0446,0.523,0.0224,0.987;aaaaaaaa;
aa;0.821,0.864,0.735,0.183,0.843,0.413,0.77,0.955,0.414,0.287;aaaa;
aaaa;0.525,0.584,0.44,0.128,0.728,0.141,0.217,0.743,0.831,0.538;aaaaaaaaa;
aaa;0.936,0.477,0.0516,0.281,0.887,0.925,0.159,0.698,0.618,0.935;aaaa;
aaa;0.602,0.0654,0.658,0.993,0.898,0.537,0.913,0.304,0.847,0.265;aaaa;
aaaa;0.62,0.135,0.743,0.261,0.524,0.868,0.315,0.453,0.251,0.21;aaa;
aa;0.0369,0.59,0.898,0.111,0.712,0.41,0.0814,0.0386,0.555,0.135;aa;
aa;0.321,0.128,0.346,0.278,0.169,0.993,0.733,0.789,0.628,0.265;aaaaaaaaaa;
a;0.312,0.456,0.336,0.995,0.204,0.189,0.383,0.739,0.166,0.394;aaaaaaa;
aaaaaa;0.171,0.838,0.827,0.529,0.588,0.706,0.282,0.0657,0.267,0.81;aaaaaa;
aaaaaa;0.0599,0.908,0.0124,0.0277,0.805,0.984,0.634,0.0506,0.635,0.329;aaaaa;
aaa;0.679,0.98,0.226,0.255,0.382,0.456,0.652,0.109,0.75,0.686;aaa;
aaaa;0.507,0.145,0.328,0.929,0.549,0.353,0.801,0.516,0.239,0.799;a;
aaaaa;0.624,0.153,0.155,0.777,0.479,0.103,0.828,0.379,0.429,0.261;aaaaaaaaaa;
aaa;0.147,0.306,0.746,0.64,0.619,0.148,0.652,0.81,0.234,0.75;aaaa;
a;0.894,0.747,0.0495,0.671,0.692,0.453,0.273,0.784,0.261,0.0643;aaaaaaa;
aaa;0.903,0.935,0.963,0.934,0.127,0.695,0.107,0.957,0.459,0.82;aaa;
aaaaaa;0.292,0.237,0.971,0.461,0.379,0.567,0.175,0.268,0.0635,0.355;aaa;
aaaaaa;0.65,0.814,0.361,0.122,0.179,0.0572,0.402,0.0539,0.192,0.512;a;
aaaa;0.103,0.348,0.947,0.323,0.45,0.0716,0.23,0.913,0.237,0.696;aaaaa;
aaaaa;0.782,0.838,0.56,0.206,0.885,0.27,0.437,0.25,0.505,0.415;aaa;
aaaaaa;0.464,0.424,0.0712,0.587,0.906,0.243,0.537,0.39,0.253,0.767;aaaaaaaaa;
aaaaa;0.146,0.966,0.152,0.752,0.517,0.233,0.984,0.338,0.806,0.371;aaaa;
aa;0.012,0.0446,0.198,0.891,0.372,0.325,0.0565,0.166,0.309,0.774;aa;
a;0.773,0.824,0.409,0.262,0.405,0.786,0.131,0.369,0.366,0.821;aaaaaaaa;
aaa;0.0519,0.173,0.491,0.426,0.412,0.773,0.656,0.498,0.438,0.751;aa;
aaaa;0.493,0.0368,0.656,0.233,0.484,0.277,0.537,0.18,0.883,0.28;aaaaa;
aaaaa;0.0993,0.559,0.14,0.959,0.807,0.609,0.446,0.189,0.558,0.568;aaa;
aa;0.671,0.812,0.781,0.034,0.458,0.667,0.0313,0.266,0.689,0.944;aaa;
aa;0.405,0.296,0.351,0.17,0.547,0.0171,0.104,0.627,0.605,0.251;aaa;
aaaa;0.631,0.424,0.848,0.337,0.469,0.989,0.964,0.329,0.0404,0.497;aaaaaaa;
aaaaa;0.551,0.6,0.0885,0.517,0.992,0.543,0.759,0.0811,0.289,0.62;aa;
aaa;0.61,0.753,0.685,0.752,0.439,0.473,0.216,0.995,0.242,0.341;aaaaaaaa;
a;0.943,0.979,0.875,0.72,0.069,0.75,0.724,0.458,0.483,0.124;aaaa;
aaaaaa;0.256,0.473,0.625,0.0638,0.239,0.54,0.465,0.859,0.231,0.278;aaaaaa;
a;0.789,0.944,0.197,0.179,0.653,0.267,0.19,0.288,0.16,0.34;aaaaaa;
aa;0.668,0.76,0.293,0.295,0.704,0.498,0.75,0.238,0.381,0.0949;aaaaaaa;
aaa;0.586,0.74,0.261,0.511,0.572,0.403,0.881,0.252,0.598,0.967;aaaaaaaaaa;
aaaa;0.682,0.0814,0.269,0.696,0.502,0.696,0.375,0.505,0.881,0.369;aaaa;
aa;0.214,0.675,0.0311,0.782,0.405,0.969,0.124,0.0651,0.453,0.752;aaa;
aaaaa;0.0572,0.0957,0.505,0.338,0.56,0.0195,0.516,0.716,0.617,0.874;aaaaa;
aaaaaa;0.377,0.861,0.84,0.192,0.524,0.852,0.326,0.163,0.309,0.332;aaaaaaa;
aa;0.708,0.135,0.422,0.547,0.088,0.395,0.13,0.304,0.257,0.872;aaaa;
aaaaa;0.000139,0.311,0.229,0.00492,0.175,0.185,0.0335,0.759,0.816,0.27;a;
aaaaa;0.283,0.17,0.866,0.758,0.673,0.98,0.155,0.33,0.0782,0.963;aaaa;
aaaaaa;0.496,0.8,0.0863,0.249,0.705,0.409,0.616,0.144,0.367,0.198;aaaaaa;
aaaaa;0.385,0.544,0.14,0.146,0.641,0.279,0.333,0.348,0.513,0.561;aaaa;
aa;0.329,0.641,0.541,0.14,0.54,0.381,0.542,0.641,0.993,0.962;aaaaa;
aaaaaa;0.325,0.0725,0.88,0.503,0.146,0.942,0.134,0.527,0.667,0.311;aaaaaa;
aaaa;0.771,0.858,0.379,0.758,0.947,0.35,0.0389,0.772,0.667,0.734;aaaaaa;
aaaaaa;0.223,0.528,0.0882,0.545,0.707,0.129,0.159,0.413,0.85,0.951;aaaaa;
aaaa;0.404,0.132,0.353,0.197,0.101,0.28,0.141,0.34,0.335,0.174;aaaaaa;
aaaaa;0.214,0.151,0.802,0.737,0.277,0.135,0.00414,0.77,0.329,0.664;aaaa;
aa;0.509,0.256,0.26,0.57,0.405,0.74,0.928,0.000317,0.922,0.422;aaaaaaa;
aa;0.31,0.717,0.435,0.624,0.807,0.465,0.68,0.059,0.658,0.0677;aaaaaaaa;
aaaaa;0.0274,0.642,0.019,0.198,0.359,0.465,0.851,0.917,0.643,0.21;aaaaaa;
aaa;0.839,0.901,0.343,0.922,0.656,0.828,0.739,0.176,0.33,0.52;aaaaaaaaa;
aaaaaa;0.223,0.984,0.0831,0.727,0.61,0.378,0.123,0.91,0.207,0.331;aaaaaaaaaa;
a;0.527,0.746,0.24,0.537,0.78,0.397,0.862,0.33,0.45,0.652;aaa;
aaaaa;0.4,0.624,0.203,0.978,0.385,0.427,0.849,0.661,0.885,0.185;aa;
aaaa;0.765,0.782,0.181,0.344,0.868,0.662,0.195,0.143,0.376,0.952;aaaaaaaa;
aaaaa;0.787,0.396,0.16,0.172,0.954,0.965,0.922,0.755,0.139,0.657;aa;
aaaaa;0.348,0.544,0.191,0.97,0.6,0.885,0.134,0.216,0.505,0.055;aaaaa;
aa;0.0536,0.428,0.913,0.337,0.219,0.521,0.399,0.948,0.838,0.922;aaaaa;
aaaaaa;0.706,0.549,0.0914,0.761,0.316,0.954,0.25,0.639,0.894,0.269;aaaaa;
aaa;0.523,0.41,0.669,0.69,0.435,0.0272,0.0735,0.0454,0.312,0.356;aaaaaa;
aaaaa;0.162,0.714,0.227,0.0917,0.591,0.875,0.361,0.292,0.169,0.0811;aaaaaaaaa;
aaaaa;0.621,0.429,0.436,0.816,0.755,0.0129,0.827,0.629,0.856,0.149;aaaaaaaaaa;
aaaa;0.394,0.515,0.631,0.72,0.477,0.878,0.434,0.575,0.851,0.527;aaaaaaa;
aaaa;0.669,0.579,0.647,0.616,0.527,0.679,0.73,0.159,0.154,0.561;aaaaaa;
aa;0.454,0.502,0.32,0.597,0.669,0.317,0.519,0.919,0.489,0.513;aaa;
aaaaaa;0.647,0.254,0.713,0.435,0.555,0.407,0.623,0.92,0.725,0.553;aaaa;
aaa;0.793,0.289,0.645,0.262,0.887,0.59,0.107,0.899,0.19,0.0574;aaaaaaaaa;
aaa;0.106,0.948,0.385,0.918,0.0316,0.111,0.239,0.197,0.437,0.614;aaa;
aaaaa;0.435,0.272,0.852,0.163,0.819,0.33,0.953,0.327,0.463,0.554;aa;
a;0.839,0.357,0.304,0.421,0.794,0.25,0.62,0.786,0.971,0.584;aaaaaa;
a;0.923,0.137,0.571,0.544,0.985,0.219,0.875,0.311,0.329,0.296;aaaaaaaaa;
aaaaa;0.225,0.84,0.935,0.329,0.968,0.118,0.611,0.638,0.515,0.885;aaaaaa;
aaaaa;0.524,0.11,0.352,0.532,0.833,0.759,0.656,0.279,0.462,0.061;aa;
aaa;0.737,0.943,0.968,0.706,0.479,0.982,0.164,0.541,0.984,0.258;aaaaaa;
aaaaaa;0.385,0.688,0.572,0.334,0.863,0.984,0.19,0.581,0.372,0.517;a;
aaa;0.578,0.913,0.0213,0.657,0.451,0.261,0.751,0.415,0.338,0.226;aaaaaaaa;
aa;0.922,0.131,0.287,0.849,0.611,0.827,0.639,0.98,0.874,0.529;aaaaaa;
aaaa;0.19,0.508,0.982,0.827,0.821,0.481,0.224,0.868,0.988,0.0133;aaa;
aaa;0.749,0.167,0.121,0.731,0.503,0.774,0.626,0.481,0.449,0.178;aa;
aaaaa;0.631,0.601,0.95,0.224,0.296,0.897,0.461,0.225,0.753,0.176;a;
aaaa;0.848,0.154,0.034,0.11,0.0822,0.813,0.459,0.401,0.212,0.163;aaaa;
a;0.899,0.797,0.277,0.879,0.574,0.289,0.373,0.767,0.894,0.357;aaa;
a;0.544,0.65,0.359,0.641,0.634,0.802,0.876,0.315,0.932,0.0658;aaaaaaaaa;
aaaaa;0.35,0.629,0.726,0.105,0.914,0.0762,0.424,0.577,0.489,0.0888;a;
aaaaaa;0.844,0.286,0.835,0.596,0.685,0.643,0.659,0.853,0.203,0.499;aaaaaaaaa;
a;0.314,0.29,0.24,0.879,0.651,0.106,0.785,0.332,0.378,0.3;aaaaaaaaaa;
aaaaa;0.402,0.284,0.803,0.119,0.65,0.0575,0.905,0.631,0.984,0.451;aaaaaa;
aaaaaa;0.113,0.115,0.191,0.121,0.119,0.451,0.5,0.905,0.266,0.482;aaaaaaaa;
aaa;0.621,0.538,0.523,0.778,0.632,0.998,0.477,0.461,0.0385,0.307;aaaaaaaa;
aaaaa;0.476,0.285,0.802,0.278,0.337,0.782,0.79,0.772,0.54,0.726;a;
aaaaa;0.447,0.54,0.276,0.741,0.283,0.045,0.185,0.175,0.811,0.905;aaaaaaaa;
a;0.0927,0.507,0.58,0.495,0.289,0.334,0.594,0.989,0.775,0.729;aaa;
aaaaa;0.727,0.122,0.0435,0.773,0.672,0.774,0.711,0.469,0.829,0.739;aaaaaaa;
aaaaa;0.086,0.364,0.975,0.499,0.874,0.592,0.386,0.821,0.735,0.185;aaaaaa;
aaa;0.553,0.449,0.697,0.443,0.427,0.222,0.111,0.921,0.535,0.67;aaaaa;
aa;0.386,0.677,0.025,0.431,0.943,0.859,0.496,0.248,0.0195,0.817;aaaa;
aaaa;0.559,0.46,0.0798,0.393,0.892,0.412,0.842,0.644,0.845,0.378;aaaaaa;
a;0.493,0.277,0.535,0.669,0.00323,0.837,0.962,0.35,0.514,0.762;aaaaaaaa;
aaa;0.378,0.158,0.0264,0.578,0.659,0.2,0.513,0.437,0.298,0.559;aaa;
a;0.215,0.965,0.465,0.566,0.0537,0.115,0.593,0.931,0.732,0.994;aaa;
aaa;0.0587,0.948,0.652,0.189,0.0946,0.321,0.409,0.000153,0.149,0.5;aaaaaaaaa;
aaaaa;0.0289,0.855,0.409,0.238,0.758,0.45,0.965,0.84,0.00403,0.199;a;
aaaaaa;0.668,0.383,0.286,0.16,0.0214,0.462,0.943,0.0156,0.564,0.793;aaaaaaaa;
aaaaa;0.279,0.77,0.821,0.488,0.584,0.717,0.876,0.333,0.00917,0.678;aaaaa;
aaa;0.831,0.916,0.0796,0.697,0.959,0.367,0.224,0.703,0.176,0.262;aaaa;
aaaaaa;0.98,0.777,0.121,0.374,0.426,0.593,0.159,0.596,0.127,0.263;aaaaa;
aa;0.945,0.388,0.597,0.234,0.293,0.955,0.401,0.754,0.0213,0.219;aaa;
aaaaa;0.121,0.746,0.392,0.678,0.686,0.554,0.652,0.0135,0.453,0.0188;a;
aaa;0.254,0.066,0.00864,0.0755,0.649,0.372,0.928,0.861,0.259,0.529;aaaaa;
aaaa;0.474,0.39,0.223,0.0712,0.498,0.518,0.967,0.388,0.783,0.618;a;
a;0.623,0.637,0.765,0.848,0.653,0.831,0.252,0.418,0.599,0.719;aaaaaa;
aaa;0.161,0.166,0.559,0.571,0.0968,0.101,0.322,0.531,0.16,0.543;a;
aa;0.182,0.947,0.224,0.888,0.496,0.765,0.994,0.481,0.495,0.28;aaaaaaaaaa;
aaaaa;0.54,0.0525,0.652,0.405,0.51,0.774,0.549,0.97,0.889,0.835;aaaa;
aaa;0.16,0.993,0.519,0.855,0.668,0.918,0.746,0.216,0.395,0.613;a;
aa;0.202,0.73,0.85,0.528,0.88,0.471,0.758,0.621,0.715,0.302;aaa;
aaaaaa;0.286,0.507,0.84,0.699,0.833,0.415,0.84,0.45,0.129,0.243;aaaaaaa;
aa;0.666,0.728,0.368,0.504,0.405,0.822,0.745,0.938,0.00506,0.526;aaaaaaaaa;
aaaa;0.00317,0.466,0.704,0.383,0.9,0.623,0.836,0.64,0.597,0.183;aa;
a;0.485,0.147,0.19,0.36,0.444,0.69,0.482,0.261,0.76,0.0687;aaaaaa;
aaaaa;0.361,0.613,0.221,0.834,0.544,0.738,0.927,0.851,0.804,0.891;aaaaa;
aaaa;0.775,0.0124,0.733,0.0161,0.314,0.489,0.0979,0.705,0.281,0.338;aaaaaaa;
aaa;0.433,0.889,0.101,0.557,0.246,0.024,0.977,0.573,0.126,0.615;aaaaaaaaaa;
aaaaa;0.529,0.29,0.271,0.305,0.841,0.236,0.686,0.823,0.815,0.688;aaaa;
aa;0.985,0.455,0.815,0.533,0.809,0.201,0.545,0.754,0.569,0.165;aaaaa;
aaa;0.451,0.927,0.447,0.448,0.814,0.306,0.252,0.0715,0.666,0.441;aaaaaaaa;
aaa;0.503,0.611,0.334,0.165,0.264,0.242,0.709,0.0328,0.334,0.293;aaaaaaaaaa;
aaaa;0.262,0.14,0.909,0.527,0.859,0.349,0.815,0.693,0.861,0.398;aaaaaaaa;
aa;0.336,0.435,0.956,0.987,0.713,0.901,0.682,0.441,0.574,0.828;aaaaaa;
aa;0.822,0.308,0.885,0.219,0.533,0.974,0.0275,0.915,0.705,0.723;aaaaaaa;
aa;0.789,0.715,0.392,0.695,0.866,0.703,0.859,0.9,0.129,0.252;aaaaa;
aaaaa;0.134,0.232,0.381,0.949,0.623,0.0289,0.0618,0.621,0.495,0.159;aaaaaaaa;
a;0.738,0.023,1,0.322,0.94,0.846,0.39,0.884,0.0405,0.638;aa;
aaaaa;0.73,0.413,0.0443,0.745,0.956,0.176,0.947,0.742,0.45,0.768;aaaaaaaaaa;
a;0.851,0.00917,0.519,0.638,0.0408,0.117,0.907,0.254,0.333,0.163;aaa;
aaa;0.952,0.736,0.36,0.286,0.791,0.813,0.472,0.808,0.104,0.901;aaa;
aaaaaa;0.496,0.119,0.95,0.332,0.728,0.107,0.9,0.0426,0.171,0.913;aaaaaaa;
aaa;0.863,0.631,0.875,0.962,0.702,0.292,0.883,0.561,0.394,0.309;aaaaaa;
aaa;0.395,0.74,0.578,0.697,0.29,0.735,0.227,0.772,0.111,0.446;aaaaaaaa;
aa;0.934,0.292,0.263,0.435,0.099,0.289,0.182,0.189,0.253,0.849;aaa;
aaa;0.7,0.467,0.879,0.562,0.0357,0.664,0.741,0.927,0.0601,0.515;aaaaaaa;
aaaaa;0.432,0.66,0.423,0.331,0.285,0.212,0.116,0.855,0.245,0.902;aa;
aaaaaa;0.407,0.736,0.0572,0.0576,0.152,0.896,0.376,0.768,0.669,0.185;aaaa;
aa;0.527,0.332,0.529,0.981,0.38,0.945,0.999,0.377,0.822,0.75;aa;
aaa;0.211,0.571,0.551,0.179,0.00208,0.814,0.666,0.352,0.218,0.228;aa;
a;0.393,0.372,0.525,0.0283,0.972,0.439,0.472,0.521,0.272,0.757;aa;
aaaaa;0.397,0.721,0.0207,0.341,0.624,0.592,0.428,0.399,0.714,0.759;aaa;
a;0.532,0.995,0.483,0.566,0.764,0.194,0.889,0.188,0.111,0.864;aaaaaaaaa;
aaaa;0.223,0.917,0.431,0.372,0.874,0.024,0.109,0.41,0.0657,0.944;aaaaaaaa;
aa;0.727,0.655,0.915,0.957,0.268,0.289,0.556,0.482,0.791,0.498;aaa;
aaaa;0.946,0.303,0.377,0.749,0.278,0.0713,0.68,0.725,0.723,0.416;aaaaaaa;
aaaa;0.192,0.755,0.845,0.819,0.985,0.73,0.882,0.611,0.522,0.102;aaaaaa;
aa;0.362,0.668,0.707,0.925,0.649,0.711,0.481,0.712,0.804,0.926;aaaaaa;
aaa;0.0378,0.174,0.746,0.524,0.919,0.351,0.871,0.362,0.0209,0.122;aaaaaaaa;
aaaaa;0.871,0.166,0.319,0.928,0.277,0.353,0.147,0.276,0.224,0.102;aa;
aa;0.738,0.412,0.424,0.0897,0.736,0.799,0.303,0.101,0.213,0.327;aaaaaa;
aa;0.427,0.172,0.675,0.738,0.836,0.413,0.94,0.335,0.738,0.502;aaaaaa;
aaa;0.516,0.35,0.521,0.496,0.0649,0.198,0.48,0.345,0.27,0.12;aaaaaa;
aa;0.224,0.803,0.985,0.68,0.443,0.0502,0.984,0.201,0.048,0.496;aaaa;
aaaa;0.742,0.558,0.282,0.562,0.258,0.439,0.546,0.748,0.555,0.311;aaaa;
aa;0.84,0.176,0.839,0.58,0.985,0.204,0.405,0.399,0.303,0.76;aaaaaaaa;
aaaaa;0.624,0.529,0.85,0.244,0.947,0.524,0.0207,0.946,0.154,0.158;aa;
aa;0.429,0.688,0.691,0.692,0.791,0.276,0.363,0.844,0.797,0.794;aaaaa;
aaaaaa;0.138,0.955,0.889,0.809,0.797,0.558,0.784,0.6,0.724,0.443;aaaaa;
aaaaa;0.878,0.659,0.955,0.0762,0.68,0.202,0.737,0.0203,0.457,0.808;aa;
aaaaa;0.66,0.787,0.837,0.226,0.954,0.0826,0.915,0.259,0.197,0.694;aa;
aa;0.767,0.463,0.743,0.0625,0.938,0.966,0.475,0.0784,0.66,0.744;aaaaa;
a;0.255,0.75,0.856,0.762,0.214,0.873,0.0366,0.189,0.564,0.849;aaaaaaaaa;
a;0.588,0.837,0.726,0.323,0.326,0.323,0.445,0.6,0.23,0.632;a;
aa;0.44,0.375,0.0302,0.71,0.396,0.0123,0.537,0.169,0.558,0.112;a;
aaaaaa;0.597,0.398,0.188,0.346,0.16,0.664,0.261,0.393,0.203,0.29;aaaaa;
aa;0.0558,0.955,0.233,0.0985,0.904,0.374,0.114,0.329,0.571,0.145;aaaaaaaa;
aaaa;0.174,0.314,0.219,0.0688,0.66,0.685,0.301,0.545,0.45,0.982;aaaaaaaaa;
aaaaaa;0.477,0.0074,0.496,0.713,0.383,0.193,0.481,0.526,0.0118,0.714;aaaaaaaa;
aaaa;0.407,0.65,0.126,0.764,0.476,0.256,0.616,0.521,0.472,0.0121;a;
aaaaaa;0.5,0.0905,0.786,0.219,0.755,0.311,0.858,0.803,0.433,0.934;aaaaaa;
a;0.17,0.146,0.306,0.783,0.36,0.337,0.924,0.701,0.192,0.238;aa;
aaa;0.515,0.237,0.733,0.0641,0.672,0.87,0.256,0.431,0.679,0.784;aaaaaaaa;
aa;0.173,0.702,0.84,0.727,0.689,0.509,0.92,0.283,0.887,0.401;aaaa;
a;0.671,0.426,0.359,0.923,0.658,0.616,0.83,0.153,0.0852,0.236;aaa;
aa;0.408,0.481,0.0918,0.877,0.00261,0.195,0.992,0.238,0.444,0.269;aaaaaaaaaa;
aaaaaa;0.949,0.305,0.83,0.0587,0.195,0.618,0.969,0.401,0.262,0.845;aaaaaaaa;
a;0.595,0.44,0.333,0.824,0.788,0.166,0.311,0.502,0.782,0.506;aaaaa;
aaaa;0.652,0.662,0.0925,0.578,0.926,0.827,0.963,0.091,0.301,0.179;a;
aaaaaa;0.083,0.53,0.972,0.0774,0.561,0.148,0.802,0.496,0.128,0.814;aaaaa;
a;0.0685,0.252,0.467,0.112,0.774,0.724,0.0229,0.234,0.398,0.706;aaaa;
a;0.797,0.154,0.56,0.266,0.733,0.164,0.0178,0.972,0.338,0.452;aa;
aaaaa;0.433,0.535,0.124,0.31,0.231,0.278,0.845,0.569,0.819,0.89;a;
aaaa;0.035,0.48,0.856,0.358,0.66,0.403,0.585,0.0295,0.782,0.476;a;
aaaaa;0.527,0.716,0.54,0.798,0.865,0.394,0.328,0.11,0.509,0.743;a;
aaaaa;0.453,0.00794,0.407,0.552,0.704,0.952,0.81,0.941,0.862,0.964;aaaaaaaaa;
aaaaaa;0.515,0.866,0.514,0.175,0.523,0.828,0.895,0.895,0.669,0.951;aaaaaa;
aaaaa;0.02,0.342,0.264,0.694,0.306,0.492,0.837,0.438,0.628,0.811;aaaaaa;
aa;0.0951,0.957,0.0803,0.777,0.301,0.543,0.722,0.673,0.483,0.777;aaaaa;
aaaaa;0.685,0.287,0.228,0.318,0.221,0.518,0.534,0.596,0.64,0.772;aaaaaaaaaa;
aaaaa;0.788,0.74,0.796,0.992,0.235,0.536,0.77,0.977,0.384,0.544;aaaaaa;
aaaaa;0.756,0.615,0.437,0.689,0.54,0.802,0.664,0.381,0.613,0.609;aaaa;
aaaaaa;0.952,0.114,0.374,0.468,0.0344,0.256,0.324,0.477,0.392,0.649;aaaaaaaaa;
aa;0.312,0.000179,0.354,0.812,0.0541,0.629,0.964,0.821,0.333,0.179;aaaaaaaaaa;
aaaa;0.697,0.619,0.122,0.283,0.716,0.12,0.173,0.415,0.717,0.447;aaaaaaaa;
aaaaa;0.955,0.62,0.729,0.96,0.444,0.782,0.641,0.242,0.986,0.407;aaaaaa;
aaa;0.203,0.211,0.563,0.171,0.979,0.0739,0.163,0.023,0.0473,0.156;aaaaa;
aaaa;0.166,0.245,0.766,0.556,0.561,0.164,0.318,0.89,0.834,0.504;a;
aa;0.00849,0.234,0.0755,0.134,0.163,0.599,0.55,0.00179,0.604,0.157;aaaaaaaaaa;
aaaaaa;0.782,0.494,0.463,0.0213,0.596,0.665,0.484,0.25,0.595,0.121;aaaaaa;
a;0.339,0.315,0.451,0.707,0.0364,0.541,0.938,0.231,0.749,0.697;aaa;
aaa;0.821,0.873,0.975,0.832,0.454,0.0496,0.233,0.916,0.986,0.358;aaaaaaaa;
aaa;0.0312,0.18,0.682,0.21,0.401,0.978,0.416,0.743,0.468,0.25;a;
aaaaa;0.149,0.857,0.0788,0.361,0.202,0.267,0.201,0.53,0.389,0.823;aaaaaa;
aaaaaa;0.038,0.819,0.215,0.888,0.00967,0.706,0.588,0.708,0.886,0.71;aaaaaaaaaa;
a;0.397,0.696,0.537,0.541,0.295,0.507,0.503,0.867,0.918,0.577;aa;
aaaaa;0.383,0.875,0.553,0.843,0.987,0.829,0.113,0.372,0.822,0.103;aaaaaaaa;
aaaa;0.273,0.245,0.925,0.286,0.866,0.851,0.345,0.116,0.939,0.845;aaa;
aaaaaa;0.0845,0.811,0.787,0.556,0.923,0.139,0.896,0.0653,0.767,0.272;aaaaaaa;
aaaaaa;0.387,0.823,0.619,0.239,0.27,0.578,0.84,0.474,0.447,0.498;aaaaaaaaa;
aa;0.492,0.139,0.906,0.636,0.314,0.852,0.674,0.158,0.663,0.939;aaaaaa;
a;0.672,0.321,0.33,0.689,0.184,0.438,0.686,0.206,0.0856,0.0524;aaaa;
aaaaa;0.732,0.637,0.113,0.983,0.343,0.547,0.742,0.147,0.184,0.132;aaa;
aaaaa;0.524,0.598,0.891,0.963,0.231,0.333,0.76,0.329,0.07,0.563;aa;
a;0.33,0.391,0.224,0.73,0.289,0.911,0.809,0.122,0.206,0.484;aaaaaa;
aaaa;0.907,0.677,0.992,0.335,0.893,0.922,0.884,0.936,0.75,0.274;a;
aaaaaa;0.193,0.933,0.796,0.226,0.983,0.317,0.334,0.6,0.465,0.83;aaaaaaaaa;
aa;0.557,0.897,0.832,0.856,0.889,0.983,0.318,0.833,0.397,0.833;aaaaaa;
aaa;0.356,0.703,0.0364,0.0599,0.682,0.00139,0.851,0.639,0.2,0.117;aaaaaaa;
aaaaaa;0.474,0.992,0.456,0.487,0.394,0.849,0.63,0.873,0.36,0.293;aaa;
aaaaa;0.95,0.774,0.491,0.0868,0.443,0.683,0.588,0.301,0.56,0.649;aa;
aaaa;0.656,0.27,0.616,0.743,0.507,0.567,0.547,0.635,0.757,0.609;aaaaa;
aaa;0.773,0.139,0.649,0.448,0.701,0.453,0.764,0.708,0.836,0.642;aaaaaaa;
aaaaa;0.425,0.00272,0.53,0.515,0.413,0.225,0.235,0.0324,0.375,0.379;aaa;
a;0.959,0.61,0.701,0.875,0.463,0.961,0.888,0.79,0.0629,0.101;aaaaa;
aaaaaa;0.102,0.717,0.76,0.148,0.179,0.133,0.68,0.541,0.407,0.219;aaaa;
aaaa;0.607,0.985,0.181,0.405,0.241,0.866,0.426,0.821,0.917,0.613;aaa;
aaa;0.382,0.0517,0.388,0.141,0.407,0.574,0.952,0.97,0.0711,0.183;aaaa;
aaa;0.192,0.121,0.0475,0.703,0.774,0.756,0.322,0.459,0.681,0.97;aaaa;
aaa;0.454,0.0742,0.0207,0.125,0.114,0.516,0.469,0.269,0.828,0.444;aaaaaaaa;
aa;0.778,0.781,0.784,0.64,0.352,0.765,0.0609,0.9,0.927,0.685;aaaaaaa;
a;0.529,0.536,0.28,0.0999,0.954,0.00176,0.826,0.218,0.0772,0.934;aaa;
a;0.323,0.37,0.354,0.971,0.713,0.396,0.417,0.621,0.491,0.451;aaaaaaa;
aaaaa;0.525,0.68,0.949,0.625,0.405,0.892,0.724,0.307,0.0622,0.964;aaaaaa;
aa;0.542,0.179,0.0107,0.92,0.598,0.0393,0.368,0.112,0.55,0.0642;aaaa;
aaaa;0.672,0.055,0.0272,0.653,0.631,0.316,0.239,0.324,0.887,0.769;a;
aa;0.0987,0.49,0.233,0.646,0.0618,0.865,0.555,0.267,0.315,0.108;a;
a;0.163,0.938,0.638,0.402,0.0777,0.925,0.362,0.955,0.722,0.437;aaaaaaaa;
aaa;0.342,0.225,0.794,0.775,0.695,0.361,0.863,0.83,0.261,0.863;aaa;
aaaaa;0.264,0.563,0.533,0.379,0.418,0.969,0.0398,0.353,0.959,0.435;a;
aaa;0.299,0.656,0.978,0.556,0.591,0.743,0.594,0.247,0.124,0.804;aaaaaa;
aa;0.263,0.539,0.72,0.539,0.0614,0.81,0.953,0.389,0.853,0.894;aaaaaaa;
a;0.429,0.88,0.589,0.462,0.11,0.837,0.228,0.793,0.648,0.851;aaaaaaa;
aaaaaa;0.705,0.242,0.424,0.728,0.606,0.792,0.0211,0.113,0.839,0.496;aaaaaa;
aaaaa;0.349,0.0577,0.862,0.253,0.595,0.0116,0.17,0.717,0.709,0.823;aaaaaaaaaa;
aaaa;0.085,0.419,0.675,0.782,0.604,0.0991,0.697,0.00762,0.805,0.898;aa;
aaa;0.273,0.633,0.238,0.443,0.587,0.0405,0.696,0.54,0.261,0.0685;aaaaaaaaa;
aaa;0.694,0.787,0.843,0.122,0.665,0.269,0.764,0.41,0.816,0.332;aaa;
aaaaa;0.272,0.0143,0.642,0.513,0.125,0.224,0.909,0.161,0.0356,0.924;a;
aaaaaa;0.996,0.358,0.00366,0.562,0.857,0.913,0.303,0.904,0.449,0.198;aaaaaaaa;
aaaaaa;0.286,0.0437,0.697,0.457,0.798,0.836,0.742,0.91,0.872,0.178;aaaaaaaa;
aaaaaa;0.605,0.494,0.6,0.821,0.398,0.623,0.656,0.423,0.923,0.579;aaaaaaaaa;
aaaa;0.632,0.377,0.277,0.938,0.652,0.019,0.696,0.998,0.265,0.517;aaaaaaaaa;
aaaa;0.356,0.307,0.51,0.694,0.124,0.0423,0.737,0.798,0.752,0.31;aaaaaaaaaa;
aa;0.0156,0.407,0.562,0.966,0.416,0.111,0.334,0.631,0.122,0.72;aaaaaaaaa;
aaaaa;0.272,0.96,0.892,0.912,0.4,0.314,0.26,0.842,0.474,0.402;aaaa;
aaaaaa;0.695,0.368,0.164,0.494,0.144,0.343,0.284,0.0359,0.242,0.789;aaaaaaaa;
a;0.286,0.753,0.0846,0.521,0.432,0.3,0.728,0.251,0.968,0.592;aaaaaaa;
aaaa;0.439,0.206,0.355,0.75,0.893,0.0629,0.0255,0.932,0.927,0.7;aaaaaaa;
a;0.0864,0.33,0.465,0.967,0.819,0.32,0.123,0.111,0.26,0.321;aaaaaaaaaa;
aa;0.991,0.757,0.484,0.0482,0.108,0.63,0.703,0.458,0.703,0.102;aaaaaaaaaa;
aaa;0.254,0.111,0.0231,0.0317,0.666,0.98,0.584,0.37,0.778,0.489;aaaaaaaa;
aaaaa;0.296,0.967,0.92,0.282,0.156,0.167,0.563,0.302,0.101,0.71;aa;
aa;0.201,0.43,0.325,0.483,0.512,0.965,0.53,0.405,0.304,0.662;aaaa;
aaaaa;0.463,0.121,0.521,0.0494,0.819,0.437,0.0556,0.0693,0.792,0.992;aaaaaaaa;
aaaaa;0.879,0.616,0.148,0.968,0.327,0.209,0.0173,0.711,0.7,0.776;aaaaaa;
a;0.214,0.589,0.697,0.764,0.286,0.0329,0.457,0.947,0.192,0.197;aaaaa;
aaa;0.892,0.808,0.389,0.0203,0.637,0.661,0.0692,0.116,0.646,0.0782;a;
aaa;0.819,0.345,0.669,0.811,0.393,0.713,0.957,0.147,0.85,0.234;aaaaa;
aaa;0.0599,0.676,0.621,0.245,0.644,0.306,0.862,0.373,0.229,0.593;aa;
aaaa;0.0504,0.117,0.657,0.382,0.965,0.811,0.989,0.918,0.519,0.553;aaaa;
a;0.362,0.249,0.569,0.649,0.848,0.908,0.115,0.22,0.591,0.102;a;
aaa;0.0503,0.127,0.402,0.914,0.675,0.68,0.91,0.321,0.376,0.0191;aaaaaaa;
aa;0.582,0.495,0.242,0.452,0.717,0.245,0.288,0.94,0.0182,0.126;aaaaaaaa;
aa;0.549,0.0706,0.373,0.459,0.46,0.346,0.0208,0.0404,0.982,0.594;aaaaaaaa;
aaa;0.786,0.627,0.827,0.575,0.888,0.74,0.318,0.48,0.838,0.274;aa;
aa;0.903,0.351,0.773,0.38,0.3,0.837,0.439,0.267,0.156,0.348;aaaaaaaaa;
aa;0.739,0.0065,0.98,0.48,0.383,0.456,0.246,0.106,0.78,0.625;aaaaaa;
a;0.999,0.549,0.517,0.304,0.409,0.189,0.389,0.8,0.588,0.984;aaaaaaaaaa;
a;0.133,0.886,0.808,0.812,0.735,0.286,0.0101,0.415,0.0883,0.024;aaaaaaaaaa;
aaaa;0.185,0.418,0.363,0.759,0.35,0.194,0.954,0.292,0.903,0.522;aaaaa;
aaa;0.93,0.346,0.0447,0.128,0.0623,0.385,0.18,0.0273,0.11,0.429;aaaaaaaaaa;
aa;0.768,0.0445,0.0672,0.765,0.341,0.865,0.894,0.26,0.545,0.443;aa;
a;0.984,0.407,0.551,0.32,0.676,0.585,0.732,0.764,0.674,0.327;aaaaaaaaa;
a;0.563,0.342,0.653,0.899,0.352,0.45,0.727,0.561,0.0687,0.0196;aaa;
aaaa;0.969,0.131,0.373,0.937,0.84,0.824,0.844,0.81,0.855,0.324;aaaaaaaaa;
aaaaaa;0.794,0.663,0.658,0.106,0.254,0.388,0.319,0.813,0.592,0.205;a;
aaaa;0.847,0.887,0.141,0.211,0.47,0.55,0.627,0.412,0.137,0.449;a;
aaaaa;0.535,0.476,0.105,0.425,0.444,0.432,0.546,0.731,0.935,0.472;aaaaaaa;
aaaa;0.00585,0.203,0.000827,0.573,0.797,0.931,0.111,0.371,0.642,0.692;aaaaaaaa;
aaaaa;0.196,0.368,0.596,0.512,0.928,0.422,0.258,0.713,0.715,0.937;aaaaaa;
aaaaaa;0.189,0.767,0.425,0.43,0.724,0.398,0.817,0.927,0.628,0.852;aaaaaaa;
aa;0.768,0.882,0.184,0.216,0.4,0.748,0.532,0.641,0.844,0.978;aaaaaa;
aaaaaa;0.111,0.38,0.945,0.111,0.929,0.447,0.264,0.491,0.928,0.517;aaa;
aaaaaa;0.272,0.95,0.47,0.831,0.184,0.937,0.215,0.951,0.842,0.494;aaa;
aaaaaa;0.592,0.242,0.267,0.177,0.72,0.991,0.144,0.863,0.824,0.0863;aaaaa;
aaaaa;0.835,0.684,0.836,0.3,0.319,0.477,0.261,0.384,0.3,0.919;aaaa;
aa;0.641,0.153,0.796,0.435,0.991,0.0793,0.352,0.0841,0.678,0.689;aaaaaaaaa;
aaaa;0.605,0.395,0.291,0.205,0.906,0.557,0.972,0.456,0.563,0.758;aaa;
a;0.245,0.315,0.88,0.858,0.192,0.165,0.484,0.575,0.995,0.89;aaaaaaaa;
aa;0.564,0.0985,0.195,0.587,0.968,0.0486,0.237,0.0175,0.217,0.996;aaaaaaaaa;
a;0.681,0.607,0.3,0.797,0.498,0.55,0.979,0.0608,0.385,0.913;aaaaa;
aaaaaa;0.33,0.208,0.862,0.515,0.223,0.895,0.876,0.304,0.602,0.8;aaaaaaaaaa;
aa;0.921,0.565,0.983,0.44,0.0844,0.253,0.826,0.665,0.212,0.809;aaaaaaaa;
aaa;0.953,0.791,0.703,0.465,0.577,0.072,0.847,0.684,0.997,0.438;aaaaaaa;
aaaaaa;0.0251,0.0386,0.393,0.0214,0.517,0.0943,0.896,0.699,0.766,0.0553;a;
a;0.969,0.331,0.758,0.892,0.145,0.992,0.179,0.423,0.972,0.0822;aa;
aa;0.298,0.772,0.178,0.23,0.129,0.176,0.678,0.551,0.509,0.136;aaa;
aaa;0.606,0.0662,0.373,0.975,0.307,0.515,0.262,0.296,0.964,0.728;aaaaaaa;
aaa;0.157,0.139,0.774,0.357,0.397,0.981,0.553,0.198,0.857,0.177;a;
aaaa;0.683,0.249,0.768,0.799,0.493,0.105,0.201,0.457,0.873,0.329;aaaa;
aaaaa;0.313,0.794,0.901,0.272,0.086,0.331,0.0425,0.37,0.142,0.765;aa;
a;0.593,0.605,0.517,0.317,0.143,0.178,0.868,0.131,0.223,0.196;a;
aaa;0.0589,0.878,0.959,0.818,0.0738,0.571,0.211,0.314,0.563,0.419;aaaaaaaa;
aaa;0.597,0.168,0.215,0.0329,0.184,0.83,0.184,0.853,0.946,0.392;aaaaaaaa;
a;0.142,0.261,0.018,0.523,0.834,0.495,0.0532,0.535,0.439,0.538;aaaaaaaaaa;
aa;0.697,0.32,0.692,0.266,0.366,0.535,0.208,0.952,0.925,0.562;aaaaaaaaa;
aaa;0.302,0.826,0.619,0.735,0.771,0.926,0.155,0.691,0.752,0.628;a;
aa;0.639,0.285,0.392,0.518,0.165,0.412,0.119,0.0139,0.916,0.568;a;
aaaaaa;0.21,0.867,0.781,0.362,0.0679,0.35,0.792,0.909,0.452,0.437;aaaaaaa;
aaaaa;0.15,0.299,0.716,0.555,0.495,0.188,0.514,0.387,0.657,0.631;aaaaaaaaa;
aaaaa;0.888,0.247,0.481,0.192,0.885,0.477,0.442,0.753,0.198,0.36;aaaaa;
aaaaaa;0.558,0.198,0.264,0.387,0.458,0.467,0.816,0.44,0.119,0.931;aaaaaaaaa;
a;0.235,0.662,0.276,0.696,0.372,0.567,0.0931,0.966,0.412,0.968;aaaaaaaaa;
a;0.71,0.389,0.58,0.362,0.246,0.714,0.153,0.362,0.368,0.357;aaaaaa;
a;0.934,0.195,0.0716,0.0532,0.241,0.0752,0.679,0.73,0.161,0.416;aaaaaaaaaa;
aaaaa;0.398,0.941,0.411,0.487,0.404,0.00585,0.878,0.927,0.957,0.708;aaaa;
aaaaa;0.305,0.00699,0.598,0.968,0.694,0.959,0.154,0.974,0.0701,0.0359;aaaaaa;
aaaaa;0.925,0.902,0.22,0.889,0.917,0.383,0.375,0.951,0.2,0.553;aa;
aa;0.564,0.398,0.914,0.304,0.817,0.979,0.504,0.052,0.913,0.441;aaaaaaa;
aaaaaa;0.147,0.0395,0.12,0.677,0.0261,0.796,0.181,0.422,0.517,0.17;aa;
aaaaa;0.362,0.842,0.208,0.282,0.253,0.252,0.781,0.0436,0.778,0.273;aaaaaaaaa;
aaaa;0.617,0.995,0.285,0.976,0.787,0.542,0.423,0.898,0.876,0.62;aaaa;
aaaaaa;0.901,0.328,0.731,0.621,0.24,0.79,0.46,0.435,0.243,0.00025;aaaaaa;
aaaaaa;0.207,0.0512,0.231,0.0149,0.688,0.346,0.869,0.545,0.36,0.603;a;
aaa;0.652,0.516,0.552,0.262,0.642,0.339,0.694,0.863,0.867,0.99;aaaaaaaaa;
aaa;0.515,0.248,0.315,0.41,0.00923,0.87,0.899,0.119,0.183,0.761;aaaaaaaa;
aaaaaa;0.485,0.539,0.359,0.902,0.973,0.204,0.0878,0.161,0.349,0.759;aaaa;
aaa;0.541,0.101,0.981,0.775,0.263,0.134,0.826,0.207,0.423,0.427;aaaaaaa;
aaaaaa;0.161,0.379,0.268,0.916,0.164,0.455,0.806,0.922,0.924,0.184;aaaaaaa;
aaaaaa;0.366,0.566,0.995,0.23,0.00324,0.203,0.102,0.265,0.0717,0.595;aaaaaaaaa;
aa;0.862,0.0209,0.471,0.159,0.422,0.178,0.322,0.378,0.268,0.465;aaaa;
aaa;0.221,0.466,0.829,0.611,0.206,0.865,0.798,0.1,0.571,0.0381;aa;
aaaaa;0.872,0.494,0.306,0.586,0.7,0.654,0.527,0.205,0.719,0.831;aa;
aa;0.398,0.347,0.692,0.993,0.659,0.716,0.357,0.964,0.132,0.173;aaaaa;
aa;0.0257,0.283,0.961,0.679,0.544,0.853,0.816,0.354,0.557,0.469;aaaa;
a;0.144,0.824,0.237,0.307,0.342,0.963,0.456,0.455,0.881,0.385;aaaaaaa;
aaaaa;0.876,0.742,0.906,0.828,0.113,0.697,0.0367,0.952,0.82,0.806;aa;
aaaa;0.93,0.956,0.526,0.203,0.675,0.255,0.0758,0.415,0.142,0.32;aa;
aaaa;0.466,0.325,0.768,0.0611,0.232,0.932,0.617,0.76,0.759,0.888;aa;
aaa;0.0117,0.393,0.503,0.477,0.57,0.188,0.841,0.509,0.314,0.717;aaaaaaaaaa;
aa;0.178,0.754,0.921,0.792,0.742,0.335,0.0553,0.636,0.977,0.035;aaaaa;
aaaaa;0.52,0.723,0.173,0.0326,0.717,0.467,0.788,0.35,0.217,0.255;a;
a;0.277,0.501,0.265,0.669,0.619,0.837,0.822,0.705,0.902,0.394;aaaaaa;
aaaaa;0.438,0.411,0.249,0.741,1,0.982,0.433,0.957,0.447,0.382;aaaaaaaaaa;
aaa;0.806,0.676,0.761,0.426,0.369,0.993,0.955,0.819,0.237,0.538;aa;
aaa;0.298,0.967,0.988,0.331,0.455,0.846,0.466,0.309,0.257,0.728;aaaaa;
aa;0.898,0.448,0.0632,0.0335,0.666,0.6,0.00582,0.15,0.0222,0.725;a;
aaaaa;0.698,0.431,0.57,0.192,0.738,0.283,0.04,0.558,0.159,0.284;aaaaaaaaa;
aaaaaa;0.268,0.942,0.48,0.804,0.532,0.557,0.179,0.649,0.887,0.271;aaaa;
aa;0.547,0.161,0.443,0.993,0.273,0.777,0.382,0.806,0.523,0.791;aaa;
aaaaaa;0.804,0.814,0.174,0.218,0.511,0.0312,0.65,0.582,0.137,0.906;aa;
aaaaa;0.845,0.0391,0.0755,0.358,0.237,0.0943,0.0419,0.714,0.878,0.381;aa;
aa;0.427,0.611,0.384,0.533,0.856,0.708,0.637,0.467,0.102,0.663;aaaaaaaa;
a;0.408,0.135,0.542,0.626,0.551,0.953,0.446,0.375,0.102,0.45;a;
aaaaaa;0.928,0.935,0.378,0.229,0.782,0.509,0.00767,0.131,0.967,0.102;aaaaaa;
aaaa;0.0235,0.916,0.989,0.214,0.734,0.158,0.319,0.356,0.167,0.476;aaaaa;
aaaa;0.0115,0.0316,0.92,0.481,0.975,0.56,0.575,0.826,0.0441,0.943;aaaaa;
aaa;0.744,0.96,0.672,0.849,0.296,0.983,0.0693,0.984,0.573,0.47;aaaaa;
aa;0.526,0.373,0.615,0.254,0.55,0.664,0.917,0.87,0.865,0.494;aaaa;
a;0.538,0.204,0.577,0.186,0.33,0.282,0.855,0.416,0.637,0.529;aaaaaaaa;
aa;0.545,0.781,0.549,0.28,0.0297,0.681,0.362,0.505,0.806,0.695;aaaaa;
a;0.174,0.77,0.32,0.265,0.407,0.987,0.4,0.908,0.471,0.505;aaaa;
aaaaa;0.0603,0.168,0.413,0.397,0.612,0.897,0.369,0.967,0.371,0.363;aaaa;
aaa;0.714,0.52,0.975,0.12,0.737,0.386,0.0412,0.939,0.465,0.375;a;
a;0.22,0.0937,0.0755,0.717,0.72,0.869,0.771,0.65,0.147,0.487;aaaaaaa;
a;0.901,0.384,0.0534,0.882,0.745,0.905,0.567,0.00323,0.52,0.607;aa;
aaaaa;0.16,0.197,0.0587,0.606,0.57,0.4,0.0741,0.561,0.872,0.467;aa;
aa;0.121,0.197,0.211,0.657,0.639,0.232,0.95,0.897,0.209,0.993;aaaaaa;
aa;0.083,0.641,0.427,0.0479,0.0819,0.591,0.597,0.737,0.184,0.524;aaaaaaaaa;
aaaaaa;0.0363,0.164,0.661,0.229,0.691,0.676,0.69,0.569,0.944,0.554;aaaaaaaa;
a;0.605,0.904,0.107,0.704,0.842,0.494,0.0736,0.567,0.226,0.0543;aaaaaa;
aa;0.323,0.864,0.255,0.183,0.755,0.445,0.562,0.446,0.649,0.918;a;
a;0.488,0.223,0.636,0.685,0.578,0.133,0.866,0.0652,0.593,0.372;aaaaaaaa;
aaa;0.0432,0.194,0.836,0.714,0.771,0.0558,0.419,0.0144,0.847,0.497;a;
aaaa;0.365,0.501,0.666,0.0352,0.948,0.32,0.281,0.308,0.0442,0.599;aaaaa;
a;0.404,0.0285,0.693,0.198,0.576,0.133,0.784,0.234,0.661,0.271;aaaaaaa;
aaaaa;0.765,0.207,0.655,0.486,0.481,0.335,0.0107,0.973,0.112,0.107;aaaaaaaa;
aaaaa;0.0887,0.0872,0.336,0.513,0.345,0.813,0.168,0.856,0.868,0.734;aa;
aaaaaa;0.995,0.783,0.562,0.426,0.696,0.199,0.393,0.506,0.298,0.989;aaaaaa;
aa;0.394,0.466,0.915,0.000403,0.509,0.339,0.2,0.539,0.491,0.0264;aaaaa;
aa;0.00243,0.0126,0.0616,0.0117,0.536,0.24,0.0521,0.0811,0.106,0.339;aaaaa;
aaaaa;0.604,0.0434,0.833,0.964,0.152,0.676,0.127,0.553,0.786,0.455;aa;
a;0.607,0.864,0.67,0.676,0.155,0.758,0.326,0.367,0.618,0.263;aaa;
aaa;0.338,0.171,0.248,0.288,0.0819,0.412,0.481,0.532,0.552,0.71;a;
aa;0.644,0.00815,0.635,0.829,0.862,0.0885,0.84,0.201,0.91,0.144;aaaa;
aaaaaa;0.646,0.666,0.203,0.936,0.464,0.896,0.609,0.854,0.552,0.204;aaaaaa;
aaaaa;0.328,0.218,0.947,0.544,0.722,0.999,0.138,0.627,0.795,0.594;aaaaaaa;
aaaa;0.0344,0.377,0.323,0.517,0.0589,0.211,0.423,0.993,0.191,0.664;aaaaaaa;
aaaa;0.31,0.0129,0.0944,0.449,0.115,0.624,0.692,0.803,0.589,0.766;aaaaa;
a;0.616,0.989,0.0563,0.286,0.95,0.961,0.00853,0.892,0.142,0.767;aaa;
aaa;0.445,0.48,0.882,0.745,0.91,0.48,0.841,0.192,0.938,0.123;aaaaaa;
aaaa;0.465,0.966,0.35,0.12,0.0507,0.713,0.943,0.194,0.138,0.239;aa;
aaaaaa;0.543,0.239,0.702,0.649,0.383,0.00313,0.602,0.55,0.567,0.448;aaaaaaaa;
aaaaa;0.48,0.203,0.405,0.7,0.483,0.35,0.444,0.715,0.984,0.797;aaaaa;
aa;0.7,0.643,0.0164,0.424,0.0894,0.117,0.275,0.847,0.944,0.336;aaaa;
aaaa;0.061,0.611,0.918,0.193,0.653,0.104,0.694,0.162,0.852,0.588;aaaaaa;
aaa;0.513,0.843,0.197,0.109,0.354,0.304,0.5,0.664,0.767,0.705;aaaaa;
aaaaaa;0.184,0.588,0.344,0.954,0.389,0.24,0.606,0.486,0.816,0.312;aaaaaaa;
aaaa;0.954,0.156,0.498,0.741,0.993,0.465,0.945,0.678,0.427,0.587;aaa;
aaaa;0.034,0.0273,0.888,0.561,0.277,0.713,0.629,0.682,0.122,0.165;aaaaaa;
aa;0.924,0.623,0.3,0.148,0.188,0.245,0.31,0.107,0.881,0.943;aaaa;
aaa;0.169,0.68,0.361,0.726,0.951,0.941,0.662,0.178,0.214,0.221;aaaaaaaaa;
aa;0.0465,0.178,0.539,0.864,0.0528,0.249,0.471,0.99,0.466,0.228;aaaaaaaa;
aaa;0.473,0.956,0.468,0.786,0.89,0.489,0.142,0.642,0.232,0.165;aaaaaaaaa;
aaaa;0.675,0.582,0.952,0.202,0.285,0.0459,0.537,0.926,0.157,0.98;a;
aaa;0.669,0.827,0.624,0.773,0.0546,0.471,0.114,0.516,0.876,0.154;aaaaa;
a;0.509,0.114,0.0629,0.555,0.388,0.716,0.632,0.343,0.369,0.334;aaaaaa;
aa;0.00591,0.11,0.943,0.487,0.682,0.972,0.21,0.0241,0.0457,0.131;aaaa;
aaaa;0.321,0.744,0.174,0.0154,0.965,0.697,0.59,0.397,0.415,0.00266;aa;
aaaaaa;0.66,0.444,0.549,0.786,0.458,0.559,0.647,0.458,0.883,0.43;aaaaa;
aaaaa;0.616,0.2,0.847,0.259,0.897,0.722,0.263,0.792,0.694,0.864;aaaaaaa;
aaaaaa;0.886,0.568,0.264,0.098,0.834,0.856,0.422,0.0742,0.289,0.781;aa;
aaaaa;0.501,0.594,0.311,0.0568,0.848,0.217,0.739,0.719,0.823,0.517;aaa;
aaaaaa;0.985,0.644,0.935,0.438,0.249,0.56,0.882,0.618,0.821,0.0618;aaaa;
aaaaa;0.241,0.189,0.627,0.424,0.867,0.212,0.479,0.607,0.718,0.879;a;
aaa;0.341,0.786,0.966,0.279,0.808,0.157,0.994,0.703,0.227,0.919;a;
aa;0.0845,0.789,0.797,0.323,0.566,0.645,0.327,0.712,0.869,0.691;aaaaaa;
a;0.676,0.372,0.97,0.766,0.433,0.759,0.243,0.365,0.636,0.925;aaaaaaaaa;
aaaaa;0.746,0.445,0.227,0.568,0.319,0.0887,0.232,0.753,0.943,0.25;aaaa;
aaaa;0.76,0.47,0.31,0.952,0.939,0.527,0.64,0.00192,0.94,0.428;aaaaaaa;
a;0.687,0.744,0.663,0.447,0.034,0.186,0.212,0.918,0.452,0.233;aaaaaaaaaa;
aaa;0.406,0.125,0.93,0.643,0.443,0.0971,0.507,0.907,0.243,0.428;aaaaa;
aaaaaa;0.0384,0.867,0.882,0.627,0.0363,0.731,0.14,0.0517,0.218,0.0181;aaaaa;
a;0.00314,0.414,0.547,0.746,0.917,0.314,0.0372,0.34,0.825,0.236;aaaaaaaaaa;
aa;0.278,0.373,0.647,0.533,0.917,0.254,0.985,0.899,0.177,0.0269;aa;
aaaaa;0.45,0.0354,0.175,0.0163,0.584,0.104,0.717,0.935,0.825,0.668;aaa;
a;0.633,0.403,0.301,0.226,0.745,0.932,0.605,0.784,0.235,0.58;aaaaaaa;
a;0.0599,0.488,0.8,0.418,0.263,0.437,0.602,0.794,0.591,0.406;aaaaa;
aaa;0.867,0.0716,0.166,0.315,0.335,0.439,0.582,0.312,0.0365,0.971;aaaaaaaaaa;
aaaaa;0.242,0.19,0.086,0.838,0.845,0.584,0.129,0.907,0.748,0.469;aaaaaaaaa;
a;0.213,0.489,0.513,0.535,0.762,0.526,0.408,0.0548,0.602,0.574;aa;
aaa;0.954,0.0166,0.784,0.626,0.454,0.358,0.0604,0.571,0.103,0.35;aaaa;
aaaaa;0.426,0.127,0.181,0.869,0.511,0.403,0.297,0.56,0.145,0.0227;aaaaaaaa;
a;0.295,0.491,0.455,0.699,0.0459,0.66,0.461,0.155,0.617,0.0431;aaaaa;
aaa;0.456,0.862,0.473,0.0276,0.588,0.984,0.367,0.835,0.396,0.281;aaaaaaaa;
aaaaaa;0.276,0.821,0.434,0.812,0.998,0.94,0.827,0.192,0.859,0.424;aa;
aaa;0.781,0.0856,0.396,0.331,0.0464,0.89,0.104,0.0477,0.999,0.134;aaaaaa;
aaaaa;0.191,0.185,0.454,0.206,0.48,0.971,0.827,0.905,0.194,0.533;aa;
aaaa;0.174,0.806,0.777,0.859,0.782,0.591,0.299,0.824,0.439,0.422;aaaaaaaa;
aaaaaa;0.138,0.925,0.443,0.987,0.352,0.933,0.655,0.417,0.594,0.152;aaaa;
aaa;0.731,0.844,0.00811,0.282,0.874,0.326,0.115,0.0108,0.683,0.791;aaaaaaaaaa;
a;0.0714,0.689,0.753,0.555,0.853,0.722,0.319,0.891,0.524,0.697;aaaaaaaa;
aaaa;0.597,0.593,0.443,0.621,0.978,0.713,0.43,0.363,0.914,0.527;aaaaa;
aaa;0.734,0.751,0.092,0.303,0.546,0.882,0.47,0.312,0.182,0.108;aa;
aaaa;0.825,0.114,0.893,0.295,0.689,0.728,0.274,0.912,0.0796,0.203;aaaaa;
aa;0.529,0.782,0.823,0.165,0.342,0.876,0.498,0.672,0.284,0.421;aaaaaaaaaa;
a;0.224,0.48,0.294,0.632,0.883,0.888,0.0456,0.539,0.187,0.378;aaaaaaaaaa;
a;0.746,0.839,0.206,0.865,0.214,0.778,0.119,0.641,0.928,0.00882;aaaa;
aa;0.149,0.179,0.547,0.654,0.0489,0.467,0.43,0.207,0.295,0.665;aaaaaaaa;
aaaa;0.371,0.994,0.308,0.433,0.145,0.91,0.0748,0.065,0.729,0.112;aaaaaa;
aaaa;0.778,0.649,0.854,0.838,0.866,0.119,0.422,0.532,0.663,0.0559;a;
aa;0.63,0.885,0.132,0.652,0.185,0.787,0.183,0.393,0.714,0.971;a;
aaaaaa;0.517,0.514,0.156,0.252,0.0733,0.391,0.642,0.954,0.0873,0.386;a;
aaa;0.573,0.928,0.0696,0.341,0.837,0.881,0.726,0.168,0.945,0.149;aaaaaaaaaa;
aaaaa;0.198,0.848,0.0766,0.531,0.596,0.991,0.158,0.282,0.864,0.447;aaaaaa;
aa;0.671,0.6,0.169,0.0341,0.836,0.751,0.562,0.639,0.315,0.758;aaaaaaaa;
aaaaaa;0.604,0.874,0.46,0.832,0.7,0.0881,0.591,0.835,0.23,0.832;aa;
aaaaa;0.179,0.167,0.549,0.486,0.571,0.121,0.777,0.113,0.566,0.218;aaaaaaa;
aaaaaa;0.00743,0.272,0.249,0.41,0.477,0.648,0.727,0.629,0.929,0.564;aaaaaaa;
aaaa;0.366,0.105,0.796,0.0959,0.0976,0.277,0.825,0.83,0.582,0.109;aaaaaaaaaa;
aa;0.439,0.799,0.551,0.184,0.199,0.103,0.758,0.946,0.391,0.661;a;
aaaaa;0.765,0.553,0.667,0.235,0.838,0.702,0.0125,0.306,0.275,0.883;aaaaaaaa;
aaaaa;0.805,0.869,0.99,0.199,0.111,0.12,0.494,0.85,0.837,0.4;a;
aaaaaa;0.997,0.861,0.459,0.756,0.611,0.862,0.0145,0.359,0.703,0.817;aa;
aaa;0.374,0.229,0.884,0.786,0.666,0.407,0.325,0.586,0.434,0.303;aaaaaa;
aaaaa;0.0258,0.498,0.768,0.431,0.881,0.0127,0.618,0.14,0.228,0.735;aa;
aaaaa;0.177,0.861,0.333,0.437,0.507,0.921,0.211,0.608,0.935,0.0982;aaaaaaaaaa;
aaaa;0.213,0.495,0.823,0.548,0.0534,0.782,0.674,0.377,0.0951,0.957;aa;
a;0.968,0.669,0.413,0.249,0.472,0.26,0.281,0.364,0.671,0.709;aaa;
aaaaaa;0.24,0.121,0.898,0.345,0.346,0.896,0.813,0.981,0.316,0.182;aaaaaaaa;
aaaaaa;0.369,0.272,0.0875,0.896,0.919,0.574,0.876,0.331,0.674,0.542;aaaaaaaaa;
aa;0.942,0.792,0.459,0.365,0.279,0.937,0.615,0.337,0.346,0.634;aaaaaaaaa;
aaa;0.701,0.0239,0.0995,0.31,0.354,0.459,0.156,0.254,0.488,0.548;a;
aaaaa;0.294,0.0432,0.855,0.187,0.352,0.618,0.628,0.0418,0.497,0.63;aaaaaaaaa;
a;0.355,0.784,0.195,0.729,0.619,0.743,0.981,0.259,0.567,0.369;aaaaa;
aaaa;0.893,0.3,0.641,0.225,0.00237,0.821,0.704,0.236,0.325,0.168;aaaaa;
aa;0.944,0.729,0.503,0.0403,0.249,0.95,0.117,0.103,0.507,0.0838;aaaaaaaaaa;
aa;0.253,0.975,0.0272,0.247,0.266,0.727,0.918,0.772,0.363,0.672;aaaaaaaaa;
aaaa;0.833,0.0641,0.364,0.27,0.0337,0.767,0.228,0.0902,0.0687,0.163;aaaaaaaaaa;
aaa;0.654,0.618,0.561,0.257,0.929,0.269,0.782,0.0116,0.209,0.869;aaa;
aaa;0.535,0.957,0.266,0.0342,0.529,0.595,0.498,0.502,0.0466,0.0933;aaaaaa;
a;0.781,0.866,0.16,0.769,0.148,0.964,0.394,0.886,0.0456,0.691;a;
aa;0.523,0.0225,0.0525,0.475,0.684,0.27,0.103,0.987,0.91,0.163;aaaaaaaa;
aa;0.784,0.112,0.139,0.702,0.195,0.846,0.127,0.382,0.805,0.525;aaaaa;
aaaaaa;0.603,0.524,0.268,0.175,0.828,0.854,0.219,0.115,0.345,0.252;aaaaa;
aaa;0.979,0.0776,0.525,0.472,0.55,0.471,0.293,0.0273,0.358,0.585;aaaaa;
a;0.916,0.497,0.837,0.885,0.357,0.569,0.394,0.633,0.393,0.114;aaaaaa;
aaaaaa;0.203,0.154,0.488,0.72,0.337,0.715,0.128,0.526,0.419,0.928;aaaaaaa;
a;0.249,0.927,0.0727,0.508,0.474,0.218,0.434,0.104,0.341,0.831;aaaaaaaaaa;
aa;0.02,0.735,0.294,0.274,0.734,0.125,0.0983,0.00345,0.991,0.949;aaaaaaa;
aaaa;0.897,0.174,0.785,0.835,0.464,0.782,0.893,0.47,0.137,0.66;aaaa;
a;0.0404,0.522,0.722,0.475,0.0314,0.574,0.599,0.672,0.124,0.909;aa;
aaaa;0.293,0.119,0.433,0.102,0.877,0.882,0.727,0.935,0.0784,0.12;aaaaaaaaa;
aaaa;0.738,0.688,0.108,0.691,0.369,0.364,0.709,0.443,0.585,0.505;aaaaa;
a;0.0914,0.359,0.227,0.503,0.137,0.109,0.867,0.909,0.0329,0.263;aaaaaaaaaa;
aaaaaa;0.661,0.354,0.401,0.586,0.511,0.146,0.465,0.836,0.281,0.51;aaaaaaa;
aaa;0.305,0.292,0.808,0.371,0.348,0.408,0.549,0.0966,0.667,0.766;aaaaaa;
aaa;0.113,0.45,0.725,0.184,0.155,0.507,0.469,0.331,0.1,0.167;aaaaaaaaaa;
aa;0.21,0.861,0.536,0.289,0.55,0.45,0.0736,0.465,0.36,0.18;aaaaaaaaa;
aaaa;0.317,0.338,0.663,0.248,0.176,0.12,0.548,0.803,0.545,0.141;aaaaaaaaa;
a;0.949,0.208,0.203,0.694,0.457,0.936,0.137,0.612,0.674,0.0671;aaaaaa;
a;0.491,0.0658,0.914,0.00806,0.36,0.762,0.567,0.0508,0.104,0.482;aaaaa;
aaaa;0.187,0.774,0.108,0.946,0.922,0.635,0.558,0.763,0.228,0.585;aaaaaaaa;
aa;0.664,0.254,0.28,0.168,0.281,0.577,0.979,0.91,0.913,0.252;aa;
aaaaa;0.98,0.73,0.0437,0.486,0.111,0.835,0.139,0.725,0.533,0.474;aaaaa;
aaa;0.799,0.112,0.694,0.683,0.547,0.434,0.416,0.52,0.592,0.214;aaaaaaa;
aaaaaa;0.716,0.339,0.763,0.13,0.339,0.159,0.77,0.908,0.474,0.279;aaa;
aaaaa;0.853,0.278,0.233,0.489,0.19,0.573,0.6,0.779,0.967,0.786;a;
aa;0.303,0.761,0.311,0.559,0.553,0.198,0.764,0.676,0.461,0.0126;aaaaaaa;
aaaaa;0.0289,0.488,0.297,0.162,0.254,0.0767,0.59,0.102,0.259,0.429;aa;
aaaa;0.804,0.658,0.908,0.227,0.35,0.921,0.209,0.682,0.455,0.881;aaaaa;
aaaaa;0.479,0.656,0.0344,0.537,0.121,0.352,0.129,0.383,0.661,0.892;aaaaa;
aaaaaa;0.278,0.0032,0.102,0.104,0.87,0.11,0.271,0.831,0.443,0.78;aaaa;
aa;0.0324,0.0632,0.861,0.751,0.574,0.89,0.438,0.22,0.303,0.706;aaaaaaaaaa;
aaaaa;0.292,0.577,0.221,0.934,0.938,0.999,0.21,0.24,0.612,0.0286;a;
aaaaa;0.261,0.947,0.452,0.401,0.0586,0.15,0.823,0.812,0.731,0.14;aaa;
aaaa;0.0298,0.686,0.508,0.659,0.109,0.695,0.0711,0.761,0.904,0.378;aaaaaaa;
aa;0.0518,0.957,0.458,0.786,0.786,0.879,0.326,0.0405,0.668,0.548;aaaaaaaaaa;
aaaaa;0.472,0.741,0.83,0.365,0.928,0.722,0.747,0.112,0.349,0.955;aaaaa;
aaaaaa;0.49,0.233,0.487,0.242,0.829,0.827,0.16,0.75,0.147,0.757;aaaa;
aaaaaa;0.0243,0.8,0.246,0.988,0.75,0.574,0.349,0.589,0.591,0.617;aaa;
a;0.311,0.714,0.376,0.146,0.341,0.896,0.485,0.251,0.407,0.757;aaaaaa;
aaaaa;0.727,0.698,0.991,0.779,0.889,0.532,0.557,0.409,0.505,0.475;aaaaaaaaaa;
aaaa;0.606,0.842,0.3,0.219,0.378,0.582,0.117,0.719,0.832,0.57;aaaaaa;
a;0.835,0.379,0.312,0.919,0.013,0.00574,0.84,0.122,0.29,0.898;aaaaa;
aaaaaa;0.0898,0.131,0.571,0.371,0.447,0.657,0.481,0.455,0.209,0.37;aa;
aaaaaa;0.749,0.753,0.0344,0.162,0.232,0.19,0.535,0.323,0.458,0.284;aaaaaaaa;
aaa;0.564,0.852,0.771,0.607,0.463,0.805,0.624,0.0181,0.341,0.783;aaaaa;
aa;0.344,0.933,0.674,0.0465,0.0104,0.903,0.614,0.96,0.847,0.572;aaaaaaaaaa;
aaaaa;0.692,0.83,0.485,0.257,0.586,0.622,0.128,0.875,0.877,0.425;aaaaaaaaaa;
a;8.07e-05,0.0686,0.209,0.69,0.0411,0.975,0.628,0.327,0.0809,0.179;aaaaaaa;
aa;0.929,0.776,0.584,0.587,0.941,0.919,0.99,0.207,0.212,0.0625;a;
aaaa;0.845,0.00521,0.414,0.24,0.878,0.507,0.351,0.472,0.678,0.812;aaaaa;
aaaa;0.916,0.0505,0.201,0.0945,0.608,0.33,0.235,0.18,0.451,0.869;aaa;
aaaaa;0.386,0.479,0.92,0.2,0.204,0.11,0.351,0.915,0.23,0.995;aaaaaaa;
a;0.223,0.0147,0.962,0.288,0.0057,0.227,0.424,0.0832,0.0358,0.787;aaaaaaa;
aa;0.803,0.461,0.39,0.869,0.4,0.711,0.48,0.529,0.685,0.309;a;
aaa;0.961,0.586,0.529,0.00616,0.681,0.729,0.777,0.476,0.358,0.078;aaaa;
a;0.433,0.912,0.671,0.554,0.0433,0.997,0.0682,0.845,0.549,0.63;aaaaa;
aaaaaa;0.598,0.328,0.226,0.581,0.206,0.865,0.699,0.222,0.851,0.995;aaaaaaaaaa;
aaaa;0.196,0.972,0.44,0.928,0.151,0.587,0.855,0.406,0.6,0.0267;aaaaaaaa;
a;0.365,0.309,0.225,0.0155,0.0766,0.527,0.431,0.238,0.161,0.432;aaaaaaaaaa;
aaaa;0.211,0.319,0.418,0.283,0.00336,0.073,0.848,0.513,0.142,0.965;aa;
aaa;0.675,0.322,0.213,0.654,0.159,0.779,0.402,0.527,0.328,0.684;aaaaaaa;
aa;0.113,0.435,0.842,0.861,0.635,0.585,0.115,0.681,0.308,0.827;aaaaaaaaaa;
aaa;0.744,0.377,0.134,0.0578,0.158,0.294,0.331,0.921,0.1,0.665;aaaaa;
aaaaaa;0.824,0.561,0.207,0.46,0.998,0.517,0.413,0.679,0.773,0.418;aaaaaaaa;
aa;0.402,0.763,0.441,0.162,0.803,0.611,0.544,0.238,0.26,0.0887;aaaaaaaaa;
aa;0.259,0.865,0.831,0.999,0.831,0.704,0.292,0.219,0.522,0.925;aaaaaaaa;
aa;0.544,0.507,0.706,0.781,0.259,0.365,0.189,0.294,0.27,0.762;aa;
aaaa;0.482,0.507,0.879,0.286,0.993,0.508,0.497,0.712,0.0891,0.343;a;
aa;0.58,0.872,0.0865,0.112,0.92,0.468,0.9,0.0207,0.922,0.474;a;
aaa;0.284,0.0238,0.887,0.683,0.332,0.689,0.398,0.248,0.0269,0.508;aaaaaa;
a;0.766,0.268,0.842,0.375,0.843,0.554,0.932,0.475,0.128,0.612;aaaaa;
aaaaa;0.693,0.574,0.171,0.407,0.819,0.389,0.507,0.62,0.322,0.657;aaaaa;
a;0.203,0.391,0.478,0.152,0.199,0.737,0.318,0.963,0.146,0.245;aaaaaaa;
a;0.994,0.905,0.173,0.00361,0.219,0.297,0.493,0.387,0.729,0.419;aaaaaaaaa;
aaa;0.789,0.656,0.75,0.457,0.683,0.666,0.0753,0.607,0.778,0.19;aaaaaa;
a;0.362,0.618,0.652,0.164,0.358,0.659,0.413,0.982,0.179,0.36;aaaaaaa;
aaaa;0.295,0.52,0.758,0.00552,0.285,0.0857,0.843,0.81,0.837,0.468;aaaaaaaaa;
a;0.792,0.242,0.145,0.0317,0.876,0.74,0.458,0.915,0.386,0.164;a;
aa;0.789,0.351,0.329,0.908,0.0671,0.6,0.51,0.911,0.281,0.7;aaaaaaaaa;
a;0.402,0.675,0.545,0.504,0.896,0.487,0.734,0.231,0.521,0.737;aaaaaaaaaa;
aaaa;0.0108,0.331,0.476,0.239,0.64,0.657,0.229,0.56,0.822,0.238;aaaaaaaaaa;
aaa;0.808,0.753,0.865,0.783,0.312,0.816,0.461,0.494,0.795,0.34;aaaaaaaaaa;
aaaaaa;0.604,0.888,0.381,0.224,0.208,0.797,0.543,0.778,0.17,0.962;aaaaaaaaaa;
aaaaa;0.111,0.844,0.434,0.107,0.828,0.603,0.343,0.553,0.507,0.892;aaaaa;
aaaaaa;0.538,0.482,0.484,0.804,0.202,0.855,0.356,0.0149,0.51,0.37;aa;
aaaaa;0.981,0.893,0.0269,0.447,0.682,0.0368,0.229,0.697,0.227,0.839;aaaa;
aaaa;0.591,0.19,0.524,0.746,0.652,0.277,0.038,0.571,0.881,0.992;aaaaa;
aaaa;0.423,0.17,0.729,0.743,0.347,0.756,0.888,0.16,0.249,0.205;aaaaaaaaaa;
aaaaaa;0.0334,0.000545,0.919,0.78,0.526,0.944,0.52,0.424,0.381,0.643;aaaaaa;
aaa;0.503,0.783,0.871,0.433,0.397,0.265,0.714,0.397,0.234,0.0425;aa;
aaaa;0.299,0.952,0.137,0.725,0.0815,0.227,0.667,0.442,0.68,0.895;aaaa;
aa;0.0207,0.604,0.483,0.739,0.644,0.719,0.671,0.951,0.246,0.0498;aaaaaa;
aaaaa;0.663,0.393,0.959,0.37,0.168,0.553,0.286,0.365,0.158,0.914;aaaaaaa;
aaaaaa;0.109,0.424,0.11,0.144,0.54,0.155,0.142,0.412,0.897,0.485;aaaaaaaa;
a;0.993,0.787,0.919,0.582,0.058,0.83,0.711,0.579,0.148,0.0113;aaaaaaaaaa;
a;0.67,0.6,0.259,0.153,0.955,0.0838,0.0406,0.00762,0.911,0.226;aa;
aaaa;0.901,0.851,0.657,0.174,0.0942,0.82,0.785,0.719,0.414,0.929;aaaaaaa;
a;0.483,0.946,0.448,0.462,0.303,0.237,0.751,0.203,0.279,0.971;a;
aa;0.543,0.726,0.909,0.511,0.338,0.615,0.849,0.861,0.297,0.0148;a;
aa;0.906,0.482,0.0781,0.69,0.646,0.354,0.613,0.0739,0.911,0.201;aaaaa;
aa;0.517,0.117,0.478,0.0896,0.766,0.206,0.648,0.488,0.000107,0.918;aaaaaaaaa;
aaaaaa;0.991,0.527,0.874,0.979,0.552,0.798,0.699,0.842,0.756,0.213;aaaaaaaaaa;
aaa;0.294,0.196,0.248,0.751,0.494,0.718,0.955,0.00744,0.728,0.634;aaaaaaa;
aa;0.534,0.517,0.283,0.104,0.174,0.813,0.0593,0.439,0.423,0.913;aaaa;
a;0.99,0.346,0.722,0.723,0.869,0.839,0.362,0.952,0.256,0.447;aaaaaaaa;
aaaaa;0.974,0.203,0.751,0.0264,0.863,0.502,0.791,0.26,0.326,0.238;aa;
a;0.153,0.509,0.785,0.781,0.104,0.246,0.116,0.948,0.9,0.354;aaaaaaa;
aaa;0.817,0.834,0.0065,0.768,0.0336,0.162,0.517,0.241,0.0808,0.445;aaa;
aaaaa;0.744,0.604,0.927,0.915,0.627,0.596,0.523,0.884,0.0368,0.97;aaaaa;
aaa;0.143,0.602,0.296,0.495,0.295,0.189,0.65,0.0297,0.383,0.664;aaaaa;
aa;0.638,0.811,0.00113,0.41,0.0909,0.885,0.353,0.205,0.207,0.377;aaaaaa;
a;0.35,0.851,0.459,0.0889,0.413,0.476,0.986,0.27,0.761,0.855;aa;
a;0.812,0.397,0.438,0.607,0.538,0.263,0.936,0.754,0.202,0.0621;aaa;
a;0.741,0.414,0.368,0.447,0.968,0.718,0.633,0.614,0.0136,0.562;aaaaaaaa;
a;0.782,0.704,0.552,0.0244,0.983,0.617,0.618,0.248,0.183,0.231;aaaaaa;
a;0.175,0.908,0.762,0.463,0.946,0.868,0.492,0.348,0.564,0.0639;aaaaaaaaaa;
a;0.687,0.0277,0.243,0.278,0.585,0.518,0.956,0.804,0.99,0.241;aaaa;
aaaa;0.134,0.895,0.492,0.0155,0.0642,0.00788,0.651,0.828,0.516,0.77;aaaaa;
aaa;0.637,0.699,0.339,0.475,0.0234,0.83,0.607,0.986,0.777,0.433;aaaa;
aa;0.391,0.447,0.726,0.478,0.369,0.441,0.62,0.246,0.197,0.0648;a;
aaaa;0.519,0.712,0.761,0.79,0.125,0.11,0.0365,0.0873,0.963,0.453;aaaaa;
aaaa;0.343,0.58,0.64,0.02,0.374,0.905,0.171,0.683,0.323,0.883;aaa;
a;0.794,0.765,0.055,0.8,0.447,0.938,0.591,0.568,0.172,0.421;a;
aaaaa;0.0561,0.101,0.491,0.259,0.276,0.324,0.954,0.0324,0.739,0.391;aa;
aaaa;0.547,0.727,0.478,0.371,0.952,0.562,0.782,0.45,0.318,0.457;aaaaaaa;
aaa;0.93,0.996,0.644,0.393,0.158,0.299,0.725,0.552,0.111,0.245;aaaaa;
aaaaaa;0.815,0.0921,0.391,0.789,0.845,0.021,0.521,0.755,0.0267,0.763;aaaa;
aaaaaa;0.577,0.529,0.00853,0.0811,0.337,0.262,0.49,0.201,0.477,0.277;aaa;
aaaaaa;0.697,0.855,0.871,0.744,0.445,0.12,0.525,0.267,0.611,0.531;aaaaa;
aaaaa;0.919,0.671,0.715,0.445,0.385,0.56,0.909,0.759,0.853,0.253;aa;
aaaaa;0.616,0.455,0.55,0.668,0.188,0.657,0.754,0.517,0.325,0.672;aaaaaaaaaa;
aaaa;0.732,0.295,0.57,0.2,0.634,0.229,0.221,0.632,0.261,0.209;aaaaa;
aa;0.414,0.664,0.504,0.2,0.518,0.425,0.899,0.0756,0.853,0.0239;a;
aaa;0.369,0.143,0.165,0.458,0.531,0.927,0.439,0.214,0.386,0.145;aaaaaaa;
aaaaaa;0.99,0.566,0.653,0.268,0.235,0.176,0.536,0.541,0.0581,0.169;aaaaaaa;
aa;0.583,0.206,0.827,0.541,0.416,0.923,0.792,0.169,0.0638,0.478;aaaaaaaaa;
a;0.407,0.489,0.693,0.148,0.451,0.139,0.913,0.235,0.653,0.618;a;
aaaaaa;0.782,0.155,0.539,0.479,1,0.78,0.924,0.298,0.0261,0.964;aaaaaaa;
aaaa;0.349,0.615,0.814,0.771,0.8,0.873,0.362,0.0688,0.344,0.139;aaaaaaaaaa;
aa;0.729,0.111,0.29,0.692,0.329,0.716,0.154,0.235,0.159,0.417;aa;
a;0.183,0.533,0.409,0.507,0.219,0.163,0.389,0.915,0.574,0.182;aa;
aaaaa;0.98,0.296,0.309,0.526,0.266,0.742,0.215,0.842,0.298,0.787;aaaaaaaaaa;
aaa;0.288,0.514,0.748,0.656,0.342,0.188,0.457,0.496,0.762,0.536;aaa;
aaaa;0.979,0.0132,0.288,0.425,0.956,0.686,0.166,0.337,0.584,0.504;aaaaaaaaa;
aaaaaa;0.679,0.404,0.479,0.443,0.341,0.919,0.249,0.96,0.402,0.314;aaaa;
aaaaaa;0.543,0.8,0.688,0.923,0.532,0.412,0.947,0.0433,0.109,0.973;a;
aaaa;0.403,0.125,0.795,0.617,0.449,0.0632,0.213,0.47,0.124,0.534;aaaaaa;
aaaaaa;0.674,0.0756,0.678,0.839,0.48,0.417,0.41,0.994,0.462,0.00789;aaaaaaa;
aaa;0.856,0.358,0.799,0.73,0.0779,0.564,0.371,0.277,0.67,0.425;aaaaaaaa;
aaaaaa;0.128,0.707,0.795,0.349,0.575,0.579,0.191,0.853,0.622,0.35;aaaaa;
aaaa;0.621,0.779,0.171,0.908,0.396,0.15,0.683,0.574,0.749,0.753;aaaa;
aaaaaa;0.591,0.844,0.379,0.303,0.853,0.638,0.188,0.989,0.583,0.987;aaaaaa;
aaaaa;0.89,0.467,0.938,0.875,0.295,0.336,0.424,0.65,0.626,0.841;aaaaaaaa;
a;0.438,0.827,0.582,0.656,0.194,0.389,0.475,0.525,0.691,0.165;aaa;
aaaa;0.567,0.393,0.876,0.858,0.124,0.442,0.662,0.199,0.225,0.797;aaaaaaaaa;
aaaaaa;0.692,0.0075,0.921,0.71,0.883,0.0419,0.824,0.667,0.591,0.49;aaaaaaa;
aa;0.645,0.391,0.763,0.125,0.179,0.531,0.558,0.92,0.941,0.656;a;
aaa;0.233,0.916,0.0961,0.279,0.199,0.335,0.0525,0.558,0.965,0.176;aaaaaa;
aaaaa;0.237,0.337,0.0916,0.877,0.455,0.998,0.942,0.315,0.901,0.882;a;
aaa;0.617,0.279,0.018,0.858,0.296,0.535,0.0828,0.868,0.992,0.487;a;
a;0.915,0.108,0.178,0.656,0.642,0.227,0.233,0.849,0.104,0.44;aa;
aa;0.801,0.179,0.925,0.909,0.816,0.0464,0.13,0.363,0.0848,0.882;aaaaaa;
aaaaa;0.686,0.882,0.175,0.697,0.322,0.774,0.982,0.277,0.472,0.467;aaaaaaa;
aaaaa;0.251,0.177,0.24,0.937,0.748,0.0823,0.685,0.161,0.822,0.826;aaaaaaaa;
aaaa;0.847,0.376,0.768,0.344,0.0089,0.298,0.0622,0.836,0.723,0.473;aaaaaaa;
aa;0.942,0.0537,0.336,0.721,0.638,0.177,0.567,0.921,0.56,0.414;aaaaaa;
aa;0.128,0.673,0.683,0.821,0.242,0.923,0.318,0.727,0.578,0.368;aaaaaa;
aa;0.969,0.614,0.108,0.809,0.0701,0.811,0.785,0.56,0.862,0.876;aaaaaaaaa;
aaaaaa;0.0252,0.563,0.106,0.148,0.9,0.274,0.0869,0.537,0.18,0.226;a;
aaa;0.371,0.901,0.793,0.831,0.631,0.529,0.324,0.535,0.0699,0.928;aaaaaaa;
aaaaaa;0.297,0.709,0.152,0.351,0.568,0.922,0.149,0.299,0.291,0.118;aaa;
aa;0.507,0.87,0.27,0.437,0.0651,0.522,0.287,0.388,0.659,0.235;aaaa;
aa;0.86,0.291,0.887,0.851,0.0283,0.485,0.991,0.817,0.474,0.29;aaaaaaaaa;
aa;0.429,0.378,0.188,0.364,0.863,0.328,0.61,0.643,0.717,0.559;aaaa;
a;0.332,0.217,0.502,0.819,0.121,0.797,0.358,0.0572,0.388,0.487;aaaaaaaaa;
aaaaaa;0.102,0.324,0.578,0.327,0.664,0.219,0.808,0.815,0.345,0.348;aaaaaaaaaa;
aa;0.281,0.377,0.944,0.57,0.0223,0.131,0.838,0.655,0.957,0.588;aa;
aaaa;0.939,0.407,0.919,0.244,0.86,0.818,0.48,0.804,0.351,0.721;aaaaaaa;
aa;0.841,0.318,0.718,0.747,0.648,0.771,0.875,0.135,0.268,0.141;aaaaaaaa;
aaa;0.572,0.0502,0.601,0.745,0.301,0.98,0.63,0.615,0.524,0.174;aaaaaaaaa;
aa;0.748,0.891,0.0355,0.789,0.0977,0.7,0.473,0.349,0.503,0.486;aaaaaaa;
aaaaaa;0.527,0.448,0.369,0.478,0.645,0.26,0.111,0.043,0.0855,0.13;aaaaaaaa;
aaaaa;0.709,0.985,0.166,0.274,0.878,0.326,0.0796,0.714,0.992,0.355;a;
aaa;0.787,0.4,0.4,0.203,0.186,0.663,0.395,0.696,0.494,0.678;aaa;
a;0.181,0.956,0.504,0.434,0.947,0.308,0.102,0.907,0.67,0.995;aaaaaa;
aaaa;0.216,0.424,0.492,0.317,0.635,0.0889,0.199,0.29,0.413,0.983;a;
a;0.371,0.811,0.962,0.632,0.57,0.164,0.326,0.385,0.463,0.942;aaaaaaaa;
aa;0.401,0.642,0.762,0.888,0.875,0.166,0.282,0.381,0.0619,0.955;aaa;
a;0.966,0.516,0.656,0.109,0.888,0.275,0.917,0.184,0.338,0.212;aa;
aa;0.673,0.443,0.461,0.616,0.887,0.243,0.118,0.457,0.923,0.355;aa;
aaaaa;0.216,0.619,0.416,0.531,0.878,0.581,0.576,0.588,0.617,0.803;aaaaa;
aa;0.00219,0.8,0.972,0.711,0.00714,0.0488,0.183,0.985,0.654,0.0712;aaaaaaa;
aaa;0.456,0.364,0.0366,0.617,0.208,0.291,0.0472,0.875,0.525,0.51;aaaaaaaaa;
aaaa;0.861,0.164,0.489,0.17,0.856,0.903,0.292,0.971,0.88,0.991;aaaaaaa;
a;0.813,0.489,0.203,0.123,0.11,0.532,0.324,0.123,0.869,0.195;aaaaa;
aa;0.611,0.0391,0.0115,0.913,0.298,0.905,0.837,0.562,0.555,0.0834;a;
aaa;0.204,0.592,0.197,0.0984,0.0212,0.058,0.502,0.0693,0.421,0.852;aaaaaaaaaa;
aaaaa;0.539,0.718,0.635,0.16,0.997,0.14,0.591,0.341,0.682,0.109;aaaaaaaaa;
a;0.609,0.415,0.805,0.586,0.348,0.471,0.54,0.918,0.845,0.848;aaaaaaaa;
a;0.514,0.155,0.0482,0.458,0.53,0.341,0.96,0.989,0.367,0.531;aaaaaaaaa;
aa;0.482,0.465,0.317,0.931,0.694,0.803,0.478,0.00574,0.956,0.37;aaaaaaa;
aa;0.239,0.412,0.563,0.131,0.894,0.743,0.442,0.364,0.393,0.387;aaaaaa;
aa;0.303,0.489,0.205,0.346,0.91,0.00128,0.565,0.364,0.388,0.569;aaaaaaaaa;
aaaa;0.583,0.472,0.911,0.561,0.898,0.595,0.572,0.426,0.926,0.109;aaaaa;
aaaa;0.291,0.714,0.847,0.152,0.0287,0.373,0.422,0.209,0.332,0.852;aaaaaa;
aaaa;0.805,0.996,0.73,0.233,0.92,0.0301,0.189,0.263,0.0863,0.764;aaaaaaaaa;
aaa;0.0067,0.277,0.833,0.328,0.0616,0.204,0.259,0.236,0.903,0.309;aaaaa;
a;0.644,0.367,0.544,0.851,0.875,0.729,0.495,0.353,0.47,0.886;aaaaa;
a;0.337,0.748,0.39,0.867,0.39,0.543,0.144,0.0431,0.188,0.853;aa;
a;0.196,0.509,0.454,0.705,0.549,0.476,0.0711,0.656,0.736,0.363;aaaaaa;
a;0.427,0.0245,0.34,0.0279,0.402,0.594,0.167,0.735,0.114,0.0219;aaa;
aaaa;0.339,0.711,0.0729,0.0525,0.782,0.435,0.0225,0.19,0.388,0.493;aaaa;
aaaaa;0.664,0.498,0.927,0.31,0.938,0.581,0.832,0.0233,0.0849,0.475;aaaaaaaaa;
aaaaaa;0.2,0.252,0.325,0.152,0.795,0.688,0.129,0.381,0.787,0.393;aa;
aaaaaa;0.812,0.206,0.405,0.826,0.557,0.711,0.925,0.538,0.211,0.259;a;
aa;0.806,0.103,0.0552,0.641,0.248,0.973,0.181,0.466,0.00471,0.779;aaaaaaa;
aaaaa;0.649,0.216,0.682,0.162,0.886,0.684,0.82,0.993,0.494,0.422;aaa;
aaaa;0.308,0.388,0.868,0.174,0.0328,0.917,0.56,0.397,0.0527,0.687;aaaaaaaaaa;
aaaaaa;0.921,0.382,0.0531,0.251,0.565,0.743,0.051,0.336,0.998,0.123;aaaaaaa;
aa;0.372,0.358,0.403,0.257,0.392,0.152,0.865,0.194,0.0165,0.835;aaaaa;
aaaaa;0.453,0.598,0.446,0.532,0.396,0.0183,0.463,0.266,0.931,0.991;aaaaaaaaa;
aaaaa;0.602,0.767,0.311,0.77,0.578,0.484,0.356,0.08,0.29,0.827;aaaaaa;
aaaaa;0.621,0.924,0.316,0.771,0.136,0.541,0.849,0.186,0.318,0.757;a;
aaaa;0.632,0.51,0.633,0.0263,0.309,0.361,0.928,0.246,0.539,0.537;aaaaaaaaaa;
aa;0.796,0.0094,0.146,0.0301,0.702,0.794,0.0306,0.536,0.243,0.245;aaaaa;
aaa;0.718,0.472,0.91,0.827,0.724,0.291,0.151,0.668,0.574,0.0799;a;
aaaaaa;0.672,0.48,0.996,0.428,0.183,0.927,0.175,0.205,0.692,0.916;aa;
aa;0.346,0.138,0.947,0.682,0.825,0.693,0.259,0.788,0.249,0.241;aaaaaaaaaa;
aaaaaa;0.201,0.173,0.0317,0.49,0.94,0.433,0.408,0.987,0.201,0.837;aaaaaa;
aaaa;0.927,0.903,0.891,0.553,0.635,0.787,0.293,0.499,0.6,0.371;aaaaa;
a;0.897,0.594,0.00322,0.0947,0.63,0.406,0.121,0.283,0.142,0.415;aaaaa;
aaa;0.238,0.748,0.245,0.184,0.41,0.33,0.491,0.419,0.375,0.244;aaaaaa;
aaaaaa;0.32,0.909,0.963,0.0805,0.889,0.181,0.805,0.74,0.0193,0.44;aaaaaa;
aaaa;0.00359,0.883,0.555,0.0143,0.16,0.538,0.635,0.013,0.861,0.477;aa;
aaaa;0.438,0.105,0.652,0.722,0.761,0.257,0.496,0.0207,0.562,0.107;aaaaaaa;
aaaaa;0.888,0.978,0.876,0.104,0.0336,0.653,0.956,0.0551,0.593,0.431;aaaaaaa;
aaaaaa;0.922,0.97,0.0162,0.357,0.159,0.595,0.535,0.585,0.115,0.46;aaaaaaaaaa;
aaaaa;0.0165,0.89,0.0273,0.594,0.549,0.0245,0.0466,0.00541,0.482,0.858;aaaaaa;
a;0.959,0.0817,0.999,0.439,0.574,0.886,0.854,0.517,0.402,0.68;aaaaa;
aaa;0.0176,0.812,0.652,0.628,0.416,0.345,0.553,0.59,0.459,0.387;aaaaa;
aaaa;0.582,0.929,0.464,0.616,0.365,0.908,0.947,0.244,0.231,0.712;aaaaaaaaa;
a;0.329,0.43,0.704,0.949,0.835,0.77,0.853,0.00861,0.332,0.834;aaaaaa;
aaaaaa;0.188,0.375,0.583,0.128,0.381,0.58,0.529,0.652,0.282,0.183;a;
aaa;0.189,0.996,0.747,0.271,0.588,0.918,0.428,0.712,0.53,0.705;aaaaaaaa;
aaa;0.375,0.154,0.834,0.774,0.201,0.288,0.0404,0.54,0.619,0.437;aaaaa;
aaaa;0.277,0.747,0.531,0.352,0.0122,0.527,0.363,0.385,0.371,0.797;a;
aaaa;0.562,0.612,0.252,0.376,0.455,0.257,0.122,0.377,0.266,0.966;aaaaaa;
aa;0.379,0.104,0.69,0.852,0.691,0.508,0.643,0.797,0.852,0.854;aaaa;
aaaa;0.383,0.445,0.531,0.154,0.834,0.853,0.825,0.914,0.594,0.877;aa;
a;0.852,0.561,0.584,0.173,0.46,0.196,0.91,0.341,0.875,0.0626;aa;
aa;0.563,0.229,0.345,0.262,0.493,0.366,0.577,0.732,0.585,0.415;aaaaaa;
aaaaaa;0.156,0.286,0.947,0.666,0.89,0.784,0.856,0.681,0.256,0.425;aaa;
aaa;0.31,0.504,0.692,0.927,0.0907,0.92,0.229,0.308,0.419,0.837;aa;
aaaaa;0.0494,0.341,0.348,0.695,0.035,0.61,0.183,0.496,0.997,0.108;aa;
aaaa;0.34,0.394,0.549,0.514,0.109,0.748,0.673,0.909,0.248,0.775;aaaaaaaaaa;
aaaa;0.0236,0.232,0.736,0.749,0.984,0.374,0.692,0.636,0.981,0.984;aaaa;
aaaa;0.696,0.992,0.531,0.882,0.0407,0.225,0.809,0.119,0.693,0.213;a;
aaa;0.0273,0.286,0.802,0.912,0.826,0.886,0.446,0.953,0.641,0.775;aaaaaaaaaa;
a;0.844,0.339,0.709,0.879,0.00171,0.934,0.687,0.423,0.851,0.567;aaaaaa;
aa;0.836,0.249,0.454,0.805,0.309,0.142,0.737,0.564,0.343,0.516;aaaaaaaaa;
aaaaa;0.0534,0.228,0.829,0.469,0.849,0.744,0.254,0.9,0.698,0.69;a;
aa;0.748,0.398,0.281,0.894,0.742,0.127,0.148,0.0226,0.673,0.482;aaaaaaaa;
aaaaa;0.744,0.55,0.172,0.423,0.577,0.312,0.859,0.0386,0.019,0.97;aaaa;
aaaaa;0.311,0.0451,0.503,0.196,0.915,0.0755,0.286,0.0699,0.577,0.405;aaaaaa;
aaaa;0.218,0.695,0.655,0.062,0.904,0.547,0.122,0.765,0.509,0.0896;aaaaaaa;
aaa;0.00334,0.765,0.694,0.751,0.449,0.36,0.249,0.354,0.0832,0.526;aaaa;
aaaaaa;0.986,0.974,0.677,0.473,0.157,0.0313,0.546,0.361,0.951,0.464;aa;
aaaaaa;0.366,0.557,0.408,0.507,0.76,0.4,0.372,0.652,0.685,0.473;aaaaaaa;
aaaaa;0.53,0.671,0.0885,0.646,0.341,0.245,0.791,0.688,0.0246,0.51;aaaaaaa;
aaaa;0.129,0.311,0.876,0.0769,0.628,0.0364,0.329,0.6,0.625,0.978;aaaaaaaa;
aaaaaa;0.0963,0.401,0.743,0.205,0.169,0.128,0.256,0.883,0.867,0.12;a;
aaaaa;0.488,0.293,0.511,0.767,0.117,0.79,0.611,0.754,0.582,0.0643;aaaaaaaaa;
aaaa;0.607,0.377,0.638,0.00775,0.725,0.485,0.294,0.12,0.263,0.119;aaaaaaa;
a;0.235,0.369,0.611,0.432,0.0135,0.722,0.405,0.86,0.548,0.969;aaaa;
aaaaa;0.943,0.334,0.455,0.729,0.123,0.0253,0.974,0.824,0.931,0.48;aaaaaa;
aaa;0.314,0.53,0.95,0.453,0.636,0.674,0.951,0.0884,0.0368,0.848;aaaaaaa;
a;0.801,0.371,0.978,0.968,0.0221,0.71,0.171,0.667,0.58,0.79;aaaaaaaaaa;
aaaaaa;0.609,0.166,0.715,0.635,0.633,0.587,0.58,0.182,0.0316,0.227;aaa;
aaa;0.242,0.137,0.149,0.87,0.827,0.187,0.000683,0.606,0.163,0.171;aaaaa;
aaaa;0.958,0.345,0.666,0.699,0.603,0.128,0.376,0.335,0.337,0.0793;aaaaaaaa;
aaaaaa;0.0579,0.732,0.962,0.932,0.352,0.486,0.115,0.414,0.545,0.401;a;
aa;0.431,0.686,0.143,0.808,0.0799,0.318,0.618,0.117,0.388,0.472;aa;
aaa;0.584,0.827,0.795,0.828,0.71,0.636,0.83,0.462,0.79,0.235;aaaaa;
aaaaaa;0.365,0.935,0.0113,0.747,0.716,0.651,0.253,0.346,0.664,0.589;aaaaaaaaaa;
aa;0.661,0.0628,0.974,0.366,0.933,0.593,0.337,0.953,0.168,0.033;aaaaaaa;
aa;0.685,0.81,0.852,0.66,0.532,0.55,0.34,0.191,0.404,0.0731;a;
aaaaa;0.51,0.256,0.529,0.195,0.154,0.0656,0.717,0.682,0.62,0.534;aaaa;
aaa;0.673,0.879,0.491,0.848,0.925,0.943,0.677,0.952,0.172,0.292;aaaa;
aaaa;0.943,0.243,0.537,0.248,0.6,0.828,0.747,0.543,0.935,0.448;aaaa;
a;0.0152,0.472,0.0803,0.13,0.563,0.571,0.253,0.0883,0.798,0.641;aaaaaaaa;
a;0.796,0.988,0.183,0.819,0.326,0.0637,0.65,0.631,0.409,0.26;aaaaaa;
aaa;0.939,0.787,0.534,0.159,0.855,0.87,0.00111,0.0563,0.704,0.733;aaaaaaaaaa;
aa;0.132,0.669,0.569,0.452,0.789,0.715,0.00567,0.826,0.885,0.0183;aaaaaa;
aaa;0.874,0.167,0.828,0.76,0.231,0.727,0.25,0.555,0.937,0.0213;aaaaaaaa;
aaaaaa;0.728,0.812,0.0915,0.759,0.721,0.793,0.258,0.16,0.479,0.0325;aaaaaa;
a;0.841,0.76,0.524,0.934,0.618,0.83,0.0737,0.0816,0.281,0.507;aaaaaaaaa;
a;0.498,0.513,0.0874,0.466,0.429,0.68,0.123,0.203,0.258,0.868;aaaaaaa;
aa;0.101,0.597,0.765,0.988,0.402,0.197,0.866,0.785,0.637,0.416;aaaaaaaa;
aaaa;0.42,0.788,0.947,0.57,0.885,0.745,0.691,0.445,0.0784,0.438;aaaaa;
aaaa;0.918,0.0684,0.794,0.281,0.0621,0.52,0.0584,0.405,0.923,0.412;aaaaa;
a;0.959,0.546,0.783,0.0326,0.0504,0.431,0.241,0.514,0.424,0.469;aaaaaaaa;
aaaa;0.862,0.799,0.646,0.149,0.725,0.326,0.613,0.321,0.944,0.624;aaaaa;
aa;0.0368,0.388,0.0773,0.195,0.588,0.208,0.371,0.448,0.614,0.0689;aaaaaa;
aa;0.0448,0.716,0.611,0.705,0.706,0.387,0.812,0.389,0.0553,0.386;aaaa;
a;0.625,0.626,0.482,0.395,0.832,0.777,0.548,0.891,0.718,0.161;aaaaaaaaa;
aaaaa;0.746,0.827,0.664,0.694,0.611,0.348,0.0607,0.978,0.619,0.79;aaaaaaa;
a;0.6,0.667,0.194,0.423,0.836,0.992,0.763,0.969,0.619,0.197;aaaa;
aaaaaa;0.269,0.979,0.309,0.301,0.646,0.917,0.932,0.674,0.639,0.681;aa;
aaaa;0.945,0.993,0.45,0.558,0.768,0.526,0.171,0.462,0.531,0.225;aaaa;
aa;0.688,0.0498,0.192,0.769,0.277,0.468,0.683,0.438,0.443,0.494;aaaaaaa;
a;0.247,0.583,0.0618,0.443,0.709,0.905,0.988,0.54,0.208,0.132;aaaaaa;
aaaaa;0.116,0.385,0.89,0.192,0.89,0.12,0.681,0.0806,0.803,0.668;aaaaaaaa;
aaaaa;0.205,0.787,0.97,0.205,0.759,0.0153,0.774,0.679,0.892,0.706;aa;
aa;0.0488,0.95,0.626,0.446,0.835,0.344,0.471,0.588,0.0146,0.387;aaaaaaa;
aa;0.0779,0.903,0.222,0.802,0.867,0.337,0.494,0.676,0.464,0.054;aaaaa;
aaaaaa;0.678,0.58,0.342,0.909,0.626,0.719,0.831,0.56,0.499,0.828;aaaaaaa;
aaa;0.746,0.332,0.142,0.916,0.0059,0.907,0.558,0.252,0.581,0.0779;aaaaaaaa;
aaaaaa;0.488,0.202,0.107,0.107,0.601,0.0502,0.862,0.906,0.63,0.238;aaaa;
a;0.651,0.987,0.449,0.664,0.792,0.242,0.332,0.745,0.647,0.913;aaaaaaaaaa;
aaa;0.559,0.0291,0.308,0.576,0.195,0.526,0.0503,0.13,0.695,0.448;aaaaaaaaa;
aaaaaa;0.991,0.895,0.0833,0.615,0.367,0.163,0.964,0.288,0.187,0.458;aaaaaa;
aaaaaa;0.383,0.23,0.612,0.155,0.893,0.683,0.36,0.981,0.554,0.284;aaaaaa;
aa;0.452,0.764,0.255,0.142,0.131,0.272,0.0239,0.572,0.739,0.81;aaaaaaaaaa;
aaaaa;0.858,0.405,0.3,0.535,0.701,0.152,0.227,0.37,0.115,0.0826;aaaaaaa;
a;0.315,0.747,0.245,0.0172,0.0892,0.603,0.533,0.409,0.428,0.309;aaaaaaaa;
aaaa;0.999,0.833,0.931,0.832,0.861,0.701,0.585,0.515,0.997,0.674;aa;
aaa;0.465,0.815,0.533,0.479,0.742,0.533,0.979,0.521,0.562,0.298;aaa;
aaaaaa;0.684,0.958,0.418,0.851,0.687,0.506,0.504,0.617,0.549,0.231;aaa;
aaa;0.455,0.248,0.322,0.0109,0.798,0.716,0.702,0.904,0.351,0.892;aaaaaa;
a;0.188,0.471,0.689,0.742,0.0751,0.0158,0.885,0.224,0.732,0.201;aaaaa;
aaa;0.107,0.774,0.237,0.546,0.0211,0.94,0.56,0.454,0.845,0.39;aaaa;
aaa;0.791,0.818,0.576,0.244,0.0649,0.679,0.852,0.0163,0.83,0.955;aaa;
aaaaaa;0.923,0.128,0.203,0.427,0.23,0.305,0.303,0.449,0.143,0.609;aaaaaaaaaa;
aa;0.48,0.378,0.813,0.13,0.107,0.682,0.951,0.876,0.411,0.438;aaaaa;
aaa;0.271,0.437,0.382,0.55,0.0368,0.773,0.0781,0.759,0.585,0.589;aaaaaa;
a;0.858,0.931,0.413,0.0209,0.599,0.839,0.735,0.219,0.776,0.619;aaaaaaaa;
aaa;0.952,0.795,0.671,0.155,0.054,0.23,0.981,0.348,0.215,0.33;aa;
aaa;0.929,0.603,0.655,0.548,0.99,0.371,0.832,0.61,0.629,0.872;aaaaaaaaa;
aa;0.48,0.378,0.813,0.13,0.107,0.682,0.951,0.876,0.411,0.438;a;
aaa;0.271,0.437,0.382,0.55,0.0368,0.773,0.0781,0.759,0.585,0.589;aaaaaaa;
a;0.858,0.931,0.413,0.0209,0.599,0.839,0.735,0.219,0.776,0.619;aaaaaaaaaa;
aaa;0.952,0.795,0.671,0.155,0.054,0.23,0.981,0.348,0.215,0.33;a;
aaa;0.929,0.603,0.655,0.548,0.99,0.371,0.832,0.61,0.629,0.872;aaa;
aa;0.48,0.378,0.813,0.13,0.107,0.682,0.951,0.876,0.411,0.438;aaaaaa;
aaa;0.271,0.437,0.382,0.55,0.0368,0.773,0.0781,0.759,0.585,0.589;aaaa;
a;0.858,0.931,0.413,0.0209,0.599,0.839,0.735,0.219,0.776,0.619;a;
aaa;0.952,0.795,0.671,0.155,0.054,0.23,0.981,0.348,0.215,0.33;aaaaaaaaa;
aaa;0.929,0.603,0.655,0.548,0.99,0.371,0.832,0.61,0.629,0.872;aaaaaaaaaa;
aa;0.48,0.378,0.813,0.13,0.107,0.682,0.951,0.876,0.411,0.438;a;
aaa;0.271,0.437,0.382,0.55,0.0368,0.773,0.0781,0.759,0.585,0.589;a;
a;0.858,0.931,0.413,0.0209,0.599,0.839,0.735,0.219,0.776,0.619;aaa;
aaa;0.952,0.795,0.671,0.155,0.054,0.23,0.981,0.348,0.215,0.33;aaaa;
aaa;0.929,0.603,0.655,0.548,0.99,0.371,0.832,0.61,0.629,0.872;aaaa;
aa;0.48,0.378,0.813,0.13,0.107,0.682,0.951,0.876,0.411,0.438;aaaaa;
aaa;0.271,0.437,0.382,0.55,0.0368,0.773,0.0781,0.759,0.585,0.589;aaaaaa;
a;0.858,0.931,0.413,0.0209,0.599,0.839,0.735,0.219,0.776,0.619;aaaaaaaa;
aaa;0.952,0.795,0.671,0.155,0.054,0.23,0.981,0.348,0.215,0.33;aaaaaaaa;
aaa;0.929,0.603,0.655,0.548,0.99,0.371,0.832,0.61,0.629,0.872;aaaaaa;
aa;0.48,0.378,0.813,0.13,0.107,0.682,0.951,0.876,0.411,0.438;aaaaaaa;
aaa;0.271,0.437,0.382,0.55,0.0368,0.773,0.0781,0.759,0.585,0.589;a;
a;0.858,0.931,0.413,0.0209,0.599,0.839,0.735,0.219,0.776,0.619;aaaaaaaaaa;
aaa;0.952,0.795,0.671,0.155,0.054,0.23,0.981,0.348,0.215,0.33;aaa;
aaa;0.929,0.603,0.655,0.548,0.99,0.371,0.832,0.61,0.629,0.872;aaaaaaaaa;
aa;0.48,0.378,0.813,0.13,0.107,0.682,0.951,0.876,0.411,0.438;aa;
aaa;0.271,0.437,0.382,0.55,0.0368,0.773,0.0781,0.759,0.585,0.589;aaaaaa;
a;0.858,0.931,0.413,0.0209,0.599,0.839,0.735,0.219,0.776,0.619;aaaaa;
aaa;0.952,0.795,0.671,0.155,0.054,0.23,0.981,0.348,0.215,0.33;aaa;
aaa;0.929,0.603,0.655,0.548,0.99,0.371,0.832,0.61,0.629,0.872;aaaaaa;
aa;0.48,0.378,0.813,0.13,0.107,0.682,0.951,0.876,0.411,0.438;a;
aaa;0.271,0.437,0.382,0.55,0.0368,0.773,0.0781,0.759,0.585,0.589;aaaaaaaa;
a;0.858,0.931,0.413,0.0209,0.599,0.839,0.735,0.219,0.776,0.619;aaaaaaaa;
aaa;0.952,0.795,0.671,0.155,0.054,0.23,0.981,0.348,0.215,0.33;a;
aaa;0.929,0.603,0.655,0.548,0.99,0.371,0.832,0.61,0.629,0.872;aaaaaaaaaa;
aa;0.48,0.378,0.813,0.13,0.107,0.682,0.951,0.876,0.411,0.438;aaa;
aaa;0.271,0.437,0.382,0.55,0.0368,0.773,0.0781,0.759,0.585,0.589;a;
a;0.858,0.931,0.413,0.0209,0.599,0.839,0.735,0.219,0.776,0.619;aaaaa;
aaa;0.952,0.795,0.671,0.155,0.054,0.23,0.981,0.348,0.215,0.33;aaaaaaa;
aaa;0.929,0.603,0.655,0.548,0.99,0.371,0.832,0.61,0.629,0.872;aaaaaaaa;
aa;0.48,0.378,0.813,0.13,0.107,0.682,0.951,0.876,0.411,0.438;aaaaaa;
aaa;0.271,0.437,0.382,0.55,0.0368,0.773,0.0781,0.759,0.585,0.589;aaaaaaaaa;
a;0.858,0.931,0.413,0.0209,0.599,0.839,0.735,0.219,0.776,0.619;aaaaaaaaa;
aaa;0.952,0.795,0.671,0.155,0.054,0.23,0.981,0.348,0.215,0.33;aaaaaaaaa;
aaa;0.929,0.603,0.655,0.548,0.99,0.371,0.832,0.61,0.629,0.872;aaaaaaaaaa;
aa;0.48,0.378,0.813,0.13,0.107,0.682,0.951,0.876,0.411,0.438;aaaaa;
aaa;0.271,0.437,0.382,0.55,0.0368,0.773,0.0781,0.759,0.585,0.589;aaaa;
a;0.858,0.931,0.413,0.0209,0.599,0.839,0.735,0.219,0.776,0.619;aaaaaaaaaa;
aaa;0.952,0.795,0.671,0.155,0.054,0.23,0.981,0.348,0.215,0.33;aaaaaa;
aaa;0.929,0.603,0.655,0.548,0.99,0.371,0.832,0.61,0.629,0.872;aaaaa;
aa;0.48,0.378,0.813,0.13,0.107,0.682,0.951,0.876,0.411,0.438;aaaaaa;
aaa;0.271,0.437,0.382,0.55,0.0368,0.773,0.0781,0.759,0.585,0.589;aaaaaaaa;
a;0.858,0.931,0.413,0.0209,0.599,0.839,0.735,0.219,0.776,0.619;aa;
aaa;0.952,0.795,0.671,0.155,0.054,0.23,0.981,0.348,0.215,0.33;aaaaaa;
aaa;0.929,0.603,0.655,0.548,0.99,0.371,0.832,0.61,0.629,0.872;aaaaaaaa;
aa;0.48,0.378,0.813,0.13,0.107,0.682,0.951,0.876,0.411,0.438;aaaaaaa;
aaa;0.271,0.437,0.382,0.55,0.0368,0.773,0.0781,0.759,0.585,0.589;aaaaaa;
a;0.858,0.931,0.413,0.0209,0.599,0.839,0.735,0.219,0.776,0.619;aaaaaaaa;
aaa;0.952,0.795,0.671,0.155,0.054,0.23,0.981,0.348,0.215,0.33;aaaaaaaaa;
aaa;0.929,0.603,0.655,0.548,0.99,0.371,0.832,0.61,0.629,0.872;aaaaaaa;
aa;0.48,0.378,0.813,0.13,0.107,0.682,0.951,0.876,0.411,0.438;aaaaaaa;
aaa;0.271,0.437,0.382,0.55,0.0368,0.773,0.0781,0.759,0.585,0.589;aaaaaaa;
a;0.858,0.931,0.413,0.0209,0.599,0.839,0.735,0.219,0.776,0.619;aaa;
aaa;0.952,0.795,0.671,0.155,0.054,0.23,0.981,0.348,0.215,0.33;aaa;
aaa;0.929,0.603,0.655,0.548,0.99,0.371,0.832,0.61,0.629,0.872;aaaaa;
aa;0.48,0.378,0.813,0.13,0.107,0.682,0.951,0.876,0.411,0.438;aaaaaaaa;
aaa;0.271,0.437,0.382,0.55,0.0368,0.773,0.0781,0.759,0.585,0.589;aaa;
a;0.858,0.931,0.413,0.0209,0.599,0.839,0.735,0.219,0.776,0.619;aaaaa;
aaa;0.952,0.795,0.671,0.155,0.054,0.23,0.981,0.348,0.215,0.33;aaaaa;
aaa;0.929,0.603,0.655,0.548,0.99,0.371,0.832,0.61,0.629,0.872;aaaaa;
aa;0.48,0.378,0.813,0.13,0.107,0.682,0.951,0.876,0.411,0.438;a;
aaa;0.271,0.437,0.382,0.55,0.0368,0.773,0.0781,0.759,0.585,0.589;aaaa;
a;0.858,0.931,0.413,0.0209,0.599,0.839,0.735,0.219,0.776,0.619;aaaa;
aaa;0.952,0.795,0.671,0.155,0.054,0.23,0.981,0.348,0.215,0.33;aaaaaaaa;
aaa;0.929,0.603,0.655,0.548,0.99,0.371,0.832,0.61,0.629,0.872;aaaaaaa;
aa;0.48,0.378,0.813,0.13,0.107,0.682,0.951,0.876,0.411,0.438;aaaaaaaa;
aaa;0.271,0.437,0.382,0.55,0.0368,0.773,0.0781,0.759,0.585,0.589;aaaaaaaaa;
a;0.858,0.931,0.413,0.0209,0.599,0.839,0.735,0.219,0.776,0.619;aaaaaa;
aaa;0.952,0.795,0.671,0.155,0.054,0.23,0.981,0.348,0.215,0.33;aaaaaaaaaa;
aaa;0.929,0.603,0.655,0.548,0.99,0.371,0.832,0.61,0.629,0.872;aaaaaaa;
aa;0.48,0.378,0.813,0.13,0.107,0.682,0.951,0.876,0.411,0.438;aaaaa;
aaa;0.271,0.437,0.382,0.55,0.0368,0.773,0.0781,0.759,0.585,0.589;aaa;
a;0.858,0.931,0.413,0.0209,0.599,0.839,0.735,0.219,0.776,0.619;aa;
aaa;0.952,0.795,0.671,0.155,0.054,0.23,0.981,0.348,0.215,0.33;aa;
aaa;0.929,0.603,0.655,0.548,0.99,0.371,0.832,0.61,0.629,0.872;aaaaaaaa;
aa;0.48,0.378,0.813,0.13,0.107,0.682,0.951,0.876,0.411,0.438;aaaaaaaa;
aaa;0.271,0.437,0.382,0.55,0.0368,0.773,0.0781,0.759,0.585,0.589;a;
a;0.858,0.931,0.413,0.0209,0.599,0.839,0.735,0.219,0.776,0.619;aaaaaaa;
aaa;0.952,0.795,0.671,0.155,0.054,0.23,0.981,0.348,0.215,0.33;aaaaaaaa;
aaa;0.929,0.603,0.655,0.548,0.99,0.371,0.832,0.61,0.629,0.872;aaaaaaa;
aa;0.48,0.378,0.813,0.13,0.107,0.682,0.951,0.876,0.411,0.438;aaaaaaa;
aaa;0.271,0.437,0.382,0.55,0.0368,0.773,0.0781,0.759,0.585,0.589;aaaaaa;
a;0.858,0.931,0.413,0.0209,0.599,0.839,0.735,0.219,0.776,0.619;aaaaaaaa;
aaa;0.952,0.795,0.671,0.155,0.054,0.23,0.981,0.348,0.215,0.33;aaaaaaaa;
aaa;0.929,0.603,0.655,0.548,0.99,0.371,0.832,0.61,0.629,0.872;aaaaaaaa;
aa;0.48,0.378,0.813,0.13,0.107,0.682,0.951,0.876,0.411,0.438;aaaaaaaaaa;
aaa;0.271,0.437,0.382,0.55,0.0368,0.773,0.0781,0.759,0.585,0.589;aa;
a;0.858,0.931,0.413,0.0209,0.599,0.839,0.735,0.219,0.776,0.619;aaaaaa;
aaa;0.952,0.795,0.671,0.155,0.054,0.23,0.981,0.348,0.215,0.33;aaaaaaaa;
aaa;0.929,0.603,0.655,0.548,0.99,0.371,0.832,0.61,0.629,0.872;aaaaaaaaa;
aa;0.48,0.378,0.813,0.13,0.107,0.682,0.951,0.876,0.411,0.438;aaaaaaa;
aaa;0.271,0.437,0.382,0.55,0.0368,0.773,0.0781,0.759,0.585,0.589;aaaaaaaaaa;
a;0.858,0.931,0.413,0.0209,0.599,0.839,0.735,0.219,0.776,0.619;aaaa;
aaa;0.952,0.795,0.671,0.155,0.054,0.23,0.981,0.348,0.215,0.33;aaaaaaaaa;
aaa;0.929,0.603,0.655,0.548,0.99,0.371,0.832,0.61,0.629,0.872;aaaaaa;
aa;0.48,0.378,0.813,0.13,0.107,0.682,0.951,0.876,0.411,0.438;aa;
aaa;0.271,0.437,0.382,0.55,0.0368,0.773,0.0781,0.759,0.585,0.589;aaaaaaa;
a;0.858,0.931,0.413,0.0209,0.599,0.839,0.735,0.219,0.776,0.619;aaaaaaa;
aaa;0.952,0.795,0.671,0.155,0.054,0.23,0.981,0.348,0.215,0.33;aaaaaaaa;
aaa;0.929,0.603,0.655,0.548,0.99,0.371,0.832,0.61,0.629,0.872;aaaaaaa;
aa;0.48,0.378,0.813,0.13,0.107,0.682,0.951,0.876,0.411,0.438;aaaaaaaaaa;
aaa;0.271,0.437,0.382,0.55,0.0368,0.773,0.0781,0.759,0.585,0.589;aaaaaaa;
a;0.858,0.931,0.413,0.0209,0.599,0.839,0.735,0.219,0.776,0.619;aaaaaaaaa;
aaa;0.952,0.795,0.671,0.155,0.054,0.23,0.981,0.348,0.215,0.33;aaaaaaaaa;
aaa;0.929,0.603,0.655,0.548,0.99,0.371,0.832,0.61,0.629,0.872;a;
aa;0.48,0.378,0.813,0.13,0.107,0.682,0.951,0.876,0.411,0.438;aaa;
aaa;0.271,0.437,0.382,0.55,0.0368,0.773,0.0781,0.759,0.585,0.589;aaaaaaa;
a;0.858,0.931,0.413,0.0209,0.599,0.839,0.735,0.219,0.776,0.619;aaaa;
aaa;0.952,0.795,0.671,0.155,0.054,0.23,0.981,0.348,0.215,0.33;a;
aaa;0.929,0.603,0.655,0.548,0.99,0.371,0.832,0.61,0.629,0.872;aaaaaaa;
