0	0
1	1
2	2
3	3
4	4,17
5	4,5,30,44
6	6,32,43
7	7
8	8,12,26,34
9	0,9,44
10	10
11	11
12	12
13	13
14	14
15	15,31,45
16	16
17	17
18	18
19	19
20	20
21	8,15,21
22	22
23	23
24	24
25	25
26	26
27	27
28	28
29	29
30	30,48
31	31,39
32	3,32
33	33
34	34
35	35
36	36
37	37
38	38
39	39
40	40
41	40,41
42	42
43	43
44	44
45	45
46	46
47	47
48	48
49	49
50	5
51	6
52	21,38
53	7
54	5
55	11
56	4
57	9
58	8,13,19,20
59	27
60	9
61	1
62	1
63	4
64	8
65	1
66	19
67	1
68	1
69	8
70	17
71	1
72	21
73	17
74	6
75	12
76	2,3
77	28
78	26
79	20
80	19
81	36
82	28
83	26
84	7,37
85	23
86	7
87	6
88	0
89	13
90	12
91	16
92	33
93	3
94	20
95	22
96	1,49
97	14
98	19
99	37
100	22
101	9
102	26
103	10
104	13
105	11
106	2,3
107	6
108	6
109	8
110	8
111	21
112	7,22,37
113	12
114	0
115	10,42
116	9
117	12
118	20,38
119	19
120	5
121	14
122	2
123	24
124	29
125	13,49
126	8
127	5
128	27
129	6
130	9,34
131	13
132	2
133	3,13
134	6
135	5
136	20
137	6
138	14,48
139	0
140	39
141	13
142	47
143	0
144	0
145	14
146	4
147	13
148	30
149	11,12,27
150	5
151	18,43
152	19
153	4
154	5
155	9
156	6
157	20
158	0
159	8
160	7
161	4
162	34
163	16
164	0
165	8
166	24
167	32,38
168	31
169	1
170	11
171	1
172	11
173	1
174	5
175	14
176	20
177	3
178	35
179	12,17,23
180	18
181	18
182	19
183	1
184	8
185	19
186	6
187	8
188	6,34
189	6
190	1
191	4
192	1
193	8
194	3
195	29
196	8
197	14
198	0
199	8
200	3
201	16
202	32
203	3
204	0
205	2
206	3
207	3
208	4
209	6
210	30
211	0,15
212	3,7
213	5
214	8,44
215	23
216	10
217	20
218	9
219	4
220	14
221	2,28
222	1
223	13
224	16
225	8,15
226	2
227	12
228	48
229	42
230	4
231	46
232	21
233	14
234	16
235	4
236	25
237	13
238	2
239	11
240	3
241	8
242	37
243	8
244	6
245	42,43
246	8
247	45
248	0
249	9
250	24
251	0
252	29
253	27
254	1
255	2
256	10
257	7
258	21
259	6
260	3
261	2
262	3
263	10
264	5
265	20,48
266	19,23
267	30
268	7
269	17
270	12
271	1
272	1
273	10
274	45
275	16
276	4
277	14
278	22
279	14
280	3,23
281	15,25,31
282	30
283	6
284	12
285	43
286	18
287	39
288	38
289	15
290	11,16
291	9
292	16
293	16
294	2
295	5
296	22
297	20
298	5
299	17
300	12
301	7
302	18
303	12
304	5
305	22,47
306	39
307	39
308	23
309	0
310	2
311	36
312	4
313	14
314	35
315	19,25,31
316	4
317	5
318	3
319	4
320	6
321	24
322	35
323	2,24
324	13
325	18
326	3
327	26
328	2
329	2
330	2
331	25
332	2
333	6
334	10
335	12
336	7
337	16
338	1
339	0
340	9
341	21
342	11
343	14
344	13
345	44
346	27
347	2
348	7
349	6
350	10
351	29,37
352	12
353	12
354	25,32
355	13
356	18
357	23
358	45
359	2
360	9
361	7
362	26
363	2
364	12
365	48
366	17
367	7
368	1
369	3
370	19
371	25
372	27
373	2
374	3
375	5
376	1
377	6
378	1
379	0
380	14
381	29
382	4
383	4
384	12
385	40
386	30
387	24,42,46
388	24
389	16
390	20
391	2
392	3
393	0
394	6
395	5
396	0
397	7
398	10
399	2
400	1
401	0
402	23
403	1
404	8,16
405	9
406	4
407	11
408	8,33
409	13
410	10
411	18,33
412	10
413	20
414	33
415	40
416	27
417	7
418	4
419	24
420	42
421	7
422	5
423	4
424	11
425	10
426	16
427	11
428	20
429	0
430	4,11
431	5
432	2
433	0
434	1
435	5
436	16
437	1
438	6
439	14
440	13
441	10
442	5
443	3
444	0
445	3
446	22,45
447	34
448	9
449	25
450	20
451	45
452	5
453	5
454	12
455	3
456	0
457	0,22
458	8
459	8
460	9
461	5
462	4,39
463	4
464	2
465	12
466	10
467	10
468	14
469	4
470	12
471	6
472	33
473	19
474	11
475	22
476	20
477	0
478	1
479	7
480	24,47
481	17
482	18
483	7
484	15
485	4
486	26
487	9
488	6
489	44
490	44
491	3
492	1
493	17
494	3
495	30
496	18
497	15
498	16
499	39
500	5
501	38
502	4
503	20
504	7
505	0
506	25
507	6
508	46
509	30
510	0
511	0
512	5
513	2
514	2
515	45
516	10
517	32,39
518	0
519	15,33
520	41
521	14
522	26
523	26
524	30
525	5
526	24
527	4
528	17
529	8
530	37
531	5
532	28
533	11
534	6
535	9
536	0
537	13
538	35
539	28
540	27
541	27
542	7
543	16
544	27
545	45
546	6
547	9
548	27
549	21
550	2
551	2
552	11
553	14
554	3
555	21
556	8
557	18
558	11
559	14
560	5
561	9,48
562	2
563	49
564	3
565	2
566	12
567	0
568	2
569	18
570	29
571	9
572	30
573	13
574	14
575	25
576	10
577	4
578	6
579	10
580	8
581	21
582	6
583	4
584	5
585	2
586	2
587	9
588	7
589	17
590	12
591	30
592	2
593	6
594	43
595	28
596	41
597	11
598	14
599	1
600	24
601	37
602	12
603	1
604	10
605	4
606	49
607	10
608	1
609	1
610	24
611	3
612	23
613	8
614	41
615	12
616	0
617	6
618	8
619	14
620	35
621	9
622	33
623	27
624	39
625	6
626	28
627	13
628	4
629	25
630	2
631	11
632	1,6
633	43
634	1
635	37,44
636	20
637	17
638	15
639	18
640	7
641	10
642	20
643	1
644	3
645	2
646	17
647	35
648	18
649	4
650	17,19
651	6
652	28
653	43
654	13
655	15
656	5
657	9
658	6
659	47
660	15
661	9
662	18
663	1
664	20
665	4
666	24
667	7
668	9
669	10
670	5
671	1,20
672	11
673	34
674	12
675	16
676	12
677	20
678	1
679	28
680	15
681	1
682	26,34
683	6
684	0
685	0
686	9
687	29
688	2
689	2
690	4
691	18
692	3
693	4
694	8
695	34
696	4
697	19
698	21
699	19
700	0
701	8
702	4
703	39
704	0
705	6
706	12
707	3
708	25
709	0,49
710	3
711	2
712	13
713	1
714	3
715	3
716	10
717	2
718	39
719	6
720	2
721	29
722	1,14
723	0
724	20
725	2
726	0
727	15
728	20
729	5
730	3
731	1
732	6
733	1
734	1,8
735	18
736	20
737	7
738	18
739	42
740	5
741	6
742	3
743	14
744	2
745	8
746	7
747	3
748	22
749	20
750	25
751	11
752	25
753	25
754	36
755	17
756	9
757	43
758	8
759	0
760	8
761	12
762	7
763	19
764	42
765	2
766	5
767	36
768	1
769	11
770	10
771	34
772	18
773	1
774	1
775	2
776	22,39,40
777	13
778	1
779	1
780	15
781	1
782	2
783	3
784	0
785	23
786	15
787	5
788	16
789	8
790	15
791	0
792	0
793	9,10
794	8
795	38,43
796	19
797	20
798	0
799	26
800	1,30,46
801	11
802	11
803	15,41
804	1
805	42
806	1
807	22
808	3
809	7
810	11
811	42
812	22
813	5
814	42
815	22
816	8
817	14
818	5
819	12
820	4
821	3
822	12
823	13
824	14,21
825	10
826	0
827	1
828	11
829	0
830	14
831	9
832	0
833	30
834	0
835	3
836	15
837	7
838	4
839	0
840	11
841	5
842	2
843	4
844	24
845	20
846	16
847	8
848	0
849	2
850	31
851	23
852	16
853	10
854	24
855	3
856	24
857	4
858	6
859	8
860	1
861	31,47
862	2
863	0
864	5
865	6
866	8
867	4
868	12
869	9
870	0
871	11
872	17
873	0
874	6
875	32
876	3
877	5
878	1
879	10
880	9
881	9
882	8
883	16
884	6
885	1
886	8
887	3
888	33,36
889	8
890	10
891	3
892	3
893	10,25,44,49
894	9
895	6
896	1
897	1
898	9
899	10
900	0
901	12
902	22
903	22
904	7
905	26
906	0
907	3
908	7
909	3
910	10
911	19
912	24
913	2
914	3
915	7
916	1
917	4
918	6
919	9
920	11
921	16
922	8
923	18
924	15
925	12,26,49
926	9
927	1
928	23
929	13
930	9
931	3
932	3
933	13
934	13
935	1
936	0
937	14
938	4
939	15
940	19
941	5
942	11
943	27
944	15
945	10,40
946	2
947	2
948	3
949	32
950	35
951	8
952	29
953	32
954	6
955	1
956	9
957	41,44
958	13
959	5
960	20
961	7
962	5
963	4
964	14
965	21
966	29
967	43
968	1
969	19
970	1
971	3
972	21
973	1
974	8
975	1
976	2
977	2
978	15
979	1
980	4
981	0
982	9
983	20
984	4
985	13
986	10
987	29
988	21
989	34
990	9
991	12
992	13
993	24
994	2
995	23
996	10
997	2,15
998	15
999	3,27
1000	0
1001	0
1002	0
1003	0
1004	0
1005	2
1006	2
1007	2
1008	2
1009	2
1010	6
1011	6
1012	6
1013	6
1014	6
1015	14
1016	14
1017	14
1018	14
1019	14
1020	30
1021	30
1022	30
1023	30
1024	30
1025	49
1026	49
1027	49
1028	49
1029	49
1030	48
1031	48
1032	48
1033	48
1034	48
1035	47
1036	47
1037	47
1038	47
1039	47
1040	46
1041	46
1042	46
1043	46
1044	46
1045	45
1046	45
1047	45
1048	45
1049	45
1050	44
1051	44
1052	44
1053	44
1054	44
1055	43
1056	43
1057	43
1058	43
1059	43
1060	42
1061	42
1062	42
1063	42
1064	42
1065	41
1066	41
1067	41
1068	41
1069	41
1070	40
1071	40
1072	40
1073	40
1074	40
1075	39
1076	39
1077	39
1078	39
1079	39
1080	38
1081	38
1082	38
1083	38
1084	38
1085	37
1086	37
1087	37
1088	37
1089	37
1090	36
1091	36
1092	36
1093	36
1094	36
1095	35
1096	35
1097	35
1098	35
1099	35
1100	34
1101	34
1102	34
1103	34
1104	34
1105	33
1106	33
1107	33
1108	33
1109	33
1110	32
1111	32
1112	32
1113	32
1114	32
1115	29
1116	29
1117	29
1118	29
1119	29
1120	31
1121	31
1122	31
1123	31
1124	31
