0	0,31
1	1,29
2	2
3	3
4	4
5	5,40
6	6
7	7
8	8
9	9
10	10
11	11
12	12
13	13
14	14
15	15
16	16
17	17,28
18	18
19	19
20	6,9,20
21	21
22	22,46
23	23
24	24,47
25	25
26	5,26
27	27
28	28
29	29
30	30
31	31
32	32
33	33
34	34
35	35
36	36
37	37
38	38
39	39
40	40
41	41
42	42
43	43
44	44
45	45
46	46
47	47
48	48
49	49
50	11
51	2
52	30
53	5
54	23
55	7
56	32
57	35
58	9
59	23
60	10
61	33
62	14
63	22
64	8
65	16
66	28
67	1
68	24
69	32
70	6
71	8
72	23
73	37
74	18
75	1
76	39
77	7
78	5
79	15
80	34
81	23
82	35
83	27
84	7
85	5
86	2
87	8
88	18
89	23
90	19
91	18
92	1
93	6
94	23
95	11
96	21,31
97	19
98	1
99	8
100	1
101	5
102	6
103	6
104	29
105	29
106	2
107	2
108	9
109	9
110	22
111	22
112	46
113	46
114	18
115	18
116	36
117	36
118	14
119	14
120	14
121	26
122	26
123	26
124	24
125	24
126	24
127	8
128	8
129	8
130	19
131	19
132	19
133	39
134	39
135	39
136	40
137	40
138	40
139	15
140	15
141	15
142	35
143	35
144	35
145	32
146	32
147	32
148	34
149	34
150	34
151	30
152	30
153	30
154	30
155	48
156	48
157	48
158	48
159	45
160	45
161	45
162	45
