ATT0(float,1);ATT1(float,10);ATT2(string,10);
0.399;0.298,0.075,0.837,0.479,0.101,0.48,0.667,0.598,0.235,0.291;aaaaaaaaa;
0.937;0.00662,0.865,0.246,0.946,0.389,0.428,0.297,0.735,0.974,0.842;aaa;
0.244;0.0539,0.708,0.449,0.29,0.904,0.848,0.794,0.969,0.369,0.821;aaaaaaaaaa;
0.427;0.944,0.982,0.981,0.65,0.766,0.0533,0.317,0.428,0.714,0.87;aaaaaaaaa;
0.512;0.163,0.924,0.666,0.828,0.779,0.352,0.229,0.319,0.579,0.2;aaaaaaaaa;
0.386;0.564,0.622,0.294,0.14,0.448,0.484,0.796,0.437,0.0756,0.322;aaaaaaaaa;
0.208;0.972,0.592,0.526,0.441,0.761,0.65,0.677,0.211,0.662,0.165;aa;
0.641;0.343,0.771,0.902,0.717,0.465,0.603,0.697,0.586,0.712,0.176;aaaaaaaa;
0.354;0.0678,0.619,0.727,0.295,0.0379,0.15,0.19,0.783,0.588,0.581;aaaaaaaaaa;
0.0723;0.385,0.462,0.0662,0.148,0.43,0.548,0.749,0.539,0.887,0.735;aaaaaaaa;
0.257;0.891,0.918,0.692,0.684,0.258,0.107,0.883,0.503,0.146,0.894;aaaa;
0.828;0.729,0.464,0.651,0.0264,0.918,0.699,0.602,0.738,0.888,0.0279;aaaaaa;
0.858;0.42,0.486,0.513,0.476,0.362,0.66,0.257,0.828,0.475,0.00761;aaaaaa;
0.947;0.593,0.488,0.736,0.217,0.781,0.99,0.347,0.226,0.482,0.594;a;
0.739;0.24,0.0942,0.379,0.605,0.844,0.587,0.361,0.771,0.166,0.99;aaaaaaa;
0.223;0.742,0.12,0.927,0.45,0.087,0.266,0.784,0.479,0.965,0.624;a;
0.43;0.0315,0.151,0.568,0.124,0.173,0.461,0.152,0.861,0.735,0.85;a;
0.471;0.279,0.717,0.303,0.246,0.353,0.593,0.127,0.914,0.67,0.451;aaaaa;
0.139;0.0577,0.177,0.605,0.858,0.0415,0.286,0.18,0.516,0.0104,0.865;aaaaaaaaa;
0.0915;0.221,0.95,0.0222,0.363,0.66,0.0305,0.598,0.247,0.783,0.309;a;
0.767;0.313,0.0798,0.316,0.347,0.935,0.753,0.254,0.865,0.16,0.333;aa;
0.712;0.56,0.292,0.25,0.37,0.916,0.826,0.61,0.888,0.124,0.632;aaaaaaaa;
0.612;0.491,0.0292,0.741,0.115,0.0428,0.627,0.993,0.515,0.121,0.534;aaaaa;
0.743;0.0943,0.94,0.996,0.205,0.641,0.25,0.424,0.000196,0.656,0.944;a;
0.874;0.887,0.929,0.185,0.199,0.0826,0.538,0.0798,0.661,0.251,0.563;aaaaa;
0.53;0.363,0.774,0.281,0.365,0.277,0.722,0.917,0.888,0.141,0.641;aa;
0.676;0.473,0.792,0.339,0.749,0.279,0.75,0.767,0.708,0.0898,0.943;aaaa;
0.798;0.378,0.831,0.436,0.458,0.694,0.548,0.93,0.926,0.852,0.544;aaaaaaaaaa;
0.791;0.718,0.935,0.0588,0.388,0.727,0.857,0.773,0.942,0.0778,0.123;aaaaaa;
0.179;0.158,0.207,0.659,0.669,0.867,0.18,0.602,0.654,0.362,0.0564;aaaaaaaaa;
0.263;0.227,0.393,0.0852,0.886,0.446,0.644,0.68,0.608,0.434,0.402;aaaaaaa;
0.677;0.125,0.961,0.0305,0.954,0.255,0.561,0.582,0.966,0.531,0.949;aaaaaaaaaa;
0.836;0.563,0.278,0.892,0.521,0.744,0.265,0.946,0.389,0.858,0.84;aaaa;
0.862;0.386,0.116,0.739,0.129,0.91,0.903,0.332,0.575,0.442,0.468;aaaaaaaa;
0.557;0.284,0.647,0.565,0.28,0.688,0.75,0.0806,0.777,0.517,0.128;aaaaaa;
0.412;0.962,0.504,0.824,0.256,0.269,0.307,0.893,0.186,0.78,0.0129;aaaaaaaaaa;
0.867;0.734,0.87,0.117,0.107,0.865,0.241,0.393,0.688,0.52,0.857;aaaaaaaa;
0.249;0.809,0.155,0.115,0.0627,0.3,0.63,0.765,0.18,0.507,0.223;aaaaaa;
0.465;0.423,0.658,0.27,0.016,0.747,0.738,0.486,0.927,0.825,0.544;aaa;
0.0225;0.888,0.814,0.918,0.837,0.738,0.691,0.897,0.215,0.686,0.469;aaaaaaaaa;
0.212;0.754,0.848,0.824,0.244,0.207,0.398,0.0186,0.0454,0.914,0.844;a;
0.0983;0.169,0.0635,0.193,0.994,0.725,0.257,0.386,0.197,0.759,0.126;aaaaaa;
0.387;0.166,0.807,0.839,0.121,0.428,0.73,0.654,0.0642,0.905,0.298;aaaaaaaaa;
0.163;0.98,0.431,0.979,0.497,0.45,0.457,0.985,0.511,0.26,0.31;aaaa;
0.0632;0.486,0.867,0.745,0.585,0.135,0.991,0.727,0.662,0.383,0.319;aaaaaa;
0.434;0.0475,0.468,0.922,0.369,0.591,0.506,0.888,0.554,0.939,0.559;aaaaaaaaaa;
0.878;0.56,0.833,0.594,0.794,0.848,0.0469,0.334,0.218,0.446,0.907;aaaaaaaaaa;
0.0581;0.933,0.00715,0.545,0.0159,0.386,0.087,0.00669,0.215,0.0732,0.261;aa;
0.714;0.84,0.338,0.0249,0.107,0.0571,0.787,0.461,0.0581,0.311,0.164;aaaaa;
0.0464;0.799,0.876,0.163,0.245,0.888,0.0549,0.945,0.587,0.817,0.181;aaaaaaaa;
0.43;0.39,0.939,0.949,0.254,0.778,0.431,0.0235,0.245,0.643,0.432;aa;
0.687;0.613,0.401,0.966,0.235,0.558,0.361,0.909,0.816,0.898,0.674;aaaaaaaaa;
0.0995;0.536,0.0295,0.0963,0.741,0.85,0.71,0.543,0.091,0.998,0.349;aa;
0.665;0.858,0.331,0.417,0.0579,0.898,0.275,0.921,0.262,0.0424,0.497;aaa;
0.673;0.306,0.379,0.851,0.424,0.981,0.984,0.105,0.68,0.351,0.847;aaaaaaa;
0.496;0.236,0.129,0.765,0.114,0.377,0.539,0.981,0.481,0.266,0.453;aa;
0.495;0.971,0.383,0.602,0.681,0.737,0.891,0.0464,0.4,0.321,0.289;aaaa;
0.108;0.645,0.962,0.864,0.459,0.883,0.3,0.399,0.355,0.929,0.775;aaaa;
0.433;0.165,0.312,0.017,0.106,0.0623,0.177,0.48,0.427,0.22,0.924;aaaa;
0.504;0.4,0.959,0.578,0.182,0.345,0.803,0.267,0.592,0.736,0.672;aaaaaaaaa;
0.972;0.166,0.71,0.656,0.99,0.136,0.725,0.161,0.717,0.984,0.525;aaaaaaa;
0.506;0.815,0.672,0.829,0.116,0.172,0.828,0.496,0.595,0.325,0.507;aaaa;
0.00558;0.422,0.101,0.359,0.687,0.673,0.889,0.841,0.713,0.0769,0.401;aaaaaaaaa;
0.0287;0.259,0.377,0.999,0.15,0.263,0.994,0.0859,0.464,0.645,0.169;aaa;
0.0043;0.00929,0.647,0.93,0.264,0.612,0.0132,0.859,0.101,0.958,0.981;aaaaaaa;
0.0476;0.2,0.0874,0.0783,0.0767,0.454,0.211,0.418,0.385,0.139,0.534;aaaaa;
0.897;0.183,0.484,0.845,0.594,0.409,0.841,0.829,0.767,0.352,0.89;a;
0.94;0.379,0.0508,0.844,0.709,0.599,0.429,0.677,0.555,0.171,0.492;aaaaa;
0.827;0.45,0.177,0.688,0.537,0.353,0.605,0.657,0.0168,0.424,0.677;aaaaaaaa;
0.632;0.222,0.605,0.104,0.646,0.433,0.774,0.854,0.646,0.693,0.0105;a;
0.0371;0.0673,0.585,0.572,0.81,0.827,0.72,0.318,0.0758,0.866,0.366;aaaa;
0.677;0.833,0.621,0.483,0.391,0.572,0.428,0.517,0.609,0.639,0.385;aaaa;
0.419;0.809,0.907,0.833,0.197,0.347,0.288,0.891,0.915,0.665,0.733;aaaaaaa;
0.205;0.246,0.943,0.294,0.171,0.611,0.822,0.929,0.863,0.494,0.683;aaa;
0.694;0.256,0.521,0.552,0.2,0.0115,0.692,0.186,0.0366,0.755,0.343;aaaaaaaaaa;
1;0.161,0.693,0.807,0.0312,0.722,0.485,0.05,0.382,0.662,0.254;aaaaaaaa;
0.231;0.535,0.293,0.475,0.382,0.678,0.325,0.129,0.377,0.919,0.588;aaaaaaaaaa;
0.652;0.383,0.523,0.906,0.736,0.427,0.613,0.501,0.125,0.707,0.681;aaaaa;
0.422;0.784,0.0175,0.606,0.259,0.659,0.861,0.666,0.474,0.81,0.536;aaa;
0.186;0.961,0.148,0.914,0.314,0.478,0.536,0.648,0.545,0.462,0.291;aaaaa;
0.0268;0.47,0.34,0.5,0.921,0.283,0.944,0.881,0.907,0.151,0.497;aaa;
0.489;0.913,0.517,0.856,0.908,0.505,0.693,0.0504,0.667,0.152,0.367;aaaaaaaaa;
0.971;0.96,0.24,0.351,0.831,0.0339,0.0517,0.667,0.534,0.46,0.925;aaaaaaaaa;
0.347;0.588,0.851,0.61,0.867,0.193,0.637,0.458,0.357,0.193,0.88;aaaaaa;
0.0678;0.266,0.856,0.458,0.197,0.504,0.859,0.21,0.224,0.25,0.352;aaaaaaaaa;
0.0341;0.225,0.0405,0.762,0.838,0.791,0.00607,0.582,0.188,0.125,0.00368;a;
0.816;0.401,0.411,0.693,0.547,0.0348,0.152,0.741,0.874,0.0485,0.275;aa;
0.644;0.495,0.516,0.151,0.095,0.695,0.872,0.788,0.812,0.012,0.263;aaaaaaaaa;
0.398;0.939,0.0172,0.0902,0.0509,0.951,0.183,0.463,0.774,0.027,0.44;aaaaaaaa;
0.98;0.855,0.243,0.755,0.0841,0.992,0.38,0.67,0.759,0.521,0.692;aa;
0.358;0.397,0.944,0.722,0.0706,0.414,0.393,0.594,0.00367,0.375,0.871;aaa;
0.05;0.534,0.951,0.0536,0.633,0.663,0.132,0.00823,0.00778,0.521,0.567;aaaaaaaa;
0.592;0.00969,0.36,0.905,0.186,0.654,0.377,0.357,0.45,0.997,0.299;aaaa;
0.67;0.978,0.0043,0.0959,0.365,0.596,0.998,0.304,0.661,0.401,0.83;aaa;
0.793;0.69,0.41,0.851,0.833,0.248,0.975,0.753,0.368,0.0257,0.518;aaaaaaaaaa;
0.973;0.0472,0.639,0.854,0.721,0.386,0.414,0.399,0.867,0.402,0.769;aaaaaa;
0.446;0.86,0.883,0.508,0.779,0.515,0.491,0.523,0.724,0.0401,0.64;aaaaaaaa;
0.553;0.0883,0.187,0.233,0.836,0.502,0.393,0.593,0.725,0.748,0.208;aaaaaaaaa;
0.528;0.603,0.119,0.393,0.101,0.479,0.288,0.511,0.829,0.318,0.21;aaaaaaaaaa;
0.3;0.662,0.16,0.749,0.0245,0.523,0.0136,0.693,0.633,0.776,0.692;aaaa;
0.366;0.321,0.366,0.609,0.159,0.909,0.532,0.0505,0.0666,0.507,0.757;aa;
0.113;0.188,0.103,0.217,0.496,0.785,0.478,0.0881,0.886,0.755,0.0623;a;
0.163;0.866,0.873,0.861,0.934,0.793,0.503,0.0768,0.866,0.429,0.0086;aa;
0.228;0.407,0.681,0.0265,0.271,0.648,0.565,0.292,0.113,0.0486,0.882;aaaa;
0.572;0.926,0.38,0.586,0.574,0.98,0.877,0.41,0.867,0.344,0.933;a;
0.503;0.442,0.293,0.0795,0.603,0.756,0.119,0.951,0.91,0.36,0.894;aaaaaaaaaa;
0.143;0.5,0.223,0.389,0.156,0.56,0.267,0.528,0.774,0.294,0.533;aaaaaaa;
0.578;0.996,0.696,0.738,0.222,0.486,0.618,0.0205,0.64,0.293,0.769;aaaaaaa;
0.214;0.874,0.142,0.357,0.0636,0.861,0.178,0.801,0.148,0.11,0.685;aaaa;
0.413;0.635,0.359,0.341,0.401,0.694,0.445,0.269,0.335,0.731,0.928;aaaaaaaa;
0.746;0.034,0.128,0.343,0.249,0.115,0.924,0.743,0.546,0.943,0.818;aaaaaaa;
0.908;0.994,0.386,0.857,0.0679,0.561,0.733,0.668,0.301,0.121,0.443;aaaaa;
0.0734;0.945,0.379,0.994,0.522,0.215,0.956,0.572,0.894,0.48,0.911;aaaaaa;
0.138;0.527,0.671,0.362,0.71,0.213,0.9,0.776,0.565,0.874,0.613;aaaaaa;
0.537;0.105,0.911,0.941,0.852,0.604,0.545,0.661,0.1,0.374,0.838;aaaaaaa;
0.822;0.869,0.418,0.819,0.0785,0.434,0.265,0.785,0.829,0.699,0.12;a;
0.153;0.6,0.591,0.651,0.0684,0.839,0.243,0.0839,0.601,0.915,0.7;aaaaaaaaaa;
0.657;0.131,0.32,0.848,0.923,0.805,0.299,0.768,0.242,0.636,0.0361;aaaaa;
0.9;0.664,0.837,0.924,0.306,0.233,0.2,0.48,0.712,0.684,0.325;aaaaaaaaaa;
0.0736;0.061,0.563,0.133,0.167,0.111,0.482,0.649,0.416,0.951,0.215;aaaaaa;
0.38;0.0264,0.214,0.755,0.0377,0.907,0.907,0.871,0.625,0.465,0.882;aaaaa;
0.126;0.0773,0.0548,0.269,0.745,0.543,0.609,0.455,0.528,0.748,0.155;aaa;
0.653;0.684,0.0387,0.589,0.728,0.502,0.646,0.212,0.211,0.296,0.0305;aaaa;
0.166;0.286,0.981,0.771,0.267,0.43,0.4,0.971,0.0688,0.499,0.253;aaaaaaaaaa;
0.0941;0.102,0.639,0.195,0.19,0.597,0.65,0.302,0.288,0.717,0.371;aaa;
0.411;0.951,0.569,0.436,0.0298,0.185,0.326,0.512,0.953,0.938,0.784;aaaaaa;
0.854;0.881,0.523,0.302,0.465,0.556,0.368,0.727,0.176,0.0484,0.412;aaa;
0.0242;0.403,0.0867,0.279,0.135,0.645,0.41,0.942,0.649,0.306,0.192;aaaa;
0.894;0.989,0.277,0.91,0.288,0.232,0.893,0.218,0.851,0.458,0.871;aaa;
0.785;0.946,0.358,0.532,0.415,0.244,0.826,0.993,0.354,0.489,0.0452;aaaaaa;
0.203;0.465,0.388,0.632,0.734,0.45,0.426,0.246,0.541,0.575,0.751;aaaaaaaa;
0.0426;0.201,0.967,0.259,0.432,0.174,0.611,0.771,0.55,0.732,0.253;aaaaa;
0.369;0.842,0.0818,0.788,0.365,0.728,0.502,0.929,0.578,0.273,0.896;aaaa;
0.604;0.414,0.0837,0.474,0.397,0.0366,0.281,0.686,0.764,0.438,0.915;aaaaaa;
0.934;0.0796,0.125,0.237,0.165,0.776,0.777,0.0133,0.78,0.854,0.428;aaa;
0.613;0.623,0.169,0.941,0.921,0.925,0.694,0.31,0.469,0.786,0.722;a;
0.675;0.178,0.937,0.575,0.279,0.0777,0.181,0.0998,0.643,0.407,0.539;aaaaaaaaa;
0.51;0.297,0.377,0.324,0.705,0.109,0.284,0.645,0.31,0.408,0.0218;aaaaaaaaaa;
0.853;0.975,0.289,0.283,0.365,0.433,0.81,0.108,0.892,0.724,0.382;aaaaaa;
0.479;0.227,0.00821,0.341,0.513,0.783,0.459,0.178,0.389,0.922,0.996;aa;
0.73;0.67,0.116,0.722,0.638,0.214,0.793,0.49,0.194,0.956,0.65;aaaaaa;
0.629;0.992,0.309,0.528,0.782,0.404,0.0128,0.185,0.509,0.00457,0.22;aaaaaaa;
0.242;0.682,0.122,0.391,0.716,0.112,0.157,0.651,0.885,0.342,0.544;aaa;
0.721;0.734,0.252,0.261,0.331,0.478,0.426,0.349,0.462,0.612,0.018;aaaaaaaaa;
0.264;0.0335,0.897,0.386,0.409,0.198,0.499,0.802,0.889,0.827,0.854;a;
0.193;0.0743,0.35,0.111,0.659,0.309,0.435,0.452,0.945,0.0216,0.0952;aaaaa;
0.787;0.651,0.665,0.792,0.211,0.274,0.336,0.654,0.571,0.408,0.0276;aaaaa;
0.606;0.133,0.206,0.852,0.972,0.992,0.353,0.0261,0.801,0.0135,0.0744;aaa;
0.774;0.849,0.796,0.911,0.796,0.507,0.36,0.765,0.905,0.166,0.443;aaaaa;
0.553;0.651,0.939,0.132,0.669,0.181,0.811,0.842,0.919,0.431,0.639;aaaaa;
0.473;0.0513,0.557,0.505,0.59,0.413,0.796,0.853,0.988,0.285,0.846;aa;
0.564;0.783,0.343,0.923,0.416,0.0169,0.292,0.781,0.282,0.31,0.665;aaaaa;
0.441;0.865,0.559,0.793,0.93,0.439,0.677,0.258,0.702,0.939,0.577;aaaaa;
0.473;0.0933,0.235,0.502,0.669,0.719,0.638,0.173,0.1,0.89,0.187;aaaaaaa;
0.0043;0.739,0.314,0.491,0.858,0.667,0.892,0.821,0.386,0.25,0.413;aaaaaaaaaa;
0.231;0.638,0.0979,0.506,0.606,0.37,0.465,0.557,0.36,0.0285,0.691;aaaaaaaa;
0.773;0.757,0.0288,0.19,0.346,0.581,0.171,0.192,0.0748,0.354,0.0157;aaaa;
0.962;0.11,0.42,0.739,0.135,0.9,0.346,0.0668,0.365,0.168,0.775;aaaaaaaa;
0.121;0.855,0.661,0.867,0.877,0.655,0.386,0.39,0.689,0.195,0.641;aaaaa;
0.231;0.697,0.256,0.68,0.847,0.663,0.242,0.348,0.823,0.187,0.063;aaaaa;
0.696;0.987,0.313,0.0682,0.0174,0.288,0.511,0.944,0.4,0.87,0.873;aaaaaaaaa;
0.918;0.779,0.847,0.968,0.482,0.0756,0.0297,0.771,0.275,0.984,0.295;aaaaaaaaaa;
0.194;0.677,0.0507,0.49,0.819,0.843,0.64,0.943,0.221,0.763,0.554;aa;
0.912;0.144,0.879,0.385,0.12,0.777,0.467,0.304,0.954,0.432,0.379;aaaaaa;
0.85;0.298,0.819,0.195,0.118,0.63,0.397,0.475,0.13,0.886,0.998;aaaaaaaaaa;
0.303;0.202,0.411,0.831,0.68,0.463,0.931,0.398,0.232,0.981,0.914;a;
0.301;0.712,0.898,0.371,0.0962,0.732,0.733,0.0109,0.311,0.969,0.297;aaaaaaaaa;
0.966;0.852,0.727,0.0521,0.581,0.534,0.941,0.664,0.175,0.829,0.297;aaaaaaa;
0.344;0.771,0.354,0.123,0.325,0.879,0.945,0.526,0.0351,0.894,0.542;aaaaaaaaa;
0.442;0.374,0.831,0.817,0.761,0.299,0.736,0.141,0.195,0.652,0.936;aaaaaaaaa;
0.246;0.198,0.918,0.638,0.641,0.531,0.502,0.691,0.823,0.107,0.0915;aaa;
0.183;0.109,0.32,0.923,0.747,0.795,0.239,0.786,0.328,0.443,0.842;aaaaaaa;
0.301;0.491,0.592,0.431,0.908,0.82,0.195,0.903,0.699,0.443,0.205;aaaaaaaaa;
0.936;0.631,0.134,0.974,0.928,0.854,0.189,0.761,0.882,0.441,0.815;aaaaaaaaaa;
0.205;0.477,0.753,0.715,0.169,0.0572,0.794,0.138,0.237,0.85,0.191;aaaaaaaa;
0.42;0.0334,0.236,0.757,0.225,0.976,0.0446,0.0726,0.366,0.732,0.758;aaaaa;
0.949;0.206,0.619,0.911,0.229,0.271,0.672,0.106,0.95,0.393,0.897;aaaaaaaaaa;
0.0764;0.875,0.231,0.763,0.4,0.891,0.41,0.492,0.973,0.0255,0.671;aaaaaaaaa;
0.263;0.268,0.695,0.334,0.66,0.176,0.348,0.917,0.5,0.789,0.194;aa;
0.791;0.322,0.443,0.927,0.535,0.667,0.757,0.651,0.744,0.468,0.366;a;
0.569;0.496,0.426,0.915,0.698,0.924,0.575,0.634,0.652,0.441,0.186;aaaaaaaaaa;
0.728;0.22,0.121,0.0998,0.595,0.0272,0.394,0.094,0.899,0.748,0.3;aaa;
0.0914;0.675,0.489,0.669,0.0366,0.632,0.996,0.363,0.546,0.0912,0.819;aaaaaaaaa;
0.3;0.991,0.106,0.313,0.551,0.235,0.905,0.2,0.52,0.291,0.723;aaa;
0.179;0.897,0.931,0.609,0.972,0.8,0.891,0.811,0.417,0.18,0.0106;aaaaaaaaaa;
0.965;0.316,0.642,0.96,0.661,0.0548,0.307,0.205,0.769,0.477,0.802;aaaaa;
0.385;0.49,0.797,0.652,0.397,0.956,0.959,0.475,0.512,0.952,0.769;aaaaaaaaa;
0.251;0.0117,0.166,0.427,0.365,0.369,0.41,0.397,0.659,0.939,0.217;aaaaaaa;
0.361;0.448,0.407,0.768,0.19,0.524,0.539,0.777,0.589,0.76,0.516;aaaaaaaaaa;
0.117;0.942,0.451,0.446,0.282,0.0562,0.659,0.658,0.995,0.844,0.117;aaaaaaa;
0.997;0.531,0.102,0.299,0.67,0.246,0.145,0.164,0.119,0.258,0.492;aaaa;
0.3;0.0712,0.771,0.651,0.431,0.236,0.877,0.998,0.0499,0.663,0.738;aaaaaa;
0.938;0.253,0.652,0.215,0.219,0.953,0.245,0.271,0.822,0.81,0.362;aaaaaa;
0.32;0.806,0.0977,0.33,0.802,0.0554,0.907,0.246,0.14,0.51,0.59;aaaa;
0.953;0.787,0.496,0.214,0.878,0.498,0.803,0.0732,0.738,0.796,0.812;aaaaa;
0.378;0.0182,0.479,0.401,0.317,0.124,0.516,0.925,0.125,0.301,0.993;aaaaa;
0.934;0.954,0.585,0.771,0.963,0.704,0.196,0.052,0.502,0.277,0.175;aaaa;
0.746;0.926,0.844,0.888,0.054,0.628,0.203,0.353,0.11,0.833,0.164;aa;
0.53;0.243,0.297,0.915,0.823,0.372,0.806,0.556,0.533,0.846,0.731;aaaaa;
0.352;0.432,0.899,0.691,0.174,0.406,0.515,0.00145,0.192,0.33,0.384;aaa;
0.347;0.0875,0.382,0.382,0.291,0.35,0.996,0.441,0.7,0.667,0.298;aaaaaaa;
0.808;0.862,0.669,0.429,0.793,0.247,0.0993,0.647,0.9,0.494,0.622;aaaaaaaaa;
0.53;0.755,0.828,0.55,0.271,0.33,0.603,0.182,0.161,0.488,0.0234;aaaaa;
0.816;0.212,0.508,0.387,0.819,0.522,0.56,0.382,0.431,0.766,0.456;a;
0.669;0.747,0.267,0.532,0.285,0.0941,0.476,0.91,0.265,0.155,0.561;aaaaaaaaaa;
0.336;0.845,0.463,0.982,0.371,0.989,0.721,0.3,0.612,0.439,0.934;a;
0.102;0.568,0.342,0.486,0.332,0.644,0.697,0.148,0.273,0.314,0.846;aaaaaa;
0.763;0.54,0.908,0.173,0.823,0.282,0.591,0.0269,0.0357,0.315,0.54;aaaaaa;
0.0737;0.147,0.795,0.89,0.154,0.0656,0.409,0.843,0.519,0.82,0.222;aaaaa;
0.268;0.041,0.205,0.512,0.823,0.396,0.552,0.00157,0.345,0.453,0.0383;aaa;
0.651;0.137,0.802,0.392,0.518,0.728,0.226,0.511,0.471,0.526,0.543;a;
0.598;0.0484,0.226,0.642,0.445,0.338,0.854,0.942,0.335,0.601,0.606;a;
0.344;0.804,0.795,0.46,0.52,0.927,0.846,0.642,0.552,0.128,0.248;aaaaaaaaaa;
0.21;0.739,0.584,0.584,0.152,0.711,0.153,0.185,0.825,0.817,0.984;aaaaa;
0.164;0.68,0.751,0.785,0.148,0.46,0.187,0.683,0.557,0.316,0.871;aa;
0.443;0.0518,0.904,0.0632,0.0549,0.665,0.861,0.861,0.2,0.882,0.251;a;
0.349;0.377,0.1,0.699,0.552,0.598,0.907,0.806,0.842,0.618,0.13;aa;
0.619;0.711,0.793,0.887,0.351,0.724,0.411,0.982,0.523,0.8,0.859;aa;
0.758;0.292,0.367,0.36,0.532,0.626,0.394,0.034,0.842,0.827,0.173;aa;
0.835;0.84,0.691,0.821,0.817,0.777,0.9,0.994,0.29,0.179,0.556;aaaaa;
0.569;0.0764,0.109,0.944,0.974,0.184,0.199,0.997,0.0603,0.883,0.0402;aaaaaaa;
0.6;0.505,0.604,0.32,0.507,0.534,0.91,0.512,0.0366,0.427,0.813;aaaaaaa;
0.814;0.2,0.653,0.415,0.462,0.645,0.71,0.263,0.497,0.129,0.455;aaaaaaaaa;
0.387;0.875,0.35,0.156,0.664,0.043,0.0713,0.433,0.805,0.355,0.716;aaaaaa;
0.346;0.207,0.592,0.668,0.0862,0.464,0.751,0.843,0.73,0.515,0.303;aa;
0.13;0.912,0.647,0.702,0.493,0.35,0.152,0.547,0.114,0.664,0.864;a;
0.895;0.311,0.467,0.675,0.674,0.221,0.746,0.501,0.761,0.281,0.256;aa;
0.502;0.672,0.221,0.208,0.223,0.292,0.176,0.99,0.353,0.409,0.571;aaaaaaaaa;
0.297;0.839,0.993,0.155,0.37,0.628,0.717,0.872,0.284,0.702,0.00367;aaaaaaaaa;
0.583;0.966,0.767,0.573,0.0132,0.0232,0.832,0.232,0.0279,0.309,0.434;aaaa;
0.709;0.55,0.478,0.959,0.731,0.396,0.0169,0.565,0.205,0.329,0.0919;aaaaaaaaa;
0.293;0.835,0.477,0.396,0.957,0.0742,0.6,0.874,0.444,0.818,0.497;aaaaaaaa;
0.632;0.124,0.249,0.28,0.118,0.865,0.0585,0.18,0.365,0.9,0.236;aaaaaaa;
0.627;0.738,0.0149,0.203,0.844,0.517,0.0603,0.753,0.933,0.97,0.515;a;
0.622;0.637,0.725,0.956,0.799,0.692,0.751,0.69,0.5,0.685,0.649;a;
0.56;0.314,0.126,0.716,0.83,0.403,0.00956,0.324,0.664,0.669,0.498;aa;
0.844;0.315,0.38,0.546,0.862,0.901,0.948,0.111,0.266,0.17,0.0619;a;
0.943;0.0529,0.309,0.166,0.156,0.0413,0.892,0.617,0.371,0.386,0.461;aaaaaaaaaa;
0.601;0.356,0.121,0.619,0.0369,0.689,0.388,0.465,0.408,0.967,0.456;a;
0.442;0.133,0.985,0.407,0.627,0.798,0.102,0.375,0.512,0.0213,0.98;aaaa;
0.985;0.688,0.152,0.437,0.822,0.489,0.647,0.957,0.428,0.0514,0.676;aaaaaaaaa;
0.0261;0.023,0.905,0.573,0.978,0.327,0.0295,0.319,0.683,0.734,0.82;aaaaaaaa;
0.43;0.355,0.272,0.742,0.624,0.914,0.971,0.329,0.577,0.271,0.481;aaaaaaaaa;
0.252;0.0103,0.112,0.773,0.0974,0.518,0.923,0.38,0.416,0.62,0.039;aaaaaaa;
0.478;0.625,0.446,0.794,0.315,0.99,0.269,0.405,0.133,0.0499,0.572;aaa;
0.122;0.843,0.95,0.682,0.523,0.776,0.339,0.376,0.956,0.512,0.437;aaaaa;
0.533;0.0391,0.696,0.0881,0.685,0.417,0.836,0.277,0.358,0.469,0.578;aaaaa;
0.113;0.889,0.000679,0.9,0.437,0.313,0.952,0.514,0.446,0.981,0.669;aaa;
0.282;0.854,0.609,0.424,0.823,0.893,0.63,0.202,0.658,0.905,0.674;aaaaaaaa;
0.729;0.615,0.473,0.0327,0.853,0.231,0.171,0.0382,0.194,0.399,0.000593;aa;
0.263;0.119,0.655,0.116,0.143,0.769,0.548,0.575,0.0124,0.234,0.667;a;
0.687;0.516,0.0949,0.0895,0.769,0.967,0.0106,0.12,0.893,0.0159,0.495;aaaaa;
0.503;0.397,0.198,0.937,0.607,0.744,0.225,0.718,0.884,0.132,0.499;aaaaaaaaa;
0.274;0.605,0.933,0.296,0.342,0.146,0.762,0.842,0.579,0.00454,0.372;aaaaaaaaa;
0.143;0.312,0.273,0.321,0.103,0.827,0.83,0.965,0.766,0.8,0.00876;aaa;
0.294;0.395,0.114,0.813,0.324,0.485,0.833,0.992,0.0137,0.509,0.387;a;
0.397;0.396,0.566,0.203,0.636,0.158,0.574,0.604,0.0756,0.00342,0.303;aaaaaa;
0.515;0.291,0.549,0.722,0.00225,0.931,0.472,0.563,0.0123,0.0172,0.0655;aaaaaaaa;
0.983;0.739,0.953,0.0616,0.557,0.0351,0.806,0.433,0.313,0.25,0.0537;aaaaaaaa;
0.652;0.63,0.741,0.46,0.436,0.0511,0.971,0.0853,0.516,0.425,0.631;aa;
0.97;0.152,0.175,0.571,0.801,0.921,0.506,0.953,0.391,0.933,0.225;aaaaa;
0.374;0.994,0.0185,0.366,0.764,0.872,0.212,0.628,0.424,0.38,0.216;aaaaaaa;
0.792;0.341,0.0779,0.689,0.24,0.418,0.0708,0.475,0.58,0.251,0.915;aa;
0.286;0.963,0.982,0.52,0.761,0.678,0.992,0.499,0.278,0.783,0.521;aaaaa;
0.862;0.977,0.88,0.175,0.0473,0.731,0.906,0.552,0.906,0.135,0.0782;aa;
0.819;0.541,0.276,0.784,0.0122,0.854,0.838,0.884,0.754,0.0814,0.15;aaaaaaaaa;
0.894;0.668,0.0851,0.913,0.304,0.715,0.0493,0.366,0.705,0.114,0.343;aaaaaa;
0.517;0.247,0.853,0.497,0.49,0.46,0.611,0.135,0.314,0.974,0.595;aa;
0.965;0.00618,0.00493,0.439,0.44,0.537,0.385,0.863,0.519,0.0221,0.746;aaaaaaaaa;
0.59;0.978,0.281,0.818,0.495,0.588,0.0788,0.176,0.556,0.652,0.786;aaaaaa;
0.54;0.943,0.745,0.557,0.54,0.527,0.616,0.248,0.605,0.291,0.677;aaaaaaa;
0.879;0.676,0.244,0.391,0.997,0.621,0.13,0.659,0.0281,0.111,0.919;aaaaaaa;
0.101;0.694,0.941,0.809,0.47,0.425,0.328,0.713,0.098,0.505,0.00276;aaaaaaa;
0.391;0.841,0.238,0.549,0.232,0.5,0.0495,0.696,0.656,0.231,0.369;aa;
0.117;0.935,0.678,0.876,0.695,0.987,0.128,0.142,0.867,0.157,0.38;aaaaaaaaa;
0.919;0.996,0.671,0.414,0.796,0.113,0.961,0.768,0.974,0.784,0.359;aaaaaaaaaa;
0.0684;0.934,0.52,0.212,0.0633,0.807,0.954,0.503,0.353,0.304,0.0494;aaaa;
0.459;0.397,0.119,0.0298,0.0235,0.428,0.15,0.324,0.808,0.748,0.662;aa;
0.111;0.606,0.946,0.166,0.078,0.0323,0.584,0.00715,0.0146,0.932,0.268;aaaaaa;
0.549;0.318,0.116,0.426,0.455,0.409,0.914,0.0539,0.668,0.106,0.491;aaaaaaaaaa;
0.466;0.228,0.901,0.722,0.113,0.958,0.393,0.701,0.92,0.986,0.531;aaaaaa;
0.433;0.158,0.287,0.765,0.351,0.239,0.728,0.597,0.714,0.704,0.0299;aaaaaaa;
0.657;0.663,0.925,0.627,0.453,0.658,0.94,0.664,0.337,0.415,0.781;aaaaaaaaa;
0.787;0.0952,0.263,0.0564,0.0901,0.311,0.308,0.352,0.69,0.64,0.611;aaaaaa;
0.71;0.518,0.0585,0.653,0.581,0.551,0.853,0.4,0.115,0.14,0.523;aaaa;
0.875;0.447,0.943,0.739,0.543,0.0537,0.554,0.559,0.0867,0.413,0.535;aaaaaaaaa;
0.371;0.37,0.0822,0.0988,0.804,0.672,0.569,0.414,0.642,0.74,0.96;aaa;
0.434;0.486,0.472,0.795,0.196,0.373,0.291,0.271,0.61,0.787,0.559;aaaaaaa;
0.469;0.997,0.67,0.147,0.366,0.64,0.189,0.85,0.582,0.818,0.0924;aaaaaaaaaa;
0.723;0.379,0.291,0.85,0.572,0.481,0.704,0.623,0.18,0.778,0.573;aaaaaa;
0.161;0.072,0.00314,0.128,0.985,0.513,0.064,0.556,0.34,0.838,0.461;aaa;
0.707;0.227,0.615,0.726,0.71,0.145,0.495,0.234,0.0322,0.335,0.922;aaaa;
0.461;0.171,0.91,0.631,0.373,0.869,0.517,0.806,0.00523,0.397,0.769;aaaaaa;
0.502;0.629,0.992,0.024,0.953,0.28,0.0737,0.943,0.361,0.466,0.556;a;
0.812;0.771,0.497,0.367,0.198,0.611,0.108,0.916,0.757,0.938,0.127;aaaaaaaaaa;
0.821;0.549,0.305,0.992,0.31,0.793,0.651,0.738,0.896,0.0601,0.164;aa;
0.941;0.652,0.574,0.437,0.131,0.0868,0.534,0.299,0.0895,0.852,0.0464;aaaaa;
0.968;0.103,0.985,0.31,0.746,0.115,0.219,0.704,0.384,0.325,0.312;aaaaa;
0.964;0.354,0.344,0.763,0.247,0.0798,0.311,0.673,0.684,0.98,0.96;aaaa;
0.96;0.915,0.891,0.603,0.689,0.483,0.24,0.494,0.514,0.942,0.531;aaaa;
0.0192;0.345,0.736,0.526,0.0559,0.854,0.0154,0.34,0.864,0.124,0.679;a;
0.236;0.305,0.483,0.00235,0.817,0.809,0.483,0.96,0.859,0.42,0.315;aaaaaaaaaa;
0.339;0.456,0.529,0.463,0.441,0.174,0.344,0.708,0.676,0.331,0.688;aaaaaaaaa;
0.181;0.196,0.845,0.527,0.11,0.987,0.499,0.866,0.663,0.442,0.647;a;
0.792;0.932,0.292,0.349,0.44,0.625,0.79,0.257,0.884,0.833,0.0278;aaaaaaa;
0.728;0.0341,0.87,0.12,0.25,0.93,0.682,0.5,0.404,0.0656,0.229;aaa;
0.0177;0.478,0.489,0.796,0.727,0.436,0.104,0.714,0.931,0.194,0.981;a;
0.257;0.353,0.0939,0.4,0.347,0.866,0.741,0.675,0.304,0.383,0.58;a;
0.27;0.484,0.272,0.824,0.881,0.265,0.375,0.249,0.0136,0.606,0.99;aaaa;
0.67;0.588,0.586,0.373,0.853,0.138,0.425,0.845,0.249,0.909,0.453;aaa;
0.449;0.729,0.841,0.721,0.33,0.207,0.0923,0.0323,0.824,0.235,0.56;aaaaaaaaaa;
0.49;0.498,0.65,0.0389,0.663,0.33,0.868,0.713,0.0404,0.179,0.273;a;
0.107;0.783,0.411,0.869,0.0544,0.863,0.654,0.912,0.155,0.374,0.112;a;
0.416;0.571,0.428,0.0874,0.745,0.287,0.249,0.838,0.679,0.137,0.666;aaa;
0.453;0.0934,0.457,0.865,0.807,0.773,0.0127,0.692,0.638,0.104,0.95;aaaaaaaaaa;
0.963;0.486,0.501,0.979,0.692,0.758,0.17,0.516,0.128,0.271,0.947;aaaa;
0.98;0.284,0.893,0.233,0.493,0.203,0.359,0.809,0.657,0.25,0.0271;aaaaa;
0.257;0.699,0.463,0.227,0.532,0.654,0.61,0.67,0.846,0.524,0.565;aaaa;
0.421;0.634,0.4,0.969,0.911,0.567,0.573,0.863,0.56,0.436,0.962;a;
0.0774;0.654,0.208,0.908,0.0487,0.462,0.452,0.183,0.0723,0.543,0.0458;aaaaaaaaaa;
0.617;0.115,0.728,0.95,0.0141,0.64,0.113,0.0845,0.694,0.387,0.523;aaaaa;
0.617;0.491,0.607,0.237,0.569,0.0953,0.124,0.597,0.487,0.799,0.0246;aaaa;
0.563;0.605,0.671,0.394,0.289,0.859,0.358,0.154,0.272,0.437,0.0777;aaa;
0.0982;0.432,0.561,0.25,0.868,0.125,0.659,0.322,0.284,0.972,0.828;aaaaaaaaaa;
0.629;0.95,0.141,0.779,0.705,0.68,0.154,0.945,0.601,0.274,0.788;aa;
0.619;0.00596,0.386,0.772,0.965,0.649,0.547,0.97,0.675,0.951,0.928;aaaa;
0.682;0.00174,0.927,0.0414,0.227,0.594,0.939,0.766,0.384,0.58,0.572;aaaaaa;
0.672;0.649,0.437,0.297,0.518,0.0747,0.373,0.507,0.0839,0.873,0.575;a;
0.26;0.75,0.541,0.787,0.446,0.707,0.585,0.995,0.171,0.486,0.914;aaa;
0.341;0.0677,0.121,0.67,0.715,0.326,0.584,0.78,0.41,0.234,0.18;aaaaaaaaa;
0.0603;0.251,0.495,0.674,0.891,0.057,0.196,0.435,0.894,0.543,0.407;aaa;
0.676;0.417,0.262,0.0659,0.182,0.942,0.107,0.897,0.748,0.633,0.0148;aaaa;
0.886;0.82,0.45,0.926,0.811,0.307,0.319,0.796,0.765,0.364,0.196;aa;
0.648;0.931,0.881,0.503,0.11,0.353,0.308,0.858,0.838,0.146,0.388;aa;
0.1;0.525,0.752,0.0961,0.876,0.531,0.53,0.63,0.718,0.0103,0.799;aaaaaaaa;
0.617;0.719,0.0551,0.482,0.349,0.21,0.569,0.031,0.0141,0.825,0.782;aaaaaaaaa;
0.972;0.777,0.363,0.718,0.936,0.0566,0.601,0.593,0.46,0.864,0.224;aaaa;
0.941;0.26,0.105,0.754,0.474,0.124,0.48,0.731,0.765,0.19,0.897;aa;
0.721;0.861,0.987,0.709,0.635,0.547,0.274,0.217,0.229,0.736,0.361;aaaaaaaa;
0.784;0.11,0.598,0.763,0.287,0.698,0.419,0.415,0.772,0.0837,0.455;a;
0.286;0.627,0.74,0.38,0.452,0.466,0.559,0.814,0.988,0.499,0.21;aaaaaa;
0.287;0.0455,0.088,0.0118,0.26,0.498,0.549,0.84,0.84,0.0497,0.0725;aaaa;
0.627;0.049,0.0955,0.911,0.327,0.193,0.133,0.635,0.88,0.915,0.371;aaaaaaaaa;
0.515;0.971,0.332,0.736,0.235,0.529,0.311,0.376,0.487,0.368,0.0805;aaaaaaaaaa;
0.671;0.379,0.234,0.632,0.461,0.949,0.74,0.187,0.0668,0.373,0.363;aaaaaaa;
0.0527;0.57,0.411,0.824,0.22,0.0178,0.868,0.829,0.954,0.231,0.335;aaaaaaaaa;
0.558;0.977,0.434,0.683,0.0318,0.348,0.834,0.225,0.0941,0.643,0.75;aa;
0.812;0.248,0.645,0.37,0.13,0.436,0.824,0.638,0.255,0.372,0.196;aaaaaaaaa;
0.724;0.0796,0.625,0.365,0.578,0.381,0.214,0.742,0.49,0.848,0.145;aaaaaaaaa;
0.89;0.601,0.155,0.84,0.571,0.35,0.632,0.492,0.0181,0.565,0.706;aaaaaaaaaa;
0.179;0.0795,0.531,0.236,0.745,0.276,0.764,0.212,0.771,0.0827,0.825;aaaaaaa;
0.764;0.413,0.346,0.538,0.941,0.427,0.501,0.157,0.734,0.273,0.979;aa;
0.517;0.411,0.855,0.106,0.64,0.0172,0.82,0.91,0.248,0.922,0.657;aaaaa;
0.341;0.695,0.333,0.582,0.0775,0.0419,0.0347,0.333,0.969,0.437,0.348;aaaa;
0.244;0.798,0.468,0.915,0.858,0.791,0.687,0.838,0.698,0.208,0.0804;aaaaaaaaaa;
0.306;0.653,0.644,0.401,0.764,0.646,0.119,0.954,0.979,0.803,0.91;aaaaaaaa;
0.547;0.887,0.596,0.517,0.789,0.343,0.294,0.91,0.966,0.161,0.59;a;
0.6;0.646,0.538,0.654,0.0113,0.55,0.761,0.333,0.524,0.681,0.9;aaaaaa;
0.445;0.0722,0.207,0.297,0.938,0.618,0.0327,0.173,0.535,0.9,0.504;aaaaa;
0.909;0.47,0.802,0.457,0.363,0.978,0.339,0.195,0.178,0.691,0.429;aaaaaaa;
0.573;0.853,0.37,0.274,0.816,0.893,0.0093,0.714,0.765,0.461,0.227;aaaaaaaaaa;
0.385;0.558,0.117,0.493,0.611,0.796,0.209,0.888,0.321,0.393,0.00775;aaaaa;
0.156;0.271,0.0796,0.43,0.468,0.566,0.903,0.79,0.628,0.471,0.539;aaa;
0.405;0.378,0.986,0.684,0.0618,0.514,0.196,0.212,0.397,0.826,0.899;aaaaaa;
0.238;0.194,0.727,0.0907,0.214,0.451,0.649,0.896,0.449,0.829,0.724;aa;
0.495;0.204,0.0322,0.654,0.684,0.517,0.799,0.315,0.572,0.682,0.055;aaaaa;
0.833;0.0833,0.763,0.722,0.952,0.633,0.957,0.233,0.535,0.742,0.915;aaaaaaaaa;
0.527;0.742,0.35,0.92,0.958,0.531,0.887,0.134,0.233,0.123,0.282;aa;
0.629;0.191,0.00649,0.399,0.723,0.961,0.0518,0.284,0.923,0.84,0.704;aaaaaa;
0.41;0.482,0.401,0.28,0.337,0.854,0.0305,0.848,0.233,0.725,0.577;aaaaaaaaaa;
0.646;0.432,0.828,0.767,0.309,0.551,0.766,0.127,0.721,0.195,0.1;aaaaaaaaa;
0.645;0.734,0.962,0.625,0.759,0.424,0.472,0.392,0.0582,0.84,0.29;aaaaaaaaa;
0.663;0.478,0.339,0.666,0.223,0.917,0.232,0.316,0.734,0.331,0.783;aaaaaaaaa;
0.952;0.065,0.198,0.00924,0.901,0.377,0.898,0.946,0.575,0.846,0.674;aaaaaaaaaa;
0.507;0.697,0.202,0.53,0.0531,0.0526,0.114,0.0502,0.834,0.791,0.987;aaaaa;
0.0874;0.597,0.869,0.951,0.654,0.181,0.921,0.197,0.245,0.0897,0.907;aaaaaaa;
0.718;0.615,0.725,0.728,0.554,0.249,0.246,0.505,0.0902,0.226,0.561;aaaaaaaaaa;
0.171;0.608,0.379,0.12,0.948,0.205,0.74,0.0823,0.355,0.53,0.79;aaaaaaa;
0.542;0.0239,0.764,0.485,0.283,0.434,0.249,0.691,0.285,0.562,0.975;aa;
0.449;0.636,0.805,0.0117,0.496,0.0223,0.347,0.814,0.52,0.415,0.414;aaaaaaaa;
0.13;0.595,0.156,0.989,0.732,0.314,0.181,0.499,0.0267,0.219,0.118;aaaa;
0.14;0.828,0.329,0.207,0.758,0.9,0.867,0.669,0.205,0.0818,0.861;aaaaa;
0.949;0.486,0.704,0.536,0.224,0.0495,0.689,0.522,0.485,0.469,0.579;a;
0.352;0.916,0.387,0.955,0.245,0.423,0.668,0.605,0.971,0.855,0.598;aaaaaa;
0.609;0.358,0.996,0.674,0.882,0.346,0.634,0.142,0.993,0.773,0.0486;aaaa;
0.637;0.719,0.445,0.724,0.368,0.476,0.158,0.658,0.00309,0.742,0.313;aaaaaaa;
0.415;0.124,0.233,0.219,0.888,0.655,0.194,0.298,0.919,0.911,0.447;a;
0.621;0.4,0.13,0.134,0.954,0.218,0.447,0.236,0.93,0.996,0.253;aaaaaaaaaa;
0.438;0.806,0.341,0.837,0.0162,0.145,0.862,0.279,0.536,0.986,0.111;aaaaaaaa;
0.989;0.46,0.441,0.418,0.92,0.481,0.431,0.77,0.232,0.553,0.592;aaaaaaa;
0.736;0.179,0.0937,0.369,0.252,0.375,0.707,0.0996,0.294,0.595,0.453;aa;
0.366;0.704,0.864,0.0429,0.31,0.85,0.707,0.659,0.59,0.706,0.23;aaa;
0.77;0.584,0.265,0.253,0.247,0.413,0.827,0.355,0.674,0.348,0.358;aaaa;
0.635;0.633,0.239,0.462,0.84,0.217,0.575,0.434,0.899,0.316,0.802;aaaaaaaa;
0.903;0.315,0.906,0.675,0.0266,0.319,0.936,0.444,0.0156,0.0349,0.625;aa;
0.111;0.512,0.546,0.441,0.661,0.896,0.0245,0.273,0.0136,0.499,0.525;a;
0.399;0.635,0.135,0.444,0.974,0.927,0.792,0.127,0.941,0.118,0.496;a;
0.968;0.872,0.412,0.982,0.379,0.971,0.904,0.608,0.774,0.402,0.976;aaaaaaaaaa;
0.998;0.0386,0.0324,0.882,0.315,0.883,0.589,0.343,0.405,0.481,0.723;aaaa;
0.165;0.552,0.522,0.598,0.0783,0.506,0.808,0.0395,0.404,0.654,0.761;aaa;
0.352;0.167,0.816,0.67,0.259,0.319,0.979,0.4,0.0292,0.369,0.548;aaaaaaaa;
0.656;0.351,0.194,0.415,0.027,0.751,0.803,0.00831,0.405,0.45,0.884;aaaaaaaa;
0.998;0.947,0.225,0.353,0.708,0.769,0.965,0.121,0.582,0.0102,0.317;aaaa;
0.0879;0.2,0.539,0.0696,0.578,0.223,0.834,0.431,0.892,0.00807,0.537;aaa;
0.799;0.0842,0.0733,0.196,0.324,0.528,0.85,0.0302,0.483,0.605,0.366;aaa;
0.676;0.443,0.837,0.871,0.236,0.558,0.718,0.0128,0.39,0.211,0.525;a;
0.385;0.962,0.208,0.267,0.485,0.24,0.185,0.739,0.351,0.514,0.046;a;
0.0266;0.181,0.117,0.837,0.799,0.219,0.548,0.688,0.828,0.592,0.148;aaaaaaaaaa;
0.248;0.798,0.0271,0.689,0.816,0.896,0.579,0.934,0.555,0.134,0.955;aaaaaaa;
0.877;0.415,0.987,0.896,0.213,0.232,0.558,0.537,0.211,0.913,0.419;a;
0.379;0.45,0.873,0.622,0.583,0.675,0.163,0.0189,0.462,0.846,0.836;aaa;
0.623;0.277,0.495,0.298,0.837,0.928,0.401,0.189,0.382,0.292,0.945;aaaaa;
0.554;0.83,0.527,0.782,0.17,0.963,0.861,0.121,0.184,0.434,0.947;aaaaaa;
0.884;0.27,0.369,0.559,0.00265,0.356,0.553,0.929,0.861,0.459,0.611;aaaa;
0.154;0.0205,0.349,0.118,0.747,0.657,0.234,0.896,0.121,0.659,0.171;aaaaaaaaaa;
0.124;0.806,0.471,0.149,0.0133,0.0541,0.0165,0.95,0.0306,0.0704,0.937;aaaaaaaa;
0.528;0.871,0.756,0.757,0.051,0.948,0.248,0.772,0.691,0.859,0.998;aaaaaaaa;
0.715;0.367,0.193,0.816,0.44,0.543,0.634,0.715,0.558,0.777,0.311;aaaaaaaa;
0.916;0.824,0.212,0.479,0.797,0.0663,0.316,0.633,0.48,0.196,0.91;aaaaaaaaaa;
0.0957;0.386,0.728,0.036,0.00247,0.752,0.163,0.626,0.0148,0.602,0.638;aaaaaa;
0.397;0.424,0.365,0.632,0.891,0.0926,0.375,0.654,0.332,0.0726,0.687;aaaa;
0.136;0.24,0.492,0.93,0.774,0.51,0.156,0.578,0.879,0.482,0.968;a;
0.059;0.103,0.324,0.438,0.574,0.275,0.969,0.94,0.367,0.885,0.0508;aaaaaaaa;
0.499;0.516,0.149,0.609,0.796,0.958,0.557,0.226,0.607,0.19,0.904;aaaaaaaaaa;
0.833;0.144,0.967,0.34,0.519,0.679,0.089,0.806,0.187,0.868,0.378;aaaaa;
0.635;0.0397,0.764,0.307,0.777,0.0196,0.699,0.593,0.96,0.72,0.205;aaaa;
0.925;0.0793,0.699,0.033,0.68,0.00884,0.847,0.964,0.0384,0.325,0.545;aa;
0.64;0.314,0.506,0.242,0.202,0.429,0.224,0.613,0.966,0.0753,0.427;aaaaaaaa;
0.715;0.0393,0.801,0.819,0.413,0.57,0.351,0.723,0.301,0.765,0.117;aaaaaaaaaa;
0.189;0.247,0.497,0.0621,0.943,0.622,0.387,0.534,0.588,0.85,0.669;aaaaaa;
0.0783;0.149,0.0803,0.824,0.502,0.578,0.202,0.784,0.129,0.63,0.506;aaaaaaa;
0.974;0.307,0.267,0.113,0.935,0.463,0.207,0.682,0.952,0.54,0.1;aaaa;
0.858;0.696,0.348,0.648,0.0752,0.615,0.188,0.978,0.528,0.895,0.878;aaaaa;
0.814;0.038,0.927,0.581,0.368,0.212,0.444,0.918,0.884,0.935,0.218;aaaaa;
0.312;0.0527,0.807,0.0361,0.676,0.793,0.336,0.00148,0.00832,0.792,0.639;aa;
0.639;0.957,0.145,0.548,0.0917,0.22,0.619,0.741,0.764,0.987,0.249;aaaa;
0.78;1,0.887,0.266,0.658,0.233,0.842,0.678,0.0165,0.456,0.597;aaaaaa;
0.478;0.693,0.199,0.998,0.198,0.896,0.442,0.698,0.408,0.683,0.102;aaa;
0.23;0.395,0.848,0.467,0.643,0.868,0.496,0.0715,0.823,0.0754,0.673;aaaaaaa;
0.6;0.344,0.99,0.558,0.857,0.48,0.485,0.533,0.333,0.817,0.664;aaaaaaaaa;
0.966;0.115,0.715,0.732,0.264,0.0335,0.409,0.724,0.929,0.167,0.67;a;
0.743;0.162,0.11,0.604,0.577,0.328,0.18,0.355,0.723,0.161,0.76;a;
0.798;0.521,0.968,0.209,0.19,0.925,0.0317,0.45,0.203,0.711,0.59;aaaaaaaaaa;
0.754;0.11,0.292,0.538,0.903,0.677,0.921,0.951,0.298,0.468,0.571;aaaaaa;
0.815;0.989,0.061,0.289,0.782,0.336,0.348,0.805,0.643,0.576,0.109;aa;
0.833;0.306,0.65,0.366,0.315,0.343,0.132,0.624,0.112,0.255,0.704;aaaaaaaaa;
0.0857;0.773,0.467,0.71,0.555,0.375,0.776,0.957,0.563,0.993,0.962;aa;
0.779;0.129,0.00051,0.659,0.313,0.444,0.577,0.698,0.589,0.712,0.628;a;
0.117;0.779,0.55,0.951,0.383,0.129,0.93,0.455,0.86,0.283,0.341;a;
0.244;0.979,0.587,0.384,0.16,0.894,0.678,0.92,0.777,0.469,0.886;aaaaa;
0.24;0.326,0.571,0.177,0.659,0.0861,0.198,0.457,0.813,0.561,0.00617;aaaaaaaaaa;
0.975;0.063,0.544,0.171,0.881,0.505,0.0595,0.554,0.995,0.0763,0.21;aaaaaaa;
0.985;0.087,0.14,0.643,0.817,0.523,0.434,0.291,0.418,0.0284,0.57;aaaaaaa;
0.915;0.253,0.949,0.471,0.316,0.833,0.99,0.291,0.771,0.304,0.605;aaaaaaaaa;
0.572;0.237,0.843,0.511,0.701,0.869,0.205,0.941,0.0989,0.6,0.0449;aaaaaaaa;
0.987;0.202,0.229,0.513,0.296,0.421,0.133,0.566,0.354,0.461,0.235;aaaaaaa;
0.675;0.994,0.264,0.753,0.585,0.19,0.106,0.924,0.288,0.503,0.0593;aaaaaaa;
0.00673;0.417,0.356,0.0525,0.588,0.428,0.498,0.698,0.853,0.845,0.191;aaaaaaaaaa;
0.992;0.729,0.715,0.293,0.974,0.892,0.0587,0.312,0.903,0.419,0.726;a;
0.52;0.624,0.199,0.245,0.0301,0.169,0.00043,0.236,0.179,0.705,0.388;aaaaaaaaa;
0.488;0.0673,0.197,0.401,0.398,0.152,0.506,0.608,0.989,0.493,0.872;aaa;
0.107;0.773,0.264,0.0379,0.62,0.403,0.0215,0.167,0.645,0.349,0.901;aaaaaaaaaa;
0.799;0.399,0.854,0.709,0.683,0.325,0.301,0.789,0.947,0.716,0.796;a;
0.37;0.449,0.256,0.435,0.23,0.163,0.164,0.323,0.0499,0.956,0.773;aaaaa;
0.394;0.807,0.959,0.947,0.0571,0.191,0.684,0.118,0.691,0.278,0.782;aa;
0.725;0.801,0.276,0.969,0.0462,0.836,0.955,0.569,0.961,0.528,0.973;aaaaa;
0.252;0.148,0.662,0.241,0.287,0.0921,0.877,0.722,0.748,0.069,0.63;aaaaaaaaa;
0.888;0.806,0.744,0.134,0.494,0.63,0.38,0.869,0.75,0.36,0.442;aaaaaa;
0.527;0.261,0.938,0.442,0.459,0.926,0.65,0.425,0.874,0.721,0.0502;aaaaa;
0.962;0.389,0.889,0.999,0.159,0.176,0.834,0.43,0.429,0.596,0.564;aaaaaaa;
0.113;0.217,0.21,0.829,0.683,1,0.528,0.00171,0.153,0.392,0.41;aaaaaaaaaa;
0.231;0.575,0.767,0.913,0.784,0.128,0.354,0.373,0.772,0.163,0.00862;aaaaa;
0.521;0.555,0.182,0.322,0.793,0.123,0.86,0.92,0.652,0.586,0.207;aaaa;
0.091;0.322,0.388,0.0692,0.893,0.508,0.207,0.147,0.281,0.0699,0.652;aaaaaaaaa;
0.346;0.626,0.361,0.309,0.36,0.391,0.956,0.699,0.31,0.762,0.317;aaa;
0.82;0.949,0.179,0.0272,0.499,0.328,0.301,0.106,0.598,0.672,0.703;aaaaaaaaaa;
0.65;0.572,0.676,0.723,0.388,0.351,0.764,0.992,0.709,0.259,0.0928;a;
0.264;0.554,0.68,0.548,0.769,0.21,0.781,0.394,0.294,0.00892,0.821;aaaaaaaaa;
0.32;0.163,0.285,0.808,0.698,0.0759,0.0285,0.0713,0.567,0.432,0.839;aaaaaaaa;
0.653;0.485,0.0501,0.183,0.656,0.793,0.803,0.489,0.842,0.723,0.155;aaaaaa;
0.238;0.671,0.833,0.846,0.489,0.2,0.613,0.782,0.145,0.253,0.263;aaaaaaaa;
0.584;0.668,0.281,0.82,0.28,0.376,0.195,0.817,0.122,0.866,0.343;aa;
0.767;0.245,0.575,0.712,0.596,0.376,0.24,0.116,0.624,0.291,0.382;aa;
0.393;0.903,0.982,0.518,0.548,0.0842,0.0756,0.392,0.514,0.99,0.0314;aaa;
0.965;0.994,0.488,0.468,0.894,0.464,0.753,0.739,0.467,0.382,0.817;aaaa;
0.897;0.38,0.22,0.0265,0.381,0.743,0.459,0.686,0.466,0.259,0.1;aaaaaaaa;
0.557;0.757,0.618,0.477,0.905,0.599,0.181,0.0761,0.246,0.473,0.0689;aaaaaaaaa;
0.026;0.898,0.569,0.43,0.822,0.214,0.958,0.0892,0.543,0.324,0.791;aaaaaaaa;
0.543;0.876,0.611,0.116,0.248,0.379,0.2,0.0586,0.667,0.608,0.16;aaaaaa;
0.772;0.306,0.0477,0.572,0.259,0.899,0.864,0.648,0.996,0.216,0.0358;a;
0.536;0.239,0.705,0.439,0.564,0.655,0.73,0.435,0.811,0.0799,0.997;aaaaaaaaa;
0.638;0.2,0.207,0.0997,0.00879,0.737,0.347,0.625,0.174,0.571,0.619;a;
0.00497;0.182,0.608,0.477,0.47,0.71,0.831,0.987,0.937,0.603,0.791;a;
0.451;0.458,0.382,0.864,0.165,0.67,0.717,0.0311,0.0862,0.804,0.49;aaaaaaaaaa;
0.681;0.635,0.161,0.0707,0.224,0.227,0.0605,0.0689,0.712,0.738,0.864;aaaaaaaa;
0.594;0.995,0.372,0.154,0.692,0.735,0.373,0.308,0.868,0.282,0.673;aa;
0.755;0.171,0.445,0.613,0.131,0.159,0.792,0.862,0.557,0.0142,0.814;aaaaaaa;
0.623;0.727,0.586,0.487,0.484,0.818,0.789,0.2,0.947,0.181,0.0555;aa;
0.239;0.74,0.0835,0.184,0.679,0.181,0.879,0.714,0.578,0.511,0.941;aa;
0.204;0.743,0.293,0.638,0.603,0.34,0.25,0.993,0.00182,0.521,0.202;aa;
0.136;0.895,0.443,0.411,0.319,0.79,0.252,0.367,0.628,0.246,0.617;aaaa;
0.364;0.71,0.47,0.774,0.0453,0.135,0.0687,0.953,0.805,0.37,0.308;aa;
0.891;0.843,0.0102,0.0832,0.635,0.919,0.116,0.0071,0.205,0.017,0.163;aaaaa;
0.715;0.463,0.968,0.468,0.394,0.238,0.712,0.732,0.972,0.21,0.614;aaaaaa;
0.0423;0.179,0.652,0.832,0.658,0.38,0.433,0.444,0.0709,0.908,0.834;aaaaaaaaaa;
0.912;0.861,0.676,0.958,0.885,0.311,0.818,0.315,0.474,0.161,0.855;aaaaa;
0.387;0.807,0.198,0.0497,0.915,0.79,0.588,0.33,0.92,0.394,0.544;aaaaaaaa;
0.937;0.711,0.909,0.191,0.239,0.832,0.525,0.943,0.666,0.429,0.399;aa;
0.73;0.344,0.656,0.327,0.886,0.445,0.752,0.918,0.889,0.583,0.498;aaa;
0.2;0.861,0.211,0.522,0.00203,0.622,0.235,0.509,0.18,0.204,0.493;aaaaaaaaaa;
0.662;0.409,0.46,0.98,0.805,0.889,0.952,0.0713,0.402,0.743,0.517;a;
0.78;0.957,0.205,0.65,0.577,0.452,0.34,0.352,0.838,0.528,0.111;aaaaaaaaaa;
0.199;0.052,0.573,0.958,0.948,0.728,0.753,0.115,0.101,0.877,0.136;aaa;
0.587;0.825,0.968,0.0262,0.385,0.48,0.43,0.369,0.137,0.342,0.0888;aaa;
0.445;0.037,0.369,0.665,0.377,0.699,0.106,0.108,0.904,0.132,0.982;aaaaaaaaa;
0.576;0.535,0.747,0.897,0.685,0.785,0.921,0.71,0.829,0.868,0.464;aaaaaaaaa;
0.923;0.858,0.008,0.279,0.103,0.655,0.373,0.179,0.862,0.208,0.116;aaaaaa;
0.0586;0.725,0.947,0.991,0.497,0.0544,0.775,0.363,0.542,0.216,0.75;a;
0.78;0.399,0.708,0.232,0.906,0.849,0.886,0.166,0.561,0.487,0.927;aaaaaaaaaa;
0.153;0.717,0.904,0.831,0.0629,0.218,0.49,0.656,0.477,0.954,0.912;aaaaaaa;
0.165;0.689,0.474,0.579,0.921,0.445,0.567,0.203,0.725,0.121,0.11;a;
0.2;0.8,0.613,0.427,0.952,0.174,0.217,0.271,0.779,0.365,0.723;aaaaaaaaa;
0.776;0.714,0.824,0.0456,0.405,0.74,0.0773,0.388,0.195,0.897,0.759;aaaaaaa;
0.598;0.618,0.673,0.482,0.874,0.0574,0.435,0.748,0.702,0.448,0.488;aaaaaaa;
0.313;0.599,0.191,0.398,0.742,0.586,0.151,0.796,0.519,0.47,0.0911;aa;
0.0268;0.987,0.966,0.194,0.354,0.358,0.114,0.849,0.327,0.396,0.608;aa;
0.0388;0.0313,0.945,0.0711,0.273,0.0732,0.258,0.202,0.437,0.0982,0.746;aaa;
0.538;0.313,0.53,0.254,0.579,0.508,0.165,0.6,0.201,0.455,0.633;aaaaaaaa;
0.321;0.447,0.602,0.0626,0.684,0.546,0.21,0.356,0.0144,0.352,0.353;aaaaaaaa;
0.935;0.794,0.026,0.0519,0.825,0.376,0.428,0.412,0.578,0.495,0.177;aaa;
0.528;0.0913,0.151,0.794,0.122,0.829,0.709,0.706,0.00588,0.939,0.197;aa;
0.4;0.352,0.571,0.424,0.554,0.774,0.272,0.977,0.796,0.97,0.427;aaaaaaaaa;
0.477;0.546,0.973,0.16,0.322,0.216,0.253,0.141,0.33,0.143,0.366;aa;
0.982;0.436,0.235,0.428,0.166,0.232,0.434,0.474,0.917,0.602,0.947;aa;
0.0845;0.703,0.554,0.118,0.46,0.357,0.807,0.588,0.0993,0.679,0.9;aaaaaa;
0.388;0.625,0.00315,0.629,0.839,0.795,0.665,0.899,0.74,0.347,0.557;a;
0.307;0.598,0.722,0.834,0.978,0.647,0.987,0.29,0.183,0.518,0.0708;aaaaaaaa;
0.939;0.0796,0.245,0.116,0.579,0.97,0.379,0.589,0.994,0.815,0.791;aaa;
0.552;0.943,0.0299,0.3,0.308,0.784,0.95,0.239,0.53,0.975,0.934;a;
0.25;0.936,0.43,0.705,0.445,0.118,0.508,0.63,0.0729,0.0614,0.39;aaaa;
0.726;0.0419,0.466,0.0846,0.762,0.752,0.158,0.778,0.0915,0.404,0.799;aaaaaaa;
0.763;0.544,0.229,0.499,0.0164,0.0878,0.3,0.563,0.0901,0.67,0.336;a;
0.42;0.785,0.93,0.82,0.819,0.877,0.152,0.759,0.184,0.275,0.518;aaaaaa;
0.607;0.882,0.787,0.961,0.116,0.139,0.504,0.456,0.408,0.419,0.699;aaaaaa;
0.0329;0.73,0.543,0.67,0.903,0.153,0.361,0.648,0.197,0.273,0.806;aa;
0.561;0.48,0.993,0.178,0.555,0.639,0.549,0.935,0.198,0.297,0.0921;aaa;
0.944;0.868,0.535,0.912,0.0846,0.751,0.817,0.358,0.0644,0.786,0.381;aaaaaaaaa;
0.11;0.712,0.197,0.54,0.551,0.488,0.117,0.447,0.426,0.109,0.937;aaaa;
0.918;0.344,0.173,0.904,0.069,0.319,0.441,0.332,0.248,0.906,0.0932;aaa;
0.905;0.174,0.808,0.0327,0.657,0.5,0.692,0.525,0.8,0.457,0.949;aa;
0.483;0.965,0.0321,0.754,0.782,0.957,0.305,0.217,0.228,0.606,0.887;aaaaaaaa;
0.683;0.761,0.499,0.349,0.734,0.212,0.78,0.213,0.448,0.93,0.103;aaaaa;
0.986;0.789,0.19,0.148,0.967,0.131,0.232,0.646,0.347,0.172,0.143;aaa;
0.49;0.673,0.987,0.942,0.546,0.978,0.766,0.736,1,0.318,0.497;aaaaaa;
0.98;0.448,0.305,0.0089,0.477,0.426,0.638,0.74,0.145,0.768,0.876;aaaaaa;
0.475;0.801,0.787,0.257,0.973,0.277,0.239,0.127,0.285,0.0653,0.964;aaaaaaaaa;
0.9;0.207,0.165,0.646,0.265,0.874,0.457,0.429,0.238,0.251,0.272;aaaaaaa;
0.0721;0.684,0.299,0.531,0.939,0.636,0.423,0.307,0.553,0.353,0.571;aaaaaaaaaa;
0.114;0.143,0.111,0.704,0.228,0.44,0.0485,0.898,0.966,0.0294,0.526;aaaaaaaaa;
0.926;0.608,0.665,0.139,0.648,0.713,0.951,0.801,0.137,0.063,0.0148;aaaaaaaaa;
0.369;0.0926,0.444,0.786,0.363,0.659,0.627,0.811,0.36,0.756,0.0464;aaaaaaa;
0.125;0.719,0.498,0.257,0.896,0.178,0.0177,0.727,0.715,0.9,0.293;aaa;
0.0908;0.487,0.213,0.519,0.752,0.072,0.142,0.0536,0.41,0.238,0.168;aaa;
0.665;0.66,0.638,0.383,0.944,0.767,0.898,0.0467,0.954,0.211,0.247;aaaaaaaa;
0.602;0.586,0.287,0.618,0.483,0.423,0.637,0.87,0.173,0.123,0.781;aaaaa;
0.379;0.722,0.778,0.839,0.939,0.55,0.374,0.275,0.0875,0.181,0.672;a;
0.432;0.239,0.525,0.466,0.271,0.103,0.627,0.174,0.305,0.375,0.362;aa;
0.381;0.805,0.612,0.174,0.549,0.651,0.306,0.252,0.404,0.0344,0.672;aaaaaaaaa;
0.108;0.897,0.576,0.633,0.371,0.0538,0.902,0.811,0.713,0.611,0.197;aaaaaaaa;
0.0621;0.204,0.59,0.0769,0.519,0.0989,0.904,0.764,0.678,0.192,0.272;aaaaaaaaaa;
0.198;0.959,0.689,0.796,0.693,0.334,0.299,0.757,0.607,0.0131,0.23;aaaaaaaaaa;
0.558;0.704,0.385,0.776,0.317,0.0107,0.0121,0.644,0.294,0.25,0.101;aaaaaaaa;
0.0195;0.434,0.679,0.422,0.427,0.602,0.914,0.265,0.282,0.0321,0.563;aaaaaaaaa;
0.348;0.577,0.0528,0.918,0.643,0.462,0.528,0.797,0.207,0.669,0.977;aaaaaa;
0.113;0.492,0.993,0.22,0.588,0.136,0.625,0.0847,0.0232,0.872,0.666;aaaaaaaaaa;
0.266;0.996,0.867,0.785,0.223,0.165,0.09,0.9,0.853,0.556,0.22;aaa;
0.5;0.998,0.416,0.801,0.522,0.216,0.0545,0.0709,0.641,0.388,0.877;aaaaaa;
0.667;0.41,0.867,0.767,0.465,0.16,0.909,0.505,0.439,0.521,0.516;aaaaaaaaaa;
0.584;0.908,0.655,0.88,0.447,0.499,0.562,0.346,0.123,0.305,0.218;aaaaaaaa;
0.406;0.192,0.641,0.852,0.851,0.658,0.366,0.0398,0.249,0.607,0.928;aaaaaaaaa;
0.885;0.851,0.43,0.705,0.417,0.637,0.545,0.539,0.991,0.621,0.0913;aa;
0.00459;0.911,0.37,0.632,0.359,0.0939,0.94,0.443,0.462,0.0985,0.117;a;
0.333;0.235,0.378,0.988,0.817,0.161,0.396,0.437,0.973,0.216,0.0738;aaaaa;
0.779;0.225,0.865,0.682,0.758,0.26,0.653,0.518,0.005,0.161,0.5;aa;
0.658;0.692,0.156,0.0943,0.827,0.215,0.0772,0.83,0.245,0.184,0.953;aaa;
0.869;0.807,0.846,0.279,0.137,0.858,0.756,0.942,0.288,0.799,0.807;a;
0.311;0.967,0.875,0.649,0.68,0.288,0.37,0.102,0.152,0.497,0.624;aaaaaaaaaa;
0.831;0.584,0.0177,0.321,0.319,0.13,0.571,0.262,0.119,0.484,0.563;aaaaaaaaaa;
0.469;0.174,0.3,0.846,0.956,0.265,0.837,0.811,0.309,0.72,0.497;aaaa;
0.0812;0.401,0.177,0.496,0.566,0.944,0.659,0.221,0.79,0.387,0.62;aaaaaa;
0.258;0.266,0.304,0.741,0.336,0.173,0.555,0.471,0.646,0.895,0.644;aa;
0.608;0.714,0.98,0.805,0.601,0.179,0.574,0.423,0.244,0.787,0.41;aaaa;
0.146;0.803,0.426,0.141,0.201,0.527,0.439,0.227,0.592,0.93,0.824;aa;
0.25;0.149,0.433,0.945,0.498,0.609,0.887,0.154,0.256,0.686,0.251;aaaaa;
0.437;0.758,0.797,0.772,0.157,0.811,0.996,0.264,0.105,0.599,0.497;aaaaaaa;
0.817;0.977,0.33,0.18,0.222,0.742,0.18,0.988,0.0198,0.381,0.837;aaaaaaaaa;
0.195;0.946,0.7,0.712,0.477,0.449,0.455,0.445,0.943,0.468,0.532;aaaaaaaaaa;
0.494;0.575,0.0467,0.71,0.741,0.116,0.746,0.24,0.465,0.0531,0.104;aaaaaaaa;
0.699;0.757,0.804,0.637,0.747,0.824,0.843,0.33,0.146,0.357,0.467;aaaaaaaa;
0.59;0.969,0.042,0.721,0.319,0.147,0.667,0.615,0.0566,0.278,0.0114;a;
0.327;0.582,0.798,0.796,0.299,0.27,0.762,0.625,0.928,0.712,0.242;aaaaa;
0.662;0.0835,0.945,0.597,0.832,0.901,0.299,0.915,0.829,0.758,0.2;aaaaa;
0.754;0.912,0.998,0.535,0.325,0.745,0.393,0.673,0.52,0.684,0.793;aaaaaaa;
0.718;0.608,0.531,0.208,0.897,0.152,0.157,0.858,0.362,0.223,0.269;aaa;
0.889;0.905,0.0611,0.601,0.968,0.933,0.484,0.699,0.331,0.263,0.0715;aaa;
0.196;0.892,0.658,0.0396,0.377,0.805,0.95,0.911,0.12,0.264,0.685;aaaaa;
0.196;0.705,0.757,0.963,0.0952,0.121,0.373,0.359,0.186,0.947,0.514;aaaa;
0.771;0.601,0.401,0.839,0.583,0.845,0.123,0.724,0.758,0.971,0.366;aaa;
0.487;0.702,0.701,0.247,0.28,0.0568,0.358,0.365,0.566,0.66,0.0417;aaa;
0.201;0.82,0.0764,0.766,0.707,0.838,0.489,0.815,0.402,0.979,0.741;aaaaaaaa;
0.53;0.506,0.553,0.982,0.599,0.257,0.297,0.24,0.098,0.176,0.0356;aaa;
0.541;0.35,0.132,0.598,0.103,0.0445,0.308,0.551,0.871,0.978,0.876;a;
0.208;0.0988,0.373,0.517,0.0683,0.756,0.282,0.803,0.264,0.608,0.274;aaaa;
0.706;0.301,0.863,0.323,0.97,0.561,0.14,0.875,0.263,0.577,0.585;aaaaaaa;
0.533;0.469,0.675,0.275,0.315,0.157,0.0312,0.193,0.331,0.525,0.925;aaaaaa;
0.0125;0.403,0.938,0.896,0.55,0.754,0.722,0.816,0.76,0.0881,0.0424;aaaaaaaa;
0.527;0.583,0.662,0.145,0.677,0.0375,0.998,0.569,0.434,0.34,0.367;aaaaaaaa;
0.195;0.0898,0.741,0.703,0.373,0.544,0.35,0.94,0.292,0.967,0.585;a;
0.576;0.307,0.69,0.935,0.679,0.505,0.745,0.246,0.124,0.566,0.406;aaaa;
0.642;0.213,0.706,0.0725,0.884,0.161,0.25,0.31,0.463,0.647,0.306;aaaa;
0.722;0.732,0.908,0.482,0.574,0.319,0.923,0.227,0.185,0.645,0.379;aaaaa;
0.533;0.953,0.484,0.489,0.334,0.508,0.713,0.393,0.0119,0.931,0.294;aaa;
0.301;0.161,0.912,0.0606,0.081,0.373,0.874,0.305,0.0452,0.186,0.509;aaaaaaaaaa;
0.19;0.596,0.415,0.131,0.265,0.738,0.929,0.8,0.503,0.206,0.992;aaaaa;
0.0852;0.959,0.755,0.203,0.463,0.704,0.858,0.22,0.755,0.162,0.442;aaaaaaaaaa;
0.932;0.451,0.749,0.141,0.176,0.757,0.7,0.247,0.328,0.853,0.236;aaaaaaa;
0.553;0.501,0.358,0.305,0.226,0.933,0.611,0.483,0.37,0.984,0.512;aaaaaaaaaa;
0.455;0.246,0.916,0.708,0.893,0.259,0.184,0.973,0.206,0.43,0.495;aaaaaaaaa;
0.328;0.983,0.679,0.433,0.9,0.322,0.765,0.832,0.631,0.0947,0.264;aaaaa;
0.391;0.877,0.905,0.73,0.787,0.0738,0.422,0.156,0.3,0.255,0.0823;aa;
0.867;0.664,0.435,0.285,0.871,0.0286,0.403,0.567,0.163,0.401,0.924;aa;
0.85;0.583,0.462,0.174,0.776,0.304,0.412,0.738,0.181,0.0981,0.868;aaaaaa;
0.232;0.503,0.333,0.472,0.958,0.516,0.917,0.249,0.309,0.215,0.801;aaaaaa;
0.945;0.833,0.147,0.0289,0.262,0.538,0.77,0.0382,0.0524,0.593,0.858;aaaa;
0.478;0.893,0.464,0.889,0.973,0.273,0.139,0.827,0.947,0.958,0.0359;aaaaa;
0.191;0.455,0.0342,0.465,0.435,0.81,0.803,0.207,0.981,0.171,0.967;aaaaaaaaa;
0.0585;0.447,0.72,0.724,0.329,0.12,0.199,0.969,0.253,0.0648,0.565;aaaaaaaaa;
0.451;0.239,0.472,0.494,0.282,0.158,0.383,0.189,0.56,0.898,0.555;aaaaaa;
0.362;0.936,0.567,0.453,0.315,0.791,0.115,0.466,0.714,0.59,0.507;a;
0.434;0.877,0.848,0.525,0.549,0.409,0.0808,0.921,0.207,0.388,0.925;aaa;
0.59;0.596,0.228,0.407,0.161,0.593,0.523,0.247,0.944,0.163,0.0577;aaaaaaaaa;
0.603;0.39,0.327,0.391,0.219,0.431,0.28,0.218,0.89,0.367,0.227;aaaaaaa;
0.613;0.67,0.536,0.943,0.608,0.92,0.0179,0.211,0.0577,0.171,0.181;aaaaaaaaa;
0.473;0.359,0.363,0.0368,0.0577,0.28,0.384,0.149,0.0456,0.639,0.606;aaaa;
0.225;0.341,0.709,0.287,0.709,0.478,0.524,0.42,0.874,0.143,0.0681;aaaaaaaa;
0.494;0.609,0.147,0.44,0.709,0.858,0.677,0.846,0.922,0.408,0.524;aaaaaaaa;
0.105;0.244,0.29,0.825,0.562,0.515,0.121,0.662,0.373,0.921,0.585;aa;
0.578;0.314,0.622,0.263,0.316,0.923,0.352,0.778,0.956,0.905,0.238;aaaaaaaa;
0.51;0.366,0.0879,0.096,0.572,0.657,0.806,0.595,0.741,0.476,0.0803;aaaaaaaaaa;
0.459;0.23,0.211,0.307,0.546,0.37,0.558,0.938,0.762,0.573,0.4;aa;
0.996;0.328,0.533,0.991,0.974,0.941,0.882,0.259,0.526,0.554,0.29;aaaaaa;
0.907;0.645,0.798,0.695,0.327,0.329,0.855,0.605,0.255,0.167,0.243;aaa;
0.452;0.453,0.334,0.138,0.405,0.308,0.238,0.713,0.771,0.851,0.243;aaaaaaaaa;
0.708;0.869,0.871,0.236,0.756,0.942,0.751,0.136,0.838,0.172,0.837;aaa;
0.877;0.268,0.237,0.347,0.658,0.506,0.109,0.35,0.482,0.725,0.0955;aaaa;
0.497;0.953,0.196,0.0721,0.163,0.98,0.568,0.0317,0.664,0.428,0.694;aaaaaa;
0.297;0.168,0.568,0.0984,0.237,0.465,0.0518,0.476,0.729,0.616,0.224;aaaaaaa;
0.307;0.931,0.965,0.0174,0.315,0.559,0.21,0.681,0.35,0.784,0.284;aa;
0.902;0.225,0.326,0.596,0.235,0.669,0.982,0.965,0.658,0.942,0.413;aaaaaaaaaa;
0.67;0.704,0.74,0.513,0.78,0.206,0.574,0.235,0.653,0.301,0.172;aaa;
0.884;0.686,0.384,0.249,0.774,0.512,0.144,0.707,0.272,0.23,0.111;aaaaaaaaaa;
0.481;0.448,0.519,0.789,0.903,0.246,0.231,0.496,0.121,0.644,0.851;aaaaaaaaa;
0.734;0.744,0.924,0.892,0.866,0.782,0.807,0.983,0.0524,0.927,0.765;aaaaaaaa;
0.329;0.41,0.0158,0.342,0.0166,0.88,0.74,0.0277,0.0907,0.502,0.802;aaa;
0.606;0.223,0.231,0.0716,0.288,0.97,0.394,0.431,0.637,0.152,0.552;aaaaa;
0.942;0.867,0.0387,0.0632,0.0332,0.76,1,0.253,1,0.736,0.158;aaa;
0.618;0.904,0.551,0.984,0.826,0.419,0.249,0.142,0.334,0.876,0.419;aaaaaaaaaa;
0.755;0.0116,0.684,0.419,0.663,0.393,0.593,0.00782,0.0575,0.728,0.0907;aaaaa;
0.711;0.00099,0.957,0.639,0.898,0.0183,0.0373,0.404,0.0749,0.507,0.481;aaaaaaaaaa;
0.0393;0.596,0.109,0.345,0.645,0.708,0.675,0.655,0.231,0.194,0.429;aaaaa;
0.57;0.962,0.239,0.189,0.158,0.0261,0.0249,0.988,0.685,0.0797,0.879;a;
0.105;0.844,0.704,0.561,0.684,0.951,0.99,0.763,0.201,0.0365,0.12;aaaaaaa;
0.495;0.515,0.393,0.0368,0.289,0.0835,0.0901,0.103,0.078,0.105,0.165;aaaaaaaa;
0.461;0.167,0.39,0.82,0.647,0.513,0.753,0.622,0.553,0.441,0.00572;aaaaaaaaaa;
0.978;0.0436,0.0409,0.081,0.35,0.261,0.122,0.485,0.484,0.799,0.3;a;
0.308;0.401,0.693,0.196,0.909,0.16,0.0363,0.541,0.587,0.565,0.953;aaaaaa;
0.57;0.792,0.174,0.837,0.625,0.0691,0.359,0.59,0.0373,0.841,0.215;aaaaaaaaa;
0.0875;0.601,0.795,0.295,0.0936,0.565,0.781,0.671,0.773,0.378,0.161;aaaaaaaaa;
0.0353;0.0142,0.0651,0.000454,0.667,0.00412,0.399,0.329,0.502,0.727,0.0432;aaa;
0.451;0.0263,0.738,0.412,0.838,0.0081,0.703,0.576,0.575,0.482,0.55;aaaaaaaaaa;
0.0943;0.0994,0.109,0.828,0.476,0.305,0.779,0.408,0.41,0.427,0.344;aaaaa;
0.401;0.788,0.647,0.286,0.0297,0.648,0.106,0.192,0.284,0.38,0.463;a;
0.89;0.887,0.976,0.777,0.73,0.9,0.984,0.32,0.724,0.429,0.17;aaa;
0.889;0.0963,0.779,0.23,0.646,0.554,0.472,0.342,0.927,0.206,0.501;aaa;
0.864;0.709,0.0134,0.804,0.608,0.69,0.941,0.606,0.322,0.418,0.818;aaaa;
0.581;0.466,0.52,0.689,0.771,0.741,0.311,0.328,0.136,0.047,0.69;aa;
0.522;0.189,0.495,0.0717,0.33,0.985,0.398,0.81,0.664,0.251,0.833;aaaaaaaaa;
0.519;0.122,0.19,0.711,0.129,0.636,0.227,0.955,0.0115,0.347,0.233;aaaa;
0.26;0.823,0.403,0.506,0.0448,0.488,0.665,0.8,0.00189,0.546,0.368;aaaaaaaaa;
0.131;0.474,0.344,0.479,0.823,0.783,0.37,0.836,0.286,0.0471,0.171;aaaa;
0.691;0.215,0.807,0.0226,0.495,0.683,0.237,0.255,0.843,0.632,0.791;aaaaaaaaa;
0.0295;0.953,0.33,0.346,0.089,0.0179,0.234,0.374,0.653,0.133,0.585;aaaaaaaaaa;
0.583;0.802,0.298,0.464,0.0426,0.512,0.164,0.226,0.05,0.861,0.304;a;
0.578;0.411,0.485,0.699,0.468,0.11,0.873,0.744,0.0487,0.585,0.634;aaaaaaa;
0.653;0.154,0.513,0.263,0.617,0.0923,0.995,0.332,0.195,0.369,0.851;aa;
0.815;0.781,0.148,0.873,0.452,0.985,0.139,0.202,0.331,0.844,0.28;aa;
0.496;0.168,0.682,0.615,0.685,0.244,0.398,0.329,0.41,0.142,0.786;aaaaaaaa;
0.307;0.224,0.222,0.691,0.998,0.626,0.25,0.824,0.126,0.807,0.411;a;
0.524;0.372,0.824,0.278,0.302,0.897,0.271,0.531,0.82,0.667,0.304;aaaa;
0.192;0.0973,0.466,0.674,0.618,0.334,0.257,0.605,0.0188,0.845,0.654;aa;
0.802;0.677,0.3,0.229,0.118,0.528,0.237,0.368,0.852,0.886,0.211;aaaaaa;
0.0285;0.457,0.867,0.575,0.191,0.0962,0.533,0.436,0.557,0.427,0.355;aaaaaa;
0.175;0.697,0.95,0.631,0.219,0.0913,0.938,0.781,0.903,0.148,0.592;aaaaaaa;
0.71;0.0611,0.592,0.984,0.25,0.952,0.28,0.609,0.306,0.747,0.0633;aaaaaaaaa;
0.134;0.54,0.382,0.792,0.125,0.14,0.109,0.971,0.765,0.316,0.395;aaaaaaaaaa;
0.969;0.462,0.88,0.686,0.301,0.99,0.81,0.898,0.901,0.586,0.563;aaa;
0.3;0.606,0.799,0.574,0.672,0.882,0.226,0.78,0.487,0.247,0.717;aaaaaaa;
0.629;0.79,0.257,0.962,0.799,0.0852,0.884,0.0966,0.893,0.0274,0.219;aaaaaaaa;
0.557;0.613,0.12,0.249,0.625,0.0225,0.813,0.26,0.465,0.493,0.556;aaaa;
0.376;0.433,0.9,0.46,0.238,0.423,0.25,0.234,0.164,0.678,0.842;aaaaa;
0.526;0.153,0.164,0.383,0.0774,0.377,0.0118,0.635,0.205,0.812,0.129;aaaaaaaa;
0.143;0.924,0.975,0.828,0.921,0.341,0.247,0.941,0.342,0.105,0.563;aaaaaa;
0.616;0.959,0.7,0.807,0.809,0.427,0.297,0.101,0.183,0.32,0.415;aaaaaaaaaa;
0.59;0.408,0.725,0.921,0.339,0.242,0.0787,0.674,0.846,0.749,0.466;aaaaaaaaaa;
0.725;0.131,0.995,0.0171,0.265,0.182,0.699,0.0756,0.834,0.703,0.0452;aaaaa;
0.116;0.0832,0.724,0.611,0.567,0.769,0.36,0.983,0.602,0.477,0.684;aaaaaa;
0.777;0.595,0.159,0.888,0.231,0.18,0.338,0.314,0.798,0.496,0.407;aaa;
0.265;0.424,0.00278,0.93,0.925,0.512,0.382,0.423,0.824,0.66,0.542;aaaaa;
0.768;0.161,0.0676,0.864,0.78,0.789,0.34,0.687,0.516,0.176,0.605;aaaaaaaaaa;
0.879;0.69,0.695,0.188,0.279,0.87,0.674,0.307,0.576,0.909,0.346;aaa;
0.359;0.399,0.145,0.842,0.116,0.986,0.605,0.958,0.833,0.967,0.642;aaaaaa;
0.802;0.881,0.732,0.0596,0.174,0.0922,0.964,0.653,0.874,0.17,0.0299;aaaaaaaa;
0.744;0.054,0.117,0.545,0.105,0.0306,0.13,0.836,0.196,0.593,0.873;aaaaaaaaa;
0.981;0.229,0.444,0.0791,0.197,0.536,0.994,0.706,0.882,0.526,0.133;aaaaaaaaaa;
0.537;0.35,0.378,0.955,0.588,0.0549,0.162,0.232,0.349,0.236,0.721;aa;
0.553;0.0595,0.591,0.973,0.0835,0.61,0.325,0.442,0.331,0.933,0.397;aaaaaaa;
0.248;0.0505,0.21,0.955,0.164,0.462,0.435,0.286,0.935,0.0575,0.11;aaaaaaaaaa;
0.979;0.981,0.639,0.111,0.699,0.464,0.259,0.153,0.181,0.54,0.749;aaaa;
0.904;0.991,0.18,0.745,0.819,0.0766,0.0904,0.485,0.0497,0.897,0.0845;aaaaaaa;
0.119;0.622,0.487,0.285,0.882,0.624,0.54,0.237,0.297,0.0211,0.99;aa;
0.169;0.862,0.718,0.342,0.31,0.697,0.744,0.243,0.204,0.7,0.763;aaaaaaaa;
0.434;0.559,0.621,0.917,0.68,0.788,0.981,0.344,0.762,0.563,0.59;aaaaaa;
0.0687;0.729,0.864,0.134,0.592,0.355,0.86,0.766,0.781,0.742,0.947;a;
0.142;0.855,0.127,0.839,0.988,0.607,0.593,0.827,0.276,0.0194,0.0334;aa;
0.127;0.633,0.743,0.0106,0.851,0.866,0.0572,0.198,0.655,0.449,0.593;aa;
0.919;0.398,0.255,0.115,0.116,0.201,0.29,0.416,0.295,0.786,0.659;aaaaaaaaaa;
0.766;0.411,0.147,0.294,0.272,0.0104,0.299,0.467,0.133,0.502,0.12;a;
0.0768;0.492,0.595,0.752,0.321,0.254,0.633,0.394,0.652,0.439,0.728;aaaaaaaa;
0.256;0.26,0.309,0.0904,0.345,0.242,0.923,0.0992,0.175,0.569,0.898;a;
0.175;0.0915,0.875,0.639,0.362,0.595,0.206,0.332,0.884,0.771,0.359;aaaaaaaaaa;
0.775;0.74,0.34,0.627,0.993,0.0661,0.468,0.0743,0.0255,0.647,0.387;aaaaaaaaaa;
0.595;0.996,0.461,0.267,0.385,0.235,0.752,0.205,0.0504,0.297,0.485;aaaaa;
0.585;0.759,0.404,0.825,0.131,0.558,0.126,0.588,0.172,0.362,0.773;aaaaaaa;
0.916;0.573,0.803,0.378,0.799,0.979,0.62,0.00188,0.476,0.621,0.00799;aaaaaa;
0.735;0.315,0.904,0.0142,0.93,0.991,0.863,0.0337,0.0874,0.193,0.16;aaaaaaaa;
0.306;0.389,0.254,0.512,0.525,0.328,0.656,0.91,0.0113,0.434,0.464;aaaaaaaa;
0.131;0.353,0.526,0.0944,0.729,0.756,0.145,0.299,0.175,0.934,0.3;aaaaaaaaaa;
0.428;0.61,0.445,0.143,0.489,0.927,0.0129,0.106,0.369,0.248,0.981;a;
0.342;0.192,0.117,0.713,0.206,0.208,0.955,0.0427,0.112,0.707,0.462;aaaa;
0.815;0.253,0.818,0.209,0.0918,0.0295,0.06,0.4,0.483,0.33,0.559;a;
0.101;0.607,0.0516,0.00377,0.331,0.681,0.242,0.172,0.358,0.629,0.027;a;
0.753;0.176,0.665,0.589,0.558,0.528,0.00137,0.775,0.142,0.884,0.401;aaaaaaaaaa;
0.291;0.359,0.208,0.94,0.29,0.608,0.279,0.604,0.612,0.358,0.382;aaaaaaaa;
0.788;0.537,0.151,0.78,0.437,0.691,0.405,0.76,0.251,0.23,0.337;aaaaaaaa;
0.678;0.589,0.376,0.0281,0.117,0.322,0.679,0.955,0.448,0.301,0.265;a;
0.445;0.452,0.0892,0.493,0.495,0.525,0.774,0.186,0.329,0.827,0.121;aaaaa;
0.342;0.95,0.451,0.217,0.575,0.655,0.23,0.863,0.962,0.0752,0.65;aa;
0.326;0.783,0.935,0.539,0.911,0.811,0.0211,0.138,0.776,0.153,0.393;aaaaa;
0.369;0.103,0.127,0.605,0.375,0.37,0.0365,0.224,0.594,0.556,0.0744;aaaa;
0.943;0.742,0.169,0.575,0.234,0.606,0.775,0.0194,0.728,0.845,0.552;aaaaa;
0.358;0.958,0.441,0.143,0.268,0.567,0.636,0.55,0.577,0.375,0.175;aaaaaaaaa;
0.435;0.105,0.768,0.826,0.946,0.142,0.738,0.43,0.222,0.574,0.0705;aaaaa;
0.623;0.669,0.659,0.239,0.966,0.802,0.927,0.661,0.791,0.983,0.634;aaaaaa;
0.0118;0.775,0.834,0.00824,0.316,0.792,0.462,0.155,0.644,0.221,0.966;aaaaaaaa;
0.942;0.153,0.849,0.0719,0.8,0.741,0.281,0.902,0.925,0.0591,0.882;a;
0.869;0.436,0.144,0.208,0.124,0.853,0.638,0.758,0.505,0.431,0.956;aaaa;
0.86;0.0568,0.0457,0.842,0.643,0.391,0.457,0.0962,0.453,0.588,0.405;a;
0.0883;0.331,0.416,0.146,0.511,0.35,0.871,0.599,0.822,0.615,0.293;a;
0.977;0.909,0.371,0.109,0.282,0.726,0.742,0.405,0.654,0.924,0.563;aaaaaaaaaa;
0.328;0.293,0.73,0.929,0.861,0.408,0.603,0.473,0.955,0.953,0.177;aaaaaaaa;
0.459;0.53,0.471,0.564,0.818,0.18,0.133,0.985,0.742,0.36,0.889;aaaaaaaa;
0.532;0.843,0.0954,0.629,0.485,0.0111,0.132,0.402,0.353,0.38,0.0506;aaaaaaaaaa;
0.246;0.337,0.758,0.195,0.0813,0.708,0.337,0.786,0.787,0.431,0.0644;a;
0.239;0.242,0.153,0.701,0.963,0.305,0.445,0.217,0.758,0.276,0.499;aaaaaaaaaa;
0.281;0.259,0.468,0.274,0.532,0.481,0.887,0.843,0.649,0.682,0.0685;aaaa;
0.391;0.627,0.955,0.249,0.929,0.644,0.7,0.725,0.164,0.676,0.242;aaa;
0.248;0.951,0.932,0.747,0.232,0.923,0.738,0.487,0.564,0.885,0.217;aaaaaaaaa;
0.83;0.839,0.463,0.329,0.738,0.704,0.436,0.041,0.828,0.578,0.748;aa;
0.741;0.439,0.27,0.768,0.226,0.353,0.682,0.346,0.753,0.137,0.285;aaaaaaa;
0.044;0.821,0.702,0.677,0.275,0.551,0.741,0.538,0.487,0.0784,0.165;aaa;
0.64;0.0164,0.771,0.434,0.846,0.595,0.429,0.989,0.697,0.696,0.1;aaaaaa;
0.0401;0.742,0.762,0.151,0.938,0.0778,0.843,0.933,0.574,0.204,0.338;aaaaa;
0.929;0.00365,0.0845,0.133,0.118,0.0265,0.444,0.982,0.338,0.222,0.796;aaaaa;
0.267;0.129,0.808,0.166,0.14,0.0525,0.34,0.797,0.255,0.159,0.753;aaa;
0.101;0.55,0.938,0.613,0.225,0.91,0.389,0.331,0.963,0.84,0.877;a;
0.258;0.966,0.725,0.99,0.551,0.543,0.283,0.49,0.91,0.803,0.287;aaaaaaaaaa;
0.841;0.418,0.736,0.457,0.427,0.804,0.617,0.04,0.379,0.515,0.155;aaaa;
0.0895;0.685,0.933,0.291,0.181,0.63,0.823,0.496,0.503,0.99,0.0479;aaaaa;
0.773;0.0711,0.0476,0.903,0.705,0.768,0.493,0.579,0.8,0.644,0.452;aaa;
0.0703;0.624,0.37,0.74,0.283,0.993,0.127,0.0826,0.332,0.665,0.728;aaaaaa;
0.351;0.513,0.735,0.0316,0.356,0.479,0.0674,0.477,0.137,0.719,0.698;aaaaaaaaaa;
0.201;0.243,0.186,0.465,0.656,0.926,0.329,0.865,0.714,0.73,0.0832;aaa;
0.0496;0.279,0.548,0.924,0.956,0.382,0.174,0.853,0.703,0.441,0.117;aaaaaaaa;
0.424;0.731,0.227,0.707,0.652,0.575,0.582,0.0943,0.18,0.119,0.105;a;
0.108;0.119,0.428,0.403,0.643,0.509,0.529,0.915,0.268,0.0669,0.912;aaaaaaaaa;
0.758;0.0996,0.701,0.411,0.201,0.41,0.268,0.707,0.794,0.27,0.586;aaaaaaaaa;
0.531;0.14,0.389,0.11,0.26,0.73,0.357,0.985,0.964,0.364,0.166;aaaa;
0.0272;0.76,0.847,0.775,0.517,0.00936,0.392,0.85,0.562,0.0365,0.664;aaaaaaaaa;
0.0113;0.108,0.257,0.81,0.794,0.959,0.846,0.354,0.942,0.757,0.633;aaa;
0.00235;0.215,0.997,0.965,0.0241,0.711,0.808,0.312,0.0545,0.252,0.0386;aaa;
0.858;0.569,0.992,0.546,0.434,0.807,0.0921,0.916,0.454,0.827,0.125;aaaaaaaaaa;
0.172;0.348,0.778,0.28,0.411,0.986,0.628,0.852,0.976,0.7,0.124;aa;
0.821;0.944,0.902,0.681,0.666,0.765,0.227,0.612,0.334,0.647,0.333;aaaa;
0.824;0.336,0.731,0.751,0.595,0.211,0.497,0.557,0.077,0.801,0.704;aaaaaaaaa;
0.165;0.701,0.383,0.569,0.0333,0.952,0.0723,0.417,0.106,0.0979,0.0634;aaaaa;
0.537;0.805,0.0294,0.233,0.0588,0.723,0.554,0.091,0.505,0.133,0.587;aa;
0.586;0.022,0.126,0.508,0.502,0.0634,0.464,0.676,0.352,0.529,0.00313;aaaa;
0.449;0.791,0.756,0.0288,0.347,0.976,0.501,0.93,0.328,0.381,0.204;aaaaa;
0.139;0.847,0.633,0.797,0.998,0.695,0.508,0.2,0.19,0.21,0.625;aaaaaa;
0.108;0.146,0.816,0.691,0.872,0.094,0.57,0.391,0.991,0.296,0.557;a;
0.785;0.151,0.136,0.69,0.473,0.409,0.462,0.09,0.876,0.777,0.165;a;
0.604;0.261,0.868,0.326,0.203,0.111,0.57,0.214,0.118,0.164,0.553;aaaa;
0.00938;0.355,0.189,0.523,0.473,0.462,0.295,0.632,0.0599,0.767,0.518;aaa;
0.166;0.704,0.604,0.403,0.601,0.0127,0.713,0.449,0.64,0.137,0.835;aaaaaaaaaa;
0.338;0.899,0.738,0.68,0.409,0.196,0.706,0.0378,0.687,0.504,0.758;aaaaaaaaa;
0.781;0.782,0.865,0.842,0.686,0.505,0.992,0.708,0.781,0.486,0.349;a;
0.592;0.113,0.489,0.362,0.732,0.906,0.506,0.821,0.827,0.759,0.557;aa;
0.982;0.608,0.366,0.782,0.301,0.687,0.268,0.000843,0.86,0.775,0.856;a;
0.695;0.906,0.335,0.409,0.385,0.969,0.383,0.744,0.829,0.445,0.587;aaaa;
0.128;0.806,0.288,0.882,0.711,0.389,0.82,0.0679,0.829,0.00959,0.368;aa;
0.269;0.927,0.806,0.105,0.476,0.0476,0.369,0.322,0.813,0.0273,0.868;aaa;
0.528;0.78,0.0255,0.458,0.632,0.887,0.906,0.791,0.0229,0.858,0.741;aaaaaaaaa;
0.0745;0.19,0.158,0.0289,0.483,0.247,0.43,0.526,0.542,0.0945,0.508;a;
0.237;0.255,0.162,0.886,0.824,0.855,0.635,0.5,0.12,0.966,0.143;aaaaaa;
0.913;0.585,0.119,0.27,0.357,0.553,0.531,0.515,0.442,0.433,0.373;aaaaaaa;
0.375;0.378,0.952,0.108,0.336,0.172,0.863,0.369,0.407,0.37,0.509;aaaa;
0.547;0.925,0.304,0.727,0.998,0.835,0.987,0.208,0.359,0.416,0.905;aaaaaaaa;
0.762;0.897,0.351,0.425,0.197,0.713,0.608,0.7,0.892,0.52,0.186;aaaaaaaaaa;
0.569;0.532,0.954,0.0404,0.26,0.524,0.698,0.597,0.204,0.201,0.901;aaaaaaaa;
0.714;0.592,0.965,0.00687,0.779,0.625,0.675,0.97,0.968,0.429,0.358;aa;
0.869;0.284,0.493,0.0708,0.147,0.651,0.316,0.49,0.668,0.447,0.675;aaaaaa;
0.271;0.701,0.578,0.619,0.442,0.373,0.675,0.841,0.00871,0.22,0.0491;aaaaaaaaa;
0.856;0.274,0.538,0.333,0.966,0.768,0.0994,0.316,0.934,0.823,0.338;aaaaaaaaaa;
0.751;0.941,0.814,0.498,0.482,0.0467,0.875,0.321,0.509,0.318,0.622;aaa;
0.952;0.515,0.731,0.0415,0.77,0.357,0.898,0.0849,0.747,0.3,0.778;aaaaa;
0.0139;0.505,0.131,0.198,0.00593,0.642,0.298,0.188,0.678,0.597,0.548;aaaaaaa;
0.0587;0.956,0.883,0.388,0.224,0.703,0.318,0.967,0.201,0.8,0.167;aaaaaaaaaa;
0.608;0.804,0.747,0.579,0.37,0.65,0.588,0.957,0.128,0.27,0.551;aa;
0.0876;0.388,0.789,0.483,0.766,0.546,0.00218,0.977,0.172,0.479,0.917;aaaaa;
0.117;0.617,0.563,0.287,0.21,0.865,0.406,0.216,0.0505,0.271,0.766;a;
0.345;0.925,0.957,0.336,0.389,0.114,0.626,0.744,0.232,0.322,0.0278;aaaaaaa;
0.688;0.173,0.449,0.909,0.923,0.907,0.112,0.76,0.316,0.781,0.21;aaaaaaa;
0.408;0.579,0.318,0.294,0.942,0.12,0.289,0.0821,0.525,0.718,0.935;aaa;
0.802;0.29,0.866,0.74,0.585,0.134,0.0191,0.824,0.734,0.112,0.617;aaaaaaaa;
0.122;0.324,0.859,0.399,0.883,0.0566,0.954,0.513,0.75,0.725,0.414;aa;
0.672;0.157,0.11,0.448,0.278,0.778,0.373,0.337,0.0205,0.542,0.756;aaaaaaaa;
0.668;0.00561,0.722,0.899,0.824,0.832,0.79,0.943,0.738,0.297,0.0464;aaaaaaaaa;
0.8;0.872,0.725,0.18,0.271,0.888,0.561,0.0657,0.485,0.602,0.465;aaaa;
0.893;0.809,0.602,0.335,0.54,0.0168,0.605,0.793,0.547,0.255,0.816;aaaaaaaa;
0.84;0.657,0.379,0.991,0.274,0.694,0.737,0.567,0.693,0.282,0.408;aaaaaa;
0.261;0.395,0.441,0.657,0.155,0.735,0.0538,0.904,0.0279,0.835,0.414;a;
0.486;0.611,0.413,0.251,0.0183,0.866,0.511,0.318,0.151,0.0297,0.181;aaaaaaaaa;
0.706;0.795,0.433,0.531,0.804,0.917,0.547,0.922,0.95,0.00558,0.846;aaaa;
0.0383;0.794,0.188,0.808,0.99,0.705,0.0595,0.318,0.543,0.19,0.668;aaaaaaa;
0.566;0.822,0.439,0.439,0.829,0.927,0.371,0.624,0.795,0.445,0.497;aa;
0.991;0.613,0.208,0.772,0.872,0.627,0.792,0.00559,0.692,0.938,0.57;aaaa;
0.81;0.166,0.234,0.441,0.936,0.438,0.373,0.765,0.0754,0.754,0.6;aaaaaaaaaa;
0.324;0.844,0.399,0.0408,0.0956,0.261,0.728,0.912,0.404,0.547,0.18;a;
0.889;0.0968,0.0898,0.559,0.715,0.864,0.607,0.922,0.0648,0.814,0.124;aaaaaaaa;
0.738;0.358,0.656,0.647,0.161,0.923,0.643,0.666,0.487,0.511,0.142;aaaaaa;
0.0469;0.831,0.879,0.775,0.185,0.732,0.516,0.0163,0.0676,0.378,0.368;aaaaaaa;
0.73;0.136,0.19,0.968,0.267,0.222,0.234,0.0785,0.685,0.585,0.0442;a;
0.645;0.861,0.34,0.0752,0.437,0.0111,0.0432,0.876,0.17,0.536,0.447;a;
0.144;0.195,0.508,0.702,0.748,0.428,0.01,0.105,0.869,0.673,0.416;aaa;
0.383;0.803,0.585,0.118,0.419,0.105,0.362,0.452,0.00978,0.417,0.724;aaaaa;
0.651;0.61,0.12,0.39,0.347,0.407,0.73,0.334,0.873,0.185,0.575;a;
0.843;0.765,0.841,0.879,0.204,0.00916,0.168,0.385,0.324,0.158,0.515;aaaaaaaaaa;
0.548;0.877,0.138,0.297,0.421,0.954,0.91,0.904,0.343,0.879,0.685;aaaaaaaa;
0.311;0.0242,0.808,0.571,0.823,0.94,0.751,0.361,0.0314,0.386,0.00146;aaaaaaaaa;
0.745;0.855,0.294,0.644,0.763,0.31,0.366,0.914,0.0874,0.759,0.274;aaaaaaaaa;
0.392;0.955,0.637,0.396,0.766,0.0994,0.817,0.849,0.246,0.484,0.733;aaaaaaaaa;
0.154;0.152,0.116,0.00952,0.194,0.445,0.26,0.949,0.602,0.554,0.156;aaaa;
0.562;0.301,0.867,0.0704,0.209,0.574,0.646,0.744,0.363,0.57,0.54;aaaaaaaa;
0.672;0.243,0.1,0.788,0.811,0.968,0.133,0.423,0.796,0.326,0.878;a;
0.438;0.0937,0.0492,0.27,0.619,0.799,0.847,0.4,0.816,0.196,0.828;a;
0.0356;0.382,0.761,0.984,0.0967,0.2,0.827,0.55,0.238,0.525,0.933;aaaaaaa;
0.104;0.596,0.481,0.169,0.0641,0.0784,0.41,0.954,0.128,0.606,0.411;aaaaaaaa;
0.75;0.657,0.778,0.0502,0.239,0.265,0.63,0.752,0.0975,0.731,0.082;aaaaaa;
0.65;0.392,0.611,0.109,0.325,0.614,0.182,0.108,0.401,0.612,0.693;aaaaa;
0.0424;0.201,0.637,0.931,0.691,0.425,0.201,0.88,0.597,0.0261,0.529;aaaaa;
0.683;0.335,0.459,0.0852,0.863,0.296,0.914,0.585,0.908,0.428,0.191;aaaaaaaaaa;
0.956;0.353,0.884,0.517,0.923,0.573,0.883,0.768,0.377,0.419,0.0569;a;
0.132;0.85,0.605,0.281,0.671,0.568,0.491,0.413,0.593,0.498,0.4;a;
0.91;0.112,0.135,0.0816,0.972,0.315,0.273,0.331,0.826,0.745,0.335;aaaaaa;
0.762;0.181,0.527,0.0146,0.0892,0.544,0.674,0.414,0.267,0.461,0.4;aa;
0.35;0.806,0.0267,0.226,0.0972,0.67,0.942,0.101,0.93,0.737,0.686;aaaaaaaa;
0.738;0.293,0.886,0.784,0.633,0.00977,0.126,0.374,0.657,0.0912,0.59;aaaaaaa;
0.361;0.368,0.765,0.659,1,0.896,0.773,0.803,0.575,0.00773,0.107;aaaaaaaaaa;
0.584;0.698,0.519,0.429,0.0251,0.146,0.558,0.846,0.0396,0.562,0.353;aaaaaaaaa;
0.0625;0.656,0.588,0.331,0.316,0.785,0.185,0.169,0.509,0.712,0.262;aaaaaa;
0.106;0.863,0.642,0.594,0.158,0.594,0.74,0.106,0.42,0.96,0.22;aaa;
0.883;0.794,0.634,0.403,0.676,0.867,0.435,0.874,0.712,0.554,0.423;aaaa;
0.721;0.151,0.0702,0.729,0.168,0.391,0.671,0.552,0.107,0.973,0.151;aaaaaaa;
0.321;0.419,0.276,0.128,0.199,0.683,0.2,0.321,0.171,0.53,0.00244;aaaaaaa;
0.637;0.927,0.545,0.0999,0.418,0.639,0.894,0.759,0.398,0.0846,0.74;aaaa;
0.32;0.618,0.302,0.0134,0.535,0.429,0.579,0.376,0.639,0.227,0.0804;aaaa;
0.96;0.448,0.91,0.821,0.833,0.545,0.15,0.853,0.446,0.219,0.605;aaaaaaa;
0.513;0.714,0.0465,0.271,0.496,0.0427,0.0332,0.623,0.907,0.458,0.288;aaaaaaaaaa;
0.511;0.221,0.524,0.802,0.263,0.0534,0.00642,0.925,0.593,0.138,0.17;aa;
0.827;0.393,0.745,0.506,0.414,0.912,0.757,0.548,0.0468,0.343,0.333;aaaa;
0.865;0.242,0.379,0.263,0.549,0.379,0.523,0.636,0.951,0.126,0.623;aaa;
0.762;0.0468,0.127,0.706,0.991,0.538,0.716,0.83,0.652,0.769,0.821;aaaaaa;
0.735;0.734,0.834,0.385,0.854,0.355,0.911,0.277,0.513,0.79,0.932;a;
0.749;0.812,0.706,0.366,0.966,0.753,0.387,0.28,0.816,0.96,0.694;aaaaaaaa;
0.429;0.882,0.0658,0.936,0.328,0.939,0.064,0.0503,0.692,0.51,0.999;a;
0.566;0.404,0.298,0.773,0.148,0.016,0.167,0.00884,0.603,0.253,0.524;aaaaaaaaaa;
0.821;0.0111,0.618,0.789,0.659,0.12,0.115,0.297,0.109,0.551,0.138;aaa;
0.132;0.967,0.709,0.29,0.603,0.0805,0.227,0.267,0.411,0.927,0.893;aa;
0.364;0.343,0.579,0.438,0.823,0.881,0.57,0.782,0.712,0.339,0.673;aa;
0.603;0.842,0.29,0.21,0.401,0.00307,0.834,0.398,0.29,0.937,0.587;a;
0.16;0.364,0.591,0.916,0.691,0.302,0.372,0.588,0.711,0.978,0.622;a;
0.49;0.991,0.92,0.924,0.997,0.214,0.733,0.471,0.717,0.132,0.23;aaaaaaaaa;
0.182;0.977,0.914,0.544,0.806,0.952,0.1,0.545,0.543,0.0636,0.4;aaaaaaaaaa;
0.219;0.318,0.288,0.758,0.162,0.883,0.125,0.713,0.211,0.532,0.548;aa;
0.341;0.165,0.0278,0.36,0.161,0.412,0.0469,0.9,0.405,0.485,0.554;aaaa;
0.148;0.917,0.105,0.0737,0.123,0.0986,0.975,0.795,0.567,0.925,0.973;aaaaaa;
0.0958;0.0728,0.248,0.742,0.86,0.724,0.956,0.601,0.142,0.936,0.291;a;
0.62;0.475,0.513,0.522,0.33,0.26,0.98,0.864,0.666,0.108,0.887;a;
0.691;0.295,0.0941,0.158,0.937,0.586,0.525,0.595,0.0536,0.989,0.341;a;
0.0852;0.724,0.716,0.242,0.534,0.883,0.171,0.653,0.272,0.922,0.516;aaaaaaaaa;
0.276;0.295,0.56,0.654,0.435,0.244,0.971,0.965,0.792,0.652,0.594;aaaa;
0.339;0.596,0.0738,0.6,0.522,0.245,0.865,0.27,0.112,0.0134,0.316;aaaaaaaaaa;
0.0169;0.312,0.37,0.577,0.446,0.0772,0.743,0.506,0.519,0.639,0.367;aaaaaaaa;
0.167;0.596,0.354,0.72,0.412,0.479,0.425,0.818,0.956,0.578,0.869;aaaaaaaaa;
0.756;0.609,0.638,0.178,0.945,0.493,0.585,0.92,0.628,0.466,0.426;aaaaaaaa;
0.322;0.372,0.99,0.357,0.4,0.846,0.892,0.268,0.099,0.00324,0.591;aa;
0.856;0.317,0.851,0.406,0.712,0.434,0.349,0.41,0.583,0.624,0.526;aaaaaaaaaa;
0.0903;0.376,0.193,0.113,0.672,0.517,0.432,0.255,0.741,0.474,0.361;a;
0.992;0.908,0.103,0.807,0.197,0.162,0.224,0.318,0.0145,0.36,0.0251;a;
0.0264;0.0698,0.292,0.65,0.305,0.629,0.0806,0.696,0.574,0.941,0.446;aaaa;
0.0466;0.362,0.753,0.814,0.8,0.679,0.886,0.184,0.238,0.675,0.0658;aa;
0.729;0.474,0.0801,0.246,0.488,0.425,0.883,0.886,0.285,0.536,0.542;aaaaaaaa;
0.206;0.679,0.421,0.313,0.86,0.114,0.722,0.162,0.682,0.401,0.608;aa;
0.117;0.939,0.0341,0.233,0.554,0.215,0.68,0.112,0.0571,0.062,0.0168;a;
0.992;0.931,0.891,0.186,0.41,0.533,0.591,0.74,0.523,0.591,0.196;a;
0.144;0.961,0.283,0.21,0.0804,0.509,0.246,0.0872,0.842,0.485,0.935;aaaaaaaaaa;
0.88;0.731,0.0415,0.0612,0.313,0.864,0.175,0.632,0.777,0.0665,0.407;aaaaa;
0.829;0.865,0.461,0.688,0.509,0.829,0.0744,0.151,0.639,0.863,0.197;aa;
0.422;0.879,0.905,0.886,0.307,0.627,0.0463,0.827,0.709,0.256,0.571;aaaaaaaaaa;
0.945;0.872,0.482,0.37,0.575,0.809,0.4,0.423,0.499,0.618,0.303;aaaaaaaa;
0.685;0.0422,0.165,0.241,0.304,0.198,0.468,0.392,0.379,0.46,0.555;a;
0.433;0.252,0.189,0.258,0.341,0.99,0.585,0.341,0.0975,0.27,0.834;aa;
0.836;0.654,0.603,0.404,0.676,0.0425,0.686,0.467,0.52,0.812,0.0446;aaaaa;
0.929;0.634,0.424,0.388,0.166,0.265,0.154,0.983,0.407,0.607,0.716;aaaaaa;
0.926;0.233,0.0647,0.056,0.312,0.289,0.028,0.308,0.105,0.132,0.281;aaa;
0.896;0.182,0.803,0.602,0.472,0.843,0.0498,0.059,0.864,0.108,0.12;aaaaaa;
0.362;0.017,0.157,0.0793,0.0767,0.027,0.0876,0.00132,0.987,0.584,0.674;aaaaaaaaaa;
0.937;0.489,0.549,0.77,0.958,0.255,0.443,0.333,0.847,0.556,0.408;aaaaa;
0.821;0.53,0.76,0.606,0.647,0.581,0.687,0.898,0.538,0.245,0.2;aaaaa;
0.977;0.144,0.565,0.616,0.76,0.798,0.254,0.144,0.946,0.415,0.692;a;
0.441;0.911,0.484,0.12,0.395,0.331,0.204,0.334,0.214,0.817,0.29;aaaaaa;
0.992;0.426,0.657,0.724,0.0472,0.77,0.53,0.182,0.793,0.579,0.525;a;
0.66;0.573,0.142,0.384,0.581,0.139,0.736,0.166,0.956,0.528,0.369;aaaaaa;
0.284;0.822,0.862,0.613,0.502,0.425,0.898,0.414,0.174,0.677,0.948;aa;
0.699;0.688,0.435,0.72,0.314,0.81,0.288,0.89,0.839,0.191,0.792;aaa;
0.362;0.193,0.589,0.0422,0.525,0.399,0.316,0.952,0.795,0.728,0.204;aaaa;
0.278;0.166,0.897,0.351,0.554,0.627,0.0562,0.00388,0.781,0.177,0.233;aaaaa;
0.759;0.272,0.299,0.921,0.555,0.112,0.296,0.646,0.899,0.611,0.555;aaaaa;
0.812;0.626,0.831,0.44,0.693,0.28,0.268,0.603,0.706,0.282,0.882;aaaaaaaaa;
0.905;0.0137,0.0481,0.622,0.594,0.734,0.397,0.237,0.0365,0.869,0.466;aaaa;
0.759;0.0353,0.74,0.164,0.0465,0.99,0.761,0.148,0.0805,0.672,0.336;aaa;
0.806;0.0933,0.875,0.247,0.578,0.291,0.154,0.583,0.281,0.695,0.257;aaaaaaaa;
0.85;0.445,0.0827,0.683,0.246,0.497,0.969,0.817,0.934,0.0067,0.0436;aaaaaa;
0.56;0.0777,0.386,0.273,0.378,0.25,0.92,0.895,0.0855,0.492,0.917;aaaaaaaa;
0.129;0.922,0.358,0.757,0.178,0.407,0.106,0.336,0.358,0.465,0.0856;aa;
0.586;0.154,0.908,0.947,0.402,0.619,0.284,0.824,0.23,0.118,0.206;aa;
0.553;0.375,0.0838,0.325,0.983,0.974,0.264,0.123,0.478,0.196,0.402;aaaaaaa;
0.774;0.572,0.164,0.518,0.0462,0.708,0.215,0.579,0.774,0.382,0.0808;a;
0.461;0.317,0.105,0.214,0.662,0.605,0.932,0.694,0.665,0.0713,0.159;aaaaaaaa;
0.145;0.85,0.374,0.37,0.272,0.964,0.295,0.93,0.778,0.217,0.505;aaaaaa;
0.806;0.253,0.652,0.19,0.175,0.584,0.628,0.948,0.855,0.479,0.261;aaaaaaaaaa;
0.116;0.377,0.52,0.278,0.996,0.354,0.892,0.517,0.506,0.38,0.465;aa;
0.911;0.333,0.0492,0.908,0.975,0.0526,0.777,0.658,0.206,0.276,0.874;a;
0.859;0.26,0.192,0.458,0.784,0.165,0.682,0.75,0.493,0.393,0.56;aaaaaa;
0.881;0.408,0.0486,0.798,0.43,0.824,0.192,0.244,0.408,0.826,0.762;aa;
0.563;0.626,0.295,0.0865,0.662,0.254,0.652,0.431,0.649,0.546,0.98;aaaaaaaaaa;
0.0199;0.727,0.904,0.184,0.0776,0.486,0.317,0.457,0.729,0.311,0.418;aaa;
0.447;0.592,0.1,0.397,0.607,0.284,0.842,0.803,0.246,0.413,0.0123;a;
0.945;0.638,0.795,0.465,0.726,0.88,0.182,0.551,0.385,0.827,0.0911;aaaaaa;
0.0571;0.14,0.353,0.776,0.997,0.602,0.574,0.414,0.361,0.306,0.0333;aa;
0.87;0.529,0.251,0.969,0.562,0.894,0.191,0.439,0.417,0.72,0.982;aaaaaaaa;
0.471;0.983,0.706,0.529,0.414,0.141,0.226,0.01,0.853,0.13,0.39;aaaaaaaaa;
0.244;0.847,0.69,0.281,0.76,0.637,0.28,0.224,0.1,0.597,0.652;aaaa;
0.8;0.643,0.938,0.462,0.172,0.305,0.681,0.524,0.276,0.092,0.652;aaaaaaaaa;
0.45;0.162,0.24,0.181,0.508,0.228,0.554,0.292,0.715,0.368,0.71;aa;
0.803;0.355,0.924,0.353,0.0465,0.71,0.125,0.012,0.0645,0.991,0.213;aaaaaaa;
0.108;0.493,0.574,0.00299,0.406,0.379,0.783,0.435,0.441,0.164,0.962;aaaaaaaaa;
0.951;0.483,0.841,0.692,0.261,0.479,0.218,0.462,0.842,0.606,0.454;aa;
0.751;0.191,0.981,0.741,0.225,0.303,0.323,0.505,0.886,0.0156,0.878;aaaa;
0.72;0.0748,0.367,0.894,0.323,0.545,0.562,0.594,0.756,0.351,0.194;aaaaaa;
0.0425;0.682,0.483,0.354,0.353,0.88,0.0706,0.807,0.607,0.294,0.171;aaaa;
0.847;0.721,0.778,0.785,0.181,0.375,0.966,0.25,0.384,0.937,0.587;a;
0.349;0.799,0.124,0.807,0.272,0.165,0.953,0.436,0.993,0.644,0.269;aaaaaaaaaa;
0.485;0.976,0.724,0.652,0.421,0.974,0.313,0.414,0.204,0.0588,0.772;aaaaaaaa;
0.659;0.316,0.371,0.48,0.863,0.928,0.623,0.401,0.275,0.61,0.236;aaa;
0.219;0.174,0.439,0.965,0.208,0.24,0.677,0.888,0.104,0.717,0.784;aaaaaa;
0.197;0.875,0.945,0.741,0.841,0.588,0.735,0.16,0.212,0.488,0.435;aaa;
0.972;0.508,0.343,0.967,0.662,0.563,0.167,0.354,0.0927,0.0421,0.17;aa;
0.299;0.234,0.711,0.563,0.88,0.549,0.544,0.266,0.269,0.2,0.142;a;
0.653;0.865,0.895,0.356,0.519,0.0444,0.0695,0.891,0.0139,0.413,0.676;aaaa;
0.107;0.772,0.891,0.795,0.772,0.327,0.332,0.0533,0.561,0.524,0.482;aaaa;
0.48;0.41,0.597,0.422,0.797,0.395,0.5,0.562,0.65,0.0948,0.833;aaaaaaaa;
0.491;0.806,0.876,0.721,0.607,0.112,0.468,0.824,0.154,0.395,0.0793;aa;
0.102;0.0937,0.306,0.127,0.57,0.751,0.933,0.532,0.369,0.132,0.532;aaaa;
0.4;0.174,0.374,0.942,0.741,0.861,0.0325,0.782,0.0195,0.114,0.648;aaaaa;
0.937;0.0428,0.534,0.928,0.933,0.249,0.874,0.872,0.0494,0.629,0.278;aaaaaaaaa;
0.106;0.134,0.607,0.91,0.944,0.354,0.909,0.187,0.323,0.294,0.415;a;
0.0578;0.118,0.539,0.119,0.407,0.197,0.32,0.717,0.518,0.422,0.101;aaaaaaa;
0.759;0.689,0.118,0.205,0.523,0.644,0.309,0.237,0.322,0.449,0.162;aaaaaaaaaa;
0.939;0.417,0.395,0.771,0.1,0.303,0.677,0.822,0.752,0.392,0.57;aaaa;
0.792;0.629,0.0709,0.711,0.817,0.462,0.0801,0.649,0.586,0.00848,0.0375;aaaaaa;
0.609;0.214,0.505,0.191,0.266,0.775,0.125,0.296,0.454,0.448,0.915;aaaaa;
0.29;0.566,0.311,0.719,0.354,0.679,0.846,0.2,0.883,0.237,0.0925;aaaaaaa;
0.657;0.407,0.37,0.418,0.881,0.142,0.837,0.408,0.228,0.765,0.299;aaaaaa;
0.042;0.493,0.937,0.663,0.748,0.0511,0.978,0.021,0.16,0.937,0.503;aaa;
0.737;0.834,0.185,0.809,0.584,0.535,0.0908,0.0197,0.0547,0.917,0.25;aaaaaaa;
0.917;0.602,0.485,0.952,0.648,0.518,0.51,0.941,0.312,0.773,0.28;aaaaaaaa;
0.761;0.442,0.779,0.912,0.663,0.535,0.695,0.856,0.0325,0.915,0.0543;aaa;
0.369;0.556,0.866,0.669,0.497,0.933,0.704,0.458,0.339,0.674,0.849;a;
0.0769;0.178,0.937,0.527,0.514,0.566,0.471,0.257,0.873,0.532,0.294;aaaaaaa;
0.667;0.263,0.0459,0.506,0.202,0.307,0.462,0.612,0.971,0.679,0.332;aaaaaaa;
0.1;0.657,0.459,0.163,0.952,0.748,0.0817,0.627,0.243,0.745,0.578;a;
0.762;0.407,0.624,0.289,0.262,0.753,0.491,0.137,0.44,0.702,0.925;aa;
0.834;0.851,0.8,0.629,0.772,0.19,0.486,0.97,0.689,0.454,0.426;aaa;
0.838;0.718,0.434,0.469,0.311,0.643,0.373,0.105,0.499,0.381,0.752;aaaaaa;
0.541;0.454,0.75,0.284,0.304,0.248,0.345,0.00521,0.293,0.565,0.909;aaaaa;
0.61;0.354,0.033,0.7,0.145,0.168,0.0849,0.404,0.245,0.167,0.285;aaa;
0.59;0.0287,0.588,0.765,0.805,0.378,0.551,0.646,0.555,0.719,0.803;aa;
0.0654;0.065,0.815,0.507,0.331,0.183,0.286,0.773,0.243,0.211,0.242;aaaaaaaaaa;
0.0608;0.506,0.292,0.948,0.914,0.576,0.276,0.0267,0.115,0.735,0.074;aaaaaaaaaa;
0.96;0.476,0.583,0.321,0.0355,0.952,0.539,0.0877,0.0482,0.933,0.254;a;
0.506;0.481,0.281,0.515,0.761,0.048,0.609,0.717,0.0764,0.917,0.115;aa;
0.0935;0.92,0.461,0.472,0.182,0.212,0.141,0.375,0.292,0.21,0.233;aaaaaa;
0.383;0.306,0.154,0.852,0.294,0.487,0.85,0.378,0.931,0.853,0.735;aaaaaaaa;
0.906;0.308,0.00998,0.529,0.553,0.285,0.875,0.73,0.0925,0.687,0.881;aaaa;
0.342;0.111,0.809,0.876,0.258,0.0962,0.618,0.339,0.394,0.953,0.439;aaaaaaaa;
0.775;0.593,0.778,0.221,0.309,0.744,0.392,0.341,0.486,0.855,0.843;aaaaaaaaaa;
0.859;0.451,0.839,0.11,0.0402,0.575,0.928,0.732,0.0743,0.347,0.153;aaaaaa;
0.352;0.508,0.236,0.374,0.224,0.193,0.888,0.0446,0.834,0.205,0.749;aaaa;
0.361;0.108,0.00793,0.482,0.747,0.927,0.64,0.336,0.981,0.0244,0.18;aaaaaaaaa;
0.492;0.0083,0.651,0.903,0.59,0.883,0.636,0.667,0.223,0.361,0.735;aaa;
0.401;0.698,0.388,0.149,0.456,0.472,0.746,0.382,0.562,0.415,0.956;aaaaaaa;
0.461;0.0422,0.0261,0.946,0.74,0.494,0.931,0.802,0.488,0.493,0.319;aaaa;
0.0486;0.658,0.821,0.701,0.736,0.305,0.299,0.643,0.495,0.798,0.452;aaa;
0.0293;0.295,0.575,0.813,0.951,0.645,0.958,0.555,0.683,0.951,0.59;aaaaaaaaa;
0.624;0.328,0.128,0.83,0.745,0.157,0.0515,0.785,0.0701,0.557,0.27;aaaaaaaaa;
0.75;0.874,0.0349,0.366,0.407,0.931,0.279,0.852,0.388,0.918,0.27;aaa;
0.107;0.772,0.891,0.795,0.772,0.327,0.332,0.0533,0.561,0.524,0.482;aaaaaaaa;
0.48;0.41,0.597,0.422,0.797,0.395,0.5,0.562,0.65,0.0948,0.833;aaaa;
0.491;0.806,0.876,0.721,0.607,0.112,0.468,0.824,0.154,0.395,0.0793;aa;
0.102;0.0937,0.306,0.127,0.57,0.751,0.933,0.532,0.369,0.132,0.532;aaaaaaa;
0.4;0.174,0.374,0.942,0.741,0.861,0.0325,0.782,0.0195,0.114,0.648;aaaaaaaa;
0.937;0.0428,0.534,0.928,0.933,0.249,0.874,0.872,0.0494,0.629,0.278;aaaaa;
0.106;0.134,0.607,0.91,0.944,0.354,0.909,0.187,0.323,0.294,0.415;aa;
0.0578;0.118,0.539,0.119,0.407,0.197,0.32,0.717,0.518,0.422,0.101;aaaaaa;
0.759;0.689,0.118,0.205,0.523,0.644,0.309,0.237,0.322,0.449,0.162;aaaaa;
0.939;0.417,0.395,0.771,0.1,0.303,0.677,0.822,0.752,0.392,0.57;aaaa;
0.792;0.629,0.0709,0.711,0.817,0.462,0.0801,0.649,0.586,0.00848,0.0375;aaaaaa;
0.609;0.214,0.505,0.191,0.266,0.775,0.125,0.296,0.454,0.448,0.915;a;
0.29;0.566,0.311,0.719,0.354,0.679,0.846,0.2,0.883,0.237,0.0925;a;
0.657;0.407,0.37,0.418,0.881,0.142,0.837,0.408,0.228,0.765,0.299;aa;
0.042;0.493,0.937,0.663,0.748,0.0511,0.978,0.021,0.16,0.937,0.503;aaaaaaa;
0.737;0.834,0.185,0.809,0.584,0.535,0.0908,0.0197,0.0547,0.917,0.25;a;
0.917;0.602,0.485,0.952,0.648,0.518,0.51,0.941,0.312,0.773,0.28;aaaaaaaaa;
0.761;0.442,0.779,0.912,0.663,0.535,0.695,0.856,0.0325,0.915,0.0543;aaaaaaa;
0.369;0.556,0.866,0.669,0.497,0.933,0.704,0.458,0.339,0.674,0.849;aaaa;
0.0769;0.178,0.937,0.527,0.514,0.566,0.471,0.257,0.873,0.532,0.294;aaaaa;
0.667;0.263,0.0459,0.506,0.202,0.307,0.462,0.612,0.971,0.679,0.332;aaaa;
0.1;0.657,0.459,0.163,0.952,0.748,0.0817,0.627,0.243,0.745,0.578;aaaaaaaa;
0.762;0.407,0.624,0.289,0.262,0.753,0.491,0.137,0.44,0.702,0.925;aaaaaaaa;
0.834;0.851,0.8,0.629,0.772,0.19,0.486,0.97,0.689,0.454,0.426;aa;
0.838;0.718,0.434,0.469,0.311,0.643,0.373,0.105,0.499,0.381,0.752;aaaaaaa;
0.541;0.454,0.75,0.284,0.304,0.248,0.345,0.00521,0.293,0.565,0.909;aaaa;
0.61;0.354,0.033,0.7,0.145,0.168,0.0849,0.404,0.245,0.167,0.285;aaaaaaaaa;
0.59;0.0287,0.588,0.765,0.805,0.378,0.551,0.646,0.555,0.719,0.803;aaaaaaaa;
0.0654;0.065,0.815,0.507,0.331,0.183,0.286,0.773,0.243,0.211,0.242;aaaaa;
0.0608;0.506,0.292,0.948,0.914,0.576,0.276,0.0267,0.115,0.735,0.074;aaaaa;
0.96;0.476,0.583,0.321,0.0355,0.952,0.539,0.0877,0.0482,0.933,0.254;aaaaaaaa;
0.506;0.481,0.281,0.515,0.761,0.048,0.609,0.717,0.0764,0.917,0.115;aaa;
0.0935;0.92,0.461,0.472,0.182,0.212,0.141,0.375,0.292,0.21,0.233;aaaaaaaaa;
0.383;0.306,0.154,0.852,0.294,0.487,0.85,0.378,0.931,0.853,0.735;aaa;
0.906;0.308,0.00998,0.529,0.553,0.285,0.875,0.73,0.0925,0.687,0.881;aaaaa;
0.342;0.111,0.809,0.876,0.258,0.0962,0.618,0.339,0.394,0.953,0.439;aaaaaaaaa;
0.775;0.593,0.778,0.221,0.309,0.744,0.392,0.341,0.486,0.855,0.843;aaaaaaaaa;
0.859;0.451,0.839,0.11,0.0402,0.575,0.928,0.732,0.0743,0.347,0.153;aaaaaa;
0.352;0.508,0.236,0.374,0.224,0.193,0.888,0.0446,0.834,0.205,0.749;aaaa;
0.361;0.108,0.00793,0.482,0.747,0.927,0.64,0.336,0.981,0.0244,0.18;aaaaaaaa;
0.492;0.0083,0.651,0.903,0.59,0.883,0.636,0.667,0.223,0.361,0.735;aaa;
0.401;0.698,0.388,0.149,0.456,0.472,0.746,0.382,0.562,0.415,0.956;aaa;
0.461;0.0422,0.0261,0.946,0.74,0.494,0.931,0.802,0.488,0.493,0.319;aaaa;
0.0486;0.658,0.821,0.701,0.736,0.305,0.299,0.643,0.495,0.798,0.452;aaaaaa;
0.0293;0.295,0.575,0.813,0.951,0.645,0.958,0.555,0.683,0.951,0.59;aaaaaaa;
0.624;0.328,0.128,0.83,0.745,0.157,0.0515,0.785,0.0701,0.557,0.27;aaaa;
0.75;0.874,0.0349,0.366,0.407,0.931,0.279,0.852,0.388,0.918,0.27;aaaaaaa;
0.107;0.772,0.891,0.795,0.772,0.327,0.332,0.0533,0.561,0.524,0.482;aaaaa;
0.48;0.41,0.597,0.422,0.797,0.395,0.5,0.562,0.65,0.0948,0.833;aaaaaaaa;
0.491;0.806,0.876,0.721,0.607,0.112,0.468,0.824,0.154,0.395,0.0793;aaaaaa;
0.102;0.0937,0.306,0.127,0.57,0.751,0.933,0.532,0.369,0.132,0.532;aaa;
0.4;0.174,0.374,0.942,0.741,0.861,0.0325,0.782,0.0195,0.114,0.648;aaaa;
0.937;0.0428,0.534,0.928,0.933,0.249,0.874,0.872,0.0494,0.629,0.278;aaaaa;
0.106;0.134,0.607,0.91,0.944,0.354,0.909,0.187,0.323,0.294,0.415;a;
0.0578;0.118,0.539,0.119,0.407,0.197,0.32,0.717,0.518,0.422,0.101;aaaa;
0.759;0.689,0.118,0.205,0.523,0.644,0.309,0.237,0.322,0.449,0.162;aaaaaaa;
0.939;0.417,0.395,0.771,0.1,0.303,0.677,0.822,0.752,0.392,0.57;aa;
0.792;0.629,0.0709,0.711,0.817,0.462,0.0801,0.649,0.586,0.00848,0.0375;aaaaa;
0.609;0.214,0.505,0.191,0.266,0.775,0.125,0.296,0.454,0.448,0.915;aaa;
0.29;0.566,0.311,0.719,0.354,0.679,0.846,0.2,0.883,0.237,0.0925;aaaaaaaa;
0.657;0.407,0.37,0.418,0.881,0.142,0.837,0.408,0.228,0.765,0.299;aa;
0.042;0.493,0.937,0.663,0.748,0.0511,0.978,0.021,0.16,0.937,0.503;aaaaa;
0.737;0.834,0.185,0.809,0.584,0.535,0.0908,0.0197,0.0547,0.917,0.25;aa;
0.917;0.602,0.485,0.952,0.648,0.518,0.51,0.941,0.312,0.773,0.28;aaaaa;
0.761;0.442,0.779,0.912,0.663,0.535,0.695,0.856,0.0325,0.915,0.0543;aaaaaaa;
0.369;0.556,0.866,0.669,0.497,0.933,0.704,0.458,0.339,0.674,0.849;aaaaaaaa;
0.0769;0.178,0.937,0.527,0.514,0.566,0.471,0.257,0.873,0.532,0.294;aaaaaaaa;
0.667;0.263,0.0459,0.506,0.202,0.307,0.462,0.612,0.971,0.679,0.332;aaaaa;
0.1;0.657,0.459,0.163,0.952,0.748,0.0817,0.627,0.243,0.745,0.578;aaaaaaaaa;
0.762;0.407,0.624,0.289,0.262,0.753,0.491,0.137,0.44,0.702,0.925;aaaaa;
0.834;0.851,0.8,0.629,0.772,0.19,0.486,0.97,0.689,0.454,0.426;aaaaaaa;
0.838;0.718,0.434,0.469,0.311,0.643,0.373,0.105,0.499,0.381,0.752;aaa;
0.541;0.454,0.75,0.284,0.304,0.248,0.345,0.00521,0.293,0.565,0.909;aaaaaaaaa;
0.61;0.354,0.033,0.7,0.145,0.168,0.0849,0.404,0.245,0.167,0.285;aaaaaaa;
0.59;0.0287,0.588,0.765,0.805,0.378,0.551,0.646,0.555,0.719,0.803;aaaa;
0.0654;0.065,0.815,0.507,0.331,0.183,0.286,0.773,0.243,0.211,0.242;aaaaaaaa;
0.0608;0.506,0.292,0.948,0.914,0.576,0.276,0.0267,0.115,0.735,0.074;aaaaaaa;
0.96;0.476,0.583,0.321,0.0355,0.952,0.539,0.0877,0.0482,0.933,0.254;aaa;
0.506;0.481,0.281,0.515,0.761,0.048,0.609,0.717,0.0764,0.917,0.115;aaaaaaaaaa;
0.0935;0.92,0.461,0.472,0.182,0.212,0.141,0.375,0.292,0.21,0.233;aaaaaaaaa;
0.383;0.306,0.154,0.852,0.294,0.487,0.85,0.378,0.931,0.853,0.735;aaaaaa;
0.906;0.308,0.00998,0.529,0.553,0.285,0.875,0.73,0.0925,0.687,0.881;aaaaaaaaa;
0.342;0.111,0.809,0.876,0.258,0.0962,0.618,0.339,0.394,0.953,0.439;aaaaaaaa;
0.775;0.593,0.778,0.221,0.309,0.744,0.392,0.341,0.486,0.855,0.843;aaaaaaaa;
0.859;0.451,0.839,0.11,0.0402,0.575,0.928,0.732,0.0743,0.347,0.153;aaaaaa;
0.352;0.508,0.236,0.374,0.224,0.193,0.888,0.0446,0.834,0.205,0.749;a;
0.361;0.108,0.00793,0.482,0.747,0.927,0.64,0.336,0.981,0.0244,0.18;aa;
0.492;0.0083,0.651,0.903,0.59,0.883,0.636,0.667,0.223,0.361,0.735;aa;
0.401;0.698,0.388,0.149,0.456,0.472,0.746,0.382,0.562,0.415,0.956;a;
0.461;0.0422,0.0261,0.946,0.74,0.494,0.931,0.802,0.488,0.493,0.319;aaa;
0.0486;0.658,0.821,0.701,0.736,0.305,0.299,0.643,0.495,0.798,0.452;aaaa;
0.0293;0.295,0.575,0.813,0.951,0.645,0.958,0.555,0.683,0.951,0.59;aaaaaa;
0.624;0.328,0.128,0.83,0.745,0.157,0.0515,0.785,0.0701,0.557,0.27;aaa;
0.75;0.874,0.0349,0.366,0.407,0.931,0.279,0.852,0.388,0.918,0.27;a;
0.107;0.772,0.891,0.795,0.772,0.327,0.332,0.0533,0.561,0.524,0.482;aaaaaa;
0.48;0.41,0.597,0.422,0.797,0.395,0.5,0.562,0.65,0.0948,0.833;aaaaaaaaaa;
0.491;0.806,0.876,0.721,0.607,0.112,0.468,0.824,0.154,0.395,0.0793;aa;
0.102;0.0937,0.306,0.127,0.57,0.751,0.933,0.532,0.369,0.132,0.532;aaa;
0.4;0.174,0.374,0.942,0.741,0.861,0.0325,0.782,0.0195,0.114,0.648;aaaaa;
0.937;0.0428,0.534,0.928,0.933,0.249,0.874,0.872,0.0494,0.629,0.278;aaaa;
0.106;0.134,0.607,0.91,0.944,0.354,0.909,0.187,0.323,0.294,0.415;aa;
0.0578;0.118,0.539,0.119,0.407,0.197,0.32,0.717,0.518,0.422,0.101;aaaaaaaaa;
0.759;0.689,0.118,0.205,0.523,0.644,0.309,0.237,0.322,0.449,0.162;aaaaaaa;
0.939;0.417,0.395,0.771,0.1,0.303,0.677,0.822,0.752,0.392,0.57;aaaa;
0.792;0.629,0.0709,0.711,0.817,0.462,0.0801,0.649,0.586,0.00848,0.0375;aaaaaaaa;
0.609;0.214,0.505,0.191,0.266,0.775,0.125,0.296,0.454,0.448,0.915;aaaaaaaaa;
0.29;0.566,0.311,0.719,0.354,0.679,0.846,0.2,0.883,0.237,0.0925;aaa;
0.657;0.407,0.37,0.418,0.881,0.142,0.837,0.408,0.228,0.765,0.299;aaaaaaaa;
0.042;0.493,0.937,0.663,0.748,0.0511,0.978,0.021,0.16,0.937,0.503;aa;
0.737;0.834,0.185,0.809,0.584,0.535,0.0908,0.0197,0.0547,0.917,0.25;aaa;
0.917;0.602,0.485,0.952,0.648,0.518,0.51,0.941,0.312,0.773,0.28;a;
0.761;0.442,0.779,0.912,0.663,0.535,0.695,0.856,0.0325,0.915,0.0543;aaaaaaaa;
0.369;0.556,0.866,0.669,0.497,0.933,0.704,0.458,0.339,0.674,0.849;aaaaaaaa;
0.0769;0.178,0.937,0.527,0.514,0.566,0.471,0.257,0.873,0.532,0.294;aaaa;
0.667;0.263,0.0459,0.506,0.202,0.307,0.462,0.612,0.971,0.679,0.332;a;
0.1;0.657,0.459,0.163,0.952,0.748,0.0817,0.627,0.243,0.745,0.578;a;
0.762;0.407,0.624,0.289,0.262,0.753,0.491,0.137,0.44,0.702,0.925;aa;
0.834;0.851,0.8,0.629,0.772,0.19,0.486,0.97,0.689,0.454,0.426;aaaaaaa;
0.838;0.718,0.434,0.469,0.311,0.643,0.373,0.105,0.499,0.381,0.752;aaaaaaaaa;
0.541;0.454,0.75,0.284,0.304,0.248,0.345,0.00521,0.293,0.565,0.909;aaa;
0.61;0.354,0.033,0.7,0.145,0.168,0.0849,0.404,0.245,0.167,0.285;aaaaaa;
0.59;0.0287,0.588,0.765,0.805,0.378,0.551,0.646,0.555,0.719,0.803;aa;
0.0654;0.065,0.815,0.507,0.331,0.183,0.286,0.773,0.243,0.211,0.242;aaaaaaaa;
0.0608;0.506,0.292,0.948,0.914,0.576,0.276,0.0267,0.115,0.735,0.074;a;
0.96;0.476,0.583,0.321,0.0355,0.952,0.539,0.0877,0.0482,0.933,0.254;aaaa;
0.506;0.481,0.281,0.515,0.761,0.048,0.609,0.717,0.0764,0.917,0.115;aaaaa;
0.0935;0.92,0.461,0.472,0.182,0.212,0.141,0.375,0.292,0.21,0.233;aaaaaaa;
0.383;0.306,0.154,0.852,0.294,0.487,0.85,0.378,0.931,0.853,0.735;a;
0.906;0.308,0.00998,0.529,0.553,0.285,0.875,0.73,0.0925,0.687,0.881;aaaaaa;
0.342;0.111,0.809,0.876,0.258,0.0962,0.618,0.339,0.394,0.953,0.439;aaaaaaaaaa;
0.775;0.593,0.778,0.221,0.309,0.744,0.392,0.341,0.486,0.855,0.843;aaaaaaaaa;
0.859;0.451,0.839,0.11,0.0402,0.575,0.928,0.732,0.0743,0.347,0.153;aaaa;
0.352;0.508,0.236,0.374,0.224,0.193,0.888,0.0446,0.834,0.205,0.749;aaaa;
0.361;0.108,0.00793,0.482,0.747,0.927,0.64,0.336,0.981,0.0244,0.18;aaaa;
0.492;0.0083,0.651,0.903,0.59,0.883,0.636,0.667,0.223,0.361,0.735;aaaaaaaaaa;
0.401;0.698,0.388,0.149,0.456,0.472,0.746,0.382,0.562,0.415,0.956;aaa;
0.461;0.0422,0.0261,0.946,0.74,0.494,0.931,0.802,0.488,0.493,0.319;a;
0.0486;0.658,0.821,0.701,0.736,0.305,0.299,0.643,0.495,0.798,0.452;aaaa;
0.0293;0.295,0.575,0.813,0.951,0.645,0.958,0.555,0.683,0.951,0.59;aaa;
0.624;0.328,0.128,0.83,0.745,0.157,0.0515,0.785,0.0701,0.557,0.27;aaaaaaa;
0.75;0.874,0.0349,0.366,0.407,0.931,0.279,0.852,0.388,0.918,0.27;aaaaaaaaa;
0.107;0.772,0.891,0.795,0.772,0.327,0.332,0.0533,0.561,0.524,0.482;a;
0.48;0.41,0.597,0.422,0.797,0.395,0.5,0.562,0.65,0.0948,0.833;aaaa;
0.491;0.806,0.876,0.721,0.607,0.112,0.468,0.824,0.154,0.395,0.0793;aaaaaa;
0.102;0.0937,0.306,0.127,0.57,0.751,0.933,0.532,0.369,0.132,0.532;aaaaaa;
0.4;0.174,0.374,0.942,0.741,0.861,0.0325,0.782,0.0195,0.114,0.648;aaaaa;
0.937;0.0428,0.534,0.928,0.933,0.249,0.874,0.872,0.0494,0.629,0.278;aaaaaa;
0.106;0.134,0.607,0.91,0.944,0.354,0.909,0.187,0.323,0.294,0.415;aaaa;
0.0578;0.118,0.539,0.119,0.407,0.197,0.32,0.717,0.518,0.422,0.101;aaaaaaaaaa;
0.759;0.689,0.118,0.205,0.523,0.644,0.309,0.237,0.322,0.449,0.162;aa;
0.939;0.417,0.395,0.771,0.1,0.303,0.677,0.822,0.752,0.392,0.57;aaaaaa;
0.792;0.629,0.0709,0.711,0.817,0.462,0.0801,0.649,0.586,0.00848,0.0375;aaa;
0.609;0.214,0.505,0.191,0.266,0.775,0.125,0.296,0.454,0.448,0.915;aaaaaaaa;
0.29;0.566,0.311,0.719,0.354,0.679,0.846,0.2,0.883,0.237,0.0925;aaaaaaaa;
0.657;0.407,0.37,0.418,0.881,0.142,0.837,0.408,0.228,0.765,0.299;aa;
0.042;0.493,0.937,0.663,0.748,0.0511,0.978,0.021,0.16,0.937,0.503;aaaa;
0.737;0.834,0.185,0.809,0.584,0.535,0.0908,0.0197,0.0547,0.917,0.25;aaaaaa;
0.917;0.602,0.485,0.952,0.648,0.518,0.51,0.941,0.312,0.773,0.28;a;
0.761;0.442,0.779,0.912,0.663,0.535,0.695,0.856,0.0325,0.915,0.0543;a;
0.369;0.556,0.866,0.669,0.497,0.933,0.704,0.458,0.339,0.674,0.849;aa;
0.0769;0.178,0.937,0.527,0.514,0.566,0.471,0.257,0.873,0.532,0.294;aaaaaaaa;
0.667;0.263,0.0459,0.506,0.202,0.307,0.462,0.612,0.971,0.679,0.332;aaaaaaaaaa;
0.1;0.657,0.459,0.163,0.952,0.748,0.0817,0.627,0.243,0.745,0.578;aaaaaaaa;
0.762;0.407,0.624,0.289,0.262,0.753,0.491,0.137,0.44,0.702,0.925;aaaaaaaaa;
0.834;0.851,0.8,0.629,0.772,0.19,0.486,0.97,0.689,0.454,0.426;aa;
0.838;0.718,0.434,0.469,0.311,0.643,0.373,0.105,0.499,0.381,0.752;aaa;
0.541;0.454,0.75,0.284,0.304,0.248,0.345,0.00521,0.293,0.565,0.909;aaaaaaaaa;
0.61;0.354,0.033,0.7,0.145,0.168,0.0849,0.404,0.245,0.167,0.285;aaaaaaa;
0.59;0.0287,0.588,0.765,0.805,0.378,0.551,0.646,0.555,0.719,0.803;aaaaaaaa;
0.0654;0.065,0.815,0.507,0.331,0.183,0.286,0.773,0.243,0.211,0.242;aaaaaaa;
0.0608;0.506,0.292,0.948,0.914,0.576,0.276,0.0267,0.115,0.735,0.074;aaa;
0.96;0.476,0.583,0.321,0.0355,0.952,0.539,0.0877,0.0482,0.933,0.254;aaaaaaaaa;
0.506;0.481,0.281,0.515,0.761,0.048,0.609,0.717,0.0764,0.917,0.115;aaaaaa;
0.0935;0.92,0.461,0.472,0.182,0.212,0.141,0.375,0.292,0.21,0.233;aa;
0.383;0.306,0.154,0.852,0.294,0.487,0.85,0.378,0.931,0.853,0.735;aaaaaaaaa;
0.906;0.308,0.00998,0.529,0.553,0.285,0.875,0.73,0.0925,0.687,0.881;aa;
0.342;0.111,0.809,0.876,0.258,0.0962,0.618,0.339,0.394,0.953,0.439;aaaaa;
0.775;0.593,0.778,0.221,0.309,0.744,0.392,0.341,0.486,0.855,0.843;aaaaaaaaa;
0.859;0.451,0.839,0.11,0.0402,0.575,0.928,0.732,0.0743,0.347,0.153;aaaaaaaa;
0.352;0.508,0.236,0.374,0.224,0.193,0.888,0.0446,0.834,0.205,0.749;a;
0.361;0.108,0.00793,0.482,0.747,0.927,0.64,0.336,0.981,0.0244,0.18;aaa;
0.492;0.0083,0.651,0.903,0.59,0.883,0.636,0.667,0.223,0.361,0.735;aaaaaaaaa;
0.401;0.698,0.388,0.149,0.456,0.472,0.746,0.382,0.562,0.415,0.956;aaaaaaa;
0.461;0.0422,0.0261,0.946,0.74,0.494,0.931,0.802,0.488,0.493,0.319;aaaa;
0.0486;0.658,0.821,0.701,0.736,0.305,0.299,0.643,0.495,0.798,0.452;aaaaaaaaaa;
0.0293;0.295,0.575,0.813,0.951,0.645,0.958,0.555,0.683,0.951,0.59;aaaaaaaaa;
0.624;0.328,0.128,0.83,0.745,0.157,0.0515,0.785,0.0701,0.557,0.27;aaaaa;
0.75;0.874,0.0349,0.366,0.407,0.931,0.279,0.852,0.388,0.918,0.27;aaaaaaaa;
