0	0
1	1
2	2
3	3
4	4,8,16,39,46
5	5
6	1,6
7	4,7,40
8	8,21,29
9	9,28
10	0,10,21
11	11
12	5,12
13	13,26,37
14	14
15	15
16	16
17	17,35
18	18
19	19
20	20
21	21,23
22	22
23	23
24	24
25	25
26	26
27	27
28	28
29	29
30	30
31	31
32	32
33	33
34	34
35	35
36	36
37	37
38	38
39	39
40	40
41	41
42	42
43	43
44	44
45	45
46	46
47	47
48	48
49	49
50	3
51	12
52	11
53	5
54	9
55	5
56	5,43
57	47
58	35
59	21
60	17,28,40
61	17
62	6
63	17
64	33
65	22
66	31
67	15
68	11
69	18,46
70	15
71	14
72	6
73	6
74	19
75	11
76	9
77	2
78	17
79	0
80	24
81	12,29,36
82	15
83	41
84	7
85	13
86	7
87	25
88	15
89	3,36
90	37
91	1,11
92	3
93	6
94	9
95	4
96	19
97	12
98	5
99	9
100	2
101	5
102	1
103	5
104	13,42
105	0
106	3
107	8
108	11,26
109	6
110	15
111	5
112	7
113	0,29
114	34,43
115	31
116	2,18
117	7
118	10
119	32
120	2,19
121	11
122	12
123	46
124	3
125	1
126	24
127	0
128	2
129	19
130	6
131	37
132	10
133	4
134	23
135	28
136	1
137	9
138	0,44
139	1
140	7
141	12
142	0
143	19
144	3
145	32
146	5
147	12
148	15
149	25
150	0
151	3
152	21
153	1
154	48
155	22
156	13
157	17
158	5
159	21
160	16
161	39
162	13
163	17,43
164	3
165	7
166	28
167	0
168	2
169	23
170	15
171	36
172	20
173	2
174	7
175	0
176	2
177	2
178	12
179	1,18,28,31
180	10
181	30
182	29
183	14
184	8
185	5
186	7
187	4
188	20
189	0
190	12
191	8
192	5
193	2
194	11
195	1
196	32
197	14
198	16
199	7
200	25
201	5
202	4
203	29
204	32
205	0
206	18
207	3
208	25
209	2,22
210	5
211	20
212	30
213	16
214	1
215	1
216	7
217	2
218	13
219	2
220	16
221	20
222	18,31
223	7
224	18,47
225	3
226	7
227	6
228	1
229	22
230	7
231	4
232	14,23
233	0
234	44
235	4
236	9
237	13,19,22
238	1
239	26
240	0
241	33,41
242	0
243	11
244	24
245	7
246	4
247	34
248	3
249	14
250	13
251	8
252	35
253	38
254	30
255	2
256	10
257	1
258	1
259	31
260	14,20
261	12
262	6,8
263	3
264	15
265	30
266	14
267	10
268	3
269	41
270	9,46
271	19
272	6
273	5
274	23
275	1
276	19
277	13
278	38
279	0
280	35
281	10
282	4
283	0
284	16
285	10
286	45
287	31
288	1
289	10
290	4
291	0
292	4
293	14
294	14
295	0
296	21
297	46
298	4
299	0
300	0
301	10
302	1
303	11
304	32
305	39
306	19,28
307	17
308	11
309	21
310	1
311	0
312	25
313	2
314	4
315	1
316	18
317	21
318	8
319	7,30
320	8
321	9
322	21
323	4
324	9
325	10
326	10
327	15,21
328	7
329	8,10
330	11,28
331	0
332	17
333	18
334	12
335	27
336	17,25,40
337	37
338	10
339	23
340	2
341	15
342	37
343	7
344	8
345	37,42
346	7
347	27
348	16
349	29
350	28
351	8
352	17
353	26
354	13,22
355	28
356	9
357	1
358	5
359	17
360	4
361	8,24
362	2
363	17
364	20
365	0
366	15
367	8
368	10
369	0
370	11
371	12
372	23
373	22
374	0
375	3
376	12
377	6,38
378	10
379	23
380	26
381	29
382	4
383	4
384	36
385	49
386	7
387	0,40
388	9
389	10
390	0,13
391	1
392	17
393	23
394	7
395	2
396	2
397	6
398	0
399	12
400	1
401	0
402	6
403	3
404	20
405	9
406	27
407	12,28
408	11
409	11,14
410	24
411	5
412	43
413	14
414	9
415	21
416	20
417	32
418	3
419	14
420	26
421	3
422	7
423	23
424	10
425	10
426	1
427	4
428	1
429	11
430	23,33,34
431	9
432	2
433	12
434	5
435	2
436	1,12
437	4
438	7
439	21
440	14
441	6
442	9
443	7
444	4
445	6
446	35
447	41
448	5
449	3
450	18
451	16
452	10
453	33
454	2
455	6
456	28
457	3
458	3
459	7
460	1
461	25
462	39,46
463	11,17
464	12
465	18
466	7
467	13
468	21
469	22
470	8
471	11
472	14
473	10
474	44
475	4
476	11
477	6
478	9
479	0
480	3
481	2
482	39,47
483	2
484	0
485	14
486	26
487	39
488	21
489	4
490	0
491	11
492	5
493	6
494	7
495	29
496	13
497	2
498	1
499	26
500	20
501	3
502	11
503	12
504	3
505	14
506	0
507	43
508	27
509	7
510	33
511	14
512	9
513	2
514	7
515	30
516	4
517	7
518	34
519	2
520	5,41
521	6
522	5
523	8
524	24
525	7
526	15
527	19
528	3
529	8
530	35
531	42
532	9
533	33
534	46
535	39,42
536	29
537	4
538	4,19
539	3
540	30
541	0
542	15
543	13
544	2
545	35
546	1
547	12
548	9
549	7
550	12
551	4,43
552	1
553	11
554	18
555	13
556	13
557	3,16
558	20
559	7
560	14
561	0
562	1
563	48
564	4,44
565	6
566	5
567	10
568	14
569	7
570	1
571	36
572	24
573	5
574	5
575	1
576	14
577	18
578	29
579	4
580	25
581	14
582	16
583	44
584	23
585	0
586	10
587	35,42
588	8
589	7
590	3
591	16,19,33
592	25
593	8
594	13
595	7
596	6
597	5
598	10
599	18
600	0
601	3
602	8,24
603	26
604	20
605	22
606	25
607	0
608	45
609	18
610	3
611	4
612	0
613	5
614	5
615	35,37
616	11
617	3
618	16
619	4
620	1
621	24,29
622	3
623	47
624	27
625	4
626	10
627	10
628	2
629	30
630	34
631	14
632	19
633	4
634	14
635	48
636	17
637	7
638	1
639	13
640	9
641	14
642	6
643	2
644	7
645	1
646	0
647	3
648	10
649	34
650	11
651	33
652	7,45
653	7
654	8
655	2
656	2
657	4
658	46
659	15
660	15
661	37
662	35
663	3
664	14
665	3
666	16
667	2
668	12
669	5
670	16
671	0
672	11
673	2
674	1
675	6
676	9
677	31
678	1
679	13
680	8
681	1
682	3
683	1
684	5
685	22
686	7
687	24
688	20
689	24,35
690	35
691	5
692	10
693	6
694	33
695	23
696	7
697	34
698	27
699	12
700	4
701	25
702	2
703	22
704	6,8
705	22
706	5
707	10
708	30
709	1
710	1
711	15
712	0
713	8
714	36
715	2
716	9
717	5
718	22
719	6
720	4
721	2
722	6
723	6
724	8
725	4
726	17,32
727	11
728	0
729	3
730	0
731	7
732	2
733	12
734	28
735	5
736	8
737	0
738	8
739	12
740	24
741	40
742	3
743	12
744	27
745	21
746	13,40
747	12
748	39
749	5
750	6
751	22
752	8
753	3
754	2
755	12
756	10
757	12
758	20
759	0
760	17
761	0
762	19
763	14
764	24
765	11
766	1
767	15
768	11
769	16
770	21
771	19
772	4
773	13
774	21,22
775	9
776	4
777	7
778	49
779	0
780	16
781	0
782	5
783	0
784	4
785	0
786	4
787	4
788	3
789	22
790	4
791	14
792	30
793	14
794	18
795	31
796	3
797	3
798	47
799	42
800	14
801	20
802	31
803	13
804	0
805	17,49
806	5
807	6
808	17
809	5
810	2
811	7
812	1
813	8
814	9
815	11
816	30
817	12
818	27
819	11
820	11
821	0
822	23
823	21
824	9
825	3
826	20
827	16
828	21
829	47
830	3
831	10
832	14
833	30
834	8
835	2
836	1
837	5
838	6
839	1
840	32,34
841	14
842	11
843	34,40
844	0
845	35
846	44
847	2
848	10
849	5
850	47
851	5
852	5
853	11
854	11
855	3
856	37
857	4
858	21
859	14
860	9
861	8
862	20,44
863	17
864	33
865	35,47
866	2
867	18
868	34
869	31
870	7
871	13
872	3
873	10
874	32
875	15
876	10
877	6
878	26
879	33
880	5
881	0
882	13
883	9
884	23
885	6
886	31,34,47
887	9
888	0
889	0
890	2
891	36
892	1
893	5
894	19,26
895	15
896	8
897	6
898	16
899	28,42
900	20
901	15
902	0
903	8
904	22
905	0
906	2
907	3
908	15
909	4
910	0
911	7
912	7
913	6
914	7
915	0
916	2
917	9
918	1
919	11
920	8
921	16
922	2
923	11,36
924	15
925	14
926	18
927	5
928	14
929	6
930	7
931	1
932	21
933	18
934	31
935	19
936	19,42
937	27
938	21
939	11
940	7,27,41
941	33
942	11
943	16
944	8
945	7
946	4
947	14
948	5
949	5
950	6
951	41
952	1
953	5
954	5
955	1
956	21
957	17
958	13
959	9
960	1
961	43
962	8,39
963	10
964	0
965	41,44
966	13
967	12
968	2
969	18
970	21
971	9
972	15
973	9
974	2
975	6
976	14
977	10
978	7
979	14
980	7
981	6
982	6
983	14
984	33
985	3
986	13
987	5
988	13
989	1
990	26
991	16
992	15
993	18
994	0
995	12
996	43
997	2
998	1
999	18
1000	0
1001	0
1002	0
1003	0
1004	0
1005	2
1006	2
1007	2
1008	2
1009	2
1010	6
1011	6
1012	6
1013	6
1014	6
1015	14
1016	14
1017	14
1018	14
1019	14
1020	30
1021	30
1022	30
1023	30
1024	30
1025	49
1026	49
1027	49
1028	49
1029	49
1030	48
1031	48
1032	48
1033	48
1034	48
1035	47
1036	47
1037	47
1038	47
1039	47
1040	46
1041	46
1042	46
1043	46
1044	46
1045	45
1046	45
1047	45
1048	45
1049	45
1050	44
1051	44
1052	44
1053	44
1054	44
1055	43
1056	43
1057	43
1058	43
1059	43
1060	42
1061	42
1062	42
1063	42
1064	42
1065	41
1066	41
1067	41
1068	41
1069	41
1070	40
1071	40
1072	40
1073	40
1074	40
1075	39
1076	39
1077	39
1078	39
1079	39
1080	38
1081	38
1082	38
1083	38
1084	38
1085	37
1086	37
1087	37
1088	37
1089	37
1090	36
1091	36
1092	36
1093	36
1094	36
1095	35
1096	35
1097	35
1098	35
1099	35
1100	34
1101	34
1102	34
1103	34
1104	34
1105	33
1106	33
1107	33
1108	33
1109	33
1110	32
1111	32
1112	32
1113	32
1114	32
1115	29
1116	29
1117	29
1118	29
1119	29
1120	31
1121	31
1122	31
1123	31
1124	31
