0	0
1	1,73
2	2,28,45,50
3	3,28
4	4,44,78,89
5	5,25,54
6	6
7	7
8	2,8
9	9,54
10	10,45,85
11	4,11
12	12
13	13,66
14	14
15	15
16	16
17	17,36
18	18
19	19
20	20,25,32
21	21,40
22	22
23	23
24	24
25	25
26	26
27	27
28	28
29	29,55
30	30
31	31
32	32
33	33
34	34
35	14,35
36	36
37	37
38	38
39	39
40	40
41	41
42	42
43	43
44	44
45	45
46	46
47	47
48	48
49	49
50	50
51	51,54
52	2,46,52,64
53	53,86
54	54
55	55
56	56
57	57
58	56,58,60,70
59	59
60	60
61	61
62	62
63	63
64	64
65	65
66	66
67	67,80
68	68
69	31,69
70	70
71	71
72	72
73	7,73
74	74
75	75
76	76
77	77,89
78	78
79	79
80	80
81	81
82	82
83	83
84	84
85	85
86	86
87	87
88	88
89	89
90	90
91	20
92	63
93	1
94	2
95	15
96	8
97	29
98	18,61
99	16
100	27
101	2
102	17
103	18
104	2
105	10,21
106	2
107	6,41
108	18
109	2
110	12
111	10
112	28
113	62
114	17
115	0
116	5
117	2
118	11
119	8
120	26
121	43
122	1
123	13
124	40
125	8,18,36,61
126	38
127	34,47
128	74
129	23
130	1
131	6
132	30
133	0
134	2
135	2
136	50
137	33
138	47
139	63
140	25
141	13
142	9
143	10
144	5
145	51
146	65
147	18
148	49
149	22
150	55
151	23
152	59,74
153	2,65,85
154	53,63
155	44
156	19,26
157	15
158	42
159	7
160	10
161	8
162	26
163	5
164	31
165	41
166	36
167	85
168	16
169	20
170	21
171	48
172	33
173	7
174	72
175	4
176	5
177	1
178	1
179	15
180	21
181	1
182	37
183	16
184	39
185	23
186	31
187	16
188	17
189	72
190	11
191	39
192	6
193	0
194	31
195	35
196	41
197	8
198	0
199	47
200	16
201	2
202	7
203	20
204	7
205	6
206	11
207	13
208	3
209	42
210	19
211	55
212	10,23
213	9
214	4
215	41
216	43
217	0
218	20
219	2
220	11
221	21
222	39
223	13
224	4,59
225	13
226	71
227	14
228	10
229	6
230	3
231	17
232	47
233	4
234	28
235	47
236	20
237	19,36
238	5
239	30,42,46,83
240	20
241	22
242	6
243	49
244	67
245	35
246	31
247	1
248	56
249	1
250	5
251	1
252	25,89
253	0,62
254	58
255	5
256	4
257	27
258	36
259	22
260	37,72
261	85
262	13
263	21
264	71
265	48
266	19
267	11
268	71
269	7
270	3
271	10
272	27,48
273	4
274	0
275	33
276	21
277	29
278	38
279	24
280	15
281	19
282	24
283	13,52
284	10,45
285	28
286	3
287	35,60
288	11,30
289	3
290	44
291	3
292	13
293	2
294	0
295	6
296	25
297	24
298	10
299	5
300	15
301	0
302	72,84
303	13
304	0
305	5
306	3
307	44
308	36
309	14
310	23
311	53
312	32
313	5
314	3
315	11
316	15
317	25
318	84
319	14
320	43
321	5
322	24
323	22
324	41
325	50
326	22
327	9
328	24
329	1
330	29
331	20
332	17
333	9,36
334	44
335	88
336	7
337	10,81
338	17
339	11
340	0
341	18
342	25
343	23
344	3
345	4
346	2
347	37
348	28
349	0
350	27
351	67
352	14
353	16
354	32
355	17
356	52
357	30
358	48
359	23
360	88
361	0
362	68
363	32
364	8
365	33
366	0
367	10
368	9,88
369	13
370	36
371	38
372	20
373	59
374	25
375	1
376	27
377	0
378	24
379	16
380	41
381	26
382	39
383	6
384	8
385	7
386	8
387	8
388	6
389	33
390	58,88
391	8
392	28
393	50
394	17
395	4
396	5
397	46
398	6
399	27
400	11,79
401	33
402	30
403	4
404	6
405	15
406	3
407	1
408	13
409	44
410	2
411	2
412	49
413	44
414	3
415	34
416	21
417	35,37,56
418	8
419	13
420	12,17
421	37
422	51,81
423	17
424	7
425	10
426	28
427	7
428	47
429	21,81
430	39
431	77
432	27
433	36
434	62
435	1
436	35
437	5
438	10
439	12
440	59
441	2
442	40
443	21
444	33
445	17
446	64
447	36
448	17
449	9
450	4
451	28
452	0
453	32,42,66,72,80
454	24,65
455	1
456	19
457	28
458	17
459	4
460	3
461	8
462	20
463	31
464	17,70
465	7
466	11
467	42
468	34
469	41
470	18
471	2
472	36
473	54
474	11
475	88
476	20
477	72,82
478	8
479	44
480	5
481	35
482	19
483	56
484	2
485	8
486	41
487	57
488	10
489	34
490	11
491	0
492	38
493	1
494	55
495	22
496	0
497	12
498	32
499	27
500	15
501	10
502	12
503	52
504	19
505	4
506	2
507	3
508	27
509	22
510	13,53
511	0
512	24
513	46
514	13
515	44
516	2
517	4
518	42
519	9
520	8
521	3
522	5
523	27
524	17
525	11
526	15
527	30
528	2
529	71
530	6
531	19
532	12
533	1
534	5
535	15
536	3
537	17
538	4
539	54
540	57
541	77
542	16
543	12
544	52
545	63
546	20
547	1
548	4
549	5
550	30
551	7
552	53
553	36
554	16
555	12,44
556	43
557	29
558	7
559	54
560	13
561	5
562	8
563	15
564	19
565	9
566	26
567	13
568	52
569	6
570	0
571	71
572	5
573	9
574	9
575	63
576	35
577	18
578	10
579	6
580	31
581	2
582	36
583	18
584	7
585	1
586	14
587	57
588	54
589	24
590	0
591	48,66
592	11
593	19
594	28
595	20
596	8
597	29
598	0
599	46
600	9
601	33
602	45
603	6
604	13
605	73
606	48
607	26
608	54
609	0
610	6
611	9
612	7
613	29
614	47
615	32
616	43
617	22
618	22
619	45
620	3
621	4
622	5
623	43
624	9
625	0
626	12
627	10
628	11
629	12
630	3
631	10
632	54
633	2
634	8
635	27
636	77
637	6
638	26,72
639	61
640	4
641	4
642	11
643	2
644	4
645	41
646	22
647	38
648	28
649	0,49
650	14
651	14
652	9
653	51
654	39
655	62
656	10
657	9
658	52
659	15
660	3
661	1
662	34
663	45
664	15
665	7
666	3
667	7
668	19
669	14
670	0
671	40
672	53
673	76
674	54
675	23
676	9
677	27
678	13
679	52
680	17
681	5
682	2
683	14
684	14
685	34,37,59
686	77
687	28
688	22
689	51
690	37
691	15
692	22
693	54
694	37
695	55
696	26
697	31
698	13
699	25
700	36
701	0
702	5
703	35
704	13
705	13
706	18
707	70
708	23
709	22
710	12
711	16
712	0
713	1
714	2
715	10
716	35
717	32
718	33
719	9
720	44
721	5,70,73
722	16
723	13
724	2
725	48
726	31
727	68
728	3
729	47
730	53
731	17
732	19
733	8
734	1
735	9
736	1
737	46
738	16
739	41
740	1
741	7
742	2
743	21
744	47
745	8
746	30
747	3
748	4
749	68
750	14
751	29
752	6
753	7
754	64
755	8
756	7
757	9
758	46
759	17
760	41
761	22
762	2
763	25
764	1
765	36
766	21
767	20
768	30
769	0
770	31
771	14
772	79
773	63
774	37
775	87
776	16
777	8
778	9
779	12
780	34
781	43
782	8
783	44
784	39
785	17
786	7
787	4
788	21
789	0
790	0
791	63
792	23
793	60
794	15
795	17
796	4
797	15
798	63
799	4
800	22
801	18
802	52
803	30
804	16
805	14
806	16
807	0
808	1
809	4
810	7
811	25
812	56
813	1
814	28
815	64
816	3
817	3
818	31
819	0
820	0
821	0
822	13
823	47
824	38,67
825	22
826	8
827	1
828	31
829	12
830	30,66,78
831	4
832	41
833	8
834	52
835	13
836	31
837	22
838	0
839	0
840	48
841	26
842	24
843	75
844	8
845	15
846	11
847	45
848	15
849	23
850	20
851	10
852	5
853	16
854	26
855	64
856	1
857	40,85
858	8
859	18
860	5
861	7
862	79
863	88
864	49
865	24
866	24
867	18
868	32
869	18
870	1
871	1
872	21
873	45
874	6
875	2
876	32
877	3
878	1,46,58
879	24,34
880	22
881	0
882	10
883	18,53
884	6
885	9
886	5
887	46
888	26
889	1
890	21
891	66
892	8
893	48
894	2
895	25
896	2
897	17
898	15,47
899	44
900	5
901	9
902	18
903	1
904	87
905	19
906	4
907	11
908	21
909	12
910	35
911	46
912	40
913	87
914	11
915	43
916	71
917	35
918	44
919	4
920	69
921	20
922	60
923	14
924	17
925	6,81
926	25
927	5
928	16
929	8
930	39
931	44
932	70
933	38
934	0
935	18
936	6
937	37
938	2
939	6
940	20
941	46
942	35
943	9
944	40
945	27,56
946	59,86
947	11
948	25
949	49
950	19
951	21
952	33
953	10
954	20
955	10
956	15
957	19
958	3
959	28
960	8
961	21
962	46
963	2
964	5
965	4
966	39
967	37
968	26
969	50,52
970	2
971	16
972	9
973	38
974	55
975	38
976	34
977	26
978	0
979	1
980	10
981	19
982	3
983	16
984	22
985	6
986	22
987	30
988	10
989	6
990	1
991	9
992	1
993	0
994	5
995	8
996	12
997	34
998	9
999	12
1000	6
1001	11
1002	0
1003	9
1004	7
1005	17
1006	35
1007	36
1008	13
1009	13
1010	28
1011	28
1012	25
1013	25
1014	41
1015	41
1016	3
1017	3
1018	15
1019	15
1020	14
1021	14
1022	14
1023	2
1024	2
1025	2
1026	53
1027	53
1028	53
1029	12
1030	12
1031	12
1032	21
1033	21
1034	21
1035	4
1036	4
1037	4
1038	19
1039	19
1040	19
1041	37
1042	37
1043	37
1044	38
1045	38
1046	38
1047	78
1048	78
1049	78
1050	74
1051	74
1052	74
1053	8
1054	8
1055	8
1056	16
1057	16
1058	16
1059	33
1060	33
1061	33
1062	30
1063	30
1064	30
1065	30
1066	29
1067	29
1068	29
1069	29
1070	60
1071	60
1072	60
1073	60
1074	27
1075	27
1076	27
1077	27
1078	54
1079	54
1080	54
1081	54
1082	5
1083	5
1084	5
1085	5
1086	24
1087	24
1088	24
1089	24
1090	50
1091	50
1092	50
1093	50
1094	47
1095	47
1096	47
1097	47
1098	48
1099	48
1100	48
1101	48
1102	45
1103	45
1104	45
1105	45
1106	46
1107	46
1108	46
1109	46
1110	10
1111	10
1112	10
1113	10
1114	43
1115	43
1116	43
1117	43
1118	85
1119	85
1120	85
1121	85
1122	20
1123	20
1124	20
1125	20
1126	72
1127	72
1128	72
1129	72
