0	0
1	1
2	2
3	3,21,31
4	4,38
5	5
6	6,10,32,34,45,46,48,49
7	7,20,27
8	8,32
9	9
10	10
11	11,22,30
12	12
13	4,13,17
14	14
15	9,15
16	16
17	17
18	18
19	19
20	20
21	21
22	21,22
23	23
24	24
25	25,32
26	17,26
27	22,27
28	28
29	29
30	30
31	19,31
32	32
33	33
34	34
35	35
36	36
37	37
38	38
39	39
40	40
41	41
42	42,48
43	43
44	44
45	45
46	46
47	34,40,47
48	33,46,48
49	49
50	3
51	2,6,34
52	0,38
53	7
54	25
55	45
56	4
57	12
58	4,29
59	15
60	16
61	33
62	7,35
63	10
64	5
65	5,9
66	6
67	6
68	36
69	9
70	32
71	18
72	25
73	10,29
74	16
75	12
76	6
77	29
78	5,6
79	0
80	28
81	34
82	13
83	6
84	7,18
85	33
86	2,20
87	1
88	6
89	47
90	31
91	1
92	1
93	1
94	1,15
95	21
96	1
97	11
98	6
99	1
100	22
101	6
102	18
103	7
104	0
105	4
106	26
107	17,27
108	8
109	23
110	0
111	7,34
112	4
113	4
114	12,42
115	9
116	29
117	4
118	3
119	4,24
120	11,15
121	3
122	6,11
123	19
124	1
125	4
126	7,37
127	5
128	9
129	0
130	5
131	15
132	4
133	2,11
134	36
135	7
136	12
137	11
138	14
139	11,15
140	3
141	9
142	17,41
143	22
144	12
145	4
146	2
147	0
148	0
149	0
150	20
151	7
152	15
153	11
154	12
155	1
156	3
157	4
158	24
159	18
160	34
161	2
162	6
163	16,47
164	5
165	4
166	2
167	46
168	9
169	35
170	4
171	9
172	13
173	29,31
174	5
175	20,29
176	1
177	0
178	1
179	15
180	0
181	10
182	7
183	17
184	3
185	28
186	9
187	12
188	3
189	27
190	7
191	16
192	3
193	21
194	1
195	16
196	30
197	1
198	25
199	2
200	1
201	12
202	5
203	3
204	8
205	2
206	4
207	9
208	44
209	4
210	9
211	2
212	0
213	1
214	14
215	1
216	20
217	12
218	12
219	6
220	2
221	7
222	18
223	0,20
224	5
225	8
226	4
227	6
228	15
229	4
230	5
231	1
232	4
233	14
234	6
235	4,12,47
236	3
237	1
238	5
239	28
240	44
241	11,48
242	2
243	9
244	4
245	21
246	5
247	3
248	5
249	5
250	24
251	2
252	2
253	4
254	3
255	22
256	24
257	7
258	15,37
259	19
260	2
261	3
262	15
263	2
264	30
265	10,13
266	5
267	28
268	40
269	0
270	1
271	19
272	12
273	17
274	15
275	2
276	5
277	6,40
278	0
279	12
280	9
281	3
282	41
283	17
284	11
285	1
286	5
287	9
288	2
289	23
290	1
291	8
292	16
293	3
294	47
295	8
296	8,18
297	7
298	16
299	15
300	9
301	17,18
302	11,13
303	5
304	31
305	15
306	12
307	18
308	14
309	14
310	24
311	8
312	2
313	1
314	34
315	0
316	6
317	6
318	1
319	3
320	0
321	18,44
322	7
323	5
324	6
325	7
326	19
327	3
328	15
329	12
330	11
331	28
332	6
333	13,27
334	0
335	47
336	11
337	3
338	18
339	21
340	30
341	13
342	6
343	10
344	9
345	21
346	0
347	1
348	23
349	48
350	5
351	0
352	10
353	1
354	15
355	8
356	7
357	12
358	4
359	41
360	0
361	4
362	19
363	23
364	8
365	6
366	11
367	6
368	9
369	45
370	26
371	25
372	5
373	4
374	20
375	17
376	2
377	9
378	6
379	2
380	20
381	11
382	10
383	11
384	1
385	12
386	23,29
387	2
388	29
389	23
390	7
391	15
392	8
393	27
394	22
395	5
396	14
397	22
398	8
399	11
400	3
401	4
402	4
403	17
404	10
405	23,28
406	9
407	16
408	6
409	32
410	15
411	7
412	1
413	7
414	3
415	37
416	28
417	38
418	8
419	12
420	18
421	19
422	28
423	14
424	17
425	26
426	17
427	10
428	14
429	47
430	17
431	21
432	2
433	17
434	28
435	0
436	1
437	31
438	25
439	6
440	0
441	1
442	1
443	7
444	4
445	18
446	5
447	13
448	23
449	7
450	7
451	2
452	4
453	7,35
454	29
455	1
456	1
457	21
458	4
459	3
460	2
461	20
462	7
463	17
464	11
465	3
466	1
467	4
468	13
469	0
470	11
471	5
472	5
473	22
474	20
475	6
476	20,24
477	33,45
478	7
479	0
480	35
481	4
482	0
483	10
484	2
485	15
486	6,47
487	3
488	4
489	1
490	48
491	5
492	0
493	10
494	45
495	2
496	25,32
497	9
498	1
499	0
500	26
501	26
502	7
503	15
504	10
505	20
506	28
507	7
508	0
509	15
510	1
511	28
512	4
513	1
514	22
515	10
516	30
517	7
518	6
519	4
520	3
521	2
522	32
523	6
524	12
525	5
526	9
527	18
528	2
529	2
530	8
531	1
532	10
533	17
534	11
535	10
536	6
537	29
538	0
539	6
540	1
541	34
542	27,32
543	9
544	12
545	15
546	5
547	0
548	18
549	15
550	27
551	3
552	2
553	34
554	2
555	35
556	15
557	2
558	26
559	10
560	5
561	12
562	11
563	22
564	14
565	9
566	12
567	15
568	13
569	0
570	10
571	10
572	4
573	10
574	16
575	6
576	6
577	13
578	3
579	2
580	8
581	0
582	25
583	2
584	3
585	1
586	36
587	6
588	11
589	19,49
590	0
591	12
592	13
593	21
594	31
595	4
596	7
597	44
598	0
599	2
600	18,45
601	3
602	4
603	24
604	22
605	11
606	16
607	6
608	9
609	33
610	11
611	24
612	8
613	21
614	22,43
615	5
616	6
617	15
618	5
619	2
620	1
621	6
622	11
623	0
624	8
625	4
626	22
627	0
628	6
629	6
630	6
631	3
632	13
633	0
634	13
635	0
636	5
637	11
638	37
639	23
640	12
641	4
642	39
643	12
644	2
645	16
646	48
647	11
648	3
649	7
650	31,36
651	30
652	10,19
653	6
654	2
655	0
656	26
657	18
658	46
659	15
660	7
661	25
662	0
663	0
664	4
665	18
666	13
667	1,23
668	5
669	1
670	43
671	20
672	8
673	18
674	5
675	12
676	25
677	2
678	35
679	2
680	17
681	29
682	5
683	10
684	4
685	7
686	46
687	3
688	3
689	6
690	1
691	0
692	2
693	7
694	22
695	1
696	6
697	33,40
698	46
699	15
700	3
701	4
702	14
703	0
704	15
705	4
706	48
707	44
708	12
709	24
710	5
711	7
712	9
713	19
714	7
715	34
716	24
717	18
718	16
719	1
720	19
721	5
722	1
723	9
724	3
725	6
726	15
727	0
728	19,30
729	36
730	4
731	2
732	8
733	2
734	4
735	1
736	2
737	31
738	33,41,42
739	17
740	39
741	13
742	8
743	5
744	1
745	30
746	14
747	0
748	11
749	9
750	9
751	24
752	12
753	17
754	3
755	3
756	29
757	5
758	8
759	22
760	36
761	3
762	26
763	22
764	13
765	3
766	7
767	20
768	0
769	7
770	19
771	3
772	19
773	12,15
774	45
775	23
776	4
777	41
778	7
779	14
780	10
781	9
782	13
783	5
784	12
785	11
786	13
787	27
788	4
789	2
790	5
791	16
792	39
793	12
794	24
795	10
796	36
797	11
798	3
799	2
800	2
801	4
802	2
803	12,21
804	21
805	10
806	15
807	3
808	18
809	2
810	36
811	32
812	4
813	1
814	0
815	46
816	4
817	11
818	4
819	5
820	32
821	46
822	6,41
823	7
824	26
825	1
826	4
827	10
828	6
829	1
830	31
831	11,16
832	6
833	7
834	6
835	19,29
836	16
837	7
838	9
839	48
840	3
841	3
842	4
843	20
844	0
845	8
846	39
847	18
848	4
849	2
850	10
851	5
852	16
853	1
854	4
855	3
856	18
857	19
858	12
859	1
860	9
861	23
862	5
863	33,36
864	23
865	11
866	6
867	0
868	3
869	3
870	25
871	4
872	26
873	11
874	28
875	28,34
876	3
877	12
878	13
879	9
880	33,40
881	9
882	4
883	16
884	17
885	16
886	25
887	7
888	1
889	1
890	16
891	21
892	3
893	18
894	12
895	3
896	5
897	7
898	7
899	0
900	5
901	8
902	11
903	7
904	5
905	5
906	6
907	8
908	0
909	4
910	0
911	13
912	5
913	15
914	5
915	3
916	8
917	18
918	42
919	17
920	8
921	3
922	5
923	3
924	12
925	17
926	16
927	3
928	3
929	5
930	16
931	6
932	25
933	38
934	18
935	7
936	42
937	5
938	14
939	5
940	31
941	4
942	1
943	38
944	49
945	13
946	0
947	12
948	19
949	31
950	33
951	32
952	1,19
953	4
954	20
955	1
956	18,23,24,40
957	14
958	5
959	33
960	4
961	26
962	25
963	10
964	8
965	6
966	0
967	9
968	18
969	7
970	12
971	9,44
972	3
973	0
974	23
975	15
976	1
977	10
978	39
979	3,12,23,42,49
980	8
981	15
982	3
983	5
984	1
985	9
986	0
987	49
988	20
989	13,20
990	45
991	1
992	38
993	12
994	8
995	6
996	3
997	6
998	28
999	35
1000	0
1001	0
1002	0
1003	0
1004	0
1005	2
1006	2
1007	2
1008	2
1009	2
1010	6
1011	6
1012	6
1013	6
1014	6
1015	14
1016	14
1017	14
1018	14
1019	14
1020	30
1021	30
1022	30
1023	30
1024	30
1025	49
1026	49
1027	49
1028	49
1029	49
1030	48
1031	48
1032	48
1033	48
1034	48
1035	47
1036	47
1037	47
1038	47
1039	47
1040	46
1041	46
1042	46
1043	46
1044	46
1045	45
1046	45
1047	45
1048	45
1049	45
1050	44
1051	44
1052	44
1053	44
1054	44
1055	43
1056	43
1057	43
1058	43
1059	43
1060	42
1061	42
1062	42
1063	42
1064	42
1065	41
1066	41
1067	41
1068	41
1069	41
1070	40
1071	40
1072	40
1073	40
1074	40
1075	39
1076	39
1077	39
1078	39
1079	39
1080	38
1081	38
1082	38
1083	38
1084	38
1085	37
1086	37
1087	37
1088	37
1089	37
1090	36
1091	36
1092	36
1093	36
1094	36
1095	35
1096	35
1097	35
1098	35
1099	35
1100	34
1101	34
1102	34
1103	34
1104	34
1105	33
1106	33
1107	33
1108	33
1109	33
1110	32
1111	32
1112	32
1113	32
1114	32
1115	29
1116	29
1117	29
1118	29
1119	29
1120	31
1121	31
1122	31
1123	31
1124	31
