0	0
1	1
2	2
3	3
4	4
5	5
6	5,6
7	2,3,5,7
8	8
9	9
10	2
11	2
12	7
13	4
14	0
15	5
16	4,5
17	0,1
18	0
19	1,6
20	0,9
21	1
22	1
23	0
24	2
25	0,1,2,6
26	1,5
27	0,1,3
28	2
29	0,6
30	0
31	2
32	4,8
33	0,6
34	6
35	9
36	2
37	2
38	0
39	1
40	0
41	2
42	1
43	6
44	0,3,8
45	1,3
46	0,4
47	0
48	2
49	0
50	5
51	0
52	0
53	0
54	0
55	4,8
56	2
57	2
58	3
59	1,3
60	2,8
61	4
62	0
63	6,7
64	3
65	2
66	2,6
67	1
68	2
69	0
70	3
71	5
72	0
73	1
74	1,2,5
75	0
76	0
77	2,5
78	3
79	0
80	0
81	3,8
82	2,7
83	9
84	0
85	0,4,5
86	2
87	1
88	3
89	0
90	3
91	5
92	0
93	4
94	0,7
95	1
96	1
97	4
98	8
99	1
100	5,6,8
101	2
102	6
103	6
104	1
105	3
106	7
107	8,9
108	3
109	0
110	3
111	1
112	0
113	2
114	7
115	3
116	1
117	5
118	3
119	1
120	8
121	0
122	7
123	6
124	0
125	2
126	1,7,9
127	7
128	3
129	0
130	1,3,6
131	0
132	1
133	1,7
134	2
135	2
136	0
137	1
138	1
139	5
140	9
141	0
142	4
143	0
144	0,5
145	2
146	1
147	4
148	0
149	1
150	0
151	0
152	6
153	0,2
154	3
155	0
156	4,6,7
157	0
158	5
159	3,4
160	0
161	1
162	3
163	9
164	3,4,6
165	0
166	3
167	0
168	3
169	2
170	1
171	0,6,7
172	1
173	0
174	0
175	7
176	0
177	5
178	3
179	0
180	2
181	0
182	0,6
183	2
184	0
185	1
186	0
187	0
188	5
189	0
190	0
191	1,7
192	0
193	9
194	9
195	0
196	1
197	8
198	1
199	5
200	2
201	2
202	4
203	3
204	0,4,9
205	0
206	5
207	1
208	3,4
209	5,7
210	0
211	2
212	0
213	3
214	2,9
215	1
216	2
217	2,7
218	4
219	1
220	0
221	0
222	1
223	2
224	9
225	0
226	0
227	0,3
228	4
229	0
230	1
231	8
232	0
233	4
234	4
235	0
236	1
237	1
238	0
239	1
240	0,3
241	4
242	0
243	0
244	6
245	2
246	4
247	3,4
248	5
249	1
250	6
251	0
252	1
253	0
254	5
255	4,8
256	1
257	2
258	8
259	0
260	0
261	9
262	1
263	4
264	3
265	0
266	4
267	6
268	3
269	3
270	0
271	0
272	5
273	0
274	0
275	3
276	3,7
277	1
278	0
279	0
280	0
281	5
282	1
283	3
284	0
285	1
286	0
287	0
288	1
289	7
290	0
291	0
292	0
293	2
294	0
295	5
296	6
297	5
298	0
299	1
300	0
301	0
302	0
303	4
304	2,8
305	3
306	1,8
307	2
308	4
309	5
310	0
311	3
312	7
313	3
314	3
315	5
316	2
317	6
318	3
319	9
320	0
321	0
322	4
323	4
324	1
325	3
326	0
327	0,4,5
328	7
329	6
330	0
331	2
332	6
333	1,5
334	2
335	1
336	5
337	1
338	0
339	0
340	1
341	1
342	1
343	0
344	2
345	0
346	3
347	3
348	0,5
349	0
350	1
351	9
352	2
353	3
354	4
355	6
356	4
357	5
358	3
359	2
360	3
361	1
362	3,4
363	7
364	7
365	0
366	6
367	1
368	6
369	1
370	3
371	2
372	0
373	1
374	0
375	3
376	0
377	0
378	5
379	5
380	6
381	0
382	3
383	1,4
384	1
385	6
386	0
387	1
388	2
389	0
390	6
391	4
392	0
393	1
394	1
395	0
396	1
397	1
398	6
399	1
400	0
401	0
402	1
403	2
404	0
405	0
406	0
407	0
408	2
409	1
410	0
411	1
412	4
413	0
414	1
415	4
416	2
417	4
418	6
419	8
420	0
421	0
422	3
423	1
424	3
425	7
426	1
427	0
428	1
429	4,5
430	1
431	0
432	4
433	2
434	0
435	4
436	2
437	2
438	0
439	0
440	2,7
441	0
442	0
443	1
444	0
445	2
446	1
447	1
448	0
449	1
450	3
451	0
452	3
453	1
454	0
455	0
456	0
457	3
458	5
459	1
460	1
461	1
462	1
463	0
464	4
465	0
466	4
467	0
468	0
469	3
470	1
471	4
472	3
473	0
474	4
475	5
476	7
477	1
478	0
479	8
480	0
481	1
482	2,7
483	1
484	1
485	3
486	1
487	3
488	4
489	0
490	1
491	7,9
492	0
493	2
494	3
495	3
496	0
497	2
498	0
499	6
500	0
501	0
502	0
503	0
504	9
505	0
506	1
507	1
508	2,7
509	4
510	0
511	3
512	1
513	6
514	2
515	3
516	0
517	0
518	2,9
519	1
520	1
521	3
522	1
523	0
524	2
525	0
526	3
527	0
528	0
529	4
530	1
531	0
532	6
533	5
534	1
535	3
536	0
537	0
538	1
539	2
540	0
541	3
542	0
543	0
544	1
545	0
546	2
547	4
548	0
549	0
550	0
551	2
552	0
553	2
554	3
555	6
556	8
557	0
558	0
559	4,6
560	3
561	0
562	0
563	1
564	2
565	0
566	0
567	0
568	4
569	4
570	3
571	2
572	2,6
573	0
574	3
575	1
576	1
577	8
578	3
579	1
580	0
581	0
582	1
583	1
584	0
585	5
586	0
587	7
588	0
589	1
590	0
591	5
592	0
593	0
594	2
595	0
596	2
597	0
598	1
599	0
600	2
601	2
602	0
603	3
604	0
605	2
606	1
607	3
608	4
609	1
610	0
611	3
612	0
613	0
614	5
615	0,4
616	3
617	0
618	0
619	5
620	0
621	3
622	1
623	0
624	6
625	3
626	0
627	1
628	0
629	0
630	1
631	2
632	0
633	0
634	0
635	3
636	0
637	0
638	0
639	1
640	1
641	1
642	4
643	1
644	0
645	1
646	3
647	3
648	2
649	2
650	1
651	8
652	3,8
653	1
654	0
655	6
656	2
657	4
658	0
659	0
660	0
661	0
662	1
663	0
664	2
665	4
666	4
667	2
668	3
669	1
670	4
671	1
672	1
673	2
674	2
675	3
676	1
677	4
678	0
679	0
680	5
681	6
682	2,4
683	3
684	0
685	0
686	0
687	2
688	1
689	3
690	0
691	3
692	1
693	6
694	0
695	0
696	7
697	1
698	3
699	6
700	5
701	1
702	3
703	1
704	2
705	5
706	1
707	3
708	1
709	2
710	0
711	0
712	2
713	2
714	4
715	0
716	1
717	0
718	2
719	5
720	3
721	1
722	1
723	2
724	2
725	2
726	4
727	1
728	0
729	0
730	1
731	0
732	3
733	3
734	1
735	0
736	2
737	6
738	1
739	0
740	1
741	0
742	1
743	0
744	0
745	0
746	8
747	7
748	4
749	5
750	4
751	1
752	2
753	4
754	2
755	1
756	0
757	3
758	2
759	3
760	6
761	6
762	1
763	0
764	3
765	4
766	7
767	1
768	1
769	1
770	0
771	1
772	7
773	0
774	0
775	7
776	1
777	1
778	0
779	2
780	1
781	0
782	7
783	0
784	0
785	5
786	1
787	0
788	0
789	0
790	1
791	0
792	2,4
793	0
794	5
795	4
796	0
797	1
798	4
799	0
800	0
801	0
802	1
803	1
804	3
805	2
806	2
807	2
808	1
809	0
810	0
811	4
812	2,4,8
813	0
814	1
815	4
816	1
817	0
818	1
819	4
820	1
821	0
822	4
823	0
824	7
825	0
826	0
827	1
828	1
829	2
830	3
831	0
832	2
833	4
834	0
835	0
836	3
837	2
838	7
839	1
840	2,9
841	0
842	0
843	2
844	3
845	0
846	0
847	9
848	4
849	2
850	2
851	4
852	0
853	7
854	2
855	5
856	3
857	0
858	1
859	5
860	6
861	2,7
862	0
863	1
864	0
865	8,9
866	8
867	4
868	0
869	0
870	0
871	4
872	2
873	0
874	1
875	0
876	6
877	5
878	1
879	1
880	8
881	0
882	5
883	1
884	3
885	0
886	1
887	1
888	1
889	2
890	0
891	4
892	0
893	4
894	1
895	1
896	8
897	5
898	0
899	3
900	1,5
901	0
902	2
903	1
904	1
905	0
906	3
907	1
908	0
909	2,7
910	2
911	6
912	6
913	2
914	1
915	0
916	1
917	6
918	0
919	0
920	0
921	3
922	2
923	3
924	5
925	2
926	1
927	2
928	0
929	0
930	1
931	0
932	5
933	3
934	0
935	0
936	1
937	6
938	1
939	4
940	1
941	6
942	1
943	1
944	2
945	0
946	2
947	7
948	1
949	2
950	0
951	5
952	5
953	1
954	1
955	1
956	7
957	4
958	3
959	1
960	5
961	4
962	1
963	0
964	4
965	0
966	1
967	1
968	2
969	5
970	0
971	0
972	0
973	3
974	0
975	0
976	2
977	0
978	4
979	0
980	0
981	4
982	1
983	2
984	3
985	0
986	3
987	1
988	2
989	0,1,3,8
990	0
991	0
992	2
993	1
994	1,2,3,8
995	1
996	0
997	2,5,9
998	6,7
999	2
1000	0
1001	3
1002	3
1003	3
1004	3
1005	2
1006	2
1007	2
1008	2
1009	2
1010	6
1011	6
1012	6
1013	6
1014	6
1015	8
1016	8
1017	8
1018	8
1019	8
