ATT0(string,3);ATT1(float,10);ATT2(string,10);
aaa;0.626,0.72,0.601,0.758,0.791,0.998,0.667,0.925,0.957,0.0788;aaaaaaaa;
a;0.915,0.659,0.23,0.612,0.714,0.468,0.364,0.671,0.551,0.186;aaa;
aaa;0.894,0.288,0.559,0.622,0.895,0.562,0.554,0.468,0.8,0.451;a;
aaa;0.342,0.00931,0.721,0.405,0.164,0.181,0.629,0.537,0.926,0.96;aaaaa;
aaa;0.37,0.401,0.158,0.0829,0.972,0.124,0.0541,0.333,0.979,0.614;aaa;
aaa;0.545,0.282,0.217,0.745,0.0691,0.448,0.974,0.314,0.694,0.0361;aaaaa;
aa;0.482,0.621,0.608,0.109,0.574,0.966,0.599,0.127,0.974,0.162;aaaaaaa;
a;0.379,0.513,0.638,0.62,0.178,0.935,0.756,0.218,0.805,0.0645;aaa;
aaa;0.146,0.211,0.337,0.72,0.243,0.914,0.374,0.449,0.726,0.667;aaaaaaaaaa;
aa;0.516,0.216,0.314,0.708,0.13,0.289,0.99,0.86,0.394,0.769;aaaaaa;
aaa;0.924,0.899,0.48,0.468,0.808,0.361,0.49,0.522,0.27,0.539;a;
a;0.0152,0.527,0.32,0.948,0.0336,0.885,0.657,0.311,0.825,0.478;aaaaaa;
aaa;0.018,0.633,0.0894,0.00697,0.955,0.149,0.467,0.0613,0.778,0.82;aaa;
a;0.0652,0.525,0.405,0.411,0.607,0.695,0.361,0.892,0.744,0.0932;a;
aa;0.157,0.849,0.0889,0.293,0.679,0.0591,0.859,0.055,0.623,0.297;aa;
aaa;0.414,0.841,0.979,0.202,0.87,0.0129,0.801,0.864,0.107,0.0917;aa;
aaa;0.221,0.355,0.458,0.223,0.908,0.987,0.923,0.748,0.791,0.617;aaa;
aa;0.00383,0.138,0.517,0.206,0.584,0.615,0.972,0.724,0.0995,0.209;aaaaa;
aa;0.896,0.17,0.567,0.453,0.222,0.712,0.68,0.404,0.704,0.248;aaaaaaaaaa;
aaa;0.261,0.406,0.682,0.935,0.556,0.723,0.59,0.664,0.919,0.212;aaaaa;
aa;0.424,0.0499,0.0784,0.249,0.685,0.494,0.83,0.95,0.441,0.915;aaaa;
aa;0.255,0.919,0.66,0.217,0.463,0.899,0.105,0.0541,0.789,0.468;aaaa;
aa;0.609,0.367,0.606,0.875,0.0941,0.658,0.151,0.645,0.0692,0.82;a;
aa;0.655,0.424,0.344,0.937,0.333,0.638,0.228,0.489,0.582,0.00711;aaaaaaaaa;
a;0.177,0.589,0.672,0.771,0.364,0.125,0.642,0.109,0.675,0.328;aaaaaaaa;
aa;0.545,0.449,0.146,0.0608,0.452,0.917,0.243,0.93,0.0336,0.0949;aaaaaaa;
aa;0.507,0.944,0.403,0.52,0.631,0.966,0.758,0.304,0.342,0.618;aaaaaaaa;
aa;0.564,0.399,0.0624,0.773,0.967,0.104,0.215,0.485,0.367,0.422;a;
aaa;0.72,0.91,0.452,0.828,0.15,0.147,0.55,0.516,0.155,0.977;aaaaaaa;
aa;0.836,0.161,0.202,0.401,0.337,0.744,0.891,0.897,0.89,0.823;aaaaaaaa;
aa;0.395,0.746,0.0214,0.894,0.681,0.466,0.684,0.509,0.0631,0.895;a;
a;0.0743,0.297,0.757,0.572,0.466,0.812,0.635,0.0383,0.451,0.529;aaaa;
a;0.124,0.955,0.692,0.922,0.465,0.493,0.0646,0.32,0.833,0.719;aaaaaa;
aa;0.621,0.284,0.714,0.846,0.746,0.0739,0.00216,0.896,0.87,0.956;aa;
aaa;0.224,0.299,0.0546,0.642,0.566,0.791,0.855,0.204,0.849,0.304;aaaaaaaa;
aa;0.164,0.914,0.808,0.479,0.577,0.2,0.308,0.741,0.458,0.965;aaaaaaaaa;
aaa;0.253,0.17,0.836,0.549,0.136,0.098,0.904,0.273,0.949,0.0461;aaaaaa;
aaa;0.154,0.338,0.183,0.541,0.537,0.852,0.000267,0.0141,0.286,0.834;aaa;
aa;0.88,0.629,0.607,0.235,0.533,0.614,0.183,0.903,0.38,0.16;aaa;
aa;0.371,0.606,0.19,0.325,0.579,0.518,0.173,0.0131,0.301,0.797;aaaaa;
aa;0.798,0.496,0.378,0.461,0.771,0.436,0.8,0.999,0.704,0.269;aaa;
aa;0.702,0.587,0.204,0.537,0.811,0.0274,0.819,0.614,0.038,0.333;aaaa;
aa;0.0239,0.306,0.59,0.227,0.244,0.667,0.485,0.945,0.261,0.694;aaaaa;
aaa;0.519,0.839,0.905,0.422,0.913,0.0337,0.83,0.0118,0.094,0.326;aaaaaa;
aaa;0.211,0.0924,0.991,0.94,0.155,0.02,0.943,0.887,0.831,0.158;aaaaaaaaaa;
aa;0.267,0.527,0.195,0.0985,0.234,0.27,0.855,0.127,0.432,0.615;aaaa;
a;0.369,0.514,0.934,0.514,0.523,0.508,0.173,0.547,0.438,0.48;aaaaaa;
aa;0.201,0.174,0.392,0.725,0.944,0.452,0.0448,0.801,0.0831,0.685;a;
aaa;0.186,0.449,0.824,0.666,0.17,0.784,0.875,0.86,0.0428,0.044;aaaaaaa;
a;0.87,0.273,0.366,0.279,0.159,0.0734,0.544,0.603,0.371,0.209;aaaaaaa;
aa;0.863,0.459,0.52,0.0416,0.236,0.786,0.286,0.422,0.391,0.883;aaaaaaaaa;
aaa;0.573,0.22,0.379,0.959,0.0929,0.37,0.273,0.218,0.19,0.405;aaaaa;
aa;0.567,0.882,0.635,0.0997,0.752,0.0543,0.72,0.908,0.631,0.895;aaaa;
a;0.0106,0.829,0.68,0.994,0.164,0.777,0.178,0.664,0.862,0.641;aaaaaaaa;
a;0.336,0.128,0.43,0.916,0.719,0.892,0.487,0.99,0.652,0.846;aaaaa;
a;0.125,0.609,0.5,0.648,0.678,0.00532,0.526,0.385,0.587,0.114;aaaaaaaaaa;
a;0.879,0.846,0.56,0.487,0.332,0.199,0.379,0.971,0.514,0.0224;aaaaaaa;
aa;0.438,0.674,0.225,0.522,0.11,0.588,0.215,0.873,0.508,0.501;aaaaaaaaa;
aaa;0.623,0.204,0.771,0.0392,0.249,0.311,0.916,0.971,0.833,0.223;aaaaaa;
aaa;0.291,0.159,0.949,0.974,0.848,0.421,0.56,0.689,0.272,0.00301;aaaaaa;
a;0.419,0.779,0.11,0.124,0.346,0.326,0.472,0.155,0.325,0.464;aaa;
a;0.92,0.324,0.416,0.325,0.636,0.0969,0.0985,0.709,0.177,0.224;aaaaaa;
aa;0.027,0.647,0.265,0.0658,0.797,0.669,0.648,0.521,0.128,0.234;aaaaa;
aaa;0.412,0.66,0.735,0.205,0.154,0.599,0.793,0.168,0.557,0.963;aaaaaaaaa;
aa;0.738,0.285,0.122,0.856,0.106,0.44,0.56,0.917,0.0863,0.693;aaa;
aa;0.934,0.604,0.378,0.104,0.487,0.391,0.139,0.659,0.473,0.0755;aaaaaaaaa;
a;0.906,0.785,0.549,0.936,0.475,0.129,0.794,0.527,0.375,0.581;aaaaaaaaa;
aa;0.533,0.0413,0.603,0.637,0.208,0.966,0.993,0.772,0.0255,0.576;aa;
aa;0.26,0.136,0.698,0.662,0.0772,0.191,0.154,0.894,0.183,0.953;aaaaaaaa;
a;0.595,0.621,0.107,0.671,0.755,0.68,0.981,0.0602,0.3,0.158;a;
a;0.279,0.609,0.886,0.419,0.841,0.708,0.808,0.299,0.0578,0.131;aa;
aaa;0.331,0.537,0.507,0.466,0.564,0.0845,0.759,0.62,0.769,0.633;aaa;
a;0.0068,0.991,0.48,0.648,0.143,0.105,0.235,0.982,0.835,0.95;aaaaa;
aa;0.218,0.602,0.48,0.573,0.178,0.637,0.31,0.173,0.298,0.805;aaa;
aa;0.186,0.218,0.873,0.231,0.142,0.385,0.929,0.805,0.942,0.243;aaaaaaa;
a;0.981,0.089,0.309,0.944,0.285,0.444,0.529,0.428,0.13,0.844;aaa;
a;0.548,0.249,0.409,0.719,0.0929,0.575,0.811,0.0317,0.22,0.538;aaaaaaa;
a;0.984,0.82,0.357,0.372,0.406,0.265,0.474,0.488,0.0223,0.778;aaaa;
aaa;0.895,0.121,0.0856,0.134,0.403,0.475,0.763,0.75,0.568,0.547;aaaa;
aaa;0.835,0.51,0.0899,0.276,0.996,0.239,0.694,0.0794,0.0477,0.292;aaaaaaaaa;
aaa;0.54,0.79,0.843,0.992,0.682,0.446,0.697,0.869,0.158,0.161;aaaa;
a;0.44,0.335,0.0203,0.00727,0.397,0.741,0.0975,0.862,0.171,0.197;aaaaa;
a;0.775,0.2,0.702,0.483,0.234,0.624,0.847,0.801,0.259,0.948;aaaaaa;
a;0.389,0.954,0.692,0.853,0.697,0.572,0.255,0.109,0.914,0.174;aaaaaa;
a;0.155,0.116,0.635,0.699,0.491,0.474,0.887,0.0775,0.679,0.0256;aaaaaa;
aaa;0.84,0.291,0.73,0.952,0.77,0.762,0.595,0.736,0.167,0.45;aaaaaaaaa;
aaa;0.97,0.111,0.302,0.303,0.862,0.207,0.228,0.19,0.451,0.943;aaaaaaaa;
aaa;0.985,0.394,0.282,0.557,0.816,0.159,0.873,0.653,0.202,0.773;aaaaaa;
aaa;0.191,0.609,0.701,0.207,0.758,0.768,0.401,0.621,0.218,0.399;aaaaa;
aaa;0.0106,0.73,0.495,0.547,0.129,0.717,0.752,0.176,0.0882,0.274;aaa;
a;0.179,0.779,0.668,0.66,0.391,0.931,0.262,0.971,0.418,0.036;aaaaa;
a;0.0712,0.862,0.755,0.975,0.375,0.974,0.538,0.655,0.428,0.721;a;
aaa;0.955,0.76,0.634,0.74,0.566,0.105,0.801,0.0141,0.516,0.382;aaaaaa;
aaa;0.0441,0.172,0.14,0.125,0.899,0.965,0.0496,0.0924,0.296,0.000307;aaaaa;
a;0.294,0.403,0.513,0.275,0.353,0.893,0.508,0.621,0.11,0.195;a;
a;0.755,0.394,0.82,0.006,0.251,0.984,0.644,0.457,0.794,0.0865;aaaaaaaaa;
aaa;0.202,0.22,0.611,0.447,0.56,0.347,0.728,0.557,0.393,0.437;aaaaaaaa;
aaa;0.782,0.899,0.067,0.391,0.151,0.0514,0.209,0.244,0.342,0.532;aaaaaaaaaa;
aa;0.972,0.0532,0.277,0.376,0.321,0.82,0.288,0.0186,0.672,0.43;a;
aa;0.865,0.82,0.976,0.0437,0.00153,0.8,0.159,0.474,0.569,0.0496;aaaaaaaa;
a;0.255,0.193,0.946,0.401,0.641,0.686,0.605,0.625,0.744,0.868;aaaaaaaa;
aa;0.475,0.733,0.275,0.893,0.132,0.298,0.478,0.609,0.374,0.141;aaaaaaaaaa;
aaa;0.864,0.307,0.506,0.0714,0.246,0.462,0.472,0.00146,0.729,0.328;aaaaaaaaa;
aa;0.0912,0.535,0.692,0.533,0.932,0.967,0.148,0.173,0.638,0.994;aaaa;
aaa;0.954,0.71,0.329,0.452,0.439,0.875,0.225,0.805,0.637,0.425;aaaaaaaaaa;
aa;0.299,0.278,0.685,0.234,0.95,0.233,0.38,0.393,0.348,0.684;aaaaaa;
aa;0.465,0.86,0.11,0.598,0.644,0.655,0.56,0.611,0.744,0.7;aaaaaaa;
aa;0.0566,0.683,0.67,0.499,0.992,0.75,0.449,0.871,0.18,0.36;aaaa;
aa;0.417,0.902,0.552,0.446,0.63,0.81,0.0321,0.489,0.764,0.746;aa;
aaa;0.0407,0.226,0.161,0.649,0.111,0.167,0.818,0.522,0.269,0.805;aaaaa;
aaa;0.465,0.546,0.518,0.885,0.383,0.444,0.226,0.783,0.513,0.495;a;
a;0.799,0.0552,0.338,0.222,0.0657,0.142,0.251,0.164,0.736,0.881;aaaaa;
aaa;0.0145,0.708,0.0199,0.696,0.906,0.873,0.347,0.436,0.467,0.459;aaaaaaaaaa;
a;0.629,0.964,0.25,0.217,0.271,0.937,0.111,0.815,0.827,0.928;aaaaaaaaaa;
a;0.347,0.0696,0.0483,0.303,0.261,0.979,0.385,0.942,0.297,0.824;aaaaaaaaa;
aaa;0.592,0.00779,0.0366,0.561,0.207,0.81,0.356,0.346,0.728,0.871;aaaaa;
aa;0.588,0.827,0.819,0.341,0.462,0.156,0.199,0.157,0.131,0.883;aaaaaaaaaa;
aa;0.295,0.674,0.0837,0.944,0.597,0.922,0.871,0.395,0.252,0.202;a;
a;0.859,0.263,0.265,0.123,0.86,0.632,0.859,0.911,0.699,0.142;aaaa;
aaa;0.734,0.383,0.533,0.0136,0.41,0.545,0.133,0.706,0.915,0.369;aaaaaaa;
a;0.808,0.798,0.801,0.54,0.261,0.768,0.0132,0.339,0.461,0.479;aaaaaaaaaa;
a;0.149,0.791,0.764,0.721,0.116,0.299,0.948,0.143,0.475,0.288;a;
aa;0.913,0.136,0.141,0.759,0.161,0.547,0.949,0.369,0.351,0.126;aaaaaaaa;
aa;0.0795,0.848,0.846,0.861,0.439,0.598,0.0978,0.436,0.998,0.423;aaaaaaaa;
aa;0.546,0.765,0.026,0.189,0.587,0.907,0.743,0.953,0.832,0.231;aaaa;
aa;0.49,0.553,0.779,0.156,0.673,0.0751,0.867,0.245,0.464,0.677;aaaaaaaa;
aa;0.709,0.56,0.812,0.823,0.278,0.915,0.606,0.988,0.693,0.144;aaaa;
aaa;0.125,0.623,0.112,0.482,0.737,0.835,0.232,0.512,0.166,0.321;aaaaaaaa;
aa;0.181,0.215,0.685,0.103,0.845,0.529,0.894,0.335,0.687,0.655;aa;
a;0.174,0.123,0.368,0.815,0.0174,0.744,0.205,0.35,0.914,0.787;aaaaaaa;
aaa;0.638,0.631,0.739,0.934,0.067,0.972,0.957,0.963,0.414,0.549;a;
aaa;0.345,0.326,0.811,0.758,0.0885,0.076,0.549,0.668,0.683,0.938;aaaaaaa;
aa;0.364,0.0708,0.212,0.834,0.626,0.395,0.34,0.741,0.885,0.607;aaaaaaa;
aaa;0.605,0.178,0.747,0.719,0.979,0.00531,0.271,0.971,0.0522,0.17;aaa;
aaa;0.139,0.299,0.2,0.486,0.642,0.023,0.979,0.168,0.606,0.246;aaaa;
aaa;0.402,0.515,0.168,0.508,0.00566,0.552,0.708,0.245,0.353,0.297;aaaaaaaa;
aa;0.505,0.213,0.51,0.77,0.85,0.966,0.808,0.072,0.24,0.425;aaaaaaaaa;
aaa;0.81,0.362,0.586,0.218,0.69,0.692,0.776,0.899,0.922,0.403;aaaaa;
a;0.395,0.242,0.523,0.473,0.307,0.583,0.578,0.801,0.96,0.14;aaaaaaaaaa;
a;0.737,0.119,0.131,0.841,0.42,0.836,0.995,0.745,0.967,0.391;aaaaaa;
aa;0.663,0.666,0.387,0.217,0.357,0.778,0.358,0.117,0.648,0.4;aa;
a;0.98,0.0599,0.343,0.179,0.698,0.864,0.849,0.98,0.231,0.983;a;
a;0.0664,0.305,0.721,0.415,0.284,0.15,0.119,0.318,0.985,0.0151;aaaaaa;
aa;0.13,0.867,0.0946,0.339,0.865,0.401,0.551,0.389,0.331,0.00833;aaaaa;
aa;0.164,0.245,0.021,0.521,0.139,0.518,0.369,0.949,0.71,0.495;aaaaaaaaaa;
aa;0.864,0.146,0.386,0.661,0.756,0.0939,0.5,0.149,0.826,0.981;aaa;
aa;0.858,0.292,0.265,0.683,0.432,0.0244,0.411,0.262,0.888,0.825;aaaaa;
aa;0.551,0.264,0.268,0.459,0.258,0.0586,0.254,0.991,0.993,0.201;a;
aa;0.679,0.163,0.835,0.895,0.608,0.0313,0.294,0.2,0.0505,0.756;aaaaaaa;
aaa;0.255,0.249,0.397,0.757,0.222,0.00423,0.308,0.948,0.436,0.695;aaaa;
aa;0.787,0.0477,0.0688,0.414,0.994,0.384,0.0672,0.158,0.257,0.411;aaaaaaaa;
aaa;0.326,0.0328,0.0996,0.717,0.856,0.872,0.373,0.944,0.87,0.416;aaaaaaaaa;
aaa;0.412,0.887,0.912,0.52,0.0372,0.5,0.497,0.28,0.155,0.277;aaaaaaa;
aa;0.361,0.999,0.0609,0.542,0.636,0.612,0.979,0.199,0.0527,0.946;aaaaaaaa;
a;0.569,0.522,0.362,0.939,0.788,0.49,0.314,0.18,0.892,0.21;aaaaaaaaa;
aaa;0.228,0.356,0.776,0.174,0.593,0.235,0.049,0.306,0.485,0.795;aaaaaaa;
a;0.366,0.00566,0.0764,0.603,0.195,0.924,0.627,0.256,0.976,0.112;aaaaaaaa;
aa;0.667,0.793,0.722,0.784,0.041,0.0633,0.514,0.842,0.567,0.14;aaaaa;
aaa;0.0602,0.928,0.333,0.518,0.601,0.8,0.79,0.401,0.103,0.311;aaa;
aa;0.488,0.136,0.571,0.0635,0.663,0.259,0.284,0.689,0.037,0.395;aaaaaaaaa;
a;0.557,0.0833,0.668,0.894,0.819,0.77,0.0143,0.549,0.468,0.837;aaaaaaa;
a;0.386,0.388,0.573,0.00602,0.412,0.592,0.873,0.186,0.704,0.776;aaaa;
aa;0.414,0.694,0.699,0.997,0.97,0.506,0.28,0.928,0.49,0.422;aaaaaaaaaa;
aaa;0.997,0.644,0.662,0.837,0.694,0.738,0.875,0.292,0.00289,0.854;aaa;
aa;0.399,0.191,0.138,0.0569,0.846,0.385,0.123,0.642,0.252,0.208;aaa;
aaa;0.962,0.47,0.206,0.965,0.0362,0.691,0.484,0.272,0.777,0.445;a;
aa;0.067,0.674,0.246,0.556,0.368,0.537,0.448,0.306,0.503,0.679;aaaaaa;
a;0.0677,0.518,0.585,0.335,0.455,0.89,0.409,0.896,0.87,0.349;aaaa;
aa;0.107,0.645,0.732,0.498,0.934,0.16,0.177,0.966,0.589,0.404;aaaaaaaaaa;
aa;0.851,0.701,0.376,0.648,0.663,0.689,0.992,0.348,0.248,0.519;aaaaaa;
aaa;0.916,0.964,0.366,0.234,0.901,0.402,0.828,0.549,0.205,0.21;aaaaaaaa;
aaa;0.118,0.336,0.718,0.0542,0.738,0.895,0.207,0.924,0.179,0.717;a;
a;0.055,0.0425,0.029,0.256,0.369,0.0514,0.805,0.108,0.672,0.875;aa;
a;0.0561,0.793,0.0227,0.64,0.401,0.649,0.0527,0.538,0.962,0.885;aa;
aaa;0.787,0.225,0.158,0.541,0.209,0.486,0.621,0.716,0.48,0.694;aaaaaaaa;
aa;0.398,0.585,0.832,0.55,0.947,0.661,0.161,0.205,0.862,0.533;aaaaaa;
a;0.234,0.909,0.481,0.23,0.579,0.0589,0.687,0.36,0.964,0.933;aaaa;
a;0.794,0.659,0.46,0.206,0.501,0.523,0.239,0.0583,0.189,0.424;aaaaaaaaa;
aaa;0.529,0.0553,0.988,0.0704,0.727,0.225,0.39,0.773,0.812,0.783;aaaaaaa;
aa;0.0723,0.261,0.288,0.932,0.952,0.558,0.378,0.109,0.821,0.45;aaaaaaaaa;
aaa;0.125,0.24,0.336,0.000188,0.501,0.653,0.804,0.946,0.192,0.466;aa;
aaa;0.163,0.75,0.396,0.775,0.191,0.527,0.0464,0.442,0.688,0.579;aa;
aa;0.229,0.12,0.273,0.561,0.181,0.81,0.764,0.757,0.899,0.493;aa;
aa;0.866,0.428,0.397,0.316,0.967,0.569,0.596,0.901,0.585,0.293;a;
aaa;0.00238,0.0264,0.024,0.723,0.245,0.511,0.119,0.554,0.664,0.0437;aa;
aaa;0.4,0.197,0.454,0.725,0.598,0.928,0.528,0.547,0.0215,0.591;aaaaaa;
aa;0.954,0.414,0.372,0.256,0.0523,0.535,0.961,0.488,0.62,0.0872;aaaaaa;
a;0.921,0.84,0.838,0.364,0.607,0.314,0.0131,0.753,0.051,0.0856;aaaaaaaaaa;
a;0.428,0.0831,0.501,0.0383,0.824,0.368,0.373,0.178,0.859,0.617;aaaa;
aaa;0.681,0.843,0.0348,0.691,0.246,0.76,0.522,0.138,0.898,0.144;aaaaa;
aa;0.887,0.515,0.032,0.293,0.821,0.287,0.397,0.409,0.137,0.235;aaaaaaa;
aaa;0.74,0.758,0.346,0.237,0.575,0.712,0.742,0.242,0.165,0.509;aaaaaa;
aaa;0.952,0.00376,0.631,0.215,0.437,0.742,0.503,0.233,0.0309,0.764;aaaa;
aa;0.116,0.233,0.271,0.4,0.633,0.786,0.783,0.241,0.963,0.906;aaaaaaaaa;
a;0.00234,0.478,0.776,0.261,0.705,0.7,0.114,0.497,0.634,0.913;a;
aaa;0.351,0.242,0.918,0.23,0.642,0.572,0.0839,0.936,0.775,0.581;aa;
aa;0.909,0.629,0.35,0.11,0.0367,0.124,0.502,0.692,0.362,0.37;aaaaaaaa;
aa;0.446,0.891,0.824,0.291,0.397,0.17,0.784,0.852,0.879,0.0728;a;
aa;0.178,0.621,0.47,0.604,0.623,0.789,0.993,0.3,0.347,0.522;aaaaa;
aa;0.104,0.113,0.611,0.502,0.69,0.387,0.615,0.0292,0.794,0.41;aaaaaaa;
aa;0.396,0.327,0.28,0.0279,0.588,0.0858,0.346,0.448,0.741,0.756;aaaaaaaa;
aaa;0.748,0.964,0.428,0.184,0.929,0.119,0.3,0.706,0.665,0.379;aaa;
aaa;0.951,0.639,0.855,0.181,0.741,0.467,0.544,0.299,0.127,0.47;a;
a;0.949,0.417,0.829,0.516,0.848,0.167,0.848,0.677,0.623,0.699;aaaaaaaaa;
aa;0.0843,0.627,0.0896,0.346,0.87,0.111,0.236,0.375,0.654,0.849;aaaaaa;
a;0.915,0.783,0.101,0.804,0.667,0.696,0.449,0.268,0.705,0.821;aaaaaa;
aaa;0.212,0.0924,0.0182,0.67,0.658,0.723,0.431,0.757,0.67,0.632;aa;
a;0.223,0.416,0.955,0.438,0.358,0.882,0.491,0.298,0.405,0.728;aaaaaaaa;
a;0.851,0.532,0.147,0.129,0.0264,0.749,0.165,0.294,0.153,0.318;aaaaaaa;
a;0.689,0.852,0.463,0.341,0.33,0.775,0.401,0.44,0.983,0.00331;aaaaaa;
a;0.702,0.715,0.6,0.509,0.645,0.39,0.0524,0.239,0.907,0.0743;aaaaaaaaaa;
aaa;0.819,0.343,0.0824,0.875,0.57,0.881,0.452,0.497,0.938,0.617;aaaa;
aa;0.405,0.187,0.227,0.728,0.0792,0.905,0.414,0.851,0.738,0.584;aaaaaaaa;
aaa;0.0879,0.491,0.119,0.406,0.0404,0.963,0.669,0.983,0.662,0.613;aa;
aa;0.132,0.021,0.802,0.235,0.195,0.439,0.353,0.0222,0.847,0.305;aaaaaa;
aa;0.938,0.463,0.56,0.671,0.149,0.0842,0.831,0.0382,0.41,0.904;aaaaaaa;
a;0.718,0.0886,0.547,0.0397,0.868,0.997,0.775,0.791,0.122,0.118;aaaa;
a;0.554,0.192,0.584,0.9,0.322,0.422,0.421,0.334,0.23,0.622;aaaaaaaa;
aaa;0.414,0.842,0.928,0.79,0.0447,0.381,0.943,0.0683,0.57,0.266;aaaaaaaaaa;
aaa;0.241,0.518,0.619,0.692,0.112,0.744,0.763,0.694,0.196,0.491;aaaaaaa;
a;0.377,0.758,0.382,0.946,0.528,0.0418,0.934,0.877,0.887,0.616;aaaa;
aa;0.0658,0.202,0.989,0.786,0.242,0.34,0.275,0.283,0.965,0.529;aaaaaaaaaa;
a;0.384,0.212,0.381,0.372,0.208,0.729,0.56,0.28,0.466,0.181;aaaaaa;
aa;0.0169,0.776,0.443,0.452,0.398,0.881,0.599,0.735,0.0223,0.742;aaaaaaaa;
a;0.96,0.105,0.323,0.144,0.257,0.981,0.424,0.309,0.569,0.986;aaa;
a;0.489,0.537,0.152,0.0161,0.232,0.475,0.635,0.128,0.721,0.38;aaaaaaaa;
aa;0.00614,0.608,0.391,0.556,0.482,0.218,0.496,0.312,0.288,0.0242;aaaaaa;
aaa;0.12,0.335,0.642,0.429,0.681,0.987,0.21,0.00692,0.632,0.395;aaaaaaaaaa;
a;0.41,0.9,0.443,0.641,0.955,0.989,0.74,0.695,0.0178,0.368;aaaa;
a;0.227,0.0719,0.958,0.28,0.691,0.349,0.762,0.158,0.577,0.739;aaaaaa;
a;0.0379,0.691,0.541,0.29,0.933,0.662,0.456,0.547,0.708,0.294;aaaaaaaa;
aa;0.395,0.764,0.206,0.742,0.199,0.0183,0.848,0.121,0.336,0.377;aaaaaaaaa;
a;0.554,0.436,0.46,0.72,0.801,0.0572,0.0511,0.566,0.286,0.467;aaaaaaaaa;
a;0.683,0.13,0.0365,0.584,0.404,0.347,0.491,0.562,0.312,0.0597;aaaaaa;
aa;0.301,0.7,0.836,0.0773,0.605,0.209,0.672,0.859,0.442,0.968;aaaaa;
aaa;0.0473,0.00613,0.954,0.686,0.0728,0.0247,0.202,0.191,0.809,0.354;aaaaaaaa;
a;0.481,0.841,0.865,0.143,0.26,0.0764,0.334,0.791,0.193,0.0643;aaaa;
a;0.965,0.367,0.269,0.193,0.337,0.761,0.306,0.492,0.312,0.989;aa;
aaa;0.672,0.612,0.795,0.703,0.657,0.297,0.923,0.0479,0.602,0.626;aaaaaaaaaa;
aa;0.324,0.489,0.166,0.737,0.449,0.745,0.292,0.237,0.868,0.104;aaaa;
a;0.601,0.959,0.345,0.113,0.873,0.232,0.412,0.486,0.00765,0.984;aaaaaaaaa;
aaa;0.802,0.624,0.496,0.257,0.727,0.588,0.22,0.153,0.874,0.0189;aaa;
aa;0.671,0.732,0.19,0.383,0.187,0.0401,0.706,0.86,0.683,0.622;aaaaaa;
a;0.761,0.672,0.0761,0.025,0.565,0.312,0.759,0.569,0.173,0.438;a;
aa;0.184,0.91,0.78,0.443,0.303,0.0835,0.277,0.389,0.278,0.26;aaaa;
aa;0.484,0.689,0.967,0.401,0.829,0.855,0.885,0.903,0.0665,0.203;aaaaaaaaa;
aa;0.815,0.85,0.598,0.482,0.238,0.701,0.985,0.117,0.605,0.00388;aaaaa;
aaa;0.57,0.125,0.993,0.539,0.982,0.867,0.973,0.0687,0.857,0.417;aaa;
aa;0.156,0.726,0.0448,0.355,0.574,0.946,0.143,0.284,0.877,0.513;aaaaaaaaaa;
aaa;0.0521,0.11,0.857,0.192,0.464,0.356,0.704,0.389,0.936,0.419;aaaaaaaaaa;
aa;0.468,0.956,0.781,0.884,0.981,0.818,0.828,0.251,0.369,0.735;aaaaa;
aaa;0.0252,0.268,0.773,0.168,0.143,0.14,0.809,0.0875,0.0466,0.333;a;
aaa;0.63,0.572,0.277,0.4,0.965,0.205,0.367,0.79,0.807,0.155;aaaa;
aa;0.0642,0.574,0.981,0.799,0.744,0.992,0.349,0.732,0.221,0.432;aa;
aa;0.766,0.218,0.341,0.357,0.667,0.204,0.0877,0.626,0.882,0.55;aa;
aaa;0.256,0.466,0.54,0.509,0.686,0.365,0.193,0.847,0.997,0.839;aaaaaaaaa;
a;0.553,0.283,0.0253,0.45,0.864,0.839,0.336,0.554,0.0276,0.909;aaaaaaa;
a;0.765,0.571,0.956,0.037,0.361,0.829,0.584,0.175,0.265,0.185;aaaaaa;
a;0.198,0.857,0.3,0.979,0.353,0.0605,0.799,0.522,0.736,0.9;a;
a;0.648,0.505,0.451,0.555,0.119,0.43,0.871,0.245,0.182,0.274;aa;
aa;0.147,0.34,0.437,0.29,0.805,0.778,0.0611,0.982,0.714,0.781;a;
aaa;0.322,0.906,0.407,0.825,0.648,0.478,0.623,0.9,0.24,0.288;a;
a;0.622,0.484,0.00174,0.704,0.389,0.206,0.982,0.643,0.439,0.271;aaaa;
aaa;0.594,0.454,0.939,0.163,0.64,0.778,0.867,0.745,0.688,0.691;aaaaaaaaaa;
aa;0.763,0.56,0.873,0.185,0.0217,0.714,0.0917,0.198,0.823,0.601;aaaaaaaaaa;
a;0.839,0.886,0.477,0.162,0.401,0.0332,0.708,0.708,0.699,0.909;aaaaaaa;
a;0.668,0.363,0.834,0.129,0.66,0.56,0.77,0.515,0.0665,0.55;aaaaa;
aaa;0.818,0.624,0.862,0.33,0.168,0.0468,0.338,0.532,0.779,0.822;aaaaaaaaaa;
aaa;0.597,0.586,0.276,0.549,0.689,0.436,0.611,0.581,0.823,0.915;aaaaaa;
a;0.0258,0.00776,0.413,0.182,0.461,0.609,0.919,0.867,0.177,0.158;aaaaaa;
aa;0.906,0.579,0.731,0.728,0.658,0.957,0.44,0.757,0.371,0.942;aaaaaaaaa;
aaa;0.751,0.973,0.847,0.717,0.345,0.684,0.319,0.959,0.591,0.805;aaaaaaaa;
aaa;0.912,0.336,0.805,0.258,0.871,0.537,0.416,0.848,0.65,0.235;aaaaaaaaa;
aaa;0.472,0.108,0.371,0.825,0.312,0.363,0.329,0.241,0.894,0.224;aaaaaaaa;
a;0.364,0.0745,0.782,0.739,0.41,0.186,0.558,0.37,0.155,0.843;aaaaaaaa;
aaa;0.83,0.159,0.289,0.975,0.53,0.321,0.283,0.763,0.888,0.72;aaaaaaaaa;
aa;0.906,0.84,0.338,0.0702,0.0907,0.185,0.957,0.0364,0.808,0.234;aaa;
a;0.0567,0.343,0.562,0.827,0.579,0.667,0.888,0.279,0.68,0.746;aaaaaaaa;
a;0.91,0.898,0.182,0.882,0.961,0.741,0.00501,0.545,0.937,0.808;a;
aa;0.899,0.195,0.363,0.23,0.924,0.939,0.867,0.971,0.926,0.857;aaaa;
aaa;0.343,0.858,0.871,0.672,0.765,0.734,0.944,0.605,0.0706,0.665;aaaaaaaaaa;
aaa;0.0128,0.612,0.148,0.96,0.375,0.772,0.234,0.832,0.948,0.882;a;
aaa;0.746,0.696,0.323,0.00618,0.518,0.562,0.459,0.333,0.136,0.647;a;
aa;0.917,0.557,0.21,0.249,0.702,0.646,0.55,0.818,0.0664,0.866;aaaa;
aa;0.875,0.874,0.821,0.507,0.541,0.267,0.273,0.529,0.651,0.622;aa;
a;0.746,0.248,0.775,0.555,0.874,0.709,0.149,0.274,0.412,0.557;aaaa;
aa;0.271,0.275,0.736,0.78,0.035,0.795,0.469,0.037,0.216,0.0376;aaaaa;
aa;0.16,0.359,0.933,0.813,0.604,0.369,0.426,0.129,0.509,0.0321;aaaa;
aa;0.991,0.507,0.799,0.559,0.128,0.555,0.87,0.712,0.247,0.427;a;
a;0.35,0.064,0.642,0.102,0.581,0.36,0.886,0.139,0.806,0.702;aaaaaaaa;
aaa;0.0338,0.742,0.752,0.399,0.781,0.168,0.242,0.146,0.971,0.0519;aaaaaa;
a;0.0152,0.901,0.309,0.279,0.527,0.181,0.193,0.281,0.336,0.209;a;
a;0.419,0.546,0.993,0.851,0.536,0.314,0.333,0.112,0.812,0.363;aaa;
a;0.154,0.253,0.415,0.0845,0.331,0.736,0.278,0.411,0.649,0.416;a;
aa;0.0791,0.866,0.987,0.728,0.547,0.273,0.565,0.0381,0.977,0.203;aaaa;
aa;0.387,0.152,0.693,0.728,0.827,0.818,0.963,0.44,0.255,0.972;aaaaaaaaaa;
aaa;0.382,0.115,0.254,0.732,0.146,0.545,0.354,0.809,0.898,0.549;a;
aa;0.235,0.0239,0.678,0.979,0.691,0.795,0.0705,0.97,0.229,0.517;aaaa;
a;0.489,0.713,0.482,0.183,0.403,0.155,0.555,0.689,0.212,0.955;aaaaaaaaa;
aa;0.248,0.589,0.392,0.243,0.436,0.403,0.124,0.182,0.513,0.00838;aaaaaa;
aa;0.643,0.353,0.855,0.0593,0.0155,0.357,0.774,0.679,0.00753,0.944;aaaaaaaaa;
aaa;0.358,0.116,0.353,0.273,0.0252,0.611,0.154,0.239,0.264,0.181;aaaaaaaa;
aaa;0.618,0.287,0.164,0.0716,0.236,0.415,0.053,0.992,0.979,0.964;aaaaa;
aaa;0.0678,0.364,0.117,0.405,0.0549,0.193,0.358,0.661,0.649,0.998;aaaaaaaaa;
aa;0.126,0.726,0.822,0.428,0.483,0.331,0.952,0.377,0.711,0.135;aaaaaaa;
a;0.671,0.734,0.0414,0.0385,0.512,0.921,0.789,0.268,0.899,0.543;aaaaaaaaaa;
aa;0.337,0.622,0.0733,0.834,0.393,0.316,0.451,0.989,0.281,0.98;aaa;
aaa;0.108,0.729,0.75,0.902,0.226,0.593,0.161,0.459,0.281,0.784;aa;
a;0.222,0.611,0.902,0.774,0.0054,0.46,0.391,0.375,0.348,0.022;aaaaaaaa;
aa;0.0323,0.715,0.418,0.374,0.984,0.755,0.16,0.697,0.653,0.0782;aaaaaaaaa;
a;0.827,0.328,0.194,0.458,0.822,0.143,0.141,0.0958,0.81,0.0767;aaaaaaaa;
aa;0.0427,0.0508,0.26,0.144,0.376,0.712,0.582,0.447,0.197,0.465;aa;
aaa;0.767,0.624,0.785,0.981,0.277,0.438,0.792,0.992,0.85,0.884;aaaaaaaaa;
aaa;0.465,0.779,0.675,0.369,0.703,0.308,0.655,0.063,0.37,0.554;aaaaaaaaaa;
aaa;0.214,0.472,0.867,0.338,0.874,0.955,0.183,0.162,0.164,0.834;aaaaaaaa;
a;0.388,0.447,0.335,0.297,0.334,0.658,0.89,0.174,0.964,0.532;aaaaaaaaaa;
aa;0.551,0.644,0.437,0.0187,0.33,0.881,0.299,0.692,0.648,0.009;aaaaaaaaa;
a;0.391,0.688,0.464,0.582,0.241,0.861,0.185,0.108,0.455,0.732;aaaaa;
aa;0.553,0.00409,0.942,0.951,0.738,0.376,0.383,0.621,0.343,0.928;aaaaaaaaa;
aa;0.129,0.92,0.748,0.803,0.199,0.462,0.904,0.841,0.267,0.275;aaaa;
aa;0.512,0.329,0.0693,0.946,0.568,0.594,0.0361,0.601,0.922,0.173;aaaaaaaaaa;
aaa;0.432,0.0961,0.929,0.0584,0.141,0.68,0.313,0.614,0.198,0.662;aaaaaaaaa;
a;0.416,0.183,0.776,0.738,0.872,0.0236,0.0586,0.643,0.89,0.922;aaaaaaa;
a;0.205,0.698,0.109,0.0917,0.477,0.253,0.0868,0.154,0.984,0.557;aaaaaa;
a;0.233,0.323,0.108,0.0469,0.138,0.413,0.735,0.922,0.571,0.711;aaaaaaaa;
aa;0.404,0.036,0.395,0.691,0.0938,0.633,0.448,0.372,0.549,0.8;aaaaaaaaa;
aa;0.0514,0.181,0.924,0.646,0.594,0.648,0.404,0.105,0.503,0.363;aaaaaaa;
a;0.277,0.22,0.321,0.498,0.124,0.821,0.602,0.718,0.0338,0.159;aaaaaaaaa;
aaa;0.452,0.664,0.333,0.981,0.799,0.605,0.312,0.449,0.449,0.868;aaa;
aaa;0.932,0.0793,0.314,0.979,0.989,0.376,0.0607,0.493,0.758,0.147;aaa;
aaa;0.0481,0.774,0.0813,0.455,0.321,0.713,0.449,0.23,0.436,0.325;aaaaa;
aa;0.516,0.903,0.158,0.331,0.985,0.801,0.66,0.744,0.212,0.398;aaaaaaaa;
aaa;0.228,0.563,0.00552,0.893,0.482,0.863,0.782,0.77,0.569,0.674;aaaaaaa;
aa;0.893,0.0386,0.121,0.234,0.221,0.901,0.164,0.791,0.824,0.726;aaaaaaa;
aa;0.224,0.898,0.0166,0.582,0.253,0.993,0.885,0.0685,0.16,0.477;aaaaaa;
aaa;0.923,0.399,0.2,0.224,0.931,0.00201,0.296,0.547,0.703,0.946;aa;
aa;0.649,0.182,0.208,0.0716,0.659,0.954,0.61,0.134,0.414,0.542;aa;
aa;0.634,0.344,0.643,0.473,0.377,0.207,0.921,0.467,0.00555,0.644;aaaaa;
aa;0.398,0.345,0.119,0.946,0.541,0.445,0.191,0.687,0.933,0.199;aaaaaaaaaa;
aa;0.783,0.0537,0.864,0.881,0.218,0.61,0.556,0.26,0.564,0.419;aaa;
a;0.547,0.876,0.855,0.094,0.781,0.516,0.218,0.779,0.605,0.733;aaaaaa;
aaa;0.693,0.598,0.262,0.312,0.534,0.983,0.214,0.786,0.94,0.546;aaaaa;
aaa;0.701,0.638,0.923,0.297,0.19,0.488,0.163,0.834,0.902,0.63;aaaaaaa;
aaa;0.693,0.402,0.0243,0.506,0.316,0.857,0.605,0.419,0.852,0.633;aaaaaaa;
a;0.274,0.892,0.575,0.47,0.393,0.794,0.822,0.242,0.205,0.251;aaaaaaaaaa;
a;0.413,0.397,0.587,0.837,0.711,0.967,0.941,0.397,0.674,0.746;aaaaa;
aaa;0.784,0.165,0.794,0.931,0.0541,0.418,0.213,0.105,0.205,0.202;aaaaaa;
aaa;0.148,0.79,0.324,0.926,0.399,0.958,0.898,0.931,0.216,0.0305;aaa;
aaa;0.823,0.878,0.427,0.898,0.423,0.777,0.753,0.208,0.602,0.0321;aa;
aa;0.488,0.331,0.835,0.321,0.161,0.193,0.981,0.535,0.629,0.315;aaaa;
aa;0.98,0.809,0.821,0.355,0.721,0.497,0.942,0.421,0.67,0.468;aaaa;
aa;0.372,0.586,0.481,0.344,0.207,0.126,0.254,0.121,0.357,0.341;aaaaaaaaa;
aaa;0.335,0.0676,0.301,0.728,0.594,0.815,0.548,0.951,0.6,0.182;aaaaa;
a;0.00702,0.419,0.768,0.374,0.606,0.687,0.323,0.124,0.29,0.855;aaaaaa;
aa;0.213,0.761,0.941,0.52,0.197,0.356,0.7,0.871,0.269,0.411;aaaaaaa;
a;0.944,0.413,0.523,0.768,0.572,0.103,0.216,0.309,0.0276,0.758;aaaaaaaaa;
a;0.774,0.0886,0.0348,0.978,0.599,0.475,0.101,0.158,0.601,0.182;aaaaaa;
aaa;0.0203,0.983,0.0377,0.751,0.354,0.446,0.658,0.209,0.586,0.873;aaaaaaaa;
aa;0.391,0.405,0.36,0.142,0.534,0.531,0.229,0.293,0.573,0.262;aaaaaaaa;
aaa;0.591,0.874,0.964,0.211,0.897,0.921,0.805,0.503,0.935,0.786;aaaaaaaaaa;
aaa;0.321,0.861,0.385,0.659,0.0157,0.282,0.64,0.639,0.692,0.418;aaaaaa;
aaa;0.773,0.903,0.739,0.355,0.175,0.339,0.373,0.747,0.2,0.564;a;
aaa;0.816,0.625,0.476,0.222,0.123,0.259,0.701,0.501,0.894,0.705;aaaaaaaaa;
aaa;0.994,0.336,0.0378,0.0935,0.874,0.666,0.652,0.863,0.12,0.632;aaa;
aaa;0.179,0.707,0.261,0.677,0.564,0.428,0.0343,0.43,0.562,0.411;aaaaaaaaaa;
aa;0.751,0.802,0.876,0.396,0.865,0.381,0.126,0.392,0.861,0.139;aaaaaaaa;
a;0.875,0.256,0.311,0.125,0.617,0.417,0.853,0.438,0.815,0.556;aaaaaaaaaa;
aa;0.496,0.722,0.0983,0.432,0.263,0.351,0.966,0.718,0.993,0.828;aaaaaaaaa;
aaa;0.113,0.442,0.355,0.623,0.741,0.871,0.168,0.977,0.433,0.157;aaaa;
a;0.519,0.518,0.593,0.913,0.228,0.733,0.95,0.713,0.795,0.419;aaaa;
aaa;0.902,0.449,0.293,0.824,0.586,0.407,0.654,0.524,0.22,0.52;aaaaaaaaaa;
aaa;0.442,0.696,0.833,0.134,0.604,0.865,0.535,0.00678,0.632,0.829;aaaaaaaaa;
aa;0.624,0.943,0.0582,0.0544,0.259,0.836,0.821,0.881,0.402,0.219;aaaaaaaa;
aaa;0.368,0.97,0.475,0.523,0.0317,0.821,0.891,0.316,0.932,0.487;aaaa;
aaa;0.823,0.392,0.298,0.313,0.19,0.436,0.533,0.477,0.0322,0.955;aaaa;
a;0.902,0.694,0.1,0.129,0.786,0.735,0.996,0.61,0.571,0.515;a;
aaa;0.000976,0.174,0.645,0.992,0.0202,0.742,0.657,0.364,0.00287,0.282;aaaa;
aa;0.775,0.836,0.898,0.629,0.762,0.0932,0.58,0.214,0.403,0.887;aaa;
aa;0.527,0.239,0.395,0.44,0.0674,0.995,0.771,0.263,0.28,0.0301;aaaaaa;
a;0.534,0.981,0.5,0.859,0.989,0.342,0.221,0.231,0.562,0.802;aaaaa;
a;0.36,0.553,0.268,0.718,0.142,0.775,0.0284,0.929,0.301,0.598;aaaaaaa;
a;0.653,0.0366,0.752,0.108,0.591,0.353,0.91,0.131,0.302,0.983;aa;
aaa;0.185,0.377,0.0534,0.105,0.566,0.743,0.87,0.59,0.839,0.837;aaaaaaaa;
a;0.553,0.342,0.579,0.613,0.816,0.986,0.469,0.968,0.086,0.613;aaaaaaaaaa;
a;0.699,0.385,0.407,0.885,0.433,0.266,0.319,0.0421,0.922,0.131;aaaaa;
a;0.097,0.49,0.645,0.0767,0.191,0.686,0.335,0.708,0.624,0.64;aaaa;
aa;0.807,0.369,0.0756,0.36,0.528,0.649,0.57,0.241,0.855,0.67;aaaaa;
aa;0.577,0.847,0.911,0.914,0.407,0.727,0.51,0.123,0.878,0.968;aaaaa;
aa;0.706,0.207,0.38,0.223,0.746,0.965,0.644,0.113,0.492,0.555;aaaaaaaaaa;
aaa;0.806,0.46,0.0107,0.546,0.475,0.167,0.844,0.263,0.894,0.926;aaaaa;
aaa;0.208,0.45,0.408,0.335,0.567,0.455,0.424,0.458,0.182,0.757;aaaaaaaa;
a;0.585,0.505,0.925,0.673,0.0812,0.611,0.929,0.61,0.244,0.158;aaaaa;
aa;0.138,0.429,0.102,0.892,0.547,0.789,0.125,0.219,0.0429,0.527;a;
a;0.907,0.0644,0.904,0.884,0.194,0.495,0.166,0.311,0.271,0.00398;a;
aa;0.887,0.669,0.968,0.132,0.338,0.571,0.47,0.309,0.656,0.815;aaaaaaaaaa;
a;0.989,0.538,0.654,0.742,0.988,0.0275,0.457,0.654,0.712,0.982;aaaaaaaa;
aaa;0.462,0.38,0.509,0.919,0.878,0.207,0.517,0.124,0.214,0.947;aaaaaa;
a;0.63,0.133,0.0559,0.804,0.431,0.772,0.942,0.624,0.467,0.859;aaaaaaaaa;
a;0.951,0.105,0.108,0.583,0.938,0.0757,0.254,0.481,0.943,0.856;aaaaaaaaa;
aaa;0.441,0.486,0.5,0.405,0.722,0.654,0.888,0.855,0.29,0.0378;aaaaaaa;
aaa;0.65,0.712,0.439,0.498,0.288,0.218,0.281,0.492,0.429,0.726;aaaa;
aa;0.224,0.794,0.426,0.0759,0.619,0.184,0.393,0.223,0.196,0.389;aa;
a;0.524,0.61,0.327,0.633,0.568,0.185,0.379,0.636,0.0125,0.325;aaaaaaaaaa;
a;0.561,0.984,0.33,0.823,0.286,0.00995,0.386,0.392,0.6,0.732;aaa;
a;0.274,0.438,0.151,0.212,0.91,0.251,0.191,0.533,0.976,0.463;aaaaaaaaa;
aaa;0.555,0.394,0.668,0.737,0.954,0.762,0.617,0.206,0.55,0.31;aaa;
aaa;0.362,0.397,0.596,0.499,0.725,0.561,0.865,0.962,0.271,0.987;aaaa;
aa;0.742,0.183,0.338,0.11,0.284,0.216,0.966,0.0948,0.812,0.408;aaaa;
aaa;0.344,0.415,0.725,0.107,0.584,0.448,0.0947,0.235,0.683,0.529;a;
aaa;0.586,0.736,0.591,0.0534,0.587,0.138,0.0445,0.798,0.794,0.69;aaaaa;
aaa;0.721,0.869,0.111,0.683,0.0168,0.1,0.75,0.942,0.0487,0.69;aa;
aa;0.714,0.47,0.17,0.508,0.327,0.111,0.22,0.825,0.414,0.183;aaaaaaa;
aa;0.415,0.458,0.48,0.437,0.482,0.141,0.0551,0.926,0.409,0.521;aaaaaa;
aa;0.314,0.0366,0.625,0.421,0.541,0.666,0.88,0.809,0.848,0.189;aaaaaa;
a;0.917,0.511,0.503,0.968,0.56,0.628,0.555,0.238,0.846,0.646;a;
aaa;0.616,0.0561,0.711,0.807,0.88,0.529,0.795,0.258,0.518,0.466;aa;
a;0.273,0.44,0.975,0.00832,0.197,0.585,0.0681,0.539,0.535,0.56;aaaaaa;
a;0.64,0.466,0.673,0.91,0.155,0.489,0.298,0.03,0.416,0.23;aaaaaaa;
a;0.748,0.459,0.798,0.263,0.43,0.362,0.983,0.719,0.12,0.691;aaaaaaaaaa;
a;0.665,0.0716,0.681,0.235,0.671,0.343,0.657,0.49,0.118,0.0278;aaaa;
a;0.947,0.978,0.587,0.726,0.71,0.442,0.495,0.947,0.76,0.626;aaaaa;
aaa;0.738,0.264,0.204,0.369,0.83,0.803,0.587,0.632,0.233,0.89;a;
aaa;0.242,0.121,0.689,0.264,0.86,0.139,0.59,0.0262,0.852,0.545;aaaaaaa;
a;0.924,0.626,0.838,0.337,0.903,0.0296,0.251,0.405,0.571,0.736;aaaaaaaaaa;
aaa;0.804,0.76,0.605,0.446,0.0188,0.312,0.0331,0.629,0.413,0.97;aaaaaaaaaa;
a;0.294,0.391,0.839,0.262,0.281,0.503,0.0656,0.128,0.301,0.155;aaaaaaa;
a;0.403,0.105,0.114,0.909,0.107,0.0537,0.217,0.426,0.365,0.158;aaaaaaa;
a;0.766,0.288,0.163,0.344,0.808,0.797,0.953,0.351,0.299,0.923;aaaa;
aaa;0.73,0.387,0.949,0.833,0.934,0.676,0.753,0.667,0.000532,0.388;aaaaaaa;
aa;0.756,0.114,0.675,0.882,0.547,0.409,0.23,0.906,0.923,0.709;aaaaaaa;
aaa;0.0307,0.0415,0.125,0.388,0.432,0.581,0.787,0.772,0.75,0.293;aaaaaaaaa;
aaa;0.583,0.633,0.402,0.516,0.633,0.309,0.621,0.00814,0.285,0.23;aa;
a;0.888,0.353,0.763,0.949,0.0987,0.19,0.6,0.709,0.418,0.147;aaaaa;
aaa;0.241,0.45,0.427,0.0668,0.899,0.705,0.532,0.998,0.999,0.957;aaaaaaaaa;
aa;0.882,0.532,0.828,0.14,0.716,0.979,0.21,0.752,0.332,0.878;aaaaaaaaa;
aa;0.828,0.918,0.0655,0.18,0.889,0.891,0.341,0.0715,0.327,0.673;aaaaaaaaa;
a;0.463,0.728,0.823,0.185,0.599,0.683,0.393,0.817,0.23,0.168;aaaaaaa;
aa;0.178,0.183,0.325,0.857,0.656,0.687,0.867,0.386,0.14,0.564;aaa;
aaa;0.36,0.226,0.903,0.607,0.134,0.858,0.245,0.242,0.0693,0.0278;aaaaa;
aa;0.711,0.472,0.157,0.455,0.312,0.427,0.207,0.337,0.593,0.539;aaaaa;
aaa;0.146,0.738,0.149,0.96,0.036,0.606,0.576,0.047,0.556,0.636;aaaaa;
aaa;0.451,0.313,0.681,0.412,0.671,0.746,0.513,0.661,0.537,0.96;aaaaa;
aaa;0.183,0.66,0.737,0.546,0.417,0.395,0.327,0.411,0.0981,0.372;aaaaaa;
a;0.389,0.556,0.176,0.95,0.944,0.392,0.771,0.0841,0.969,0.814;aaaaaaaaaa;
aaa;0.694,0.0787,0.55,0.178,0.191,0.968,0.853,0.38,0.0513,0.735;aaaaaaaa;
a;0.127,0.899,0.33,0.679,0.849,0.175,0.787,0.29,0.0167,0.168;aaaaaaa;
aaa;0.264,0.846,0.512,0.956,0.568,0.528,0.668,0.549,0.584,0.796;aaaaa;
a;0.702,0.56,0.338,0.423,0.666,0.981,0.791,0.259,0.606,0.487;aa;
aaa;0.721,0.511,0.844,0.496,0.333,0.263,0.194,0.142,0.197,0.511;aaaaaaa;
aa;0.0754,0.11,0.713,0.933,1,0.836,0.342,0.0464,0.468,0.994;a;
aa;0.932,0.911,0.643,0.791,0.564,0.134,0.761,0.974,0.00653,0.487;aaaaaa;
a;0.0426,0.856,0.648,0.487,0.313,0.932,0.705,0.761,0.834,0.211;aaa;
aaa;0.564,0.968,0.964,0.955,0.303,0.921,0.604,0.23,0.0365,0.0274;aaaaaa;
aaa;0.293,0.569,0.404,0.724,0.707,0.932,0.91,0.884,0.531,0.505;a;
a;0.858,0.568,0.645,0.908,0.515,0.216,0.182,0.277,0.911,0.423;aa;
aaa;0.0218,0.583,0.246,0.778,0.0434,0.345,0.229,0.869,0.632,0.561;aaaaaaaaa;
aa;0.747,0.824,0.723,0.388,0.0344,0.183,0.993,0.747,0.727,0.844;aaaaaaaa;
a;0.992,0.022,0.596,0.508,0.561,0.647,0.0115,0.407,0.314,0.244;aaaa;
a;0.476,0.294,0.179,0.158,0.443,0.915,0.374,0.722,0.692,0.379;aaaaaaaaaa;
aa;0.713,0.545,0.208,0.24,0.461,0.586,0.672,0.597,0.211,0.177;aaaaaaa;
aaa;0.162,0.0193,0.732,0.563,0.0571,0.979,0.921,0.984,0.614,0.827;aaaaaaaaaa;
aa;0.0328,0.79,0.667,0.0645,0.0848,0.839,0.317,0.211,0.85,0.892;aaaaaaa;
aa;0.0546,0.998,0.855,0.802,0.163,0.96,0.541,0.976,0.419,0.817;a;
aa;0.595,0.6,0.496,0.56,0.131,0.272,0.681,0.629,0.815,0.397;aaaaaaaa;
aaa;0.494,0.08,0.41,0.466,0.985,0.77,0.79,0.509,0.765,0.602;aaaaaaaa;
a;0.787,0.685,0.905,0.123,0.668,0.978,0.973,0.843,0.232,0.888;aaaaaa;
aaa;0.411,0.883,0.484,0.939,0.336,0.856,0.419,0.893,0.499,0.278;aaaaaaa;
aaa;0.316,0.33,0.485,0.443,0.316,0.322,0.566,0.727,0.095,0.489;a;
a;0.966,0.653,0.433,0.666,0.64,0.149,0.0426,0.583,0.482,0.813;aaa;
a;0.425,0.952,0.0522,0.454,0.301,0.256,0.0176,0.486,0.987,0.199;a;
a;0.0808,0.254,0.21,0.687,0.11,0.838,0.258,0.107,0.687,0.694;aaaaaaaaa;
aa;0.413,0.0879,0.691,0.945,0.293,0.428,0.502,0.102,0.276,0.791;aaaaaaaaaa;
aaa;0.777,0.534,0.637,0.138,0.507,0.42,0.259,0.308,0.509,0.505;aaaa;
aaa;0.244,0.964,0.919,0.192,0.664,0.578,0.227,0.858,0.644,0.945;aa;
aa;0.987,0.858,0.327,0.241,0.655,0.308,0.426,0.276,0.199,0.501;a;
aaa;0.294,0.713,0.137,0.261,0.0287,0.745,0.276,0.35,0.972,0.989;aaaaaaaa;
a;0.802,0.266,0.463,0.481,0.511,0.129,0.177,0.893,0.709,0.639;a;
a;0.891,0.806,0.562,0.97,0.444,0.361,0.393,0.231,0.737,0.145;aaaa;
aaa;0.794,0.871,0.69,0.976,0.586,0.753,0.252,0.883,0.117,0.993;aaaa;
aaa;0.0562,0.337,0.94,0.776,0.633,0.491,0.324,0.962,0.137,0.879;a;
aaa;0.918,0.247,0.521,0.407,0.941,0.715,0.263,0.289,0.529,0.435;aaa;
aaa;0.19,0.546,0.0871,0.33,0.306,0.332,0.962,0.347,0.0868,0.222;aaaaa;
aaa;0.987,0.537,0.175,0.114,0.839,0.568,0.664,0.792,0.244,0.531;aaaaaaaaaa;
aa;0.573,0.924,0.716,0.218,0.294,0.845,0.748,0.283,0.85,0.158;aaaaaa;
aaa;0.386,0.075,0.493,0.0176,0.487,0.247,0.0516,0.0227,0.927,0.709;aaaaa;
aa;0.209,0.649,0.535,0.403,0.71,0.032,0.973,0.912,0.171,0.903;aaa;
aaa;0.875,0.244,0.521,0.493,0.174,0.776,0.0115,0.307,0.686,0.191;a;
aaa;0.436,0.45,0.447,0.618,0.749,0.522,0.212,0.24,0.688,0.0428;aaa;
a;0.381,0.017,0.266,0.672,0.453,0.735,0.0529,0.406,0.351,0.824;aaaaaa;
aa;0.0244,0.4,0.168,0.255,0.562,0.402,0.835,0.224,0.353,0.814;aaa;
a;0.74,0.835,0.576,0.801,0.951,0.247,0.918,0.791,0.914,0.416;aa;
aa;0.327,0.859,1,0.98,0.487,0.22,0.149,0.315,0.989,0.484;aaaaaaaaa;
aaa;0.308,0.976,0.482,0.316,0.317,0.614,0.969,0.949,0.415,0.0385;a;
a;0.044,0.786,0.0481,0.908,0.192,0.437,0.545,0.122,0.679,0.118;aaaaaaa;
aaa;0.396,0.192,0.45,0.266,0.693,0.408,0.261,0.252,0.681,0.835;a;
a;0.0213,0.855,0.206,0.675,0.148,0.105,0.473,0.178,0.68,0.426;aaaa;
aaa;0.0955,0.668,0.198,0.41,0.927,0.346,0.35,0.527,0.844,0.15;aa;
aa;0.771,0.435,0.553,0.746,0.478,0.534,0.997,0.745,0.0848,0.996;aaaaaaa;
a;0.0993,0.727,0.993,0.0758,0.373,0.831,0.842,0.975,0.586,0.216;aaaaaaaa;
aaa;0.385,0.811,0.408,0.845,0.369,0.864,0.88,0.158,0.687,0.868;a;
aaa;0.203,0.971,0.993,0.614,0.556,0.409,0.977,0.624,0.461,0.927;a;
a;0.163,0.158,0.776,0.891,0.907,0.894,0.482,0.142,0.393,0.505;aa;
aa;0.895,0.065,0.0791,0.477,0.406,0.843,0.588,0.075,0.359,0.619;aaaaaaaa;
aa;0.808,0.135,0.862,0.102,0.306,0.218,0.918,0.0415,0.373,0.563;aaaaaa;
a;0.709,0.315,0.537,0.335,0.0397,0.19,0.0144,0.305,0.325,0.925;aaaaaa;
a;0.218,0.833,0.85,0.825,0.252,0.632,0.988,0.535,0.787,0.635;aaaaaaaa;
a;0.142,0.473,0.627,0.187,0.106,0.0241,0.583,0.766,0.158,0.421;aaaaa;
aa;0.784,0.652,0.0571,0.362,0.292,0.96,0.26,0.791,0.965,0.343;aaaaaaaaaa;
aaa;0.381,0.29,0.63,0.992,0.571,0.833,0.486,0.895,0.637,0.3;aa;
aa;0.69,0.456,0.313,0.75,0.576,0.818,0.787,0.00474,0.36,0.241;a;
a;0.196,0.279,0.314,0.837,0.612,0.207,0.881,0.715,0.564,0.716;aaaaaaa;
a;0.702,0.267,0.141,0.862,0.366,0.658,0.539,0.71,0.72,0.31;aaaaa;
a;0.741,0.119,0.286,0.929,0.675,0.627,0.333,0.0714,0.769,0.682;aaaaaaaa;
aaa;0.66,0.343,0.686,0.665,0.0806,0.0587,0.398,0.902,0.0443,0.49;aaaaaa;
aa;0.332,0.0415,0.853,0.889,0.545,0.876,0.769,0.413,0.979,0.588;aaaaaa;
aaa;0.529,0.364,0.698,0.749,0.5,0.296,0.307,0.466,0.943,0.996;a;
a;0.579,0.22,0.566,0.429,0.844,0.525,0.312,0.735,0.919,0.336;a;
aa;0.829,0.196,0.537,0.562,0.89,0.83,0.675,0.668,0.353,0.104;aa;
aa;0.234,0.078,0.314,0.927,0.728,0.089,0.327,0.125,0.779,0.153;aaa;
a;0.953,0.915,0.136,0.737,0.632,0.804,0.479,0.664,0.297,0.988;aaaaaaaa;
aa;0.84,0.817,0.631,0.635,0.57,0.415,0.338,0.78,0.898,0.678;aa;
aa;0.875,0.827,0.0798,0.662,0.0413,0.635,0.162,0.732,0.117,0.141;aaaa;
a;0.939,0.143,0.616,0.146,0.469,0.79,0.319,0.717,0.552,0.452;a;
aaa;0.49,0.641,0.175,0.534,0.535,0.991,0.682,0.625,0.71,0.422;aaaaaa;
a;0.401,0.34,0.853,0.171,0.684,0.719,0.936,0.549,0.913,0.532;aaaaaa;
aaa;0.824,0.748,0.452,0.965,0.179,0.998,0.952,0.763,0.114,0.287;aa;
aaa;0.285,0.598,0.424,0.227,0.216,0.69,0.979,0.775,0.426,0.491;aaaaaa;
a;0.113,0.772,0.717,0.322,0.648,0.698,0.425,0.912,0.91,0.264;aa;
aaa;0.815,0.992,0.812,0.968,0.0783,0.334,0.312,0.989,0.85,0.339;aaaaa;
aa;0.316,0.235,0.579,0.0182,0.561,0.85,0.495,0.583,0.882,0.238;aaaaaaaa;
aaa;0.461,0.591,0.961,0.498,0.456,0.36,0.563,0.0358,0.342,0.486;aaaa;
aa;0.655,0.652,0.35,0.817,0.351,0.656,0.277,0.662,0.464,0.0718;aaaaaaa;
aa;0.371,0.702,0.246,0.958,0.11,0.323,0.138,0.902,0.845,0.595;aaaaaaa;
aaa;0.927,0.771,0.577,0.513,0.724,0.64,0.362,0.675,0.962,0.0937;a;
aa;0.862,0.697,0.97,0.323,0.661,0.349,0.756,0.937,0.616,0.947;aaaaaaaa;
a;0.189,0.262,0.572,0.697,0.568,0.674,0.305,0.085,0.139,0.964;aaaaa;
a;0.422,0.987,0.874,0.958,0.56,0.173,0.403,0.968,0.37,0.486;a;
aaa;0.216,0.197,0.384,0.414,0.926,0.795,0.273,0.21,0.481,0.989;aaaaaaaaa;
a;0.0384,0.442,0.999,0.228,0.0763,0.477,0.0928,0.731,0.348,0.372;aa;
aa;0.0746,0.208,0.043,0.316,0.178,0.913,0.568,0.211,0.677,0.841;aaaaaaaa;
a;0.32,0.942,0.994,0.643,0.6,0.698,0.485,0.156,0.421,0.583;aaaaa;
a;0.563,0.284,0.123,0.0672,0.41,0.76,0.135,0.7,0.0938,0.175;aaaaaaaaaa;
a;0.424,0.135,0.951,0.394,0.474,0.893,0.399,0.71,0.681,0.944;aaaaaaaaaa;
aa;0.12,0.232,0.0941,0.696,0.867,0.579,0.796,0.571,0.383,0.0112;aaaaa;
aa;0.0617,0.0262,0.377,0.723,0.682,0.804,0.707,0.76,0.66,0.432;aa;
aa;0.307,0.598,0.686,0.541,0.161,0.559,0.567,0.925,0.0193,0.0575;aaaaaaaa;
aaa;0.698,0.103,0.109,0.275,0.867,0.717,0.501,0.727,0.869,0.365;aaaaaaa;
aaa;0.84,0.674,0.968,0.374,0.843,0.428,0.608,0.0664,0.44,0.863;a;
aaa;0.211,0.603,0.604,0.988,0.809,0.222,0.921,0.42,0.985,0.728;aaaaaaa;
a;0.576,0.645,0.149,0.706,0.106,0.148,0.0213,0.347,0.21,0.116;aaaaaaaaa;
aaa;0.468,0.597,0.714,0.845,0.825,0.351,0.0989,0.206,0.181,0.863;aaaaaaaa;
a;0.692,0.46,0.545,0.455,0.585,0.39,0.182,0.987,0.0677,0.328;aaaaaaa;
aaa;0.631,0.66,0.0184,0.693,0.351,0.959,0.844,0.49,0.00503,0.823;aaaaaaaa;
aa;0.414,0.298,0.344,0.315,0.421,0.629,0.525,0.0879,0.24,0.0274;aaaa;
aa;0.0719,0.175,0.275,0.412,0.559,0.735,0.924,0.673,0.847,0.275;a;
aaa;0.0856,0.418,0.466,0.141,0.647,0.561,0.196,0.105,0.671,0.438;aaa;
aa;0.497,0.62,0.00689,0.675,0.121,0.215,0.543,0.176,0.426,0.812;aaaaaaaaa;
aa;0.0914,0.552,0.337,0.000942,0.97,0.167,0.938,0.121,0.13,0.925;aaaaaaaa;
a;0.978,0.331,0.505,0.571,0.131,0.188,0.669,0.903,0.979,0.983;aaaaa;
aa;0.432,0.631,0.418,0.0421,0.101,0.988,0.186,0.758,0.584,0.74;aaaaaaaaaa;
aa;0.519,0.93,0.171,0.168,0.105,0.458,0.143,0.483,0.936,0.983;aaaaaaa;
aa;0.257,0.151,0.274,0.787,0.866,0.403,0.489,0.108,0.599,0.0522;aaa;
aaa;0.257,0.0182,0.867,0.808,0.383,0.748,0.138,0.103,0.459,0.963;aaa;
aaa;0.256,0.046,0.686,0.316,0.0879,0.958,0.561,0.728,0.961,0.669;aaaaaaaa;
aaa;0.798,0.157,0.0533,0.758,0.651,0.167,0.84,0.884,0.152,0.329;aaaaaaaaaa;
a;0.664,0.897,0.617,0.946,0.441,0.646,0.807,0.206,0.866,0.513;aaaaaa;
aa;0.496,0.852,0.65,0.457,0.842,0.992,0.971,0.993,0.0628,0.137;aaaaaaaaaa;
aa;0.404,0.0999,0.835,0.0647,0.38,0.698,0.693,0.906,0.576,0.142;aaaaa;
aaa;0.689,0.708,0.274,0.83,0.811,0.871,0.796,0.214,0.755,0.907;aaaaaaaaaa;
a;0.539,0.497,0.232,0.384,0.0389,0.93,0.255,0.0216,0.135,0.526;aaaaaaaaaa;
aaa;0.951,0.335,0.193,0.0167,0.2,0.0641,0.259,0.474,0.773,0.356;aaaaaaaaa;
aa;0.424,0.714,0.592,0.591,0.82,0.124,0.761,0.0217,0.0389,0.967;aaa;
aa;0.108,0.956,0.36,0.0474,0.109,0.41,0.205,0.762,0.334,0.321;aaaaaaa;
aaa;0.578,0.248,0.37,0.759,0.691,0.311,0.0406,0.0362,0.445,0.303;aaaaaaaaaa;
aa;0.73,0.628,0.187,0.69,0.112,0.339,0.81,0.313,0.00287,0.293;aaa;
aa;0.859,0.717,0.878,0.747,0.467,0.412,0.129,0.861,0.271,0.221;aaaaa;
aa;0.116,0.488,0.129,0.125,0.439,0.0914,0.557,0.964,0.123,0.748;aaaaa;
aaa;0.8,0.415,0.664,0.194,0.763,0.922,0.734,0.0927,0.854,0.369;aa;
a;0.292,0.239,0.111,0.711,0.778,0.651,0.24,0.306,0.651,0.867;aaaaaaaa;
aa;0.946,0.651,0.429,0.059,0.263,0.122,0.0104,0.341,0.634,0.625;aaaaaa;
aaa;0.0509,0.603,0.931,0.856,0.523,0.768,0.0791,0.782,0.686,0.942;aaaaaa;
aa;0.938,0.302,0.699,0.388,0.979,0.546,0.455,0.263,0.845,0.191;aaaaaa;
aa;0.483,0.935,0.564,0.796,0.602,0.445,0.0151,0.798,0.594,0.974;aaa;
aa;0.456,0.934,0.747,0.745,0.822,0.0821,0.851,0.722,0.975,0.367;a;
aaa;0.74,0.598,0.365,0.00123,0.923,0.901,0.915,0.458,0.624,0.318;aaaaaaaa;
aa;0.284,0.139,0.693,0.903,0.0471,0.918,0.934,0.338,0.387,0.489;aaaaaaaaa;
a;0.056,0.487,0.834,0.741,0.259,0.466,0.405,0.082,0.347,0.732;aaaaa;
a;0.159,0.492,0.92,0.834,0.94,0.806,0.769,0.906,0.376,0.97;aaaaaaaa;
aa;0.718,0.108,0.156,0.159,0.0594,0.448,0.257,0.438,0.805,0.152;aaaaaaaa;
aa;0.776,0.752,0.713,0.148,0.315,0.25,0.515,0.781,0.843,0.672;a;
a;0.0887,0.542,0.644,0.981,0.619,0.434,0.296,0.521,0.745,0.444;a;
a;0.27,0.792,0.325,0.57,0.241,0.173,0.583,0.202,0.0667,0.569;aaaaaaaaa;
aaa;0.44,0.228,0.533,0.365,0.232,0.326,0.801,0.71,0.0102,0.0624;a;
a;0.263,0.334,0.265,0.531,0.336,0.457,0.595,0.927,0.912,0.506;aaaaaa;
a;0.666,0.575,0.435,0.518,0.994,0.436,0.282,0.645,0.759,0.356;aaaa;
aaa;0.792,0.725,0.191,0.97,0.99,0.47,0.246,0.353,0.127,0.541;aaa;
aa;0.239,0.819,0.591,0.258,0.461,0.823,0.3,0.579,0.529,0.23;aaaaaa;
aaa;0.497,0.996,0.796,0.284,0.72,0.121,0.341,0.564,0.831,0.271;aaaaaaa;
aa;0.953,0.77,0.775,0.747,0.45,0.99,0.3,0.286,0.13,0.938;a;
a;0.585,0.336,0.511,0.367,0.184,0.4,0.38,0.415,0.848,0.853;a;
a;0.157,0.185,0.598,0.35,0.24,0.714,0.0887,0.0685,0.814,0.669;aaaaaa;
aa;0.829,0.0177,0.449,0.632,0.843,0.402,0.291,0.904,0.446,0.7;a;
aa;0.242,0.327,0.74,0.409,0.299,0.32,0.261,0.8,0.0903,0.995;aaaaaaaa;
aa;0.873,0.796,0.2,0.173,0.217,0.324,0.592,0.998,0.444,0.933;aaaaaaaa;
a;0.482,0.0539,0.793,0.868,0.61,0.664,0.607,0.292,0.0449,0.393;aaa;
aa;0.788,0.455,0.307,0.4,0.286,0.578,0.259,0.88,0.021,0.977;aaaaaaaaaa;
a;0.759,0.974,0.0934,0.372,0.725,0.76,0.971,0.137,0.986,0.859;a;
aa;0.276,0.727,0.0308,0.0692,0.421,0.218,0.352,0.974,0.0127,0.74;aaaaaaaaa;
aa;0.606,0.742,0.0645,0.154,0.471,0.62,0.205,0.16,0.104,0.669;aaaaaaa;
aa;0.136,0.31,0.427,0.122,0.991,0.149,0.168,0.598,0.591,0.439;aaaaaaaaa;
aaa;0.803,0.504,0.186,0.528,0.523,0.952,0.271,0.95,0.529,0.929;a;
a;0.686,0.0618,0.697,0.415,0.815,0.134,0.795,0.411,0.355,0.44;a;
aaa;0.16,0.858,0.264,0.1,0.94,0.33,0.627,0.477,0.0696,0.404;aa;
a;0.98,0.306,0.656,0.642,0.101,0.18,0.424,0.213,0.44,0.796;aaaa;
aaa;0.0614,0.276,0.144,0.378,0.0925,0.562,0.884,0.587,0.295,0.776;aaa;
aa;0.22,0.204,0.652,0.0016,0.631,0.696,0.681,0.48,0.392,0.519;aaaaaaa;
aa;0.0628,0.622,0.0874,0.851,0.642,0.135,0.497,0.102,0.891,0.642;aaaaaaaa;
aaa;0.722,0.262,0.274,0.944,0.047,0.785,0.242,0.304,0.752,0.546;aaaa;
aa;0.982,0.51,0.14,0.593,0.52,0.273,0.283,0.519,0.0765,0.529;aa;
a;0.413,0.858,0.344,0.872,0.932,0.781,0.215,0.884,0.329,0.901;aaaa;
aaa;0.465,0.279,0.592,0.808,0.705,0.0726,0.257,0.332,0.313,0.588;aaaa;
a;0.0274,0.883,0.377,0.51,0.647,0.244,0.134,0.614,0.117,0.799;aaaaa;
a;0.361,0.38,0.255,0.834,0.285,0.177,0.016,0.769,0.591,0.448;aaaaaaaaaa;
a;0.826,0.775,0.952,0.877,0.827,0.423,0.449,0.509,0.0125,0.368;aaaaaaaaa;
a;0.488,0.466,0.722,0.502,0.399,0.841,0.782,0.0904,0.847,0.43;a;
a;0.15,0.389,0.357,0.421,0.497,0.766,0.505,0.658,0.272,0.382;aaaaaaaaaa;
aa;0.266,0.488,0.896,0.0882,0.953,0.145,0.671,0.645,0.429,0.567;aaaaaaaaa;
aaa;0.0648,0.281,0.156,0.471,0.334,0.244,0.71,0.129,0.853,0.425;a;
aaa;0.899,0.209,0.324,0.594,0.944,0.105,0.167,0.836,0.514,0.348;aaaaaaa;
aaa;0.552,0.405,0.462,0.337,0.136,0.799,0.191,0.876,0.659,0.0985;aaaaaaa;
aaa;0.431,0.109,0.61,0.049,0.0235,0.917,0.306,0.643,0.46,0.647;aaaaaaaaa;
a;0.451,0.955,0.587,0.587,0.374,0.418,0.155,0.9,0.937,0.124;a;
a;0.6,0.23,0.337,0.558,0.216,0.105,0.493,0.129,0.207,0.332;aaa;
aaa;0.645,0.2,0.166,0.359,0.109,0.543,0.0732,0.671,0.32,0.83;aaaaaaaaaa;
aa;0.452,0.556,0.225,0.82,0.925,0.26,0.973,0.682,0.558,0.178;aaa;
aaa;0.719,0.371,0.567,0.603,0.0191,0.36,0.245,0.844,0.299,0.299;aaaaaaaaaa;
aaa;0.454,0.972,0.419,0.493,0.833,0.382,0.774,0.99,0.981,0.749;aaaaa;
aaa;0.362,0.0333,0.867,0.391,0.962,0.333,0.815,0.728,0.479,0.95;a;
aa;0.783,0.19,0.833,0.0195,0.249,0.681,0.287,0.387,0.963,0.0966;aaaaaaaaaa;
aaa;0.521,0.645,0.793,0.112,0.598,0.707,0.714,0.607,0.459,0.306;aaaaa;
aa;0.0609,0.717,0.779,0.351,0.853,0.49,0.617,0.236,0.455,0.169;aaaaaaaaa;
aaa;0.654,0.612,0.534,0.128,0.833,0.112,0.623,0.268,0.492,0.615;aaaaaaaa;
aa;0.559,0.275,0.817,0.855,0.949,0.736,0.645,0.273,0.558,0.422;aaaaa;
aaa;0.247,0.0767,0.677,0.134,0.213,0.794,0.259,0.739,0.614,0.168;aaaaaaa;
aaa;0.584,0.166,0.941,0.419,0.0816,0.352,0.921,0.476,0.858,0.585;aaaaa;
a;0.0303,0.736,0.0357,0.674,0.0928,0.321,0.0693,0.794,0.0241,0.513;aaaaaaaaa;
aa;0.134,0.956,0.0613,0.871,0.435,0.341,0.484,0.953,0.743,0.307;aaaaaaa;
a;0.592,0.394,0.125,0.661,0.792,0.878,0.177,0.212,0.798,0.603;aaa;
aaa;0.49,0.338,0.781,0.582,0.349,0.459,0.578,0.5,0.0612,0.0731;aaaaaaaa;
a;0.3,0.0168,0.0783,0.97,0.169,0.104,0.129,0.81,0.0971,0.345;aaaaaa;
aa;0.612,0.218,0.314,0.601,0.14,0.274,0.606,0.297,0.151,0.00503;a;
aaa;0.606,0.699,0.329,0.399,0.698,0.26,0.525,0.343,0.453,0.0051;aaa;
aa;0.991,0.932,0.756,0.0999,0.375,0.573,0.746,0.305,0.855,0.836;aaaaaaaaa;
aaa;0.947,0.785,0.821,0.398,0.806,0.803,0.948,0.203,0.432,0.792;aaaa;
a;0.666,0.136,0.167,0.963,0.532,0.79,0.365,0.437,0.755,0.816;aaaa;
aa;0.201,0.0147,0.663,0.354,0.787,0.699,0.321,0.538,0.181,0.696;aaaaaaa;
a;0.765,0.977,0.153,0.484,0.774,0.413,0.0843,0.739,0.852,0.378;aaaaaaaaa;
a;0.929,0.193,0.908,1,0.814,0.381,0.793,0.807,0.056,0.917;aa;
a;0.412,0.24,0.167,0.904,0.266,0.0382,0.806,0.00304,0.33,0.456;aa;
aa;0.533,0.0402,0.554,0.0627,0.0552,0.772,0.944,0.641,0.368,0.04;aaaaaaa;
aaa;0.894,0.373,0.323,0.227,0.405,0.476,0.799,0.219,0.526,0.914;aa;
aaa;0.955,0.872,0.216,0.409,0.676,0.234,0.471,0.751,0.575,0.401;a;
aaa;0.178,0.981,0.501,0.179,0.0689,0.919,0.097,0.964,0.685,0.483;aaaaaaaaa;
aa;0.232,0.71,0.0886,0.0602,0.879,0.181,0.51,0.638,0.749,0.534;aaa;
a;0.91,0.775,0.23,0.216,0.479,0.245,0.669,0.479,0.342,0.671;aaa;
aaa;0.246,0.462,0.371,0.862,0.808,0.67,0.937,0.321,0.817,0.419;aaa;
aaa;0.551,0.638,0.159,0.83,0.513,0.945,0.378,0.11,0.849,0.211;aaaaa;
aa;0.0633,0.509,0.794,0.544,0.883,0.813,0.999,0.99,0.184,0.83;a;
a;0.218,0.515,0.17,0.585,0.0424,0.937,0.891,0.666,0.547,0.0616;aaaa;
a;0.32,0.414,0.666,0.171,0.859,0.627,0.567,0.255,0.991,0.803;aaaa;
aa;0.42,0.435,0.235,0.182,0.0664,0.826,0.221,0.00557,0.36,0.0837;aaa;
a;0.951,0.896,0.426,0.954,0.682,0.792,0.0622,0.269,0.275,0.18;aa;
aaa;0.916,0.514,0.951,0.252,0.144,0.964,0.396,0.106,0.646,0.932;aaa;
aa;0.83,0.815,0.342,0.781,0.271,0.973,0.385,0.53,0.288,0.311;aaaaaaaaaa;
a;0.0304,0.645,0.638,0.312,0.469,0.526,0.874,0.534,0.946,0.564;aaaaaaaa;
aa;0.787,0.139,0.205,0.362,0.637,0.212,0.848,0.754,0.832,0.997;aaaaaaaa;
aaa;0.483,0.461,0.817,0.352,0.92,0.0475,0.815,0.856,0.611,0.941;a;
aaa;0.897,0.721,0.0984,0.329,0.758,0.439,0.0338,0.843,0.66,0.43;aaaaaaa;
aa;0.261,0.755,0.756,0.897,0.779,0.348,0.59,0.749,0.353,0.0238;aaa;
a;0.241,0.245,0.818,0.429,0.637,0.0676,0.217,0.194,0.858,0.116;aaaaaa;
aa;0.475,0.683,0.909,0.236,0.199,0.256,0.414,0.0381,0.847,0.172;aaa;
aaa;0.761,0.244,0.866,0.661,0.106,0.226,0.835,0.0043,0.298,0.84;aaa;
a;0.332,0.706,0.859,0.737,0.18,0.145,0.448,0.16,0.876,0.429;aaaa;
aa;0.565,0.375,0.888,0.0121,0.23,0.0477,0.00427,0.304,0.878,0.195;aa;
a;0.574,0.278,0.951,0.497,0.554,0.994,0.969,0.0525,0.0514,0.237;a;
aaa;0.0278,0.59,0.192,0.722,0.227,0.895,0.564,0.0839,0.035,0.298;aaaaa;
aaa;0.133,0.805,0.89,0.746,0.294,0.458,0.0583,0.381,0.957,0.461;aaaaaaaaaa;
aa;0.0761,0.739,0.0716,0.732,0.951,0.21,0.000847,0.61,0.355,0.675;aaaa;
a;0.0171,0.0321,0.00036,0.696,0.612,0.97,0.124,0.867,0.177,0.315;aaaaaaaaaa;
aaa;0.211,0.929,0.434,0.859,0.0384,0.882,0.512,0.0717,0.367,0.223;a;
a;0.738,0.419,0.832,0.323,0.711,0.553,0.0172,0.581,0.408,0.811;aaa;
a;0.825,0.126,0.753,0.447,0.386,0.241,0.0316,0.355,0.0691,0.646;aaa;
aaa;0.0935,0.179,0.609,0.207,0.985,0.514,0.785,0.873,0.629,0.823;aaaaaaaaaa;
a;0.128,0.925,0.301,0.946,0.234,0.551,0.364,0.222,0.107,0.1;aaaaaa;
aaa;0.676,0.459,0.923,0.339,0.183,0.382,0.388,0.804,0.369,0.287;aaaaaaaa;
aaa;0.823,0.374,0.202,0.597,0.0618,0.68,0.236,0.174,0.49,0.153;aaaaaaaaa;
aaa;0.27,0.628,0.389,0.805,0.0959,0.338,0.936,0.22,0.8,0.779;aaaaaaaa;
aa;0.229,0.171,0.676,0.529,0.134,0.507,0.0443,0.631,0.66,0.041;aaaaaa;
a;0.105,0.0716,0.683,0.744,0.426,0.725,0.566,0.883,0.326,0.8;aaaaaa;
aa;0.862,0.696,0.843,0.865,0.934,0.999,0.684,0.935,0.636,0.173;aaaaaaa;
aaa;0.702,0.204,0.153,0.0301,0.746,0.279,0.059,0.905,0.0394,0.809;aaaaaaaa;
aa;0.133,0.721,0.891,0.0338,0.982,0.206,0.598,0.0467,0.959,0.308;aaaaaaa;
aa;0.168,0.767,0.229,0.736,0.5,0.508,0.614,0.753,0.00476,0.314;aaaaa;
aaa;0.0902,0.298,0.729,0.687,0.488,0.471,0.954,0.758,0.172,0.642;aaaaaaaa;
aaa;0.435,0.428,0.272,0.00603,0.763,0.0711,0.575,0.647,0.976,0.886;aaaaaaaaaa;
aa;0.412,0.088,0.0972,0.0589,0.87,0.379,0.0879,0.894,0.14,0.982;aaaaaaa;
aaa;0.745,0.923,0.842,0.591,0.487,0.667,0.134,0.931,0.445,0.647;aaaaa;
a;0.339,0.369,0.365,0.151,0.602,0.323,0.0638,0.329,0.948,0.457;aaaaaa;
a;0.618,0.389,0.449,0.802,0.128,0.759,0.844,0.795,0.397,0.634;aaaaaaaaaa;
a;0.515,0.451,0.096,0.154,0.0296,0.484,0.841,0.393,0.566,0.957;aaaaaaaaa;
aaa;0.24,0.301,0.254,0.281,0.789,0.131,0.952,0.145,0.249,0.252;aaa;
aaa;0.363,0.802,0.293,0.31,0.0858,0.387,0.903,0.0842,0.342,0.754;a;
aa;0.295,0.262,0.994,0.955,0.598,0.117,0.489,0.415,0.885,0.571;aaa;
a;0.228,0.248,0.112,0.153,0.562,0.192,0.36,0.376,0.818,0.923;aaa;
a;0.68,0.101,0.932,0.824,0.512,0.763,0.733,0.488,0.67,0.644;aaaaaaaaa;
aaa;0.107,0.53,0.958,0.745,0.829,0.752,0.268,0.969,0.894,0.738;aaaaa;
aaa;0.387,0.271,0.173,0.455,0.559,0.389,0.399,0.0408,0.863,0.923;aaaa;
a;0.0769,0.558,0.418,0.456,0.688,0.0471,0.6,0.542,0.508,0.371;aaa;
aa;0.775,0.152,0.526,0.902,0.108,0.81,0.0125,0.722,0.0638,0.14;aaa;
aa;0.21,0.689,0.838,0.609,0.693,0.786,0.0503,0.526,0.566,0.487;aaaaaaaaa;
aa;0.331,0.74,0.934,0.472,0.618,0.858,0.553,0.213,0.436,0.0121;aaaaaa;
aa;0.261,0.444,0.4,0.423,0.819,0.773,0.968,0.0571,0.469,0.808;aaaaaa;
aa;0.95,0.998,0.527,0.874,0.131,0.445,0.469,0.185,0.679,0.369;aaaa;
aa;0.692,0.34,0.781,0.222,0.953,0.863,0.706,0.508,0.688,0.677;aaa;
aa;0.196,0.0256,0.646,0.564,0.613,0.786,0.452,0.55,0.346,0.0979;aaaaaaa;
aa;0.987,0.564,0.598,0.458,0.386,0.355,0.155,0.794,0.861,0.19;aaa;
aaa;0.841,0.881,0.967,0.651,0.561,0.602,0.756,0.225,0.658,0.441;aaaaaaaa;
aaa;0.776,0.488,0.649,0.216,0.87,0.632,0.379,0.453,0.497,0.777;aa;
aaa;0.979,0.748,0.175,0.494,0.127,0.634,0.916,0.835,0.0838,0.639;aaaaaaaa;
aa;0.833,0.745,0.108,0.532,0.243,0.537,0.383,0.25,0.5,0.491;aaaaaaaa;
a;0.749,0.447,0.728,0.886,0.0582,0.3,0.309,0.933,0.427,0.563;aaaaaa;
aaa;0.0481,0.59,0.793,0.958,0.973,0.556,0.621,0.279,0.481,0.84;aaaaaaaaaa;
a;0.731,0.5,0.0783,0.253,0.501,0.503,0.843,0.716,0.586,0.74;aa;
a;0.172,0.392,0.405,0.375,0.741,0.577,0.091,0.768,0.233,0.95;aaaaaa;
a;0.707,0.759,0.962,0.219,0.765,0.808,0.653,0.711,0.737,0.0137;aaaaaaaaa;
aa;0.2,0.909,0.95,0.841,0.199,0.741,0.69,0.63,0.425,0.361;aaaaaaaa;
aa;0.358,0.489,0.214,0.131,0.975,0.237,0.487,0.966,0.138,0.0145;aaa;
aa;0.0849,0.783,0.202,0.799,0.378,0.228,0.0601,0.843,0.228,0.481;aa;
aa;0.724,0.0703,0.167,0.000223,0.0499,0.195,0.751,0.709,0.662,0.98;aaaa;
aa;0.229,0.192,0.178,0.0269,0.992,0.0719,0.886,0.519,0.418,0.93;aa;
aaa;0.935,0.248,0.748,0.984,0.496,0.211,0.672,0.284,0.832,0.778;a;
a;0.511,0.739,0.853,0.982,0.218,0.48,0.615,0.521,0.835,0.322;aaaa;
a;0.897,0.399,0.253,0.812,0.461,0.962,0.495,0.982,0.44,0.716;aa;
aaa;0.662,0.27,0.843,0.864,0.521,0.282,0.318,0.993,0.00432,0.543;aaaa;
aa;0.952,0.784,0.265,0.192,0.165,0.365,0.208,0.956,0.0883,0.48;aaaaaaaaaa;
aa;0.334,0.343,0.812,0.693,0.345,0.327,0.981,0.154,0.676,0.755;aaaaaaa;
aaa;0.302,0.648,0.257,0.761,0.232,0.461,0.28,0.688,0.924,0.167;aaaaaa;
aaa;0.813,0.932,0.722,0.375,0.205,0.0724,0.356,0.14,0.0593,0.422;aaa;
aa;0.132,0.488,0.88,0.915,0.893,0.207,0.151,0.0575,0.308,0.726;aaaaaaaa;
aaa;0.694,0.23,0.0276,0.985,0.964,0.00422,0.512,0.307,0.0616,0.869;aaaaa;
a;0.44,0.482,0.768,0.715,0.599,0.793,0.0491,0.224,0.331,0.881;aaaaa;
a;0.965,0.453,0.973,0.959,0.798,0.833,0.49,0.739,0.495,0.236;aaaaaa;
a;0.551,0.608,0.565,0.239,0.117,0.855,0.338,0.709,0.598,0.699;aaaaaaa;
aaa;0.683,0.306,0.342,0.868,0.565,0.593,0.594,0.309,0.994,0.732;aa;
a;0.603,0.287,0.58,0.187,0.0807,0.818,0.218,0.883,0.996,0.549;a;
aaa;0.963,0.192,0.791,0.896,0.705,0.262,0.707,0.56,0.24,0.933;aaa;
aa;0.97,0.605,0.0865,0.0607,0.342,0.795,0.527,0.712,0.171,0.617;aaaaaaaaaa;
aaa;0.472,0.722,0.88,0.905,0.744,0.254,0.725,0.481,0.777,0.43;aaa;
aa;0.336,0.21,0.584,0.272,0.967,0.425,0.594,0.0632,0.0861,0.316;aa;
aa;0.753,0.338,0.124,0.4,0.821,0.955,0.328,0.0568,0.768,0.783;aaaaaaaa;
aaa;0.908,0.526,0.855,0.511,0.64,0.408,0.472,0.205,0.75,0.876;aaaaaaa;
aa;0.688,0.7,0.949,0.776,0.992,0.8,0.211,0.498,0.863,0.214;aa;
aaa;0.782,0.833,0.23,0.881,0.384,0.813,0.843,0.353,0.457,0.342;aaaaaa;
aaa;0.815,0.0923,0.54,0.69,0.282,0.347,0.764,0.154,0.429,0.202;aaaaa;
aaa;0.863,0.434,0.82,0.535,0.718,0.267,0.94,0.846,0.145,0.231;aaa;
a;0.504,0.192,0.533,0.0675,0.367,0.355,0.665,0.934,0.922,0.256;aaaaaaaaaa;
aa;0.524,0.739,0.786,0.302,0.386,0.232,0.0056,0.0893,0.378,0.02;aa;
aaa;0.422,0.926,0.395,0.254,0.568,0.287,0.301,0.822,0.285,0.61;aaaaaaaaaa;
a;0.671,0.0383,0.0835,0.759,0.594,0.0554,0.951,0.991,0.855,0.471;aaaaaaaa;
aa;0.579,0.735,0.598,0.669,0.587,0.387,0.645,0.687,0.995,0.446;aaaaaa;
aaa;0.817,0.977,0.283,0.00482,0.704,0.0265,0.725,0.54,0.737,0.928;aaaaaaaaaa;
aa;0.717,0.0207,0.39,0.145,0.965,0.518,0.41,0.385,0.886,0.611;a;
aa;0.73,0.319,0.138,0.0923,0.226,0.829,0.684,0.64,0.573,0.0592;aaaaaaaa;
aa;0.35,0.117,0.166,0.163,0.433,0.095,0.0486,0.175,0.703,0.802;aaaa;
aaa;0.213,0.689,0.797,0.36,0.685,0.71,0.278,0.106,0.014,0.4;aa;
aa;0.0627,0.519,0.803,0.141,0.129,0.331,0.986,0.675,0.278,0.158;aa;
aaa;0.71,0.778,0.53,0.794,0.662,0.622,0.779,0.173,0.63,0.000929;aaaaaaaa;
aaa;0.676,0.199,0.4,0.245,0.423,0.285,0.448,0.0809,0.551,0.821;aaa;
a;0.28,0.201,0.417,0.976,0.292,0.605,0.218,0.0315,0.934,0.943;a;
aa;0.984,0.505,0.259,0.528,0.853,0.345,0.852,0.325,0.446,0.72;aaaaaaaaa;
a;0.534,0.316,0.0924,0.908,0.754,0.365,0.527,0.00166,0.657,0.632;aa;
aa;0.277,0.468,0.783,0.398,0.702,0.786,0.455,0.455,0.372,0.533;aaaaaaa;
a;0.853,0.156,0.345,0.145,0.921,0.634,0.435,0.387,0.881,0.566;aaaaaaaa;
aaa;0.993,0.157,0.00166,0.00816,0.353,0.896,0.708,0.864,0.982,0.398;a;
aaa;0.562,0.908,0.939,0.766,0.977,0.576,0.771,0.0251,0.648,0.495;aaaaaa;
a;0.736,0.0492,0.469,0.422,0.364,0.159,0.436,0.81,0.363,0.719;aa;
a;0.925,0.828,0.0901,0.562,0.179,0.051,0.8,0.415,0.804,0.668;aaaaaaa;
aaa;0.839,0.406,0.412,0.718,0.912,0.471,0.743,0.805,0.527,0.133;aaa;
aaa;0.369,0.91,0.795,0.139,0.267,0.683,0.467,0.208,0.242,0.459;aaaaaa;
aaa;0.572,0.0675,0.216,0.194,0.37,0.182,0.538,0.0486,0.248,0.442;aaaa;
aaa;0.032,0.634,0.552,0.15,0.311,0.293,0.297,0.626,0.858,0.793;a;
aaa;0.674,0.145,0.197,0.738,0.0677,0.767,0.841,0.717,0.992,0.98;aa;
aaa;0.937,0.321,0.481,0.616,0.572,0.0141,0.607,0.654,0.196,0.329;aaa;
a;0.345,0.548,0.449,0.301,0.00105,0.717,0.407,0.551,0.213,0.743;aaaa;
aaa;0.91,0.0848,0.279,0.0943,0.636,0.415,0.565,0.83,0.838,0.0382;aaaaaaaaaa;
aaa;0.991,0.879,0.269,0.886,0.712,0.224,0.562,0.88,0.337,0.298;aaaaaaaaa;
a;0.119,0.566,0.0273,0.761,0.558,0.668,0.759,0.937,0.773,0.513;aaaaaaa;
aaa;0.874,0.734,0.478,0.824,0.204,0.819,0.187,0.21,0.161,0.134;aaaaaaaaa;
aa;0.598,0.463,0.575,0.719,0.676,0.557,0.952,0.488,0.657,0.613;aaaaa;
aa;0.598,0.02,0.608,0.454,0.883,0.759,0.0155,0.742,0.101,0.497;aaa;
aaa;0.989,0.395,0.176,0.425,0.326,0.595,0.462,0.926,0.645,0.987;aaaaaaaaaa;
aaa;0.763,0.575,0.00945,0.302,0.682,0.0926,0.568,0.0679,0.332,0.0783;aaaaa;
aa;0.517,0.57,0.546,0.805,0.619,0.969,0.802,0.975,0.44,0.0931;aaaaaa;
aaa;0.0755,0.352,0.0533,0.224,0.0672,0.355,0.323,0.735,0.651,0.38;aaaaaa;
aa;0.881,0.795,0.168,0.831,0.237,0.311,0.859,0.224,0.466,0.72;aaaaaaaaaa;
a;0.465,0.283,0.794,0.331,0.487,0.851,0.969,0.795,0.613,0.123;aaaaaaaaaa;
aa;0.402,0.0337,0.356,0.464,0.365,0.818,0.866,0.505,0.741,0.554;aaaaaaa;
aa;0.406,0.295,0.275,0.29,0.516,0.216,0.614,0.702,0.777,0.000929;aaaaaaaaaa;
a;0.573,0.677,0.489,0.451,0.566,0.412,0.0191,0.175,0.688,0.322;aaa;
aaa;0.434,0.599,0.25,0.835,0.892,0.659,0.319,0.614,0.952,0.356;aaaaaaa;
a;0.422,0.302,0.0416,0.905,0.757,0.756,1,0.377,0.315,0.826;aaaaaaaa;
a;0.469,0.977,0.879,0.462,0.84,0.306,0.289,0.642,0.889,0.00332;aa;
aa;0.235,0.556,0.764,0.142,0.627,0.157,0.219,0.468,0.0937,0.936;aaaaaa;
aa;0.0594,0.627,0.935,0.0249,0.615,0.184,0.29,0.0865,0.82,0.403;aaaaa;
aa;0.243,0.425,0.742,0.544,0.121,0.281,0.537,0.522,0.511,0.441;aaaaaaaaaa;
aaa;0.839,0.731,0.744,0.889,0.174,0.993,0.596,0.739,0.71,0.521;aaaaa;
aa;0.44,0.515,0.356,0.172,0.0274,0.369,0.619,0.979,0.646,0.782;aa;
a;0.279,0.597,0.254,0.0287,0.0438,0.495,0.392,0.503,0.707,0.835;aaaaa;
aa;0.442,0.532,0.957,0.343,0.928,0.166,0.769,0.0314,0.95,0.688;aaaaaaa;
aa;0.675,0.507,0.764,0.068,0.476,0.131,0.684,0.939,0.787,0.0299;aa;
aaa;0.373,0.352,0.591,0.376,0.103,0.959,0.771,0.455,0.337,0.961;aaaa;
aaa;0.0907,0.618,0.879,0.267,0.395,0.899,0.138,0.418,0.798,0.162;aaaaaaaa;
aa;0.0224,0.633,0.456,0.0845,0.352,0.138,0.263,0.711,0.661,0.952;aaaa;
a;0.843,0.471,0.541,0.97,0.29,0.33,0.312,0.454,0.802,0.825;a;
a;0.67,0.174,0.468,0.0869,0.503,0.959,0.774,0.0803,0.655,0.685;aaaaaaaaaa;
aa;0.894,0.645,0.361,0.118,0.616,0.741,0.0424,0.972,0.713,0.249;aaaaa;
aaa;0.464,0.253,0.169,0.592,0.493,0.223,0.481,0.369,0.687,0.374;aaaaaaaaaa;
a;0.562,0.922,0.236,0.605,0.485,0.15,0.276,0.817,0.117,0.545;aaa;
aaa;0.965,0.943,0.542,0.368,0.787,0.383,0.546,0.0136,0.302,0.16;a;
a;0.9,0.637,0.202,0.606,0.356,0.0812,0.701,0.0613,0.539,0.632;aaaaaaaaaa;
aaa;0.575,0.558,0.606,0.187,0.852,0.0303,0.658,0.773,0.152,0.701;aaaaaaaa;
aaa;0.0757,0.0864,0.194,0.643,0.533,0.0687,0.942,0.51,0.889,0.937;aaaa;
a;0.811,0.976,0.715,0.372,0.547,0.688,0.357,0.542,0.00449,0.784;aaaa;
a;0.453,0.192,0.752,0.383,0.376,0.182,0.954,0.383,0.548,0.508;aaaa;
aaa;0.431,0.354,0.438,0.202,0.47,0.609,0.0573,0.663,0.237,0.0334;aaaaaaa;
a;0.915,0.921,0.527,0.791,0.772,0.753,0.6,0.541,0.419,0.629;aaa;
aaa;0.66,0.589,0.895,0.41,0.718,0.774,0.0592,0.773,0.878,0.206;aa;
a;0.666,0.248,0.821,0.878,0.237,0.966,0.652,0.0873,0.799,0.301;aaaaa;
aaa;0.764,0.816,0.993,0.0995,0.445,0.178,0.367,0.767,0.217,0.156;aaaaaa;
aaa;0.514,0.281,0.579,0.376,0.748,0.883,0.795,0.769,0.56,0.862;aaaa;
a;0.69,0.102,0.0216,0.25,0.482,0.909,0.882,0.636,0.511,0.928;aaaaaaaaa;
a;0.344,0.904,0.473,0.0276,0.32,0.772,0.121,0.811,0.0343,0.652;aaaa;
aaa;0.948,0.82,0.463,0.639,0.589,0.559,0.396,0.752,0.982,0.89;aaaaaaaaaa;
aaa;0.335,0.482,0.763,0.682,0.155,0.293,0.484,0.108,0.189,0.677;aaaaaaa;
aaa;0.125,0.541,0.0551,0.331,0.413,0.157,0.444,0.87,0.444,0.694;aaaaa;
a;0.64,0.996,0.136,0.51,0.405,0.28,0.856,0.841,0.178,0.216;aaaaaaa;
aaa;0.876,0.977,0.66,0.51,0.817,0.304,0.687,0.571,0.656,0.132;aaaaaaaaaa;
aaa;0.822,0.167,0.611,0.893,0.114,0.299,0.719,0.0764,0.193,0.992;aaaaaaa;
aa;0.466,0.296,0.832,0.85,0.271,0.143,0.786,0.281,0.347,0.381;aaaaaaaaaa;
aaa;0.662,0.369,0.807,0.859,0.896,0.427,0.663,0.951,0.239,0.622;aaaa;
aa;0.198,0.63,0.152,0.68,0.068,0.114,0.951,0.887,0.502,0.653;aaaaaaaa;
aaa;0.287,0.566,0.392,0.878,0.0921,0.342,0.187,0.943,0.221,0.162;aaaaaaa;
aaa;0.765,0.508,0.573,0.372,0.272,0.864,0.149,0.99,0.788,0.962;aaa;
aaa;0.57,0.743,0.304,0.428,0.991,0.266,0.0633,0.88,0.808,0.6;aaaaa;
aaa;0.121,0.688,0.696,0.393,0.728,0.505,0.83,0.14,0.414,0.233;aaaaaaaaa;
a;0.823,0.863,0.7,0.353,0.585,0.285,0.847,0.863,0.578,0.847;aaaaaaaa;
a;0.105,0.427,0.876,0.769,0.532,0.104,0.771,0.76,0.404,0.84;aaaaaa;
aa;0.93,0.991,0.471,0.986,0.926,0.572,0.427,0.497,0.22,0.313;aa;
a;0.401,0.999,0.224,0.838,0.132,0.852,0.639,0.623,0.0787,0.419;aaaa;
a;0.737,0.231,0.669,0.287,0.898,0.179,0.779,0.327,0.691,0.654;aaaaaaaa;
aa;0.824,0.351,0.475,0.817,0.526,0.269,0.271,0.338,0.924,0.745;aaaaaaa;
aa;0.423,0.505,0.724,0.52,0.214,0.953,0.349,0.452,0.551,0.0926;aaaa;
a;0.501,0.617,0.48,0.0144,0.303,0.268,0.332,0.33,0.114,0.559;aaaaa;
a;0.783,0.553,0.696,0.212,0.204,0.688,0.241,0.324,0.914,0.482;aaa;
a;0.965,0.212,0.423,0.322,0.272,0.809,0.271,0.917,0.978,0.716;aaa;
aaa;0.718,0.269,0.481,0.0602,0.0437,0.875,0.747,0.763,0.306,0.204;aaaa;
aaa;0.646,0.046,0.747,0.834,0.549,0.19,0.785,0.503,0.0796,0.529;aaaaaaa;
aaa;0.269,0.853,0.552,0.947,0.67,0.148,0.197,0.617,0.508,0.812;aaaaaaaa;
aaa;0.776,0.104,0.671,0.859,0.458,0.632,0.963,0.0706,0.257,0.352;aa;
aaa;0.248,0.84,0.782,0.0203,0.574,0.778,0.257,0.83,0.121,0.796;aaaaaaaa;
aaa;0.974,0.326,0.344,0.494,0.101,0.658,0.941,0.345,0.303,0.332;aaaa;
a;0.269,0.103,0.172,0.0199,0.0115,0.9,0.118,0.215,0.186,0.883;aa;
aa;0.511,0.502,0.423,0.803,0.373,0.488,0.973,0.721,0.901,0.86;aaaaaa;
a;0.863,0.1,0.497,0.428,0.153,0.994,0.0756,0.956,0.0293,0.831;aaaa;
a;0.258,0.976,0.262,0.788,0.879,0.202,0.893,0.247,0.541,0.913;aaa;
a;0.693,0.562,0.994,0.558,0.447,0.861,0.302,0.387,0.0312,0.711;aaaaaaaa;
aa;0.916,0.658,0.744,0.878,0.868,0.688,0.155,0.589,0.929,0.113;aaaa;
a;0.274,0.896,0.111,0.686,0.63,0.444,0.682,0.938,0.965,0.168;aaaaa;
aaa;0.866,0.325,0.702,0.927,0.0369,0.0611,0.688,0.0817,0.27,0.499;aaaaaaaaa;
a;0.0542,0.622,0.901,0.753,0.68,0.872,0.507,0.262,0.643,0.0432;aaaaa;
a;0.236,0.042,0.377,0.13,0.199,0.0489,0.543,0.331,0.854,0.461;aaa;
aaa;0.539,0.892,0.421,0.511,0.785,0.346,0.311,0.292,0.533,0.977;aaaaaaaaa;
a;0.39,0.557,0.354,0.731,0.114,0.636,0.0674,0.486,0.424,0.782;aaaaaa;
aa;0.649,0.571,0.417,0.723,0.925,0.302,0.848,0.799,0.0635,0.265;aaa;
a;0.873,0.0889,0.175,0.626,0.116,0.635,0.253,0.112,0.00468,0.148;aaaaa;
aa;0.569,0.819,0.206,0.598,0.829,0.283,0.12,0.224,0.434,0.898;aaaaa;
aa;0.97,0.951,0.962,0.994,0.0725,0.766,0.409,0.977,0.945,0.939;aaaa;
aa;0.0434,0.344,0.474,0.586,0.471,0.303,0.198,0.27,0.663,0.709;aa;
aaa;0.598,0.0152,0.33,0.499,0.722,0.334,0.0982,0.631,0.545,0.976;aaaa;
aaa;0.069,0.127,0.344,0.639,0.86,0.421,0.116,0.68,0.669,0.087;aaa;
aaa;0.424,0.849,0.203,0.125,0.192,0.474,0.673,0.316,0.572,0.619;aaaa;
aa;0.835,0.816,0.89,0.524,0.897,0.165,0.108,0.97,0.383,0.467;aaaaa;
aaa;0.905,0.0507,0.667,0.76,0.518,0.736,0.586,0.784,0.627,0.393;aaaaaaaaa;
aaa;0.776,0.719,0.427,0.473,0.101,0.846,0.165,0.899,0.775,0.696;aa;
aa;0.397,0.298,0.549,0.265,0.317,0.925,0.185,0.643,0.588,0.88;aaaaaaaaa;
aa;0.403,0.566,0.0536,0.436,0.607,0.445,0.449,0.417,0.176,0.122;aaaaaaa;
aa;0.594,0.244,0.863,0.518,0.974,0.713,0.24,0.192,0.856,0.0219;aaaaaaa;
aaa;0.548,0.524,0.997,0.351,0.589,0.845,0.985,0.983,0.676,0.805;aaa;
aaa;0.381,0.489,0.349,0.811,0.805,0.924,0.48,0.511,0.752,0.698;aaaaaaa;
aa;0.141,0.457,0.395,0.0338,0.549,0.798,0.188,0.278,0.379,0.381;aaaa;
aaa;0.393,0.577,0.472,0.574,0.517,0.33,0.846,0.269,0.659,0.023;aaaaaaaaaa;
aaa;0.0904,0.156,0.672,0.301,0.519,0.18,0.919,0.431,0.702,0.979;a;
aaa;0.63,0.104,0.312,0.252,0.626,0.472,0.752,0.469,0.605,0.329;aaaa;
a;0.661,0.586,0.629,0.962,0.127,0.407,0.588,0.367,0.191,0.108;aaaaaaa;
aa;0.483,0.914,0.00908,0.168,0.531,0.547,0.895,0.11,0.501,0.409;a;
aa;0.155,0.0492,0.47,0.637,0.93,0.828,0.195,0.23,0.321,0.483;aaaaaaaa;
a;0.766,0.78,0.535,0.819,0.871,0.528,0.638,0.561,0.569,0.628;aaaaaaaa;
a;0.899,0.785,0.48,0.435,0.211,0.808,0.942,0.756,0.0625,0.375;aa;
aaa;0.366,0.659,0.166,0.476,0.18,0.207,0.456,0.914,0.265,0.928;a;
a;0.991,0.852,0.616,0.321,0.79,0.406,0.992,0.243,0.826,0.108;aaaaa;
aa;0.258,0.243,0.529,0.57,0.358,0.225,0.972,0.653,0.567,0.544;aaaa;
aa;0.529,0.292,0.258,0.397,0.214,0.0384,0.128,0.517,0.509,0.732;aaaaaaaaa;
a;0.473,0.355,0.631,0.628,0.236,0.113,0.961,0.516,0.203,0.754;aaaaaaa;
aa;0.502,0.779,0.134,0.983,0.336,0.498,0.589,0.238,0.64,0.667;aaaaaa;
aa;0.682,0.874,0.985,0.596,0.153,0.516,0.415,0.544,0.0424,0.902;aaa;
aa;0.466,0.61,0.504,0.0638,0.0508,0.722,0.553,0.795,0.211,0.874;aaaa;
aa;0.731,0.25,0.463,0.721,0.267,0.559,0.635,0.549,0.159,0.108;aaa;
aaa;0.146,0.644,0.273,0.0618,0.611,0.798,0.244,0.394,0.361,0.376;aaaaaaaaa;
a;0.0784,0.507,0.0964,0.162,0.817,0.839,0.548,0.206,0.624,0.681;aaaaaaaa;
aaa;0.305,0.702,0.489,0.845,0.706,0.712,0.115,0.0558,0.188,0.515;aaaaaaaaa;
aaa;0.519,0.623,0.834,0.361,0.904,0.0732,0.96,0.106,0.951,0.282;aaaaaaaa;
aa;0.0397,0.558,0.896,0.435,0.847,0.689,0.558,0.689,0.808,0.343;aaaaaa;
a;0.969,0.0574,0.481,0.848,0.416,0.945,0.629,0.414,0.96,0.761;aaaaaa;
aaa;0.179,0.257,0.0375,0.836,0.619,0.194,0.864,0.0889,0.948,0.912;aaaa;
a;0.151,0.656,0.518,0.327,0.873,0.0684,0.726,0.888,0.866,0.147;aaa;
aaa;0.447,0.383,0.0474,0.0454,0.888,0.924,0.512,0.253,0.286,0.62;aaaaaaaaa;
aa;0.18,0.814,0.944,0.228,0.0638,0.141,0.114,0.905,0.366,0.368;aa;
aaa;0.407,0.282,0.587,0.575,0.507,0.523,0.0271,0.632,0.396,0.478;aaaaaa;
aaa;0.748,0.437,0.674,0.692,0.0216,0.0835,0.539,0.0351,0.338,0.975;aaa;
a;0.0536,0.289,0.122,0.565,0.575,0.11,0.31,0.0137,0.456,0.444;aaaaaaaaa;
aa;0.164,0.949,0.462,0.17,0.942,0.964,0.594,0.445,0.704,0.0138;aaaaaaaaaa;
aaa;0.593,0.0742,0.97,0.057,0.104,0.879,0.101,0.00242,0.278,0.601;aaaaaaaaa;
a;0.212,0.934,0.623,0.186,0.34,0.706,0.169,0.535,0.308,0.267;aaaaa;
aaa;0.879,0.911,0.0422,0.923,0.504,0.276,0.812,0.816,0.0655,0.106;aaaaaa;
aa;0.115,0.703,0.852,0.657,0.786,0.0314,0.459,0.0551,0.407,0.971;aaaaaaa;
aa;0.612,0.731,0.307,0.909,0.353,0.148,0.268,0.409,0.838,0.148;aaa;
a;0.548,0.889,0.98,0.435,0.379,0.0904,0.0293,0.839,0.624,0.999;a;
a;0.457,0.532,0.427,0.359,0.74,0.563,0.915,0.967,0.146,0.817;aaaaaaaaaa;
aaa;0.805,0.878,0.732,0.259,0.583,0.254,0.172,0.586,0.173,0.299;aa;
aa;0.981,0.768,0.292,0.535,0.574,0.0927,0.711,0.879,0.463,0.987;a;
aaa;0.744,0.441,0.534,0.819,0.722,0.911,0.0578,0.701,0.62,0.235;aaaa;
aaa;0.496,0.0671,0.562,0.976,0.5,0.617,0.387,0.322,0.0139,0.94;a;
aaa;0.675,0.689,0.0279,0.253,0.666,0.97,0.612,0.946,0.419,0.981;aaaaaaaa;
aaa;0.966,0.679,0.216,0.884,0.785,0.551,0.542,0.176,0.475,0.824;aaaaaaa;
aaa;0.112,0.438,0.676,0.671,0.316,0.16,0.736,0.118,0.773,0.599;aaaaaa;
aa;0.191,0.519,0.529,0.916,0.621,0.946,0.393,0.705,0.831,0.541;aaaaaaaaaa;
a;0.711,0.859,0.391,0.944,0.93,0.497,0.139,0.216,0.202,0.432;aaaaa;
aa;0.0692,0.659,0.865,0.351,0.331,0.784,0.582,0.045,0.436,0.534;aaaaaaaaaa;
aaa;0.0202,0.203,0.929,0.549,0.306,0.774,0.63,0.868,0.0006,0.134;aaaaaa;
aaa;0.208,0.727,0.31,0.676,0.718,0.436,0.13,0.00748,0.461,0.98;aaaaaaa;
aa;0.951,0.578,0.607,0.173,0.615,0.251,0.13,0.383,0.612,0.694;aaaaaaaaa;
a;0.468,0.706,0.701,0.163,0.751,0.294,0.498,0.753,0.87,0.749;aaaaaaaaaa;
aaa;0.59,0.82,0.85,0.258,0.00699,0.415,0.288,0.295,0.925,0.911;aaaaaaaaa;
aa;0.398,0.808,0.464,0.37,0.927,0.584,0.393,0.535,0.476,0.0917;aaaaaaa;
aa;0.329,0.861,0.388,0.851,0.226,0.103,0.193,0.383,0.608,0.42;aaaaaaaaa;
aa;0.739,0.69,0.363,0.871,0.11,0.536,0.493,0.717,0.106,0.507;aaaaaaaaa;
aaa;0.715,0.0633,0.878,0.051,0.702,0.867,0.475,0.952,0.0597,0.277;aaaaaaaa;
a;0.734,0.706,0.785,0.469,0.256,0.579,0.8,0.81,0.406,0.468;a;
a;0.519,0.359,0.353,0.443,0.299,0.596,0.802,0.566,0.25,0.944;aaaaaaaa;
a;0.116,0.859,0.667,0.00097,0.818,0.63,0.666,0.364,0.72,0.0919;aaaa;
aaa;0.337,0.0818,0.883,0.911,0.903,0.85,0.328,0.944,0.97,0.539;a;
a;0.145,0.0194,0.0608,0.63,0.34,0.437,0.205,0.183,0.912,0.31;aaaaaaaa;
a;0.0616,0.366,0.0033,0.834,0.492,0.411,0.394,0.937,0.774,0.375;aaaaaaaa;
a;0.774,0.467,0.922,0.0263,0.366,0.958,0.448,0.925,0.279,0.735;aaa;
a;0.0682,0.939,0.372,0.382,0.801,0.463,0.782,0.0344,0.424,0.576;aaaaa;
a;0.47,0.499,0.997,0.972,0.546,0.819,0.921,0.505,0.67,0.496;aaaa;
a;0.585,0.758,0.965,0.437,0.788,0.459,0.0666,0.6,0.559,0.577;aaaaaaaaa;
a;0.366,0.484,0.799,0.898,0.998,0.64,0.325,0.759,0.725,0.822;aaaaaaaaa;
aa;0.0125,0.375,0.773,0.465,0.403,0.101,0.0445,0.555,0.814,0.0668;aa;
aa;0.31,0.383,0.778,0.648,0.796,0.367,0.0029,0.924,0.284,0.694;aaaaaaaa;
a;0.907,0.735,0.0768,0.576,0.0224,0.348,0.782,0.884,0.328,0.73;aa;
aaa;0.269,0.877,0.516,0.404,0.041,0.81,0.75,0.00815,0.634,0.119;aaaa;
aaa;0.79,0.879,0.811,0.724,0.0588,0.842,0.503,0.288,0.406,0.109;aaaa;
aa;0.547,0.829,0.474,0.388,0.39,0.385,0.0384,0.665,0.538,0.189;aaaaaaaaa;
aa;0.0913,0.769,0.34,0.62,0.262,0.795,0.421,0.604,0.437,0.657;aaaaaaaaa;
aaa;0.762,0.143,0.194,0.624,0.978,0.721,0.641,0.598,0.517,0.283;aaaaaa;
aaa;0.652,0.998,0.705,0.202,0.00393,0.659,0.974,0.487,0.216,0.345;aaaaaaaaaa;
aaa;0.617,0.515,0.221,0.12,0.183,0.233,0.871,0.648,0.801,0.993;aaaaaaa;
a;0.632,0.839,0.236,0.556,0.263,0.217,0.028,0.944,0.719,0.286;aaaa;
aa;0.276,0.826,0.678,0.114,0.475,0.82,0.627,0.113,0.436,0.157;aaa;
a;0.902,0.325,0.814,0.994,0.227,0.938,0.312,0.916,0.808,0.993;aaaaa;
a;0.475,0.205,0.515,0.681,0.144,0.374,0.385,0.319,0.915,0.96;aaaa;
aaa;0.983,0.885,0.135,0.614,0.792,0.788,0.526,0.356,0.511,0.71;aaaaaaa;
a;0.554,0.0378,0.385,0.919,0.181,0.989,0.0857,0.544,0.923,0.337;aaaaaa;
a;0.198,0.323,0.724,0.041,0.944,0.965,0.305,0.864,0.17,0.411;aaaaaaaaaa;
aaa;0.683,0.736,0.342,0.845,0.994,0.837,0.493,0.188,0.304,0.928;aaaaaa;
aaa;0.537,0.846,0.484,0.989,0.293,0.375,0.228,0.0525,0.244,0.532;aaaaaaa;
a;0.768,0.824,0.706,0.221,0.581,0.397,0.964,0.143,0.53,0.0564;aaaaaaaa;
aa;0.298,0.0236,0.747,0.907,0.989,0.378,0.253,0.326,0.696,0.888;aaa;
aa;0.254,0.257,0.348,0.484,0.216,0.753,0.559,0.807,0.517,0.569;aa;
aaa;0.228,0.247,0.712,0.0412,0.153,0.595,0.991,0.757,0.594,0.73;aaaa;
aa;0.63,0.684,0.59,0.125,0.789,0.48,0.744,0.3,0.197,0.388;aaaaa;
aaa;0.676,0.189,0.0189,0.461,0.783,0.46,0.781,0.617,0.649,0.144;aa;
aa;0.669,0.281,0.766,0.884,0.244,0.273,0.674,0.468,0.961,0.251;aaaa;
aaa;0.865,0.136,0.0535,0.573,0.762,0.745,0.804,0.0479,0.166,0.422;aaaaaaaaa;
aaa;0.0854,0.0446,0.37,0.558,0.25,0.685,0.771,0.171,0.635,0.233;aaaa;
aaa;0.872,0.852,0.246,0.173,0.0659,0.486,0.618,0.487,0.632,0.803;aa;
a;0.575,0.122,0.534,0.0864,0.934,0.952,0.249,0.488,0.546,0.911;aaaaaa;
a;0.07,0.275,0.595,0.875,0.926,0.287,0.333,0.769,0.664,0.689;aaaaaaaaaa;
a;0.238,0.33,0.256,0.17,0.657,0.0164,0.137,0.654,0.0955,0.025;aaa;
aa;0.968,0.0329,0.512,0.581,0.917,0.95,0.6,0.723,0.9,0.316;aaaaaaa;
aaa;0.0905,0.817,0.675,0.592,0.284,0.131,0.551,0.282,0.488,0.156;aaaaaaaaaa;
aaa;0.229,0.835,0.872,0.305,0.0577,0.843,0.0184,0.414,0.772,0.295;aaaa;
a;0.00597,0.0868,0.394,0.55,0.00923,0.325,0.1,0.191,0.606,0.445;aaaaaaaa;
aaa;0.855,0.546,0.372,0.527,0.312,0.375,0.362,0.393,0.485,0.801;aaaa;
aa;0.968,0.0329,0.512,0.581,0.917,0.95,0.6,0.723,0.9,0.316;aaaaaa;
aaa;0.0905,0.817,0.675,0.592,0.284,0.131,0.551,0.282,0.488,0.156;aaa;
aaa;0.229,0.835,0.872,0.305,0.0577,0.843,0.0184,0.414,0.772,0.295;a;
a;0.00597,0.0868,0.394,0.55,0.00923,0.325,0.1,0.191,0.606,0.445;aaaa;
aaa;0.855,0.546,0.372,0.527,0.312,0.375,0.362,0.393,0.485,0.801;aaaa;
aa;0.968,0.0329,0.512,0.581,0.917,0.95,0.6,0.723,0.9,0.316;aa;
aaa;0.0905,0.817,0.675,0.592,0.284,0.131,0.551,0.282,0.488,0.156;aaa;
aaa;0.229,0.835,0.872,0.305,0.0577,0.843,0.0184,0.414,0.772,0.295;aaaa;
a;0.00597,0.0868,0.394,0.55,0.00923,0.325,0.1,0.191,0.606,0.445;aaa;
aaa;0.855,0.546,0.372,0.527,0.312,0.375,0.362,0.393,0.485,0.801;a;
aa;0.968,0.0329,0.512,0.581,0.917,0.95,0.6,0.723,0.9,0.316;aaaaaaaa;
aaa;0.0905,0.817,0.675,0.592,0.284,0.131,0.551,0.282,0.488,0.156;aaaaaa;
aaa;0.229,0.835,0.872,0.305,0.0577,0.843,0.0184,0.414,0.772,0.295;aaaaa;
a;0.00597,0.0868,0.394,0.55,0.00923,0.325,0.1,0.191,0.606,0.445;aaaaaaa;
aaa;0.855,0.546,0.372,0.527,0.312,0.375,0.362,0.393,0.485,0.801;aaaaa;
aa;0.968,0.0329,0.512,0.581,0.917,0.95,0.6,0.723,0.9,0.316;aaaa;
aaa;0.0905,0.817,0.675,0.592,0.284,0.131,0.551,0.282,0.488,0.156;aaaaaa;
aaa;0.229,0.835,0.872,0.305,0.0577,0.843,0.0184,0.414,0.772,0.295;aa;
a;0.00597,0.0868,0.394,0.55,0.00923,0.325,0.1,0.191,0.606,0.445;aaa;
aaa;0.855,0.546,0.372,0.527,0.312,0.375,0.362,0.393,0.485,0.801;aaaa;
aa;0.968,0.0329,0.512,0.581,0.917,0.95,0.6,0.723,0.9,0.316;aaaaaa;
aaa;0.0905,0.817,0.675,0.592,0.284,0.131,0.551,0.282,0.488,0.156;a;
aaa;0.229,0.835,0.872,0.305,0.0577,0.843,0.0184,0.414,0.772,0.295;aaaaaa;
a;0.00597,0.0868,0.394,0.55,0.00923,0.325,0.1,0.191,0.606,0.445;a;
aaa;0.855,0.546,0.372,0.527,0.312,0.375,0.362,0.393,0.485,0.801;aaaaa;
aa;0.968,0.0329,0.512,0.581,0.917,0.95,0.6,0.723,0.9,0.316;aaaaaaaaaa;
aaa;0.0905,0.817,0.675,0.592,0.284,0.131,0.551,0.282,0.488,0.156;aaaa;
aaa;0.229,0.835,0.872,0.305,0.0577,0.843,0.0184,0.414,0.772,0.295;aaaaaaaaaa;
a;0.00597,0.0868,0.394,0.55,0.00923,0.325,0.1,0.191,0.606,0.445;a;
aaa;0.855,0.546,0.372,0.527,0.312,0.375,0.362,0.393,0.485,0.801;aaaaaaaaa;
aa;0.968,0.0329,0.512,0.581,0.917,0.95,0.6,0.723,0.9,0.316;aaa;
aaa;0.0905,0.817,0.675,0.592,0.284,0.131,0.551,0.282,0.488,0.156;a;
aaa;0.229,0.835,0.872,0.305,0.0577,0.843,0.0184,0.414,0.772,0.295;aaaaaaaaa;
a;0.00597,0.0868,0.394,0.55,0.00923,0.325,0.1,0.191,0.606,0.445;aa;
aaa;0.855,0.546,0.372,0.527,0.312,0.375,0.362,0.393,0.485,0.801;aaaaaa;
aa;0.968,0.0329,0.512,0.581,0.917,0.95,0.6,0.723,0.9,0.316;aaaaaaa;
aaa;0.0905,0.817,0.675,0.592,0.284,0.131,0.551,0.282,0.488,0.156;aaaaa;
aaa;0.229,0.835,0.872,0.305,0.0577,0.843,0.0184,0.414,0.772,0.295;aaaaaaa;
a;0.00597,0.0868,0.394,0.55,0.00923,0.325,0.1,0.191,0.606,0.445;aaaaaaaa;
aaa;0.855,0.546,0.372,0.527,0.312,0.375,0.362,0.393,0.485,0.801;aaaa;
aa;0.968,0.0329,0.512,0.581,0.917,0.95,0.6,0.723,0.9,0.316;a;
aaa;0.0905,0.817,0.675,0.592,0.284,0.131,0.551,0.282,0.488,0.156;aaaaa;
aaa;0.229,0.835,0.872,0.305,0.0577,0.843,0.0184,0.414,0.772,0.295;aaaaa;
a;0.00597,0.0868,0.394,0.55,0.00923,0.325,0.1,0.191,0.606,0.445;aaaaaaa;
aaa;0.855,0.546,0.372,0.527,0.312,0.375,0.362,0.393,0.485,0.801;aaaa;
aa;0.968,0.0329,0.512,0.581,0.917,0.95,0.6,0.723,0.9,0.316;aaa;
aaa;0.0905,0.817,0.675,0.592,0.284,0.131,0.551,0.282,0.488,0.156;aaaaaaaa;
aaa;0.229,0.835,0.872,0.305,0.0577,0.843,0.0184,0.414,0.772,0.295;aaaaaa;
a;0.00597,0.0868,0.394,0.55,0.00923,0.325,0.1,0.191,0.606,0.445;a;
aaa;0.855,0.546,0.372,0.527,0.312,0.375,0.362,0.393,0.485,0.801;aaaaaa;
aa;0.968,0.0329,0.512,0.581,0.917,0.95,0.6,0.723,0.9,0.316;aaaaaaaaaa;
aaa;0.0905,0.817,0.675,0.592,0.284,0.131,0.551,0.282,0.488,0.156;aaaaaa;
aaa;0.229,0.835,0.872,0.305,0.0577,0.843,0.0184,0.414,0.772,0.295;aaaa;
a;0.00597,0.0868,0.394,0.55,0.00923,0.325,0.1,0.191,0.606,0.445;aaaaaaaaa;
aaa;0.855,0.546,0.372,0.527,0.312,0.375,0.362,0.393,0.485,0.801;aaaaaaaaa;
aa;0.968,0.0329,0.512,0.581,0.917,0.95,0.6,0.723,0.9,0.316;aaa;
aaa;0.0905,0.817,0.675,0.592,0.284,0.131,0.551,0.282,0.488,0.156;aaaaa;
aaa;0.229,0.835,0.872,0.305,0.0577,0.843,0.0184,0.414,0.772,0.295;a;
a;0.00597,0.0868,0.394,0.55,0.00923,0.325,0.1,0.191,0.606,0.445;aaaaaaaa;
aaa;0.855,0.546,0.372,0.527,0.312,0.375,0.362,0.393,0.485,0.801;aaaaaa;
aa;0.968,0.0329,0.512,0.581,0.917,0.95,0.6,0.723,0.9,0.316;aaaa;
aaa;0.0905,0.817,0.675,0.592,0.284,0.131,0.551,0.282,0.488,0.156;aaa;
aaa;0.229,0.835,0.872,0.305,0.0577,0.843,0.0184,0.414,0.772,0.295;aaaaaaaa;
a;0.00597,0.0868,0.394,0.55,0.00923,0.325,0.1,0.191,0.606,0.445;aaaaaaaaaa;
aaa;0.855,0.546,0.372,0.527,0.312,0.375,0.362,0.393,0.485,0.801;a;
aa;0.968,0.0329,0.512,0.581,0.917,0.95,0.6,0.723,0.9,0.316;aa;
aaa;0.0905,0.817,0.675,0.592,0.284,0.131,0.551,0.282,0.488,0.156;aaaaaaaaa;
aaa;0.229,0.835,0.872,0.305,0.0577,0.843,0.0184,0.414,0.772,0.295;aaaaa;
a;0.00597,0.0868,0.394,0.55,0.00923,0.325,0.1,0.191,0.606,0.445;aa;
aaa;0.855,0.546,0.372,0.527,0.312,0.375,0.362,0.393,0.485,0.801;aaa;
aa;0.968,0.0329,0.512,0.581,0.917,0.95,0.6,0.723,0.9,0.316;aaaaaaaaaa;
aaa;0.0905,0.817,0.675,0.592,0.284,0.131,0.551,0.282,0.488,0.156;aaaaaa;
aaa;0.229,0.835,0.872,0.305,0.0577,0.843,0.0184,0.414,0.772,0.295;a;
a;0.00597,0.0868,0.394,0.55,0.00923,0.325,0.1,0.191,0.606,0.445;aa;
aaa;0.855,0.546,0.372,0.527,0.312,0.375,0.362,0.393,0.485,0.801;aa;
aa;0.968,0.0329,0.512,0.581,0.917,0.95,0.6,0.723,0.9,0.316;aaaaa;
aaa;0.0905,0.817,0.675,0.592,0.284,0.131,0.551,0.282,0.488,0.156;aaa;
aaa;0.229,0.835,0.872,0.305,0.0577,0.843,0.0184,0.414,0.772,0.295;aaaaaaa;
a;0.00597,0.0868,0.394,0.55,0.00923,0.325,0.1,0.191,0.606,0.445;aaaaaaaa;
aaa;0.855,0.546,0.372,0.527,0.312,0.375,0.362,0.393,0.485,0.801;aaaaa;
aa;0.968,0.0329,0.512,0.581,0.917,0.95,0.6,0.723,0.9,0.316;aaaaaaaa;
aaa;0.0905,0.817,0.675,0.592,0.284,0.131,0.551,0.282,0.488,0.156;aaaa;
aaa;0.229,0.835,0.872,0.305,0.0577,0.843,0.0184,0.414,0.772,0.295;aaaaaaaaa;
a;0.00597,0.0868,0.394,0.55,0.00923,0.325,0.1,0.191,0.606,0.445;aaaaaaaaa;
aaa;0.855,0.546,0.372,0.527,0.312,0.375,0.362,0.393,0.485,0.801;aaaaaaaa;
aa;0.968,0.0329,0.512,0.581,0.917,0.95,0.6,0.723,0.9,0.316;aaaaaaaa;
aaa;0.0905,0.817,0.675,0.592,0.284,0.131,0.551,0.282,0.488,0.156;a;
aaa;0.229,0.835,0.872,0.305,0.0577,0.843,0.0184,0.414,0.772,0.295;aaaaaa;
a;0.00597,0.0868,0.394,0.55,0.00923,0.325,0.1,0.191,0.606,0.445;aa;
aaa;0.855,0.546,0.372,0.527,0.312,0.375,0.362,0.393,0.485,0.801;a;
aa;0.968,0.0329,0.512,0.581,0.917,0.95,0.6,0.723,0.9,0.316;aaaa;
aaa;0.0905,0.817,0.675,0.592,0.284,0.131,0.551,0.282,0.488,0.156;aaaaaaaa;
aaa;0.229,0.835,0.872,0.305,0.0577,0.843,0.0184,0.414,0.772,0.295;aaaaa;
a;0.00597,0.0868,0.394,0.55,0.00923,0.325,0.1,0.191,0.606,0.445;aaaaaaaa;
aaa;0.855,0.546,0.372,0.527,0.312,0.375,0.362,0.393,0.485,0.801;aaaaaaaaaa;
aa;0.968,0.0329,0.512,0.581,0.917,0.95,0.6,0.723,0.9,0.316;aaa;
aaa;0.0905,0.817,0.675,0.592,0.284,0.131,0.551,0.282,0.488,0.156;a;
aaa;0.229,0.835,0.872,0.305,0.0577,0.843,0.0184,0.414,0.772,0.295;aaaa;
a;0.00597,0.0868,0.394,0.55,0.00923,0.325,0.1,0.191,0.606,0.445;aa;
aaa;0.855,0.546,0.372,0.527,0.312,0.375,0.362,0.393,0.485,0.801;aa;
aa;0.968,0.0329,0.512,0.581,0.917,0.95,0.6,0.723,0.9,0.316;aaaaaaa;
aaa;0.0905,0.817,0.675,0.592,0.284,0.131,0.551,0.282,0.488,0.156;aaaaaa;
aaa;0.229,0.835,0.872,0.305,0.0577,0.843,0.0184,0.414,0.772,0.295;aa;
a;0.00597,0.0868,0.394,0.55,0.00923,0.325,0.1,0.191,0.606,0.445;aaaaaaaa;
aaa;0.855,0.546,0.372,0.527,0.312,0.375,0.362,0.393,0.485,0.801;aaaaa;
aa;0.968,0.0329,0.512,0.581,0.917,0.95,0.6,0.723,0.9,0.316;aaaaaaaaaa;
aaa;0.0905,0.817,0.675,0.592,0.284,0.131,0.551,0.282,0.488,0.156;aa;
aaa;0.229,0.835,0.872,0.305,0.0577,0.843,0.0184,0.414,0.772,0.295;aaaa;
a;0.00597,0.0868,0.394,0.55,0.00923,0.325,0.1,0.191,0.606,0.445;aa;
aaa;0.855,0.546,0.372,0.527,0.312,0.375,0.362,0.393,0.485,0.801;aaaaaaaaa;
aa;0.968,0.0329,0.512,0.581,0.917,0.95,0.6,0.723,0.9,0.316;a;
aaa;0.0905,0.817,0.675,0.592,0.284,0.131,0.551,0.282,0.488,0.156;aaaaaaa;
aaa;0.229,0.835,0.872,0.305,0.0577,0.843,0.0184,0.414,0.772,0.295;aaaaaaaa;
a;0.00597,0.0868,0.394,0.55,0.00923,0.325,0.1,0.191,0.606,0.445;aaaaaaaaaa;
aaa;0.855,0.546,0.372,0.527,0.312,0.375,0.362,0.393,0.485,0.801;aaaaa;
aa;0.968,0.0329,0.512,0.581,0.917,0.95,0.6,0.723,0.9,0.316;aaaa;
aaa;0.0905,0.817,0.675,0.592,0.284,0.131,0.551,0.282,0.488,0.156;aaaaaaaaaa;
aaa;0.229,0.835,0.872,0.305,0.0577,0.843,0.0184,0.414,0.772,0.295;aaaaaaaaa;
a;0.00597,0.0868,0.394,0.55,0.00923,0.325,0.1,0.191,0.606,0.445;aa;
aaa;0.855,0.546,0.372,0.527,0.312,0.375,0.362,0.393,0.485,0.801;aaaa;
aa;0.968,0.0329,0.512,0.581,0.917,0.95,0.6,0.723,0.9,0.316;aaaa;
aaa;0.0905,0.817,0.675,0.592,0.284,0.131,0.551,0.282,0.488,0.156;aa;
aaa;0.229,0.835,0.872,0.305,0.0577,0.843,0.0184,0.414,0.772,0.295;a;
a;0.00597,0.0868,0.394,0.55,0.00923,0.325,0.1,0.191,0.606,0.445;aaaaaa;
aaa;0.855,0.546,0.372,0.527,0.312,0.375,0.362,0.393,0.485,0.801;aaaaa;
aa;0.968,0.0329,0.512,0.581,0.917,0.95,0.6,0.723,0.9,0.316;aaaaaaa;
aaa;0.0905,0.817,0.675,0.592,0.284,0.131,0.551,0.282,0.488,0.156;aaaaaaaaa;
aaa;0.229,0.835,0.872,0.305,0.0577,0.843,0.0184,0.414,0.772,0.295;aa;
a;0.00597,0.0868,0.394,0.55,0.00923,0.325,0.1,0.191,0.606,0.445;aaa;
aaa;0.855,0.546,0.372,0.527,0.312,0.375,0.362,0.393,0.485,0.801;aaaaaaaaa;
aa;0.968,0.0329,0.512,0.581,0.917,0.95,0.6,0.723,0.9,0.316;aaaaa;
aaa;0.0905,0.817,0.675,0.592,0.284,0.131,0.551,0.282,0.488,0.156;aaa;
aaa;0.229,0.835,0.872,0.305,0.0577,0.843,0.0184,0.414,0.772,0.295;aaaaaaaaa;
a;0.00597,0.0868,0.394,0.55,0.00923,0.325,0.1,0.191,0.606,0.445;aaaaaaa;
aaa;0.855,0.546,0.372,0.527,0.312,0.375,0.362,0.393,0.485,0.801;aa;
aa;0.968,0.0329,0.512,0.581,0.917,0.95,0.6,0.723,0.9,0.316;aa;
aaa;0.0905,0.817,0.675,0.592,0.284,0.131,0.551,0.282,0.488,0.156;aaaaa;
aaa;0.229,0.835,0.872,0.305,0.0577,0.843,0.0184,0.414,0.772,0.295;aaaaaaa;
a;0.00597,0.0868,0.394,0.55,0.00923,0.325,0.1,0.191,0.606,0.445;aaaa;
aaa;0.855,0.546,0.372,0.527,0.312,0.375,0.362,0.393,0.485,0.801;aaaa;
aa;0.968,0.0329,0.512,0.581,0.917,0.95,0.6,0.723,0.9,0.316;a;
aaa;0.0905,0.817,0.675,0.592,0.284,0.131,0.551,0.282,0.488,0.156;aaaaaa;
aaa;0.229,0.835,0.872,0.305,0.0577,0.843,0.0184,0.414,0.772,0.295;aa;
a;0.00597,0.0868,0.394,0.55,0.00923,0.325,0.1,0.191,0.606,0.445;aa;
aaa;0.855,0.546,0.372,0.527,0.312,0.375,0.362,0.393,0.485,0.801;aaaaaaaaa;
aa;0.968,0.0329,0.512,0.581,0.917,0.95,0.6,0.723,0.9,0.316;aaaaaaaaa;
aaa;0.0905,0.817,0.675,0.592,0.284,0.131,0.551,0.282,0.488,0.156;aaaaaa;
aaa;0.229,0.835,0.872,0.305,0.0577,0.843,0.0184,0.414,0.772,0.295;aaaa;
a;0.00597,0.0868,0.394,0.55,0.00923,0.325,0.1,0.191,0.606,0.445;aaaaaa;
aaa;0.855,0.546,0.372,0.527,0.312,0.375,0.362,0.393,0.485,0.801;aaaa;
aa;0.968,0.0329,0.512,0.581,0.917,0.95,0.6,0.723,0.9,0.316;aaaaaaaaa;
aaa;0.0905,0.817,0.675,0.592,0.284,0.131,0.551,0.282,0.488,0.156;aaaa;
aaa;0.229,0.835,0.872,0.305,0.0577,0.843,0.0184,0.414,0.772,0.295;aaaaaa;
a;0.00597,0.0868,0.394,0.55,0.00923,0.325,0.1,0.191,0.606,0.445;aa;
aaa;0.855,0.546,0.372,0.527,0.312,0.375,0.362,0.393,0.485,0.801;aaaaaaaaa;
aa;0.968,0.0329,0.512,0.581,0.917,0.95,0.6,0.723,0.9,0.316;a;
aaa;0.0905,0.817,0.675,0.592,0.284,0.131,0.551,0.282,0.488,0.156;aa;
aaa;0.229,0.835,0.872,0.305,0.0577,0.843,0.0184,0.414,0.772,0.295;aaaaa;
a;0.00597,0.0868,0.394,0.55,0.00923,0.325,0.1,0.191,0.606,0.445;aaaa;
aaa;0.855,0.546,0.372,0.527,0.312,0.375,0.362,0.393,0.485,0.801;aaaaaaaaa;
aa;0.968,0.0329,0.512,0.581,0.917,0.95,0.6,0.723,0.9,0.316;a;
aaa;0.0905,0.817,0.675,0.592,0.284,0.131,0.551,0.282,0.488,0.156;aa;
aaa;0.229,0.835,0.872,0.305,0.0577,0.843,0.0184,0.414,0.772,0.295;a;
a;0.00597,0.0868,0.394,0.55,0.00923,0.325,0.1,0.191,0.606,0.445;aaaaaaaaaa;
aaa;0.855,0.546,0.372,0.527,0.312,0.375,0.362,0.393,0.485,0.801;a;
aa;0.968,0.0329,0.512,0.581,0.917,0.95,0.6,0.723,0.9,0.316;aaaaaa;
aaa;0.0905,0.817,0.675,0.592,0.284,0.131,0.551,0.282,0.488,0.156;aaa;
aaa;0.229,0.835,0.872,0.305,0.0577,0.843,0.0184,0.414,0.772,0.295;aaaaaaaa;
a;0.00597,0.0868,0.394,0.55,0.00923,0.325,0.1,0.191,0.606,0.445;aaa;
aaa;0.855,0.546,0.372,0.527,0.312,0.375,0.362,0.393,0.485,0.801;aaaaaaaaaa;
aa;0.968,0.0329,0.512,0.581,0.917,0.95,0.6,0.723,0.9,0.316;aaaa;
aaa;0.0905,0.817,0.675,0.592,0.284,0.131,0.551,0.282,0.488,0.156;aaaaaaaaa;
aaa;0.229,0.835,0.872,0.305,0.0577,0.843,0.0184,0.414,0.772,0.295;a;
a;0.00597,0.0868,0.394,0.55,0.00923,0.325,0.1,0.191,0.606,0.445;aaaaaaaa;
aaa;0.855,0.546,0.372,0.527,0.312,0.375,0.362,0.393,0.485,0.801;aa;
aa;0.968,0.0329,0.512,0.581,0.917,0.95,0.6,0.723,0.9,0.316;aa;
aaa;0.0905,0.817,0.675,0.592,0.284,0.131,0.551,0.282,0.488,0.156;aaaaaaaaaa;
aaa;0.229,0.835,0.872,0.305,0.0577,0.843,0.0184,0.414,0.772,0.295;aaaa;
a;0.00597,0.0868,0.394,0.55,0.00923,0.325,0.1,0.191,0.606,0.445;aaaaaaaaa;
aaa;0.855,0.546,0.372,0.527,0.312,0.375,0.362,0.393,0.485,0.801;aaaaaa;
aa;0.968,0.0329,0.512,0.581,0.917,0.95,0.6,0.723,0.9,0.316;aaa;
aaa;0.0905,0.817,0.675,0.592,0.284,0.131,0.551,0.282,0.488,0.156;aaaaaa;
aaa;0.229,0.835,0.872,0.305,0.0577,0.843,0.0184,0.414,0.772,0.295;aaaaaa;
a;0.00597,0.0868,0.394,0.55,0.00923,0.325,0.1,0.191,0.606,0.445;aaaaa;
aaa;0.855,0.546,0.372,0.527,0.312,0.375,0.362,0.393,0.485,0.801;a;
aa;0.968,0.0329,0.512,0.581,0.917,0.95,0.6,0.723,0.9,0.316;aaaaa;
aaa;0.0905,0.817,0.675,0.592,0.284,0.131,0.551,0.282,0.488,0.156;aaaaaa;
aaa;0.229,0.835,0.872,0.305,0.0577,0.843,0.0184,0.414,0.772,0.295;a;
a;0.00597,0.0868,0.394,0.55,0.00923,0.325,0.1,0.191,0.606,0.445;aaaaaaa;
aaa;0.855,0.546,0.372,0.527,0.312,0.375,0.362,0.393,0.485,0.801;aaa;
aa;0.968,0.0329,0.512,0.581,0.917,0.95,0.6,0.723,0.9,0.316;aaaaaaaaaa;
aaa;0.0905,0.817,0.675,0.592,0.284,0.131,0.551,0.282,0.488,0.156;aaaaaaaaaa;
aaa;0.229,0.835,0.872,0.305,0.0577,0.843,0.0184,0.414,0.772,0.295;aaaaaaaaa;
a;0.00597,0.0868,0.394,0.55,0.00923,0.325,0.1,0.191,0.606,0.445;aaa;
aaa;0.855,0.546,0.372,0.527,0.312,0.375,0.362,0.393,0.485,0.801;aaaaaaaaa;
aa;0.968,0.0329,0.512,0.581,0.917,0.95,0.6,0.723,0.9,0.316;aaa;
aaa;0.0905,0.817,0.675,0.592,0.284,0.131,0.551,0.282,0.488,0.156;aaaaaaaa;
aaa;0.229,0.835,0.872,0.305,0.0577,0.843,0.0184,0.414,0.772,0.295;aaaaaaaa;
a;0.00597,0.0868,0.394,0.55,0.00923,0.325,0.1,0.191,0.606,0.445;aaaaaa;
aaa;0.855,0.546,0.372,0.527,0.312,0.375,0.362,0.393,0.485,0.801;aa;
aa;0.968,0.0329,0.512,0.581,0.917,0.95,0.6,0.723,0.9,0.316;aa;
aaa;0.0905,0.817,0.675,0.592,0.284,0.131,0.551,0.282,0.488,0.156;aaaaa;
aaa;0.229,0.835,0.872,0.305,0.0577,0.843,0.0184,0.414,0.772,0.295;aaaaaaaaa;
a;0.00597,0.0868,0.394,0.55,0.00923,0.325,0.1,0.191,0.606,0.445;aaaaaaa;
aaa;0.855,0.546,0.372,0.527,0.312,0.375,0.362,0.393,0.485,0.801;aa;
aa;0.968,0.0329,0.512,0.581,0.917,0.95,0.6,0.723,0.9,0.316;aaaaaaaa;
aaa;0.0905,0.817,0.675,0.592,0.284,0.131,0.551,0.282,0.488,0.156;a;
aaa;0.229,0.835,0.872,0.305,0.0577,0.843,0.0184,0.414,0.772,0.295;aa;
a;0.00597,0.0868,0.394,0.55,0.00923,0.325,0.1,0.191,0.606,0.445;aaaaa;
aaa;0.855,0.546,0.372,0.527,0.312,0.375,0.362,0.393,0.485,0.801;aaaaaaaa;
aa;0.968,0.0329,0.512,0.581,0.917,0.95,0.6,0.723,0.9,0.316;aaa;
aaa;0.0905,0.817,0.675,0.592,0.284,0.131,0.551,0.282,0.488,0.156;aaa;
aaa;0.229,0.835,0.872,0.305,0.0577,0.843,0.0184,0.414,0.772,0.295;aaaaa;
a;0.00597,0.0868,0.394,0.55,0.00923,0.325,0.1,0.191,0.606,0.445;aaaaaaa;
aaa;0.855,0.546,0.372,0.527,0.312,0.375,0.362,0.393,0.485,0.801;aaa;
aa;0.968,0.0329,0.512,0.581,0.917,0.95,0.6,0.723,0.9,0.316;aaaaaaa;
aaa;0.0905,0.817,0.675,0.592,0.284,0.131,0.551,0.282,0.488,0.156;aaa;
aaa;0.229,0.835,0.872,0.305,0.0577,0.843,0.0184,0.414,0.772,0.295;aaaaaaaaaa;
a;0.00597,0.0868,0.394,0.55,0.00923,0.325,0.1,0.191,0.606,0.445;aaa;
aaa;0.855,0.546,0.372,0.527,0.312,0.375,0.362,0.393,0.485,0.801;a;
aa;0.968,0.0329,0.512,0.581,0.917,0.95,0.6,0.723,0.9,0.316;aa;
aaa;0.0905,0.817,0.675,0.592,0.284,0.131,0.551,0.282,0.488,0.156;aaaaaaaaa;
aaa;0.229,0.835,0.872,0.305,0.0577,0.843,0.0184,0.414,0.772,0.295;aaaaaaaaaa;
a;0.00597,0.0868,0.394,0.55,0.00923,0.325,0.1,0.191,0.606,0.445;aaa;
aaa;0.855,0.546,0.372,0.527,0.312,0.375,0.362,0.393,0.485,0.801;aaaaa;
aa;0.968,0.0329,0.512,0.581,0.917,0.95,0.6,0.723,0.9,0.316;aaaaaaaaa;
aaa;0.0905,0.817,0.675,0.592,0.284,0.131,0.551,0.282,0.488,0.156;a;
aaa;0.229,0.835,0.872,0.305,0.0577,0.843,0.0184,0.414,0.772,0.295;aaaaaaaa;
a;0.00597,0.0868,0.394,0.55,0.00923,0.325,0.1,0.191,0.606,0.445;aaaaaaaa;
aaa;0.855,0.546,0.372,0.527,0.312,0.375,0.362,0.393,0.485,0.801;aaaaaaaaaa;
aa;0.968,0.0329,0.512,0.581,0.917,0.95,0.6,0.723,0.9,0.316;aaaaaa;
aaa;0.0905,0.817,0.675,0.592,0.284,0.131,0.551,0.282,0.488,0.156;aaaaaa;
aaa;0.229,0.835,0.872,0.305,0.0577,0.843,0.0184,0.414,0.772,0.295;aaaa;
a;0.00597,0.0868,0.394,0.55,0.00923,0.325,0.1,0.191,0.606,0.445;aaaaa;
aaa;0.855,0.546,0.372,0.527,0.312,0.375,0.362,0.393,0.485,0.801;aa;
aa;0.968,0.0329,0.512,0.581,0.917,0.95,0.6,0.723,0.9,0.316;aaaaa;
aaa;0.0905,0.817,0.675,0.592,0.284,0.131,0.551,0.282,0.488,0.156;aaa;
aaa;0.229,0.835,0.872,0.305,0.0577,0.843,0.0184,0.414,0.772,0.295;aaaaaa;
a;0.00597,0.0868,0.394,0.55,0.00923,0.325,0.1,0.191,0.606,0.445;aa;
aaa;0.855,0.546,0.372,0.527,0.312,0.375,0.362,0.393,0.485,0.801;aaaaaaaa;
aa;0.968,0.0329,0.512,0.581,0.917,0.95,0.6,0.723,0.9,0.316;a;
aaa;0.0905,0.817,0.675,0.592,0.284,0.131,0.551,0.282,0.488,0.156;aaaaaa;
aaa;0.229,0.835,0.872,0.305,0.0577,0.843,0.0184,0.414,0.772,0.295;aaa;
a;0.00597,0.0868,0.394,0.55,0.00923,0.325,0.1,0.191,0.606,0.445;aaaaaaa;
aaa;0.855,0.546,0.372,0.527,0.312,0.375,0.362,0.393,0.485,0.801;aaaaaaaaa;
aa;0.968,0.0329,0.512,0.581,0.917,0.95,0.6,0.723,0.9,0.316;aaaaaa;
aaa;0.0905,0.817,0.675,0.592,0.284,0.131,0.551,0.282,0.488,0.156;aa;
aaa;0.229,0.835,0.872,0.305,0.0577,0.843,0.0184,0.414,0.772,0.295;aaaaaaaa;
a;0.00597,0.0868,0.394,0.55,0.00923,0.325,0.1,0.191,0.606,0.445;aaa;
aaa;0.855,0.546,0.372,0.527,0.312,0.375,0.362,0.393,0.485,0.801;aaaaa;
aa;0.968,0.0329,0.512,0.581,0.917,0.95,0.6,0.723,0.9,0.316;aaaaaaaaa;
aaa;0.0905,0.817,0.675,0.592,0.284,0.131,0.551,0.282,0.488,0.156;aaa;
aaa;0.229,0.835,0.872,0.305,0.0577,0.843,0.0184,0.414,0.772,0.295;aaaaaa;
a;0.00597,0.0868,0.394,0.55,0.00923,0.325,0.1,0.191,0.606,0.445;aaaa;
aaa;0.855,0.546,0.372,0.527,0.312,0.375,0.362,0.393,0.485,0.801;aaaaaaaaa;
aa;0.968,0.0329,0.512,0.581,0.917,0.95,0.6,0.723,0.9,0.316;aaaaa;
aaa;0.0905,0.817,0.675,0.592,0.284,0.131,0.551,0.282,0.488,0.156;aaaaaaa;
aaa;0.229,0.835,0.872,0.305,0.0577,0.843,0.0184,0.414,0.772,0.295;aaaa;
a;0.00597,0.0868,0.394,0.55,0.00923,0.325,0.1,0.191,0.606,0.445;aaaaaaaa;
aaa;0.855,0.546,0.372,0.527,0.312,0.375,0.362,0.393,0.485,0.801;aaaaaaaaaa;
aa;0.968,0.0329,0.512,0.581,0.917,0.95,0.6,0.723,0.9,0.316;aaaa;
aaa;0.0905,0.817,0.675,0.592,0.284,0.131,0.551,0.282,0.488,0.156;aa;
aaa;0.229,0.835,0.872,0.305,0.0577,0.843,0.0184,0.414,0.772,0.295;aaa;
a;0.00597,0.0868,0.394,0.55,0.00923,0.325,0.1,0.191,0.606,0.445;aaaaa;
aaa;0.855,0.546,0.372,0.527,0.312,0.375,0.362,0.393,0.485,0.801;aaaaaaaa;
