ATT0(string,5);ATT1(float,10);ATT2(string,10);
aaa;0.823,0.568,0.385,0.982,0.39,0.861,0.109,0.115,0.898,0.75;aaaa;
a;0.606,0.253,0.421,0.952,0.649,0.943,0.77,0.796,0.535,0.874;aaaaaaa;
a;0.189,0.185,0.359,0.859,0.402,0.679,0.379,0.604,0.552,0.581;a;
aaaaa;0.287,0.458,0.895,0.504,0.124,0.939,0.374,0.156,0.985,0.0832;aaa;
aaaa;0.745,0.541,0.124,0.718,0.364,0.0785,0.761,0.244,0.603,0.579;aaaaaa;
aaaaa;0.0357,0.766,0.472,0.523,0.532,0.89,0.983,0.417,0.0298,0.352;aa;
aaaaa;0.354,0.364,0.924,0.319,0.24,0.339,0.493,0.164,0.161,0.292;aaaaaaaaa;
aaaa;0.977,0.397,0.517,0.961,0.295,0.999,0.248,0.369,0.72,0.609;a;
aaaa;0.509,0.675,0.448,0.623,0.921,0.76,0.304,0.801,0.293,0.331;a;
aa;0.768,0.701,0.632,0.371,0.347,0.447,0.789,0.977,0.393,0.95;aa;
aa;0.402,0.766,0.655,0.47,0.722,0.873,0.508,0.0532,0.135,0.354;aaaaaaaaaa;
a;0.0861,0.674,0.771,0.801,0.218,0.369,0.418,0.211,0.651,0.984;aaaaaaaaaa;
a;0.137,0.265,0.29,0.458,0.904,0.0379,0.421,0.42,0.829,0.0454;aaa;
aaaaa;0.829,0.276,0.23,0.803,0.462,0.643,0.155,0.0035,0.0474,0.419;aaaaaaaaaa;
a;0.342,0.23,0.615,0.588,0.421,0.333,0.856,0.482,0.753,0.461;aaaaaa;
aa;0.129,0.575,0.956,0.7,0.165,0.558,0.187,0.779,0.878,0.848;aa;
aa;0.608,0.43,0.749,0.312,0.36,0.822,0.565,0.329,0.0311,0.849;aaaaaaa;
a;0.884,0.369,0.743,0.473,0.493,0.228,0.666,0.292,0.398,0.425;aaaaaaa;
a;0.954,0.647,0.0822,0.22,0.488,0.614,0.229,0.244,0.983,0.688;aaa;
aaaaa;0.746,0.761,0.832,0.171,0.464,0.443,0.394,0.294,0.45,0.81;aaaaaaaa;
aaa;0.108,0.121,0.542,0.791,0.0422,0.416,0.856,0.91,0.455,0.821;a;
aaa;0.833,0.452,0.496,0.435,0.473,0.0148,0.913,0.248,0.542,0.786;aaa;
aaa;0.977,0.817,0.614,0.189,0.848,0.703,0.509,0.159,0.763,0.831;aaaaaaa;
aaaa;0.712,0.175,0.639,0.155,0.102,0.958,0.817,0.224,0.861,0.193;aaaaaaa;
aaaaa;0.0702,0.876,0.692,0.536,0.887,0.614,0.474,0.866,0.215,0.476;aaaaaaaa;
a;0.413,0.137,0.837,0.29,0.869,0.826,0.269,0.0394,0.566,0.381;aaaaaaa;
aaa;0.186,0.871,0.256,0.795,0.134,0.971,0.0704,0.443,0.626,0.661;aaaaaaaaa;
aaaaa;0.708,0.467,0.3,0.433,0.197,0.919,0.621,0.183,0.798,0.68;aa;
aaa;0.954,0.351,0.307,0.184,0.44,0.138,0.646,0.324,0.647,0.518;aaaaaaaa;
aaa;0.554,0.103,0.454,0.0874,0.846,0.393,0.411,0.249,0.849,0.987;aaaaaaaa;
a;0.324,0.942,0.961,0.0731,0.83,0.645,0.55,0.371,0.218,0.127;aaaaaaaaa;
aa;0.347,0.162,0.529,0.316,0.101,0.175,0.484,0.478,0.854,0.874;aaaa;
aaa;0.65,0.246,0.215,0.0834,0.411,0.83,0.991,0.209,0.852,0.619;aaa;
a;0.79,0.438,0.683,0.686,0.672,0.374,0.79,0.28,0.836,0.292;a;
aa;0.695,0.236,0.787,0.7,0.887,0.926,0.987,0.81,0.394,0.82;aaaaa;
aaaa;0.921,0.904,0.982,0.375,0.0734,0.162,0.662,0.897,0.717,0.0208;a;
a;0.271,0.785,0.883,0.931,0.58,0.159,0.31,0.341,0.967,0.539;aaa;
a;0.955,0.951,0.503,0.402,0.348,0.662,0.637,0.324,0.564,0.913;aaaaaaaaaa;
aaaaa;0.164,0.417,0.647,0.577,0.206,0.549,0.992,0.0492,0.888,0.824;aaaaaaaa;
aaa;0.709,0.214,0.816,0.268,0.162,0.515,0.499,0.874,0.611,0.821;aaaa;
aaaaa;0.412,0.213,0.609,0.986,0.428,0.0843,0.844,0.0354,0.286,0.407;aaaaaaaaaa;
a;0.0754,0.731,0.653,0.792,0.994,0.553,0.885,0.982,0.888,0.358;aa;
aaaa;0.382,0.736,0.957,0.463,0.747,0.726,0.302,0.843,0.43,0.68;aaaa;
aaaa;0.756,0.315,0.776,0.138,0.1,0.634,0.377,0.78,0.756,0.608;aaaaaa;
aaaa;0.606,0.0717,0.957,0.0942,0.828,0.0196,0.167,0.261,0.129,0.706;aa;
aaaa;0.905,0.668,0.02,0.87,0.166,0.325,0.692,0.904,0.0514,0.985;aaaaaaaaaa;
a;0.495,0.743,0.0207,0.199,0.742,0.874,0.955,0.939,0.878,0.0502;aaaaaaaa;
aaaa;0.788,0.354,0.781,0.412,0.435,0.771,0.69,0.619,0.648,0.665;a;
aaa;0.163,0.00317,0.592,0.809,0.724,0.85,0.972,0.12,0.388,0.0517;aaaaaaaa;
aaaaa;0.77,0.189,0.102,0.278,0.159,0.316,0.623,0.0238,0.0864,0.34;aaaaaaa;
aaaaa;0.572,0.0246,0.974,0.344,0.994,0.28,0.662,0.0533,0.423,0.535;aaaa;
aaaaa;0.812,0.61,0.849,0.23,0.0758,0.986,0.732,0.0883,0.386,0.413;aa;
aa;0.111,0.938,0.698,0.622,0.697,0.444,0.826,0.29,0.874,0.902;aaaa;
aaa;0.913,0.568,0.647,0.902,0.427,0.144,0.704,0.81,0.0623,0.532;aaaaaa;
aaaa;0.789,0.975,0.671,0.208,0.641,0.953,0.0715,0.322,0.282,0.452;aaaaaaa;
a;0.852,0.954,0.718,0.311,0.281,0.192,0.425,0.492,0.362,0.558;aaaaaaa;
aaaa;0.876,0.576,0.811,0.864,0.184,0.709,0.37,0.717,0.605,0.757;aaaaaaa;
a;0.343,0.945,0.364,0.77,0.0327,0.718,0.549,0.562,0.33,0.117;a;
aa;0.488,0.00742,0.723,0.645,0.718,0.0334,0.191,0.168,0.973,0.079;aaaa;
aaaaa;0.0808,0.00169,0.944,0.228,0.231,0.573,0.0165,0.877,0.115,0.977;aaaaaaa;
a;0.284,0.131,0.903,0.255,0.843,0.347,0.349,0.0418,0.966,0.76;a;
a;0.878,0.199,0.0711,0.387,0.311,0.632,0.947,0.339,0.325,0.712;aaaaaaa;
aaaaa;0.291,0.605,0.804,0.262,0.934,0.42,0.297,0.538,0.0303,0.482;aa;
aaaa;0.448,0.264,0.443,0.545,0.252,0.245,0.759,0.312,0.671,0.593;aaaaa;
aaaa;0.827,0.864,0.694,0.824,0.717,0.84,0.604,0.296,0.136,0.0324;aaaa;
aa;0.38,0.575,0.199,0.198,0.113,0.204,0.0484,0.975,0.552,0.128;aaaaaa;
a;0.653,0.719,0.057,0.211,0.939,0.00534,0.116,0.0159,0.0375,0.825;aaaaaaaa;
aa;0.657,0.822,0.969,0.496,0.677,0.682,0.668,0.129,0.208,0.157;a;
aaa;0.199,0.795,0.741,0.632,0.116,0.521,0.363,0.811,0.194,0.902;aaaaaaaa;
aa;0.545,0.439,0.672,0.552,0.682,0.187,0.86,0.837,0.591,0.206;aaaaa;
aa;0.998,0.961,0.525,0.689,0.957,0.95,0.143,0.857,0.79,0.587;aaa;
aa;0.479,0.531,0.562,0.371,0.0544,0.000352,0.119,0.969,0.911,0.959;aaaaaaaaa;
a;0.134,0.887,0.362,0.57,0.231,0.409,0.183,0.963,0.27,0.876;aaaaaaaaaa;
aaaaa;0.106,0.138,0.535,0.891,0.825,0.953,0.00963,0.275,0.913,0.474;aaaaa;
aa;0.313,0.194,0.369,0.644,0.555,0.351,0.906,0.719,0.887,0.524;aaaaaaaa;
a;0.198,0.287,0.201,0.413,0.04,0.466,0.367,0.00763,0.116,0.286;aaaaaa;
aa;0.852,0.0124,0.604,0.608,0.678,0.872,0.578,0.00412,0.709,0.452;aaaaaaa;
aaa;0.703,0.584,0.818,0.647,0.451,0.6,0.893,0.596,0.376,0.13;aa;
aaaaa;0.683,0.74,0.313,0.876,0.366,0.0107,0.14,0.146,0.992,0.063;aaaaaa;
aaa;0.749,0.431,0.943,0.162,0.236,0.836,0.957,0.431,0.971,0.427;aaaaaaaaa;
aaa;0.476,0.124,0.664,0.932,0.384,0.325,0.627,0.996,0.579,0.382;aaaaaaaaaa;
a;0.898,1,0.331,0.0753,0.351,0.672,0.727,0.357,0.813,0.399;aaaaaaa;
aaa;0.355,0.167,0.135,0.428,0.704,0.234,0.475,0.203,0.136,0.111;aa;
aa;0.993,0.326,0.33,0.75,0.938,0.02,0.746,0.552,0.343,0.0531;aaaaaaaaaa;
aaa;0.625,0.227,0.0726,0.551,0.448,0.529,0.456,0.294,0.0867,0.0198;aaaaaaaaa;
aaa;0.136,0.804,0.773,0.69,0.142,0.877,0.922,0.97,0.124,0.284;aaaaa;
aaa;0.815,0.616,0.179,0.276,0.244,0.605,0.451,0.671,0.85,0.83;aaaaaaa;
aaaa;0.781,0.74,0.403,0.0977,0.336,0.949,0.734,0.0922,0.55,0.102;aaaaaaaaa;
aaa;0.246,0.315,0.695,0.737,0.417,0.0287,0.886,0.165,0.681,0.319;aaaaaaaaaa;
a;0.616,0.613,0.132,0.43,0.405,0.677,0.53,0.864,0.205,0.463;aaaaaa;
aaaa;0.545,0.985,0.255,0.984,0.103,0.0662,0.954,0.172,0.408,0.039;aaaaaaaaaa;
aaa;0.864,0.644,0.47,0.848,0.646,0.744,0.859,0.871,0.192,0.642;aaaaaaa;
a;0.062,0.856,0.747,0.758,0.0317,0.312,0.829,0.0634,0.887,0.614;aaa;
aaaaa;0.958,0.152,0.802,0.0964,0.841,0.953,0.45,0.957,0.68,0.665;aaa;
aaaaa;0.377,0.274,0.171,0.186,0.0512,0.469,0.399,0.447,0.126,0.404;a;
aa;0.0688,0.52,0.357,0.466,0.727,0.468,0.136,0.334,0.17,0.628;aaaaaaaaa;
aaaa;0.669,0.441,0.21,0.511,0.782,0.248,0.597,0.0804,0.541,0.2;aaaaaaaa;
aaaaa;0.12,0.185,0.542,0.302,0.0712,0.167,0.188,0.829,0.47,0.0763;a;
aaaaa;0.179,0.033,0.0923,0.00383,0.0519,0.222,0.827,0.547,0.389,0.0618;aaaaaaaa;
a;0.898,0.957,0.781,0.0421,0.797,0.355,0.447,0.794,0.726,0.95;aa;
aa;0.738,0.853,0.377,0.857,0.969,0.195,0.155,0.464,0.385,0.723;aaaa;
a;0.3,0.189,0.748,0.674,0.0414,0.64,0.678,0.303,0.612,0.556;aaaa;
aaaa;0.009,0.407,0.176,0.0988,0.118,0.0298,0.5,0.988,0.692,0.9;aaaaa;
aa;0.0618,0.983,0.821,0.443,0.879,0.168,0.23,0.943,0.51,0.795;aaaa;
aa;0.609,0.572,0.857,0.165,0.592,0.162,0.103,0.00273,0.518,0.12;aaaaaaaaa;
aaaa;0.239,0.0526,0.767,0.489,0.905,0.853,0.864,0.178,0.46,0.296;aaaaaaa;
aaaa;0.0447,0.413,0.425,0.686,0.227,0.792,0.114,0.161,0.925,0.397;aaaa;
aaaa;0.0502,0.139,0.808,0.132,0.542,0.345,0.0198,0.586,0.216,0.643;aaaaaaaa;
aaa;0.345,0.00136,0.0256,0.298,0.326,0.244,0.0703,0.859,0.731,0.777;aaaaaa;
aaaa;0.138,0.258,0.551,0.785,0.702,0.0852,0.425,0.261,0.222,0.416;aaaaaa;
a;0.623,0.748,0.399,0.47,0.226,0.267,0.673,0.909,0.176,0.59;aaaaaaaaaa;
aaaa;0.345,0.204,0.481,0.0694,0.927,0.534,0.964,0.557,0.924,0.316;aaaaaa;
aaaa;0.454,0.395,0.39,0.191,0.288,0.858,0.0505,0.794,0.477,0.0262;aaaaaa;
aaaaa;0.934,0.928,0.0797,0.152,0.25,0.577,0.748,0.473,0.102,0.799;aaaaaaaaaa;
a;0.604,0.2,0.462,0.802,0.457,0.433,0.488,0.73,0.464,0.945;aaaaaaa;
a;0.77,0.405,0.343,0.457,0.375,0.64,0.907,0.587,0.458,0.265;aaaaaaaaaa;
aaa;0.95,0.64,0.802,0.234,0.00113,0.616,0.991,0.914,0.898,0.381;aaaaaaaaaa;
aa;0.75,0.211,0.296,0.018,0.28,0.418,0.926,0.372,0.617,0.0435;aaaaaaaaa;
aaa;0.618,0.792,0.508,0.256,0.436,0.547,0.321,0.717,0.423,0.64;a;
aaaaa;0.837,0.247,0.362,0.337,0.959,0.819,0.589,0.96,0.75,0.128;aaaaaaaaa;
aa;0.317,0.142,0.081,0.879,0.515,0.352,0.016,0.0591,0.421,0.0145;a;
aaa;0.991,0.753,0.792,0.0256,0.566,0.828,0.689,0.353,0.0712,0.0601;aaa;
aaaa;0.154,0.438,0.895,0.385,0.461,0.677,0.641,0.485,0.175,0.248;aaaa;
aaaaa;0.473,0.0122,0.0191,0.975,0.649,0.128,0.117,0.7,0.269,0.907;a;
aaa;0.0569,0.505,0.874,0.203,0.272,0.928,0.241,0.513,0.304,0.518;aaaaaaaaa;
aaaa;0.322,0.235,0.0414,0.525,0.835,0.314,0.237,0.855,0.14,0.521;aaaaa;
a;0.783,0.975,0.644,0.353,0.907,0.984,0.366,0.335,0.74,0.476;aaaa;
a;0.404,0.0377,0.175,0.991,0.884,0.515,0.254,0.549,0.547,0.566;aaaaa;
aaaa;0.432,0.395,0.165,0.73,0.635,0.912,0.512,0.28,0.347,0.657;aaa;
a;0.745,0.853,0.549,0.898,0.499,0.346,0.652,0.611,0.583,0.748;aa;
aaa;0.361,0.906,0.324,0.704,0.102,0.197,0.846,0.0982,0.249,0.498;aaaaa;
aaaa;0.808,0.93,0.133,0.883,0.8,0.959,0.305,0.888,0.163,0.313;aaaaa;
aa;0.0246,0.291,0.863,0.422,0.703,0.479,0.242,0.343,0.46,0.0796;aaaaa;
aaaa;0.819,0.927,0.356,0.891,0.402,0.92,0.802,0.3,0.542,0.669;aa;
a;0.0781,0.321,0.179,0.423,0.498,0.551,0.848,0.21,0.806,0.461;aaaaaa;
aaaa;0.923,0.392,0.211,0.605,0.304,0.372,0.0526,0.442,0.509,0.143;aaa;
aa;0.282,0.0486,0.517,0.783,0.269,0.726,0.522,0.947,0.532,0.923;aa;
aaaa;0.642,0.186,0.563,0.877,0.547,0.367,0.547,0.54,0.222,0.666;aaaaaaaaa;
aaa;0.849,0.104,0.7,0.229,0.723,0.00652,0.496,0.265,0.00283,0.174;a;
aaa;0.254,0.716,0.205,0.975,0.551,0.944,0.566,0.938,0.986,0.795;aaaaa;
aaa;0.955,0.762,0.503,0.831,0.339,0.808,0.725,0.327,0.0152,0.859;aaaaaa;
aaa;0.0434,0.357,0.439,0.579,0.522,0.26,0.136,0.228,0.497,0.0654;aaaaaa;
aa;0.251,0.6,0.0184,0.111,0.921,0.843,0.458,0.551,0.772,0.949;aaa;
aaaaa;0.718,0.908,0.119,0.758,0.292,0.875,0.187,0.607,0.545,0.86;aaa;
aaaaa;0.696,0.275,0.484,0.942,0.525,0.159,0.342,0.665,0.492,0.362;aaaaaa;
a;0.871,0.0333,0.586,0.188,0.338,0.968,0.911,0.664,0.948,0.192;aaa;
aaaa;0.359,0.844,0.208,0.768,0.669,0.725,0.679,0.353,0.92,0.357;aaaaaaa;
aaa;0.732,0.417,0.721,0.356,0.714,0.686,0.583,0.248,0.0895,0.153;aaaaaaaaa;
aaaaa;0.643,0.323,0.32,0.612,0.438,0.173,0.176,0.573,0.649,0.174;aa;
aaaa;0.476,0.216,0.462,0.921,0.786,0.421,0.986,0.681,0.638,0.993;aaaaaaaaaa;
aaaaa;0.798,0.337,0.985,0.927,0.527,0.79,0.0657,0.05,0.553,0.611;aa;
aaaa;0.7,0.319,0.484,0.0207,0.935,0.329,0.21,0.589,0.193,0.194;aaaa;
aaa;0.548,0.677,0.152,0.347,0.946,0.387,0.338,0.255,0.359,0.608;aaaaaaaa;
aaa;0.503,0.0515,0.579,0.769,0.101,0.672,0.937,0.535,0.715,0.328;aaaaaaaaa;
aaa;0.086,0.309,0.819,0.541,0.314,0.952,0.83,0.738,0.24,0.0313;aaaa;
aa;0.617,0.612,0.668,0.87,0.905,0.68,0.879,0.921,0.874,0.408;aaaaaaaaaa;
aa;0.486,0.231,0.959,0.178,0.195,0.677,0.265,0.812,0.444,0.167;aaaaaaaa;
aaa;0.418,0.918,0.372,0.322,0.321,0.578,0.773,0.869,0.317,0.678;aaaaaaaaa;
a;0.625,0.0354,0.255,0.864,0.663,0.454,0.87,0.727,0.965,0.964;aaaaaaa;
aaaa;0.646,0.677,0.816,0.427,0.245,0.701,0.814,0.708,0.0454,0.44;aaaaaaaa;
a;0.741,0.921,0.637,0.808,0.709,0.364,0.424,0.94,0.588,0.301;aaaaa;
aa;0.512,0.452,0.709,0.62,0.801,0.208,0.839,0.857,0.649,0.775;aaaaaaa;
aaaaa;0.315,0.106,0.584,0.039,0.572,0.314,0.986,0.988,0.0304,0.153;aaaaaaaaaa;
aaaaa;0.958,0.246,0.97,0.417,0.852,0.96,0.208,0.761,0.678,0.199;aaaaaaa;
aaa;0.855,0.59,0.0558,0.429,0.0399,0.05,0.49,0.463,0.999,0.0673;aaaaaaaaaa;
aaaa;0.258,0.891,0.635,0.123,0.193,0.626,0.794,0.19,0.134,0.821;aaaaaaaa;
aaaa;0.739,0.878,0.337,0.436,0.339,0.454,0.175,0.846,0.431,0.0275;aa;
aaa;0.753,0.911,0.0888,0.866,0.448,0.747,0.262,0.987,0.888,0.528;aaaaaaaaaa;
aaaaa;0.613,0.475,0.0281,0.195,0.862,0.71,0.181,0.942,0.16,0.427;aa;
aa;0.115,0.98,0.00442,0.975,0.834,0.511,0.722,0.812,0.866,0.854;aaaaaaaaa;
aaa;0.336,0.0469,0.433,0.506,0.32,0.492,0.159,0.566,0.82,0.698;aa;
aaaaa;0.183,0.451,0.878,0.113,0.375,0.713,0.142,0.955,0.0424,0.0449;aa;
aaaa;0.545,0.315,0.866,0.109,0.352,0.763,0.203,0.243,0.588,0.138;aaaaaaa;
a;0.43,0.047,0.373,0.796,0.0768,0.836,0.499,0.171,0.709,0.216;aaaaaaaaa;
aaaa;0.812,0.377,0.363,0.12,0.408,0.303,0.754,0.715,0.564,0.0244;aaaaaaaa;
aaa;0.655,0.203,0.963,0.469,0.454,0.304,0.526,0.486,0.991,0.653;aaa;
aa;0.816,0.405,0.223,0.632,0.833,0.926,0.38,0.594,0.469,0.246;a;
aa;0.436,0.749,0.654,0.698,0.368,0.563,0.186,0.321,0.302,0.758;aa;
aaaa;0.902,0.635,0.268,0.567,0.392,0.486,0.834,0.387,0.271,0.752;a;
aa;0.11,0.918,0.0182,0.133,0.995,0.0829,0.186,0.469,0.431,0.686;aaaa;
aaaa;0.0902,0.133,0.855,0.876,0.24,0.564,0.215,0.767,0.747,0.62;a;
aaaaa;0.692,0.114,0.0922,0.496,0.907,0.782,0.978,0.897,0.604,0.74;aaaaa;
aaa;0.546,0.844,0.387,0.966,0.321,0.704,0.356,0.558,0.452,0.71;a;
aa;0.834,0.119,0.482,0.514,0.842,0.634,0.0858,0.272,0.521,0.66;aaaaaaaaa;
aaaa;0.466,0.831,0.135,0.669,0.887,0.25,0.482,0.867,0.269,0.00433;aaaaaaa;
aa;0.911,0.407,0.597,0.321,0.537,0.0762,0.0196,0.176,0.111,0.766;aaaaa;
aa;0.0735,0.547,0.833,0.446,0.578,0.386,0.257,0.856,0.494,0.802;aaaaaa;
aa;0.0542,0.622,0.854,0.455,0.983,0.238,0.218,0.222,0.449,0.906;aaaaaa;
aaa;0.0941,0.0879,0.335,0.785,0.736,0.932,0.501,0.797,0.995,0.805;aaaaaaaaaa;
aa;0.646,0.917,0.66,0.257,0.884,0.855,0.619,0.806,0.549,0.649;aaaaaaa;
aaaa;0.153,0.308,0.51,0.187,0.791,0.321,0.865,0.6,0.0122,0.792;aaaaaaa;
a;0.582,0.019,0.47,0.539,0.738,0.0445,0.904,0.511,0.276,0.539;aaaaa;
aaaaa;0.153,0.484,0.476,0.635,0.949,0.673,0.94,0.938,0.891,0.5;aaaaaaa;
aaaa;0.869,0.747,0.23,0.613,0.883,0.586,0.787,0.161,0.325,0.0975;aaaaaaa;
aaaa;0.579,0.919,0.311,0.586,0.8,0.844,0.988,0.648,0.0194,0.411;aaa;
aa;0.828,0.908,0.103,0.522,0.808,0.000721,0.151,0.851,0.997,0.666;aa;
aaaa;0.184,0.413,0.59,0.764,0.514,0.977,0.255,0.0386,0.892,0.0139;aaaaaaaa;
aaaaa;0.946,0.329,0.639,0.048,0.222,0.27,0.305,0.114,0.622,0.168;aaaa;
aaa;0.579,0.514,0.133,0.0491,0.12,0.369,0.3,0.663,0.245,0.392;aaaaaa;
aa;0.528,0.0986,0.769,0.163,0.362,0.56,0.405,0.993,0.889,0.215;aaaaaaaaaa;
aaaaa;0.556,0.541,0.904,0.883,0.623,0.244,0.962,0.0703,0.982,0.736;aaa;
aaa;0.637,0.225,0.613,0.953,0.218,0.423,0.792,0.52,0.503,0.864;aa;
aaa;0.0343,0.16,0.0134,0.264,0.961,0.535,0.648,0.276,0.468,0.668;aaa;
aaaaa;0.264,0.556,0.742,0.545,0.677,0.417,0.0241,0.613,0.618,0.595;aaaaa;
aaaa;0.477,0.309,0.0742,0.995,0.761,0.709,0.563,0.946,0.836,0.498;aaaaaaa;
a;0.432,0.311,0.865,0.313,0.612,0.729,0.335,0.456,0.0575,0.31;aaa;
a;0.817,0.342,0.333,0.778,0.969,0.255,0.584,0.705,0.85,0.328;aa;
aaa;0.906,0.204,0.982,0.0661,0.755,0.771,0.695,0.292,0.206,0.57;aaaa;
aaa;0.348,0.671,0.989,0.186,0.629,0.297,0.719,0.107,0.0929,0.0673;aaaaa;
aaaa;0.388,0.0482,0.798,0.53,0.717,0.618,0.525,0.365,0.267,0.115;aa;
aaa;0.897,0.733,0.914,0.065,0.654,0.202,0.691,0.997,0.0179,0.178;aaaaa;
aa;0.815,0.613,0.293,0.437,0.725,0.199,0.656,0.0687,0.352,0.129;aaaaaa;
aaaaa;0.936,0.973,0.478,0.807,0.715,0.642,0.467,0.9,0.272,0.591;a;
aaa;0.915,0.469,0.344,0.553,0.569,0.522,0.0179,0.739,0.0227,0.698;aaaaaaaaaa;
aaaaa;0.976,0.324,0.78,0.0266,0.00494,0.0696,0.34,0.574,0.653,0.512;aa;
aa;0.567,0.488,0.697,0.609,0.722,0.136,0.431,0.419,0.738,0.182;aaaaaaaaa;
a;0.27,0.488,0.985,0.352,0.612,0.912,0.973,0.916,0.959,0.535;aa;
aaaaa;0.348,0.699,0.0994,0.0323,0.522,0.401,0.267,0.419,0.671,0.175;aaaaa;
aaaa;0.45,0.101,0.76,0.0618,0.932,0.482,0.335,0.431,0.686,0.0708;aaaaaa;
aaa;0.824,0.229,0.418,0.875,0.281,0.154,0.568,0.442,0.785,0.872;a;
aa;0.421,0.223,0.356,0.598,0.91,0.259,0.269,0.137,0.498,0.607;aaaa;
aa;0.392,0.362,0.454,0.187,0.15,0.33,0.565,0.774,0.932,0.58;aa;
a;0.458,0.358,0.384,0.347,0.111,0.221,0.346,0.94,0.626,0.836;aaaaa;
aaa;0.254,0.503,0.936,0.282,0.491,0.646,0.858,0.631,0.0576,0.203;aaaaaaa;
a;0.715,0.774,0.597,0.544,0.363,0.944,0.366,0.635,0.229,0.133;aaaaaa;
aaaaa;0.828,0.588,0.00335,0.56,0.54,0.451,0.858,0.44,0.0398,0.796;aaaaaaaaaa;
aaaa;0.176,0.472,0.738,0.955,0.308,0.98,0.691,0.139,0.0363,0.889;aaaaaaa;
a;0.469,0.564,0.519,0.196,0.148,0.523,0.369,0.76,0.761,0.469;aaaaaaa;
aaaa;0.418,0.918,0.651,0.344,0.0208,0.295,0.413,0.194,0.257,0.156;aaaaaaaaaa;
a;0.838,0.182,0.645,0.754,0.573,0.948,0.164,0.423,0.47,0.0139;aaaa;
aaa;0.861,0.705,0.849,0.546,0.743,0.112,0.408,0.562,0.479,0.462;aaaaa;
aaaa;0.706,0.729,0.067,0.0743,0.282,0.304,0.347,0.189,0.0216,0.532;aaaaa;
aaaaa;0.559,0.68,0.75,0.808,0.0548,0.541,0.0939,0.491,0.727,0.682;aa;
aaaa;0.528,0.622,0.198,0.345,0.121,0.433,0.313,0.00928,0.383,0.323;aaa;
aaa;0.0786,0.304,0.836,0.239,0.786,0.0234,0.383,0.849,0.774,0.122;a;
aaaa;0.201,0.536,0.588,0.493,0.874,0.203,0.0459,0.828,0.489,0.871;a;
aa;0.906,0.31,0.917,0.666,0.467,0.515,0.0577,0.984,0.139,0.863;aaaaaaaa;
a;0.938,0.939,0.494,0.629,0.359,0.218,0.63,0.0804,0.54,0.0896;aa;
aaaaa;0.663,0.97,0.763,0.148,0.714,0.136,0.011,0.276,0.229,0.192;aaaa;
aaaa;0.399,0.0486,0.642,0.446,0.209,0.418,0.235,0.186,0.316,0.539;a;
aaaa;0.336,0.399,0.865,0.106,0.996,0.47,0.112,0.904,0.463,0.00854;aaaaa;
aaaaa;0.616,0.908,0.928,0.642,0.906,0.403,0.0274,0.507,0.468,0.468;aaaa;
aaaaa;0.0626,0.291,0.652,0.989,0.47,0.575,0.588,0.706,0.752,0.397;aaaaaaaaaa;
aaaaa;0.0488,0.195,0.564,0.36,0.339,0.0663,0.958,0.831,0.568,0.239;a;
a;0.15,0.283,0.802,0.654,0.526,0.776,0.557,0.947,0.0734,0.287;a;
aaa;0.462,0.326,0.411,0.823,0.24,0.107,0.404,0.15,0.534,0.0348;aaaaaa;
a;0.219,0.984,0.245,0.378,0.261,0.614,0.224,0.229,0.126,0.639;aaaaaaa;
aa;0.858,0.436,0.996,0.56,0.304,0.653,0.203,0.801,0.281,0.385;aaaaa;
a;0.224,0.616,0.605,0.966,0.272,0.78,0.328,0.4,0.798,0.338;aaaaaaaa;
aa;0.675,0.851,0.122,0.568,0.947,0.0532,0.7,0.718,0.988,0.413;aaa;
aaa;0.259,0.157,0.495,0.879,0.406,0.364,0.246,0.859,0.835,0.43;aaaaa;
aaaaa;0.998,0.132,0.95,0.805,0.378,0.605,0.953,0.721,0.142,0.702;aaaa;
aaaa;0.334,0.216,0.23,0.352,0.547,0.763,0.928,0.667,0.561,0.174;aaaaaaaa;
aaaaa;0.289,0.784,0.231,0.9,0.532,0.0918,0.332,0.843,0.0913,0.821;aaaaa;
aaaaa;0.263,0.346,0.683,0.0372,0.707,0.789,0.32,0.407,0.756,0.56;aa;
aa;0.591,0.549,0.654,0.21,0.416,0.236,0.179,0.591,0.0469,0.319;aaa;
aaaa;0.235,0.224,0.933,0.423,0.472,0.0789,0.737,0.253,0.377,0.961;aaaaaaa;
a;0.94,0.334,0.529,0.0397,0.936,0.947,0.679,0.843,0.0627,0.104;aa;
aaaa;0.339,0.73,0.023,0.708,0.419,0.868,0.0358,0.34,0.341,0.245;a;
aa;0.209,0.204,0.813,0.125,0.651,0.235,0.0177,0.484,0.804,0.945;aaaaaaaaaa;
a;0.182,0.206,0.621,0.584,0.0905,0.123,0.122,0.534,0.69,0.412;a;
aaa;0.927,0.81,0.257,0.17,0.782,0.503,0.84,0.493,0.00273,0.876;aaaaaaaaaa;
aaaa;0.801,0.977,0.112,0.923,0.0354,0.566,0.353,0.566,0.837,0.783;aaaa;
aaa;0.811,0.0624,0.176,0.934,0.13,0.761,0.24,0.529,0.616,0.43;a;
aaa;0.174,0.345,0.167,0.667,0.602,0.496,0.541,0.339,0.909,0.673;aaaaa;
aaa;0.459,0.567,0.164,0.97,0.777,0.481,0.536,0.554,0.0452,0.126;aa;
a;0.279,0.166,0.281,0.994,0.482,0.9,0.929,0.414,0.296,0.57;aaaaaa;
a;0.689,0.354,0.0766,0.00463,0.61,0.664,0.363,0.963,0.99,0.882;aaaaaaaaaa;
aaaa;0.195,0.841,0.521,0.278,0.851,0.831,0.528,0.0823,0.927,0.71;aaaa;
a;0.769,0.222,0.354,0.0518,0.0162,0.513,0.459,0.586,0.385,0.541;aaaaa;
aaa;0.554,0.328,0.769,0.903,0.535,0.121,0.683,0.266,0.714,0.67;aaaaaa;
aaaa;0.623,0.369,0.764,0.484,0.664,0.614,0.808,0.626,0.152,0.444;aaaaaaa;
aaaaa;0.961,0.143,0.141,0.0837,0.193,0.688,0.315,0.46,0.274,0.902;aaaaaaaaaa;
aaa;0.385,0.819,0.638,0.753,0.953,0.609,0.884,0.801,0.485,0.673;aaa;
a;0.628,0.558,0.632,0.926,0.25,0.873,0.321,0.252,0.229,0.2;aaaaa;
a;0.573,0.513,0.756,0.879,0.9,0.475,0.0513,0.258,0.17,0.697;aa;
aaaa;0.197,0.604,0.943,0.131,0.752,0.199,0.939,0.601,0.448,0.322;aaaaa;
aa;0.633,0.808,0.899,0.288,0.762,0.489,0.797,0.992,0.916,0.0875;aaaaaa;
a;0.596,0.957,0.65,0.246,0.263,0.674,0.119,0.396,0.00184,0.23;a;
aaa;0.367,0.946,0.865,0.292,0.435,0.212,0.84,0.626,0.293,0.431;aaaaaaa;
aaa;0.822,0.812,0.639,0.393,0.813,0.916,0.223,0.507,0.99,0.441;aaaa;
aaaa;0.221,0.428,0.121,0.00667,0.351,0.976,0.689,0.675,0.852,0.511;aaaaaaa;
aaa;0.00549,0.466,0.382,0.432,0.562,0.306,0.114,0.607,0.428,0.223;aaaa;
aa;0.0973,0.925,0.192,0.119,0.293,0.409,0.841,0.155,0.506,0.938;aaa;
a;0.659,0.759,0.597,0.767,0.148,0.855,0.514,0.979,0.239,0.604;aa;
aa;0.601,0.973,0.476,0.692,0.462,0.784,0.389,0.0328,0.797,0.628;aa;
aaaaa;0.88,0.294,0.762,0.361,0.664,0.203,0.38,0.67,0.83,0.357;aaaa;
aaa;0.0142,0.0486,0.849,0.241,0.746,0.34,0.657,0.775,0.414,0.817;aaa;
a;0.82,0.766,0.9,0.531,0.541,0.296,0.796,0.791,0.574,0.598;aaaaaaaaaa;
aa;0.00773,0.917,0.925,0.936,0.706,0.377,0.0386,0.735,0.086,0.412;aaaaa;
aaaaa;0.828,0.361,0.132,0.475,0.0841,0.287,0.261,0.169,0.0541,0.53;aaaaaaaaa;
aaaa;0.283,0.629,0.403,0.951,0.516,0.0151,0.14,0.484,0.467,0.0451;aaaaaaaa;
aaaa;0.267,0.408,0.99,0.511,0.957,0.52,0.811,0.266,0.436,0.758;aaaaaaaa;
aaa;0.983,0.809,0.27,0.206,0.974,0.251,0.98,0.135,0.25,0.277;aaaaaaaa;
a;0.687,0.448,0.3,0.574,0.242,0.0671,0.296,0.496,0.838,0.717;aa;
a;0.759,0.902,0.362,0.842,0.299,0.596,0.562,0.906,0.55,0.00694;aaaaaaaaaa;
a;0.238,0.787,0.071,0.0843,0.635,0.313,0.583,0.916,0.507,0.0689;a;
aaaaa;0.911,0.0217,0.747,0.311,0.139,0.636,0.77,0.744,0.39,0.171;aa;
aaa;0.442,0.835,0.541,0.828,0.104,0.851,0.689,0.406,0.54,0.632;aaaaaaaaaa;
a;0.48,0.891,0.068,0.327,0.111,0.116,0.967,0.929,0.28,0.986;aa;
a;0.297,0.902,0.574,0.399,0.175,0.771,0.392,0.404,0.847,0.318;aaaaaa;
aa;0.0237,0.779,0.349,0.701,0.475,0.165,0.424,0.327,0.665,0.781;aaaaaa;
aaa;0.362,0.548,0.727,0.605,0.92,0.0774,0.158,0.0548,0.00528,0.794;aaaa;
aaaaa;0.276,0.0805,0.986,0.168,0.211,0.265,0.572,0.282,0.686,0.971;aaaaaaaa;
aaaa;0.596,0.404,0.113,0.998,0.895,0.0481,0.928,0.798,0.748,0.75;aaaaa;
aaaa;0.138,0.395,0.973,0.785,0.935,0.485,0.217,0.324,0.672,0.377;aa;
aaaa;0.545,0.111,0.738,0.25,0.974,0.499,0.753,0.301,0.835,0.393;aaa;
aaaa;0.288,0.0451,0.298,0.118,0.623,0.23,0.0136,0.824,0.285,0.295;aaaaaaaa;
aa;0.64,0.528,0.125,0.736,0.0286,0.59,0.598,0.195,0.449,0.419;aaaaaa;
aaaaa;0.257,0.864,0.985,0.409,0.948,0.338,0.034,0.425,0.483,0.796;aaa;
aa;0.852,0.571,0.335,0.791,0.792,0.818,0.919,0.242,0.968,0.431;aaaaaaaaa;
a;0.864,0.0975,0.328,0.565,0.309,0.652,0.321,0.127,0.441,0.493;aaaa;
a;0.0938,0.0913,0.0853,0.114,0.978,0.635,0.951,0.942,0.161,0.838;aaaaaaaaa;
aaa;0.627,0.806,0.976,0.663,0.191,0.216,0.79,0.852,0.15,0.256;aaaaaaaaa;
aaa;0.852,0.0364,0.175,0.154,0.555,0.687,0.673,0.46,0.294,0.963;aaaa;
aaa;0.398,0.751,0.147,0.869,0.109,0.576,0.692,0.756,0.485,0.245;aaaaaaaaa;
a;0.891,0.281,0.0744,0.796,0.592,0.431,0.516,0.413,0.0608,0.00588;aaa;
a;0.554,0.327,0.451,0.00792,0.508,0.906,0.867,0.738,0.756,0.847;aaaaaaa;
a;0.993,0.199,0.893,0.572,0.897,0.43,0.598,0.373,0.083,0.506;aaaaaaa;
a;0.875,0.745,0.134,0.0154,0.0463,0.656,0.675,0.495,0.236,0.567;aaaaaaaaaa;
aa;0.235,0.39,0.275,0.0521,0.558,0.789,0.25,0.05,0.62,0.763;aaaaaaaa;
aaaa;0.236,0.124,0.987,0.489,0.767,0.911,0.522,0.902,0.441,0.753;aaaaaaaa;
aaa;0.372,0.688,0.83,0.429,0.779,0.195,0.499,0.767,0.568,0.109;aaa;
a;0.239,0.268,0.803,0.479,0.339,0.12,0.387,0.926,0.849,0.923;aaaaaaaaaa;
aaaaa;0.304,0.996,0.958,0.872,0.845,0.584,0.34,0.251,0.633,0.809;aaaa;
a;0.399,0.621,0.0102,0.12,0.555,0.447,0.839,0.42,0.189,0.55;aaaa;
a;0.794,0.462,0.511,0.775,0.43,0.706,0.195,0.284,0.804,0.25;aaaaaaaaa;
a;0.899,0.895,0.668,0.0539,0.243,0.619,0.812,0.23,0.408,0.814;aaaaaa;
aa;0.58,0.221,0.555,0.755,0.58,0.346,0.551,0.0763,0.113,0.852;aaa;
aaaaa;0.503,0.976,0.533,0.747,0.946,0.291,0.187,0.684,0.888,0.547;a;
aa;0.918,0.564,0.231,0.835,0.281,0.152,0.241,0.198,0.797,0.267;a;
aaaaa;0.479,0.32,0.682,0.00689,0.617,0.658,0.254,0.883,0.0813,0.216;a;
a;0.974,0.702,0.634,0.886,0.279,0.0878,0.0536,0.322,0.497,0.853;aaaaaa;
aaaa;0.498,0.234,0.149,0.995,0.757,0.721,0.473,0.768,0.725,0.121;aaaaaaaa;
aa;0.585,0.57,0.837,0.361,0.776,0.0885,0.381,0.821,0.185,0.721;aaaaa;
aaa;0.174,0.624,0.813,0.601,0.488,0.168,0.142,0.292,0.684,0.965;aaaa;
aa;0.79,0.572,0.597,0.203,0.269,0.959,0.451,0.424,0.298,0.0798;aaaaaaa;
aaaaa;0.0918,0.838,0.28,0.573,0.0627,0.0726,0.899,0.333,0.866,0.968;aaaaaaaaaa;
aaaa;0.733,0.261,0.0892,0.943,0.143,0.114,0.608,0.107,0.78,0.0643;a;
aaaaa;0.704,0.935,0.329,0.716,0.87,0.242,0.179,0.827,0.0749,0.888;aaaaaaaaa;
a;0.585,0.0351,0.721,0.34,0.732,0.29,0.986,0.303,0.295,0.58;aaaaaaaaaa;
a;0.464,0.404,0.325,0.356,0.572,0.503,0.581,0.411,0.322,0.0364;aaaa;
aaaaa;0.255,0.838,0.543,0.645,0.177,0.388,0.148,0.888,0.46,0.662;aaaa;
aaaaa;0.914,0.794,0.505,0.446,0.869,0.216,0.658,0.273,0.775,0.267;aaaaaaaaaa;
aaaaa;0.454,0.842,0.171,0.829,0.908,0.378,0.205,0.395,0.179,0.462;aa;
aaaaa;0.266,0.556,0.071,0.465,0.549,0.406,0.987,0.792,0.206,0.409;a;
a;0.382,0.279,0.932,0.00972,0.0395,0.0412,0.479,0.92,0.113,0.684;aa;
aaaa;0.135,0.922,0.259,0.877,0.0588,0.372,0.142,0.914,0.42,0.876;aaaaaaa;
aaa;0.012,0.424,0.0234,0.206,0.102,0.113,0.297,0.402,0.306,0.726;aaaaaaa;
aa;0.648,0.0645,0.181,0.297,0.359,0.353,0.62,0.0757,0.0659,0.909;aa;
aa;0.899,0.971,0.522,0.743,0.0603,0.968,0.424,0.241,0.41,0.558;aaaaaaaaaa;
aaaa;0.413,0.667,0.908,0.762,0.52,0.766,0.665,0.497,0.412,0.366;aaa;
a;0.332,0.465,0.406,0.51,0.626,0.385,0.26,0.731,0.026,0.607;aaaa;
aaaaa;0.863,0.5,0.184,0.0628,0.681,0.735,0.509,0.795,0.15,0.632;aa;
aa;0.518,0.0877,0.79,0.126,0.938,0.546,0.143,0.147,0.723,0.142;aaaaaaaaaa;
aaaaa;0.106,0.666,0.636,0.774,0.735,0.0536,0.732,0.152,0.0217,0.428;aaaaaaaa;
aaaaa;0.826,0.183,0.51,0.619,0.659,0.496,0.227,0.46,0.53,0.705;aaaaaaaa;
a;0.408,0.596,0.69,0.0192,0.803,0.176,0.445,0.246,0.126,0.33;aa;
aaaa;0.219,0.759,0.108,0.309,0.01,0.847,0.906,0.717,0.912,0.976;aaaaaa;
aaaaa;0.593,0.697,0.448,0.102,0.422,0.441,0.975,0.25,0.825,0.291;aaaaaaaaaa;
aaaa;0.286,0.643,0.357,0.88,0.986,0.758,0.904,0.652,0.593,0.17;a;
a;0.381,0.212,0.352,0.251,0.574,0.0932,0.59,0.349,0.359,0.455;aaaaaaa;
aa;0.0765,0.667,0.512,0.594,0.948,0.871,0.194,0.535,0.79,0.596;aaaaaaaa;
a;0.918,0.842,0.0375,0.0127,0.817,0.674,0.185,0.781,0.351,0.695;aaaaaaaaaa;
aaaaa;0.815,0.575,0.807,0.535,0.71,0.0643,0.656,0.109,0.5,0.734;aaaa;
aa;0.583,0.41,0.65,0.124,0.16,0.175,0.401,0.636,0.181,0.281;aaaaaaaaaa;
aa;0.474,0.11,0.335,0.432,0.459,0.715,0.831,0.523,0.0699,0.407;aaaaaa;
aa;0.579,0.549,0.819,0.404,0.528,0.477,0.0319,0.324,0.997,0.875;aaaaaaaaaa;
aa;0.0654,0.0474,0.138,0.552,0.663,0.994,0.266,0.885,0.266,0.128;aaaaaaa;
a;0.897,0.66,0.554,0.582,0.864,0.923,0.15,0.805,0.0854,0.843;aaaaaaaaaa;
aaa;0.628,0.198,0.957,0.165,0.724,0.908,0.435,0.255,0.864,0.919;aaaaaaaaa;
aaaaa;0.188,0.168,0.346,0.741,0.997,0.639,0.148,0.465,0.611,0.41;aaaaaaaaa;
aaaa;0.56,0.142,0.357,0.618,0.418,0.214,0.69,0.649,0.831,0.0137;aaaaaaaaa;
aaaaa;0.553,0.286,0.822,0.211,0.342,0.21,0.991,0.026,0.73,0.777;aa;
aaaaa;0.559,0.73,0.0261,0.798,0.217,0.316,0.495,0.424,0.206,0.7;aaaaaaaa;
aaaaa;0.995,0.687,0.876,0.0329,0.498,0.909,0.156,0.707,0.733,0.0408;aaaaaaaaa;
aa;0.736,0.969,0.519,0.435,0.879,0.227,0.379,0.404,0.986,0.378;a;
a;0.635,0.67,0.106,0.23,0.343,0.0621,0.889,0.279,0.904,0.945;aaaaaaaa;
aaa;0.312,0.244,0.652,0.0463,0.145,0.265,0.105,0.0164,0.762,0.766;aa;
aaaaa;0.339,0.803,0.485,0.727,0.921,0.864,0.63,0.0419,0.592,0.495;aaaa;
aa;0.292,0.426,0.589,0.823,0.526,0.176,0.00294,0.22,0.49,0.122;aaaaaaaa;
a;0.957,0.964,0.0731,0.325,0.718,0.306,0.145,0.19,0.663,0.217;aaaaaaaaa;
aaaaa;0.688,0.769,0.148,0.822,0.223,0.534,0.593,0.25,0.455,0.184;aaaaaaaaaa;
aaaa;0.371,0.119,0.203,0.051,0.35,0.982,0.1,0.167,0.122,0.226;aaaaa;
aa;0.816,0.418,0.0705,0.935,0.412,0.317,0.718,0.985,0.566,0.987;aaa;
aaaaa;0.973,0.315,0.281,0.0115,0.535,0.383,0.885,0.0498,0.193,0.77;aaaaaaaaa;
aa;0.349,0.49,0.695,0.535,0.626,0.625,0.104,0.689,0.0744,0.062;aaaaaaa;
a;0.368,0.524,0.825,0.751,0.567,0.0155,0.4,0.0656,0.143,0.901;aa;
aaaa;0.187,0.601,0.318,0.568,0.692,0.73,0.0899,0.813,0.645,0.755;aaaaa;
aa;0.816,0.0919,0.465,0.662,0.721,0.754,0.47,0.6,0.0765,0.541;aaaa;
aa;0.743,0.996,0.894,0.122,0.976,0.415,0.511,0.634,0.898,0.78;a;
aaa;0.707,0.252,0.806,0.0881,0.979,0.444,0.266,0.507,0.51,0.463;aa;
a;0.784,0.757,0.793,0.193,0.578,0.599,0.788,0.686,0.0427,0.0274;aaaaaaaaa;
aaaa;0.19,0.941,0.18,0.289,0.652,0.618,0.802,0.00851,0.198,0.295;a;
aa;0.415,0.808,0.275,0.836,0.232,0.0537,0.0742,0.379,0.479,0.232;aaaaaaaaaa;
aa;0.00716,0.752,0.837,0.148,0.394,0.504,0.00655,0.0544,0.111,0.0271;aaa;
aaaaa;0.152,0.875,0.898,0.152,0.869,0.34,0.447,0.825,0.667,0.382;aaaaaa;
aaaa;0.994,0.322,0.8,0.806,0.00437,0.0219,0.801,0.418,0.887,0.158;aa;
aaaaa;0.208,0.693,0.569,0.613,0.744,0.614,0.466,0.159,0.507,0.0567;aaaaaaaa;
a;0.898,0.971,0.741,0.221,0.0541,0.107,0.854,0.146,0.961,0.00348;aaaaaaaa;
a;0.446,0.291,0.895,0.903,0.314,0.893,0.672,0.529,0.0566,0.385;aaaaa;
aaaaa;0.00679,0.747,0.567,0.79,0.0693,0.61,0.539,0.0481,0.0749,0.96;aaaaaa;
a;0.46,0.804,0.511,0.0446,0.0245,0.635,0.729,0.391,0.662,0.877;aaaaa;
aa;0.915,0.771,0.272,0.089,0.786,0.287,0.739,0.451,0.979,0.512;aaaaaaa;
aaa;0.276,0.549,0.798,0.544,0.589,0.391,0.476,0.347,0.227,0.388;aaaaaa;
aaaaa;0.412,0.833,0.641,0.857,0.582,0.571,0.188,0.835,0.636,0.878;a;
aaaaa;0.542,0.33,0.112,0.728,0.151,0.16,0.993,0.866,0.224,0.369;aaaaaa;
aaaaa;0.911,0.941,0.819,0.489,0.153,0.931,0.427,0.208,0.0221,0.265;aa;
aaaaa;0.0917,0.212,0.32,0.196,0.851,0.906,0.423,0.205,0.318,0.605;aaaa;
aaaaa;0.169,0.866,0.0409,0.39,0.424,0.208,0.793,0.15,0.161,0.549;aaaaaaa;
aaaaa;0.844,0.443,0.263,0.321,0.704,0.651,0.711,0.874,0.742,0.95;aaaaa;
a;0.339,0.142,0.0611,0.363,0.33,0.739,0.861,0.397,0.799,0.0263;aaaaaaa;
aaaaa;0.295,0.105,0.349,0.796,0.87,0.684,0.159,0.23,0.237,0.193;aaa;
aa;0.838,0.244,0.952,0.0954,0.784,0.0718,0.0156,0.549,0.774,0.684;aaaaaa;
aaaaa;0.0526,0.639,0.653,0.541,0.363,0.962,0.988,0.541,0.712,0.297;aaaaaaaaaa;
aaaa;0.307,0.652,0.497,0.799,0.576,0.753,0.253,0.655,0.738,0.683;aaaaaaa;
aaa;0.827,0.594,0.805,0.11,0.384,0.134,0.352,0.799,0.908,0.78;aaaaaaaaa;
aaaa;0.848,0.864,0.177,0.872,0.691,0.811,0.68,0.188,0.504,0.576;aaaaaaaa;
aa;0.929,0.964,0.097,0.28,0.739,0.988,0.187,0.0108,0.873,0.0464;aaaaaaaaaa;
a;0.948,0.433,0.454,0.946,0.294,0.593,0.636,0.044,0.0578,0.437;aaaa;
aaa;0.26,0.553,0.173,0.0642,0.959,0.728,0.307,0.489,0.434,0.535;aaaa;
aaaa;0.856,0.666,0.449,0.226,0.868,0.552,0.972,0.476,0.962,0.683;aaaaaaa;
aa;0.385,0.278,0.00723,0.505,0.593,0.71,0.704,0.466,0.869,0.249;aaaaaaaaa;
a;0.591,0.0227,0.0232,0.119,0.222,0.946,0.337,0.808,0.18,0.94;aaaaaaaaa;
aaaaa;0.736,0.923,0.434,0.626,0.0544,0.901,0.497,0.16,0.509,0.329;a;
aa;0.656,0.881,0.676,0.738,0.167,0.676,0.663,0.758,0.763,0.475;aaaaaaaa;
aaaaa;0.818,0.563,0.226,0.628,0.106,0.0358,0.758,0.265,0.149,0.393;aaaaaaaa;
a;0.929,0.132,0.419,0.622,0.245,0.0439,0.465,0.525,0.284,0.307;aaaaaaaa;
a;0.761,0.538,0.466,0.927,0.407,0.191,0.97,0.176,0.0444,0.465;aaaaaa;
a;0.853,0.252,0.78,0.602,0.214,0.955,0.894,0.581,0.547,0.508;aaa;
aaaaa;0.743,0.708,0.866,0.115,0.821,0.751,0.294,0.641,0.723,0.497;aaaaaaaaa;
aaaaa;0.459,0.593,0.938,0.437,0.165,0.922,0.764,0.459,0.412,0.295;aaaaaaaaa;
aa;0.9,0.0543,0.305,0.466,0.281,0.632,0.876,0.139,0.843,0.799;a;
aaa;0.263,0.75,0.829,0.738,0.337,0.218,0.778,0.601,0.137,0.463;aaa;
a;0.989,0.92,0.206,0.205,0.932,0.639,0.321,0.177,0.357,0.485;aaaaa;
a;0.931,0.558,0.839,0.437,0.698,0.487,0.566,0.231,0.193,0.745;aaaaaa;
aaaa;0.129,0.195,0.304,0.629,0.389,0.728,0.682,0.0292,0.967,0.26;aa;
aa;0.268,0.949,0.239,0.24,0.83,0.199,0.0872,0.137,0.531,0.539;aaaa;
aaa;0.888,0.961,0.708,0.896,0.928,0.803,0.204,0.047,0.764,0.193;aaaaaaaa;
aaaaa;0.432,0.428,0.6,0.283,0.776,0.454,0.0898,0.203,0.0311,0.207;aaaaaaa;
aaa;0.219,0.131,0.392,0.401,0.188,0.612,0.62,0.201,0.99,0.452;aaaa;
aa;0.569,0.842,0.806,0.391,0.213,0.377,0.189,0.515,0.899,1;aaaaaaaaaa;
aaaa;0.0856,0.418,0.373,0.501,0.937,0.761,0.55,0.805,0.182,0.578;aaaaaa;
aaaaa;0.749,0.142,0.627,0.191,0.83,0.357,0.0434,0.0242,0.099,0.954;aa;
aaa;0.0642,0.0438,0.508,0.833,0.554,0.315,0.551,0.659,0.653,0.474;aaaaaaa;
aaaaa;0.0975,0.205,0.37,0.405,0.102,0.489,0.316,0.325,0.48,0.918;aaa;
aaa;0.62,0.989,0.745,0.343,0.49,0.0475,0.429,0.613,0.00498,0.85;aaaaaaa;
aaa;0.787,0.291,0.816,0.301,0.938,0.436,0.665,0.404,0.894,0.254;aaaaaaa;
aa;0.116,0.52,0.994,0.888,0.216,0.352,0.429,0.295,0.524,0.3;aaaaaaaaaa;
aaa;0.793,0.765,0.499,0.961,0.82,0.813,0.125,0.354,0.309,0.0727;aaa;
aa;0.443,0.187,0.785,0.0853,0.915,0.338,0.0479,0.0894,0.879,0.526;aaa;
aa;0.602,0.46,0.359,0.598,0.0794,0.612,0.96,0.684,0.864,0.581;aaaaa;
aa;0.878,0.378,0.759,0.463,0.163,0.352,0.637,0.546,0.783,0.636;aaaaaaaaa;
aaa;0.325,0.927,0.186,0.943,0.463,0.826,0.224,0.638,0.347,0.103;aaaaaaa;
aaa;0.679,0.749,0.538,0.898,0.922,0.94,0.398,0.0369,0.182,0.782;aaaaaaaaaa;
aaaaa;0.679,0.375,0.908,0.549,0.491,0.325,0.416,0.0149,0.767,0.646;a;
aaaaa;0.0987,0.749,0.986,0.252,0.723,0.432,0.699,0.265,0.809,0.0181;aa;
aa;0.663,0.516,0.148,0.963,0.673,0.233,0.535,0.109,0.221,0.672;aaaaaaaaaa;
aaa;0.362,0.909,0.39,0.0912,0.703,0.415,0.41,0.771,0.095,0.301;aaaaaaaa;
aaaaa;0.227,0.409,0.0517,0.631,0.418,0.588,0.598,0.692,0.679,0.444;aaaaaaaaa;
aaaaa;0.949,0.206,0.195,0.204,0.251,0.378,0.177,0.519,0.842,0.283;aa;
aaaaa;0.0362,0.791,0.808,0.341,0.694,0.219,0.51,0.964,0.31,0.966;aaaaaaaaaa;
aaa;0.898,0.776,0.703,0.327,0.823,0.713,0.212,0.317,0.368,0.0405;aaaaaaaaaa;
aaa;0.339,0.359,0.878,0.984,0.21,0.365,0.0569,0.866,0.198,0.159;aaa;
aaa;0.472,0.946,0.472,0.486,0.663,0.608,0.644,0.556,0.919,0.596;a;
a;0.417,0.96,0.748,0.118,0.526,0.248,0.384,0.955,0.536,0.201;aaaa;
a;0.158,0.357,0.431,0.378,0.394,0.279,0.542,0.614,0.496,0.415;a;
a;0.0626,0.826,0.88,0.0269,0.671,0.771,0.819,0.47,0.242,0.732;aaaaaa;
aaa;0.753,0.467,0.788,0.69,0.293,0.985,0.883,0.664,0.624,0.801;aa;
a;0.739,0.806,0.591,0.121,0.87,0.683,0.636,0.992,0.659,0.724;aa;
aaaa;0.863,0.507,0.794,0.949,0.938,0.942,0.153,0.852,0.687,0.589;aaaaa;
a;0.653,0.123,0.984,0.908,0.135,0.619,0.917,0.695,0.408,0.834;aaaaaaaaaa;
aaa;0.0664,0.816,0.421,0.494,0.31,0.602,0.411,0.778,0.867,0.797;aaaaaaaaaa;
aaaaa;0.0701,0.179,0.0629,0.301,0.727,0.552,0.921,0.58,0.566,0.26;aaaaaaaaaa;
aaaaa;0.792,0.825,0.99,0.115,0.658,0.969,0.457,0.901,0.695,0.879;aaaaaaaaa;
aaaa;0.216,0.331,0.891,0.858,0.358,0.512,0.96,0.658,0.471,0.242;aaa;
aaaa;0.0463,0.264,0.416,0.273,0.0646,0.699,0.0377,0.0886,0.684,0.746;a;
aa;0.419,0.309,0.382,0.353,0.295,0.317,0.297,0.0226,0.479,0.802;aaaaaaaaaa;
aaa;0.32,0.425,0.15,0.304,0.36,0.874,0.504,0.564,0.406,0.569;aaaaaaaa;
aaa;0.533,0.0835,0.137,0.66,0.163,0.388,0.244,0.154,0.856,0.3;aa;
aaaaa;0.544,0.304,0.483,0.013,0.216,0.522,0.858,0.0121,0.266,0.367;aa;
aaa;0.423,0.421,0.898,0.463,0.258,0.505,0.897,0.62,0.00844,0.462;aaaaaaa;
aaaa;0.0794,0.309,0.914,0.319,0.343,0.857,0.831,0.361,0.905,0.2;aaa;
aaa;0.857,0.156,0.49,0.941,0.459,0.906,0.566,0.499,0.398,0.686;aaaaaaaa;
aa;0.588,0.958,0.603,0.462,0.614,0.368,0.614,0.467,0.208,0.376;aaaaa;
aaa;0.142,0.194,0.274,0.109,0.318,0.824,0.654,0.922,0.868,0.317;aaaaa;
aaa;0.771,0.549,0.425,0.209,0.334,0.0258,0.498,0.461,0.146,0.35;aaaaaaaa;
a;0.186,0.82,0.528,0.0848,0.899,0.892,0.416,0.94,0.405,0.032;aaaa;
aaaa;0.417,0.701,0.596,0.452,0.755,0.99,0.738,0.665,0.419,0.786;aaaaaaaa;
aaa;0.241,0.612,0.904,0.236,0.581,0.949,0.418,0.923,0.287,0.765;aaaaaa;
aaa;0.312,0.328,0.617,0.48,0.96,0.424,0.0893,0.144,0.128,0.876;aaaaaaaaa;
aaaa;0.229,0.152,0.807,0.958,0.678,0.86,0.767,0.329,0.196,0.18;aaaaaaaaa;
a;0.582,0.0378,0.876,0.195,0.803,0.84,0.312,0.919,0.551,0.624;aaaaaa;
aaa;0.414,0.632,0.131,0.477,0.669,0.501,0.609,0.109,0.616,0.451;aaaaaaaaaa;
aa;0.0696,0.363,0.256,0.111,0.727,0.00853,0.279,0.0419,0.263,0.693;aaa;
aa;0.0688,0.523,0.471,0.5,0.766,0.399,0.394,0.553,0.452,0.93;aa;
aaa;0.374,0.555,0.419,0.856,0.153,0.966,0.788,0.205,0.65,0.356;aaaaa;
aaa;0.0412,0.753,0.538,0.897,0.666,0.246,0.0103,0.974,0.75,0.422;aaaaaaaa;
aaa;0.331,0.951,0.921,0.989,0.144,0.391,0.347,0.124,0.544,0.0692;a;
aa;0.62,0.523,0.932,0.93,0.894,0.216,0.547,0.628,0.723,0.571;aaaaaaa;
a;0.328,0.882,0.342,0.547,0.605,0.459,0.277,0.782,0.322,0.19;aaaaaaaaa;
aaaaa;0.582,0.522,0.311,0.654,0.261,0.514,0.188,0.9,0.803,0.722;aa;
aaa;0.0739,0.0972,0.937,0.873,0.831,0.797,0.125,0.104,0.307,0.345;aaaaa;
aa;0.0983,0.821,0.392,0.16,0.712,0.323,0.963,0.0872,0.0444,0.864;aaaaaaaaaa;
aaa;0.0734,0.987,0.638,0.99,0.441,0.469,0.275,0.723,0.522,0.863;aaaaaaa;
a;0.0919,0.196,0.495,0.176,0.276,0.515,0.364,0.71,0.601,0.734;aaaaaaaaa;
aaa;0.75,0.827,0.904,0.00194,0.568,0.741,0.341,0.834,0.572,0.324;aaa;
aaaa;0.512,0.642,0.11,0.255,0.434,0.191,0.504,0.559,0.235,0.693;aaaaa;
aaa;0.857,0.858,0.471,0.553,0.295,0.197,0.2,0.46,0.0657,0.677;a;
aa;0.982,0.0406,0.996,0.378,0.526,0.87,0.587,0.952,0.906,0.0672;aaaaa;
aaaaa;0.268,0.788,0.183,0.505,0.78,0.551,0.623,0.217,0.285,0.631;aaaaaaa;
a;0.383,0.169,0.557,0.123,0.953,0.184,0.414,0.847,0.695,0.187;aaa;
aaa;0.147,0.179,0.685,0.8,0.148,0.607,0.338,0.59,0.625,0.219;aaaaaaaaa;
aaaa;0.563,0.0789,0.279,0.753,0.0383,0.311,0.817,0.000158,0.643,0.00225;aaaa;
aaa;0.735,0.733,0.0882,0.472,0.0167,0.628,0.0997,0.166,0.962,0.0428;aaaaa;
aa;0.293,0.357,0.494,0.402,0.828,0.156,0.721,0.131,0.645,0.319;aaaa;
aa;0.845,0.00838,0.454,0.134,0.408,0.191,0.513,0.285,0.0573,0.665;aaaaaaaaa;
aaaa;0.166,0.717,0.782,0.617,0.445,0.177,0.623,0.607,0.122,0.514;aaa;
aaaaa;0.0728,0.383,0.82,0.299,0.0442,0.534,0.145,0.807,0.197,0.227;aaaaaaa;
a;0.348,0.744,0.739,0.136,0.203,0.109,0.625,0.597,0.237,0.379;aaaa;
aaaa;0.913,0.0793,0.927,0.249,0.415,0.079,0.678,0.164,0.668,0.507;aaaaaaaa;
aaaa;0.3,0.694,0.602,0.11,0.258,0.153,0.49,0.659,0.465,0.822;aaaa;
aaaaa;0.792,0.549,0.0122,0.395,0.882,0.597,0.095,0.629,0.984,0.179;aaaaa;
aaaaa;0.67,0.301,0.173,0.779,0.905,0.448,0.665,0.409,0.406,0.742;aaaa;
aaaaa;0.146,0.0995,0.00935,0.325,0.285,0.223,0.874,0.362,0.282,0.387;aaaaa;
aa;0.887,0.311,0.257,0.742,0.886,0.829,0.34,0.166,0.118,0.379;aaaaa;
aaaaa;0.813,0.825,0.897,0.61,0.0914,0.425,0.443,0.873,0.469,0.712;aaaaaaaa;
aaa;0.15,0.702,0.537,0.616,0.257,0.852,0.0938,0.993,0.246,0.584;aaaaaaaa;
aaa;0.389,0.345,0.222,0.545,0.308,0.301,0.159,0.985,0.603,0.4;aaaa;
aaaaa;0.108,0.668,0.992,0.737,0.154,0.6,0.0302,0.219,0.14,0.995;aaaaaa;
aaaa;0.893,0.267,0.528,0.21,0.597,0.953,0.235,0.847,0.516,0.191;aaa;
aa;0.918,0.156,0.492,0.472,0.993,0.452,0.791,0.488,0.00762,0.439;aaaaaaaaa;
aa;0.105,0.913,0.777,0.624,0.791,0.855,0.44,0.783,0.553,0.373;aaaa;
aaaa;0.245,0.0889,0.489,0.363,0.542,0.747,0.995,0.743,0.24,0.213;aaaa;
aaa;0.559,0.827,0.642,0.208,0.0461,0.301,0.882,0.678,0.623,0.773;aa;
aa;0.00481,0.782,0.397,0.954,0.716,0.185,0.125,0.67,0.598,0.91;aaaaaaaa;
aaaaa;0.231,0.66,0.727,0.00244,0.926,0.0775,0.507,0.172,0.888,0.572;aaaa;
a;0.581,0.187,0.724,0.44,0.423,0.735,0.72,0.969,0.418,0.101;aaa;
aaa;0.137,0.108,0.783,0.372,0.521,0.673,0.591,0.315,0.324,0.68;aaa;
aaaaa;0.599,0.606,0.725,0.148,0.29,0.14,0.146,0.12,0.678,0.2;aaa;
aa;0.158,0.0133,0.4,0.467,0.343,0.896,0.285,0.512,0.545,0.0179;aaa;
a;0.708,0.74,0.156,0.666,0.647,0.714,0.542,0.821,0.46,0.599;aaa;
a;0.14,0.58,0.444,0.692,0.657,0.657,0.387,0.496,0.0645,0.929;aaaa;
aa;0.664,0.0637,0.177,0.839,0.205,0.965,0.669,0.877,0.804,0.0486;aaaaaaaaa;
aaa;0.0805,0.965,0.942,0.633,0.618,0.203,0.834,0.338,0.907,0.69;aaaaaaaa;
aaaaa;0.147,0.183,0.814,0.299,0.0159,0.92,0.173,0.85,0.541,0.587;aaaaaaaa;
a;0.967,0.775,0.623,0.643,0.712,0.0806,0.563,0.217,0.824,0.375;aaaaaa;
aaaa;0.912,0.701,0.581,0.909,0.627,0.862,0.944,0.286,0.736,0.859;aaaaaaaaaa;
aa;0.197,0.417,0.617,0.8,0.277,0.244,0.812,0.572,0.27,0.491;aa;
aaa;0.164,0.831,0.553,0.333,0.425,0.339,0.37,0.882,0.657,0.704;aa;
aa;0.503,0.478,0.796,0.838,0.0835,0.248,0.808,0.316,0.822,0.842;aaaaaaa;
aa;0.863,0.287,0.559,0.792,0.493,0.546,0.756,0.55,0.548,0.927;aaaaa;
aaaa;0.775,0.0579,0.78,0.144,0.419,0.46,0.815,0.495,0.205,0.056;aaaaaaaaaa;
a;0.174,0.107,0.634,0.508,0.13,0.0512,0.971,0.302,0.935,0.52;aaaaaaa;
a;0.402,0.479,0.9,0.991,0.482,0.293,0.384,0.378,0.591,0.907;aaaaaaaaaa;
aaaa;0.423,0.676,0.86,0.429,0.963,0.464,0.676,0.008,0.82,0.139;aa;
aa;0.375,0.399,0.971,0.233,0.668,0.206,0.705,0.737,0.531,0.406;aaaaaaaa;
aaaaa;0.711,0.793,0.24,0.524,0.509,0.509,0.0194,0.665,0.332,0.121;aaaaa;
aa;0.961,0.616,0.26,0.711,0.773,0.673,0.336,0.494,0.127,0.0488;a;
aaaaa;0.815,0.0959,0.152,0.564,0.892,0.439,0.691,0.552,0.146,0.767;a;
aaa;0.374,0.543,0.723,0.681,0.441,0.918,0.598,0.0138,0.227,0.622;a;
a;0.826,0.895,0.0677,0.369,0.446,0.823,0.122,0.483,0.353,0.734;aaaaaa;
aaa;0.188,0.477,0.478,0.182,0.435,0.993,0.524,0.182,0.833,0.935;aaaaaaa;
aaa;0.809,0.339,0.157,0.746,0.16,0.44,0.679,0.0124,0.297,0.858;aaaa;
aaaaa;0.526,0.183,0.0769,0.0247,0.568,0.966,0.205,0.898,0.476,0.511;aaaaaaaaa;
aaaaa;0.945,0.81,0.202,0.447,0.104,0.133,0.164,0.875,0.0478,0.767;aaaaaaaaa;
aaa;0.774,0.161,0.111,0.55,0.563,0.774,0.328,0.493,0.373,0.722;aaaaaaaa;
aaa;0.231,0.248,0.41,0.589,0.6,0.798,0.408,0.625,0.857,0.163;aaaaaaaa;
a;0.696,0.65,0.234,0.391,0.842,0.899,0.444,0.992,0.337,0.199;a;
a;0.147,0.932,0.592,0.848,0.224,0.675,0.983,0.21,0.288,0.0512;aa;
aaaaa;0.804,0.17,0.704,0.0593,0.709,0.3,0.475,0.728,0.847,0.715;aaaaa;
a;0.778,0.298,0.226,0.22,0.0563,0.545,0.697,0.31,0.17,0.214;aaaaaaaaaa;
aaaa;0.0253,0.496,0.954,0.741,0.774,0.654,0.431,0.575,0.531,0.0481;aaaa;
a;0.86,0.238,0.693,0.244,0.609,0.42,0.0395,0.0711,0.0437,0.643;aaaaaa;
aaaa;0.861,0.732,0.21,0.317,0.359,0.75,0.25,0.211,0.146,0.321;aaaaaaaaaa;
aa;0.132,0.753,0.524,0.378,0.733,0.519,0.719,0.441,0.87,0.291;aaaaaaaa;
a;0.671,0.337,0.524,0.283,0.846,0.803,0.709,0.732,0.859,0.626;aaaaaaaa;
a;0.895,0.854,0.641,0.299,0.0561,0.674,0.749,0.268,0.0631,0.545;aaaa;
aaaa;0.872,0.902,0.759,0.738,0.511,0.745,0.519,0.465,0.234,0.747;aaaa;
aa;0.724,0.774,0.81,0.523,0.815,0.88,0.533,0.227,0.527,0.123;aaa;
aaa;0.175,0.309,0.798,0.822,0.442,0.23,0.672,0.953,0.233,0.144;aaa;
aa;0.0366,0.601,0.43,0.902,0.717,0.052,0.285,0.779,0.271,0.689;aaaaaaaa;
aa;0.55,0.315,0.258,0.547,0.95,0.0386,0.201,0.339,0.114,0.486;aaaaaaa;
a;0.126,0.279,0.157,0.977,0.857,0.715,0.396,0.578,0.791,0.0958;aaaaaaa;
aa;0.263,0.129,0.895,0.355,0.185,0.109,0.792,0.144,0.314,0.685;aaaaaaaaaa;
aaaa;0.55,0.264,0.692,0.219,0.752,0.648,0.421,0.698,0.139,0.828;aaaaaaaaaa;
aa;0.604,0.241,0.161,0.502,0.414,0.0807,0.772,0.184,0.849,0.479;aaaaaaaaaa;
aa;0.277,0.849,0.459,0.406,0.695,0.576,0.762,0.348,0.0849,0.252;aaaaa;
aaa;0.694,0.267,0.693,0.0657,0.808,0.634,0.549,0.658,0.35,0.542;aaa;
aaaaa;0.327,0.986,0.317,0.955,0.582,0.701,0.277,0.671,0.0285,0.691;aaaa;
aa;0.789,0.0529,0.648,0.842,0.769,0.203,0.677,0.421,0.743,0.325;aaaaaaaa;
aaaaa;0.579,0.203,0.621,0.0363,0.603,0.528,0.162,0.149,0.16,0.284;aa;
aaaa;0.128,0.307,0.689,0.127,0.867,0.305,0.873,0.687,0.736,0.701;aaaa;
aaaa;0.624,0.345,0.175,0.575,0.826,0.507,0.0893,0.939,0.237,0.652;aaaaa;
a;0.0807,0.755,0.546,0.257,0.41,0.657,0.903,0.255,0.825,0.776;a;
aa;0.459,0.271,0.0302,0.289,0.286,0.452,0.515,0.305,0.769,0.248;aaaaaaa;
aaaa;0.156,0.0677,0.671,0.413,0.439,0.845,0.697,0.505,0.0858,0.597;aaaaa;
aa;0.399,0.621,0.189,0.663,0.052,0.993,0.224,0.494,0.878,0.418;aaaaaaaa;
a;0.972,0.273,0.933,0.0318,0.99,0.105,0.123,0.145,0.275,0.353;aaaaaa;
aaaa;0.445,0.0668,0.416,0.381,0.143,0.32,0.647,0.0801,0.449,0.0642;aaaaaaaa;
aaaa;0.0978,0.175,0.197,0.147,0.483,0.387,0.625,0.0677,0.958,0.523;aa;
aaaaa;0.697,0.257,0.892,0.325,0.574,0.233,0.869,0.616,0.195,0.779;a;
a;0.518,0.848,0.793,0.999,0.615,0.137,0.97,0.145,0.103,0.733;aaaaaaa;
a;0.493,0.878,0.661,0.527,0.996,0.226,0.00227,0.0516,0.962,0.548;aaaa;
aaaaa;0.472,0.914,0.157,0.102,0.0321,0.147,0.412,0.0889,0.478,0.85;aaaa;
aaa;0.564,0.732,0.379,0.483,0.00818,0.697,0.745,0.622,0.498,0.796;aaaaaaaaaa;
aaaaa;0.629,0.927,0.852,0.517,0.848,0.947,0.197,0.0983,0.649,0.318;aaaaaaaa;
aa;0.86,0.7,0.0869,0.219,0.56,0.174,0.0455,0.853,0.566,0.0529;aaaaaaa;
a;0.064,0.212,0.151,0.702,0.32,0.143,0.0019,0.169,0.398,0.464;aa;
a;0.612,0.88,0.0682,0.489,0.0783,0.903,0.131,0.451,0.993,0.524;aaaaaaa;
a;0.302,0.425,0.736,0.576,0.149,0.396,0.217,0.591,0.877,0.675;a;
a;0.929,0.749,0.609,0.719,0.99,0.42,0.234,0.147,0.218,0.0738;aaaaaaaaa;
aaaa;0.492,0.694,0.804,0.392,0.441,0.521,0.898,0.159,0.599,0.789;aaa;
a;0.475,0.246,0.418,0.701,0.51,0.748,0.138,0.733,0.813,0.752;aaaa;
aa;0.569,0.407,0.339,0.066,0.973,0.0203,0.191,0.196,0.596,0.224;aaaaaaa;
a;0.572,0.824,0.833,0.607,0.824,0.191,0.784,0.296,0.0503,0.825;a;
aaaaa;0.273,0.381,0.911,0.976,0.978,0.212,0.404,0.792,0.431,0.268;a;
aaa;0.744,0.799,0.843,0.68,0.271,0.121,0.661,0.463,0.473,0.883;aa;
aaaa;0.822,0.472,0.177,0.37,0.512,0.735,0.889,0.0142,0.175,0.239;aaaaaaaaa;
aaaa;0.668,0.244,0.64,0.374,0.85,0.355,0.119,0.707,0.467,0.583;aaaa;
aaaa;0.0516,0.364,0.576,0.225,0.573,0.15,0.155,0.556,0.166,0.803;aaaaaaa;
aaaaa;0.572,0.345,0.913,0.099,0.988,0.0433,0.807,0.431,0.522,0.436;aaaaaaaa;
aa;0.46,0.647,0.182,0.328,0.285,0.944,0.486,0.718,0.0278,0.00891;a;
aaa;0.721,0.919,0.173,0.776,0.548,0.103,0.596,0.973,0.938,0.968;aaaaaaaa;
aaaaa;0.529,0.178,0.339,0.199,0.175,0.174,0.8,0.856,0.411,0.281;aaaaa;
aaaa;0.171,0.585,0.92,0.366,0.0381,0.186,0.224,0.812,0.6,0.94;aaaaaaaaaa;
aaaaa;0.0501,0.538,0.0872,0.162,0.587,0.856,0.0509,0.276,0.798,0.884;aa;
aaa;0.692,0.264,0.28,0.121,0.973,0.828,0.21,0.59,0.659,0.0817;aaaaaa;
aa;0.484,0.667,0.105,0.743,0.587,0.644,0.705,0.276,0.785,0.909;aa;
a;0.606,0.884,0.146,0.798,0.595,0.896,0.946,0.919,0.208,0.0529;aaaa;
aaaaa;0.568,0.954,0.526,0.568,0.98,0.207,0.961,0.383,0.923,0.829;aaaa;
aaaa;0.59,0.807,0.798,0.0608,0.692,0.717,0.0681,0.433,0.183,0.136;aaaaaaaaaa;
a;0.672,0.109,0.305,0.0643,0.188,0.671,0.611,0.152,0.804,0.671;aaa;
aaa;0.182,0.778,0.287,0.807,0.2,0.865,0.921,0.00484,0.54,0.409;aaaaaaa;
aaa;0.974,0.42,0.314,0.353,0.377,0.257,0.462,0.849,0.292,0.801;aaaaa;
aa;0.0148,0.471,0.33,0.0895,0.645,0.869,0.539,0.739,0.898,0.287;aaaaaaaa;
aaaaa;0.96,0.827,0.0143,0.0908,0.773,0.496,0.858,0.949,0.54,0.591;aaaaaaaa;
a;0.0652,0.737,0.878,0.478,0.0945,0.703,0.239,0.507,0.672,0.568;aaaaa;
aa;0.831,0.00834,0.0706,0.509,0.161,0.445,0.625,0.495,0.576,0.169;aaa;
a;0.928,0.179,0.65,0.964,0.39,0.484,0.368,0.973,0.776,0.395;aaaaaaaaaa;
aaaaa;0.0506,0.763,0.236,0.246,0.0891,0.706,0.508,0.605,0.357,0.251;a;
aaaa;0.814,0.0249,0.669,0.579,0.961,0.378,0.866,0.455,0.163,0.683;aaaaa;
a;0.262,0.555,0.998,0.739,0.823,0.163,0.414,0.622,0.543,0.48;aa;
aaaa;0.745,0.319,0.561,0.325,0.228,0.512,0.941,0.571,0.407,0.453;aaaaaaaaa;
a;0.608,0.503,0.0854,0.113,0.72,0.404,0.696,0.75,0.858,0.774;aaaaaa;
aaaaa;0.0336,0.612,0.143,0.426,0.19,0.473,0.646,0.592,0.675,0.893;aaaa;
aaaaa;0.0574,0.018,0.637,0.91,0.0491,0.302,0.444,0.0784,0.727,0.634;aaa;
aaa;0.0935,0.494,0.568,0.438,0.312,0.524,0.834,0.135,0.489,0.774;aa;
a;0.636,0.83,0.915,0.254,0.622,0.997,0.135,0.215,0.906,0.281;aaaaaaaa;
aa;0.613,0.693,0.0681,0.199,0.0877,0.365,0.92,0.187,0.908,0.217;a;
aaaa;0.675,0.513,0.382,0.853,0.944,0.88,0.891,0.0832,0.348,0.067;aaaaaaaaa;
aa;0.506,0.936,0.585,0.913,0.857,0.0134,0.0288,0.0233,0.468,0.412;aaaaaa;
aa;0.903,0.0797,0.874,0.145,0.361,0.439,0.201,0.112,0.172,0.457;aaaaaaaa;
aaaaa;0.833,0.456,0.807,0.276,0.684,0.789,0.77,0.288,0.852,0.906;aaa;
aaaa;0.705,0.342,0.762,0.383,0.673,0.881,0.592,0.165,0.704,0.801;aaaaaa;
a;0.761,0.611,0.784,0.729,0.192,0.817,0.0455,0.674,0.777,0.654;aaa;
aaaa;0.475,0.327,0.229,0.473,0.371,0.776,0.871,0.734,0.821,0.731;aaaaaaaaaa;
a;0.237,0.0754,0.21,0.381,0.432,0.658,0.933,0.823,0.0359,0.0651;aaaaaaaaa;
aaaaa;0.569,0.0862,0.419,0.84,0.456,0.698,0.217,0.632,0.202,0.432;a;
aaaaa;0.385,0.779,0.566,0.318,0.128,0.601,0.379,0.787,0.966,0.0951;a;
aaaa;0.354,0.331,0.431,0.377,0.462,0.169,0.602,0.153,0.62,0.161;aaaaa;
aaaa;0.213,0.311,0.995,0.187,0.187,0.362,0.831,0.0338,0.212,0.0939;aaa;
aaaa;0.355,0.581,0.988,0.18,0.905,0.167,0.054,0.669,0.845,0.489;aaaaaaaaaa;
aaaa;0.575,0.0991,0.932,0.332,0.0968,0.792,0.779,0.529,0.656,0.499;aaaaaaa;
aaaaa;0.795,0.72,0.0089,0.107,0.409,0.585,0.234,0.641,0.133,0.061;aaaaaaa;
aa;0.892,0.513,0.647,0.14,0.287,0.354,0.235,0.857,0.491,0.881;aaaaaaa;
a;0.158,0.417,0.232,0.58,0.499,0.326,0.662,0.97,0.882,0.812;aa;
a;0.961,0.372,0.956,0.424,0.815,0.259,0.047,0.0559,0.179,0.893;a;
aaaa;0.468,0.861,0.608,0.587,0.122,0.521,0.299,0.217,0.0815,0.607;aaaaaaaaa;
aaaaa;0.884,0.409,0.508,0.619,0.602,0.292,0.883,0.857,0.586,0.158;aaaaaa;
aaaaa;0.983,0.501,0.285,0.563,0.586,0.275,0.266,0.677,0.13,0.793;aaaaaaa;
aa;0.822,0.598,0.0477,0.9,0.716,0.155,0.884,0.305,0.738,0.525;aa;
aa;0.348,0.994,0.802,0.209,0.589,0.806,0.934,0.794,0.461,0.841;aaaa;
aaa;0.654,0.869,0.292,0.223,0.628,0.525,0.968,0.765,0.851,0.137;aaaaaaaaa;
aaaa;0.686,0.241,0.213,0.102,0.902,0.954,0.369,0.214,0.537,0.111;aaaaaaaaaa;
aaaaa;0.867,0.532,0.293,0.974,0.0948,0.764,0.832,0.958,0.689,0.223;aaaaaaa;
aaaaa;0.107,0.00694,0.0153,0.595,0.356,0.288,0.0594,0.616,0.774,0.491;aaaaaaaa;
aa;0.495,0.26,0.0261,0.159,0.181,0.0387,0.535,0.818,0.573,0.0521;aaaa;
aa;0.745,0.888,0.666,0.232,0.422,0.504,0.0462,0.779,0.0195,0.165;aaaaaa;
a;0.0347,0.312,0.554,0.224,0.921,0.587,0.0651,0.682,0.945,0.527;aaaaaa;
a;0.0669,0.441,0.586,0.855,0.64,0.411,0.717,0.448,0.441,0.334;aaaaaaaaa;
aaaaa;0.781,0.946,0.271,0.838,0.649,0.68,0.232,0.303,0.77,0.917;aaaaaaaa;
aaa;0.904,0.606,0.104,0.607,0.549,0.826,0.716,0.264,0.209,0.688;aaaaa;
a;0.7,0.153,0.546,0.0597,0.779,0.641,0.353,0.444,0.446,0.201;aaaaaaaaa;
aaaa;0.987,0.578,0.197,0.536,0.208,0.0986,0.225,0.271,0.685,0.275;aa;
aaaaa;0.46,0.121,0.0999,0.394,0.193,0.946,0.0891,0.44,0.13,0.19;aaa;
aaaaa;0.618,0.779,0.626,0.551,0.473,0.288,0.567,0.547,0.848,0.269;aaaaaaaaaa;
aa;0.92,0.324,0.631,0.556,0.928,0.963,0.203,0.0903,0.719,0.232;a;
aaaa;0.405,0.265,0.917,0.179,0.811,0.886,0.206,0.147,0.288,0.495;aaaaaaaaaa;
aa;0.545,0.91,0.604,0.87,0.817,0.315,0.973,0.698,0.086,0.757;aaaaaaaaa;
aaaa;0.416,0.661,0.197,0.673,0.664,0.12,0.555,0.0158,0.557,0.803;aaaa;
aaaaa;0.776,0.0519,0.164,0.497,0.887,0.0223,0.489,0.322,0.423,0.741;aaaaaaa;
aaaa;0.665,0.698,0.969,0.851,0.909,0.0734,0.132,0.294,0.0688,0.445;aa;
aaaaa;0.501,0.685,0.0907,0.96,0.916,0.221,0.595,0.825,0.404,0.0338;a;
aaa;0.909,0.564,0.555,0.0506,0.406,0.46,0.332,0.562,0.744,0.822;aaaaaaaaa;
a;0.611,0.337,0.967,0.186,0.952,0.701,0.206,0.216,0.585,0.00678;a;
aaa;0.903,0.829,0.909,0.494,0.493,0.387,0.196,0.0809,0.0639,0.329;aaaaaaaaa;
aaaa;0.952,0.853,0.462,0.652,0.333,0.525,0.178,0.47,0.558,0.0993;a;
aaaa;0.6,0.216,0.127,0.698,0.85,0.568,0.96,0.723,0.653,0.278;aaaaaaaaa;
aaa;0.779,0.726,0.163,0.182,0.0439,0.265,0.405,0.0157,0.669,0.25;a;
a;0.943,0.267,0.629,0.882,0.118,0.345,0.388,0.118,0.252,0.548;aa;
aa;0.673,0.409,0.654,0.975,0.000343,0.0626,0.424,0.547,0.514,0.317;aaaaaaaa;
aa;0.815,0.33,0.61,0.0841,0.127,0.897,0.427,0.139,0.143,0.0426;aaaaaaaa;
aa;0.549,0.333,0.771,0.448,0.715,0.961,0.258,0.0601,0.495,0.296;aaaaa;
aaaa;0.266,0.529,0.394,0.258,0.767,0.501,0.374,0.578,0.855,0.874;aaaaa;
aaa;0.68,0.681,0.32,0.238,0.0949,0.766,0.14,0.35,0.288,0.366;aaaa;
aaaaa;0.875,0.0384,0.494,0.568,0.92,0.959,0.107,0.32,0.392,0.654;aaaaa;
a;0.12,0.977,0.925,0.644,0.993,0.117,0.849,0.548,0.181,0.524;aaa;
aa;0.845,0.753,0.909,0.902,0.588,0.144,0.315,0.76,0.547,0.395;aaaaaaaaaa;
aaaaa;0.547,0.617,0.495,0.858,0.797,0.39,0.0688,0.399,0.515,0.451;a;
a;0.151,0.502,0.849,0.661,0.621,0.698,0.394,0.263,0.972,0.469;aaaaaaaa;
aaaaa;0.21,0.855,0.845,0.367,0.272,0.929,0.537,0.0339,0.734,0.713;aa;
aaa;0.383,0.266,0.495,0.621,0.255,0.822,0.804,0.738,0.848,0.46;aaaaaa;
aaa;0.223,0.544,0.944,0.389,0.209,0.339,0.36,0.602,0.966,0.179;aaaa;
aaaa;0.296,0.656,0.112,0.823,0.966,0.0637,0.922,0.688,0.445,0.137;a;
a;0.541,0.557,0.133,0.742,0.555,0.0347,0.788,0.883,0.115,0.257;aaaaaaaaaa;
a;0.097,0.226,0.155,0.413,0.246,0.865,0.337,0.939,0.443,0.142;aaaaaa;
aaa;0.704,0.573,0.317,0.27,0.184,0.334,0.0369,0.39,0.295,0.747;a;
aaa;0.704,0.842,0.79,0.158,0.712,0.754,0.306,0.679,0.537,0.454;aaa;
a;0.158,0.912,0.564,0.563,0.691,0.0552,0.447,0.614,0.528,0.0732;aaaaaaaa;
a;0.488,0.577,0.294,0.585,0.324,0.161,0.8,0.644,0.377,0.886;aaaaaaa;
aaa;0.98,0.373,0.342,0.607,0.145,0.798,0.565,0.814,0.599,0.507;aaaaaaaaaa;
aaaa;0.63,0.208,0.751,0.257,0.662,0.186,0.165,0.432,0.309,0.0797;aaaaaa;
aa;0.622,0.962,0.2,0.491,0.61,0.666,0.644,0.744,0.324,0.933;aaaa;
aa;0.639,0.47,0.701,0.394,0.214,0.452,0.82,0.753,0.457,0.516;aaaaaaaa;
aa;0.727,0.256,0.00824,0.0816,0.354,0.186,0.368,0.896,0.69,0.917;aaaaa;
a;0.358,0.558,0.762,0.876,0.291,0.987,0.153,0.17,0.0722,0.865;a;
aaaaa;0.714,0.714,0.524,0.146,0.793,0.404,0.626,0.696,0.584,0.305;aaaaaaaaaa;
aaa;0.945,0.9,0.406,0.668,0.726,0.0841,0.984,0.522,0.125,0.956;aaaaaaa;
aaaaa;0.0529,0.314,0.119,0.468,0.851,0.155,0.623,0.933,0.586,0.441;aaaaaaaaaa;
aaaaa;0.428,0.0299,0.638,0.0599,0.912,0.387,0.49,0.0419,0.103,0.077;aaaaaa;
a;0.239,0.29,0.186,0.324,0.641,0.617,0.775,0.139,0.141,0.292;aaaaaaaa;
aaaa;0.976,0.133,0.773,0.535,0.337,0.335,0.818,0.409,0.288,0.765;aaaaaaa;
aaa;0.93,0.472,0.245,0.298,0.9,0.787,0.417,0.906,0.568,0.278;aa;
aaaa;0.569,0.494,0.0868,0.793,0.203,0.0783,0.618,0.287,0.724,0.437;aaaaaaaa;
aaaa;0.935,0.131,0.765,0.733,0.251,0.147,0.0933,0.713,0.0718,0.627;aaa;
aaaaa;0.212,0.00249,0.858,0.976,0.331,0.274,0.906,0.631,0.354,0.312;aa;
aa;0.815,0.249,0.196,0.763,0.146,0.158,0.929,0.386,0.797,0.401;aaaaaa;
aaa;0.606,0.369,0.429,0.732,0.0863,0.103,0.0764,0.247,0.602,0.623;aaaaaaaaa;
a;0.808,0.617,0.186,0.66,0.726,0.694,0.597,0.386,0.355,0.339;aaaaaa;
a;0.89,0.713,0.485,0.862,0.449,0.914,0.822,0.397,0.757,0.554;aaaaa;
aaaa;0.324,0.273,0.558,0.265,0.618,0.0032,0.473,0.849,0.458,0.883;aaa;
aaaaa;0.206,0.748,0.815,0.865,0.864,0.814,0.798,0.814,0.243,0.977;aaaaa;
aa;0.526,0.849,0.19,0.112,0.0969,0.381,0.619,0.243,0.322,0.241;aa;
aaaaa;0.482,0.747,0.5,0.244,0.125,0.724,0.601,0.194,0.0525,0.259;aaaaaa;
aaaaa;0.00187,0.772,0.839,0.78,0.025,0.343,0.689,0.623,0.916,0.179;aa;
aaaa;0.718,0.487,0.156,0.412,0.661,0.845,0.934,0.254,0.66,0.86;aaaaaaa;
aa;0.555,0.121,0.619,0.94,0.777,0.781,0.805,0.773,0.757,0.912;aaaaa;
aaaaa;0.0976,0.0362,0.706,0.689,0.892,0.401,0.225,0.852,0.667,0.376;aaaaaaaaaa;
aaaa;0.38,0.771,0.755,0.872,0.661,0.449,0.0907,0.195,0.418,0.862;aaaaaaaaaa;
a;0.118,0.228,0.39,0.414,0.232,0.212,0.335,0.758,0.0854,0.948;aaaaa;
aaaaa;0.434,0.177,0.892,0.392,0.278,0.0767,0.734,0.26,0.535,0.159;aaaaaa;
aaaaa;0.0305,0.95,0.119,0.92,0.716,0.862,0.486,0.18,0.192,0.944;a;
a;0.902,0.202,0.0385,0.867,0.873,0.385,0.506,0.644,0.279,0.673;aaaaa;
a;0.246,0.745,0.911,0.475,0.352,0.191,0.0839,0.446,0.985,0.572;aaaaaaa;
aaa;0.592,0.495,0.138,0.264,0.704,0.0883,0.0801,0.132,0.563,0.337;aaaaaa;
aaaa;0.789,0.954,0.962,0.162,0.262,0.377,0.892,0.78,0.12,0.802;aaaaaaa;
aaaa;0.933,0.941,0.496,0.394,0.858,0.735,0.378,0.0652,0.0653,0.00293;aa;
aaaa;0.607,0.0115,0.701,0.139,0.136,0.325,0.558,0.245,0.896,0.918;aaaaaa;
aaa;0.372,0.422,0.335,0.629,0.31,0.901,0.784,0.572,0.906,0.851;aaaaaa;
aa;0.923,0.479,0.356,0.061,0.785,0.222,0.939,0.371,0.633,0.284;aaaa;
aaaa;0.559,0.285,0.961,0.474,0.202,0.00761,0.503,0.842,0.635,0.886;aaaaaaaaa;
aa;0.192,0.127,0.647,0.596,0.206,0.228,0.159,0.251,0.499,0.991;aa;
aaaaa;0.272,0.871,0.266,0.551,0.287,0.654,0.0487,0.449,0.0561,0.426;aaaaaaa;
aaaa;0.653,0.687,0.719,0.829,0.335,0.488,0.425,0.893,0.012,0.147;aaaaaaa;
aaa;0.809,0.602,0.249,0.351,0.43,0.936,0.945,0.102,0.205,0.762;aaaaa;
aaaaa;0.52,0.726,0.381,0.202,0.947,0.339,0.843,0.224,0.0986,0.262;aa;
aa;0.229,0.388,0.149,0.545,0.249,0.0864,0.825,0.946,0.628,0.233;a;
aa;0.991,0.664,0.217,0.558,0.415,0.921,0.0214,0.673,0.271,0.555;aaaaaaaa;
aaaa;0.762,0.203,0.767,0.338,0.28,0.447,0.633,0.794,0.542,0.563;aa;
aaaa;0.807,0.548,0.052,0.976,0.293,0.701,0.0744,0.297,0.838,0.966;aaaaaaaa;
aaaaa;0.367,0.965,0.418,0.285,0.444,0.304,0.813,0.178,0.0391,0.436;aaaaaaaaa;
aaaaa;0.996,0.225,0.138,0.0236,0.968,0.266,0.658,0.201,0.583,0.627;aaaaaaa;
aaaa;0.958,0.826,0.806,0.911,0.432,0.782,0.85,0.082,0.622,0.77;a;
a;0.232,0.0444,0.378,0.869,0.3,0.336,0.958,0.991,0.542,0.985;aaaa;
aaa;0.686,0.216,0.0199,0.367,0.517,0.907,0.41,0.0193,0.323,0.577;aaaa;
a;0.681,0.56,0.833,0.00741,0.707,0.866,0.804,0.647,0.988,0.632;aaaaaaaaaa;
aaaaa;0.545,0.246,0.835,0.71,0.892,0.427,0.246,0.518,0.739,0.521;aaaaaaaaaa;
a;0.15,0.192,0.433,0.588,0.0377,0.741,0.563,0.622,0.0539,0.207;aaaaaaaa;
a;0.276,0.699,0.773,0.192,0.43,0.211,0.99,0.00819,0.289,0.181;aaaaaaaa;
aaa;0.515,0.168,0.401,0.19,0.44,0.608,0.034,0.646,0.618,0.359;aaaaa;
aa;0.908,0.606,0.332,0.206,0.651,0.133,0.371,0.464,0.764,0.257;aaaa;
aaaaa;0.299,0.276,0.921,0.452,0.435,0.0478,0.29,0.0273,0.272,0.382;aaaaaaaa;
aaaa;0.15,0.265,0.765,0.658,0.896,0.316,0.58,0.896,0.096,0.719;aaa;
aaaaa;0.0994,0.683,0.998,0.657,0.741,0.839,0.68,0.706,0.85,0.504;aaa;
aaaa;0.674,0.651,0.739,0.7,0.14,0.14,0.587,0.635,0.993,0.999;aaaaaaaaaa;
aaaaa;0.744,0.953,0.226,0.96,0.93,0.836,0.411,0.333,0.357,0.918;aaaaaaaa;
aa;0.613,0.78,0.767,0.934,0.785,0.106,0.878,0.134,0.361,0.98;aaaaaaa;
aaaa;0.504,0.667,0.105,0.394,0.61,0.0845,0.0851,0.349,0.119,0.755;aaaaaa;
aaaaa;0.925,0.377,0.305,0.71,0.502,0.666,0.81,0.106,0.467,0.388;aaaaa;
aaa;0.482,0.364,0.0497,0.201,0.948,0.252,0.565,0.509,0.615,0.555;aaaaaaaaaa;
aaaaa;0.456,0.0234,0.404,0.309,0.983,0.484,0.0357,0.899,0.222,0.447;aaaaaaaaaa;
a;0.448,0.789,0.383,0.941,0.443,0.339,0.996,0.478,0.448,0.168;aaaaaaaaaa;
a;0.0102,0.363,0.628,0.725,0.0891,0.0919,0.69,0.953,0.723,0.0662;aaaaaaa;
a;0.4,0.667,0.69,0.137,0.354,0.387,0.562,0.791,0.263,0.804;aaaaaaaaaa;
aaa;0.361,0.794,0.632,0.993,0.645,0.629,0.74,0.692,0.544,0.255;aaaa;
aaaaa;0.234,0.321,0.44,0.233,0.182,0.243,0.126,0.255,0.11,0.603;a;
a;0.573,0.314,0.808,0.951,0.897,0.588,0.896,0.853,0.502,0.0915;aaa;
a;0.343,0.538,0.283,0.273,0.312,0.0193,0.312,0.721,0.88,0.226;aaaa;
a;0.777,0.166,0.611,0.198,0.928,0.503,0.127,0.545,0.551,0.00937;aa;
aaaa;0.0861,0.434,0.808,0.772,0.757,0.441,0.253,0.59,0.956,0.987;aaa;
aaa;0.129,0.38,0.865,0.764,0.526,0.843,0.939,0.742,0.119,0.124;aaaa;
aaaa;0.607,0.492,0.101,0.513,0.13,0.902,0.793,0.765,0.316,0.23;aaa;
a;0.464,0.664,0.736,0.0219,0.754,0.868,0.585,0.88,0.692,0.0757;aaaaa;
aaaaa;0.0872,0.376,0.673,0.268,0.42,0.457,0.593,0.325,0.743,0.27;aaaaaaaaaa;
aaa;0.429,0.221,0.131,0.503,0.665,0.666,0.263,0.423,0.824,0.16;aaaaaaaaaa;
aa;0.726,0.745,0.0253,0.271,0.892,0.66,0.926,0.693,0.971,0.627;aaaaaaa;
aaa;0.997,0.172,0.506,0.235,0.477,0.168,0.406,0.261,0.492,0.163;aaa;
aaa;0.819,0.831,0.865,0.145,0.105,0.406,0.621,0.124,0.307,0.531;aaaaaaaaa;
aaa;0.704,0.398,0.848,0.01,0.735,0.328,0.653,0.054,0.795,0.417;aaaaa;
aaaa;0.00234,0.571,0.884,0.0281,0.176,0.709,0.131,0.644,0.0992,0.542;a;
a;0.411,0.355,0.163,0.31,0.677,0.444,0.443,0.869,0.998,0.808;aaaaaaa;
aaaaa;0.686,0.467,0.507,0.204,0.647,0.0888,0.801,0.525,0.182,0.791;aaaaaaaaaa;
aa;0.777,0.463,0.837,0.584,0.0904,0.671,0.525,0.838,0.396,0.016;aaaaaaaa;
aaaa;0.39,0.231,0.699,0.511,0.734,0.627,0.2,0.673,0.335,0.823;aaaaaaaaaa;
aa;0.263,0.826,0.27,0.56,0.411,0.663,0.44,0.137,0.308,0.14;aa;
aaaaa;0.9,0.347,0.466,0.149,0.606,0.294,0.968,0.768,0.452,0.405;aaaaa;
a;0.74,0.478,0.709,0.406,0.218,0.663,0.649,0.785,0.37,0.729;aaaaaaaaaa;
aa;0.446,0.908,0.756,0.273,0.877,0.494,0.125,0.795,0.407,0.561;aaa;
aa;0.476,0.482,0.262,0.0228,0.556,0.138,0.386,0.132,0.185,0.728;aaaa;
aaaa;0.958,0.325,0.613,0.668,0.223,0.177,0.0939,0.562,0.991,0.682;aaaaa;
aaa;0.527,0.84,0.662,0.332,0.829,0.93,0.3,0.0787,0.498,0.0721;aaaa;
aaa;0.0812,0.834,0.271,0.689,0.721,0.193,0.985,0.355,0.529,0.0913;aaaaaaaaa;
aaa;0.217,0.235,0.0725,0.462,0.549,0.0981,0.738,0.516,0.713,0.0918;aaaaa;
aaa;0.508,0.553,0.0483,0.142,0.449,0.508,0.221,0.16,0.757,0.766;aaaaaaaaaa;
a;0.867,0.447,0.163,0.579,0.341,0.379,0.877,0.234,0.933,0.309;aaa;
aaaa;0.419,0.21,0.0229,0.132,0.0654,0.411,0.464,0.919,0.346,0.312;aaa;
aa;0.111,0.67,0.92,0.816,0.783,0.8,0.943,0.0395,0.719,0.747;aa;
a;0.915,0.681,0.872,0.89,0.476,0.663,0.928,0.218,0.972,0.889;aaaaa;
aa;0.862,0.264,0.833,0.583,0.984,0.351,0.24,0.372,0.382,0.705;aaaaa;
a;0.477,0.119,0.576,0.589,0.5,0.526,0.899,0.864,0.598,0.265;aaaaa;
aaa;0.732,0.461,0.0736,0.504,0.143,0.742,0.345,0.278,0.742,0.144;aaaaa;
a;0.241,0.294,0.334,0.33,0.405,0.642,0.0576,0.208,0.3,0.47;aaaaaa;
aaaaa;0.538,0.826,0.219,0.345,0.235,0.769,0.114,0.289,0.412,0.0977;a;
aaaaa;0.231,0.519,0.246,0.353,0.633,0.0721,0.344,0.808,0.222,0.626;a;
aaaaa;0.0554,0.819,0.342,0.2,0.268,0.587,0.8,0.709,0.929,0.394;aaaaaaaaaa;
a;0.122,0.236,0.998,0.829,0.0948,0.95,0.174,0.608,0.25,0.777;aaa;
aaaaa;0.154,0.95,0.646,0.539,0.899,0.213,0.697,0.908,0.642,0.76;aaaaaaaaaa;
aaaa;0.727,0.0201,0.995,0.102,0.374,0.474,0.841,0.986,0.943,0.0553;aaaa;
aaaa;0.376,0.654,0.233,0.86,0.108,0.864,0.115,0.668,0.48,0.227;aaaaa;
a;0.895,0.738,0.105,0.992,0.2,0.515,0.448,0.691,0.794,0.78;aaaaaaaaa;
aa;0.411,0.442,0.797,0.301,0.89,0.781,0.396,0.172,0.173,0.808;a;
aaa;0.771,0.939,0.221,0.603,0.642,0.26,0.0883,0.875,0.521,0.224;aaaaa;
aaa;0.215,0.0481,0.467,0.0814,0.774,0.893,0.735,0.037,0.475,0.885;aaa;
aaa;0.857,0.0531,0.0746,0.312,0.992,0.286,0.0535,0.793,0.181,0.269;aaaaaaa;
aaa;0.72,0.982,0.84,0.968,0.961,0.927,0.749,0.55,0.956,0.581;aa;
aaaa;0.467,0.146,0.0773,0.361,0.00947,0.0897,0.0481,0.807,0.27,0.592;aaa;
aa;0.637,0.677,0.247,0.843,0.598,0.297,0.415,0.349,0.814,0.79;aaaaaaaaaa;
aaaa;0.406,0.247,0.839,0.569,0.891,0.288,0.203,0.775,0.0899,0.0893;aaaaaaaaaa;
a;0.213,0.721,0.998,0.972,0.22,0.0569,0.4,0.358,0.902,0.136;aaaaaaa;
aaaa;0.232,0.978,0.0023,0.882,0.128,0.511,0.12,0.251,0.11,0.701;aaaaa;
a;0.888,0.754,0.144,0.479,0.898,0.736,0.809,0.243,0.467,0.799;aaaaa;
aa;0.872,0.373,0.572,0.511,0.905,0.358,0.251,0.503,0.819,0.97;aaaaaaaa;
aaa;0.0811,0.872,0.531,0.919,0.00377,0.95,0.799,0.699,0.167,0.424;aaaaa;
aaaa;0.111,0.79,0.343,0.844,0.0874,0.585,0.813,0.362,0.441,0.898;aaaaaaaaa;
a;0.805,0.642,0.108,0.0881,0.0201,0.699,0.509,0.175,0.67,0.644;aaaaa;
aaa;0.922,0.592,0.261,0.0455,0.761,0.648,0.534,0.578,0.869,0.351;aaa;
aaaa;0.528,0.73,0.0482,0.00366,0.422,0.692,0.0656,0.668,0.324,0.194;aaaa;
a;0.214,0.133,0.958,0.689,0.138,0.99,0.104,0.186,0.161,0.0467;aaa;
aa;0.21,0.41,0.633,0.616,0.214,0.863,0.726,0.647,0.492,0.476;aaaaaaaaa;
aaaa;0.602,0.719,0.594,0.271,0.223,0.288,0.0144,0.784,0.568,0.961;aaaaaaaaaa;
aa;0.372,0.55,0.692,0.314,0.618,0.838,0.248,0.409,0.774,0.932;aaa;
aaa;0.599,0.959,0.568,0.233,0.627,0.128,0.505,0.988,0.132,0.985;aaaaaaaaaa;
aaaa;0.46,0.553,0.648,0.319,0.833,0.865,0.793,0.602,0.406,0.765;aa;
a;0.178,0.123,0.725,0.531,0.309,0.431,0.589,0.481,0.847,0.596;aa;
aa;0.832,0.535,0.121,0.249,0.0948,0.518,0.622,0.949,0.59,0.0232;aaaaaaa;
a;0.906,0.0477,0.0871,0.303,0.0698,0.482,0.353,0.456,0.57,0.58;aaaa;
aaa;0.221,0.283,0.302,0.131,0.599,0.957,0.764,0.296,0.838,0.0882;aaaaaaaa;
a;0.664,0.0759,0.0792,0.664,0.536,0.493,0.658,0.132,0.683,0.257;aa;
aa;0.342,0.904,0.0855,0.86,0.984,0.691,0.766,0.312,0.233,0.731;aaaaaa;
aaaa;0.0839,0.684,0.285,0.789,0.773,0.15,0.574,0.334,0.242,0.251;aaaa;
aaa;0.0792,0.688,0.415,0.398,0.577,0.0521,0.116,0.785,0.727,0.745;aaaaaaaaa;
aaaaa;0.255,0.0299,0.0575,0.862,0.397,0.917,0.438,0.156,0.714,0.11;aaa;
a;0.438,0.973,0.71,0.966,0.789,0.0806,0.553,0.569,0.415,0.363;a;
aaa;0.0498,0.53,0.715,0.764,0.942,0.0749,0.601,0.0485,0.632,0.943;a;
aaaa;0.0207,0.0387,0.212,0.0872,0.428,0.496,0.284,0.19,0.211,0.00331;aaaaaaaaaa;
aaaa;0.876,0.431,0.577,0.219,0.178,0.32,0.244,0.234,0.126,0.619;aaaa;
aaa;0.984,0.435,0.844,0.165,0.343,0.696,0.401,0.553,0.514,0.861;aaaaaaaaa;
aaaaa;0.274,0.911,0.683,0.296,0.678,0.928,0.274,0.117,0.778,0.346;aaaa;
aaaaa;0.122,0.202,0.3,0.398,0.775,0.98,0.334,0.36,0.682,0.0198;aaaaaaaaaa;
aa;0.287,0.745,0.00626,0.689,0.217,0.224,0.999,0.691,0.519,0.869;aa;
aaaaa;0.813,0.411,0.0667,0.0977,0.198,0.616,0.431,0.943,0.253,0.164;aaaaa;
aaa;0.945,0.302,0.0936,0.52,0.429,0.449,0.0375,0.717,0.483,0.414;aaaaa;
aaaaa;0.222,0.435,0.237,0.396,0.986,0.422,0.72,0.546,0.256,0.627;aaaa;
aa;0.714,0.537,0.00322,0.542,0.58,0.282,0.0457,0.474,0.348,0.532;aaaaaaa;
aaa;0.125,0.784,0.348,0.477,0.231,0.121,0.811,0.248,0.524,0.386;aaaaaaaaaa;
aaaaa;0.917,0.754,0.233,0.215,0.406,0.245,0.011,0.643,0.341,0.133;aaaaaaaa;
aa;0.914,0.062,0.0486,0.319,0.261,0.65,0.496,0.524,0.377,0.934;aaaaaaaa;
aaa;0.04,0.693,0.823,0.298,0.385,0.00933,0.698,0.112,0.678,0.826;aaaaaaaaaa;
aaa;0.224,0.733,0.891,0.908,0.216,0.773,0.544,0.38,0.467,0.584;aaaa;
a;0.695,0.257,0.0237,0.77,0.563,0.751,0.19,0.102,0.0274,0.994;aaaaaaaa;
aaaaa;0.316,0.369,0.414,0.593,0.836,0.185,0.561,0.0766,0.973,0.189;aaa;
aaaaa;0.957,0.0699,0.646,0.535,0.45,0.0779,0.733,0.1,0.000733,0.633;aaaaaaaaa;
aa;0.0173,0.317,0.626,0.164,0.476,0.288,0.892,0.386,0.0269,0.332;aaaaaaaa;
aaaa;0.36,0.513,0.589,0.983,0.303,0.853,0.589,0.369,0.553,0.988;aaaaaaaaa;
aaaaa;0.643,0.264,0.0657,0.221,0.174,0.232,0.629,0.195,0.699,0.0513;aaa;
aaa;0.0872,0.0798,0.133,0.626,0.325,0.226,0.91,0.845,0.105,0.342;aaa;
aa;0.841,0.194,0.723,0.702,0.255,0.888,0.451,0.209,0.457,0.845;aaaaaaaa;
a;0.401,0.884,0.774,0.732,0.508,0.635,0.0193,0.956,0.818,0.517;aa;
aaaa;0.773,0.733,0.593,0.975,0.168,0.437,0.369,0.745,0.0205,0.289;aaa;
a;0.68,0.205,0.335,0.0166,0.592,0.348,0.223,0.793,0.391,0.151;aaaaaaaaa;
aa;0.603,0.157,0.388,0.996,0.39,0.992,0.229,0.452,0.257,0.623;aaaaaa;
a;0.297,0.146,0.652,0.552,0.201,0.795,0.474,0.312,0.355,0.886;aa;
a;0.57,0.162,0.863,0.442,0.831,0.242,0.929,0.571,0.307,0.137;aaa;
a;0.298,0.387,0.125,0.389,0.689,0.331,0.087,0.361,0.596,0.877;aaaaaaaa;
aaa;0.855,0.855,0.632,0.489,0.824,0.591,0.402,0.457,0.705,0.966;a;
aaaaa;0.823,0.523,0.311,0.705,0.342,0.885,0.828,0.735,0.79,0.928;aaaaaa;
aaa;0.216,0.662,0.725,0.692,0.654,0.784,0.327,0.217,0.354,0.631;aaaa;
aaaaa;0.153,0.111,0.361,0.562,0.0852,0.167,0.0795,0.349,0.703,0.982;aaaaaaaaaa;
aaaa;0.314,0.598,0.712,0.677,0.0627,0.0402,0.242,0.622,0.488,0.432;aaaaaaaaa;
aaa;0.322,0.142,0.591,0.813,0.256,0.71,0.201,0.0159,0.347,0.617;aaaaa;
aaaaa;0.385,0.948,0.623,0.531,0.294,0.348,0.00329,0.864,0.351,0.442;aaaaaaaaa;
aa;0.896,0.853,0.06,0.329,0.629,0.95,0.688,0.587,0.762,0.0574;aaaa;
aa;0.192,0.849,0.419,0.173,0.39,0.909,0.435,0.0569,0.704,0.685;a;
aaaa;0.986,0.525,0.936,0.775,0.825,0.147,0.895,0.258,0.366,0.287;aaaaaaa;
aa;0.601,0.993,0.295,0.351,0.626,0.202,0.111,0.0521,0.961,0.205;aa;
aaaaa;0.815,0.223,0.681,0.559,0.713,0.189,0.123,0.698,0.709,0.0552;aaa;
a;0.0889,0.184,0.668,0.591,0.911,0.872,0.426,0.872,0.685,0.0714;aaaaaaaaa;
aa;0.431,0.209,0.935,0.532,0.69,0.815,0.288,0.71,0.616,0.681;aaaaa;
aaaaa;0.74,0.00722,0.695,0.11,0.5,0.274,0.839,0.452,0.437,0.0949;aaaaaa;
aa;0.513,0.816,0.0875,0.189,0.626,0.327,0.32,0.351,0.748,0.58;aaaaaaaa;
aaaa;0.0366,0.599,0.214,0.786,0.912,0.962,0.0573,0.232,0.212,0.622;aaaaa;
aaa;0.959,0.401,0.551,0.513,0.252,0.498,0.939,0.772,0.147,0.439;aaaaaa;
a;0.297,0.862,0.415,0.367,0.515,0.462,0.151,0.248,0.527,0.607;aaaaaaaa;
a;0.081,0.651,0.0226,0.605,0.605,0.221,0.951,0.923,0.361,0.221;aaaaaa;
aaa;0.387,0.447,0.229,0.692,0.454,0.364,0.885,0.048,0.238,0.559;aaa;
aa;0.815,0.822,0.721,0.628,0.36,0.193,0.319,0.0654,0.637,0.154;a;
aaa;0.61,0.245,0.456,0.69,0.964,0.568,0.367,0.497,0.232,0.268;aaaa;
aaaa;0.138,0.015,0.0428,0.196,0.513,0.0191,0.412,0.465,0.684,0.556;aaaaaaaaaa;
aaaaa;0.52,0.879,0.271,0.447,0.9,0.965,0.666,0.906,0.652,0.0543;aaaaaaaa;
aa;0.304,0.625,0.359,0.0623,0.772,0.214,0.00326,0.806,0.551,0.831;aaaaaaaa;
aa;0.225,0.603,0.74,0.457,0.666,0.13,0.845,0.74,0.212,0.228;aaaaaaaa;
aaaa;0.905,0.465,0.0582,0.577,0.286,0.142,0.065,0.328,0.657,0.902;aaaaa;
aa;0.579,0.65,0.931,0.0694,0.975,0.00891,0.926,0.114,0.324,0.682;aaa;
aaaa;0.45,0.804,0.747,0.305,0.373,0.775,0.756,0.793,0.256,0.462;aaa;
aa;0.123,0.337,0.294,0.181,0.877,0.418,0.344,0.0349,0.869,0.234;aaaaaaa;
aaaa;0.00589,0.45,0.631,0.00554,0.74,0.965,0.308,0.57,0.672,0.413;aaaaaaaaaa;
aa;0.0946,0.981,0.916,0.673,0.699,0.501,0.371,0.625,0.221,0.652;aaaaaa;
aaaaa;0.714,0.828,0.302,0.0315,0.549,0.606,0.407,0.941,0.404,0.00661;aa;
aaa;0.251,0.831,0.494,0.824,0.084,0.893,0.362,0.469,0.437,0.225;a;
aaa;0.83,0.0047,0.433,0.74,0.4,0.49,0.247,0.526,0.745,0.808;aaaaaaaaa;
aa;0.7,0.583,0.0359,0.6,0.561,0.756,0.583,0.193,0.648,0.813;aaaaaaaaa;
a;0.465,0.302,0.464,0.33,0.266,0.41,0.667,0.476,0.0704,0.633;aaaaa;
aaaa;0.823,0.74,0.937,0.464,0.76,0.992,0.0256,0.771,0.0448,0.98;aaaaaa;
a;0.403,0.806,0.909,0.945,0.932,0.659,0.873,0.885,0.0222,0.976;aaaaaaa;
aa;0.203,0.792,0.307,0.464,0.719,0.197,0.297,0.471,0.135,0.362;aaaaaaaaaa;
aa;0.786,0.133,0.353,0.595,0.482,0.434,0.632,0.769,0.444,0.566;aaaa;
aaaaa;0.212,0.893,0.554,0.808,0.232,0.229,0.58,0.904,0.886,0.0716;aaaaaaaaaa;
a;0.407,0.133,0.654,0.991,0.735,0.146,0.544,0.421,0.385,0.502;aa;
aaa;0.986,0.0527,0.64,0.893,0.327,0.722,0.323,0.116,0.0572,0.718;aaaaaaaaa;
aa;0.362,0.32,0.447,0.571,0.956,0.245,0.559,0.743,0.515,0.319;aaaaaaa;
a;0.175,0.215,0.38,0.475,0.459,0.784,0.457,0.989,0.653,0.52;aa;
aaa;0.124,0.348,0.211,0.93,0.225,0.382,0.0884,0.404,0.191,0.559;aaaa;
aaaa;0.689,0.582,0.54,0.754,0.296,0.611,0.778,0.986,0.225,0.302;aaaaaaa;
a;0.927,0.888,0.403,0.135,0.756,0.224,0.599,0.187,0.875,0.643;aaaaaaaaaa;
a;0.153,0.393,0.756,0.514,0.762,0.579,0.258,0.95,0.892,0.762;aaaaaaa;
aaaa;0.0467,0.0958,0.56,0.441,0.681,0.336,0.881,0.925,0.166,0.579;aaaa;
aaaa;0.883,0.549,0.104,0.781,0.73,0.909,0.954,0.837,0.244,0.0677;aaaa;
aa;0.11,0.591,0.38,0.561,0.0336,0.263,0.171,0.573,0.644,0.0676;aaaaaaaaa;
aaaa;0.867,0.235,0.944,0.697,0.253,0.415,0.0736,0.58,0.337,0.284;aaaaaaaaaa;
aaa;0.143,0.166,0.858,0.853,0.864,0.181,0.948,0.129,0.904,0.402;aaaa;
aa;0.0786,0.257,0.212,0.0252,0.244,0.458,0.393,0.484,0.481,0.651;a;
aaaaa;0.197,0.168,0.377,0.869,0.909,0.912,0.186,0.879,0.752,0.326;aa;
aaaaa;0.534,0.346,0.992,0.104,0.352,0.0192,0.96,0.508,0.989,0.148;aaaa;
aa;0.0139,0.891,0.132,0.163,0.0126,0.0977,0.048,0.218,0.753,0.905;aaaaaaaa;
aaa;0.205,0.148,0.842,0.144,0.742,0.448,0.515,0.326,0.231,0.388;aaaaaaaa;
aaa;0.537,0.147,0.8,0.359,0.749,0.183,0.707,0.95,0.818,0.75;aaa;
aaaa;0.348,0.128,0.734,0.0516,0.185,0.84,0.801,0.0267,0.554,0.946;aa;
aaaaa;0.195,0.557,0.677,0.973,0.567,0.766,0.509,0.427,0.232,0.368;aaaaaaa;
aaaa;0.25,0.17,0.0907,0.69,0.289,0.477,0.805,0.781,0.573,0.457;aaaaaaaaaa;
aa;0.431,0.988,0.758,0.296,0.256,0.943,0.359,0.929,0.347,0.507;aaaaaaaaaa;
aaa;0.383,0.0514,0.0366,0.368,0.709,0.0244,0.0563,0.974,0.376,0.905;aa;
aaaaa;0.623,0.64,0.96,0.249,0.607,0.101,0.495,0.738,0.428,0.312;aaaa;
aaa;0.73,0.581,0.051,0.0495,0.486,0.777,0.492,0.144,0.347,0.185;aa;
aaa;0.887,0.805,0.405,0.354,0.313,0.428,0.884,0.667,0.63,0.98;aaaaaaa;
aaaa;0.571,0.609,0.3,0.365,0.457,0.898,0.55,0.636,0.78,0.738;aaa;
aaa;0.993,0.875,0.759,0.86,0.34,0.432,0.188,0.116,0.352,0.163;aaaaaaa;
aaa;0.695,0.602,0.444,0.645,0.914,0.579,0.891,0.976,0.263,0.83;aa;
aaa;0.669,0.51,0.439,0.308,0.464,0.865,0.796,0.308,0.902,0.00858;a;
aaa;0.396,0.7,0.973,0.302,0.892,0.0911,0.182,0.248,0.365,0.836;aaaaa;
aaaa;0.428,0.718,0.692,0.551,0.199,0.34,0.291,0.22,0.806,0.801;aaaaaaaa;
aaa;0.139,0.501,0.395,0.467,0.23,0.671,0.609,0.383,0.91,0.0647;a;
aaa;0.24,0.557,0.181,0.427,0.912,0.205,0.595,0.646,0.447,0.26;aa;
aaaa;0.497,0.19,0.163,0.888,0.484,0.903,0.677,0.195,0.0695,0.25;aa;
aaaa;0.693,0.446,0.362,0.223,0.777,0.583,0.119,0.637,0.952,0.493;aaaaaaaaa;
aaa;0.566,0.87,0.862,0.947,0.868,0.283,0.513,0.367,0.392,0.929;aaaaaaaa;
a;0.0284,0.4,0.961,0.739,0.00629,0.0121,0.304,0.275,0.896,0.637;aaaaaa;
a;0.503,0.961,0.378,0.0749,0.592,0.32,0.347,0.394,0.433,0.369;aaaaa;
aaa;0.801,0.0449,0.354,0.636,0.761,0.277,0.723,0.353,0.948,0.0938;aaaaa;
aa;0.308,0.349,0.792,0.98,0.974,0.218,0.914,0.686,0.86,0.00506;aa;
aaaaa;0.743,0.0645,0.646,0.647,0.928,0.555,0.553,0.449,0.821,0.0855;aaaaaaaa;
aaaaa;0.228,0.807,0.372,0.84,0.994,0.0792,0.459,0.449,0.778,0.611;aaaaaaaaaa;
aaaaa;0.889,0.319,0.351,0.174,0.469,0.739,0.371,0.545,0.0162,0.777;aaaaaa;
aaaaa;0.133,0.402,0.679,0.0105,0.0805,0.105,0.0846,0.93,0.801,0.00532;aaa;
aaa;0.414,0.814,0.157,0.145,0.774,0.595,0.496,0.656,0.398,0.829;aaaaaaaa;
aa;0.398,0.913,0.884,0.74,0.769,0.449,0.0348,0.76,0.454,0.715;a;
a;0.77,0.959,0.272,0.292,0.382,0.107,0.916,0.712,0.628,0.15;aa;
a;0.531,0.337,0.814,0.456,0.425,0.0959,0.78,0.632,0.77,0.985;aaaa;
a;0.17,0.79,0.418,0.506,0.023,0.0432,0.916,0.892,0.18,0.276;aaaaa;
aa;0.743,0.451,0.256,0.544,0.208,0.33,0.429,0.824,0.572,0.158;aaaaaaaa;
aa;0.00971,0.096,0.0772,0.921,0.548,0.383,0.373,0.695,0.73,0.279;aaaa;
aa;0.882,0.447,0.608,0.517,0.712,0.162,0.656,0.0893,0.44,0.044;aaaaaaaaaa;
aa;0.702,0.462,0.338,0.276,0.325,0.165,0.157,0.437,0.567,0.363;aaaaaaaaa;
aaa;0.246,0.806,0.512,0.592,0.342,0.84,0.668,0.89,0.237,0.162;aaaaa;
aaaa;0.648,0.215,0.218,0.389,0.232,0.0267,0.205,0.83,0.308,0.657;aaaaaaa;
aa;0.00971,0.096,0.0772,0.921,0.548,0.383,0.373,0.695,0.73,0.279;aaa;
aa;0.882,0.447,0.608,0.517,0.712,0.162,0.656,0.0893,0.44,0.044;aaa;
aa;0.702,0.462,0.338,0.276,0.325,0.165,0.157,0.437,0.567,0.363;aaaaaaa;
aaa;0.246,0.806,0.512,0.592,0.342,0.84,0.668,0.89,0.237,0.162;aaaaaaaa;
aaaa;0.648,0.215,0.218,0.389,0.232,0.0267,0.205,0.83,0.308,0.657;aaaaa;
aa;0.00971,0.096,0.0772,0.921,0.548,0.383,0.373,0.695,0.73,0.279;a;
aa;0.882,0.447,0.608,0.517,0.712,0.162,0.656,0.0893,0.44,0.044;aaaaaaaa;
aa;0.702,0.462,0.338,0.276,0.325,0.165,0.157,0.437,0.567,0.363;aaaaaaaaaa;
aaa;0.246,0.806,0.512,0.592,0.342,0.84,0.668,0.89,0.237,0.162;aaaaaaaa;
aaaa;0.648,0.215,0.218,0.389,0.232,0.0267,0.205,0.83,0.308,0.657;aaaaaaa;
aa;0.00971,0.096,0.0772,0.921,0.548,0.383,0.373,0.695,0.73,0.279;aaaaaa;
aa;0.882,0.447,0.608,0.517,0.712,0.162,0.656,0.0893,0.44,0.044;aaaa;
aa;0.702,0.462,0.338,0.276,0.325,0.165,0.157,0.437,0.567,0.363;aaa;
aaa;0.246,0.806,0.512,0.592,0.342,0.84,0.668,0.89,0.237,0.162;aaa;
aaaa;0.648,0.215,0.218,0.389,0.232,0.0267,0.205,0.83,0.308,0.657;aaaaa;
aa;0.00971,0.096,0.0772,0.921,0.548,0.383,0.373,0.695,0.73,0.279;aaaaaa;
aa;0.882,0.447,0.608,0.517,0.712,0.162,0.656,0.0893,0.44,0.044;aaaaaaaaaa;
aa;0.702,0.462,0.338,0.276,0.325,0.165,0.157,0.437,0.567,0.363;aaaaaaa;
aaa;0.246,0.806,0.512,0.592,0.342,0.84,0.668,0.89,0.237,0.162;aaaaaaaaaa;
aaaa;0.648,0.215,0.218,0.389,0.232,0.0267,0.205,0.83,0.308,0.657;aaaaaaaaa;
aa;0.00971,0.096,0.0772,0.921,0.548,0.383,0.373,0.695,0.73,0.279;aaaaa;
aa;0.882,0.447,0.608,0.517,0.712,0.162,0.656,0.0893,0.44,0.044;aaaaaaaaa;
aa;0.702,0.462,0.338,0.276,0.325,0.165,0.157,0.437,0.567,0.363;aaaaaaa;
aaa;0.246,0.806,0.512,0.592,0.342,0.84,0.668,0.89,0.237,0.162;a;
aaaa;0.648,0.215,0.218,0.389,0.232,0.0267,0.205,0.83,0.308,0.657;aaaaaa;
aa;0.00971,0.096,0.0772,0.921,0.548,0.383,0.373,0.695,0.73,0.279;aaaaaaaa;
aa;0.882,0.447,0.608,0.517,0.712,0.162,0.656,0.0893,0.44,0.044;aaaaaa;
aa;0.702,0.462,0.338,0.276,0.325,0.165,0.157,0.437,0.567,0.363;aaaaaaaaa;
aaa;0.246,0.806,0.512,0.592,0.342,0.84,0.668,0.89,0.237,0.162;aaaaaa;
aaaa;0.648,0.215,0.218,0.389,0.232,0.0267,0.205,0.83,0.308,0.657;aaaa;
aa;0.00971,0.096,0.0772,0.921,0.548,0.383,0.373,0.695,0.73,0.279;aaaaa;
aa;0.882,0.447,0.608,0.517,0.712,0.162,0.656,0.0893,0.44,0.044;aaaaaaa;
aa;0.702,0.462,0.338,0.276,0.325,0.165,0.157,0.437,0.567,0.363;aaaaaaa;
aaa;0.246,0.806,0.512,0.592,0.342,0.84,0.668,0.89,0.237,0.162;aaaaaaaaaa;
aaaa;0.648,0.215,0.218,0.389,0.232,0.0267,0.205,0.83,0.308,0.657;aaaaaaa;
aa;0.00971,0.096,0.0772,0.921,0.548,0.383,0.373,0.695,0.73,0.279;aaaaaaa;
aa;0.882,0.447,0.608,0.517,0.712,0.162,0.656,0.0893,0.44,0.044;a;
aa;0.702,0.462,0.338,0.276,0.325,0.165,0.157,0.437,0.567,0.363;aaaaaaaaa;
aaa;0.246,0.806,0.512,0.592,0.342,0.84,0.668,0.89,0.237,0.162;aaaa;
aaaa;0.648,0.215,0.218,0.389,0.232,0.0267,0.205,0.83,0.308,0.657;aaaaaaaaaa;
aa;0.00971,0.096,0.0772,0.921,0.548,0.383,0.373,0.695,0.73,0.279;aaaaaa;
aa;0.882,0.447,0.608,0.517,0.712,0.162,0.656,0.0893,0.44,0.044;aaaa;
aa;0.702,0.462,0.338,0.276,0.325,0.165,0.157,0.437,0.567,0.363;a;
aaa;0.246,0.806,0.512,0.592,0.342,0.84,0.668,0.89,0.237,0.162;aaaaaaaa;
aaaa;0.648,0.215,0.218,0.389,0.232,0.0267,0.205,0.83,0.308,0.657;a;
aa;0.00971,0.096,0.0772,0.921,0.548,0.383,0.373,0.695,0.73,0.279;aaaaaaaaaa;
aa;0.882,0.447,0.608,0.517,0.712,0.162,0.656,0.0893,0.44,0.044;aaaaaa;
aa;0.702,0.462,0.338,0.276,0.325,0.165,0.157,0.437,0.567,0.363;aaa;
aaa;0.246,0.806,0.512,0.592,0.342,0.84,0.668,0.89,0.237,0.162;aaaaaaaa;
aaaa;0.648,0.215,0.218,0.389,0.232,0.0267,0.205,0.83,0.308,0.657;aaaaaaaa;
