ATT0(string,3);ATT1(float,10);ATT2(string,10);
aa;0.23,0.608,0.913,0.676,0.42,0.2,0.317,0.802,0.48,0.191;aaaa;
aaa;0.746,0.747,0.802,0.0259,0.856,0.332,0.214,0.424,0.106,0.396;aaaaaaaa;
a;0.371,0.294,0.708,0.974,0.873,0.78,0.665,0.464,0.286,0.00391;aaaaaaa;
aa;0.901,0.714,0.78,0.25,0.0372,0.705,0.137,0.79,0.934,0.937;aaaaaaaaa;
aaa;0.837,0.309,0.671,0.675,0.316,0.841,0.351,0.655,0.622,0.889;aaaa;
a;0.402,0.562,0.0622,0.819,0.569,0.454,0.787,0.244,0.0444,0.502;aa;
aaa;0.308,0.186,0.237,0.166,0.769,0.836,0.512,0.471,0.927,0.265;aa;
aaa;0.565,0.142,0.749,0.232,0.756,0.023,0.152,0.803,0.557,0.468;a;
a;0.247,0.191,0.802,0.524,0.217,0.0928,0.64,0.221,0.379,0.0907;aaaaaaaa;
aa;0.738,0.941,0.706,0.96,0.432,0.521,0.415,0.242,0.801,0.283;aaaa;
aaa;0.654,0.331,0.732,0.904,0.019,0.347,0.511,0.345,0.0681,0.346;aaaaa;
aaa;0.535,0.485,0.247,0.371,0.568,0.9,0.821,0.936,0.296,0.274;aaaaaaaaa;
a;0.893,0.886,0.258,0.952,0.217,0.738,0.657,0.958,0.732,0.78;aaa;
a;0.376,0.748,0.753,0.31,0.56,0.275,0.679,0.449,0.0165,0.0203;aaaa;
a;0.355,0.29,0.887,0.402,0.542,0.584,0.0849,0.48,0.885,0.317;aaaaaaaaaa;
aaa;0.4,0.876,0.667,0.55,0.342,0.487,0.39,0.851,0.0542,0.165;a;
aa;0.894,0.656,0.117,0.902,0.71,0.278,0.942,0.866,0.561,0.808;a;
a;0.633,0.532,0.128,0.654,0.852,0.302,0.432,0.165,0.31,0.729;aa;
aaa;0.885,0.588,0.0958,0.298,0.318,0.087,0.69,0.531,0.746,0.0022;aaaaaa;
aaa;0.469,0.00304,0.838,0.282,0.401,0.861,0.491,0.0832,0.916,0.399;aaaaaaaa;
a;0.327,0.276,0.163,0.667,0.196,0.524,0.322,0.152,0.519,0.365;aa;
aa;0.103,0.94,0.0728,0.76,0.344,0.0296,0.0827,0.299,0.927,0.258;aa;
aaa;0.965,0.221,0.575,0.251,0.459,0.766,0.674,0.764,0.875,0.156;aa;
aaa;0.802,0.66,0.939,0.81,0.147,0.726,0.384,0.255,0.564,0.989;aa;
aaa;0.862,0.98,0.387,0.695,0.933,0.752,0.26,0.892,0.222,0.394;aa;
aa;0.553,0.141,0.159,0.509,0.706,0.217,0.0305,0.312,0.0836,0.898;aaaaa;
aaa;0.37,0.102,0.691,0.658,0.278,0.857,0.784,0.171,0.5,0.0904;aaa;
aaa;0.707,0.776,0.907,0.388,0.969,0.305,0.797,0.592,0.257,0.327;aaaaaaaa;
a;0.549,0.601,0.938,0.962,0.232,0.965,0.126,0.867,0.662,0.324;aaaaaaaaaa;
aaa;0.147,0.638,0.697,0.712,0.981,0.279,0.852,0.349,0.815,0.31;aaaaaaa;
aaa;0.138,0.81,0.0758,0.869,0.677,0.821,0.302,0.677,0.704,0.589;aaaaaaaaa;
a;0.263,0.435,0.32,0.26,0.935,0.204,0.715,0.5,0.715,0.191;aaaaaaa;
aa;0.541,0.684,0.491,0.296,0.357,0.0644,0.6,0.923,0.655,0.493;aaaaa;
aaa;0.509,0.0208,0.335,0.584,0.875,0.109,0.13,0.867,0.902,0.128;aaaaaaaaa;
aaa;0.531,0.866,0.591,0.335,0.252,0.666,0.926,0.0339,0.621,0.246;aaaaa;
aaa;0.755,0.836,0.388,0.878,0.683,0.58,0.172,0.819,0.878,0.199;aaaaaaaaaa;
a;0.68,0.304,0.0605,0.318,0.256,0.655,0.339,0.32,0.604,0.827;aaaaaa;
a;0.88,0.588,0.399,0.589,0.732,0.216,0.16,0.675,0.98,0.196;aaa;
aa;0.652,0.343,0.911,0.217,0.0587,0.256,0.333,0.0328,0.646,0.134;aaaaaaaaaa;
a;0.138,0.876,0.429,0.00532,0.765,0.575,0.102,0.679,0.928,0.345;aaa;
aa;0.792,0.386,0.62,0.0121,0.109,0.26,0.405,0.549,0.288,0.772;aaaaaa;
aaa;0.207,0.0675,0.349,0.967,0.309,0.0181,0.918,0.983,0.472,0.23;aaaaaaaa;
aaa;0.452,0.239,0.632,0.947,0.319,0.783,0.179,0.897,0.548,0.166;aaaaaaa;
a;0.281,0.752,0.768,0.202,0.816,0.254,0.788,0.506,0.328,0.838;a;
aaa;0.728,0.0854,0.45,0.0967,0.472,0.374,0.548,0.703,0.997,0.213;aaaaaaaa;
aa;0.52,0.689,0.545,0.525,0.529,0.142,0.375,0.356,0.486,0.137;aaaa;
aaa;0.601,0.1,0.569,0.209,0.335,0.908,0.217,0.322,0.25,0.478;aaaaaaa;
aa;0.11,0.373,0.905,0.734,0.846,0.917,0.291,0.899,0.114,0.503;aaa;
aaa;0.345,0.153,0.0919,0.0486,0.134,0.137,0.724,0.733,0.578,0.89;aaa;
aa;0.536,0.251,0.508,0.387,0.624,0.844,0.263,0.88,0.0227,0.414;aaaaaaaaaa;
aaa;0.534,0.614,0.287,0.923,0.439,0.569,0.11,0.593,0.872,0.345;aaaaaaaa;
a;0.242,0.578,0.168,0.452,0.362,0.828,0.693,0.472,0.734,0.51;aaaaaa;
aaa;0.813,0.903,0.221,0.397,0.966,0.551,0.649,0.841,0.74,0.985;aaaaaa;
a;0.51,0.121,0.509,0.725,0.442,0.125,0.367,0.804,0.591,0.472;aaaaaa;
aaa;0.0993,0.781,0.0719,0.494,0.532,0.827,0.558,0.292,0.024,0.823;aaaaaaaa;
a;0.666,0.409,0.564,0.415,0.205,0.429,0.525,0.682,0.635,0.538;aaaaaaa;
a;0.366,0.385,0.76,0.00465,0.062,0.81,0.682,0.587,0.955,0.646;aaaa;
aa;0.9,0.899,0.319,0.449,0.572,0.566,0.306,0.23,0.152,0.584;a;
aa;0.822,0.571,0.554,0.724,0.651,0.238,0.119,0.557,0.454,0.269;aaaaaaaaaa;
aa;0.172,0.774,0.617,0.856,0.212,0.339,0.0975,0.45,0.409,0.0299;aaaaaaaaa;
aa;0.972,0.391,0.914,0.561,0.673,0.0873,0.429,0.402,0.626,0.83;aaa;
a;0.0782,0.985,0.809,0.617,0.877,0.606,0.0578,0.686,0.493,0.192;aaaaaaaaa;
aaa;0.571,0.136,0.86,0.896,0.674,0.88,0.619,0.553,0.98,0.844;a;
aaa;0.509,0.738,0.0965,0.578,0.334,0.0381,0.442,0.2,0.684,0.28;aaaaaaa;
aa;0.261,0.183,0.792,0.916,0.751,0.0269,0.96,0.931,0.307,0.0881;aa;
a;0.0588,0.437,0.233,0.789,0.0282,0.714,0.622,0.109,0.373,0.107;aaaaaaaaa;
a;0.471,0.965,0.414,0.215,0.812,0.469,0.784,0.889,0.474,0.592;a;
aa;0.959,0.963,0.845,0.36,0.677,0.224,0.316,0.461,0.9,0.739;aaaaa;
a;0.782,0.85,0.262,0.827,0.0625,0.634,0.246,0.739,0.297,0.154;aaaaaa;
aaa;0.798,0.767,0.753,0.713,0.462,0.551,0.405,0.586,0.285,0.847;aaaaa;
aaa;0.359,0.419,0.385,0.583,0.698,0.159,0.0309,0.127,0.777,0.497;aaaaaaa;
a;0.634,0.211,0.696,0.37,0.825,0.0478,0.477,0.226,0.0106,0.338;aaa;
a;0.167,0.0222,0.384,0.326,0.353,0.157,0.898,0.283,0.911,0.686;aaa;
aa;0.197,0.821,0.854,0.454,0.0877,0.185,0.573,0.158,0.355,0.425;aaaaaaaaa;
aa;0.0294,0.781,0.654,0.181,0.0952,0.28,0.441,0.13,0.76,0.576;aaa;
a;0.699,0.912,0.458,0.104,0.333,0.377,0.00545,0.219,0.539,0.49;aaaaaaaa;
a;0.772,0.337,0.133,0.241,0.312,0.0881,0.119,0.62,0.894,0.495;aa;
aa;0.649,0.728,0.0533,0.295,0.229,0.871,0.664,0.146,0.523,0.151;aaaa;
aa;0.425,0.0219,0.915,0.721,0.177,0.384,0.873,0.653,0.421,0.345;aaaaaaa;
a;0.779,0.639,0.992,0.186,0.695,0.781,0.38,0.289,0.881,0.57;aaaaaaaaaa;
aa;0.593,0.824,0.223,0.513,0.806,0.278,0.951,0.925,0.424,0.691;aaaaaa;
a;0.528,0.0498,0.117,0.451,0.587,0.272,0.799,0.258,0.878,0.38;aaa;
aa;0.535,0.766,0.548,0.895,0.0318,0.428,0.245,0.485,0.0975,0.0318;aaaaaaaaa;
aa;0.747,0.318,0.745,0.955,0.143,0.857,0.114,0.875,0.902,0.643;aa;
aa;0.456,0.111,0.442,0.105,0.614,0.132,0.41,0.293,0.0191,0.113;aaa;
aaa;0.611,0.886,0.467,0.81,0.239,0.0654,0.99,0.286,0.93,0.312;aaaaaaaa;
aa;0.721,0.835,0.9,0.978,0.0766,0.334,0.113,0.0407,0.462,0.537;aaaa;
aa;0.156,0.0414,0.677,0.108,0.203,0.283,0.458,0.293,0.199,0.114;aaaaaa;
aa;0.91,0.488,0.234,0.714,0.623,0.895,0.772,0.272,0.712,0.467;aaaaaa;
a;0.232,0.726,0.963,0.399,0.886,0.793,0.348,0.557,0.859,0.152;aaaa;
aaa;0.174,0.208,0.299,0.481,0.603,0.435,0.628,0.167,0.173,0.121;aaa;
a;0.874,0.66,0.423,0.244,0.83,0.849,0.0758,0.218,0.0566,0.163;aaa;
a;0.124,0.459,0.602,0.699,0.0865,0.142,0.397,0.718,0.886,0.76;aaaaaa;
a;0.514,0.961,0.349,0.766,0.84,0.854,0.219,0.138,0.68,0.237;aaaaaaaa;
a;0.795,0.206,0.656,0.799,0.383,0.314,0.606,0.434,0.787,0.838;aaaaaaaaa;
aaa;0.25,0.0209,0.986,0.629,0.364,0.89,0.404,0.352,0.916,0.242;aaaaa;
aaa;0.549,0.448,0.81,0.904,0.168,0.691,0.191,0.965,0.145,0.713;aaaaaaaa;
aaa;0.761,0.139,0.639,0.777,0.999,0.227,0.692,0.983,0.707,0.291;aaa;
aa;0.605,0.779,0.786,0.708,0.772,0.859,0.325,0.347,0.871,0.241;aa;
aa;0.51,0.72,0.197,0.599,0.636,0.685,0.733,0.29,0.662,0.246;aaa;
aaa;0.669,0.872,0.646,0.862,0.535,0.727,0.397,0.84,0.434,0.782;aaaa;
aa;0.389,0.564,0.302,0.332,0.905,0.121,0.0782,0.693,0.565,0.29;aaaaaaaa;
a;0.776,0.0352,0.408,0.707,0.947,0.169,0.295,0.12,0.759,0.118;aaaaaaaaa;
aa;0.58,0.721,0.894,0.78,0.364,0.781,0.262,0.951,0.243,0.475;aaaa;
aa;0.619,0.699,0.734,0.0254,0.802,0.528,0.127,0.401,0.438,0.96;aaa;
a;0.238,0.0511,0.595,0.583,0.141,0.655,0.129,0.158,0.68,0.417;aaaaaaaaa;
aaa;0.386,0.083,0.803,0.497,0.52,0.627,0.312,0.718,0.224,0.278;aa;
a;0.167,0.92,0.745,0.0827,0.729,0.121,0.674,0.131,0.847,0.0662;aaa;
a;0.923,0.234,0.644,0.833,0.932,0.6,0.924,0.469,0.493,0.497;aaaaaa;
aaa;0.154,0.852,0.441,0.984,0.733,0.105,0.276,0.266,0.826,0.251;aaaaa;
aa;0.277,0.856,0.241,0.7,0.173,0.48,0.982,0.459,0.791,0.0371;aaaaaa;
aa;0.78,0.935,0.0223,0.0714,0.302,0.697,0.0173,0.68,0.366,0.851;aaaa;
aa;0.0127,0.555,0.413,0.243,0.574,0.669,0.736,0.152,0.937,0.5;aaaaaaaaa;
aa;0.879,0.932,0.336,0.274,0.752,0.434,0.276,0.171,0.235,0.687;aaaaaa;
aa;0.173,0.779,0.257,0.446,0.829,0.585,0.572,0.939,0.73,0.0383;aaaaaaa;
a;0.456,0.892,0.388,0.859,0.21,0.786,0.663,0.198,0.0161,0.338;aaaaaaa;
aa;0.0584,0.44,0.998,0.0637,0.107,0.918,0.892,0.498,0.411,0.939;aaaaaaaaa;
aa;0.429,0.815,0.596,0.00585,0.909,0.259,0.0469,0.822,0.831,0.841;aaa;
aaa;0.386,0.877,0.664,0.953,0.53,0.485,0.142,0.946,0.723,0.173;a;
aaa;0.848,0.189,0.937,0.839,0.958,0.195,0.902,0.503,0.805,0.585;a;
aaa;0.469,0.0304,0.00895,0.117,0.952,0.348,0.976,0.407,0.931,0.893;aaaaaaa;
aa;0.983,0.74,0.615,0.223,0.354,0.0686,0.455,0.234,0.308,0.716;aaaaaaa;
aaa;0.0529,0.353,0.72,0.453,0.00261,0.611,0.228,0.721,0.629,0.781;aaaaaaa;
aa;0.295,0.258,0.564,0.437,0.982,0.356,0.793,0.887,0.105,0.843;a;
a;0.424,0.388,0.514,0.931,0.106,0.86,0.151,0.498,0.855,0.779;aaaaaaaaa;
aaa;0.141,0.171,0.619,0.453,0.0853,0.792,0.099,0.809,0.358,0.174;aaaaaaaa;
a;0.285,0.736,0.446,0.574,0.912,0.634,0.749,0.0592,0.358,0.222;aaaaaaa;
aaa;0.0851,0.407,0.261,0.857,0.311,0.959,0.0783,0.0551,0.665,0.174;aaaaaaaaa;
aa;0.883,0.607,0.937,0.325,0.213,0.301,0.871,0.936,0.497,0.0339;aaaaa;
aa;0.761,0.87,0.612,0.195,0.95,0.901,0.381,0.693,0.507,0.355;aaaaaaaaa;
aaa;0.398,0.167,0.318,0.123,0.594,0.00524,0.639,0.408,0.204,0.226;aaaaaaaaaa;
aa;0.979,0.961,0.0546,0.826,0.405,0.263,0.245,0.129,0.643,0.817;aaaaaaaaa;
a;0.365,0.492,0.548,0.107,0.538,0.607,0.256,0.0523,0.532,0.511;aaaa;
aa;0.364,0.966,0.238,0.207,0.248,0.86,0.713,0.166,0.252,0.639;aa;
aa;0.00143,0.672,0.966,0.392,0.145,0.684,0.416,0.808,0.484,0.189;aaaaaaa;
aa;0.112,0.987,0.589,0.953,0.953,0.788,0.136,0.45,0.774,0.645;aaaaaaaaaa;
a;0.975,0.0422,0.132,0.467,0.0296,0.432,0.905,0.777,0.252,0.62;aa;
aa;0.718,0.475,0.965,0.974,0.498,0.574,0.483,0.915,0.343,0.0746;aaaaaaaaaa;
aa;0.212,0.306,0.929,0.766,0.404,0.724,0.422,0.0515,0.419,0.193;aa;
a;0.212,0.479,0.245,0.23,0.397,0.776,0.769,0.0954,0.283,0.253;aa;
a;0.938,0.0423,0.475,0.579,0.0742,0.455,0.0383,0.704,0.215,0.759;aaaaaaaa;
a;0.0863,0.915,0.6,0.192,0.26,0.913,0.481,0.326,0.863,0.00872;aaaaaaaaa;
aaa;0.174,0.687,0.567,0.941,0.66,0.769,0.109,0.481,0.671,0.292;aaaaaaaa;
a;0.663,0.413,0.346,0.913,0.561,0.0501,0.392,0.449,0.653,0.683;aaaaaa;
aa;0.686,0.0274,0.0864,0.668,0.69,0.942,0.579,0.941,0.0068,0.346;aaaaaa;
aa;0.982,0.597,0.249,0.237,0.805,0.174,0.144,0.545,0.62,0.706;aaaa;
aa;0.806,0.783,0.436,0.789,0.99,0.646,0.324,0.142,0.766,0.262;aa;
a;0.8,0.575,0.906,0.307,0.473,0.597,0.283,0.989,0.133,0.841;aaaaaaaaa;
a;0.77,0.565,0.155,0.192,0.887,0.731,0.0305,0.99,0.866,0.341;aaa;
a;0.646,0.853,0.883,0.785,0.796,0.543,0.792,0.787,0.738,0.0907;aaa;
aa;0.199,0.324,0.0594,0.468,0.0822,0.0127,0.0125,0.0785,0.654,0.351;aaaaaa;
aa;0.83,0.256,0.863,0.589,0.594,0.479,0.632,0.798,0.813,0.937;aaaaaaaa;
aaa;0.575,0.373,0.404,0.219,0.484,0.297,0.375,0.377,0.171,0.807;aa;
a;0.493,0.212,0.458,0.463,0.278,0.296,0.28,0.183,0.902,0.929;aaaaaaaaa;
aaa;0.483,0.14,0.0376,0.728,0.304,0.086,0.775,0.945,0.931,0.743;a;
a;0.925,0.211,0.326,0.393,0.797,0.181,0.746,0.868,0.898,0.556;aaaaaaaaaa;
aaa;0.867,0.6,0.92,0.73,0.181,0.317,0.857,0.808,0.74,0.262;aa;
aaa;0.152,0.386,0.107,0.491,0.608,0.863,0.64,0.0344,0.0284,0.42;aaaa;
aa;0.723,0.95,0.612,0.113,0.571,0.302,0.342,0.0923,0.612,0.921;aaaaaa;
a;0.0647,0.604,0.492,0.448,0.872,0.85,0.693,0.849,0.171,0.318;aaaaaaaaa;
aaa;0.813,0.65,0.38,0.44,0.534,0.726,0.0906,0.361,0.967,0.00474;aaaaaaaaa;
aaa;0.795,0.0359,0.0797,0.634,0.258,0.0796,0.443,0.799,0.362,0.35;aaaaaaa;
a;0.489,0.314,0.646,0.0789,0.565,0.929,0.833,0.843,0.395,0.972;a;
aaa;0.256,0.384,0.88,0.293,0.63,0.184,0.188,0.68,0.365,0.571;aaaaaaaaa;
aaa;0.902,0.646,0.713,0.484,0.342,0.744,0.954,0.161,0.846,0.605;a;
aaa;0.138,0.279,0.715,0.073,0.55,0.711,0.914,0.47,0.731,0.934;a;
aa;0.811,0.324,0.622,0.384,0.15,0.189,0.517,0.297,0.534,0.425;aaaaaaaaa;
a;0.694,0.358,0.862,0.379,0.281,0.057,0.253,0.186,0.591,0.755;a;
a;0.305,0.453,0.486,0.816,0.739,0.763,0.591,0.988,0.315,0.933;aaaaaaa;
a;0.171,0.68,0.793,0.862,0.427,0.65,0.686,0.732,0.155,0.3;aaaaaaaa;
aa;0.822,0.484,0.865,0.766,0.668,0.193,0.0184,0.454,0.285,0.285;aaaa;
a;0.359,0.412,0.992,0.151,0.821,0.906,0.98,0.058,0.747,0.532;aaaaa;
aaa;0.735,0.828,0.264,0.579,0.67,0.31,0.504,0.699,0.167,0.213;aaaaaaaaa;
a;0.906,0.192,0.483,0.125,0.254,0.59,0.681,0.186,0.0713,0.469;aaaaaaa;
aa;0.718,0.595,0.529,0.169,0.13,0.609,0.112,0.226,0.824,0.937;aaaaa;
a;0.521,0.28,0.548,0.888,0.8,0.417,0.639,0.254,0.302,0.602;aaaa;
a;0.862,0.334,0.228,0.379,0.422,0.622,0.223,0.672,0.702,0.416;a;
aaa;0.357,0.0376,0.213,0.803,0.142,0.221,0.107,0.292,0.482,0.835;aaaaaaaaaa;
a;0.247,0.168,0.62,0.538,0.905,0.619,0.962,0.883,0.446,0.781;aaaaaaa;
aaa;0.787,0.85,0.563,0.757,0.17,0.648,0.0402,0.39,0.242,0.989;aa;
a;0.826,0.0842,0.357,0.998,0.172,0.764,0.538,0.901,0.504,0.973;aa;
aa;0.653,0.704,0.918,0.715,0.759,0.748,0.714,0.297,0.957,0.449;aaaaaa;
aa;0.00492,0.91,0.285,0.601,0.396,0.794,0.961,0.516,0.753,0.972;aaaa;
aa;0.784,0.918,0.685,0.624,0.8,0.817,0.405,0.481,0.992,0.182;aaaaaaaaaa;
aa;0.985,0.0218,0.82,0.899,0.364,0.111,0.0551,0.417,0.817,0.935;aaaaaaa;
aa;0.121,0.00684,0.868,0.527,0.721,0.971,0.16,0.994,0.917,0.156;aaaaaaaa;
aa;0.533,0.251,0.968,0.214,0.687,0.851,0.887,0.688,0.748,0.0651;aaaaaa;
aaa;0.926,0.608,0.759,0.00751,0.00745,0.0108,0.184,0.038,0.884,0.501;aaaaaa;
aa;0.976,0.0817,0.086,0.0371,0.703,0.564,0.181,0.548,0.515,0.525;aaaaaa;
a;0.513,0.988,0.398,0.148,0.333,0.867,0.769,0.879,0.564,0.197;aaaaaaaa;
aa;0.492,0.224,0.278,0.98,0.342,0.877,0.624,0.058,0.771,0.773;aaaaaa;
aa;0.875,0.78,0.155,0.956,0.4,0.268,0.988,0.0409,0.985,0.425;aaaaaaaa;
aaa;0.258,0.393,0.61,0.774,0.784,0.0302,0.567,0.153,0.742,0.812;aa;
a;0.0113,0.921,0.847,0.283,0.774,0.203,0.209,0.797,0.324,0.708;aaaaa;
aa;0.656,0.69,0.659,0.672,0.89,0.837,0.1,0.79,0.428,0.81;aaaaaaaa;
aaa;0.111,0.776,0.479,0.578,0.668,0.943,0.542,0.993,0.498,0.265;aa;
aa;0.542,0.515,0.889,0.937,0.127,0.207,0.172,0.815,0.731,0.361;aaaa;
aa;0.487,0.927,0.328,0.774,0.265,0.457,0.554,0.703,0.0688,0.705;aaaaa;
a;0.779,0.404,0.772,0.00349,0.807,0.696,0.328,0.213,0.509,0.59;aaaaa;
a;0.0539,0.802,0.827,0.519,0.981,0.171,0.7,0.581,0.111,0.808;aaaaaaaaaa;
aaa;0.717,0.0119,0.0355,0.244,0.947,0.529,0.748,0.123,0.868,0.946;aaaaa;
aaa;0.721,0.32,0.747,0.0238,0.629,0.956,0.897,0.867,0.362,0.542;a;
a;0.609,0.593,0.529,0.766,0.611,0.261,0.498,0.314,0.591,0.247;aa;
aaa;0.676,0.152,0.0287,0.764,0.728,0.434,0.854,0.589,0.226,0.0388;aaaaaa;
aaa;0.612,0.78,0.0606,0.0553,0.123,0.692,0.476,0.712,0.2,0.15;aaaaaa;
aa;0.813,0.737,0.746,0.865,0.227,0.31,0.116,0.939,0.61,0.76;aaaaaaaaa;
aaa;0.611,0.611,0.904,0.244,0.529,0.922,0.636,0.376,0.894,0.659;a;
aa;0.898,0.823,0.534,0.552,0.37,0.136,0.854,0.755,0.2,0.0986;aa;
aaa;0.841,0.469,0.277,0.222,0.915,0.89,0.838,0.21,0.274,0.544;aaaa;
aa;0.49,0.103,0.698,0.244,0.837,1,0.409,0.206,0.236,0.269;aaaa;
a;0.752,0.0105,0.805,0.232,0.748,0.633,0.582,0.323,0.196,0.465;aaaaaaaa;
aaa;0.148,0.705,0.51,0.931,0.561,0.337,0.891,0.0618,0.551,0.311;aa;
a;0.896,0.416,0.283,0.613,0.198,0.148,0.177,0.76,0.727,0.507;aaa;
aa;0.213,0.179,0.853,0.436,0.365,0.502,0.585,0.422,0.905,0.718;aaaaaaa;
a;0.906,0.58,0.516,0.0978,0.148,0.627,0.859,0.691,0.206,0.642;aaaaaaaa;
aa;0.512,0.748,0.315,0.806,0.0116,0.642,0.0874,0.972,0.0854,0.959;aaa;
aa;0.328,0.236,0.0906,0.953,0.891,0.525,0.645,0.164,0.162,0.562;aaaaaaa;
aa;0.955,0.855,0.552,0.175,0.862,0.969,0.716,0.778,0.205,0.656;aaaa;
a;0.558,0.345,0.0552,0.927,0.0115,0.0255,0.609,0.81,0.334,0.719;aaa;
a;0.506,0.222,0.97,0.363,0.424,0.904,0.517,0.778,0.0262,0.00955;aaaaaaaa;
a;0.758,0.917,0.731,0.868,0.547,0.0385,0.619,0.714,0.78,0.39;aaaaaaaaaa;
aa;0.654,0.0541,0.428,0.0763,0.511,0.884,0.865,0.903,0.555,0.16;aaaaaaaaaa;
aaa;0.821,0.412,0.608,0.765,0.14,0.512,0.911,0.682,0.741,0.393;aaaaaaaa;
a;0.808,0.897,0.609,0.915,0.603,0.579,0.879,0.152,0.468,0.0941;aa;
aaa;0.946,0.509,0.931,0.691,0.232,0.357,0.77,0.73,0.775,0.605;aaa;
a;0.277,0.433,0.67,0.569,0.757,0.386,0.624,0.582,0.132,0.894;aaaaa;
aa;0.748,0.106,0.803,0.595,0.31,0.214,0.177,0.0766,0.000962,0.305;aaa;
aa;0.254,0.462,0.197,0.619,0.305,0.0584,0.856,0.074,0.124,0.529;aaaaa;
a;0.431,0.586,0.0535,0.0605,0.396,0.366,0.831,0.994,0.576,0.0903;aaaa;
aa;0.277,0.167,0.744,0.676,0.396,0.783,0.971,0.0659,0.899,0.331;aaaaaa;
aa;0.223,0.396,0.734,0.211,0.558,0.028,0.302,0.292,0.272,0.694;a;
a;0.18,0.45,0.962,0.683,0.816,0.346,0.741,0.368,0.957,0.286;aaaaaaaa;
aa;0.395,0.491,0.533,0.414,0.327,0.736,0.202,0.933,0.601,0.747;aaaa;
aaa;0.523,0.634,0.291,0.176,0.861,0.17,0.999,0.505,0.569,0.696;aaaaaaaaa;
a;0.616,0.245,0.163,0.985,0.903,0.607,0.72,0.867,0.0498,0.7;aaaa;
aa;0.955,0.63,0.841,0.615,0.6,0.45,0.114,0.222,0.0787,0.815;aaaaaa;
aaa;0.863,0.593,0.906,0.352,0.566,0.856,0.397,0.00596,0.426,0.306;aaaaaa;
a;0.841,0.0922,0.318,0.664,0.972,0.737,0.746,0.249,0.517,0.825;aaa;
aaa;0.0144,0.383,0.589,0.697,0.608,0.59,0.517,0.326,0.687,0.657;aaaaaaaa;
a;0.972,0.874,0.555,0.766,0.398,0.269,0.264,0.468,0.324,0.298;aaaaa;
aa;0.269,0.46,0.531,0.651,0.172,0.744,0.282,0.157,0.453,0.873;aaaaaaaaaa;
a;0.799,0.839,0.265,0.9,0.943,0.135,0.636,0.712,0.613,0.207;aaaaaa;
aa;0.657,0.0698,0.364,0.234,0.788,0.527,0.00388,0.574,0.409,0.762;aaaaaaaaaa;
aaa;0.797,0.67,0.527,0.0226,0.0855,0.194,0.36,0.225,0.313,0.316;aaaaaaaa;
aa;0.15,0.113,0.804,0.526,0.684,0.0802,0.649,0.34,0.67,0.282;aaaa;
aa;0.653,0.106,0.838,0.813,0.758,0.481,0.764,0.376,0.323,0.525;aaaaaaaaaa;
aa;0.512,0.418,0.681,0.918,0.369,0.762,0.934,0.163,0.27,0.684;aaaaaaa;
aa;0.162,0.848,0.847,0.216,0.0112,0.935,0.89,0.446,0.689,0.921;aaaa;
aa;0.143,0.606,0.398,0.456,0.559,0.408,0.627,0.113,0.364,0.56;aaaaaaa;
a;0.45,0.391,0.127,0.398,0.978,0.149,0.116,0.449,0.28,0.996;aa;
aaa;0.988,0.137,0.761,0.25,0.747,0.985,0.274,0.979,0.435,0.677;a;
aaa;0.411,0.339,0.286,0.781,0.423,0.281,0.603,0.205,0.851,0.0985;aaaa;
a;0.042,0.102,0.7,0.595,0.658,0.736,0.807,0.673,0.868,0.619;aa;
a;0.0549,0.654,0.833,0.362,0.898,0.484,0.026,0.766,0.901,0.194;aaaaaa;
a;0.641,0.966,0.0816,0.728,0.233,0.667,0.289,0.468,0.989,0.854;aaaa;
aa;0.76,0.485,0.77,0.524,0.854,0.864,0.672,0.2,0.572,0.743;aaaa;
aaa;0.722,0.638,0.995,0.907,0.474,0.61,0.947,0.809,0.808,0.702;aaaaaaaaa;
a;0.605,0.726,0.925,0.499,0.48,0.0158,0.291,0.972,0.882,0.627;a;
aa;0.11,0.0364,0.112,0.88,0.23,0.695,0.568,0.434,0.1,0.721;aaaaaaaa;
aa;0.923,0.634,0.891,0.661,0.148,0.248,0.81,0.157,0.77,0.202;aaaaaaa;
aaa;0.0797,0.406,0.197,0.683,0.896,0.413,0.91,0.0868,0.883,0.0916;aaaa;
aaa;0.733,0.611,0.754,0.925,0.611,0.994,0.891,0.111,0.762,0.693;aaaaaaaaaa;
aaa;0.169,0.572,0.0632,0.3,0.263,0.697,0.914,0.579,0.0226,0.703;aaaaa;
aa;0.735,0.686,0.243,0.0926,0.451,0.617,0.937,0.916,0.332,0.537;aaaaaaaa;
a;0.941,0.415,0.843,0.226,0.625,0.867,0.683,0.461,0.812,0.66;aaaaa;
aaa;0.364,0.937,0.995,0.282,0.6,0.296,0.472,0.546,0.057,0.234;aaaaaaaaa;
aa;0.375,0.274,0.61,0.345,0.761,0.906,0.311,0.787,0.534,0.716;aa;
aa;0.991,0.212,0.912,0.331,0.767,0.123,0.0419,0.21,0.923,0.61;aaa;
a;0.925,0.0573,0.562,0.755,0.429,0.761,0.994,0.397,0.0733,0.885;aaaaaaaa;
aa;0.285,0.283,0.365,0.829,0.656,0.595,0.724,0.0168,0.0254,0.246;aaaaaaa;
aaa;0.375,0.538,0.422,0.588,0.127,0.365,0.27,0.901,0.945,0.874;a;
aaa;0.611,0.612,0.487,0.149,0.658,0.143,0.885,0.143,0.146,0.878;aaaaa;
aaa;0.54,0.887,0.888,0.334,0.846,0.205,0.896,0.719,0.353,0.855;aaaaaa;
a;0.604,0.926,0.747,0.0775,0.982,0.184,0.514,0.0191,0.844,0.766;aaaaaaa;
aaa;0.147,0.0474,0.109,0.317,0.941,0.502,0.334,0.819,0.196,0.808;aaaaaaaaa;
aa;0.743,0.133,0.995,0.841,0.324,0.277,0.809,0.531,0.864,0.227;aa;
a;0.0985,0.255,0.63,0.644,0.912,0.182,0.817,0.00866,0.854,0.273;aaaaa;
aaa;0.41,0.852,0.473,0.716,0.948,0.649,0.336,0.514,0.177,0.301;aaaa;
a;0.163,0.674,0.84,0.794,0.47,0.611,0.162,0.433,0.385,0.389;aaaa;
a;0.344,0.61,0.657,0.796,0.584,0.44,0.0884,0.931,0.308,0.877;aaaaaaa;
aa;0.569,0.278,0.685,0.397,0.416,0.0423,0.391,0.523,0.584,0.834;aa;
aaa;0.693,0.447,0.921,0.937,0.0959,0.196,0.999,0.871,0.869,0.646;aaaa;
a;0.00418,0.437,0.577,0.491,0.665,0.19,0.247,0.0243,0.221,0.552;aaaaaaaa;
aa;0.219,0.128,0.757,0.815,0.991,0.14,0.604,0.591,0.329,0.454;aaa;
aaa;0.64,0.573,0.249,0.081,0.737,0.201,0.585,0.897,0.399,0.151;aaaaaa;
aaa;0.302,0.131,0.585,0.178,0.888,0.349,0.298,0.98,0.986,0.211;aaaaaaa;
aa;0.982,0.575,0.419,0.295,0.0489,0.717,0.347,0.65,0.708,0.203;aaaaaaaaa;
a;0.871,0.115,0.836,0.723,0.658,0.662,0.282,0.228,0.878,0.311;aaaaaaa;
aa;0.692,0.523,0.737,0.161,0.611,0.393,0.708,0.0812,0.296,0.809;aaa;
aaa;0.311,0.243,0.692,0.633,0.206,0.615,0.697,0.668,0.557,0.694;aaaaaaaa;
aaa;0.67,0.82,0.79,0.78,0.778,0.197,0.82,0.119,0.582,0.912;aaaaaaaaaa;
aaa;0.452,0.538,0.137,0.00946,0.548,0.634,0.702,0.281,0.767,0.0799;aaaaa;
a;0.634,0.274,0.891,0.743,0.388,0.825,0.811,0.919,0.977,0.687;aaa;
aa;0.0782,0.462,0.931,0.871,0.834,0.924,0.512,0.0595,0.76,0.857;aaaaaaaaa;
aa;0.668,0.708,0.00646,0.698,0.475,0.85,0.396,0.746,0.987,0.675;aaaaaaaa;
a;0.0707,0.15,0.441,0.000688,0.719,0.785,0.876,0.725,0.173,0.688;aaaaaaa;
a;0.844,0.318,0.499,0.309,0.199,0.0868,0.97,0.582,0.937,0.138;aa;
aa;0.119,0.0813,0.203,0.0826,0.749,0.867,0.882,0.919,0.926,0.153;aaaaaaaaaa;
aaa;0.519,0.461,0.733,0.799,0.819,0.52,0.177,0.101,0.142,0.16;aaaaaaa;
aaa;0.789,0.0353,0.734,0.898,0.354,0.892,0.114,0.879,0.688,0.345;aaaaaaaaa;
aaa;0.201,0.144,0.13,0.287,0.0404,0.167,0.68,0.436,0.643,0.975;aaaaaaaa;
a;0.289,0.211,0.943,0.441,0.813,0.968,0.262,0.0606,0.752,0.546;aaaaaaaaaa;
aaa;0.924,0.0349,0.729,0.908,0.995,0.664,0.336,0.997,0.176,0.337;aaaaaaa;
aaa;0.095,0.422,0.991,0.579,0.605,0.322,0.262,0.234,0.985,0.269;aaaaaa;
aaa;0.861,0.998,0.443,0.217,0.341,0.671,0.44,0.898,0.308,0.544;aaaa;
aa;0.416,0.188,0.251,0.202,0.119,0.899,0.117,0.411,0.589,0.915;aaaaaaaaaa;
a;0.965,0.156,0.526,0.64,0.731,0.02,0.0646,0.73,0.584,0.0535;aaaaaaaaaa;
aaa;0.274,0.346,0.543,0.446,0.989,0.392,0.691,0.174,0.874,0.639;aaaaaaaa;
a;0.185,0.0109,0.307,0.455,0.142,0.628,0.846,0.633,0.44,0.122;aaaaaaa;
aa;0.152,0.231,0.271,0.437,0.345,0.134,0.6,0.181,0.306,0.76;a;
aa;0.0211,0.91,0.741,0.856,0.737,0.495,0.818,0.65,0.41,0.511;aaaaa;
aaa;0.787,0.516,0.804,0.948,0.754,0.307,0.038,0.675,0.741,0.652;a;
aa;0.113,0.231,0.607,0.733,0.474,0.817,0.474,0.154,0.346,0.364;aaa;
aaa;0.833,0.447,0.883,0.0536,0.813,0.961,0.373,0.323,0.707,0.88;aa;
aaa;0.318,0.441,0.167,0.661,0.874,0.952,0.41,0.76,0.595,0.914;aaaa;
aa;0.31,0.878,0.58,0.54,0.784,0.34,0.0799,0.699,0.829,0.379;aaaaaaaa;
aaa;0.514,0.725,0.763,0.824,0.943,0.853,0.0587,0.604,0.179,0.592;aaaaaaaaaa;
aa;0.605,0.572,0.118,0.498,0.488,0.21,0.486,0.698,0.151,0.496;aaaaaaaaaa;
aaa;0.371,0.772,0.687,0.508,0.784,0.708,0.755,0.0101,0.927,0.58;aaaaaaaaa;
aaa;0.126,0.759,0.714,0.539,0.769,0.516,0.0241,0.464,0.804,0.813;aaaaaaaaaa;
aa;0.0706,0.65,0.379,0.275,0.673,0.773,0.0416,0.271,0.761,0.609;aaaaaa;
aa;0.361,0.328,0.513,0.289,0.511,0.0121,0.139,0.476,0.556,0.809;aaaaaaaaa;
a;0.646,0.663,0.688,0.451,0.306,0.792,0.985,0.145,0.251,0.509;aaaaaaaaa;
aaa;0.649,0.729,0.937,0.657,0.108,0.502,0.488,0.83,0.844,0.0575;aaaaaaaaaa;
a;0.917,0.6,0.229,0.726,0.0412,0.341,0.572,0.686,0.0384,0.604;aaa;
aaa;0.378,0.379,0.897,0.891,0.263,0.282,0.492,0.244,0.817,0.813;aaaaaaaa;
a;0.461,0.554,0.716,0.805,0.868,0.0471,0.259,0.94,0.558,0.611;aa;
a;0.617,0.988,0.565,0.814,0.753,0.303,0.658,0.759,0.747,0.606;aaaaaaa;
aaa;0.184,0.954,0.915,0.895,0.496,0.825,0.805,0.103,0.0748,0.474;aaaaaaaa;
aa;0.235,0.29,0.575,0.604,0.542,0.709,0.734,0.518,0.131,0.0509;aa;
a;0.0169,0.407,0.902,0.9,0.0922,0.931,0.593,0.416,0.839,0.674;aaa;
aaa;0.843,0.963,0.363,0.607,0.719,0.868,0.0424,0.48,0.901,0.95;a;
aaa;0.978,0.348,0.652,0.884,0.0535,0.763,0.954,0.403,0.342,0.55;aaaaaaaaa;
aaa;0.248,0.623,0.758,0.03,0.317,0.829,0.575,0.505,0.438,0.693;aaaaaaaaa;
a;0.0817,0.00367,0.0526,0.156,0.463,0.0324,0.364,0.432,0.787,0.313;aaaaaa;
a;0.217,0.0388,0.967,0.984,0.812,0.226,0.146,0.718,0.715,0.492;aaaaaaaa;
a;0.268,0.143,0.875,0.524,0.785,0.471,0.715,0.408,0.663,0.256;aa;
aaa;0.612,0.819,0.83,0.773,0.279,0.212,0.0559,0.183,0.844,0.537;aaaa;
aaa;0.336,0.0771,0.878,0.0196,0.777,0.0882,0.495,0.132,0.368,0.301;aaa;
aaa;0.0231,0.194,0.962,0.647,0.503,0.269,0.713,0.38,0.977,0.166;aaaaaaaa;
a;0.579,0.556,0.707,0.396,0.0533,0.293,0.893,0.0614,0.781,0.753;a;
aaa;0.785,0.425,0.451,0.576,0.522,0.372,0.0912,0.868,0.106,0.297;aaaaa;
aaa;0.949,0.944,0.798,0.35,0.0752,0.823,0.427,0.358,0.822,0.816;aaaaaaaa;
aaa;0.929,0.374,0.88,0.515,0.294,0.00779,0.653,0.594,0.0321,0.444;aaaaaaaaa;
a;0.562,0.819,0.604,0.489,0.96,0.562,0.525,0.173,0.156,0.816;aaaa;
aaa;0.483,0.187,0.666,0.00847,0.544,0.421,0.656,0.286,0.853,0.931;aaaaaaaaa;
aa;0.85,0.962,0.995,0.0132,0.241,0.518,0.92,0.498,0.431,0.901;aaaa;
a;0.833,0.106,0.292,0.996,0.692,0.677,0.896,0.0497,0.209,0.276;aaaaaaaaa;
a;0.973,0.425,0.515,0.357,0.612,0.543,0.421,0.0967,0.0218,0.925;a;
a;0.743,0.605,0.8,0.106,0.566,0.196,0.196,0.567,0.485,0.209;aaaaaaaa;
aa;0.43,0.915,0.762,0.12,0.679,0.183,0.683,0.568,0.562,0.835;aaaaaaaa;
a;0.88,0.82,0.557,0.793,0.381,0.817,0.491,0.189,0.599,0.36;aaaa;
a;0.0668,0.817,0.671,0.195,0.741,0.725,0.139,0.0694,0.249,0.865;a;
aa;0.848,0.446,0.788,0.379,0.65,0.313,0.329,0.57,0.501,0.256;aaaa;
aa;0.774,0.212,0.757,0.88,0.828,0.0705,0.22,0.497,0.791,0.462;aaaaaaaa;
aaa;0.499,0.324,0.465,0.673,0.663,0.499,0.851,0.0431,0.461,0.242;aaaaa;
aaa;0.0467,0.103,0.662,0.0442,0.583,0.47,0.612,0.354,0.941,0.856;aa;
a;0.405,0.193,0.292,0.506,0.616,0.429,0.365,0.707,0.859,0.551;a;
a;0.659,0.274,0.33,0.372,0.0597,0.787,0.383,0.675,0.534,0.704;aaa;
aaa;0.816,0.738,0.8,0.837,0.946,0.581,0.484,0.959,0.119,0.0843;aaa;
a;0.919,0.701,0.298,0.228,0.231,0.358,0.207,0.718,0.383,0.0561;aaaa;
a;0.315,0.312,0.108,0.153,0.59,0.143,0.574,0.15,0.584,0.379;aaa;
a;0.827,0.631,0.768,0.907,0.0773,0.353,0.978,0.0705,0.834,0.681;aaaaaaaa;
a;0.859,0.926,0.519,0.268,0.177,0.847,0.148,0.185,0.0688,0.765;aaaa;
a;0.397,0.971,0.507,0.552,0.949,0.285,0.379,0.202,0.725,0.676;aaaaaa;
a;0.0793,0.752,0.659,0.789,0.943,0.218,0.0966,0.525,0.215,0.555;aaaa;
a;0.223,0.437,0.769,0.853,0.614,0.807,0.0123,0.909,0.56,0.85;aaaaaaaaa;
a;0.984,0.557,0.462,0.298,0.94,0.796,0.912,0.459,0.516,0.618;aaaa;
aa;0.0967,0.684,0.307,0.947,0.956,0.94,0.908,0.329,0.909,0.769;aaaaaa;
aa;0.498,0.72,0.415,0.583,0.556,0.701,0.292,0.292,0.14,0.545;aaaaaaa;
aa;0.0102,0.326,0.208,0.719,0.47,0.269,0.286,0.658,0.409,0.461;a;
aaa;0.212,0.817,0.299,0.777,0.791,0.0285,0.975,0.398,0.37,0.66;aaaaaa;
aa;0.321,0.852,0.629,0.187,0.778,0.308,0.172,0.695,0.252,0.354;aaaaaa;
aa;0.986,0.947,0.223,0.496,0.239,0.256,0.0693,0.856,0.624,0.156;a;
aa;0.645,0.829,0.917,0.449,0.959,0.171,0.0972,0.119,0.0363,0.759;aaaaaaaa;
a;0.00607,0.872,0.72,0.285,0.617,0.181,0.472,0.221,0.509,0.408;aaaa;
aa;0.567,0.177,0.477,0.0836,0.453,0.461,0.749,0.884,0.294,0.894;aaaaa;
aa;0.58,0.875,0.842,0.553,0.647,0.626,0.15,0.581,0.458,0.341;aaaaaaaaaa;
aa;0.104,0.692,0.367,0.787,0.437,0.362,0.244,0.512,0.932,0.752;a;
aaa;0.306,0.307,0.655,0.534,0.298,0.889,0.999,0.65,0.786,0.0329;a;
aaa;0.926,0.0228,0.828,0.815,0.729,0.864,0.0827,0.862,0.148,0.533;aaaaaaaaa;
a;0.87,0.122,0.463,0.781,0.695,0.983,0.375,0.906,0.294,0.652;aaa;
aa;0.575,0.425,0.584,0.439,0.752,0.261,0.678,0.588,0.399,0.346;aaaa;
aa;0.943,0.405,0.574,0.174,0.46,0.452,0.761,0.501,0.00192,0.613;a;
aa;0.0625,0.454,0.269,0.606,0.89,0.813,0.236,0.988,0.135,0.625;aaaaaaaaa;
a;0.203,0.766,0.841,0.296,0.89,0.914,0.602,0.956,0.378,0.402;aaaaaa;
a;0.684,0.62,0.928,0.511,0.148,0.614,0.154,0.828,0.705,0.546;aaaaaaaaa;
aaa;0.249,0.531,0.934,0.496,0.296,0.504,0.534,0.0965,0.665,0.892;aaaaaaa;
aaa;0.944,0.836,0.276,0.835,0.643,0.24,0.781,0.435,0.226,0.806;aaa;
a;0.359,0.411,0.512,0.822,0.0925,0.112,0.0679,0.258,0.997,0.21;aaaaaaa;
aa;0.314,0.221,0.04,0.538,0.368,0.0292,0.44,0.133,0.591,0.943;a;
a;0.75,0.952,0.0344,0.107,0.909,0.0712,0.607,0.597,0.378,0.688;aaaaaaaaa;
a;0.786,0.811,0.168,0.131,0.92,0.391,0.336,0.505,0.595,0.536;aaaaaaa;
a;0.816,0.843,0.71,0.833,0.834,0.638,0.496,0.295,0.545,0.663;aaaaa;
aa;0.384,0.0934,0.771,0.628,0.677,0.0955,0.46,0.75,0.131,0.334;aaaa;
aaa;0.556,0.154,0.391,0.759,0.22,0.265,0.776,0.721,0.928,0.778;aaaaa;
aaa;0.696,0.424,0.653,0.00843,0.992,0.329,0.0467,0.62,0.858,0.873;aaaaaaa;
aaa;0.763,0.918,0.989,0.245,0.371,0.106,0.16,0.39,0.377,0.702;a;
a;0.958,0.691,0.68,0.152,0.564,0.668,0.759,0.862,0.724,0.859;aaaaaaa;
a;0.0723,0.694,0.797,0.868,0.57,0.321,0.97,0.914,0.8,0.492;aaaaaa;
aa;0.231,0.178,0.502,0.258,0.439,0.118,0.0529,0.676,0.724,0.415;aaaa;
aa;0.249,0.935,0.988,0.894,0.35,0.957,0.442,0.792,0.57,0.649;aaaaaaa;
aaa;0.332,0.837,0.197,0.221,0.704,0.47,0.0833,0.397,0.0493,0.263;aa;
aa;0.216,0.786,0.582,0.771,0.0103,0.679,0.947,0.515,0.474,0.89;aa;
aaa;0.16,0.0103,0.135,0.294,0.119,0.637,0.325,0.993,0.564,0.654;a;
aaa;0.614,0.441,0.893,0.597,0.607,0.0333,0.29,0.934,0.918,0.104;aaaaaaaaaa;
aaa;0.825,0.0669,0.49,0.947,0.412,0.811,0.878,0.269,0.459,0.949;aaaaaa;
a;0.819,0.199,0.997,0.24,0.763,0.713,0.471,0.659,0.56,0.738;aaaaaa;
aaa;0.377,0.967,0.97,0.765,0.628,0.7,0.0847,0.75,0.351,0.648;aaaa;
a;0.215,0.581,0.939,0.451,0.839,0.773,0.14,0.0312,0.592,0.971;a;
aa;0.685,0.472,0.753,0.499,0.901,0.32,0.0527,0.897,0.653,0.504;a;
aaa;0.478,0.817,0.568,0.4,0.968,0.58,0.612,0.989,0.773,0.882;aaaaaaa;
aaa;0.0964,0.361,0.756,0.24,0.463,0.289,0.928,0.611,0.294,0.173;aaa;
aaa;0.421,0.457,0.613,0.885,0.261,0.0359,0.967,0.086,0.312,0.723;aaaa;
a;0.0504,0.27,0.0921,0.793,0.653,0.747,0.517,0.521,0.197,0.424;a;
aaa;0.162,0.821,0.306,0.778,0.75,0.884,0.102,0.0337,0.356,0.524;aaa;
a;0.903,0.47,0.176,0.0971,0.553,0.685,0.43,0.0997,0.543,0.989;aaaaaaa;
aa;0.826,0.433,0.816,0.2,0.985,0.465,0.487,0.0438,0.468,0.411;aaaaaaaa;
a;0.5,0.198,0.303,0.875,0.626,0.681,0.716,0.72,0.166,0.691;aaaaaaaaa;
a;0.675,0.429,0.24,0.214,0.963,0.451,0.319,0.289,0.586,0.613;a;
a;0.905,0.836,0.451,0.699,0.805,0.151,0.387,0.639,0.319,0.904;aaaaaaaaaa;
a;0.957,0.696,0.79,0.566,0.107,0.325,0.61,0.12,0.0109,0.503;aaaaaaaaa;
a;0.393,0.912,0.096,0.731,0.432,0.604,0.858,0.711,0.986,0.829;aaaaaaaaaa;
a;0.915,0.572,0.89,0.587,0.782,0.309,0.999,0.147,0.0922,0.351;aaaaaaa;
a;0.7,0.248,0.975,0.411,0.0517,0.878,0.0375,0.428,0.00891,0.0655;aaaaaaaaa;
aa;0.403,0.856,0.571,0.989,0.951,0.322,0.566,0.295,0.518,0.397;aaaaaaa;
aaa;0.267,0.57,0.69,0.724,0.357,0.267,0.351,0.614,0.00683,0.822;aaaaaaaa;
aa;0.703,0.452,0.457,0.356,0.754,0.276,0.384,0.43,0.789,0.261;aaaaaaa;
aa;0.17,0.655,0.326,0.497,0.764,0.231,0.739,0.605,0.835,0.287;aaaaaaaaa;
aa;0.872,0.849,0.329,0.735,0.0745,0.504,0.417,0.277,0.604,0.04;aaaaaaaaaa;
aaa;0.701,0.0464,0.294,0.927,0.611,0.732,0.851,0.357,0.00182,0.325;aaaaaaaaa;
aaa;0.789,0.156,0.481,0.698,0.102,0.605,0.218,0.221,0.151,0.146;aaa;
aaa;0.00439,0.991,0.147,0.883,0.313,0.613,0.314,0.745,0.124,0.599;aaaaaa;
aaa;0.381,0.282,0.246,0.178,0.464,0.841,0.126,0.448,0.352,0.511;aaaaaaaa;
aaa;0.673,0.307,0.951,0.671,0.0137,0.791,0.73,0.99,0.695,0.805;aaaaaaa;
aaa;0.132,0.899,0.98,0.837,0.762,0.766,0.549,0.826,0.424,0.873;aa;
aaa;0.224,0.777,0.851,0.141,0.258,0.99,0.425,0.552,0.726,0.961;aaa;
a;0.451,0.999,0.781,0.667,0.461,0.692,0.481,0.764,0.605,0.206;aaaaaaaaaa;
a;0.0373,0.454,0.0472,0.609,0.29,0.0723,0.332,0.0672,0.0758,0.619;aaaaaaa;
aaa;0.701,0.927,0.0349,0.842,0.514,0.463,0.556,0.974,0.199,0.0876;aaa;
aaa;0.714,0.723,0.276,0.976,0.363,0.518,0.649,0.742,0.363,0.477;aaaaaaaaaa;
aa;0.216,0.242,0.48,0.287,0.281,0.258,0.513,0.491,0.0679,0.649;aaaaaaaaa;
a;0.712,0.597,0.417,0.0243,0.141,0.792,0.384,0.174,0.0749,0.286;aaaaaaa;
aa;0.294,0.877,0.947,0.313,0.103,0.461,0.274,0.0198,0.785,0.487;aaaaaaaa;
a;0.561,0.937,0.123,0.642,0.243,0.298,0.0242,0.625,0.211,0.403;aaaaaaa;
aa;0.908,0.436,0.666,0.437,0.588,0.683,0.493,0.122,0.267,0.792;aaa;
a;0.956,0.0801,0.389,0.664,0.318,0.111,0.625,0.522,0.57,0.338;a;
aaa;0.642,0.122,0.806,0.708,0.604,0.62,0.073,0.21,0.528,0.185;aaaaaaaaaa;
aaa;0.614,0.104,0.423,0.21,0.322,0.334,0.153,0.874,0.766,0.522;aaaaa;
aaa;0.867,0.601,0.461,0.529,0.665,0.827,0.681,0.585,0.93,0.974;aaaaaaa;
aa;0.473,0.0197,0.278,0.87,0.946,0.312,0.441,0.141,0.744,0.135;aaaaaaaa;
aaa;0.0428,0.681,0.218,0.115,0.671,0.985,0.405,0.666,0.133,0.0412;aaaaa;
a;0.87,0.32,0.0636,0.725,0.556,0.805,0.43,0.0529,0.61,0.602;a;
a;0.603,0.408,0.791,0.481,0.297,0.0673,0.86,0.686,0.77,0.0277;aaaaaaaaaa;
aa;0.76,0.32,0.889,0.121,0.138,0.296,0.152,0.207,0.971,0.122;aaaa;
a;0.503,0.715,0.374,0.578,0.33,0.533,0.864,0.658,0.35,0.579;a;
a;0.754,0.814,0.626,0.42,0.806,0.919,0.632,0.354,0.953,0.54;aaaaaaaa;
aaa;0.107,0.0684,0.299,0.325,0.45,0.867,0.961,0.201,0.464,0.431;aaaaaaa;
aa;0.201,0.238,0.632,0.447,0.875,0.0609,0.0995,0.695,0.781,0.328;aa;
aaa;0.477,0.118,0.0295,0.314,0.798,0.363,0.273,0.394,0.346,0.255;aaaaaa;
a;0.746,0.0153,0.088,0.215,0.753,0.719,0.531,0.193,0.538,0.149;aaaaaaaa;
aa;0.489,0.854,0.0441,0.904,0.618,0.00323,0.389,0.574,0.117,0.293;aaaaaaaaaa;
aa;0.856,0.0678,0.0457,0.138,0.273,0.741,0.91,0.1,0.434,0.183;aaa;
a;0.864,0.295,0.209,0.478,0.71,0.606,0.86,0.491,0.492,0.0758;a;
aa;0.965,0.213,0.672,0.0243,0.327,0.909,0.0738,0.774,0.241,0.639;aaaaaa;
a;0.328,0.911,0.516,0.722,0.755,0.21,0.972,0.649,0.444,0.416;aaa;
aaa;0.506,0.103,0.116,0.843,0.73,0.555,0.454,0.907,0.117,0.0569;aaaaaa;
aaa;0.137,0.813,0.603,0.515,0.973,0.401,0.965,0.559,0.387,0.928;aaaaaaaaa;
a;0.9,0.847,0.338,0.502,0.000935,0.159,0.223,0.116,0.182,0.982;a;
a;0.111,0.377,0.159,0.576,0.609,0.796,0.00922,0.0461,0.917,0.752;aaaaa;
aa;0.213,0.322,0.945,0.655,0.124,0.258,0.571,0.992,0.0282,0.634;aaaaaaa;
aaa;0.683,0.359,0.828,0.054,0.798,0.945,0.598,0.071,0.449,0.425;aaa;
a;0.495,0.211,0.965,0.108,0.0106,0.512,0.365,0.766,0.987,0.932;aaaaa;
a;0.214,0.578,0.686,0.623,0.05,0.405,0.337,0.589,0.968,0.527;aaaaaaa;
aa;0.0136,0.542,0.762,0.368,0.129,0.128,0.93,0.876,0.33,0.681;aaaaaa;
aaa;0.557,0.155,0.137,0.882,0.521,0.125,0.104,0.279,0.566,0.718;a;
aa;0.0437,0.58,0.157,0.639,0.566,0.957,0.81,0.916,0.0487,0.99;aaaaaaaaa;
aaa;0.776,0.622,0.814,0.982,0.199,0.413,0.477,0.75,0.109,0.452;a;
aaa;0.96,0.811,0.835,0.652,0.0292,0.355,0.0168,0.0543,0.653,0.373;aaaaaa;
aaa;0.0612,0.53,0.787,0.658,0.838,0.0395,0.497,0.646,0.614,0.413;aaaaaaaaaa;
aaa;0.654,0.264,0.0868,0.658,0.092,0.131,0.189,0.436,0.553,0.567;aaa;
aa;0.861,0.527,0.167,0.716,0.0334,0.314,0.148,0.114,0.486,0.45;a;
aa;0.786,0.805,0.685,0.609,0.0369,0.282,0.131,0.131,0.00325,0.707;aaaaa;
aa;0.167,0.352,0.0737,0.193,0.0707,0.0212,0.91,0.678,0.879,0.403;aaaaaaa;
a;0.488,0.595,0.404,0.801,0.753,0.371,0.57,0.512,0.827,0.62;aaaa;
aaa;0.784,0.702,0.0681,0.93,0.996,0.855,0.886,0.00669,0.945,0.54;aaaaa;
aaa;0.32,0.713,0.521,0.198,0.491,0.915,0.504,0.573,0.283,0.809;a;
aa;0.823,0.23,0.188,0.637,0.74,0.957,0.102,0.397,0.96,0.926;aa;
aa;0.561,0.67,0.536,0.163,0.167,0.662,0.67,0.405,0.8,0.769;aaaaaa;
aa;0.292,0.99,0.815,0.518,0.0256,0.491,0.453,0.758,0.101,0.991;aaaaaa;
aa;0.0674,0.657,0.0277,0.633,0.131,0.263,0.37,0.971,0.93,0.148;aaaa;
aaa;0.878,0.853,0.35,0.797,0.78,0.127,0.0669,0.611,0.617,0.6;aaaa;
a;0.854,0.74,0.561,0.219,0.291,0.229,0.636,0.256,0.238,0.341;aaaaa;
aaa;0.981,0.465,0.282,0.459,0.45,0.972,0.565,0.852,0.121,0.606;aaa;
aaa;0.44,0.556,0.326,0.48,0.0908,0.195,0.0288,0.258,0.529,0.884;aa;
aaa;0.0142,0.513,0.792,0.968,0.265,0.257,0.309,0.671,0.2,0.988;aaaaaaaa;
aa;0.356,0.183,0.973,0.0587,0.495,0.948,0.912,0.608,0.62,0.366;aaaaaa;
aaa;0.77,0.48,0.888,0.706,0.459,0.271,0.336,0.58,0.496,0.224;aaaaaaaaa;
aaa;0.872,0.558,0.698,0.729,0.245,0.575,0.504,0.754,0.977,0.904;aaaaa;
aa;0.23,0.38,0.636,0.473,0.0634,0.587,0.171,0.258,0.969,0.775;a;
aaa;0.61,0.637,0.151,0.134,0.906,0.991,0.504,0.506,0.668,0.292;a;
aa;0.693,0.309,0.741,0.255,0.905,0.736,0.547,0.323,0.5,0.0087;aaaaaaaaa;
aaa;0.097,0.356,0.823,0.687,0.966,0.974,0.606,0.547,0.842,0.192;aaaaa;
aaa;0.161,0.427,0.983,0.53,0.305,0.278,0.734,0.737,0.411,0.919;aaa;
aa;0.0474,0.267,0.548,0.569,0.0335,0.591,0.842,0.902,0.207,0.259;aaaaaaaa;
aaa;0.245,0.869,0.327,0.307,0.291,0.323,0.0196,0.242,0.187,0.482;aaaaaaaaa;
aaa;0.756,0.177,0.223,0.758,0.884,0.0292,0.239,0.754,0.895,0.481;aaa;
aaa;0.155,0.268,0.93,0.603,0.509,0.96,0.352,0.644,0.936,0.141;aaaaaaaaaa;
aa;0.0338,0.771,0.718,0.882,0.329,0.0826,0.488,0.0514,0.355,0.0449;a;
a;0.238,0.558,0.617,0.264,0.207,0.608,0.0388,0.872,0.133,0.426;aaaaaa;
a;0.173,0.076,0.543,0.864,0.956,0.278,0.884,0.972,0.909,0.858;aaa;
aa;0.135,0.162,0.694,0.109,0.0495,0.423,0.646,0.586,0.0872,0.32;aaaaaaaaa;
aa;0.0662,0.533,0.671,0.222,0.744,0.518,0.967,0.857,0.817,0.235;aa;
aaa;0.566,0.0964,0.812,0.0554,0.947,0.226,0.459,0.325,0.411,0.172;a;
aaa;0.351,0.482,0.721,0.582,0.617,0.665,0.566,0.189,0.859,0.143;aaa;
aa;0.725,0.501,0.545,0.332,0.435,0.819,0.775,0.233,0.155,0.6;aaaaaaaaa;
aa;0.436,0.712,0.673,0.373,0.405,0.484,0.189,0.0937,0.987,0.859;a;
a;0.576,0.0341,0.379,0.859,0.371,0.634,0.631,0.975,0.324,0.593;aaaaa;
aa;0.37,0.268,0.623,0.466,0.151,0.995,0.34,0.818,0.642,0.0579;aaa;
aaa;0.124,0.909,0.876,0.0788,0.954,0.239,0.0309,0.995,0.793,0.62;a;
aa;0.0786,0.0404,0.299,0.613,0.974,0.869,0.796,0.17,0.779,0.209;aaaaaaaa;
aaa;0.328,0.445,0.968,0.147,0.387,0.0952,0.107,0.28,0.0159,0.489;aaaaa;
aaa;0.918,0.0785,0.442,0.47,0.126,0.0022,0.204,0.472,0.475,0.621;aaaaa;
aa;0.289,0.142,0.846,0.193,0.127,0.873,0.735,0.877,0.592,0.734;aaaaaaaaaa;
aaa;0.508,0.326,0.952,0.482,0.651,0.0453,0.528,0.683,0.658,0.611;aaaaaaa;
a;0.968,0.401,0.681,0.207,0.614,0.0359,0.869,0.881,0.814,0.889;aaaaa;
a;0.496,0.798,0.221,0.717,0.597,0.437,0.701,0.693,0.611,0.0348;aaaaaa;
aa;0.0338,0.66,0.86,0.389,0.271,0.33,0.174,0.531,0.368,0.481;aaaaaaa;
a;0.882,0.425,0.97,0.736,0.485,0.492,0.969,0.692,0.521,0.142;aaaa;
aa;0.496,0.595,0.673,0.458,0.254,0.439,0.691,0.857,0.52,0.544;aa;
aaa;0.816,0.533,0.395,0.552,0.127,0.126,0.792,0.191,0.185,0.244;aaaaaaaa;
aaa;0.807,0.982,0.268,0.115,0.687,0.643,0.47,0.27,0.701,0.149;a;
aa;0.558,0.541,0.539,0.249,0.914,0.92,0.512,0.911,0.671,0.87;aaaaaaa;
a;0.387,0.221,0.018,0.385,0.36,0.123,0.83,0.736,0.00275,0.133;a;
a;0.295,0.477,0.555,0.785,0.71,0.489,0.821,0.856,0.99,0.863;aa;
aaa;0.323,0.754,0.35,0.571,0.275,0.0443,0.864,0.317,0.686,0.596;aaaaaa;
aa;0.172,0.601,0.326,0.859,0.985,0.443,0.545,0.0392,0.74,0.514;aaaaaaaaa;
aaa;0.387,0.224,0.549,0.598,0.47,0.296,0.136,0.647,0.53,0.11;aaa;
aa;0.238,0.739,0.216,0.856,0.904,0.954,0.383,0.15,0.562,0.901;a;
a;0.542,0.553,0.91,0.259,0.45,0.249,0.281,0.0242,0.494,0.769;aaaaaa;
aa;0.333,0.41,0.984,0.32,0.453,0.544,0.312,0.274,0.508,0.265;aaa;
aa;0.791,0.411,0.427,0.236,0.664,0.29,0.395,0.635,0.248,0.132;aaaaaaaaaa;
a;0.561,0.434,0.287,0.244,0.302,0.0285,0.912,0.645,0.8,0.0925;aaaaa;
aaa;0.698,0.0258,0.08,0.176,0.76,0.439,0.669,0.206,0.899,0.339;aaaaaaaaa;
a;0.612,0.251,0.407,0.131,0.747,0.926,0.794,1,0.505,0.987;aa;
aaa;0.822,0.982,0.662,0.318,0.137,0.307,0.371,0.378,0.436,0.00163;aa;
a;0.552,0.353,0.748,0.597,0.334,0.126,0.235,0.0891,0.229,0.513;aaaaaaaaaa;
aa;0.679,0.483,0.879,0.28,0.846,0.126,0.506,0.0863,0.692,0.043;aaaaaaa;
aaa;0.579,0.839,0.442,0.457,0.564,0.603,0.938,0.0307,0.0112,0.0147;aaaaa;
aaa;0.885,0.381,0.747,0.0812,0.283,0.633,0.457,0.143,0.589,0.0463;aaaaa;
aa;0.579,0.347,0.973,0.0252,0.817,0.381,0.47,0.77,0.839,0.157;aaaaaaaa;
aaa;0.478,0.651,0.383,0.0883,0.847,0.323,0.685,0.471,0.918,0.798;aaaaa;
aa;0.0518,0.628,0.981,0.328,0.501,0.0714,0.5,0.586,0.328,0.521;aaaaaaaa;
aaa;0.0368,0.795,0.672,0.107,0.986,0.474,0.447,0.317,0.794,0.743;aaaaaaaa;
aa;0.676,0.461,0.899,0.389,0.618,0.196,0.209,0.807,0.421,0.215;aaaaaaaaa;
a;0.997,0.735,0.354,0.793,0.463,0.57,0.113,0.49,0.103,0.53;aaaaaaaaa;
aa;0.448,0.446,0.641,0.105,0.485,0.672,0.807,0.817,0.00897,0.0169;aaaaa;
a;0.821,0.468,0.152,0.709,0.268,0.504,0.05,0.482,0.0381,0.913;aaaa;
aa;0.465,0.352,0.411,0.718,0.63,0.301,0.794,0.611,0.163,0.0373;a;
aaa;0.181,0.207,0.259,0.609,0.354,0.429,0.962,0.58,0.483,0.861;aaaaaaaaaa;
aaa;0.673,0.922,0.201,0.61,0.929,0.198,0.572,0.318,0.507,0.829;aaaaaaaaa;
a;0.301,0.995,0.952,0.682,0.949,0.101,0.575,0.479,0.231,0.913;aaaaaaaa;
aa;0.189,0.834,0.506,0.968,0.279,0.758,0.0612,0.0444,0.663,0.918;aaa;
aaa;0.0342,0.0475,0.541,0.198,0.336,0.679,0.629,0.862,0.947,0.663;aaaaaaa;
a;0.74,0.481,0.912,0.504,0.0703,0.297,0.0689,0.34,0.282,0.898;aaaaaaaaaa;
a;0.98,0.757,0.919,0.394,0.84,0.504,0.598,0.726,0.0687,0.48;aaaaaaaaaa;
aa;0.314,0.898,0.199,0.885,0.796,0.312,0.832,0.775,0.994,0.724;aaaaa;
aaa;0.741,0.128,0.298,0.307,0.254,0.391,0.488,0.517,0.0624,0.319;aa;
aaa;0.821,0.349,0.591,0.567,0.211,0.423,0.669,0.982,0.837,0.372;aaaa;
a;0.782,0.876,0.636,0.868,0.924,0.0206,0.0356,0.94,0.908,0.852;aaaaaaaaa;
aaa;0.847,0.808,0.573,0.0938,0.899,0.754,0.306,0.504,0.667,0.422;aaaaa;
aaa;0.0293,0.895,0.304,0.64,0.531,0.139,0.34,0.904,0.574,0.311;aa;
aa;0.0618,0.249,0.471,0.523,0.525,0.00639,0.782,0.385,0.146,0.191;aaaaaaaaa;
aa;0.443,0.585,0.759,0.175,0.464,0.844,0.498,0.807,0.148,0.982;aaa;
aaa;0.523,0.69,0.431,0.346,0.499,0.257,0.281,0.976,0.739,0.183;aaaaaaa;
aa;0.675,0.197,0.972,0.687,0.577,0.691,0.0627,0.558,0.338,0.447;aaaaaaaa;
aaa;0.653,0.28,0.207,0.415,0.564,0.653,0.601,0.291,0.925,0.539;aaaaaaaa;
aa;0.219,0.0898,0.768,0.435,0.107,0.764,0.607,0.703,0.956,0.492;aaaaaaa;
aaa;0.0975,0.391,0.555,0.173,0.326,0.866,0.726,0.0117,0.552,0.163;aa;
aaa;0.864,0.119,0.636,0.7,0.311,0.14,0.0766,0.906,0.822,0.807;aaaaaa;
aa;0.864,0.574,0.802,0.00662,0.373,0.223,0.664,0.903,0.596,0.945;aaaaaaaa;
aa;0.081,0.892,0.165,0.134,0.05,0.541,0.562,0.284,0.793,0.826;aaaaa;
aa;0.302,0.0669,0.0774,0.773,0.74,0.0978,0.041,0.0924,0.0683,0.42;aaaa;
aaa;0.973,0.995,0.869,0.646,0.922,0.858,0.697,0.602,0.965,0.44;aaaaaa;
aaa;0.973,0.585,0.47,0.242,0.2,0.0655,0.135,0.468,0.608,0.416;a;
aaa;0.902,0.51,0.272,0.64,0.37,0.502,0.78,0.75,0.544,0.352;aaaaa;
aa;0.469,0.528,0.147,0.791,0.14,0.88,0.181,0.828,0.326,0.762;aaaaaaaaa;
a;0.713,0.706,0.00924,0.0212,0.215,0.637,0.896,0.668,0.823,0.148;aa;
a;0.803,0.464,0.927,0.374,0.773,0.863,0.47,0.216,0.0798,0.567;aaaaaaaa;
a;0.84,0.711,0.653,0.994,0.915,0.0121,0.592,0.396,0.0565,0.974;aaaaaaaa;
aaa;0.582,0.704,0.538,0.0489,0.36,0.97,0.258,0.361,0.139,0.456;aaaa;
aaa;0.11,0.489,0.0916,0.753,0.122,0.119,0.378,0.511,0.144,0.521;aaaa;
aaa;0.768,0.777,0.339,0.812,0.999,0.706,0.577,0.0216,0.101,0.606;aaaaaaa;
aaa;0.543,0.593,0.0933,0.0744,0.152,0.414,0.412,0.422,0.768,0.0998;aaa;
a;0.601,0.95,0.0918,0.559,0.575,0.838,0.199,0.146,0.0614,0.195;aaaaaaa;
a;0.659,0.867,0.854,0.618,0.496,0.971,0.52,0.642,0.683,0.671;aaaaaa;
aaa;0.484,0.618,0.999,0.027,0.64,0.891,0.69,0.531,0.163,0.584;aaaaaaaaa;
a;0.0786,0.729,0.0516,0.852,0.212,0.133,0.358,0.478,0.68,0.066;aa;
aaa;0.0583,0.473,0.165,0.108,0.272,0.108,0.345,0.703,0.494,0.609;aaaaaaaaaa;
aa;0.724,0.601,0.769,0.237,0.287,0.218,0.852,0.887,0.108,0.761;aaaa;
aa;0.802,0.311,0.146,0.451,0.904,0.363,0.224,0.51,0.546,0.815;aaaaaaa;
a;0.0384,0.991,0.771,0.0438,0.359,0.352,0.137,0.855,0.76,0.818;a;
a;0.445,0.987,0.563,0.159,0.253,0.314,0.438,0.545,0.54,0.726;aa;
a;0.6,0.954,0.796,0.245,0.544,0.327,0.33,0.746,0.637,0.382;aaaa;
aa;0.547,0.757,0.588,0.253,0.743,0.185,0.143,0.715,0.987,0.546;aaaaaaa;
a;0.464,0.068,0.169,0.912,0.498,0.924,0.259,0.287,0.612,0.487;aaaaaaaaa;
a;0.857,0.429,0.847,0.572,0.0427,0.565,0.352,0.405,0.604,0.942;aaaa;
a;0.428,0.526,0.394,0.807,0.251,0.525,0.44,0.549,0.43,0.276;aaaaaaaaa;
aa;0.095,0.684,0.879,0.0439,0.578,0.219,0.429,0.939,0.258,0.627;a;
aa;0.355,0.795,0.183,0.221,0.323,0.914,0.825,0.682,0.9,0.033;aaaaaaaa;
a;0.676,0.54,0.688,0.145,0.889,0.3,0.778,0.685,0.07,0.0702;a;
a;0.461,0.978,0.942,0.115,0.203,0.127,0.175,0.609,0.628,0.53;aaaaaaaaa;
aa;0.433,0.427,0.626,0.72,0.683,0.601,0.706,0.382,0.661,0.567;aaaaaaaa;
a;0.101,0.782,0.869,0.143,0.23,0.414,0.34,0.02,0.142,0.379;a;
aa;0.0771,0.684,0.431,0.263,0.338,0.691,0.09,0.947,0.469,0.985;aaa;
aa;0.254,0.554,0.447,0.605,0.289,0.9,0.0335,0.652,0.645,0.828;aaaaaa;
aaa;0.779,0.829,0.475,0.275,0.343,0.0189,0.191,0.146,0.928,0.332;aaaaaaa;
aaa;0.348,0.492,0.675,0.744,0.339,0.722,0.873,0.863,0.379,0.168;aaaaa;
a;0.205,0.0248,0.326,0.628,0.519,0.93,0.784,0.944,0.224,0.998;aaaaaaaa;
aa;0.823,0.883,0.489,0.392,0.96,0.72,0.313,0.276,0.386,0.67;aaaaaaaaaa;
a;0.85,0.965,0.654,0.489,0.839,0.311,0.0975,0.146,0.453,0.665;aaaaaaa;
aa;0.0693,0.00667,0.487,0.807,0.132,0.364,0.321,0.794,0.365,0.523;aaaaaaaa;
aaa;0.567,0.973,0.171,0.138,0.623,0.188,0.231,0.961,0.898,0.757;aaaaaaaa;
a;0.887,0.796,0.904,0.533,0.922,0.447,0.875,0.208,0.318,0.0787;aaaa;
aa;0.0932,0.478,0.414,0.908,0.639,0.357,0.282,0.00283,0.947,0.246;a;
aaa;0.832,0.958,0.151,0.184,0.244,0.557,0.294,0.173,0.925,0.794;aa;
a;0.681,0.187,0.0685,0.882,0.327,0.856,0.148,0.119,0.384,0.443;aaaaaaaa;
a;0.197,0.0195,0.722,0.581,0.423,0.0987,0.735,0.529,0.411,0.0903;aaaaaaa;
aaa;0.313,0.313,0.434,0.826,0.0839,0.739,0.542,0.241,0.646,0.156;aaa;
aa;0.996,0.714,0.116,0.474,0.483,0.359,0.958,0.174,0.606,0.714;aaa;
a;0.585,0.31,0.547,0.483,0.315,0.878,0.764,0.318,0.905,0.135;aaaaaaaaa;
aaa;0.023,0.517,0.958,0.456,0.185,0.125,0.937,0.16,0.235,0.567;aa;
a;0.138,0.0103,0.617,0.0285,0.477,0.675,0.0437,0.592,0.731,0.616;aaaaa;
aa;0.467,0.0881,0.348,0.272,0.863,0.579,0.757,0.579,0.817,0.0747;aaaaaa;
aa;0.634,0.381,0.0933,0.99,0.836,0.666,0.274,0.484,0.0335,0.443;aaaaaaaaaa;
a;0.949,0.0233,0.0442,0.543,0.426,0.714,0.992,0.726,0.628,0.471;aa;
aaa;0.926,0.8,0.548,0.117,0.672,0.598,0.399,0.072,0.997,0.946;a;
aa;0.951,0.539,0.61,0.787,0.65,0.275,0.912,0.185,0.747,0.614;aaaaa;
aaa;0.149,0.23,0.456,0.0944,0.739,0.413,0.0348,0.923,0.43,0.198;aaa;
a;0.722,0.172,0.759,0.811,0.222,0.26,0.793,0.721,0.143,0.962;aa;
a;0.523,0.469,0.825,0.0634,0.343,0.654,0.286,0.278,0.59,0.137;aaaaaaaa;
aa;0.823,0.401,0.501,0.986,0.114,0.00157,0.815,0.44,0.299,0.848;aaaaa;
a;0.903,0.728,0.855,0.215,0.55,0.6,0.623,0.309,0.749,0.882;aaaaaaaaaa;
a;0.0132,0.583,0.627,0.937,0.417,0.152,0.266,0.977,0.964,0.236;aaaaa;
aaa;0.573,0.5,0.353,0.738,0.758,0.765,0.774,0.782,0.655,0.62;aa;
aaa;0.623,0.0146,0.97,0.549,0.611,0.681,0.448,0.392,0.569,0.207;aaaaa;
aaa;0.827,0.79,0.106,0.0131,0.377,0.00801,0.169,0.776,0.471,0.553;aaaaaaa;
a;0.53,0.602,0.918,0.379,0.848,0.646,0.872,0.442,0.679,0.873;aaaaaaa;
aaa;0.721,0.833,0.622,0.921,0.354,0.542,0.787,0.552,0.708,0.0424;aa;
a;0.624,0.611,0.55,0.212,0.834,0.838,0.709,0.422,0.0987,0.686;aaa;
aa;0.0409,0.507,0.966,0.694,0.189,0.845,0.603,0.21,0.108,0.12;aaa;
a;0.976,0.449,0.214,0.889,0.984,0.963,0.727,0.0995,0.0283,0.609;a;
aaa;0.635,0.435,0.271,0.8,0.793,0.243,0.526,0.479,0.589,0.363;aaaa;
aaa;0.383,0.902,0.87,0.175,0.215,0.361,0.281,0.59,0.405,0.0555;aa;
a;0.394,0.937,0.847,0.195,0.949,0.0201,0.38,0.548,0.778,0.874;aa;
aa;0.242,0.311,0.548,0.206,0.341,0.357,0.0626,0.972,0.48,0.402;aaaaaa;
aaa;0.349,0.794,0.274,0.459,0.898,0.375,0.698,0.93,0.11,0.22;aaa;
aa;0.724,0.541,0.968,0.43,0.276,0.776,0.247,0.735,0.421,0.423;aaa;
aa;0.832,0.0839,0.391,0.0156,0.551,0.395,0.287,0.148,0.32,0.438;aa;
a;0.218,0.709,0.495,0.47,0.766,0.58,0.0727,0.0387,0.53,0.529;aaaa;
aaa;0.555,0.884,0.37,0.429,0.671,0.118,0.456,0.42,0.245,0.196;a;
aa;0.014,0.745,0.471,0.965,0.416,0.337,0.0284,0.689,0.877,0.0473;aaaaaaaa;
a;0.897,0.814,0.722,0.856,0.287,0.82,0.309,0.132,0.557,0.512;aaaaaaa;
aa;0.18,0.986,0.167,0.382,0.286,0.613,0.767,0.443,0.71,0.621;aaaaa;
a;0.331,0.175,0.874,0.368,0.187,0.259,0.0899,0.909,0.607,0.653;aaaa;
aa;0.895,0.523,0.888,0.155,0.851,0.728,0.392,0.576,0.325,0.163;aaaaaaa;
aa;0.896,0.347,0.137,0.815,0.478,0.679,0.397,0.63,0.907,0.764;aaaaaaaa;
aa;0.397,0.793,0.043,0.621,0.931,0.494,0.659,0.79,0.987,0.606;aaaaaaaa;
a;0.722,0.218,0.219,0.0106,0.878,0.857,0.968,0.548,0.492,0.28;aaaa;
aaa;0.566,0.112,0.178,0.51,0.179,0.0292,0.534,0.431,0.815,0.418;aaaaa;
aa;0.487,0.554,0.353,0.183,0.00316,0.125,0.198,0.0817,0.00155,0.082;aaaaa;
aaa;0.197,0.981,0.314,0.329,0.683,0.562,0.0919,0.173,0.88,0.275;aaaa;
a;0.534,0.241,0.757,0.884,0.158,0.879,0.591,0.367,0.0482,0.954;aaaaaaaaa;
aaa;0.9,0.688,0.628,0.423,0.37,0.121,0.254,0.653,0.885,0.633;aaaaaaaa;
aa;0.513,0.0147,0.0885,0.0628,0.0952,0.529,0.769,0.185,0.923,0.398;aaaaaa;
aa;0.479,0.774,0.659,0.473,0.338,0.652,0.65,0.965,0.111,0.266;aaaaaaaaa;
a;0.488,0.28,0.841,0.456,0.528,0.967,0.0434,0.945,0.0288,0.709;a;
a;0.245,0.908,0.782,0.916,0.0209,0.876,0.504,0.253,0.196,0.194;aaaa;
aaa;0.92,0.602,0.0221,0.415,0.0173,0.421,0.125,0.0725,0.35,0.727;aaaaaaaaaa;
a;0.681,0.909,0.692,0.954,0.738,0.876,0.118,0.405,0.629,0.919;aaaaaaa;
aa;0.946,0.326,0.826,0.179,0.469,0.516,0.662,0.371,0.249,0.848;aaaaa;
aa;0.49,0.0969,0.517,0.026,0.202,0.796,0.766,0.166,0.634,0.737;aaaaaaaaa;
a;0.809,0.594,0.0202,0.701,0.345,0.603,0.00372,0.719,0.771,0.426;a;
aa;0.385,0.755,0.42,0.128,0.147,0.514,0.924,0.914,0.444,0.694;aaaa;
aa;0.575,0.789,0.614,0.179,0.598,0.00191,0.14,0.0843,0.963,0.0852;a;
aaa;0.319,0.907,0.666,0.81,0.599,0.607,0.813,0.616,0.518,0.783;aaaaaaa;
a;0.803,0.0131,0.183,0.852,0.927,0.0772,0.479,0.571,0.858,0.202;aa;
a;0.202,0.326,0.894,0.41,0.891,0.0755,0.867,0.735,0.512,0.266;aaaaaaaaa;
a;0.194,0.35,0.752,0.285,0.343,0.302,0.698,0.994,0.894,0.734;aaaa;
a;0.678,0.86,0.334,0.274,0.93,0.221,0.647,0.367,0.378,0.638;aaaa;
aa;0.723,0.625,0.483,0.862,0.503,0.237,0.0844,0.466,0.804,0.776;aaaaaaaaaa;
a;0.261,0.763,0.00406,0.547,0.799,0.0263,0.731,0.569,0.851,0.0397;aaaaaaaaaa;
aa;0.243,0.287,0.647,0.544,0.903,0.399,0.308,0.763,0.385,0.808;a;
aa;0.6,0.562,0.0115,0.66,0.191,0.932,0.821,0.47,0.483,0.851;aaaaaaaaaa;
aaa;0.142,0.0855,0.0262,0.483,0.662,0.35,0.908,0.958,0.653,0.0627;aaaaaa;
aa;0.977,0.154,0.27,0.196,0.35,0.411,0.39,0.339,0.0154,0.887;aaaaaaa;
aa;0.187,0.309,0.603,0.922,0.329,0.212,0.544,0.698,0.856,0.189;aaaaaaaaa;
aa;0.000357,0.659,0.477,0.25,0.628,0.84,0.331,0.734,0.855,0.858;aaaaaaaaa;
a;0.479,0.505,0.647,0.466,0.0496,0.781,0.928,0.526,0.0997,0.439;aaaa;
aaa;0.413,0.501,0.214,0.0206,0.71,0.0994,0.904,0.417,0.532,0.501;aaaaaaaaaa;
aa;0.497,0.92,0.00853,0.756,0.861,0.784,0.281,0.162,0.918,0.254;aaaaaaaaa;
a;0.378,0.474,0.934,0.185,0.907,0.491,0.915,0.659,0.409,0.216;aaaaaaaaa;
a;0.287,0.195,0.704,0.464,0.923,0.566,0.97,0.573,0.689,0.784;aaaaa;
a;0.934,0.956,0.931,0.469,0.594,0.346,0.0464,0.243,0.223,0.442;aaa;
a;0.194,0.441,0.119,0.215,0.696,0.0858,0.856,0.00146,0.143,0.517;aaaaaaaaa;
a;0.534,0.192,0.034,0.163,0.886,0.713,0.38,0.277,0.749,0.662;a;
aaa;0.294,0.605,0.136,0.745,0.0474,0.452,0.909,0.452,0.288,0.451;aaaaaa;
aa;0.29,0.959,0.114,0.603,0.752,0.965,0.93,0.307,0.171,0.374;aaaaaa;
aaa;0.206,0.0612,0.492,0.399,0.527,0.26,0.853,0.0866,0.6,0.589;aaaaaaaa;
a;0.958,0.873,0.763,0.423,0.0336,0.346,0.155,0.805,0.152,0.547;aaaaa;
a;0.68,0.154,0.153,0.605,0.946,0.718,0.184,0.423,0.275,0.243;aaaaa;
aaa;0.729,0.751,0.428,0.538,0.491,0.331,0.851,0.856,0.493,0.73;aaaaaaaa;
aaa;0.877,0.885,0.0621,0.224,0.851,0.553,0.364,0.049,0.469,0.135;aa;
aa;0.863,0.0748,0.238,0.905,0.248,0.0915,0.559,0.435,0.742,0.925;aaaa;
aaa;0.466,0.784,0.594,0.968,0.457,0.227,0.382,0.455,0.65,0.243;a;
a;0.578,0.466,0.372,0.284,0.374,0.324,0.0571,0.443,0.309,0.906;a;
aa;0.0509,0.192,0.0693,0.166,0.686,0.0362,0.0284,0.571,0.77,0.736;aaaaaa;
a;0.788,0.532,0.129,0.498,0.879,0.852,0.0142,0.079,0.626,0.325;aaaaa;
a;0.184,0.837,0.169,0.833,0.113,0.237,0.618,0.463,0.967,0.988;aaaaaaa;
aaa;0.44,0.933,0.377,0.237,0.974,0.427,0.46,0.684,0.827,0.705;aaaaaaa;
a;0.259,0.243,0.972,0.0352,0.3,0.465,0.318,0.32,0.92,0.612;aaaaaa;
aa;0.63,0.357,0.244,0.599,0.693,0.713,0.852,0.565,0.729,0.511;a;
aaa;0.579,0.774,0.204,0.569,0.572,0.31,0.229,0.651,0.0326,0.802;aa;
aa;0.286,0.0159,0.689,0.846,0.747,0.951,0.447,0.867,0.522,0.994;a;
aaa;0.3,0.371,0.0576,0.507,0.457,0.303,0.488,0.925,0.0874,0.716;aaaaaa;
aa;0.552,0.0387,0.0467,0.994,0.28,0.321,0.596,0.947,0.491,0.743;aaaa;
aa;0.133,0.106,0.832,0.303,0.158,0.231,0.494,0.853,0.347,0.26;aaa;
aaa;0.369,0.831,0.664,0.809,0.434,0.113,0.134,0.29,0.089,0.689;aaaaaaaaa;
aaa;0.762,0.341,0.335,0.341,0.893,0.0723,0.23,0.217,0.399,0.119;aa;
a;0.18,0.848,0.801,0.326,0.665,0.446,0.117,0.669,0.547,0.801;aaaaaaaaaa;
aa;0.945,0.629,0.146,0.886,0.486,0.404,0.0944,0.601,0.741,0.591;aaaaaaa;
a;0.856,0.0256,0.562,0.428,0.447,0.0673,0.359,0.447,0.164,0.453;aa;
a;0.127,0.347,0.617,0.74,0.268,0.951,0.732,0.191,0.863,0.0407;a;
aaa;0.454,0.377,0.552,0.896,0.00938,0.498,0.932,0.901,0.382,0.97;aaaaaaa;
aaa;0.888,0.52,0.467,0.638,0.32,0.158,0.914,0.286,0.405,0.19;aaaaaa;
a;0.366,0.553,0.29,0.449,0.184,0.239,0.643,0.206,0.381,0.155;aaaa;
aaa;0.528,0.959,0.459,0.929,0.00721,0.801,0.359,0.0896,0.328,0.945;aaaaaaaaa;
aa;0.303,0.308,0.241,0.297,0.502,0.535,0.00151,0.0866,0.435,0.858;aaaa;
a;0.509,0.721,0.395,0.764,0.168,0.764,0.247,0.825,0.653,0.239;aaaaaaa;
aa;0.409,0.0794,0.0906,0.937,0.388,0.747,0.329,0.0458,0.225,0.765;aa;
aaa;0.396,0.567,0.145,0.804,0.451,0.0063,0.0699,0.722,0.425,0.00515;aaaaaa;
aa;0.941,0.655,0.653,0.906,0.892,0.895,0.957,0.94,0.236,0.794;aaaaaa;
a;0.0726,0.789,0.63,0.386,0.548,0.664,0.147,0.435,0.542,0.209;aaaaaaaa;
aa;0.426,0.18,0.677,0.373,0.0497,0.251,0.623,0.545,0.268,0.946;aa;
a;0.154,0.55,0.777,0.61,0.381,0.762,0.574,0.051,0.844,0.637;aaaaaa;
aa;0.0872,0.0428,0.0448,0.669,0.455,0.307,0.548,0.802,0.613,0.601;aaaaaaa;
a;0.29,0.789,0.186,0.243,0.912,0.0356,0.489,0.943,0.0401,0.967;a;
aaa;0.373,0.768,0.229,0.161,0.954,0.512,0.484,0.39,0.11,0.672;aaaaaaaa;
aa;0.878,0.269,0.093,0.313,0.065,0.183,0.0165,0.698,0.262,0.353;aaaaaaa;
aa;0.797,0.807,0.111,0.693,0.434,0.0411,0.22,0.0834,0.394,0.823;aaa;
aa;0.52,0.631,0.294,0.681,0.177,0.461,0.631,0.682,0.743,0.299;aaaaa;
a;0.367,0.129,0.334,0.908,0.73,0.538,0.583,0.444,0.633,0.363;aaaaaaa;
aa;0.336,0.423,0.00349,0.887,0.441,0.461,0.34,0.0691,0.0994,0.237;aaaaaaa;
a;0.187,0.999,0.331,0.102,0.316,0.127,0.197,0.111,0.212,0.227;a;
aaa;0.601,0.187,0.568,0.199,0.233,0.437,0.518,0.796,0.267,0.385;aaaaaaaa;
a;0.676,0.458,0.19,0.833,0.773,0.523,0.172,0.848,0.816,0.927;aaaaaa;
aa;0.31,0.0515,0.852,0.906,0.0991,0.378,0.131,0.291,0.213,0.504;aaaaaa;
aaa;0.76,0.568,0.502,0.584,0.937,0.467,0.587,0.36,0.828,0.657;aaaaaaaaa;
aaa;0.816,0.205,0.374,0.14,0.321,0.566,0.426,0.701,0.428,0.124;aaaaaaa;
aaa;0.0137,0.625,0.919,0.567,0.848,0.791,0.314,0.36,0.556,0.86;aaaa;
aaa;0.772,0.325,0.938,0.483,0.217,0.381,0.725,0.245,0.835,0.968;aaaaaaaa;
aa;0.447,0.148,0.914,0.354,0.332,0.511,0.785,0.384,0.483,0.887;aaaaaaaaaa;
a;0.917,0.0365,0.328,0.0319,0.0599,0.468,0.355,0.398,0.189,0.787;aaaa;
aaa;0.56,0.571,0.436,0.927,0.81,0.311,0.338,0.842,0.307,0.614;aaaaaaaaa;
aa;0.741,0.62,0.97,0.224,0.198,0.556,0.0893,0.527,0.153,0.83;aaaaaaaaa;
aaa;0.424,0.882,0.36,0.37,0.353,0.524,0.221,0.837,0.866,0.376;aaaaaaa;
a;0.543,0.467,0.666,0.159,0.772,0.695,0.283,0.819,0.766,0.484;aaa;
a;0.697,0.0778,0.115,0.434,0.2,0.0408,0.533,0.156,0.241,0.455;aaaaaaaaaa;
a;0.494,0.239,0.478,0.232,0.436,0.794,0.787,0.0236,0.536,0.295;aaaaa;
aaa;0.933,0.784,0.0982,0.152,0.991,0.487,0.343,0.742,0.8,0.616;aaaaaaaa;
aa;0.694,0.644,0.535,0.681,0.479,0.51,0.58,0.574,0.152,0.114;aaaaaaaa;
aaa;0.934,0.115,0.324,0.123,0.267,0.704,0.0138,0.0654,0.294,0.211;aaaaa;
aaa;0.528,0.348,0.709,0.535,0.371,0.634,0.231,0.723,0.38,0.298;aaaaaa;
aa;0.0798,0.278,0.181,0.904,0.0755,0.771,0.86,0.536,0.181,0.395;aaa;
aaa;0.195,0.864,0.546,0.381,0.391,0.847,0.839,0.336,0.667,0.295;aaaaaaa;
a;0.134,0.891,0.0401,0.777,0.952,0.487,0.915,0.757,0.339,0.149;a;
aaa;0.0775,0.434,0.394,0.0653,0.974,0.826,0.355,0.381,0.475,0.38;a;
aaa;0.488,0.728,0.932,0.00478,0.504,0.673,0.128,0.995,0.0294,0.824;aaa;
a;0.307,0.717,0.065,0.826,0.925,0.774,0.927,0.605,0.971,0.0598;aa;
a;0.285,0.783,0.0484,0.786,0.897,0.723,0.402,0.109,0.953,0.576;aaaaaaaaaa;
aaa;0.587,0.654,0.759,0.99,0.875,0.0453,0.971,0.991,0.128,0.63;aaaaaa;
a;0.834,0.12,0.598,0.952,0.323,0.139,0.0859,0.673,0.258,0.749;aaaa;
aa;0.0769,0.112,0.161,0.446,0.342,0.303,0.664,0.612,0.755,0.428;aaaa;
aaa;0.529,0.284,0.394,0.0711,0.726,0.887,0.34,0.509,0.784,0.576;aaaaaa;
aa;0.141,0.379,0.764,0.0584,0.568,0.411,0.0817,0.0351,0.0122,0.295;aaaaaaa;
aaa;0.195,0.604,0.17,0.592,0.0509,0.688,0.734,0.796,0.919,0.762;aa;
aaa;0.75,0.721,0.811,0.858,0.5,0.0306,0.359,0.547,0.321,0.00869;aaa;
a;0.486,0.685,0.15,0.461,0.562,0.864,0.823,0.034,0.697,0.797;aaaaaaa;
a;0.0307,0.375,0.663,0.854,0.588,0.938,0.488,0.502,0.974,0.323;aaaaaaa;
aa;0.335,0.409,0.701,0.325,0.691,0.362,0.159,0.735,0.922,0.252;a;
aaa;0.567,0.0587,0.26,0.223,0.698,0.0928,0.753,0.734,0.884,0.93;aaaaaaaaa;
aaa;0.581,0.826,0.88,0.492,0.384,0.647,0.112,0.744,0.584,0.465;aaaaaaaaa;
a;0.663,0.522,0.119,0.848,0.331,0.574,0.351,0.5,0.645,0.882;aaaa;
a;0.196,0.62,0.616,0.89,0.529,0.377,0.623,0.393,0.619,0.36;aaa;
a;0.766,0.78,0.818,0.353,0.311,0.902,0.0485,0.762,0.397,0.652;aaaaa;
aa;0.688,0.115,0.87,0.538,0.217,0.191,0.0224,0.417,0.418,0.99;aaaa;
aa;0.392,0.607,0.655,0.897,0.102,0.379,0.676,0.927,0.927,0.244;aaa;
aaa;0.102,0.24,0.291,0.658,0.0582,0.787,0.617,0.628,0.657,0.877;a;
aaa;0.262,0.579,0.244,0.477,0.106,0.677,0.424,0.928,0.244,0.4;aaaaaaa;
aaa;0.175,0.347,0.428,0.441,0.609,0.649,0.7,0.326,0.422,0.545;aaa;
a;0.0564,0.573,0.056,0.469,0.811,0.924,0.499,0.229,0.988,0.975;aaaaaaa;
aa;0.698,0.152,0.424,0.238,0.8,0.0339,0.288,0.402,0.587,0.909;aaaaaaaaaa;
aa;0.925,0.524,0.602,0.91,0.61,0.359,0.567,0.878,0.969,0.536;aaaaaaaa;
aaa;0.637,0.825,0.307,0.634,0.885,0.608,0.899,0.616,0.255,0.313;aaaaaa;
aa;0.0107,0.306,0.769,0.107,0.562,0.141,0.25,0.187,0.649,0.624;aaaa;
a;0.275,0.192,0.81,0.0992,0.279,0.299,0.67,0.00806,0.282,0.403;aa;
aaa;0.636,0.389,0.501,0.728,0.579,0.499,0.613,0.818,0.941,0.792;aaaaa;
aaa;0.972,0.191,0.549,0.357,0.159,0.198,0.498,0.183,0.47,0.654;aaaaaaaaa;
a;0.612,0.696,0.193,0.48,0.577,0.493,0.263,0.449,0.425,0.27;aaaaaaa;
aa;0.16,0.139,0.755,0.751,0.578,0.897,0.977,0.0134,0.13,0.176;aaaa;
aaa;0.354,0.54,0.16,0.633,0.215,0.32,0.765,0.554,0.18,0.259;aaaaaaaaa;
aa;0.0533,0.866,0.107,0.313,0.89,0.424,0.556,0.336,0.0256,0.562;aaaaaaa;
a;0.247,0.137,0.907,0.378,0.636,0.193,0.719,0.445,0.551,0.919;aaaaaaaaaa;
a;0.0353,0.772,0.2,0.666,0.46,0.692,0.431,0.157,0.132,0.362;aaaaaa;
aaa;0.244,0.573,0.306,0.249,0.0783,0.645,0.847,0.684,0.0314,0.0306;aaaaaaaa;
aa;0.257,0.233,0.651,0.787,0.385,0.891,0.118,0.322,0.529,0.195;aaa;
a;0.596,0.921,0.336,0.733,0.968,0.957,0.811,0.879,0.603,0.62;aaa;
a;0.136,0.941,0.104,0.661,0.644,0.53,0.84,0.788,0.56,0.28;aaaaaaaaa;
aa;0.703,0.543,0.318,0.869,0.128,0.457,0.573,0.962,0.862,0.64;aaaaaaaa;
aaa;0.823,0.459,0.0823,0.39,0.295,0.104,0.811,0.356,0.276,0.139;aaaaaaaa;
a;0.995,0.798,0.718,0.711,0.975,0.474,0.252,0.613,0.994,0.812;aaaaa;
a;0.331,0.132,0.69,0.34,0.731,0.644,0.419,0.704,0.425,0.769;aaaaaaaa;
aaa;0.592,0.565,0.0281,0.727,0.58,0.371,0.433,0.977,0.468,0.387;aaaaaaaaaa;
a;0.249,0.234,0.94,0.772,0.141,0.482,0.547,0.855,0.451,0.177;aaaaaa;
a;0.569,0.083,0.933,0.344,0.536,0.684,0.337,0.952,0.285,0.608;aaaaaaaaa;
aa;0.187,0.51,0.368,0.2,0.175,0.566,0.0718,0.662,0.0757,0.715;aaaaa;
a;0.458,0.955,0.128,0.0294,0.401,0.9,0.586,0.228,0.616,0.112;a;
a;0.724,0.418,0.861,0.088,0.987,0.361,0.87,0.253,0.626,0.829;aaa;
aaa;0.579,0.64,0.567,0.281,0.83,0.409,0.318,0.368,0.781,0.245;aaaaaaa;
aaa;0.0399,0.893,0.4,0.721,0.392,0.915,0.759,0.373,0.814,0.218;aaaa;
a;0.71,0.907,0.804,0.989,0.855,0.828,0.423,0.448,0.298,0.828;aaaaaaaaa;
aa;0.119,0.932,0.453,0.74,0.91,0.971,0.86,0.674,0.595,0.493;aaaaaaa;
a;0.913,0.407,0.596,0.698,0.0591,0.277,0.767,0.78,0.283,0.972;aaaaaaa;
a;0.217,0.599,0.986,0.722,0.257,0.0862,0.92,0.591,0.0954,0.316;aa;
a;0.529,0.623,0.846,0.772,0.962,0.0121,0.774,0.793,0.654,0.13;aaa;
aaa;0.397,0.4,0.443,0.833,0.189,0.316,0.695,0.633,0.656,0.266;a;
a;0.67,0.158,0.37,0.734,0.962,0.787,0.386,0.671,0.0531,0.642;aaaaaaaa;
aaa;0.207,0.378,0.369,0.484,0.865,0.853,0.0686,0.118,0.155,0.45;aaaaaaaaa;
aa;0.423,0.719,0.8,0.836,0.502,0.848,0.437,0.544,0.814,0.63;aaaaaaaaaa;
aaa;0.371,0.245,0.516,0.991,0.365,0.421,0.304,0.347,0.886,0.196;aaaaaaaaa;
aaa;0.219,0.349,0.0782,0.725,0.696,0.278,0.00491,0.304,0.213,0.469;aaaaaaa;
a;0.934,0.0366,0.287,0.907,0.898,0.275,0.159,0.608,0.419,0.522;aaaaaa;
aaa;0.728,0.932,0.869,0.854,0.328,0.71,0.782,0.154,0.956,0.39;aa;
a;0.246,0.379,0.986,0.796,0.0481,0.559,0.56,0.224,0.974,0.973;aaaaaaaaaa;
a;0.129,0.404,0.206,0.631,0.363,0.174,0.637,0.485,0.319,0.539;aaaaaaaa;
aaa;0.781,0.642,0.566,0.414,0.606,0.874,0.0886,0.106,0.89,0.235;aaaaaaaaaa;
a;0.451,0.56,0.982,0.587,0.386,0.236,0.307,0.318,0.827,0.794;aa;
aa;0.369,0.863,0.478,0.734,0.449,0.542,0.772,0.314,0.745,0.995;aaaaa;
aaa;0.441,0.758,0.604,0.288,0.321,0.796,0.366,0.726,0.0807,0.785;aaaaaaaaa;
a;0.972,0.156,0.333,0.302,0.557,0.676,0.44,0.701,0.832,0.59;aaa;
a;0.148,0.997,0.395,0.507,0.999,0.364,0.0262,0.49,0.648,0.22;aaaa;
aa;0.455,0.51,0.6,0.578,0.997,0.127,0.286,0.0136,0.602,0.789;a;
aa;0.485,0.605,0.0442,0.895,0.515,0.579,0.597,0.127,0.887,0.15;aaaaaaa;
a;0.204,0.88,0.677,0.00425,0.348,0.797,0.726,0.169,0.996,0.634;aaaaa;
aaa;0.758,0.87,0.0464,0.509,0.616,0.133,0.638,0.431,0.548,0.554;aaaaaa;
aa;0.513,0.0441,0.16,0.0913,0.398,0.311,0.91,0.878,0.479,0.219;aaaa;
a;0.142,0.27,0.716,0.447,0.869,0.7,0.645,0.393,0.398,0.633;aaaaaaaaa;
aaa;0.408,0.721,0.487,0.514,0.615,0.22,0.431,0.542,0.157,0.161;aaaaa;
aa;0.121,0.782,0.35,0.827,0.473,0.843,0.715,0.183,0.0951,0.399;aaaa;
a;0.508,0.0453,0.463,0.468,0.993,0.342,0.108,0.415,0.215,0.997;aaaa;
aaa;0.641,0.352,0.912,0.765,0.937,0.705,0.929,0.962,0.107,0.0875;aa;
aaa;0.741,0.48,0.389,0.287,0.132,0.288,0.949,0.0728,0.36,0.572;aaaaaaaaa;
aaa;0.503,0.324,0.894,0.164,0.708,0.2,0.174,0.942,0.588,0.291;aaa;
aaa;0.265,0.752,0.0407,0.0796,0.488,0.898,0.851,0.00902,0.103,0.574;aaaaaa;
aa;0.745,0.852,0.746,0.729,0.852,0.782,0.807,0.681,0.492,0.734;aaaaaa;
aa;0.939,0.893,0.573,0.0685,0.977,0.985,0.883,0.525,0.951,0.384;a;
aaa;0.233,0.609,0.0644,0.579,0.284,0.211,0.0704,0.671,0.69,0.296;aaaa;
aaa;0.318,0.948,0.345,0.855,0.281,0.615,0.463,0.297,0.522,0.00708;aa;
a;0.826,0.916,0.416,0.853,0.0395,0.708,0.129,0.559,0.93,0.669;aaaa;
aaa;0.877,0.472,0.258,0.965,0.873,0.582,0.586,0.275,0.704,0.334;aaaaaaaa;
aa;0.299,0.137,0.857,0.809,0.0445,0.299,0.836,0.312,0.676,0.567;aaaaaaaa;
aa;0.785,0.934,0.275,0.00195,0.412,0.384,0.269,0.472,0.53,0.631;aaaa;
a;0.00813,0.646,0.958,0.408,0.84,0.425,0.692,0.936,0.36,0.0728;aaaaa;
a;0.165,0.115,0.525,0.576,0.627,0.325,0.184,0.947,0.233,0.453;aaaaaaaaa;
a;0.443,0.309,0.832,0.126,0.127,0.647,0.38,0.777,0.341,0.792;aaaa;
aa;0.712,0.886,0.456,0.744,0.818,0.784,0.979,0.999,0.0977,0.437;aaaaa;
a;0.226,0.642,0.414,0.889,0.504,0.421,0.128,0.133,0.144,0.882;a;
aa;0.44,0.973,0.173,0.00988,0.0799,0.0187,0.391,0.55,0.0843,0.68;a;
aaa;0.537,0.222,0.837,0.292,0.968,0.956,0.823,0.999,0.66,0.267;aaaaaaaaaa;
aaa;0.449,0.57,0.979,0.598,0.693,0.142,0.136,0.62,0.393,0.785;aaaa;
aaa;0.238,0.903,0.989,0.13,0.898,0.271,0.0975,0.836,0.646,0.431;a;
a;0.938,0.618,0.525,0.951,0.294,0.728,0.213,0.419,0.883,0.37;aaaaaaaa;
aa;0.262,0.722,0.388,0.344,0.905,0.754,0.559,0.202,0.831,0.982;aaaa;
aa;0.742,0.012,0.708,0.417,0.248,0.537,0.734,0.58,0.895,0.286;aaa;
aa;0.789,0.234,0.411,0.52,0.32,0.323,0.972,0.283,0.0789,0.788;aaaaaaaaa;
a;0.71,0.422,0.986,0.564,0.255,0.29,0.116,0.262,0.22,0.791;aaaaaaaaa;
a;0.47,0.0482,0.765,0.609,0.954,0.962,0.873,0.539,0.355,0.843;aaaaaaa;
aaa;0.36,0.938,0.37,0.073,0.671,0.236,0.776,0.0907,0.529,0.193;a;
aa;0.619,0.0717,0.249,0.639,0.0141,0.465,0.375,0.0537,0.131,0.537;aaaaa;
a;0.159,0.225,0.668,0.868,0.812,0.994,0.142,0.971,0.0952,0.772;a;
a;0.753,0.349,0.91,0.592,0.761,0.836,0.617,0.438,0.431,0.204;aaaaa;
aaa;0.901,0.401,0.646,0.929,0.103,0.879,0.466,0.741,0.851,0.315;aaaa;
aaa;0.0182,0.697,0.529,0.0404,0.537,0.239,0.254,0.395,0.5,0.628;aaa;
aa;0.719,0.0289,0.566,0.34,0.393,0.122,0.969,0.836,0.493,0.049;aa;
aaa;0.281,0.0655,0.535,0.775,0.213,0.894,0.495,0.927,0.309,0.458;aaaa;
a;0.25,0.764,0.388,0.072,0.565,0.811,0.98,0.68,0.407,0.531;aaaaaaa;
aaa;0.417,0.289,0.14,0.0757,0.545,0.278,0.146,0.218,0.59,0.958;aaaaaaaa;
aaa;0.687,0.269,0.89,0.336,0.837,0.171,0.302,0.657,0.698,0.0172;aaaaaaaa;
aa;0.158,0.492,0.456,0.53,0.37,0.662,0.107,0.94,0.652,0.136;a;
a;0.879,0.227,0.893,0.723,0.192,0.45,0.955,0.647,0.609,0.733;aaaaaaaaa;
a;0.125,0.447,0.972,0.158,0.994,0.882,0.104,0.549,0.977,0.321;aaa;
a;0.556,0.217,0.496,0.523,0.829,0.85,0.596,0.269,0.217,0.0147;aa;
a;0.365,0.538,0.54,0.0228,0.755,0.0686,0.972,0.262,0.787,0.968;aaaa;
aa;0.66,0.777,0.266,0.935,0.141,0.846,0.282,0.651,0.595,0.651;aaaaaaa;
a;0.117,0.886,0.1,0.715,0.677,0.899,0.969,0.665,0.701,0.126;aaa;
aa;0.774,0.777,0.193,0.484,0.311,0.00688,0.639,0.271,0.499,0.258;aaaaaaaa;
a;0.665,0.141,0.025,0.0165,0.685,0.372,0.182,0.978,0.78,0.72;aaa;
aaa;0.454,0.426,0.332,0.493,0.351,0.291,0.431,0.665,0.917,0.802;aaaa;
aaa;0.415,0.284,0.619,0.459,0.652,0.923,0.021,0.115,0.974,0.349;a;
aaa;0.422,0.888,0.286,0.81,0.61,0.919,0.419,0.61,0.0818,0.888;aaaaaaaaaa;
a;0.64,0.508,0.728,0.973,0.23,0.993,0.691,0.507,0.442,0.0514;aaaa;
aa;0.152,0.598,0.0989,0.49,0.057,0.325,0.52,0.102,0.564,0.39;aaaa;
aaa;0.342,0.135,0.0504,0.813,0.552,0.116,0.767,0.607,0.275,0.104;aaa;
a;0.315,0.711,0.806,0.648,0.212,0.73,0.36,0.385,0.562,0.115;aa;
a;0.751,0.722,0.263,0.435,0.647,0.818,0.893,0.108,0.13,0.274;aaaa;
aa;0.621,0.963,0.181,0.896,0.736,0.514,0.873,0.97,0.373,0.584;aa;
aa;0.818,0.105,0.108,0.549,0.676,0.711,0.535,0.161,0.437,0.402;a;
aa;0.136,0.602,0.0984,0.136,0.821,0.996,0.669,0.396,0.417,0.863;aaaaa;
aa;0.353,0.85,0.115,0.0318,0.627,0.00443,0.447,0.672,0.096,0.451;aaaaaaaaa;
aaa;0.162,0.147,0.9,0.631,0.763,0.522,0.835,0.707,0.93,0.42;aaaaaaaaa;
aaa;0.625,0.352,0.939,0.861,0.897,0.676,0.488,0.13,0.532,0.0227;aaaa;
aaa;0.0194,0.82,0.166,0.624,0.187,0.88,0.152,0.41,0.0559,0.761;aaaa;
a;0.759,0.783,0.292,0.137,0.355,0.752,0.0551,0.301,0.138,0.698;aaaaaaa;
aa;0.838,0.797,0.226,0.52,0.208,0.0412,0.935,0.0796,0.844,0.0895;aaaaaa;
aa;0.671,0.371,0.622,0.276,0.332,0.158,0.714,0.787,0.387,0.891;aaaaaaaa;
aa;0.298,0.451,0.527,0.704,0.66,0.994,0.0795,0.819,0.231,0.491;aaaaaaaaaa;
aaa;0.385,0.263,0.315,0.892,0.858,0.385,0.436,0.858,0.542,0.0736;aaaaaaaa;
aa;0.95,0.316,0.148,0.579,0.581,0.621,0.346,0.807,0.878,0.527;aaaa;
aa;0.549,0.121,0.406,0.642,0.965,0.424,0.161,0.987,0.594,0.584;aaa;
aa;0.108,0.278,0.945,0.883,0.192,0.000484,0.821,0.231,0.676,0.806;aaaaaaaaaa;
a;0.847,0.152,0.296,0.976,0.221,0.636,0.675,0.84,0.582,0.677;aaa;
aaa;0.078,0.956,0.788,0.412,0.975,0.568,0.459,0.908,0.663,0.124;aaaaa;
aaa;0.183,0.184,0.562,0.141,0.893,0.66,0.559,0.706,0.435,0.612;aaa;
aaa;0.104,0.479,0.409,0.781,0.615,0.148,0.117,0.111,0.194,0.48;aaaaaaaaaa;
aaa;0.363,0.0443,0.59,0.386,0.546,0.936,0.36,0.0965,0.871,0.588;aaaaaaaa;
a;0.26,0.212,0.898,0.315,0.42,0.883,0.0225,0.224,0.769,0.863;aaaaaaaaaa;
aaa;0.735,0.38,0.878,0.656,0.819,0.00926,0.0302,0.363,0.707,0.971;aa;
aaa;0.013,0.519,0.457,0.331,0.673,0.217,0.389,0.108,0.258,0.435;aaaaaaa;
aaa;0.0317,0.273,0.635,0.544,0.963,0.0572,0.159,0.674,0.833,0.541;aa;
aa;0.404,0.582,0.943,0.405,0.322,0.542,0.534,0.241,0.663,0.35;aaaaaaa;
aaa;0.768,0.909,0.313,0.793,0.0263,0.432,0.984,0.928,0.123,0.375;aaaa;
aa;0.543,0.754,0.759,0.137,0.0494,0.00246,0.896,0.796,0.0467,0.668;aaaaaaaa;
aaa;0.449,0.0971,0.321,0.252,0.836,0.786,0.949,0.896,0.781,0.892;aaaa;
a;0.597,0.435,0.73,0.249,0.545,0.0311,0.515,0.655,0.737,0.525;aaaaaaa;
aa;0.36,0.475,0.352,0.639,0.446,0.944,0.951,0.05,0.565,0.262;aaaaa;
aa;0.00178,0.176,0.393,0.881,0.537,0.587,0.578,0.453,0.0695,0.207;aaa;
aaa;0.646,0.197,0.621,0.681,0.683,0.107,0.397,0.011,0.449,0.768;aaaa;
aa;0.534,0.036,0.45,0.959,0.32,0.593,0.88,0.245,0.913,0.828;aaaaa;
a;0.613,0.766,0.456,0.177,0.478,0.728,0.136,0.258,0.402,0.301;a;
aa;0.713,0.74,0.0433,0.234,0.718,0.592,0.496,0.919,0.685,0.635;aaaaaa;
aa;0.25,0.147,0.579,0.107,0.343,0.589,0.404,0.0545,0.144,0.183;aaaa;
aaa;0.451,0.124,0.136,0.629,0.673,0.307,0.585,0.713,0.618,0.674;aaa;
aa;0.121,0.489,0.865,0.442,0.0432,0.413,0.746,0.492,0.327,0.0847;aaaaaaa;
aa;0.739,0.0642,0.253,0.138,0.761,0.924,0.313,0.0632,0.835,0.581;aaaaaaaaaa;
aaa;0.297,0.491,0.159,0.548,0.907,0.295,0.48,0.209,0.891,0.721;aaa;
aa;0.779,0.321,0.578,0.187,0.963,0.556,0.101,0.58,0.118,0.962;aaaaa;
aaa;0.971,0.224,0.689,0.634,0.58,0.16,0.563,0.165,0.283,0.721;aaaa;
aa;0.172,0.611,0.46,0.115,0.038,0.41,0.787,0.0072,0.9,0.346;a;
aaa;0.0815,0.499,0.366,0.998,0.488,0.544,0.933,0.363,0.515,0.34;aaaaaaaa;
a;0.397,0.88,0.163,0.639,0.151,0.976,0.94,0.471,0.784,0.385;aa;
a;0.00238,0.595,0.309,0.797,0.0159,0.569,0.743,0.207,0.369,0.222;aaaaa;
aaa;0.392,0.273,0.184,0.173,0.446,0.603,0.846,0.95,0.438,0.313;aaaaaaaaa;
aa;0.0159,0.337,0.392,0.776,0.36,0.998,0.633,0.467,0.348,0.42;aaa;
aa;0.663,0.926,0.7,0.907,0.944,0.114,0.35,0.675,0.49,0.117;a;
aa;0.927,0.517,0.0352,0.225,0.498,0.566,0.917,0.557,0.986,0.712;aaaaaaa;
aa;0.231,0.347,0.571,0.893,0.1,0.212,0.419,0.969,0.318,0.586;aaaaaaaa;
a;0.529,0.00908,0.14,0.69,0.379,0.878,0.321,0.698,0.11,0.742;aa;
aa;0.0652,0.776,0.0491,0.797,0.149,0.342,0.83,0.576,0.458,0.168;aaaaaa;
aa;0.855,0.224,0.197,0.121,0.777,0.207,0.976,0.607,0.551,0.277;aaaaaa;
a;0.176,0.693,0.366,0.62,0.118,0.337,0.451,0.651,0.245,0.6;aaaa;
aa;0.595,0.82,0.922,0.443,0.383,0.116,0.337,0.598,0.748,0.87;aaaa;
a;0.616,0.927,0.5,0.631,0.928,0.145,0.411,0.00366,0.872,0.518;aaa;
a;0.21,0.47,0.221,0.633,0.902,0.729,0.42,0.632,0.334,0.381;aaaaaa;
a;0.669,0.896,0.595,0.219,0.174,0.405,0.766,0.608,0.509,0.268;aaaaaaaaa;
a;0.613,0.521,0.413,0.00806,0.763,0.532,0.855,0.00324,0.71,0.241;aaa;
a;0.516,0.138,0.586,0.358,0.552,0.0802,0.355,0.701,0.829,0.206;aaaaaa;
aa;0.352,0.783,0.728,0.215,0.669,0.699,0.147,0.734,0.725,0.0506;aaaaaa;
aaa;0.116,0.559,0.31,0.474,0.94,0.441,0.518,0.908,0.1,0.452;aaa;
a;0.929,0.359,0.65,0.294,0.593,0.896,0.253,0.17,0.543,0.651;aaaaaa;
a;0.973,0.928,0.963,0.915,0.538,0.356,0.216,0.684,0.559,0.432;aaaaaa;
a;0.0946,0.126,0.115,0.517,0.209,0.396,0.28,0.147,0.334,0.0644;a;
a;0.172,0.228,0.0605,0.948,0.233,0.889,0.626,0.0654,0.715,0.736;aaaaaaa;
aa;0.768,0.381,0.337,0.401,0.396,0.38,0.761,0.291,0.625,0.67;aaaa;
aa;0.918,0.0842,0.0947,0.835,0.268,0.823,0.368,0.643,0.307,0.989;aaa;
a;0.919,0.0679,0.757,0.578,0.93,0.747,0.86,0.0617,0.267,0.37;aa;
aaa;0.142,0.219,0.79,0.309,0.0087,0.257,0.638,0.391,0.893,0.067;aaaaaa;
aa;0.325,0.948,0.84,0.0634,0.79,0.168,0.429,0.165,0.357,0.0364;aaaaaaaa;
a;0.638,0.685,0.857,0.696,0.795,0.628,0.563,0.219,0.764,0.0103;a;
aaa;0.0528,0.612,0.288,0.372,0.0965,0.4,0.455,0.0117,0.18,0.167;aaaaaaaa;
a;0.122,0.103,0.273,0.307,0.231,0.22,0.0716,0.0555,0.11,0.926;aaaa;
aaa;0.592,0.647,0.164,0.687,0.69,0.837,0.951,0.811,0.986,0.331;aaaa;
aaa;0.261,0.612,0.154,0.382,0.793,0.283,0.853,0.0587,0.531,0.0981;aaaaa;
aaa;0.0149,0.753,0.717,0.319,0.0904,0.649,0.979,0.505,0.745,0.659;aaaaaaaaa;
aa;0.506,0.821,0.942,0.529,0.533,0.741,0.637,0.918,0.823,0.234;a;
a;0.739,0.188,0.267,0.503,0.479,0.899,0.521,0.263,0.277,0.288;aaa;
aaa;0.571,0.501,0.074,0.877,0.442,0.0661,0.058,0.56,0.839,0.999;aaaaaaaaaa;
aaa;0.152,0.82,0.171,0.999,0.552,0.343,0.877,0.568,0.159,0.919;aaaaaaa;
a;0.738,0.0634,0.925,0.597,0.0257,0.57,0.909,0.42,0.0916,0.224;aaaaaaa;
aaa;0.54,0.685,0.0691,0.228,0.245,0.716,0.678,0.91,0.482,0.0679;aa;
a;0.456,0.412,0.567,0.713,0.45,0.834,0.363,0.26,0.307,0.908;aaaaaaaaa;
aa;0.468,0.599,0.304,0.938,0.982,0.369,0.927,0.981,0.0733,0.0391;aaaaaaa;
aaa;0.0228,0.61,0.69,0.539,0.0171,0.777,0.718,0.2,0.105,0.239;aaaaa;
aaa;0.56,0.373,0.941,0.27,0.943,0.944,0.933,0.104,0.619,0.788;aaaaaaaaaa;
aaa;0.784,0.577,0.886,0.781,0.752,0.686,0.879,0.781,0.884,0.0436;a;
a;0.776,0.567,0.445,0.744,0.775,0.674,0.871,0.0534,0.466,0.506;aaaaaaaaa;
aa;0.468,0.599,0.304,0.938,0.982,0.369,0.927,0.981,0.0733,0.0391;aaaaaaaaaa;
aaa;0.0228,0.61,0.69,0.539,0.0171,0.777,0.718,0.2,0.105,0.239;aaa;
aaa;0.56,0.373,0.941,0.27,0.943,0.944,0.933,0.104,0.619,0.788;aaaaaaaa;
aaa;0.784,0.577,0.886,0.781,0.752,0.686,0.879,0.781,0.884,0.0436;aaaaaaaaa;
a;0.776,0.567,0.445,0.744,0.775,0.674,0.871,0.0534,0.466,0.506;aaa;
aa;0.468,0.599,0.304,0.938,0.982,0.369,0.927,0.981,0.0733,0.0391;aaa;
aaa;0.0228,0.61,0.69,0.539,0.0171,0.777,0.718,0.2,0.105,0.239;aaaaaa;
aaa;0.56,0.373,0.941,0.27,0.943,0.944,0.933,0.104,0.619,0.788;aaaaa;
aaa;0.784,0.577,0.886,0.781,0.752,0.686,0.879,0.781,0.884,0.0436;aaaaaa;
a;0.776,0.567,0.445,0.744,0.775,0.674,0.871,0.0534,0.466,0.506;aaaaaaaaa;
aa;0.468,0.599,0.304,0.938,0.982,0.369,0.927,0.981,0.0733,0.0391;aaa;
aaa;0.0228,0.61,0.69,0.539,0.0171,0.777,0.718,0.2,0.105,0.239;a;
aaa;0.56,0.373,0.941,0.27,0.943,0.944,0.933,0.104,0.619,0.788;aa;
aaa;0.784,0.577,0.886,0.781,0.752,0.686,0.879,0.781,0.884,0.0436;aaa;
a;0.776,0.567,0.445,0.744,0.775,0.674,0.871,0.0534,0.466,0.506;aaaaaaa;
aa;0.468,0.599,0.304,0.938,0.982,0.369,0.927,0.981,0.0733,0.0391;aa;
aaa;0.0228,0.61,0.69,0.539,0.0171,0.777,0.718,0.2,0.105,0.239;aaaa;
aaa;0.56,0.373,0.941,0.27,0.943,0.944,0.933,0.104,0.619,0.788;a;
aaa;0.784,0.577,0.886,0.781,0.752,0.686,0.879,0.781,0.884,0.0436;aaa;
a;0.776,0.567,0.445,0.744,0.775,0.674,0.871,0.0534,0.466,0.506;aaaaaaaaa;
