ATT0(float,9);ATT1(float,1);ATT2(string,10);
0.102,0.0522,0.0956,0.008,0.643,0.38,0.686,0.0225,0.809;0.825;aaaa;
0.99,0.52,0.35,0.0487,0.519,0.973,0.146,0.945,0.5;0.441;aaaaaaaa;
0.106,0.905,0.0316,0.494,0.69,0.894,0.622,0.853,0.293;0.84;aaaaaa;
0.275,0.315,0.64,0.664,0.32,0.56,0.522,0.989,0.416;0.187;aa;
0.457,0.447,0.436,0.484,0.687,0.108,0.718,0.376,0.785;0.872;aaaaaaaa;
0.927,0.509,0.555,0.363,0.228,0.189,0.288,0.428,0.545;0.361;aaa;
0.327,0.185,0.854,0.147,0.957,0.754,0.99,0.354,0.847;0.613;aa;
0.724,0.226,0.599,0.309,0.464,0.713,0.454,0.567,0.693;0.113;aaaaaa;
0.427,0.211,0.0151,0.938,0.377,0.36,0.277,0.521,0.0772;0.124;aaaaa;
0.808,0.298,0.837,0.352,0.907,0.434,0.24,0.421,0.668;0.652;aaaaaaaaaa;
0.544,0.382,0.374,0.948,0.42,0.967,0.0521,0.426,0.573;0.727;aaaaaaaaa;
0.231,0.407,0.279,0.617,0.212,0.0443,0.729,0.178,0.807;0.0985;a;
0.572,0.94,0.785,0.576,0.0861,0.0906,0.194,0.851,0.477;0.24;aaaa;
0.983,0.919,0.899,0.487,0.279,0.834,0.0339,0.642,0.426;0.704;aaaaa;
0.481,0.0462,0.92,0.0371,0.377,0.91,0.0382,0.551,0.522;0.293;aaaaa;
0.16,0.341,0.767,0.448,0.915,0.146,0.21,0.8,0.0323;0.571;aaaaa;
0.904,0.18,0.984,0.482,0.625,0.289,0.917,0.595,0.534;0.886;aaaaaaaaa;
0.994,0.474,0.923,0.176,0.782,0.0857,0.61,0.547,0.8;0.0384;aaaaaaaa;
0.572,0.113,0.0562,0.346,0.951,0.79,0.873,0.846,0.154;0.475;aaa;
0.801,0.105,0.216,0.866,0.0994,0.569,0.628,0.21,0.824;0.967;aaaaa;
0.536,0.877,0.963,0.514,0.272,0.834,0.168,0.69,0.5;0.983;aaaaaaaa;
0.135,0.364,0.374,0.0569,0.0436,0.363,0.883,0.227,0.153;0.727;aaaaaaa;
0.751,0.824,0.749,0.0676,0.954,0.105,0.78,0.432,0.0315;0.126;aaaaaaaaaa;
0.92,0.306,0.273,0.606,0.654,0.481,0.765,0.85,0.74;0.601;aaaaaaaaa;
0.71,0.776,0.289,0.961,0.026,0.736,0.482,0.285,0.39;0.869;aaaaaaaaaa;
0.379,0.556,0.397,0.0132,0.995,0.0166,0.925,0.208,0.276;0.259;aaaaaaaa;
0.675,0.167,0.629,0.549,0.451,0.0803,0.855,0.65,0.0741;0.531;aaaa;
0.316,0.527,0.373,0.927,0.12,0.419,0.624,0.981,0.803;0.679;aa;
0.157,0.233,0.491,0.701,0.545,0.253,0.75,0.969,0.702;0.823;aaaa;
0.539,0.716,0.84,0.841,0.266,0.559,0.653,0.0326,0.7;0.581;aa;
0.43,0.732,0.192,0.841,0.109,0.596,0.0856,0.549,0.74;0.693;aaa;
0.616,0.458,0.154,0.254,0.203,0.922,0.289,0.71,0.527;0.0564;aaaaaaaaa;
0.0623,0.296,0.413,0.295,0.94,0.764,0.197,0.475,0.524;0.327;aaaaaaaaa;
0.251,0.169,0.364,0.573,0.145,0.0276,0.572,0.488,0.576;0.98;aaaa;
0.0353,0.325,0.605,0.679,0.715,0.991,0.0148,0.118,0.797;0.458;aaaaaa;
0.29,0.346,0.174,0.125,0.727,0.903,0.342,0.424,0.379;0.415;aaaaaaaaa;
0.182,0.263,0.86,0.272,0.825,0.768,0.965,0.00418,0.662;0.56;aa;
0.06,0.582,0.887,0.298,0.129,0.727,0.284,0.0365,0.551;0.638;aaaaaaa;
0.0582,0.983,0.0115,0.233,0.952,0.0806,0.291,0.235,0.948;0.638;aaaaaaa;
0.568,0.497,0.399,0.0282,0.233,0.694,0.443,0.497,0.68;0.675;a;
0.524,0.953,0.618,0.772,0.904,0.658,0.361,0.0335,0.898;0.888;aaaa;
0.582,0.999,0.505,0.786,0.496,0.302,0.289,0.404,0.827;0.796;aaaa;
0.169,0.563,0.666,0.188,0.842,0.955,0.827,0.352,0.177;0.768;aaaaaa;
0.259,0.31,0.442,0.408,0.489,0.82,0.159,0.846,0.648;0.0733;aa;
0.807,0.928,0.0353,0.702,0.425,0.584,0.464,0.117,0.86;0.875;aaaaaaaaa;
0.577,0.165,0.222,0.318,0.415,0.238,0.729,0.739,0.509;0.545;aaaaaaaaa;
0.676,0.948,0.625,0.977,0.636,0.437,0.671,0.479,0.935;0.249;aaaaa;
0.595,0.692,0.41,0.375,0.614,0.671,0.541,0.771,0.368;0.342;aaaa;
0.946,0.433,0.364,0.552,0.898,0.163,0.692,0.89,0.685;0.216;a;
0.698,0.626,0.531,0.679,0.0374,0.964,0.397,0.116,0.273;0.584;aaaaaaaa;
0.579,0.936,0.87,0.89,0.478,0.54,0.364,0.276,0.308;0.629;aaaa;
0.4,0.187,0.114,0.647,0.385,0.463,0.916,0.883,0.986;0.0778;aaaaaaaa;
0.497,0.868,0.822,0.261,0.893,0.828,0.59,0.353,0.707;0.198;aaaaaaaaa;
0.298,0.523,0.398,0.789,0.491,0.917,0.682,0.294,0.889;0.606;aaaaaaa;
0.818,0.234,0.485,0.395,0.106,0.285,0.739,0.458,0.97;0.484;aaaaaaa;
0.929,0.668,0.693,0.405,0.218,0.99,0.0275,0.444,0.762;0.445;aaaaaaaaaa;
0.0845,0.0161,0.685,0.652,0.683,0.614,0.26,0.262,0.836;0.528;aaaaaaaaa;
0.187,0.731,0.854,0.00476,0.176,0.227,0.0852,0.512,0.581;0.787;a;
0.303,0.252,0.562,0.243,0.59,0.631,0.484,0.177,0.678;0.709;aaaaa;
0.748,0.968,0.248,0.567,0.584,0.117,0.706,0.795,0.0852;0.976;aa;
0.911,0.517,0.0384,0.243,0.763,0.365,0.178,0.0687,0.263;0.951;aaaaaaa;
0.499,0.425,0.601,0.7,0.25,0.864,0.379,0.219,0.877;0.427;aaaaaaaa;
0.225,0.947,0.947,0.498,0.11,0.555,0.205,0.693,0.011;0.723;aaaaaaaa;
0.884,0.222,0.229,0.0618,0.87,0.255,0.889,0.103,0.711;0.405;aaaaaaaaaa;
0.219,0.523,0.457,0.199,0.263,0.566,0.643,0.433,0.0162;0.912;aaaaaaaaa;
0.473,0.624,0.593,0.226,0.0809,0.309,0.526,0.265,0.717;0.258;aa;
0.615,0.74,0.81,0.211,0.412,0.593,0.737,0.159,0.251;0.194;a;
0.2,0.129,0.0956,0.286,0.282,0.398,0.0777,0.73,0.764;0.501;aaaaaaaaaa;
0.778,0.591,0.854,0.484,0.707,0.662,0.458,0.694,0.706;0.221;aaaaaaaaaa;
0.517,0.548,0.579,0.252,0.492,0.687,0.881,0.528,0.23;0.835;aaaaaaaa;
0.755,0.838,0.573,0.936,0.679,0.83,0.932,0.523,0.658;0.78;aaaa;
0.965,0.745,0.38,0.231,0.669,0.573,0.225,0.266,0.695;0.76;aaaaaa;
0.521,0.772,0.149,0.0459,0.376,0.874,0.732,0.569,0.978;0.0975;aaaaaaaa;
0.373,0.374,0.468,0.041,0.798,0.283,0.306,0.0769,0.447;0.67;aaaaaaaaaa;
0.282,0.205,0.598,0.995,0.935,0.496,0.14,0.0321,0.977;0.0521;aaaaaaa;
0.497,0.829,0.438,0.397,0.862,0.481,0.859,0.726,0.917;0.55;aaaaaaaa;
0.296,0.503,0.829,0.695,0.258,0.888,0.0012,0.99,0.115;0.743;aaaaaaa;
0.0679,0.529,0.348,0.655,0.108,0.0151,0.247,0.919,0.865;0.289;aaaaaaa;
0.674,0.544,0.532,0.0848,0.243,0.537,0.805,0.683,0.783;0.439;aaa;
0.811,0.117,0.0237,0.179,0.71,0.506,0.958,0.0977,0.726;0.0671;aa;
0.568,0.0225,0.965,0.543,0.792,0.449,0.496,0.725,0.893;0.29;aaaaa;
0.555,0.137,0.748,0.877,0.319,0.283,0.302,0.386,0.79;0.636;aaaaaaa;
0.714,0.26,0.983,0.535,0.929,0.787,0.133,0.344,0.727;0.792;aa;
0.91,0.699,0.668,0.797,0.913,0.142,0.532,0.725,0.441;0.565;a;
0.8,0.98,0.791,0.389,0.38,0.167,0.216,0.331,0.287;0.792;aaaaaaaaaa;
0.955,0.0102,0.233,0.853,0.517,0.564,0.116,0.648,0.679;0.976;aaaaaa;
0.234,0.48,0.0443,0.439,0.163,0.871,0.119,0.138,0.304;0.557;a;
0.209,0.518,0.699,0.668,0.299,0.172,0.364,0.854,0.11;0.552;a;
0.56,0.657,0.558,0.181,0.572,0.541,0.445,0.83,0.937;0.931;aa;
0.15,0.108,0.187,0.434,0.807,0.39,0.613,0.657,0.235;0.319;aaaaaaaa;
0.639,0.216,0.74,0.688,0.349,0.408,0.534,0.579,0.505;0.854;aaa;
0.909,0.367,0.966,0.417,0.605,0.698,0.46,0.348,0.692;0.477;aaaaa;
0.522,0.122,0.189,0.0524,0.107,0.0812,0.311,0.245,0.72;0.974;aaa;
0.0851,0.368,0.111,0.0675,0.996,0.701,0.196,0.731,0.104;0.162;aaaaaaaaaa;
0.54,0.371,0.76,0.359,0.479,0.999,0.181,0.179,0.237;0.765;aaaaaa;
0.306,0.532,0.773,0.987,0.619,0.66,0.489,0.889,0.0249;0.113;aaaaaaa;
0.331,0.45,0.848,0.2,0.991,0.0106,0.832,0.0879,0.488;0.872;aaa;
0.845,0.965,0.966,0.831,0.129,0.432,0.976,0.866,0.216;0.375;aaaaa;
0.918,0.79,0.0587,0.138,0.902,0.43,0.687,0.884,0.472;0.941;aaa;
0.302,0.978,0.507,0.306,0.0904,0.16,0.929,0.526,0.833;0.625;aaaaaaaa;
0.374,0.0675,0.974,0.163,0.524,0.466,0.969,0.433,0.0115;0.273;aaa;
0.457,0.744,0.951,0.24,0.0721,0.912,0.938,0.658,0.831;0.114;aaaaaaaaa;
0.335,0.848,0.836,0.677,0.432,0.327,0.852,0.0126,0.946;0.778;aa;
0.449,0.451,0.794,0.778,0.796,0.195,0.197,0.654,0.546;0.939;aa;
0.555,0.193,0.808,0.598,0.0938,0.754,0.553,0.357,0.51;0.405;a;
0.874,0.71,0.858,0.0109,0.253,0.265,0.472,0.0746,0.692;0.616;aa;
0.794,0.604,0.36,0.0875,0.77,0.248,0.982,0.57,0.59;0.964;aaaaaa;
0.112,0.64,0.93,0.26,0.936,0.287,0.077,0.0522,0.214;0.508;aaaaa;
0.504,0.934,0.192,0.965,0.186,0.491,0.345,0.22,0.436;0.309;aaa;
0.312,0.704,0.423,0.918,0.187,0.222,0.764,0.416,0.187;0.429;aaaaa;
0.57,0.42,0.205,0.389,0.296,0.858,0.189,0.166,0.252;0.866;a;
0.853,0.956,0.349,0.917,0.583,0.0503,0.761,0.627,0.46;0.473;aaa;
0.837,0.165,0.791,0.326,0.984,0.745,0.483,0.646,0.183;0.315;aaaaa;
0.733,0.152,0.961,0.354,0.011,0.214,0.626,0.163,0.251;0.897;aaaaaaa;
0.468,0.544,0.818,0.605,0.13,0.227,0.469,0.503,0.706;0.735;aaaaaaaaa;
0.273,0.0825,0.418,0.198,0.376,0.74,0.485,0.00646,0.343;0.782;aa;
0.441,0.351,0.377,0.74,0.495,0.933,0.196,0.484,0.978;0.562;aaaaaaaa;
0.495,0.473,0.0948,0.896,0.0679,0.773,0.867,0.0207,0.678;0.868;aaaaaaaa;
0.54,0.321,0.584,0.5,0.853,0.616,0.116,0.666,0.336;0.641;aaa;
0.906,0.489,0.103,0.747,0.167,0.0743,0.778,0.682,0.263;0.853;aaaaaaaaa;
0.495,0.613,0.2,0.456,0.739,0.145,0.458,0.595,0.574;0.533;aaaaaa;
0.663,0.917,0.93,0.382,0.602,0.649,0.885,0.941,0.0363;0.432;aaa;
0.14,0.105,0.0398,0.379,0.469,0.399,0.719,0.762,0.421;0.691;aaaaaaa;
0.398,0.812,0.996,0.785,0.622,0.232,0.0549,0.437,0.535;0.0309;aaaa;
0.668,0.212,0.613,0.45,0.116,0.437,0.509,0.963,0.896;0.569;aaaaaaaa;
0.641,0.584,0.527,0.153,0.142,0.705,0.332,0.0592,0.936;0.254;aaaaa;
0.0761,0.934,0.0791,0.0377,0.227,0.127,0.415,0.401,0.886;0.925;aaaaaaa;
0.622,0.623,0.45,0.763,0.979,0.942,0.578,0.647,0.843;0.613;aaaaaaaaaa;
0.296,0.359,0.0134,0.157,0.64,0.0926,0.632,0.678,0.00158;0.112;aaaaaa;
0.898,0.698,0.924,0.833,0.482,0.536,0.67,0.0682,0.67;0.937;aaaaaaaaaa;
0.0371,0.55,0.367,0.297,0.0987,0.876,0.218,0.0783,0.452;0.0677;aaa;
0.197,0.231,0.66,0.303,0.0212,0.89,0.564,0.441,0.267;0.711;aaaaaaaa;
0.438,0.29,0.871,0.508,0.0642,0.304,0.369,0.841,0.00778;0.178;aaaaaaaa;
0.0771,0.0199,0.0274,0.472,0.0222,0.396,0.45,0.554,0.694;0.967;aaaaaaaaa;
0.265,0.944,0.338,0.656,0.31,0.126,0.0674,0.102,0.206;0.317;aaaaaa;
0.132,0.447,0.768,0.0477,0.0883,0.423,0.00588,0.815,0.756;0.0839;aaaaa;
0.509,0.687,0.381,0.749,0.207,0.552,0.866,0.799,0.347;0.419;aaa;
0.91,0.223,0.193,0.697,0.277,0.664,0.657,0.581,0.703;0.24;aaaaa;
0.0462,0.544,0.107,0.145,0.199,0.646,0.508,0.477,0.422;0.611;aaaaaa;
0.297,0.213,0.948,0.848,0.415,0.939,0.0451,0.624,0.0158;0.524;aaaaaa;
0.572,0.0941,0.942,0.747,0.925,0.901,0.152,0.0245,0.0826;0.0222;aaaaaa;
0.863,0.385,0.282,0.941,0.143,0.78,0.773,0.613,0.798;0.342;aa;
0.389,0.00725,0.662,0.926,0.352,0.403,0.995,0.00774,0.988;0.76;a;
0.0928,0.796,0.105,0.167,0.975,0.114,0.913,0.0542,0.328;0.12;aaaa;
0.0966,0.354,0.928,0.747,0.127,0.446,0.53,0.802,0.146;0.48;aaaaaaa;
0.78,0.0871,0.184,0.535,0.582,0.646,0.538,0.609,0.585;0.237;aaaaaaaaa;
0.434,0.492,0.657,0.147,0.486,0.113,0.274,0.397,0.792;0.668;aaa;
0.458,0.205,0.996,0.176,0.602,0.944,0.728,0.633,0.558;0.746;aaaaaaaaaa;
0.527,0.858,0.551,0.0438,0.153,0.203,0.791,0.549,0.331;0.905;aaaa;
0.127,0.073,0.148,0.696,0.874,0.86,0.216,0.187,0.39;0.353;aaa;
0.407,0.674,0.788,0.271,0.308,0.0458,0.203,0.559,0.959;0.648;aaaaaaaaaa;
0.00974,0.952,0.174,0.908,0.622,0.366,0.408,0.16,0.624;0.214;aaaaa;
0.792,0.0676,0.765,0.427,0.838,0.906,0.158,0.325,0.566;0.348;aaaaaaaaa;
0.783,0.999,0.253,0.143,0.716,0.044,0.492,0.832,0.327;0.338;a;
0.996,0.351,0.684,0.278,0.755,0.808,0.0444,0.188,0.66;0.761;aaa;
0.0737,0.299,0.216,0.836,0.3,0.874,0.322,0.232,0.392;0.896;aaa;
0.745,0.69,0.997,0.196,0.537,0.88,0.786,0.979,0.981;0.803;aaaaaaaa;
0.233,0.823,0.336,0.724,0.695,0.408,0.637,0.191,0.342;0.465;aaaaa;
0.138,0.36,0.927,0.795,0.521,0.682,0.34,0.795,0.53;0.983;aaaa;
0.865,0.865,0.268,0.741,0.922,0.1,0.312,0.0658,0.481;0.753;aaaaaaaaa;
0.578,0.505,0.667,0.252,0.328,0.825,0.563,0.879,0.787;0.34;aaaaaaaaaa;
0.388,0.05,0.382,0.418,0.892,0.62,0.32,0.956,0.161;0.124;aaaaa;
0.809,0.125,0.705,0.473,0.77,0.248,0.0671,0.972,0.85;0.372;aaaaaaaaa;
0.38,0.664,0.926,0.913,0.966,0.983,0.475,0.672,0.88;0.496;aaaaaaa;
0.502,0.773,0.283,0.233,0.989,0.406,0.194,0.265,0.525;0.95;aa;
0.562,0.622,0.0492,0.249,0.718,0.982,0.856,0.96,0.043;0.332;aaaaaaaaaa;
0.825,0.42,0.666,0.441,0.464,0.914,0.568,0.416,0.179;0.703;aa;
0.14,0.335,0.4,0.327,0.39,0.0321,0.244,0.234,0.0471;0.218;aaa;
0.442,0.683,0.276,0.995,0.55,0.116,0.769,0.595,0.664;0.138;aaaaaaaa;
0.0724,0.856,0.96,0.689,0.958,0.3,0.854,0.146,0.588;0.98;aaaaaaaa;
0.3,0.448,0.723,0.498,0.794,0.348,0.726,0.703,0.00562;0.00277;aaaaaaaa;
0.626,0.542,0.613,0.747,0.493,0.424,0.194,0.0795,0.461;0.611;a;
0.564,0.493,0.384,0.0808,0.31,0.569,0.144,0.939,0.153;0.514;aaaaaaaaaa;
0.111,0.502,0.475,0.73,0.875,0.291,0.819,0.295,0.555;0.123;aaaaaaa;
0.558,0.562,0.26,0.348,0.679,0.0418,0.728,0.538,0.608;0.557;aa;
0.211,0.631,0.352,0.595,0.763,0.786,0.475,0.121,0.339;0.869;a;
0.00818,0.641,0.574,0.378,0.432,0.443,0.81,0.433,0.549;0.884;a;
0.778,0.83,0.979,0.171,0.579,0.387,0.0278,0.505,0.904;0.774;aaaaaaa;
0.48,0.945,0.49,0.49,0.467,0.601,0.0494,0.978,0.929;0.358;aaa;
0.473,0.478,0.927,0.204,0.814,0.368,0.81,0.0902,0.633;0.808;aa;
0.162,0.352,0.587,0.186,0.46,0.814,0.678,0.997,0.284;0.456;aaaaaa;
0.482,0.732,0.808,0.027,0.0104,0.426,0.431,0.56,0.46;0.244;aaaaaaaa;
0.0348,0.603,0.86,0.224,0.809,0.889,0.241,0.606,0.137;0.292;aaaaaaaaaa;
0.598,0.323,0.978,0.733,0.196,0.259,0.98,0.518,0.225;0.924;aaaaaaaaa;
0.286,0.93,0.129,0.346,0.309,0.18,0.839,0.448,0.657;0.141;a;
0.102,0.446,0.865,0.385,0.281,0.736,0.52,0.632,0.789;0.668;aaaaa;
0.117,0.0343,0.645,0.645,0.139,0.349,0.413,0.244,0.15;0.164;aaaaa;
0.254,0.508,0.249,0.767,0.769,0.681,0.513,0.241,0.817;0.543;aaaaaaaa;
0.507,0.373,0.362,0.409,0.128,0.329,0.821,0.876,0.13;0.533;aaa;
0.833,0.667,0.891,0.976,0.544,0.582,0.601,0.894,0.988;0.103;aaaaaaaa;
0.716,0.413,0.253,0.637,0.0777,0.0575,0.901,0.803,0.265;0.963;a;
0.428,0.474,0.402,0.28,0.958,0.974,0.298,0.0225,0.701;0.266;aaaaa;
0.949,0.205,0.599,0.993,0.695,0.043,0.571,0.407,0.432;0.0656;a;
0.793,0.436,0.746,0.483,0.598,0.537,0.884,0.84,0.104;0.676;aaaaaaaa;
0.496,0.0479,0.0573,0.58,0.903,0.346,0.628,0.722,0.741;0.663;aa;
0.159,0.789,0.632,0.0418,0.143,0.0331,0.197,0.915,0.219;0.536;aaaaaaaaa;
0.0105,0.432,0.51,0.211,0.744,0.602,0.888,0.709,0.664;0.725;aaaaa;
0.716,0.000289,0.233,0.319,0.387,0.945,0.979,0.834,0.463;0.512;a;
0.903,0.0389,0.563,0.879,0.0151,0.38,0.228,0.539,0.773;0.174;aaaaa;
0.78,0.0914,0.498,0.888,0.545,0.414,0.0648,0.135,0.848;0.33;aaaaa;
0.988,0.234,0.137,0.426,0.472,0.576,0.342,0.624,0.948;0.781;aaaaaaaaa;
0.0376,0.147,0.892,0.993,0.402,0.0714,0.166,0.37,0.209;0.867;aaaaaa;
0.0161,0.96,0.771,0.285,0.446,0.406,0.599,0.733,0.184;0.492;a;
0.521,0.261,0.128,0.84,0.503,0.396,0.274,0.0097,0.542;0.574;aaaaaaaaaa;
0.858,0.18,0.286,0.162,0.725,0.169,0.251,0.796,0.58;0.173;a;
0.739,0.0888,0.855,0.53,0.283,0.439,0.686,0.811,0.433;0.0686;aaaaa;
0.304,0.325,0.149,0.667,0.664,0.677,0.742,0.374,0.398;0.959;aaaaaaaaaa;
0.899,0.939,0.769,0.635,0.948,0.825,0.282,0.622,0.726;0.962;aa;
0.239,0.639,0.0311,0.136,0.894,0.891,0.898,0.935,0.518;0.0479;aaaaaaaa;
0.814,0.0354,0.851,0.778,0.232,0.0836,0.601,0.508,0.0442;0.327;aaaaaaaaa;
0.183,0.103,0.649,0.448,0.0741,0.851,0.947,0.0668,0.432;0.252;aaaaaaaaa;
0.309,0.882,0.682,0.34,0.286,0.563,0.419,0.484,0.293;0.353;aaaaaaaa;
0.299,0.968,0.708,0.236,0.489,0.161,0.913,0.737,0.0963;0.787;aaaaaa;
0.629,0.0241,0.18,0.0262,0.871,0.235,0.419,0.893,0.253;0.181;aaaaaa;
0.533,0.633,0.126,0.781,0.808,0.267,0.376,0.579,0.541;0.00953;aaaaaaaaaa;
0.203,0.53,0.721,0.753,0.253,0.939,0.536,0.813,0.664;0.338;aaa;
0.928,0.825,0.951,0.603,0.429,0.511,0.848,0.69,0.342;0.514;aaaa;
0.503,0.626,0.225,0.918,0.238,0.822,0.609,0.548,0.373;0.684;aaa;
0.193,0.331,0.562,0.49,0.0391,0.623,0.693,0.202,0.435;0.793;aaaaaaaa;
0.84,0.918,0.0501,0.612,0.0596,0.438,0.435,0.763,0.0902;0.216;aaaaaaaaa;
0.0205,0.999,0.0384,0.301,0.868,0.486,0.842,0.664,0.0866;0.447;aaaaa;
0.602,0.496,0.478,0.944,0.037,0.211,0.0836,0.0325,0.839;0.63;a;
0.883,0.101,0.81,0.499,0.696,0.842,0.0208,0.826,0.129;0.0307;a;
0.85,0.278,0.722,0.157,0.605,0.254,0.361,0.38,0.501;0.831;aaaaaaaaa;
0.276,0.911,0.158,0.286,0.69,0.194,0.727,0.754,0.584;0.291;aaaaaaa;
0.406,0.139,0.155,0.0197,0.347,0.0176,0.182,0.919,0.058;0.679;aaaaaaaa;
0.202,0.978,0.208,0.544,0.809,0.527,0.695,0.729,0.944;0.0464;aaaaaaaa;
0.561,0.102,0.856,0.811,0.615,0.516,0.825,0.909,0.794;0.893;aaaaaaaaa;
0.747,0.149,0.00511,0.636,0.0418,0.787,0.0388,0.496,0.509;0.345;aaaaa;
0.405,0.15,0.116,0.896,0.395,0.618,0.56,0.443,0.897;0.235;aa;
0.489,0.928,0.339,0.4,0.949,0.193,0.545,0.614,0.103;0.91;aaaaaa;
0.944,0.0265,0.776,0.335,0.288,0.874,0.379,0.332,0.666;0.598;aaaa;
0.265,0.376,0.385,0.36,0.317,0.191,0.0361,0.849,0.909;0.66;aaaaaaaaa;
0.179,0.41,0.432,0.439,0.773,0.461,0.204,0.235,0.957;0.374;aaaa;
0.574,0.184,0.471,0.267,0.0608,0.806,0.686,0.91,0.201;0.516;aaaa;
0.119,0.0841,0.613,0.218,0.589,0.223,0.473,0.37,0.504;0.233;aaa;
0.922,0.459,0.0591,0.0958,0.677,0.531,0.949,0.399,0.89;0.065;aaaaaaa;
0.209,0.622,0.919,0.361,0.714,0.362,0.12,0.988,0.208;0.756;aaaaaaaa;
0.721,0.765,0.344,0.696,0.716,0.257,0.792,0.635,0.844;0.865;a;
0.942,0.643,0.934,0.919,0.115,0.00762,0.0119,0.767,0.77;0.969;aaaaaaaa;
0.576,0.321,0.161,0.867,0.845,0.027,0.897,0.424,0.956;0.898;aaa;
0.0595,0.719,0.283,0.723,0.828,0.386,0.674,0.329,0.667;0.801;aa;
0.743,0.489,0.597,0.336,0.635,0.36,0.972,0.206,0.453;0.334;aaaaaaaaa;
0.304,0.221,0.961,0.0288,0.0727,0.473,0.347,0.692,0.392;0.314;aaaaaaaaaa;
0.194,0.862,0.992,0.305,0.208,0.474,0.868,0.642,0.215;0.00624;aaaaaaa;
0.0783,0.482,0.269,0.229,0.714,0.878,0.828,0.652,0.132;0.534;aaaaaaaa;
0.564,0.889,0.777,0.594,0.611,0.0652,0.296,0.281,0.356;0.825;aaaaaaaaa;
0.785,0.983,0.0314,0.264,0.723,0.687,0.459,0.293,0.382;0.952;aaa;
0.833,0.312,0.661,0.35,0.489,0.724,0.284,0.0543,0.775;0.55;aa;
0.93,0.362,0.338,0.561,0.435,0.688,0.733,0.452,0.747;0.23;aaaaa;
0.117,0.308,0.246,0.277,0.133,0.331,0.564,0.791,0.737;0.347;aaaaaaaaa;
0.321,0.00173,0.522,0.82,0.0309,0.476,0.65,0.205,0.672;0.247;aaaaaaaaaa;
0.148,0.0614,0.565,0.551,0.0169,0.974,0.249,0.231,0.607;0.907;aa;
0.859,0.765,0.26,0.976,0.537,0.206,0.00548,0.712,0.617;0.96;aaaaaaa;
0.624,0.169,0.213,0.404,0.94,0.24,0.254,0.79,0.997;0.818;aaaaaaa;
0.516,0.457,0.246,0.11,0.702,0.609,0.747,0.523,0.552;0.107;aa;
0.584,0.288,0.526,0.958,0.49,0.0207,0.144,0.667,0.921;0.891;aaaaa;
0.03,0.899,0.698,0.924,0.637,0.145,0.245,0.377,0.797;0.622;aaaaaaaaaa;
0.258,0.566,0.119,0.366,0.332,0.672,0.509,0.0359,0.3;0.384;a;
0.547,0.915,0.413,0.495,0.485,0.501,0.058,0.196,0.324;0.686;aaaaaa;
0.823,0.339,0.232,0.844,0.452,0.157,0.464,0.22,0.57;0.989;aaaaa;
0.0465,0.869,0.639,0.731,0.801,0.997,0.443,0.198,0.0105;0.474;aaaaaaa;
0.327,0.153,0.688,0.928,0.701,0.879,0.523,0.783,0.836;0.78;aaa;
0.187,0.907,0.873,0.491,0.00202,0.0887,0.961,0.409,0.753;0.439;aa;
0.819,0.968,0.189,0.267,0.669,0.0514,0.809,0.727,0.956;0.119;aaaaa;
0.499,0.815,0.524,0.365,0.881,0.813,0.278,0.872,0.813;0.0641;aaa;
0.71,0.963,0.696,0.867,0.911,0.165,0.985,0.416,0.543;0.963;aaaaaaaaa;
0.0424,0.0875,0.601,0.384,0.861,0.201,0.342,0.12,0.123;0.985;aaaaaaaaaa;
0.772,0.576,0.746,0.685,0.646,0.0257,0.688,0.112,0.302;0.923;aaaaa;
0.911,0.492,0.273,0.721,0.98,0.646,0.258,0.686,0.604;0.0392;aaaaa;
0.159,0.645,0.641,0.0443,0.253,0.696,0.482,0.222,0.794;0.744;a;
0.345,0.242,0.135,0.333,0.268,0.813,0.489,0.776,0.0701;0.783;a;
0.103,0.635,0.0417,0.287,0.95,0.911,0.73,0.229,0.324;0.0223;aaaaa;
0.00813,0.0719,0.424,0.461,0.318,0.299,0.78,0.87,0.421;0.977;aaaa;
0.691,0.13,0.445,0.232,0.781,0.614,0.877,0.835,0.374;0.244;aaaaaaaa;
0.00356,0.542,0.727,0.17,0.901,0.692,0.443,0.441,0.529;0.445;aaaaaaaaaa;
0.707,0.556,0.118,0.269,0.0839,0.529,0.428,0.621,0.66;0.689;aaaaaa;
0.0516,0.888,0.931,0.155,0.712,0.681,0.583,0.937,0.665;0.916;aaa;
0.947,0.534,0.789,0.00764,0.652,0.212,0.468,0.69,0.198;0.853;aaaaaa;
0.0354,0.00838,0.304,0.746,0.0759,0.15,0.0361,0.0955,0.277;0.0786;aaaaaaaaa;
0.883,0.531,0.424,0.61,0.518,0.769,0.378,0.739,0.398;0.343;aaa;
0.406,0.806,0.0397,0.428,0.205,0.423,0.836,0.384,0.565;0.325;aaaa;
0.914,0.0632,0.109,0.444,0.273,0.34,0.675,0.675,0.49;0.339;aaaaaaaaa;
0.181,0.00867,0.792,0.719,0.431,0.765,0.796,0.449,0.709;0.409;aaaaaaaaaa;
0.872,0.565,0.0861,0.0963,0.519,0.351,0.81,0.386,0.815;0.622;aaaaaaaa;
0.988,0.495,0.943,0.877,0.271,0.642,0.59,0.314,0.196;0.0474;a;
0.0178,0.484,0.64,0.832,0.104,0.65,0.788,0.917,0.0768;0.756;aaaaa;
0.0913,0.829,0.292,0.811,0.284,0.81,0.657,0.643,0.476;0.44;aaaa;
0.854,0.769,0.691,0.272,0.205,0.486,0.508,0.0758,0.231;0.788;aaaaa;
0.99,0.243,0.831,0.0227,0.286,0.207,0.0876,0.645,0.703;0.617;aaaaaaaaa;
0.741,0.631,0.245,0.0335,0.864,0.0943,0.899,0.889,0.449;0.375;aaaaaaaaa;
0.99,0.296,0.831,0.268,0.08,0.316,0.131,0.677,0.0492;0.453;aaaaaaaaaa;
0.701,0.294,0.401,0.753,0.355,0.91,0.863,0.281,0.645;0.164;aa;
0.84,0.2,0.424,0.0191,0.0458,0.0239,0.359,0.326,0.489;0.228;aaaaaaaaa;
0.0141,0.869,0.376,0.000805,0.674,0.384,0.831,0.921,0.527;0.716;aaaaaaaaaa;
0.506,0.399,0.982,0.426,0.982,0.218,0.0477,0.859,0.264;0.61;aa;
0.922,0.744,0.0033,0.419,0.876,0.964,0.686,0.435,0.806;0.993;aaaa;
0.689,0.157,0.111,0.618,0.407,0.216,0.811,0.505,0.168;0.824;aaaaaaaaa;
0.0201,0.375,0.357,0.293,0.839,0.0856,0.513,0.66,0.866;0.529;aaaaaaaaa;
0.5,0.105,0.754,0.896,0.222,0.382,0.0159,0.687,0.297;0.404;aaa;
0.516,0.492,0.15,0.107,0.732,0.814,0.106,0.428,0.947;0.83;aaaaaaa;
0.998,0.0584,0.69,0.96,0.167,0.437,0.365,0.628,0.328;0.452;aaaa;
0.874,0.0101,0.879,0.933,0.396,0.88,0.59,0.727,0.845;0.856;aa;
0.402,0.349,0.359,0.36,0.631,0.662,0.244,0.185,0.146;0.102;aaa;
0.523,0.779,0.321,0.73,0.881,0.515,0.00828,0.473,0.981;0.741;aaa;
0.94,0.998,0.832,0.0372,0.189,0.875,0.154,0.353,0.678;0.638;aaaaaaaa;
0.0566,0.168,0.0138,0.51,0.0275,0.467,0.982,0.91,0.701;0.467;aaaaaaa;
0.103,0.718,0.359,0.433,0.581,0.519,0.553,0.376,0.066;0.0113;aaaaaaaa;
0.948,0.696,0.7,0.264,0.39,0.0809,0.609,0.102,0.0502;0.326;a;
0.409,0.283,0.351,0.559,0.637,0.296,0.932,0.954,0.319;0.97;aaaaaaa;
0.793,0.49,0.761,0.648,0.741,0.111,0.546,0.378,0.728;0.908;aaaa;
0.0718,0.00968,0.912,0.72,0.17,0.00192,0.704,0.598,0.247;0.523;aaa;
0.646,0.936,0.368,0.542,0.795,0.769,0.892,0.897,0.172;0.53;a;
0.946,0.452,0.6,0.603,0.391,0.922,0.0893,0.261,0.948;0.947;aaaa;
0.0545,0.135,0.72,0.14,0.123,0.504,0.471,0.106,0.3;0.626;aaaaaaaaa;
0.627,0.387,0.692,0.632,0.769,0.941,0.336,0.853,0.654;0.363;aaaaa;
0.0824,0.691,0.729,0.863,0.209,0.342,0.0161,0.197,0.239;0.311;aaaaaaaa;
0.685,0.873,0.9,0.812,0.714,0.149,0.868,0.238,0.12;0.303;aaaaaaaaa;
0.157,0.0131,0.136,0.542,0.908,0.777,0.347,0.913,0.277;0.799;aaaa;
0.411,0.126,0.96,0.0736,0.663,0.658,0.678,0.415,0.219;0.781;a;
0.535,0.293,0.078,0.379,0.187,0.913,0.513,0.228,0.581;0.309;aaaaaaaaaa;
0.605,0.657,0.111,0.639,0.822,0.292,0.854,0.601,0.881;0.156;aaaaaaaaa;
0.0931,0.947,0.309,0.414,0.644,0.00826,0.966,0.524,0.614;0.995;aaaaaaaaa;
0.524,0.735,0.964,0.564,0.00492,0.31,0.668,0.193,0.496;0.663;aaaaaaaa;
0.539,0.409,0.879,0.764,0.681,0.752,0.557,0.207,0.287;0.787;aaaaaaaa;
0.504,0.0763,0.751,0.137,0.886,0.315,0.76,0.721,0.6;0.765;aaaaaaaaa;
0.338,0.808,0.0247,0.554,0.0878,0.746,0.924,0.86,0.355;0.6;aaaa;
0.0843,0.0486,0.175,0.815,0.587,0.421,0.661,0.531,0.967;0.669;aaaaaaa;
0.303,0.971,0.886,0.982,0.979,0.592,0.985,0.992,0.658;0.512;aaaaaa;
0.787,0.753,0.183,0.472,0.644,0.86,0.111,0.0519,0.673;0.0786;aaaa;
0.288,0.968,0.376,0.647,0.602,0.1,0.238,0.0225,0.0132;0.49;aaa;
0.568,0.983,0.926,0.332,0.273,0.912,0.472,0.737,0.614;0.826;aaaaa;
0.767,0.287,0.951,0.772,0.385,0.366,0.133,0.546,0.216;0.36;aaaaaa;
0.185,0.0571,0.207,0.308,0.398,0.578,0.355,0.511,0.954;0.775;aaaaaaa;
0.264,0.403,0.991,0.246,0.831,0.912,0.26,0.246,0.822;0.812;aaaaaaaa;
0.324,0.338,0.748,0.67,0.423,0.951,0.772,0.111,0.92;0.782;a;
0.345,0.0664,0.637,0.0718,0.662,0.0166,0.255,0.503,0.74;0.772;aaaaaaaaa;
0.488,0.784,0.427,0.128,0.799,0.869,0.164,0.377,0.171;0.97;aaaaaaaaaa;
0.571,0.945,0.709,0.707,0.822,0.075,0.35,0.225,0.563;0.789;aaaa;
0.26,0.672,0.514,0.0736,0.229,0.683,0.971,0.998,0.217;0.779;aaaaaaaaaa;
0.832,0.293,0.907,0.198,0.66,0.0282,0.0969,0.463,0.767;0.675;a;
0.25,0.649,0.332,0.961,0.319,0.823,0.558,0.834,0.577;0.38;aaaaaaa;
0.586,0.247,0.857,0.98,0.962,0.437,0.802,0.065,0.237;0.0371;aaaaaaa;
0.0772,0.823,0.52,0.655,0.322,0.755,0.555,0.794,0.804;0.949;aaaaaaaaa;
0.938,0.0271,0.428,0.469,0.202,0.919,0.533,0.796,0.931;0.388;aaaaaaaaa;
0.623,0.543,0.558,0.831,0.99,0.717,0.442,0.0176,0.786;0.109;aaaaaaaaaa;
0.0881,0.951,0.0564,0.51,0.464,0.998,0.866,0.26,0.436;0.407;aaa;
0.281,0.415,0.0421,0.473,0.353,0.685,0.688,0.444,0.148;0.349;aaaaaaaa;
0.272,0.976,0.329,0.392,0.311,0.247,0.513,0.249,0.348;0.12;aaaaaaaa;
0.631,0.842,0.525,0.0375,0.151,0.955,0.0529,0.385,0.89;0.715;aaaaaaaa;
0.149,0.0106,0.143,0.742,0.714,0.279,0.786,0.283,0.752;0.188;aa;
0.0976,0.581,0.896,0.367,0.883,0.0319,0.122,0.995,0.145;0.31;aaaaaa;
0.535,0.52,0.811,0.111,0.0104,0.734,0.461,0.697,0.268;0.311;aaaaaaaaa;
0.279,0.347,0.527,0.528,0.58,0.374,0.548,0.0342,0.952;0.337;aaaa;
0.218,0.999,0.552,0.283,0.827,0.59,0.279,0.447,0.846;0.868;a;
0.338,0.918,0.926,0.073,0.893,0.288,0.754,0.212,0.631;0.714;aa;
0.447,0.403,0.355,0.222,0.472,0.198,0.366,0.454,0.654;0.27;aaaaaaa;
0.326,0.544,0.128,0.663,0.354,0.446,0.101,0.189,0.155;0.178;aaaa;
0.496,0.0318,0.725,0.55,0.204,0.147,0.451,0.949,0.377;0.32;a;
0.252,0.466,0.145,0.949,0.79,0.73,0.457,0.191,0.474;0.235;aaaaaaa;
0.15,0.319,0.257,0.584,0.903,0.678,0.837,0.621,0.248;0.166;aaaaaaaaaa;
0.807,0.578,0.776,0.253,0.689,0.626,0.494,0.224,0.957;0.0847;aaaaaaa;
0.572,0.517,0.608,0.156,0.611,0.599,0.108,0.482,0.478;0.0795;aaaa;
0.399,0.31,0.611,0.57,0.741,0.789,0.00917,0.655,0.826;0.34;aaa;
0.969,0.193,0.501,0.68,0.295,0.513,0.471,0.0919,0.626;0.521;aaaaaaaaa;
0.257,0.969,0.413,0.836,0.754,0.914,0.957,0.326,0.0253;0.612;aaaaaaaaaa;
0.945,0.976,0.429,0.875,0.554,0.544,0.915,0.228,0.831;0.771;aaa;
0.647,0.533,0.921,0.664,0.394,0.486,0.559,0.51,0.899;0.605;aaa;
0.231,0.613,0.0655,0.73,0.211,0.471,0.621,0.266,0.403;0.0784;aaaaaaaaa;
0.452,0.452,0.925,0.844,0.365,0.0978,0.13,0.309,0.619;0.381;aaa;
0.448,0.934,0.151,0.543,0.978,0.887,0.929,0.18,0.586;0.837;aaaaaaaaaa;
0.588,0.525,0.097,0.0832,0.183,0.15,0.225,0.975,0.734;0.257;aaaaaaaa;
0.383,0.635,0.143,0.174,0.65,0.806,0.117,0.0823,0.0722;0.232;a;
0.902,0.624,0.863,0.971,0.927,0.836,0.738,0.0506,0.372;0.991;a;
0.161,0.749,0.242,0.821,0.542,0.793,0.0313,0.339,0.266;0.545;aaaaaaaa;
0.835,0.165,0.972,0.463,0.107,0.424,0.914,0.356,0.577;0.684;aaaa;
0.251,0.576,0.803,0.803,0.126,0.205,0.33,0.663,0.563;0.341;aaaaaaa;
0.605,0.104,0.342,0.211,0.0113,0.896,0.669,0.803,0.797;0.663;aaaaaaaaa;
0.815,0.82,0.855,0.552,0.89,0.27,0.368,0.975,0.939;0.97;aaaaaa;
0.308,0.946,0.971,0.609,0.343,0.521,0.639,0.0813,0.0772;0.857;aaaa;
0.685,0.51,0.134,0.446,0.561,0.501,0.519,0.837,0.58;0.2;aaaaaaaa;
0.896,0.56,0.57,0.199,0.0248,0.0152,0.139,0.888,0.625;0.332;aaaaaa;
0.175,0.822,0.389,0.968,0.826,0.0148,0.153,0.0547,0.329;0.749;aa;
0.299,0.562,0.132,0.851,0.804,0.0445,0.508,0.81,0.00628;0.997;aa;
0.979,0.707,0.407,0.69,0.471,0.619,0.747,0.0645,0.761;0.702;aaaaaaa;
0.535,0.647,0.448,0.761,0.606,0.456,0.827,0.157,0.715;0.921;aaaaa;
0.756,0.134,0.685,0.838,0.878,0.69,0.662,0.362,0.137;0.368;aaaaaaaaaa;
0.405,0.863,0.998,0.745,0.383,0.679,0.084,0.724,0.676;0.537;aaaaaaaa;
0.936,0.637,0.418,0.796,0.371,0.711,0.404,0.868,0.862;0.933;aaa;
0.992,0.536,0.121,0.329,0.184,0.444,0.0417,0.44,0.79;0.59;aaaaaa;
0.901,0.539,0.916,0.00942,0.734,0.781,0.989,0.0805,0.65;0.105;aaaaaaa;
0.138,0.791,0.478,0.915,0.0775,0.729,0.71,0.375,0.63;0.976;aaaaa;
0.473,0.169,0.769,0.083,0.698,0.654,0.0114,0.954,0.229;0.906;a;
0.989,0.844,0.489,0.366,0.374,0.738,0.607,0.27,0.823;0.658;aaaaaaaaa;
0.254,0.349,0.966,0.987,0.307,0.167,0.478,0.0571,0.39;0.456;aa;
0.777,0.485,0.825,0.827,0.177,0.19,0.279,0.0861,0.696;0.32;aaaa;
0.574,0.609,0.104,0.888,0.6,0.771,0.202,0.814,0.0187;0.498;aaaaaaaaa;
0.412,0.764,0.616,0.352,0.769,0.502,0.406,0.986,0.0584;0.225;aaaaaaaaaa;
0.516,0.644,0.9,0.861,0.26,0.3,0.0317,0.918,0.257;0.184;a;
0.525,0.549,0.476,0.11,0.882,0.535,0.948,0.719,0.474;0.0718;a;
0.608,0.561,0.869,0.214,0.69,0.599,0.267,0.433,0.628;0.0256;a;
0.808,0.318,0.0584,0.692,0.947,0.441,0.554,0.101,0.637;0.737;aaaaaaa;
0.96,0.774,0.774,0.0371,0.891,0.231,0.483,0.381,0.908;0.863;aaaaaaaaaa;
0.875,0.0662,0.637,0.293,0.921,0.47,0.396,0.276,0.0572;0.295;aaaaaaa;
0.873,0.96,0.379,0.585,0.36,0.143,0.459,0.12,0.39;0.49;aaaaaaaaaa;
0.154,0.305,0.528,0.942,0.129,0.571,0.0274,0.193,0.496;0.893;aaaaaaaaa;
0.853,0.77,0.336,0.439,0.779,0.719,0.841,0.633,0.84;0.42;aaaaaa;
0.555,0.819,0.563,0.866,0.717,0.566,0.839,0.136,0.846;0.574;aaaa;
0.453,0.516,0.769,0.116,0.315,0.417,0.492,0.475,0.734;0.255;aaaaaaaaa;
0.575,0.541,0.0476,0.838,0.282,0.993,0.341,0.625,0.863;0.767;aaaaaaaaaa;
0.0405,0.766,0.297,0.195,0.724,0.83,0.535,0.00766,0.343;0.558;aaaaaa;
0.284,0.413,0.47,0.538,0.833,0.312,0.146,0.166,0.404;0.802;aaaaa;
0.892,0.454,0.0477,0.323,0.874,0.956,0.579,0.0879,0.447;0.924;a;
0.325,0.645,0.745,0.678,0.0253,0.431,0.0297,0.442,0.325;0.974;aaaa;
0.855,0.715,0.478,0.75,0.384,0.882,0.0086,0.12,0.57;0.123;aaaaaaa;
0.773,0.956,0.957,0.364,0.725,0.536,0.632,0.214,0.395;0.774;aaaaa;
0.231,0.549,0.697,0.0727,0.112,0.265,0.654,0.903,0.214;0.0158;aaaa;
0.96,0.381,0.179,0.601,0.716,0.591,0.669,0.125,0.0488;0.249;aaa;
0.824,0.481,0.26,0.324,0.486,0.369,0.435,0.475,0.113;0.671;aaaaa;
0.763,0.38,0.217,0.959,0.0716,0.823,0.246,0.159,0.407;0.107;aaaaaaaaa;
0.771,0.0423,0.763,0.676,0.984,0.475,0.574,0.804,0.791;0.986;aaaa;
0.15,0.569,0.495,0.344,0.855,0.626,0.527,0.413,0.368;0.974;aaaaaaa;
0.256,0.66,0.103,0.105,0.117,0.364,0.81,0.00647,0.611;0.285;aaaaaaa;
0.769,0.77,0.0736,0.22,0.782,0.922,0.37,0.781,0.224;0.0993;aaaaaaa;
0.844,0.371,0.573,0.804,0.21,0.291,0.916,0.355,0.704;0.449;aaaaaaaaaa;
0.057,0.597,0.826,0.0721,0.0394,0.845,0.561,0.438,0.0382;0.686;aaa;
0.401,0.7,0.511,0.558,0.895,0.0884,0.339,0.56,0.913;0.987;a;
0.529,0.355,0.0234,0.926,0.344,0.824,0.873,0.568,0.0616;0.338;aaaaa;
0.815,0.406,0.0817,0.138,0.76,0.761,0.624,0.476,0.248;0.502;aaaaaaa;
0.814,0.471,0.319,0.771,0.196,0.703,0.389,0.36,0.536;0.318;aaaaaaaaa;
0.705,0.917,0.224,0.782,0.159,0.138,0.186,0.102,0.149;0.517;aaaaa;
0.279,0.293,0.939,0.412,0.603,0.0434,0.518,0.018,0.174;0.648;aaaaaaaaa;
0.661,0.741,0.636,0.898,0.928,0.851,0.565,0.548,0.833;0.074;aaaa;
0.235,0.443,0.362,0.293,0.285,0.693,0.74,0.643,0.408;0.933;aaaaaaaaa;
0.398,0.206,0.0924,0.435,0.166,0.108,0.0244,0.451,0.404;0.29;aaaaaaaaaa;
0.701,0.437,0.704,0.473,0.0345,0.917,0.139,0.772,0.313;0.698;aaaaaaaaaa;
0.697,0.254,0.332,0.393,0.473,0.759,0.911,0.695,0.0337;0.516;aaaaaaa;
0.631,0.482,0.786,0.129,0.69,0.509,0.291,0.713,0.677;0.649;aaaaaaaaaa;
0.95,0.777,0.403,0.44,0.826,0.906,0.739,0.13,0.507;0.352;a;
0.534,0.856,0.815,0.982,0.49,0.38,0.14,0.0346,0.675;0.186;aaaaa;
0.945,0.286,0.575,0.965,0.356,0.576,0.864,0.125,0.921;0.6;aaaaaa;
0.532,0.379,0.0191,0.525,0.113,0.703,0.71,0.515,0.391;0.696;aaaa;
0.42,0.598,0.698,0.199,0.272,0.276,0.837,0.719,0.825;0.308;aaaaaa;
0.892,0.238,0.367,0.595,0.681,0.0709,0.37,0.791,0.386;0.729;aaaaaaa;
0.65,0.105,0.281,0.959,0.226,0.756,0.708,0.311,0.922;0.899;aa;
0.99,0.044,0.863,0.539,0.147,0.383,0.273,0.164,0.966;0.729;aaaa;
0.133,0.334,0.801,0.325,0.832,0.798,0.692,0.262,0.405;0.913;aaaaaaa;
0.15,0.374,0.675,0.0538,0.391,0.871,0.586,0.874,0.675;0.804;aa;
0.284,0.0939,0.925,0.936,0.14,0.874,0.846,0.735,0.111;0.891;aaaaaaaa;
0.38,0.26,0.895,0.655,0.28,0.62,0.764,0.714,0.32;0.365;a;
0.638,0.185,0.915,0.387,0.452,0.00244,0.0316,0.486,0.262;0.664;aa;
0.968,0.174,0.723,0.253,0.688,0.0417,0.72,0.866,0.702;0.029;aaaa;
0.325,0.667,0.556,0.161,0.439,0.668,0.825,0.411,0.66;0.123;aaaaaaaaa;
0.072,0.212,0.43,0.807,0.371,0.725,0.117,0.542,0.0615;0.748;aaaa;
0.242,0.742,0.936,0.324,0.452,0.264,0.0264,0.703,0.519;0.858;aa;
0.966,0.649,0.129,0.516,0.221,0.558,0.831,0.271,0.703;0.241;aaaaaa;
0.795,0.627,0.0403,0.296,0.44,0.43,0.428,0.734,0.428;0.177;aa;
0.296,0.403,0.318,0.662,0.296,0.168,0.163,0.135,0.826;0.351;aaaaaaaa;
0.32,0.77,0.135,0.579,0.867,0.543,0.721,0.0439,0.636;0.37;a;
0.442,0.603,0.699,0.941,0.694,0.313,0.553,0.464,0.546;0.975;aaaaaaaaa;
0.851,0.0236,0.574,0.956,0.307,0.057,0.645,0.308,0.00248;0.493;aaaa;
0.265,0.844,0.172,0.0949,0.972,0.403,0.129,0.931,0.115;0.0942;aaa;
0.544,0.428,0.502,0.39,0.488,0.651,0.0563,0.298,0.726;0.579;aaaa;
0.802,0.75,0.29,0.618,0.257,0.393,0.155,0.259,0.494;0.667;a;
0.54,0.13,0.0704,0.846,0.478,0.696,0.991,0.315,0.283;0.316;aaaaaaaaaa;
0.859,0.217,0.874,0.752,0.958,0.941,0.57,0.752,0.671;0.158;a;
0.379,0.83,0.371,0.31,0.514,0.317,0.616,0.234,0.0515;0.345;aaaaaa;
0.765,0.227,0.712,0.381,0.175,0.423,0.627,0.831,0.487;0.801;a;
0.943,0.614,0.577,0.426,0.996,0.48,0.307,0.205,0.696;0.357;aaaaaaaa;
0.122,0.127,0.556,0.901,0.68,0.698,0.806,0.269,0.954;0.0102;aaaaa;
0.223,0.548,0.551,0.34,0.605,0.842,0.269,0.166,0.772;0.283;aaaaaaa;
0.478,0.392,0.0132,0.1,0.691,0.0118,0.0225,0.894,0.635;0.839;a;
0.442,0.359,0.592,0.321,0.0183,0.825,0.166,0.184,0.579;0.669;aa;
0.0147,0.469,0.0723,0.664,0.121,0.124,0.159,0.0874,0.714;0.383;aaa;
0.0733,0.02,0.587,0.661,0.0937,0.243,0.633,0.367,0.673;0.738;aaaaaa;
0.496,0.529,0.437,0.947,0.481,0.632,0.591,0.584,0.359;0.401;aaaaaaa;
0.9,0.261,0.299,0.394,0.823,0.356,0.974,0.0654,0.233;0.184;aa;
0.66,0.764,0.488,0.769,0.278,0.436,0.788,0.947,0.543;0.934;aaaa;
0.677,0.0654,0.444,0.0189,0.242,0.536,0.588,0.177,0.656;0.388;aaaaa;
0.625,0.0782,0.423,0.988,0.807,0.588,0.871,0.858,0.0822;0.725;aa;
0.96,0.106,0.173,0.932,0.834,0.648,0.287,0.0964,0.788;0.52;aaaaaaaaaa;
0.556,0.146,0.0455,0.142,0.18,0.924,0.287,0.914,0.0357;0.652;aaaaaa;
0.468,0.739,0.221,0.146,0.438,0.6,0.202,0.683,0.571;0.405;aaaaaa;
0.47,0.834,0.0258,0.132,0.943,0.95,0.796,0.147,0.612;0.436;aaaaaa;
0.36,0.477,0.263,0.87,0.481,0.826,0.967,0.711,0.984;0.395;aa;
0.592,0.241,0.873,0.358,0.518,0.823,0.0575,0.601,0.00609;0.392;aaaaaaa;
0.642,0.444,0.66,0.969,0.787,0.72,0.0213,0.0186,0.218;0.226;aaaaaaaaa;
0.572,0.808,0.569,0.313,0.297,0.903,0.974,0.618,0.0744;0.552;aaaaaa;
0.64,0.295,0.57,0.141,0.757,0.0303,0.749,0.367,0.796;0.67;aaaaaaa;
0.955,0.654,0.214,0.616,0.909,0.113,0.484,0.773,0.384;0.802;aaaaa;
0.0878,0.691,0.213,0.649,0.62,0.986,0.815,0.28,0.257;0.88;aa;
0.557,0.969,0.603,0.0434,0.822,0.99,0.744,0.261,0.785;0.0778;aaaaaaaaaa;
0.113,0.581,0.0968,0.123,0.0302,0.579,0.0491,0.433,0.154;0.193;aaaaaaaa;
0.817,0.147,0.221,0.847,0.114,0.566,0.386,0.17,0.118;0.359;aa;
0.861,0.0971,0.35,0.165,0.196,0.896,0.867,0.633,0.649;0.0564;aaaaaa;
0.326,0.946,0.305,0.514,0.215,0.156,0.0153,0.579,0.135;0.859;aaaaaa;
0.669,0.833,0.548,0.57,0.461,0.933,0.461,0.542,0.945;0.636;aa;
0.965,0.946,0.366,0.604,0.0127,0.0825,0.879,0.795,0.104;0.0147;aaaaaaaaaa;
0.397,0.413,0.591,0.431,0.688,0.111,0.302,0.579,0.879;0.412;aaaaaaa;
0.0253,0.111,0.544,0.411,0.991,0.87,0.467,0.88,0.313;0.574;aaaaaaaaaa;
0.521,0.266,0.00839,0.743,0.939,0.364,0.665,0.306,0.223;0.525;aa;
0.549,0.391,0.771,0.655,0.106,0.639,0.206,0.283,0.697;0.165;aaa;
0.414,0.469,0.771,0.481,0.142,0.343,0.757,0.0256,0.625;0.492;a;
0.958,0.757,0.236,0.209,0.728,0.312,0.544,0.68,0.00979;0.831;aaaaa;
0.838,0.2,0.384,0.113,0.499,0.605,0.543,0.869,0.965;0.909;aaaaaaaaa;
0.81,0.541,0.663,0.276,0.185,0.513,0.392,0.199,0.79;0.835;a;
0.979,0.164,0.302,0.378,0.932,0.236,0.693,0.387,0.329;0.837;aaaaaa;
0.339,0.224,0.757,0.0469,0.0849,0.44,0.705,0.912,0.492;0.501;aaaaaaaaaa;
0.205,0.748,0.393,0.597,0.226,0.186,0.75,0.0228,0.137;0.825;aaaaaaaaa;
0.761,0.498,0.982,0.739,0.333,0.242,0.654,0.275,0.548;0.383;aaaa;
0.48,0.398,0.855,0.662,0.936,0.373,0.251,0.332,0.788;0.193;aaaa;
0.0468,0.581,0.541,0.0357,0.587,0.73,0.246,0.681,0.966;0.841;aaaaaaaaa;
0.198,0.84,0.266,0.27,0.732,0.618,0.76,0.647,0.539;0.0199;a;
0.612,0.973,0.15,0.717,0.111,0.0604,0.565,0.0528,0.31;0.346;aaaaaaaaa;
0.804,0.0283,0.815,0.371,0.315,0.0763,0.665,0.207,0.913;0.61;aaaa;
0.848,0.136,0.328,0.729,0.0379,0.982,0.943,0.373,0.578;0.388;aaaaaa;
0.644,0.129,0.294,0.699,0.729,0.291,0.83,0.54,0.175;0.72;aaaaa;
0.2,0.384,0.445,0.711,0.211,0.583,0.496,0.771,0.594;0.446;aaaaaaaa;
0.585,0.255,0.589,0.498,0.321,0.559,0.286,0.264,0.789;0.673;aaaaaaaaaa;
0.268,0.797,0.848,0.73,0.641,0.0287,0.829,0.427,0.636;0.53;aa;
0.203,0.563,0.00669,0.158,0.648,0.99,0.909,0.835,0.182;0.0202;aaa;
0.935,0.903,0.158,0.275,0.254,0.439,0.601,0.575,0.465;0.136;aaaaaaaaaa;
0.0213,0.17,0.385,0.136,0.639,0.318,0.892,0.262,0.0908;0.235;aa;
0.575,0.683,0.493,0.528,0.977,0.171,0.882,0.365,0.574;0.81;aa;
0.503,0.637,0.632,0.619,0.317,0.783,0.895,0.37,0.115;0.974;a;
0.241,0.267,0.306,0.191,0.358,0.337,0.936,0.331,0.0353;0.988;aaaaaaaaaa;
0.171,0.424,0.499,0.467,0.0261,0.181,0.0486,0.377,0.966;0.745;aa;
0.444,0.834,0.85,0.223,0.289,0.396,0.357,0.0719,0.333;0.735;aaaaa;
0.824,0.919,0.441,0.829,0.0525,0.255,0.424,0.277,0.0154;0.853;aaaaaaaaa;
0.721,0.192,0.197,0.217,0.97,0.518,0.0407,0.313,0.728;0.915;aaaa;
0.167,0.912,0.214,0.577,0.159,0.746,0.422,0.91,0.00213;0.78;aaaaaa;
0.646,0.605,0.38,0.231,0.748,0.354,0.108,0.421,0.997;0.472;aaaa;
0.809,0.702,0.786,0.689,0.361,0.259,0.757,0.426,0.388;0.629;a;
0.303,0.188,0.433,0.574,0.1,0.766,0.599,0.252,0.31;0.549;aaaaaa;
0.577,0.645,0.769,0.103,0.294,0.0351,0.862,0.659,0.712;0.224;aaa;
0.58,0.696,0.351,0.662,0.891,0.283,0.229,0.38,0.28;0.655;aaaaaaa;
0.837,0.55,0.257,0.852,0.932,0.0782,0.298,0.417,0.649;0.387;a;
0.371,0.413,0.609,0.572,0.836,0.215,0.292,0.985,0.541;0.168;aaa;
0.843,0.0148,0.48,0.846,0.807,0.388,0.482,0.183,0.587;0.563;aaaaa;
0.831,0.248,0.271,0.305,0.271,0.778,0.174,0.855,0.804;0.314;aaa;
0.0785,0.781,0.464,0.723,0.714,0.194,0.718,0.459,0.982;0.254;a;
0.11,0.38,0.686,0.0599,0.324,0.894,0.291,0.544,0.872;0.515;aaaaa;
0.264,0.0757,0.267,0.0844,0.688,0.994,0.17,0.304,0.421;0.738;aaa;
0.014,0.917,0.249,0.764,0.779,0.194,0.669,0.813,0.8;0.00886;aaaaaaaa;
0.217,0.943,0.635,0.0894,0.351,0.686,0.925,0.91,0.828;0.19;aaaaa;
0.459,0.0105,0.855,0.0596,0.176,0.605,0.187,0.798,0.232;0.744;aaaaaaa;
0.731,0.937,0.22,0.712,0.017,0.738,0.538,0.564,0.178;0.646;aaaaaaaaaa;
0.544,0.555,0.95,0.676,0.206,0.933,0.2,0.748,0.0614;0.369;aaaaaaaa;
0.112,0.369,0.964,0.194,0.791,0.927,0.951,0.264,0.23;0.372;aaaaaaa;
0.252,0.886,0.483,0.749,0.353,0.846,0.421,0.222,0.253;0.128;aaaaa;
0.477,0.357,0.614,0.929,0.767,0.311,0.386,0.0236,0.457;0.403;aa;
0.787,0.525,0.108,0.304,0.11,0.0954,0.968,0.416,0.493;0.674;aaaaaa;
0.426,0.238,0.0547,0.406,0.085,0.108,0.171,0.877,0.842;0.356;aaaaaaaaaa;
0.858,0.358,0.38,0.443,0.974,0.341,0.467,0.152,0.566;0.94;a;
0.709,0.136,0.117,0.953,0.16,0.79,0.446,0.45,0.108;0.481;aaaaaaaaa;
0.786,0.742,0.263,0.911,0.584,0.127,0.2,0.847,0.0294;0.283;aaaaaaaaaa;
0.894,0.133,0.352,0.645,0.279,0.554,0.886,0.074,0.216;0.214;aaaaaaa;
0.968,0.632,0.28,0.514,0.0413,0.34,0.526,0.943,0.896;0.309;aaaa;
0.74,0.136,0.683,0.947,0.267,0.0546,0.0129,0.62,0.0624;0.111;aaaa;
0.666,0.139,0.196,0.118,0.592,0.398,0.706,0.362,0.887;0.401;aaaa;
0.305,0.503,0.503,0.0022,0.494,0.675,0.763,0.543,0.0159;0.484;aa;
0.531,0.874,0.123,0.596,0.489,0.982,0.121,0.81,0.0824;0.846;aaaaaa;
0.405,0.357,0.926,0.168,0.536,0.179,0.507,0.874,0.802;0.637;aaaaaaa;
0.311,0.19,0.66,0.621,0.0208,0.345,0.961,0.232,0.139;0.398;aaaaa;
0.494,0.652,0.377,0.546,0.666,0.71,0.366,0.543,0.384;0.499;a;
0.688,0.912,0.482,0.436,0.105,0.563,0.644,0.584,0.209;0.0918;aaa;
0.877,0.467,0.854,0.644,0.518,0.157,0.617,0.129,0.896;0.631;aaaaaaaaa;
0.303,0.0886,0.582,0.868,0.297,0.837,0.0769,0.21,0.59;0.942;aaaa;
0.015,0.561,0.0335,0.0969,0.989,0.959,0.503,0.173,0.71;0.135;a;
0.536,0.235,0.489,0.372,0.568,0.444,0.157,0.597,0.826;0.0837;aaaaa;
0.621,0.928,0.0583,0.54,0.206,0.1,0.343,0.846,0.84;0.903;aa;
0.314,0.938,0.466,0.735,0.619,0.0455,0.0737,0.575,0.96;0.294;aaaaaaaaaa;
0.00138,0.762,0.881,0.718,0.26,0.315,0.0177,0.213,0.256;0.0279;aaaaaaa;
0.401,0.0911,0.421,0.896,0.427,0.296,0.822,0.587,0.465;0.97;aaaaaa;
0.623,0.00618,0.913,0.93,0.335,0.556,0.564,0.31,0.684;0.993;aaaaaaa;
0.561,0.0453,0.321,0.364,0.633,0.0478,0.53,0.197,0.985;0.049;aa;
0.168,0.648,0.0236,0.394,0.848,0.152,0.933,0.633,0.13;0.717;aaaaaaaaa;
0.332,0.299,0.674,0.151,0.12,0.611,0.853,0.188,0.267;0.0589;aaaaa;
0.49,0.0395,0.879,0.647,0.579,0.931,0.31,0.852,0.122;0.31;aaaaaa;
0.475,0.822,0.85,0.568,0.54,0.866,0.675,0.185,0.712;0.847;aaaaaaaaa;
0.829,0.533,0.345,0.291,0.321,0.348,0.86,0.416,0.322;0.349;aaaaaaaa;
0.418,0.802,0.896,0.128,0.33,0.996,0.454,0.757,0.199;0.0918;a;
0.0587,0.0903,0.804,0.199,0.0236,0.913,0.84,0.336,0.952;0.362;aaaaaa;
0.446,0.594,0.262,0.178,0.459,0.232,0.188,0.437,0.302;0.946;aaaaaaaaa;
0.378,0.329,0.248,0.594,0.629,0.843,0.432,0.828,0.574;0.479;aaaaaa;
0.911,0.585,0.882,0.217,0.502,0.255,0.464,0.0719,0.867;0.199;aaaaaaaa;
0.781,0.914,0.544,0.123,0.554,0.477,0.621,0.134,0.79;0.0904;aaaaaaaaaa;
0.321,0.498,0.246,0.305,0.519,0.674,0.0286,0.2,0.0619;0.823;aaaa;
0.743,0.983,0.864,0.00516,0.754,0.916,0.401,0.767,0.233;0.0853;aa;
0.951,0.91,0.684,0.999,0.527,0.0175,0.252,0.166,0.0502;0.0135;aaa;
0.515,0.584,0.863,0.357,0.166,0.71,0.0595,0.833,0.656;0.533;aaaaaa;
0.292,0.872,0.855,0.595,0.173,0.289,0.271,0.396,0.325;0.819;aaaaaaaa;
0.0225,0.309,0.288,0.432,0.995,0.206,0.345,0.783,0.826;0.922;aaaaaaaaaa;
0.546,0.696,0.206,0.654,0.577,0.48,0.29,0.224,0.269;0.109;aaaa;
0.989,0.204,0.0904,0.884,0.931,0.373,0.249,0.732,0.382;0.988;aaaaaa;
0.422,0.172,0.477,0.512,0.527,0.12,0.879,0.136,0.296;0.305;aa;
0.0736,0.543,0.118,0.26,0.416,0.759,0.108,0.652,0.14;0.201;aaaaaaaaa;
0.68,0.742,0.864,0.0843,0.656,0.21,0.724,0.638,0.268;0.697;aaaa;
0.803,0.728,0.0205,0.458,0.271,0.884,0.923,0.134,0.218;0.021;a;
0.588,0.0275,0.928,0.778,0.0619,0.342,0.978,0.23,0.246;0.247;aaaa;
0.979,0.493,0.527,0.164,0.31,0.916,0.956,0.194,0.509;0.904;aa;
0.545,0.122,0.0943,0.834,0.129,0.403,0.627,0.745,0.105;0.917;aaaaaaaa;
0.388,0.659,0.922,0.645,0.99,0.328,0.705,0.49,0.033;0.404;aaa;
0.85,0.693,0.216,0.0653,0.425,0.0465,0.107,0.941,0.717;0.322;aaaa;
0.61,0.276,0.712,0.765,0.838,0.131,0.827,0.0676,0.721;0.994;aaaaa;
0.966,0.573,0.105,0.449,0.105,0.946,0.153,0.683,0.562;0.373;aaaaaa;
0.939,0.00158,0.258,0.0512,0.0174,0.454,0.472,0.191,0.426;0.267;aaaaa;
0.987,0.86,0.46,0.807,0.924,0.788,0.32,0.205,0.147;0.459;aaaa;
0.0571,0.488,0.0234,0.325,0.365,0.926,0.781,0.982,0.764;0.335;aa;
0.637,0.945,0.488,0.342,0.345,0.155,0.217,0.809,0.872;0.985;aaaaaaa;
0.987,0.858,0.432,0.373,0.87,0.419,0.347,0.0782,0.581;0.0466;aaaaaaaaaa;
0.303,0.688,0.0675,0.0573,0.307,0.908,0.0192,0.24,0.227;0.436;aaaaaaaaa;
0.436,0.946,0.309,0.869,0.629,0.953,0.959,0.821,0.698;0.152;aa;
0.17,0.228,0.868,0.603,0.746,0.249,0.178,0.127,0.543;0.861;aaaaaaaaaa;
0.751,0.638,0.133,0.0842,0.56,0.74,0.801,0.19,0.66;0.166;aaaaaaaaaa;
0.412,0.706,0.567,0.166,0.375,0.554,0.479,0.349,0.763;0.137;a;
0.787,0.322,0.611,0.889,0.131,0.926,0.2,0.625,0.0172;0.657;aaa;
0.449,0.0111,0.055,0.47,0.211,0.303,0.283,0.967,0.561;0.399;aaaaaaa;
0.143,0.094,0.99,0.84,0.615,0.576,0.196,0.61,0.593;0.341;aaaaaa;
0.504,0.15,0.859,0.671,0.584,0.159,0.207,0.314,0.13;0.717;aaaaaaaaa;
0.247,0.421,0.1,0.265,0.678,0.734,0.446,0.235,0.263;0.877;aaaa;
0.931,0.246,0.894,0.766,0.589,0.672,0.161,0.238,0.868;0.087;aaaaaaaaaa;
0.669,0.739,0.839,0.599,0.0732,0.365,0.637,0.0906,0.677;0.196;aaaaaa;
0.154,0.144,0.375,0.28,0.427,0.618,0.99,0.433,0.349;0.201;a;
0.966,0.482,0.547,0.135,0.979,0.801,0.513,0.999,0.915;0.0676;aaaaaaaa;
0.0882,0.558,0.43,0.952,0.342,0.647,0.388,0.574,0.0938;0.663;aaaaaaa;
0.506,0.0472,0.735,0.178,0.285,0.306,0.436,0.442,0.883;0.25;aaaaaaa;
0.0212,0.816,0.993,0.606,0.566,0.451,0.663,0.671,0.784;0.586;aaaaaaaaa;
0.583,0.183,0.733,0.967,0.976,0.832,0.962,0.52,0.554;0.688;aaaaa;
0.231,0.399,0.358,0.0779,0.0379,0.212,0.397,0.0295,0.0752;0.884;aaaaaaaaaa;
0.841,0.186,0.76,0.438,0.347,0.466,0.109,0.0184,0.58;0.77;aaaaaaaa;
0.475,0.572,0.653,0.474,0.833,0.152,0.568,0.957,0.386;0.629;aaaaaaa;
0.571,0.25,0.1,0.204,0.652,0.186,0.769,0.289,0.584;0.0782;aaaa;
0.187,0.328,0.962,0.271,0.542,0.489,0.692,0.425,0.324;0.461;aaaa;
0.288,0.0961,0.104,0.596,0.291,0.275,0.0746,0.867,0.623;0.0494;aaaaaaa;
0.381,0.382,0.679,0.132,0.154,0.128,0.134,0.564,0.724;0.865;aaaaaa;
0.509,0.183,0.531,0.134,0.961,0.861,0.0919,0.231,0.0958;0.646;a;
0.617,0.535,0.267,0.205,0.604,0.93,0.545,0.131,0.129;0.104;aaaaaaaaaa;
0.353,0.271,0.715,0.498,0.0709,0.314,0.0187,0.761,0.215;0.738;aaaaaaaaa;
0.88,0.277,0.504,0.948,0.323,0.676,0.415,0.738,0.219;0.195;aaaaa;
0.993,0.515,0.394,0.629,0.385,0.768,0.857,0.0178,0.544;0.446;aa;
0.407,0.296,0.683,0.25,0.254,0.785,0.65,0.889,0.573;0.516;aaaaaaaaa;
0.999,0.418,0.386,0.891,0.45,0.512,0.656,0.407,0.812;0.0392;aaaaaaaaa;
0.398,0.544,0.138,0.456,0.133,0.411,0.958,0.422,0.248;0.68;aa;
0.887,0.0836,0.0601,0.515,0.111,0.352,0.634,0.531,0.898;0.166;aaaaa;
0.0286,0.108,0.431,0.209,0.276,0.41,0.279,0.263,0.104;0.677;aa;
0.441,0.115,0.369,0.255,0.71,0.954,0.406,0.737,0.909;0.387;aaaaaaaaaa;
0.147,0.928,0.249,0.105,0.801,0.519,0.0259,0.651,0.574;0.374;aaa;
0.811,0.952,0.147,0.644,0.859,0.236,0.767,0.33,0.46;0.843;aaaa;
0.134,0.918,0.648,0.119,0.0663,0.734,0.277,0.534,0.772;0.163;a;
0.443,0.142,0.58,0.189,0.289,0.712,0.986,0.922,0.184;0.0839;aa;
0.442,0.616,0.534,0.178,0.452,0.554,0.893,0.00225,0.554;0.202;aaaaaaaaa;
0.42,0.386,0.528,0.0799,0.115,0.582,0.208,0.12,0.605;0.582;aaaaaaa;
0.912,0.127,0.338,0.616,0.92,0.843,0.38,0.132,0.196;0.281;aaa;
0.276,0.331,0.217,0.924,0.719,0.695,0.674,0.228,0.744;0.735;aa;
0.716,0.189,0.128,0.983,0.571,0.891,0.694,0.0232,0.312;0.405;a;
0.889,0.81,0.852,0.0636,0.384,0.576,0.609,0.952,0.652;0.481;aaaaaaa;
0.672,0.0372,0.0466,0.967,0.395,0.883,0.629,0.798,0.68;0.0868;aaa;
0.153,0.539,0.233,0.374,0.983,0.538,0.99,0.0367,0.853;0.115;aaaaaaa;
0.947,0.511,0.895,0.41,0.737,0.271,0.836,0.94,0.922;0.548;aaaaaaaaaa;
0.191,0.562,0.955,0.365,0.121,0.429,0.158,0.381,0.721;0.349;aaaaa;
0.693,0.401,0.388,0.837,0.241,0.219,0.602,0.246,0.339;0.838;aaaaa;
0.324,0.666,0.45,0.644,0.704,0.498,0.637,0.36,0.18;0.109;aaaaaaa;
0.83,0.14,0.116,0.599,0.655,0.616,0.407,0.138,0.9;0.492;aa;
0.453,0.344,0.203,0.723,0.143,0.454,0.524,0.646,0.961;0.582;aaa;
0.0737,0.157,0.253,0.674,0.843,0.907,0.93,0.36,0.549;0.0405;aaaa;
0.187,0.12,0.0958,0.109,0.231,0.227,0.722,0.337,0.208;0.881;aaa;
0.118,0.664,0.526,0.833,0.825,0.446,0.843,0.0695,0.637;0.76;aaaaaaaaaa;
0.995,0.933,0.0919,0.746,0.63,0.082,0.122,0.414,0.668;0.649;aaaaaaaa;
0.85,0.797,0.766,0.992,0.984,0.382,0.322,0.286,0.849;0.9;a;
0.828,0.448,0.338,0.978,0.425,0.703,0.332,0.617,0.442;0.904;aaaa;
0.0271,0.592,0.332,0.282,0.181,0.997,0.306,0.622,0.593;0.0444;aaaaaaaa;
0.559,0.575,0.53,0.761,0.0377,0.401,0.445,0.28,0.188;0.232;aaaaa;
0.953,0.317,0.154,0.747,0.559,0.899,0.768,0.634,0.533;0.553;aaaaaaaa;
0.948,0.182,0.29,0.223,0.688,0.489,0.215,0.421,0.308;0.685;aaaaaaa;
0.179,0.963,0.587,0.757,0.0895,0.285,0.75,0.26,0.142;0.305;a;
0.421,0.16,0.805,0.883,0.0157,0.902,0.391,0.482,0.296;0.888;aaaaaa;
0.061,0.921,0.11,0.255,0.592,0.962,0.373,0.618,0.791;0.959;aaaaaaaaa;
0.648,0.181,0.858,0.124,0.12,0.715,0.692,0.969,0.17;0.24;aaaa;
0.577,0.592,0.214,0.988,0.176,0.18,0.47,0.023,0.0724;0.122;aaaaaaaa;
0.306,0.835,0.554,0.801,0.854,0.848,0.887,0.364,0.167;0.186;aa;
0.694,0.155,0.532,0.817,0.516,0.404,0.352,0.493,0.19;0.441;aaaaaaa;
0.487,0.82,0.4,0.346,0.573,0.605,0.699,0.84,0.956;0.911;aaaaaa;
0.641,0.593,0.963,0.0641,0.432,0.659,0.308,0.174,0.658;0.313;aaaaaaaaaa;
0.0956,0.843,0.866,0.239,0.438,0.246,0.384,0.746,0.748;0.143;aaaaaa;
0.836,0.574,0.319,0.183,0.34,0.41,0.123,0.486,0.787;0.787;aaaaaa;
0.181,0.353,0.609,0.161,0.989,0.215,0.452,0.954,0.836;0.819;aaaaaaaaa;
0.804,0.382,0.0402,0.781,0.325,0.282,0.724,0.488,0.227;0.216;aaaaaaaaa;
0.0351,0.943,0.841,0.984,0.646,0.00218,0.774,0.569,0.146;0.471;aaaaaaaaaa;
0.135,0.0436,0.16,0.97,0.815,0.202,0.635,0.0147,0.461;0.234;aaa;
0.184,0.694,0.326,0.579,0.349,0.55,0.508,0.469,0.935;0.119;aaaaa;
0.0639,0.844,0.638,0.979,0.00299,0.439,0.286,0.669,0.361;0.0941;aaaa;
0.104,0.127,0.164,0.984,0.945,0.796,0.175,0.103,0.388;0.891;aaa;
0.538,0.169,0.0955,0.648,0.5,0.164,0.67,0.677,0.254;0.364;aaaa;
0.781,0.713,0.774,0.31,0.39,0.853,0.667,0.566,0.239;0.436;a;
0.833,0.18,0.789,0.882,0.475,0.134,0.744,0.434,0.213;0.17;aaa;
0.862,0.583,0.672,0.235,0.844,0.879,0.0235,0.523,0.169;0.0943;a;
0.583,0.353,0.262,0.661,0.706,0.473,0.46,0.921,0.939;0.142;aaaaaaaaaa;
0.612,0.298,0.391,0.201,0.972,0.552,0.5,0.6,0.0255;0.765;aa;
0.824,0.899,0.669,0.885,0.6,0.578,0.0985,0.0411,0.958;0.764;aaaaaaaa;
0.327,0.908,0.725,0.746,0.71,0.954,0.694,0.963,0.0628;0.384;aaaa;
0.837,0.644,0.794,0.591,0.239,0.16,0.0649,0.743,0.553;0.121;aaaaaa;
0.88,0.604,0.691,0.692,0.715,0.871,0.557,0.942,0.439;0.00978;aaaaaaaaaa;
0.443,0.769,0.0382,0.795,0.212,0.703,0.58,0.0119,0.9;0.546;aaaaaaaaa;
0.623,0.0153,0.186,0.0516,0.0853,0.0151,0.518,0.0943,0.264;0.484;aaaaaaa;
0.784,0.617,0.435,0.925,0.484,0.0154,0.0067,0.16,0.93;0.823;aaaaaa;
0.148,0.16,0.25,0.355,0.017,0.943,0.65,0.91,0.44;0.855;aaaaaaaaa;
0.21,0.602,0.724,0.115,0.167,0.495,0.0581,0.873,0.925;0.132;aa;
0.925,0.0609,0.654,0.266,0.783,0.761,0.24,0.65,0.195;0.491;aaaaaa;
0.328,0.656,0.291,0.912,0.48,0.567,0.605,0.0863,0.0993;0.859;aa;
0.778,0.301,0.196,0.845,0.527,0.0341,0.585,0.331,0.839;0.701;aaaaa;
0.873,0.954,0.674,0.598,0.568,0.46,0.301,0.441,0.51;0.0012;aaaaaaaaaa;
0.934,0.649,0.334,0.47,0.621,0.256,0.889,0.225,0.15;0.0205;aaaaaaa;
0.505,0.0483,0.239,0.184,0.624,0.223,0.603,0.0243,0.447;0.177;aaaaa;
0.0399,0.0126,0.964,0.757,0.961,0.964,0.918,0.0557,0.484;0.414;aa;
0.362,0.644,0.503,0.468,0.404,0.251,0.444,0.636,0.28;0.245;aaa;
0.72,0.286,0.874,0.481,0.472,0.551,0.999,0.501,0.497;0.727;aaaaaaaaa;
0.339,0.381,0.53,0.0612,0.793,0.549,0.879,0.739,0.963;0.866;a;
0.331,0.228,0.269,0.863,0.429,0.0598,0.512,0.807,0.272;0.482;a;
0.986,0.0167,0.724,0.0402,0.269,0.936,0.664,0.312,0.382;0.997;a;
0.149,0.33,0.584,0.807,0.934,0.443,0.183,0.0896,0.638;0.404;aaaaaaaaaa;
0.686,0.0667,0.274,0.578,0.757,0.0479,0.754,0.585,0.432;0.604;aaaaa;
0.103,0.0559,0.484,0.327,0.336,0.536,0.327,0.0878,0.13;0.886;aaaaaaaa;
0.138,0.83,0.412,0.193,0.159,0.255,0.926,0.151,0.489;0.347;aaaaaaaaa;
0.155,0.415,0.94,0.994,0.924,0.979,0.138,0.219,0.903;0.718;aaaaaa;
0.599,0.935,0.156,0.0949,0.556,0.711,0.489,0.254,0.83;0.258;aaaa;
0.789,0.648,0.556,0.109,0.266,0.759,0.854,0.584,0.0628;0.624;aaaaaaaaa;
0.894,0.104,0.801,0.927,0.209,0.307,0.668,0.00202,0.561;0.71;a;
0.866,0.596,0.876,0.0682,0.0585,0.0421,0.319,0.163,0.0217;0.385;aaaa;
0.585,0.541,0.36,0.163,0.721,0.375,0.492,0.988,0.707;0.616;aaaa;
0.886,0.721,0.21,0.00696,0.587,0.0161,0.0903,0.218,0.855;0.384;aaaaaa;
0.507,0.893,0.491,0.359,0.0637,0.697,0.0655,0.0382,0.521;0.949;aaaaaaaaa;
0.634,0.928,0.665,0.107,0.262,0.0691,0.622,0.948,0.595;0.0172;aaaaa;
0.977,0.381,0.358,0.455,0.224,0.77,0.686,0.137,0.689;0.837;aaa;
0.74,0.837,0.318,0.466,0.462,0.0257,0.818,0.816,0.597;0.0212;aaaaaaaaa;
0.388,0.204,0.79,0.293,0.557,0.625,0.0735,0.521,0.866;0.734;aaaaaaaaa;
0.512,0.0883,0.459,0.958,0.376,0.96,0.832,0.647,0.674;0.73;aaaa;
0.344,0.858,0.795,0.11,0.318,0.916,0.104,0.27,0.553;0.936;aaa;
0.801,0.272,0.658,0.889,0.0523,0.0377,0.453,0.696,0.541;0.805;aaaaaaaaa;
0.251,0.921,0.697,0.225,0.525,0.155,0.474,0.799,0.303;0.069;aaaaa;
0.916,0.568,0.287,0.0282,0.404,0.428,0.42,0.945,0.345;0.646;a;
0.487,0.658,0.769,0.581,0.73,0.901,0.862,0.939,0.622;0.938;aaaaaaaaaa;
0.125,0.698,0.479,0.251,0.724,0.746,0.221,0.139,0.498;0.881;aa;
0.431,0.795,0.00478,0.168,0.0791,0.374,0.728,0.114,0.807;0.594;aaaa;
0.19,0.261,0.995,0.301,0.0531,0.989,0.915,0.279,0.895;0.662;aaaaaaaa;
0.061,0.255,0.916,0.118,0.72,0.87,0.447,0.481,0.786;0.125;aaaa;
0.872,0.946,0.809,0.498,0.881,0.714,0.227,0.122,0.937;0.412;aaaa;
0.593,0.585,0.665,0.509,0.975,0.9,0.533,0.123,0.871;0.897;aaaaaaaaa;
0.24,0.339,0.528,0.927,0.137,0.722,0.56,0.0791,0.9;0.763;aaaaaaaaaa;
0.759,0.132,0.804,0.659,0.303,0.614,0.145,0.566,0.29;0.376;aaaaaaaaaa;
0.192,0.00613,0.76,0.39,0.203,0.18,0.659,0.715,0.545;0.0589;aaaaaa;
0.867,0.421,0.211,0.499,0.434,0.456,0.232,0.552,0.831;0.758;aaaaaaa;
0.381,0.344,0.566,0.506,0.964,0.408,0.754,0.83,0.344;0.547;aaaaaaaa;
0.401,0.948,0.471,0.96,0.615,0.401,0.758,0.109,0.447;0.391;aaaaaaa;
0.887,0.787,0.9,0.32,0.669,0.987,0.241,0.727,0.276;0.906;aaaaaaaa;
0.464,0.625,0.0663,0.289,0.582,0.722,0.685,0.0561,0.0391;0.105;a;
0.777,0.531,0.51,0.45,0.19,0.00536,0.775,0.941,0.932;0.889;aa;
0.155,0.659,0.24,0.406,0.748,0.928,0.634,0.736,0.322;0.497;aaaaaaaaa;
0.889,0.393,0.817,0.165,0.818,0.766,0.688,0.167,0.344;0.253;aaaaaaa;
0.663,0.753,0.642,0.618,0.258,0.512,0.499,0.774,0.513;0.123;a;
0.992,0.425,0.219,0.183,0.0393,0.707,0.312,0.404,0.401;0.0516;a;
0.00349,0.246,0.0327,0.69,0.572,0.436,0.13,0.873,0.169;0.753;aaaa;
0.638,0.953,0.482,0.755,0.423,0.809,0.427,0.172,0.0817;0.35;aa;
0.159,0.0565,0.0558,0.327,0.0255,0.605,0.614,0.272,0.232;0.398;aaaaaaaaaa;
0.262,0.0327,0.0743,0.161,0.375,0.992,0.508,0.277,0.794;0.54;aaaaaaaaaa;
0.89,0.933,0.595,0.466,0.479,0.281,0.14,0.256,0.578;0.864;aa;
0.532,0.325,0.521,0.0881,0.652,0.813,0.559,0.628,0.389;0.727;aaaa;
0.445,0.761,0.946,0.421,0.254,0.00173,0.205,0.352,0.795;0.0606;aaa;
0.478,0.948,0.876,0.124,0.303,0.273,0.356,0.219,0.544;0.0509;aa;
0.352,0.68,0.233,0.531,0.825,0.914,0.529,0.27,0.16;0.734;a;
0.36,0.665,0.693,0.918,0.412,0.243,0.827,0.976,0.574;0.372;aaaaaaaaaa;
0.588,0.525,0.208,0.21,0.457,0.65,0.345,0.306,0.178;0.487;aaaaaaa;
0.802,0.669,0.106,0.493,0.0406,0.964,0.194,0.248,0.179;0.333;aaaaaaa;
0.925,0.329,0.0264,0.134,0.21,0.851,0.0906,0.862,0.869;0.756;aaaaaaa;
0.338,0.951,0.595,0.908,0.299,0.0755,0.889,0.0755,0.819;0.322;a;
0.743,0.219,0.401,0.904,0.558,0.666,0.652,0.65,0.932;0.977;aaa;
0.466,0.676,0.871,0.816,0.161,0.149,0.155,0.501,0.665;0.0903;aaaaaaa;
0.52,0.393,0.562,0.61,0.98,0.377,0.218,0.0788,0.416;0.52;aaaaaaa;
0.96,0.109,0.0937,0.955,0.359,0.295,0.603,0.536,0.139;0.34;aaaaaa;
0.917,0.354,0.106,0.98,0.6,0.172,0.176,0.483,0.895;0.226;aaaaaaaaaa;
0.0236,0.222,0.834,0.0139,0.28,0.922,0.709,0.901,0.255;0.751;aa;
0.589,0.0594,0.337,0.459,0.516,0.592,0.235,0.777,0.425;0.977;aaaaaaaa;
0.926,0.683,0.0505,0.436,0.0424,0.742,0.862,0.505,0.676;0.147;aaaa;
0.244,0.266,0.824,0.868,0.721,0.867,0.351,0.134,0.142;0.777;aaaaaaaa;
0.927,0.248,0.823,0.893,0.333,0.822,0.67,0.933,0.644;0.963;aaaaa;
0.439,0.641,0.022,0.509,0.124,0.0082,0.626,0.757,0.666;0.322;aaaaaaaaaa;
0.246,0.188,0.249,0.516,0.278,0.361,0.0771,0.884,0.538;0.411;aaaaaaaaaa;
0.819,0.897,0.302,0.883,0.835,0.582,0.609,0.749,0.981;0.93;aaaaaaa;
0.797,0.0681,0.32,0.458,0.442,0.656,0.698,0.748,0.595;0.356;aaa;
0.546,0.6,0.089,0.476,0.0119,0.847,0.572,0.394,0.414;0.856;aaaaaaaa;
0.21,0.478,0.262,0.173,0.188,0.195,0.875,0.822,0.0826;0.785;aaaaaaaa;
0.266,0.139,0.375,0.824,0.659,0.0311,0.34,0.0416,0.551;0.187;aaaaaaaaaa;
0.226,0.426,0.879,0.0705,0.411,0.262,0.609,0.68,0.94;0.42;aaa;
0.635,0.298,0.0387,0.378,0.206,0.313,0.845,0.848,0.438;0.782;aaaaa;
0.554,0.943,0.145,0.302,0.219,0.346,0.168,0.456,0.405;0.795;aaaaaaaa;
0.109,0.0511,0.984,0.827,0.0705,0.918,0.7,0.412,0.979;0.482;aaaa;
0.73,0.37,0.836,0.0169,0.723,0.239,0.534,0.259,0.273;0.164;aaaa;
0.873,0.0541,0.972,0.106,0.384,0.00686,0.772,0.484,0.93;0.309;aa;
0.663,0.93,0.714,0.41,0.451,0.972,0.842,0.913,0.882;0.988;aaaaaaaaa;
0.366,0.705,0.349,0.875,0.695,0.603,0.834,0.359,0.407;0.892;a;
0.781,0.615,0.947,0.511,0.546,0.086,0.147,0.0629,0.42;0.659;aaaaaaaaaa;
0.853,0.878,0.886,0.488,0.472,0.688,0.326,0.628,0.251;0.639;aaa;
0.36,0.439,0.0643,0.829,0.507,0.419,0.589,0.907,0.936;0.208;aaaaaa;
0.149,0.745,0.763,0.89,0.335,0.565,0.757,0.894,0.214;0.572;aaaaa;
0.626,0.849,0.803,0.00643,0.752,0.529,0.286,0.172,0.38;0.162;aaaaaaaa;
0.796,0.123,0.479,0.694,0.843,0.889,0.0275,0.892,0.972;0.39;aaaaaa;
0.623,0.564,0.881,0.0793,0.277,0.942,0.0834,0.948,0.349;0.951;aaaaaaaaaa;
0.208,0.455,0.481,0.417,0.0116,0.2,0.756,0.748,0.748;0.954;aaaaaaa;
0.909,0.751,0.0733,0.99,0.214,0.398,0.127,0.268,0.234;0.425;aaaaaaaaaa;
0.216,0.548,0.399,0.23,0.536,0.119,0.921,0.136,0.329;0.329;aaaaaaa;
0.447,0.631,0.809,0.913,0.391,0.883,0.00254,0.276,0.326;0.704;a;
0.139,0.465,0.825,0.947,0.92,0.871,0.167,0.61,0.112;0.643;aaaaaaaaa;
0.331,0.035,0.386,0.604,0.0482,0.83,0.361,0.161,0.937;0.726;aa;
0.712,0.482,0.325,0.676,0.645,0.491,0.504,0.0969,0.868;0.477;aaaaaaaa;
0.0231,0.656,0.2,0.114,0.761,0.736,0.968,0.261,0.693;0.214;aaaaaaaaaa;
0.384,0.223,0.544,0.63,0.993,0.63,0.527,0.203,0.921;0.753;aaaa;
0.373,0.135,0.263,0.944,0.366,0.0716,0.353,0.377,0.279;0.367;aaaaaaa;
0.717,0.787,0.0463,0.202,0.485,0.742,0.488,0.287,0.255;0.907;aaaaaaaaa;
0.683,0.0671,0.297,0.759,0.987,0.822,0.285,0.331,0.738;0.731;aa;
0.635,0.147,0.0708,0.28,0.393,0.163,0.902,0.635,0.93;0.211;aaaaaaaaaa;
0.965,0.955,0.256,0.33,0.134,0.28,0.111,0.821,0.654;0.485;aaaaaaa;
0.82,0.034,0.288,0.184,0.0449,0.354,0.666,0.229,0.944;0.216;aaa;
0.3,0.279,0.00537,0.848,0.411,0.882,0.0495,0.12,0.11;0.765;aaaa;
0.389,0.0482,0.815,0.895,0.654,0.061,0.273,0.52,0.057;0.995;aaaaaaaaa;
0.318,0.837,0.386,0.777,0.356,0.0817,0.67,0.364,0.511;0.787;aaaaa;
0.107,0.138,0.745,0.721,0.629,0.061,0.293,0.879,0.538;0.77;aaaaaaaaa;
0.835,0.648,0.487,0.291,0.21,0.61,0.684,0.0831,0.575;0.0605;aaaaa;
0.543,0.421,0.894,0.238,0.51,0.156,0.227,0.0622,0.227;0.405;aaaaaaaa;
0.32,0.00364,0.548,0.94,0.676,0.794,0.325,0.0524,0.771;0.416;aa;
0.942,0.814,0.827,0.963,0.907,0.456,0.967,0.913,0.204;0.578;aaaaa;
0.272,0.238,0.479,0.736,0.0245,0.749,0.546,0.0158,0.901;0.7;aaaaaa;
0.03,0.744,0.978,0.307,0.972,0.0121,0.0921,0.748,0.177;0.861;aaa;
0.92,0.407,0.29,0.145,0.435,0.28,0.533,0.91,0.447;0.103;aa;
0.616,0.267,0.617,0.916,0.212,0.593,0.089,0.535,0.185;0.59;aaaaa;
0.845,0.0934,0.998,0.631,0.259,0.268,0.216,0.854,0.608;0.684;aaaaaa;
0.209,0.851,0.74,0.336,0.361,0.636,0.581,0.0641,0.342;0.535;aaaa;
0.293,0.302,0.154,0.682,0.884,0.725,0.504,0.0436,0.398;0.0925;aaaaaaa;
0.747,0.972,0.148,0.607,0.883,0.181,0.722,0.818,0.148;0.845;aaaaaaaaaa;
0.822,0.641,0.105,0.291,0.207,0.756,0.572,0.813,0.239;0.822;aaaaa;
0.0551,0.235,0.228,0.793,0.878,0.121,0.575,0.422,0.326;0.603;aa;
0.628,0.185,0.82,0.865,0.565,0.782,0.239,0.00815,0.237;0.894;aaaaaaaaaa;
0.509,0.492,0.561,0.197,0.767,0.271,0.514,0.0383,0.669;0.45;aaaaaa;
0.662,0.145,0.605,0.812,0.0144,0.192,0.231,0.203,0.688;0.116;aaaaaaaaa;
0.396,0.08,0.732,0.0884,0.216,0.16,0.965,0.18,0.781;0.668;a;
0.415,0.367,0.125,0.762,0.599,0.171,0.0297,0.627,0.548;0.865;aaaaaaa;
0.999,0.114,0.2,0.00651,0.995,0.89,0.0748,0.394,0.639;0.244;aa;
0.392,0.217,0.941,0.644,0.662,0.171,1,0.88,0.00615;0.636;aaaaaaaaaa;
0.634,0.836,0.93,0.763,0.907,0.641,0.322,0.182,0.0873;0.776;a;
0.378,0.0644,0.405,0.386,0.0915,0.338,0.184,0.05,0.045;0.562;aaaa;
0.528,0.784,0.858,0.998,0.563,0.0948,0.151,0.579,0.493;0.533;aaaaaaaaaa;
0.966,0.75,0.407,0.818,0.657,0.769,0.668,0.663,0.748;0.0414;aaaa;
0.422,0.16,0.077,0.628,0.338,0.0259,0.604,0.877,0.671;0.38;aaaaaaaa;
0.743,0.335,0.211,0.323,0.166,0.619,0.834,0.112,0.0974;0.129;aaaaa;
0.0734,0.0188,0.692,0.00283,0.653,0.362,0.47,0.11,0.588;0.838;aaa;
0.0616,0.546,0.588,0.733,0.268,0.411,0.616,0.0477,0.382;0.527;aaaaaaaaa;
0.304,0.717,0.89,0.98,0.809,0.0329,0.721,0.195,0.012;0.763;aaa;
0.825,0.564,0.45,0.815,0.255,0.9,0.0691,0.102,0.141;0.644;aaaaa;
0.904,0.326,0.615,0.628,0.629,0.383,0.389,0.589,0.677;0.68;aaaaa;
0.539,0.966,0.261,0.884,0.881,0.894,0.117,0.0712,0.587;0.684;aa;
0.711,0.911,0.104,0.284,0.921,0.995,0.164,0.0893,0.97;0.685;aaaaaa;
0.12,0.763,0.202,0.496,0.0975,0.484,0.144,0.239,0.894;0.951;aa;
0.028,0.748,0.204,0.917,0.146,0.392,0.147,0.855,0.455;0.0239;aaaa;
0.216,0.0437,0.905,0.695,0.591,0.773,0.938,0.137,0.954;0.353;aaaaaaaa;
0.726,0.791,0.919,0.0125,0.697,0.324,0.0813,0.292,0.397;0.955;aaa;
0.227,0.956,0.506,0.309,0.961,0.201,0.704,0.938,0.924;0.348;aaa;
0.953,0.757,0.796,0.197,0.303,0.0786,0.567,0.659,0.0494;0.825;aaaa;
0.821,0.496,0.0677,0.591,0.908,0.0396,0.392,0.542,0.128;0.179;aaaaaaaaaa;
0.0205,0.729,0.0345,0.769,0.402,0.178,0.802,0.994,0.285;0.342;aaaaaaaaaa;
0.75,0.282,0.828,0.882,0.81,0.127,0.424,0.637,0.798;0.555;aaaa;
0.0184,0.361,0.105,0.911,0.724,0.651,0.727,0.952,0.198;0.654;aaa;
0.0372,0.21,0.361,0.147,0.491,0.193,0.802,0.778,0.369;0.0833;aaaaaaaa;
0.211,0.857,0.614,0.433,0.126,0.919,0.684,0.513,0.639;0.3;a;
0.925,0.228,0.853,0.18,0.28,0.59,0.606,0.713,0.215;0.768;a;
0.469,0.734,0.585,0.0799,0.438,0.473,0.622,0.29,0.0344;0.763;aaaaaaa;
0.12,0.926,0.442,0.795,0.639,0.683,0.111,0.796,0.383;0.776;aa;
0.603,0.68,0.377,0.313,0.619,0.523,0.0073,0.859,0.734;0.439;aaaaaaaa;
0.98,0.0562,0.0818,0.536,0.052,0.994,0.023,0.685,0.61;0.788;aaaaaaaaa;
0.728,0.479,0.642,0.7,0.316,0.189,0.684,0.0939,0.553;0.233;aaaa;
0.121,0.493,0.908,0.554,0.864,0.996,0.449,0.371,0.632;0.072;aaa;
0.222,0.118,0.493,0.631,0.745,0.18,0.0604,0.328,0.0792;0.962;aaaa;
0.52,0.832,0.205,0.131,0.932,0.756,0.703,0.967,0.297;0.732;aaaaaa;
0.355,0.475,0.624,0.823,0.7,0.479,0.845,0.821,0.305;0.273;aaaa;
0.919,0.888,0.57,0.269,0.106,0.111,0.679,0.451,0.256;0.349;aaaaaaaa;
0.416,0.51,0.826,0.22,0.219,0.826,0.262,0.979,0.462;0.209;aaaa;
0.895,0.332,0.473,0.169,0.628,0.106,0.0693,0.19,0.531;0.652;aa;
0.626,0.0125,0.964,0.293,0.326,0.947,0.208,0.468,0.567;0.054;aa;
0.728,0.0295,0.418,0.695,0.125,0.328,0.177,0.12,0.3;0.4;aa;
0.601,0.709,0.38,0.918,0.372,0.647,0.517,0.63,0.402;0.919;aaaaaaaa;
0.115,0.116,0.924,0.43,0.87,0.0726,0.992,0.679,0.785;0.812;aaaa;
0.971,0.846,0.802,0.213,0.611,0.161,0.595,0.265,0.63;0.182;aaaaaaaa;
0.264,0.246,0.449,0.299,0.809,0.705,0.775,0.281,0.522;0.296;aaa;
0.377,0.753,0.616,0.0011,0.578,0.817,0.655,0.684,0.493;0.11;aaa;
0.119,0.149,0.426,0.841,0.698,0.746,0.371,0.926,0.0501;0.71;aaaaaaaaaa;
0.606,0.33,0.404,0.524,0.924,0.893,0.445,0.448,0.183;0.494;aaa;
0.233,0.379,0.121,0.796,0.512,0.225,0.177,0.554,0.046;0.786;aaaaaaaa;
0.15,0.375,0.721,0.214,0.865,0.0797,0.534,0.402,0.329;0.379;aaaaaaaaa;
0.803,0.547,0.606,0.998,0.176,0.103,0.834,0.791,0.809;0.141;aaaaaaa;
0.444,0.873,0.267,0.441,0.3,0.08,0.654,0.341,0.422;0.865;aaaa;
0.196,0.695,0.106,0.324,0.841,0.381,0.948,0.3,0.179;0.207;aaaaaaaaa;
0.672,0.207,0.042,0.589,0.377,0.0432,0.184,0.648,0.741;0.434;aaaa;
0.583,0.634,0.846,0.0751,0.557,0.942,0.981,0.827,0.773;0.804;aaa;
0.662,0.144,0.878,0.936,0.648,0.231,0.929,0.0892,0.0565;0.437;a;
0.0967,0.473,0.664,0.158,0.361,0.174,0.666,0.277,0.751;0.439;aaa;
0.566,0.969,0.501,0.367,0.361,0.266,0.512,0.905,0.637;0.331;aaaa;
0.247,0.832,0.232,0.217,0.937,0.405,0.323,0.74,0.0548;0.542;aaaaa;
0.803,0.486,0.482,0.895,0.268,0.0636,0.964,0.396,0.573;0.579;aa;
0.398,0.298,0.117,0.107,0.749,0.585,0.808,0.575,0.696;0.994;aaaaa;
0.911,0.0903,0.928,0.694,0.491,0.714,0.54,0.56,0.0697;0.0883;aaaaaa;
0.164,0.937,0.668,0.897,0.221,0.413,0.222,0.115,0.861;0.547;a;
0.778,0.842,0.012,0.149,0.562,0.484,0.883,0.755,0.59;0.17;aaaa;
0.0488,0.457,0.0283,0.23,0.999,0.823,0.148,0.179,0.69;0.013;aaaaaaa;
0.824,0.984,0.153,0.649,0.637,0.318,0.212,0.134,0.945;0.0905;aaaaaaaa;
0.272,0.214,0.553,0.696,0.909,0.696,0.124,0.421,0.849;0.57;aaaaa;
0.42,0.562,0.844,0.803,0.979,0.918,0.687,0.563,0.416;0.601;aaaa;
0.0846,0.294,0.497,0.406,0.593,0.715,0.057,0.765,0.936;0.0739;aaaaaaa;
0.544,0.304,0.912,0.616,0.877,0.219,0.354,0.829,0.27;0.085;a;
0.786,0.0575,0.692,0.889,0.235,0.107,0.148,0.157,0.459;0.0199;aaaa;
0.0754,0.235,0.375,0.44,0.0296,0.248,0.583,0.748,0.135;0.738;aaaa;
0.873,0.175,0.367,0.074,0.94,0.29,0.042,0.0673,0.177;0.141;aaaa;
0.926,0.996,0.537,0.279,0.456,0.233,0.911,0.965,0.96;0.405;aaaaaaaaaa;
0.341,0.443,0.885,0.38,0.235,0.798,0.995,0.807,0.0134;0.345;aaaaaaaaa;
0.259,0.954,0.37,0.744,0.604,0.675,0.893,0.205,0.341;0.267;a;
0.301,0.552,0.568,0.84,0.405,0.812,0.339,0.941,0.163;0.77;aa;
0.577,0.496,0.0892,0.0514,0.599,0.73,0.318,0.875,0.601;0.666;aaaaaaaa;
0.826,0.575,0.00638,0.31,0.588,0.874,0.375,0.98,0.503;0.787;aaaaa;
0.424,0.0793,0.583,0.799,0.978,0.496,0.88,0.562,0.656;0.254;aaaaaa;
0.416,0.675,0.106,0.0525,0.97,0.279,0.935,0.522,0.437;0.841;aaaaaaaaaa;
0.322,0.299,0.664,1,0.658,0.235,0.575,0.382,0.321;0.349;aaaaaaa;
0.684,0.0432,0.243,0.258,0.462,0.685,0.797,0.25,0.734;0.0499;aaaaaa;
0.552,0.938,0.341,0.841,0.728,0.611,0.93,0.26,0.699;0.304;aaaaaaaa;
0.803,0.647,0.547,0.0839,0.261,0.412,0.849,0.000339,0.516;0.556;aaaaaaaaa;
0.772,0.852,0.873,0.816,0.18,0.0457,0.414,0.156,0.148;0.521;aaaaaaaaa;
0.738,0.428,0.714,0.167,0.718,0.916,0.79,0.725,0.328;0.52;aaaaaaaaaa;
0.651,0.0716,0.508,0.255,0.857,0.77,0.0196,0.681,0.135;0.0413;aaaa;
0.077,0.934,0.264,0.482,0.305,0.014,0.759,0.505,0.957;0.62;aaaaa;
0.453,0.389,0.0431,0.189,0.719,0.389,0.84,0.00944,0.154;0.702;a;
0.713,0.842,0.417,0.0338,0.894,0.292,0.264,0.437,0.185;0.631;aa;
0.562,0.81,0.179,0.766,0.957,0.511,0.305,0.0371,0.279;0.213;aaaaaa;
0.868,0.788,0.429,0.748,0.968,0.488,0.375,0.171,0.392;0.328;a;
0.349,0.422,0.329,0.849,0.209,0.726,0.181,0.0971,0.0827;0.821;aaaaaaaa;
0.598,0.148,0.402,0.917,0.391,0.435,0.215,0.352,0.524;0.111;aaaaaaaaa;
0.138,0.209,0.366,0.0992,0.113,0.116,0.272,0.771,0.647;0.0821;aaa;
0.793,0.378,0.802,0.706,0.781,0.0308,0.611,0.551,0.984;0.704;aaaa;
0.814,0.925,0.14,0.856,0.496,0.87,0.829,0.0629,0.803;0.00432;aaaaaaa;
0.281,0.371,0.782,0.239,0.986,0.5,0.4,0.889,0.678;0.739;aaaaaaa;
0.264,0.395,0.205,0.512,0.412,0.124,0.47,0.264,0.0866;0.241;aaaaa;
0.92,0.175,0.763,0.173,0.495,0.00293,0.905,0.737,0.029;0.208;a;
0.224,0.197,0.148,0.0389,0.288,0.717,0.0153,0.375,0.758;0.171;aaaa;
0.0316,0.221,0.869,0.0761,0.348,0.312,0.538,0.248,0.393;0.845;aa;
0.652,0.538,0.64,0.938,0.109,0.121,0.123,0.923,0.0709;0.79;a;
0.311,0.0482,0.19,0.813,0.171,0.363,0.168,0.458,0.989;0.446;aaa;
0.702,0.512,0.0877,0.222,0.953,0.436,0.0165,0.538,0.942;0.932;aaaaaaa;
0.35,0.0903,0.511,0.216,0.791,0.0341,0.0541,0.558,0.0897;0.273;aaaaaaaaa;
0.0839,0.0474,0.102,0.598,0.767,0.828,0.124,0.484,0.874;0.554;aaaaaaaa;
0.65,0.601,0.0688,0.653,0.336,0.754,0.166,0.676,0.404;0.405;aaaaaaaaaa;
0.911,0.132,0.429,0.984,0.00118,0.775,0.248,0.322,0.605;0.992;aa;
0.124,0.0956,0.157,0.867,0.826,0.851,0.563,0.983,0.444;0.393;aa;
0.227,0.8,0.287,0.0612,0.895,0.944,0.125,0.566,0.567;0.593;a;
0.676,0.553,0.731,0.0922,0.626,0.0347,0.485,0.349,0.0502;0.872;aa;
0.134,0.2,0.159,0.992,0.21,0.361,0.175,0.715,0.43;0.889;aa;
0.923,0.313,0.567,0.682,0.0174,0.114,0.165,0.76,0.276;0.144;a;
0.679,0.206,0.802,0.00408,0.0599,0.478,0.157,0.771,0.267;0.64;aaaa;
0.882,0.364,0.985,0.498,0.408,0.379,0.397,0.388,0.401;0.719;aaaaaaaaa;
0.449,0.478,0.763,0.135,0.894,0.713,0.339,0.258,0.858;0.824;aaaaaaaaaa;
0.15,0.135,0.981,0.827,0.0185,0.952,0.408,0.946,0.148;0.773;aaaaaaaaa;
0.0537,0.644,0.504,0.674,0.65,0.653,0.8,0.447,0.187;0.496;aaaaaaaaaa;
0.0537,0.358,0.569,0.0669,0.054,0.258,0.868,0.324,0.0306;0.847;aaaaaa;
0.317,0.527,0.796,0.381,0.842,0.426,0.21,0.887,0.479;0.648;aaaaaaaaa;
0.899,0.0472,0.552,0.155,0.0274,0.134,0.404,0.402,0.225;0.32;aaaaaa;
0.351,0.795,0.197,0.855,0.232,0.825,0.6,0.842,0.121;0.0646;aaaaaaaa;
0.799,0.383,0.628,0.559,0.327,0.127,0.0404,0.233,0.631;0.165;aaaa;
0.757,0.932,0.679,0.804,0.791,0.0119,0.0351,0.875,0.854;0.618;a;
0.485,0.63,0.83,0.424,0.785,0.195,0.0629,0.121,0.64;0.911;aa;
0.936,0.424,0.0638,0.232,0.0152,0.506,0.527,0.513,0.251;0.323;aaaaaaa;
0.343,0.269,0.335,0.988,0.677,0.482,0.31,0.0624,0.592;0.79;aaa;
0.131,0.309,0.958,0.136,0.967,0.256,0.961,0.96,0.0707;0.293;aaaaaa;
0.79,0.413,0.817,0.108,0.362,0.056,0.397,0.557,0.871;0.0241;aaa;
0.304,0.0373,0.35,0.519,0.029,0.256,0.704,0.98,0.89;0.767;a;
0.921,0.855,0.398,0.375,0.974,0.527,0.968,0.656,0.267;0.882;aaaaaaa;
0.465,0.0103,0.278,0.281,0.475,0.7,0.107,0.74,0.425;0.0756;aaaaaaa;
0.0851,0.202,0.0314,0.274,0.219,0.895,0.347,0.92,0.738;0.615;aaaaaaa;
0.116,0.698,0.89,0.347,0.387,0.458,0.192,0.576,0.0274;0.554;aaaa;
0.305,0.128,0.973,0.687,0.0199,0.12,0.473,0.479,0.828;0.942;aaaa;
0.375,0.13,0.552,0.729,0.766,0.411,0.842,0.67,0.331;0.693;aaaaa;
0.0567,0.748,0.61,0.426,0.264,0.606,0.433,0.261,0.226;0.539;a;
0.931,0.383,0.96,0.462,0.437,0.308,0.315,0.418,0.422;0.483;aaaaaa;
0.301,0.442,0.716,0.829,0.898,0.739,0.0414,0.591,0.53;0.0137;aaaaaaaaaa;
0.421,0.84,0.247,0.31,0.851,0.539,0.0642,0.251,0.852;0.497;a;
0.321,0.626,0.431,0.894,0.0105,0.171,0.12,0.893,0.242;0.735;aaaaaaaaaa;
0.643,0.706,0.273,0.682,0.328,0.207,0.711,0.191,0.743;0.0972;aaaaa;
0.597,0.921,0.959,0.0772,0.116,0.467,0.331,0.568,0.111;0.463;a;
0.519,0.534,0.789,0.805,0.479,0.324,0.09,0.457,0.612;0.75;aaaaa;
0.138,0.626,0.416,0.98,0.601,0.176,0.998,0.834,0.832;0.0544;aaaaaaaaaa;
0.564,0.211,0.507,0.78,0.279,0.126,0.877,0.576,0.0695;0.342;a;
0.537,0.272,0.651,0.52,0.881,0.304,0.762,0.00587,0.56;0.888;aaaaaa;
0.166,0.958,0.245,0.604,0.35,0.0271,0.227,0.555,0.637;0.508;a;
0.0473,0.565,0.0246,0.154,0.793,0.0127,0.367,0.277,0.352;0.756;aaa;
0.569,0.422,0.0355,0.0205,0.598,0.955,0.935,0.464,0.873;0.508;aaaa;
0.946,0.917,0.308,0.119,0.636,0.822,0.467,0.181,0.0635;0.155;aaaaaa;
0.533,0.48,0.687,0.273,0.156,0.218,0.176,0.357,0.884;0.0287;aaa;
0.115,0.497,0.111,0.385,0.703,0.525,0.366,0.403,0.537;0.074;aaaaaaaa;
0.247,0.0619,0.368,0.936,0.627,0.957,0.271,0.194,0.458;0.854;aaaaaaaaaa;
0.362,0.712,0.227,0.705,0.542,0.367,0.341,0.324,0.56;0.6;aaaaaaaaa;
0.897,0.689,0.0762,0.607,0.555,0.762,0.0319,0.306,0.966;0.271;aaaa;
0.732,0.0167,0.609,0.952,0.315,0.269,0.463,0.572,0.443;0.539;aa;
0.115,0.497,0.111,0.385,0.703,0.525,0.366,0.403,0.537;0.074;aaaaaa;
0.247,0.0619,0.368,0.936,0.627,0.957,0.271,0.194,0.458;0.854;aaaa;
0.362,0.712,0.227,0.705,0.542,0.367,0.341,0.324,0.56;0.6;aaaaaaa;
0.897,0.689,0.0762,0.607,0.555,0.762,0.0319,0.306,0.966;0.271;aaaa;
0.732,0.0167,0.609,0.952,0.315,0.269,0.463,0.572,0.443;0.539;aaa;
0.115,0.497,0.111,0.385,0.703,0.525,0.366,0.403,0.537;0.074;aaaaaaa;
0.247,0.0619,0.368,0.936,0.627,0.957,0.271,0.194,0.458;0.854;aaaaa;
0.362,0.712,0.227,0.705,0.542,0.367,0.341,0.324,0.56;0.6;aa;
0.897,0.689,0.0762,0.607,0.555,0.762,0.0319,0.306,0.966;0.271;aaaa;
0.732,0.0167,0.609,0.952,0.315,0.269,0.463,0.572,0.443;0.539;aaaa;
0.115,0.497,0.111,0.385,0.703,0.525,0.366,0.403,0.537;0.074;aa;
0.247,0.0619,0.368,0.936,0.627,0.957,0.271,0.194,0.458;0.854;aaa;
0.362,0.712,0.227,0.705,0.542,0.367,0.341,0.324,0.56;0.6;aaaaaaaaaa;
0.897,0.689,0.0762,0.607,0.555,0.762,0.0319,0.306,0.966;0.271;aaaaa;
0.732,0.0167,0.609,0.952,0.315,0.269,0.463,0.572,0.443;0.539;aa;
0.115,0.497,0.111,0.385,0.703,0.525,0.366,0.403,0.537;0.074;aaaaa;
0.247,0.0619,0.368,0.936,0.627,0.957,0.271,0.194,0.458;0.854;aaaaaaaaaa;
0.362,0.712,0.227,0.705,0.542,0.367,0.341,0.324,0.56;0.6;aaaaaa;
0.897,0.689,0.0762,0.607,0.555,0.762,0.0319,0.306,0.966;0.271;aaaaa;
0.732,0.0167,0.609,0.952,0.315,0.269,0.463,0.572,0.443;0.539;aaaaaaaaaa;
0.115,0.497,0.111,0.385,0.703,0.525,0.366,0.403,0.537;0.074;aaaaaaaaaa;
0.247,0.0619,0.368,0.936,0.627,0.957,0.271,0.194,0.458;0.854;aaaaaa;
0.362,0.712,0.227,0.705,0.542,0.367,0.341,0.324,0.56;0.6;aaaaaaaaaa;
0.897,0.689,0.0762,0.607,0.555,0.762,0.0319,0.306,0.966;0.271;aa;
0.732,0.0167,0.609,0.952,0.315,0.269,0.463,0.572,0.443;0.539;aaaaa;
0.115,0.497,0.111,0.385,0.703,0.525,0.366,0.403,0.537;0.074;aaaaaaa;
0.247,0.0619,0.368,0.936,0.627,0.957,0.271,0.194,0.458;0.854;aaaaaaa;
0.362,0.712,0.227,0.705,0.542,0.367,0.341,0.324,0.56;0.6;aaaaa;
0.897,0.689,0.0762,0.607,0.555,0.762,0.0319,0.306,0.966;0.271;aaaaaaa;
0.732,0.0167,0.609,0.952,0.315,0.269,0.463,0.572,0.443;0.539;aaaaaaa;
0.115,0.497,0.111,0.385,0.703,0.525,0.366,0.403,0.537;0.074;aaaa;
0.247,0.0619,0.368,0.936,0.627,0.957,0.271,0.194,0.458;0.854;aaaaaa;
0.362,0.712,0.227,0.705,0.542,0.367,0.341,0.324,0.56;0.6;aaaaaaaa;
0.897,0.689,0.0762,0.607,0.555,0.762,0.0319,0.306,0.966;0.271;aa;
0.732,0.0167,0.609,0.952,0.315,0.269,0.463,0.572,0.443;0.539;aaaa;
0.115,0.497,0.111,0.385,0.703,0.525,0.366,0.403,0.537;0.074;aaaaaaa;
0.247,0.0619,0.368,0.936,0.627,0.957,0.271,0.194,0.458;0.854;a;
0.362,0.712,0.227,0.705,0.542,0.367,0.341,0.324,0.56;0.6;aaaaaaa;
0.897,0.689,0.0762,0.607,0.555,0.762,0.0319,0.306,0.966;0.271;aaaaaaaa;
0.732,0.0167,0.609,0.952,0.315,0.269,0.463,0.572,0.443;0.539;aaaaaa;
0.115,0.497,0.111,0.385,0.703,0.525,0.366,0.403,0.537;0.074;aaaaaaaaaa;
0.247,0.0619,0.368,0.936,0.627,0.957,0.271,0.194,0.458;0.854;aaaaaaaaaa;
0.362,0.712,0.227,0.705,0.542,0.367,0.341,0.324,0.56;0.6;a;
0.897,0.689,0.0762,0.607,0.555,0.762,0.0319,0.306,0.966;0.271;aaaaaaaaaa;
0.732,0.0167,0.609,0.952,0.315,0.269,0.463,0.572,0.443;0.539;aaaaaaaa;
0.115,0.497,0.111,0.385,0.703,0.525,0.366,0.403,0.537;0.074;aaaaa;
0.247,0.0619,0.368,0.936,0.627,0.957,0.271,0.194,0.458;0.854;a;
0.362,0.712,0.227,0.705,0.542,0.367,0.341,0.324,0.56;0.6;aaaa;
0.897,0.689,0.0762,0.607,0.555,0.762,0.0319,0.306,0.966;0.271;aaaaaaa;
0.732,0.0167,0.609,0.952,0.315,0.269,0.463,0.572,0.443;0.539;aaaaaaaaaa;
0.115,0.497,0.111,0.385,0.703,0.525,0.366,0.403,0.537;0.074;aaaaaa;
0.247,0.0619,0.368,0.936,0.627,0.957,0.271,0.194,0.458;0.854;aa;
0.362,0.712,0.227,0.705,0.542,0.367,0.341,0.324,0.56;0.6;aaa;
0.897,0.689,0.0762,0.607,0.555,0.762,0.0319,0.306,0.966;0.271;aaaa;
0.732,0.0167,0.609,0.952,0.315,0.269,0.463,0.572,0.443;0.539;aaa;
