0	0,12,86
1	1,42
2	1,2,9,12,52,71
3	1,3,23,31,46,63,66
4	4,7,12,26
5	5,39,48,68
6	6,10,69,77
7	7
8	8
9	9,35,54
10	10
11	11
12	12
13	13
14	14
15	15
16	16
17	17
18	18
19	19
20	20
21	21,63
22	22
23	23
24	24
25	25
26	26
27	27
28	28
29	29
30	21,30
31	31,60
32	32,67
33	33
34	34
35	35
36	36
37	37
38	38
39	39
40	40
41	41
42	42
43	43
44	44
45	45
46	46
47	47,73
48	48
49	49
50	50
51	32,51
52	52
53	53
54	54
55	17,24,55
56	56
57	57
58	58
59	59
60	60
61	40,61,65
62	19,62
63	63
64	64
65	65
66	66
67	67
68	68
69	9,69
70	70
71	71
72	15,44,46,72
73	73
74	74
75	54,75
76	76
77	77
78	53,78
79	79
80	80
81	81
82	82
83	83
84	84
85	85
86	86
87	12
88	28
89	5
90	49
91	44
92	1
93	14
94	22
95	20
96	4
97	1
98	8
99	13
100	19
101	38,53
102	21,55
103	63
104	12
105	17
106	52
107	14
108	2
109	36
110	19
111	9
112	48
113	13
114	18
115	12
116	7
117	11
118	5
119	13
120	7
121	12
122	16,18,54
123	24
124	57
125	0
126	6
127	28
128	17,25
129	38
130	13
131	26
132	14
133	16
134	34
135	19
136	10
137	37
138	17,75
139	73
140	34
141	13
142	27
143	10
144	49
145	0,16
146	66
147	31
148	23
149	8
150	28
151	18
152	13
153	41
154	17
155	16
156	3
157	26
158	56
159	16
160	6
161	24
162	3
163	3,32
164	13
165	24
166	2
167	3
168	25
169	1
170	14
171	12
172	25,67
173	7
174	41
175	17
176	26
177	27
178	2
179	27
180	28
181	4
182	26
183	13
184	39
185	19,32,35
186	41
187	7
188	39
189	43
190	31
191	20,40
192	8
193	49
194	1
195	8
196	42
197	1
198	21
199	8,16
200	20
201	1
202	38,65
203	14
204	40,83
205	16,34
206	49
207	15
208	8
209	0
210	17
211	14
212	7
213	6,60
214	13
215	36
216	0
217	37
218	2,80
219	7,10
220	10
221	10
222	1
223	5
224	8
225	3
226	32
227	35
228	0
229	19
230	1
231	10
232	4
233	79
234	26
235	0
236	3
237	7
238	26
239	16
240	0
241	23,30
242	7
243	6
244	38
245	10
246	42
247	7
248	28
249	18
250	3
251	28
252	18
253	14
254	2
255	24
256	5
257	42
258	15
259	7,85
260	21,23
261	16
262	0
263	7,70,75
264	19
265	13
266	35
267	31
268	8
269	21
270	27
271	16
272	26
273	3
274	32
275	20
276	61
277	5
278	1
279	48,55,64,65
280	46
281	18
282	47
283	9
284	33
285	38
286	59
287	24
288	6
289	13
290	28
291	37
292	51
293	35
294	33
295	25,42
296	8
297	10
298	5
299	10
300	85
301	14
302	30
303	4
304	8
305	20
306	11
307	9
308	37
309	12
310	27
311	61
312	37
313	10
314	3
315	16,68
316	1
317	22
318	30
319	8
320	38
321	36
322	43
323	10
324	1
325	75
326	17
327	34
328	0
329	13
330	5
331	8
332	81
333	5
334	0
335	26
336	7
337	47
338	38,47
339	67
340	57,80
341	85
342	22
343	8
344	14
345	22
346	6
347	35
348	49
349	9
350	39
351	66
352	17
353	0
354	39
355	34
356	29
357	38
358	9
359	29
360	41
361	1
362	37
363	5
364	19,64
365	11
366	27
367	35
368	28
369	22
370	17
371	5
372	8
373	85
374	2
375	0
376	9
377	1
378	34
379	73
380	19
381	70
382	14
383	12
384	2
385	0
386	3
387	19
388	10
389	34
390	61
391	5
392	29
393	55
394	5
395	38
396	28
397	14
398	12
399	17
400	28
401	48
402	0
403	53
404	53
405	2
406	2
407	1
408	33
409	19
410	19
411	10
412	45
413	2
414	16
415	38
416	34
417	4
418	4
419	36
420	9
421	11
422	13
423	0
424	3
425	4
426	54
427	17
428	2
429	19,56
430	4
431	9
432	0
433	35
434	6
435	9
436	21,70
437	17
438	24
439	9
440	75
441	9
442	1
443	11
444	1
445	12
446	28
447	20
448	5
449	21
450	9
451	2
452	16
453	38
454	0
455	16
456	35
457	24
458	61
459	16
460	17
461	49
462	15
463	34
464	13
465	0
466	35
467	10
468	13
469	35
470	2
471	11
472	37
473	27
474	36,48
475	14
476	8
477	3
478	16
479	1
480	41
481	1
482	33
483	13
484	16
485	24
486	69
487	64
488	11
489	4
490	10
491	44
492	25
493	15
494	8
495	18
496	13
497	2
498	10
499	32
500	23
501	14
502	18
503	41
504	59
505	14
506	39
507	29
508	27
509	13
510	28
511	12
512	4
513	59
514	19
515	77
516	1
517	48
518	8
519	2
520	2
521	0
522	16
523	5
524	8
525	22
526	5
527	10
528	56
529	1
530	47
531	37
532	43
533	30
534	2
535	34
536	18
537	53
538	5
539	48
540	12
541	33
542	6,78
543	30
544	12
545	46
546	14
547	7
548	20
549	10
550	86
551	32
552	28
553	42
554	12
555	11
556	10
557	3
558	25
559	7
560	29
561	6
562	26
563	15
564	32,72
565	32
566	17
567	22
568	2
569	30,41
570	29
571	35
572	17,83
573	2
574	6
575	8
576	25
577	17
578	21
579	27
580	26
581	17
582	16
583	21
584	40
585	0
586	4
587	25
588	10
589	9
590	11
591	20
592	7
593	0
594	4
595	25
596	58
597	8
598	37
599	41
600	6
601	19
602	28,43,50
603	7
604	48
605	57
606	41
607	56,81
608	59
609	12
610	9
611	8
612	2
613	29
614	6
615	18
616	1
617	9
618	32
619	15
620	4
621	0
622	0
623	6
624	14
625	13
626	28
627	23
628	52
629	36
630	0
631	24
632	4
633	19
634	24
635	25
636	85
637	17
638	16
639	0
640	5
641	13,69
642	0
643	4
644	27
645	13
646	41
647	6
648	8
649	21
650	43
651	7
652	12
653	10
654	60
655	5
656	3
657	35
658	46
659	10
660	3
661	4
662	26
663	3
664	12
665	20
666	15
667	39
668	3
669	58
670	17
671	20
672	6
673	13
674	31
675	12
676	1
677	0
678	8
679	13
680	40
681	51
682	15
683	32
684	64
685	15
686	54
687	41
688	24,29,84
689	3
690	0
691	38
692	32
693	3
694	9,37,62
695	24
696	6
697	5
698	24
699	4
700	23
701	37
702	12
703	31
704	3
705	1
706	0
707	30
708	58
709	0
710	47
711	43
712	15
713	27
714	0
715	10
716	8
717	26
718	3
719	26
720	3
721	17
722	14
723	26
724	7
725	56
726	34
727	7
728	16
729	45
730	18
731	34
732	42
733	11
734	15
735	2
736	4
737	3
738	28
739	13
740	5
741	15
742	3
743	17
744	6
745	67
746	5
747	24
748	25
749	36
750	34
751	25
752	71
753	12
754	12
755	0
756	20
757	51
758	17
759	23
760	9
761	4
762	16
763	7
764	18
765	5
766	8
767	31
768	32
769	8
770	11
771	12
772	0
773	10
774	22
775	0
776	37
777	0
778	12
779	21
780	25
781	5
782	20
783	52,61
784	27
785	2
786	22
787	17
788	26
789	21
790	0
791	19
792	12
793	7
794	4
795	28
796	3
797	28
798	69
799	13
800	9
801	18
802	56
803	2
804	18
805	10
806	22
807	40
808	12
809	11
810	14
811	27
812	11
813	19
814	21
815	76
816	64
817	36
818	6
819	4,76
820	21
821	26
822	9
823	3
824	36
825	43
826	5
827	33
828	0
829	63
830	17
831	47
832	13
833	17
834	7
835	54
836	8
837	1
838	1
839	5
840	1
841	20
842	14
843	3
844	84
845	20
846	1
847	41
848	9
849	70
850	0
851	27
852	1
853	14
854	8,62
855	23
856	18
857	32
858	8
859	29
860	37
861	15
862	10
863	3
864	3
865	56
866	20
867	24
868	31
869	6
870	2
871	5
872	12
873	1
874	17
875	41
876	24
877	35
878	32
879	3
880	16
881	41
882	17
883	28
884	31
885	17
886	13
887	14
888	22
889	4
890	2
891	33
892	7
893	20
894	11
895	35
896	18
897	2
898	67
899	31
900	5
901	29
902	4
903	13
904	51,75
905	11,58
906	4
907	18
908	35
909	42
910	6
911	12
912	3
913	32
914	12
915	30
916	36
917	80
918	11
919	56
920	10
921	2
922	13
923	5
924	4
925	42
926	54
927	75
928	38
929	3
930	16
931	6
932	46
933	7
934	60,69
935	70
936	2
937	31
938	49,86
939	8
940	17
941	6
942	4
943	54
944	40
945	8
946	13
947	34
948	4
949	26
950	61
951	9
952	11
953	37
954	9
955	12
956	1
957	32
958	11
959	33
960	30
961	50,78
962	4
963	11
964	23
965	2
966	13
967	0
968	36
969	9
970	35
971	2
972	18
973	38
974	2
975	31
976	5
977	22
978	61
979	32
980	10
981	0
982	35
983	7
984	17
985	7
986	7
987	1
988	15,39
989	36
990	11
991	8
992	65,79
993	7
994	28
995	39
996	48,67
997	2
998	3
999	1
1000	8
1001	9
1002	5
1003	5
1004	13
1005	13
1006	14
1007	14
1008	4
1009	4
1010	21
1011	21
1012	18
1013	18
1014	32
1015	32
1016	27
1017	27
1018	27
1019	28
1020	28
1021	28
1022	12
1023	12
1024	12
1025	25
1026	25
1027	25
1028	51
1029	51
1030	51
1031	20
1032	20
1033	20
1034	39
1035	39
1036	39
1037	0
1038	0
1039	0
1040	7
1041	7
1042	7
1043	17
1044	17
1045	17
1046	16
1047	16
1048	16
1049	31
1050	31
1051	31
1052	60
1053	60
1054	60
1055	60
1056	23
1057	23
1058	23
1059	23
1060	48
1061	48
1062	48
1063	48
1064	22
1065	22
1066	22
1067	22
1068	10
1069	10
1070	10
1071	10
1072	3
1073	3
1074	3
1075	3
1076	41
1077	41
1078	41
1079	41
1080	37
1081	37
1082	37
1083	37
1084	75
1085	75
1086	75
1087	75
1088	35
1089	35
1090	35
1091	35
1092	15
1093	15
1094	15
1095	15
1096	70
1097	70
1098	70
1099	70
1100	68
1101	68
1102	68
1103	68
1104	30
1105	30
1106	30
1107	30
1108	30
1109	62
1110	62
1111	62
1112	62
1113	62
1114	78
1115	78
1116	78
1117	78
1118	78
1119	74
1120	74
1121	74
1122	74
1123	74
1124	53
1125	53
1126	53
1127	53
1128	53
1129	77
1130	77
1131	77
1132	77
1133	77
1134	2
1135	2
1136	2
1137	2
1138	2
1139	34
1140	34
1141	34
1142	34
1143	34
1144	49
1145	49
1146	49
1147	49
1148	49
1149	80
1150	80
1151	80
1152	80
1153	80
