ATT0(string,10);ATT1(float,10);ATT2(string,10);
aa;0.898,0.194,0.903,0.777,0.444,0.738,0.287,0.531,0.376,0.361;aaaa;
aaaaaaa;0.251,0.62,0.555,0.491,0.92,0.958,0.0223,0.499,0.422,0.516;aaaaaa;
aaa;0.0471,0.452,0.125,0.903,0.805,0.553,0.858,0.00184,0.0141,0.401;aaaaaaaaaa;
aaaaa;0.0816,0.886,0.894,0.539,0.725,0.716,0.0249,0.0916,0.701,0.586;aaaaa;
aaaaa;0.757,0.0614,0.509,0.302,0.792,0.214,0.891,0.396,0.483,0.0772;aaaaaa;
aaaaaaaaa;0.831,0.295,0.778,0.648,0.501,0.0223,0.624,0.509,0.0335,0.214;aaaaaaaa;
aaaaaaaaaa;0.555,0.27,0.94,0.594,0.354,0.162,0.573,0.277,0.348,0.146;aaaaaaaaa;
aaaaaa;0.0295,0.264,0.128,0.812,0.48,0.886,0.462,0.0796,0.775,0.818;aaaaa;
aaaaaaa;0.759,0.687,0.227,0.52,0.373,0.404,0.842,0.444,0.964,0.431;aaaa;
aa;0.585,0.104,0.539,0.709,0.665,0.52,0.36,0.598,0.175,0.606;aaaaaaaaaa;
aaaaaaaaaa;0.16,0.00017,0.404,0.745,0.145,0.146,0.307,0.222,0.129,0.397;aaaaaa;
aa;0.086,0.871,0.615,0.25,0.563,0.555,0.816,0.0298,0.0936,0.223;a;
aaaaaaaaaa;0.633,0.0627,0.0376,0.337,0.166,0.189,0.321,0.786,0.211,0.139;aa;
aaaaa;0.29,0.668,0.388,0.73,0.992,0.944,0.639,0.48,0.81,0.419;aaaaa;
aaa;0.948,0.748,0.95,0.11,0.965,0.582,0.214,0.936,0.248,0.383;aaaa;
aaaa;0.807,0.441,0.031,0.38,0.887,0.668,0.433,0.15,0.109,0.323;aaaaaaaaaa;
aaaaaaaaa;0.302,0.0708,0.468,0.138,0.54,0.86,0.337,0.517,0.323,0.81;aaaaa;
aa;0.428,0.893,0.0672,0.203,0.593,0.357,0.35,0.673,0.386,0.398;aaa;
aaaaaaaaa;0.0901,0.756,0.706,0.187,0.32,0.249,0.327,0.926,0.633,0.395;a;
a;0.666,0.0435,0.103,0.101,0.818,0.375,0.311,0.575,0.839,0.109;aaaaaaaa;
a;0.752,0.592,0.784,0.683,0.678,0.949,0.839,0.668,0.492,0.279;a;
a;0.89,0.369,0.903,0.959,0.562,0.375,0.789,0.416,0.487,0.0337;aa;
aaaaaaaa;0.657,0.256,0.821,0.719,0.625,0.179,0.721,0.158,0.648,0.222;aa;
aaa;0.738,0.843,0.159,0.443,0.823,0.83,0.797,0.0116,0.979,0.0527;aaaaaa;
aaaaaa;0.279,0.751,0.197,0.71,0.633,0.103,0.00412,0.0517,0.345,0.337;aaaaaa;
aaaa;0.861,0.273,0.488,0.805,0.16,0.221,0.686,0.773,0.762,0.967;aaaaaaa;
aaaaaaa;0.981,0.3,0.514,0.212,0.71,0.558,0.423,0.816,0.755,0.224;aa;
aaaaaaaaaa;0.449,0.948,0.846,0.502,0.936,0.0518,0.636,0.197,0.222,0.107;a;
aaaaaaaa;0.403,0.966,0.122,0.389,0.508,0.174,0.79,0.632,0.904,0.459;aaaaaaaaaa;
a;0.117,0.176,0.677,0.119,0.954,0.915,0.545,0.664,0.994,0.0878;aa;
aaaaaaaaaa;0.621,0.0854,0.629,0.155,0.573,0.228,0.355,0.37,0.0011,0.175;aaaaa;
aaaaaa;0.284,0.964,0.148,0.568,0.373,0.133,0.722,0.33,0.641,0.397;aaa;
aaaaaaaaaa;0.233,0.573,0.746,0.605,0.0062,0.665,0.497,0.667,0.239,0.697;aaaaaaaaa;
aaaa;0.548,0.642,0.698,0.0854,0.542,0.598,0.656,0.917,0.51,0.0762;aaaaaa;
aaaaaaa;0.375,0.947,0.495,0.935,0.125,0.215,0.243,0.876,0.846,0.19;aaaaaa;
aa;0.196,0.833,0.58,0.0447,0.827,0.0371,0.0192,0.71,0.138,0.00436;aaaaaaaaa;
aaaaaaa;0.614,0.00994,0.741,0.879,0.635,0.7,0.118,0.498,0.718,0.206;aa;
aaaaaa;0.369,0.255,0.292,0.301,0.738,0.121,0.982,0.838,0.591,0.807;aaaaaaaaa;
aaaaaaaaa;0.873,0.739,0.363,0.526,0.377,0.653,0.755,0.754,0.201,0.813;aaaaaaaa;
aaaaaa;0.16,0.331,0.995,0.583,0.251,0.841,0.899,0.374,0.076,0.408;aaaaa;
aaaaaaaa;0.955,0.255,0.0365,0.925,0.431,0.519,0.934,0.713,0.648,0.129;aaaaaaaaaa;
aaaa;0.753,0.951,0.129,0.879,0.0708,0.533,0.976,0.0585,0.939,0.124;aaaaaaa;
aaaaaaa;0.519,0.323,0.402,0.466,0.284,0.768,0.328,0.954,0.425,0.257;aa;
aa;0.363,0.644,0.278,0.123,0.167,0.0631,0.99,0.162,0.934,0.698;aaaaaaaaa;
aaaaaa;0.341,0.869,0.0892,0.0282,0.543,0.533,0.965,0.454,0.102,0.764;aaaaaaaaa;
aaaa;0.372,0.895,0.11,0.273,0.516,0.955,0.913,0.826,0.776,0.79;a;
aaaaaaaa;0.131,0.821,0.878,0.728,0.214,0.93,0.0105,0.634,0.451,0.00213;a;
a;0.887,0.631,0.358,0.362,0.212,0.569,0.0335,0.00717,0.63,0.536;a;
a;0.399,0.886,0.633,0.304,0.751,0.381,0.264,0.551,0.508,0.254;aaaaaa;
aa;0.0156,0.309,0.631,0.159,0.411,0.0252,0.494,0.168,0.359,0.842;aaaaaaaaaa;
aaa;0.943,0.958,0.0578,0.315,0.315,0.514,0.6,0.981,0.59,0.796;aaaa;
aaaaaaaaaa;0.132,0.407,0.19,0.916,0.306,0.243,0.364,0.668,0.117,0.665;aaaaaa;
aaaaaaa;0.974,0.806,0.902,0.813,0.36,0.293,0.332,0.426,0.411,0.579;a;
aaaaaaaa;0.301,0.471,0.904,0.0837,0.137,0.847,0.882,0.576,0.145,0.567;aaaaaa;
a;0.7,0.716,0.253,0.244,0.872,0.0598,0.684,0.567,0.363,0.627;aaa;
aaaaa;0.734,0.923,0.196,0.498,0.0656,0.378,0.556,0.943,0.893,0.365;aaaaaaaaaa;
aaaaaa;0.388,0.62,0.92,0.749,0.26,0.777,0.61,0.698,0.762,0.939;aa;
aaaaaaaa;0.662,0.0346,0.83,0.262,0.29,0.276,1,0.899,0.755,0.649;aaaaaa;
aaaaaaaa;0.479,0.792,0.311,0.295,0.541,0.302,0.297,0.283,0.318,0.33;aaaaaa;
aaaaaaaa;0.45,0.884,0.157,0.307,0.935,0.909,0.266,0.7,0.537,0.109;aaaaaaaa;
aaaa;0.221,0.241,0.334,0.67,0.253,0.242,0.469,0.591,0.397,0.972;aa;
aaaa;0.293,0.236,0.357,0.497,0.12,0.232,0.77,0.702,0.591,0.588;aa;
aaaaa;0.65,0.891,0.444,0.266,0.864,0.261,0.529,0.77,0.267,0.0542;aaaaaaaaaa;
aaaaaaaa;0.165,0.0773,0.87,0.44,0.693,0.0189,0.0218,0.124,0.579,0.231;aaaa;
aaaaaaa;0.403,0.546,0.8,0.986,0.377,0.192,0.827,0.661,0.223,0.367;aaaaaaaaa;
a;0.947,0.885,0.367,0.716,0.292,0.166,0.764,0.406,0.244,0.372;aaaaaaa;
aaaaaaa;0.648,0.822,0.815,0.828,0.796,0.895,0.102,0.941,0.297,0.398;aaaaaa;
aaaaa;0.876,0.93,0.415,0.799,0.102,0.744,0.953,0.0778,0.446,0.395;a;
aaaaaaaaa;0.414,0.345,0.0547,0.236,0.221,0.45,0.203,0.0795,0.281,0.595;aaaaaa;
aa;0.134,0.154,0.173,0.866,0.163,0.151,0.307,0.287,0.308,0.88;aaa;
aaaaaaaaa;0.506,0.26,0.427,0.689,0.0128,0.282,0.565,0.652,0.566,0.115;aaaaaaa;
aaaaaaa;0.943,0.0213,0.328,0.0498,0.899,0.954,0.892,0.0938,0.174,0.848;aa;
aaaaaaaaaa;0.529,0.621,0.395,0.372,0.715,0.0325,0.338,0.749,0.318,0.825;aaaaaaaaa;
aaaaaaaa;0.905,0.762,0.546,0.776,0.707,0.866,0.189,0.944,0.174,0.00511;aaaa;
aaaaaaaa;0.967,0.864,0.559,0.157,0.179,0.149,0.207,0.735,0.293,0.492;aaa;
aa;0.186,0.79,0.506,0.396,0.866,0.953,0.842,0.147,0.926,0.737;aaaaaaaaaa;
aaaaa;0.106,0.0359,0.602,0.965,0.77,0.387,0.341,0.725,0.619,0.207;aaa;
aaaaaaaa;0.985,0.035,0.424,0.274,0.797,0.0905,0.46,0.0474,0.209,0.0683;aaaaaaaa;
aaaa;0.76,0.859,0.789,0.501,0.413,0.475,0.542,0.392,0.963,0.607;aaaaa;
aa;0.394,0.818,0.603,0.0766,0.265,0.412,0.109,0.297,0.228,0.811;aaaaaaaaa;
aaaaaa;0.489,0.177,0.88,0.775,0.132,0.839,0.867,0.189,0.629,0.0376;aaaa;
aaaaaaaaa;0.988,0.582,0.00366,0.427,0.574,0.513,0.602,0.624,0.0324,0.444;a;
aaaaaa;0.652,0.124,0.324,0.033,0.263,0.997,0.0508,0.672,0.544,0.721;aaa;
a;0.685,0.782,0.515,0.779,0.377,0.165,0.287,0.407,0.793,0.166;aaaaa;
aaa;0.154,0.739,0.895,0.042,0.44,0.587,0.188,0.837,0.633,0.245;aaaaaa;
aaaaaaa;0.674,0.497,0.87,0.803,0.677,0.804,0.828,0.375,0.351,0.74;aaaa;
aaaaaaaaa;0.697,0.925,0.357,0.778,0.511,0.225,0.798,0.0449,0.986,0.674;aaaaaaaaaa;
aaaaa;0.11,0.465,0.732,0.0381,0.918,0.873,0.0642,0.593,0.194,0.218;aaaaaaa;
aaa;0.0869,0.516,0.391,0.672,0.414,0.47,0.778,0.326,0.0435,0.172;aaaaaaa;
a;0.65,0.724,0.943,0.895,0.264,0.829,0.413,0.882,0.558,0.403;aaaaaa;
aaaaaa;0.122,0.571,0.0797,0.292,0.772,0.0477,0.72,0.727,0.213,0.613;a;
aaa;0.695,0.605,0.0639,0.454,0.958,0.888,0.604,0.00294,0.701,0.969;a;
aaaaaaa;0.329,0.17,0.581,0.541,0.645,0.501,0.691,0.43,0.604,0.00506;aaa;
aaaaaaaaaa;0.104,0.86,0.991,0.229,0.673,0.0395,0.616,0.115,0.721,0.233;aaaaaaaaa;
aaaaaaaa;0.331,0.248,0.979,0.0281,0.51,0.991,0.509,0.88,0.939,0.772;aaaaa;
aaaaaaaa;0.577,0.587,0.8,0.915,0.309,0.922,0.298,0.707,0.0607,0.714;aaa;
aaaaaaaaa;0.36,0.877,0.935,0.00278,0.709,0.786,0.471,0.317,0.0272,0.0144;aaaaaa;
aaaaaaaa;0.412,0.488,0.233,0.545,0.525,0.0993,0.404,0.932,0.283,0.417;aaaaaa;
aaaa;0.217,0.435,0.433,0.768,0.525,0.33,0.787,0.983,0.22,0.117;aaaaaa;
aaaaaaaa;0.565,0.499,0.304,0.902,0.373,0.909,0.815,0.203,0.422,0.971;aaaaaaa;
aaaaa;0.315,0.817,0.97,0.622,0.262,0.683,0.841,0.849,0.144,0.145;aaaa;
aaaaa;0.155,0.536,0.659,0.471,0.0527,0.112,0.513,0.537,0.615,0.51;aaaaaaaa;
aa;0.315,0.327,0.375,0.0282,0.578,0.831,0.506,0.397,0.213,0.0561;aaaaaaaaaa;
aa;0.718,0.498,0.987,0.25,0.0318,0.951,0.465,0.493,0.186,0.435;aa;
aaaaaaaa;0.141,0.204,0.878,0.405,0.289,0.0225,0.392,0.0664,0.0197,0.604;aaaa;
a;0.285,0.759,0.787,0.998,0.874,0.114,0.704,0.301,0.0665,0.283;aaaaaaaa;
aaa;0.526,0.445,0.424,0.811,0.00962,0.545,0.898,0.311,0.631,0.854;aaaaa;
aaaaaa;0.87,0.46,0.15,0.707,0.155,0.856,0.416,0.769,0.473,0.863;aa;
aaa;0.599,0.595,0.055,0.27,0.659,0.313,0.175,0.525,0.142,0.811;aaaa;
aaa;0.863,0.0341,0.478,0.134,0.457,0.392,0.538,0.748,0.289,0.161;aa;
aaaa;0.146,0.465,0.999,0.159,0.383,0.217,0.524,0.6,0.57,0.873;aaaaaaaaa;
aaaaaa;0.0217,0.708,0.735,0.106,0.475,0.73,0.307,0.0381,0.678,0.801;aaaa;
aaaaa;0.275,0.555,0.415,0.554,0.336,0.497,0.207,0.382,0.93,0.93;aaa;
aa;0.258,0.501,0.0998,0.28,0.856,0.929,0.936,0.41,0.908,0.5;aaaaaa;
aaaaaaaaaa;0.691,0.543,0.803,0.0911,0.159,0.167,0.646,0.7,0.201,0.993;aaaaaaaa;
aaaaaaaaa;0.759,0.136,0.743,0.124,0.0988,0.0247,0.779,0.567,0.37,0.165;aaaaaa;
aa;0.248,0.385,0.166,0.502,0.935,0.898,0.962,0.179,0.285,0.874;a;
aaaaaaaaaa;0.975,0.958,0.388,0.222,0.808,0.0502,0.898,0.0407,0.468,0.034;aaaa;
aaaaaaaa;0.466,0.933,0.798,0.469,0.00506,0.333,0.0893,0.936,0.365,0.956;aaaaaaa;
aaaaaaaaaa;0.117,0.257,0.621,0.22,0.291,0.38,0.0598,0.526,0.817,0.659;aa;
aaaaaaaaaa;0.17,0.0508,0.268,0.604,0.664,0.473,0.395,0.332,0.555,0.537;aaaa;
aaaaa;0.0769,0.252,0.869,0.78,0.124,0.361,0.723,0.383,0.396,0.607;aaaaa;
aaaaaaaa;0.322,0.305,0.637,0.00669,0.0934,0.85,0.314,0.31,0.46,0.282;aaaaaaa;
a;0.327,0.639,0.949,0.53,0.157,0.371,0.282,0.294,0.54,0.475;aaaaaaaaaa;
a;0.653,0.33,0.269,0.591,0.222,0.927,0.983,0.182,0.364,0.741;aaa;
aa;0.52,0.778,0.842,0.907,0.527,0.501,0.0503,0.69,0.273,0.288;aaaaa;
aaaaaaa;0.588,0.707,0.0873,0.756,0.284,0.367,0.34,0.484,0.404,0.78;aaaaaaaaa;
aaaaaaaaaa;0.389,0.12,0.655,0.362,0.296,0.853,0.781,0.793,0.0986,0.842;aaaaaaaaa;
aaaaaaa;0.827,0.116,0.785,0.669,0.614,0.00409,0.966,0.706,0.482,0.812;aaaa;
aaaaaaaaaa;0.817,0.835,0.71,0.819,0.366,0.893,0.0888,0.927,0.0473,0.165;aaaaaaaa;
a;0.377,0.183,0.0365,0.667,0.156,0.91,0.144,0.727,0.792,0.93;aaaaa;
aaa;0.492,0.206,0.155,0.439,0.883,0.374,0.577,0.836,0.663,0.918;aaaa;
aa;0.687,0.112,0.316,0.0211,0.994,0.215,0.89,0.318,0.284,0.264;aaaaaaaaaa;
aaaaa;0.677,0.991,0.11,0.213,0.687,0.721,0.598,0.212,0.589,0.301;aaaaaaaa;
aaaaaa;0.481,0.518,0.0975,0.874,0.669,0.184,0.222,0.68,0.504,0.41;aaaaaaaaaa;
aaaa;0.785,0.528,0.172,0.391,0.795,0.469,0.186,0.651,0.356,0.214;aaaaaa;
aaaaaa;0.418,0.949,0.454,0.349,0.925,0.924,0.256,0.648,0.985,0.928;aaaaaaaa;
aa;0.232,0.675,0.773,0.371,0.518,0.219,0.578,0.538,0.586,0.562;aaaaaaaa;
a;0.462,0.947,0.441,0.676,0.0408,0.701,0.329,0.935,0.264,0.123;aaaaaaaa;
aaaaaaaaa;0.0526,0.832,0.973,0.494,0.532,0.244,0.982,0.257,0.971,0.0555;aaaaaa;
aa;0.823,0.812,0.105,0.0418,0.76,0.826,0.679,0.958,0.281,0.514;a;
aaaaaaaaaa;0.0915,0.965,0.413,0.858,0.125,0.461,0.697,0.385,0.553,0.283;aa;
aa;0.848,0.114,0.0631,0.549,0.667,0.368,0.877,0.642,0.423,0.765;aaaa;
aa;0.29,0.223,0.0322,0.729,0.401,0.245,0.719,0.585,0.0738,0.629;aaaaaaaaaa;
aaaaaaaaaa;0.909,0.799,0.0866,0.602,0.148,0.00884,0.37,0.382,0.197,0.359;aaaaa;
aaaaa;0.847,0.267,0.0783,0.921,0.699,0.466,0.0313,0.862,0.594,0.346;aaa;
aaa;0.469,0.906,0.481,0.7,0.461,0.474,0.0214,0.859,0.413,0.639;aaaa;
aaa;0.748,0.458,0.674,0.766,0.54,0.801,0.811,0.165,0.17,0.874;aaaaa;
aaaa;0.986,0.807,0.342,0.5,0.456,0.924,0.698,0.83,0.779,0.448;aaaaaaaaaa;
aaaaaaa;0.965,0.884,0.657,0.284,0.0613,0.551,0.679,0.828,0.98,0.0985;aaaaaaaaa;
aa;0.103,0.791,0.369,0.502,0.0432,0.209,0.815,0.306,0.159,0.758;aaaaaaaaa;
aaaaaaa;0.953,0.146,0.353,0.296,0.295,0.838,0.382,0.285,0.308,0.684;aaa;
aaa;0.552,0.549,0.446,0.979,0.086,0.383,0.308,0.955,0.96,0.785;aaaaaaa;
aaaaa;0.749,0.823,0.109,0.326,0.216,0.848,0.485,0.976,0.33,0.0592;aaaaaa;
aaaaaaa;0.572,0.701,0.307,0.113,0.584,0.326,0.846,0.237,0.26,0.86;aaaa;
aa;0.665,0.47,0.291,0.778,0.0945,0.848,0.0355,0.956,0.717,0.366;aaaaaaaaa;
aaaaaa;0.279,0.607,0.413,0.527,0.97,0.863,0.908,0.532,0.2,0.537;aaaa;
aaaaa;0.0445,0.145,0.421,0.259,0.226,0.833,0.698,0.643,0.598,0.402;aaaaaaaa;
a;0.259,0.374,0.843,0.79,0.233,0.427,0.832,0.333,0.0881,0.374;aaaaaaaaaa;
aaa;0.509,0.199,0.403,0.692,0.841,0.761,0.781,0.727,0.519,0.685;aaaa;
aaaaaaaaa;0.132,0.48,0.614,0.765,0.477,0.718,0.343,0.479,0.993,0.368;aaaaaaa;
aaaaaa;0.914,0.272,0.812,0.661,0.424,0.416,0.725,0.66,0.162,0.524;aaaaaaa;
aaa;0.919,0.0737,0.0715,0.553,0.533,0.832,0.451,0.587,0.451,0.242;aaaaaaaaa;
aaaaaaa;0.00824,0.339,0.981,0.428,0.811,0.377,0.181,0.918,0.137,0.921;aaaaaaaaaa;
aaaaaaa;0.614,0.531,0.366,0.612,0.889,0.524,0.532,0.179,0.0628,0.694;aaaaaaaaa;
aaaaaaaaaa;0.619,0.219,0.3,0.83,0.393,0.537,0.688,0.9,0.455,0.981;aaaa;
aaaaaa;0.609,0.39,0.0874,0.27,0.455,0.575,0.819,0.543,0.221,0.523;aaaaaaaa;
aaaaaaaaaa;0.536,0.0837,0.0165,0.981,0.486,0.0783,0.499,0.152,0.35,0.693;aaaaaaaa;
aa;0.59,0.805,0.74,0.295,0.771,0.864,0.618,0.466,0.623,0.119;aaaaaaaa;
aaaaaaaa;0.939,0.59,0.146,0.0798,0.552,0.679,0.426,0.91,0.649,0.0348;aaaaaaaa;
aaaaaaaa;0.517,0.226,0.549,0.915,0.24,0.0391,0.0382,0.708,0.516,0.906;aaaa;
aaa;0.515,0.828,0.0309,0.684,0.0964,0.43,0.488,0.103,0.199,0.299;aaaaaa;
aa;0.813,0.373,0.59,0.234,0.434,0.714,0.606,0.757,0.51,0.779;aaaaaaa;
aaaaaaa;0.136,0.621,0.565,0.442,0.762,0.117,0.496,0.198,0.273,0.999;aaaaaaaaaa;
aaaa;0.207,0.301,0.213,0.142,0.0365,0.223,0.457,0.307,0.602,0.353;aaaaaaaaa;
aaaaaaaaaa;0.236,0.996,0.72,0.675,0.884,0.169,0.602,0.323,0.958,0.171;aaaaaaaa;
aa;0.743,0.52,0.304,0.229,0.373,0.65,0.0937,0.461,0.977,0.25;a;
aaaaaaaaa;0.721,0.642,0.787,0.108,0.246,0.694,0.587,0.998,0.793,0.408;aaaa;
aa;0.561,0.598,0.249,0.306,0.341,0.503,0.597,0.511,0.775,0.521;aaaaaaa;
aaaaaaaaaa;0.372,0.0879,0.94,0.709,0.513,0.186,0.379,0.305,0.408,0.37;a;
aaaaaaaa;0.881,0.339,0.143,0.0691,0.773,0.256,0.582,0.231,0.779,0.481;aaaaaaaaaa;
aa;0.681,0.235,0.166,0.804,0.208,0.27,0.288,0.665,0.315,0.329;aaaaaaaa;
aa;0.822,0.841,0.35,0.899,0.094,0.142,0.901,0.524,0.599,0.984;aaaa;
aaaaaaaa;0.382,0.992,0.526,0.257,0.0721,0.236,0.202,0.968,0.32,0.564;a;
aaaaaa;0.757,0.814,0.844,0.298,0.861,0.646,0.308,0.898,0.691,0.0944;aaaaaaaaa;
aaaaaaaa;0.797,0.25,0.3,0.459,0.596,0.49,0.402,0.0464,0.139,0.558;a;
aaaaaaa;0.719,0.34,0.0213,0.994,0.747,0.154,0.0764,0.326,0.689,0.689;aaaaaaaaaa;
aaaaa;0.363,0.353,0.493,0.751,0.832,0.152,0.229,0.533,0.429,0.0305;aaa;
aaaaaaaa;0.261,0.238,0.567,0.729,0.216,0.576,0.217,0.269,0.593,0.857;aaaaaaaaaa;
aaaa;0.964,0.584,0.91,0.2,0.766,0.791,0.849,0.904,0.723,0.722;a;
aaaaaaaaa;0.854,0.96,0.149,0.962,0.951,0.936,0.849,0.595,0.234,0.986;aaaaaaaaa;
aaaaaaaaa;0.75,0.899,0.696,0.232,0.846,0.984,0.363,0.676,0.00718,0.327;aaaaaa;
aaaaa;0.0465,0.707,0.99,0.856,0.697,0.964,0.302,0.171,0.875,0.99;aaa;
aaaaaa;0.99,0.712,0.857,0.209,0.418,0.114,0.347,0.993,0.884,0.819;aa;
aaaaa;0.51,0.78,0.546,0.327,0.551,0.748,0.342,0.497,0.69,0.125;aa;
aaa;0.595,0.51,0.379,0.178,0.607,0.508,0.748,0.975,0.537,0.992;aaa;
aa;0.95,0.0347,0.603,0.834,0.602,0.174,0.0917,0.175,0.719,0.371;aaaaaaa;
a;0.732,0.0533,0.0598,0.14,0.66,0.0359,0.889,0.844,0.206,0.755;aaaaaaaa;
aaaaa;0.855,0.352,0.638,0.746,0.513,0.673,0.841,0.963,0.821,0.792;aaaaaaa;
aaa;0.226,0.274,0.257,0.946,0.624,0.0555,0.207,0.988,0.977,0.0632;aaaaaaaa;
aaaaaaaaa;0.218,0.217,0.158,0.765,0.706,0.0179,0.199,0.253,0.52,0.573;aaaaa;
a;0.228,0.463,0.282,0.522,0.55,0.094,0.245,0.112,0.899,0.712;aa;
aa;0.37,0.307,0.743,0.931,0.989,0.0491,0.944,0.517,0.572,0.679;aaaaa;
aaaaa;0.337,0.94,0.22,0.603,0.44,0.995,0.112,0.714,0.749,0.367;aaaaa;
aaaaaaaaa;0.419,0.211,0.466,0.839,0.663,0.212,0.206,0.264,0.21,0.601;aaaaaa;
aa;0.28,0.933,0.578,0.333,0.0566,0.166,0.291,0.578,0.123,0.97;aaaaaa;
aaaa;0.558,0.837,0.311,0.728,0.501,0.0684,0.842,0.833,0.967,0.27;aaaaaaaaaa;
a;0.992,0.7,0.78,0.393,0.704,0.561,0.867,0.733,0.514,0.438;aaaaaaaa;
aaaaaaaaaa;0.057,0.772,0.963,0.966,0.589,0.801,0.351,0.924,0.32,0.386;aaaaaaaa;
aaa;0.025,0.968,0.252,0.381,0.941,0.928,0.977,0.74,0.828,0.0978;aaaaaa;
a;0.774,0.555,0.272,0.929,0.984,0.276,0.843,0.738,0.0811,0.856;aaaaaaaaaa;
aaa;0.856,0.323,0.0601,0.55,0.259,0.502,0.171,0.216,0.807,0.621;aa;
aaaa;0.698,0.449,0.35,0.243,0.396,0.0948,0.664,0.402,0.705,0.671;aaaa;
aaa;0.463,0.0169,0.862,0.827,0.72,0.422,0.464,0.575,0.262,0.441;aaaaaa;
aaa;0.287,0.359,0.652,0.565,0.338,0.808,0.155,0.0562,0.471,0.778;aa;
aaaa;0.608,0.255,0.0905,0.369,0.0055,0.265,0.674,0.167,0.811,0.693;aaaaaaaa;
aaaaa;0.635,0.413,0.103,0.489,0.335,0.48,0.957,0.741,0.814,0.314;aaaa;
aaaaaaaaa;0.917,0.244,0.268,0.112,0.193,0.855,0.359,0.104,0.054,0.392;aaaaaaa;
aaaaaaa;0.495,0.924,0.711,0.0692,0.822,0.892,0.222,0.804,0.00178,0.75;aaaaaaaa;
aaaaa;0.499,0.0113,0.168,0.114,0.256,0.136,0.0326,0.539,0.149,0.485;aaaaaaa;
aaaaaaaaa;0.239,0.0426,0.808,0.0903,0.84,0.397,0.81,0.397,0.125,0.569;aaaaaa;
a;0.492,0.496,0.965,0.209,0.977,0.418,0.404,0.166,0.28,0.203;aaaaaa;
aaaaaaaa;0.577,0.682,0.443,0.997,0.0207,0.308,0.664,0.633,0.55,0.499;aaaa;
aaaaaaaaaa;0.622,0.546,0.9,0.196,0.0685,0.699,0.25,0.754,0.433,0.815;aaaaaaaa;
aaaaaaa;0.623,0.943,0.605,0.58,0.857,0.0272,0.821,0.519,0.433,0.162;aaaaaa;
aaaaaa;0.929,0.983,0.308,0.119,0.321,0.175,0.316,0.412,0.815,0.674;aaaaaaaa;
aaaa;0.698,0.648,0.883,0.316,0.965,0.257,0.466,0.422,0.193,0.171;aaaaaa;
aaaaaaaaa;0.00903,0.357,0.246,0.461,0.411,0.63,0.258,0.863,0.881,0.00237;aaaaaaaa;
aaaaa;0.121,0.696,0.417,0.122,0.728,0.981,0.639,0.649,0.134,0.0155;aaaaaa;
aaaaa;0.0377,0.751,0.832,0.0507,0.832,0.298,0.0868,0.097,0.729,0.136;aaaaa;
a;0.122,0.0104,0.235,0.0494,0.497,0.7,0.312,0.749,0.00106,0.07;aaaaaaaaaa;
aaaa;0.876,0.142,0.632,0.975,0.515,0.238,0.236,0.0807,0.213,0.0568;a;
aaaa;0.0496,0.0501,0.474,0.193,0.209,0.051,0.826,0.127,0.0454,0.426;aaa;
aaa;0.257,0.791,0.567,0.383,0.124,0.934,0.374,0.889,0.541,0.954;a;
aaaaaaaaaa;0.335,0.0068,0.036,0.398,0.457,0.329,0.135,0.0515,0.87,0.666;aaaaaaaa;
a;0.791,0.815,0.702,0.7,0.312,0.857,0.0456,0.345,0.0207,0.207;a;
a;0.212,0.853,0.543,0.809,0.899,0.858,0.352,0.694,0.128,0.389;aaaaaaaa;
aaaaaaaaa;0.278,0.153,0.734,0.34,0.565,0.778,0.382,0.8,0.561,0.457;aaaaaaaaa;
aaaaaaa;0.537,0.467,0.128,0.715,0.972,0.437,0.433,0.0101,0.929,0.806;aaaa;
aaaaaaaaaa;0.454,0.189,0.413,0.941,0.207,0.484,0.243,0.713,0.571,0.359;aaaaaaa;
aaaaaaaaa;0.766,0.817,0.225,0.217,0.0255,0.00656,0.925,0.635,0.882,0.127;aaaaaaa;
a;0.34,0.351,0.00199,0.95,0.375,0.551,0.5,0.575,0.82,0.724;aaaaaaaa;
aaaaaaa;0.245,0.0629,0.748,0.868,0.537,0.0731,0.573,0.213,0.792,0.205;aaa;
aaaaa;0.32,0.384,0.363,0.758,0.772,0.641,0.019,0.621,0.606,0.957;aaaaa;
aaaaaaaaa;0.264,0.856,0.367,0.635,0.376,0.908,0.424,0.579,0.892,0.419;aaaaaaaaaa;
aaaaaaaa;0.214,0.358,0.129,0.715,0.917,0.162,0.512,0.339,0.293,0.764;aaaaaaaaa;
aaaaaaaaaa;0.126,0.953,0.482,0.931,0.835,0.183,0.81,0.843,0.484,0.53;aaaa;
aaaaaa;0.12,0.748,0.574,0.044,0.523,0.403,0.322,0.0851,0.0301,0.569;aaa;
a;0.0565,0.321,0.155,0.123,0.633,0.595,0.226,0.666,0.295,0.884;aaaaaaa;
aaaaaaaa;0.119,0.995,0.0686,0.725,0.297,0.147,0.391,0.164,0.446,0.0392;aaaaaaa;
aaaaaaaa;0.945,0.46,0.344,0.709,0.516,0.681,0.894,0.81,0.195,0.321;aaa;
aaaaaaaa;0.504,0.178,0.493,0.504,0.369,0.317,0.639,0.839,0.587,0.413;aaaaaa;
aaaaaaaaa;0.574,0.283,0.986,0.889,0.828,0.946,0.0838,0.402,0.302,0.165;aaa;
aaa;0.0742,0.97,0.493,0.662,0.691,0.608,0.441,0.367,0.912,0.335;aaaaaaaa;
aaaaaaaaaa;0.199,0.979,0.7,0.998,0.0962,0.218,0.924,0.389,0.196,0.829;aaaaaa;
aaaa;0.308,0.722,0.477,0.495,0.108,0.853,0.025,0.374,0.166,0.578;aaaaaaaa;
aaaaaa;0.855,0.124,0.275,0.384,0.383,0.916,0.21,0.545,0.223,0.459;aaaaaa;
aaa;0.502,0.108,0.922,0.359,0.489,0.385,0.233,0.288,0.22,0.397;aaa;
aaaa;0.0553,0.814,0.403,0.363,0.963,0.894,0.475,0.242,0.614,0.35;aaaaaaaaa;
a;0.0926,0.677,0.371,0.308,0.601,0.218,0.997,0.21,0.125,0.232;a;
aaaaa;0.287,0.782,0.657,0.813,0.48,0.849,0.37,0.52,0.0101,0.843;aaaaaaaa;
aaaa;0.552,0.712,0.656,0.406,0.788,0.314,0.534,0.796,0.487,0.678;aaaaaaaaa;
aaaa;0.526,0.218,0.609,0.568,0.892,0.474,0.627,0.56,0.685,0.971;aaaaaaaaaa;
aaaaaaaaa;0.659,0.166,0.866,0.692,0.507,0.616,0.836,0.624,0.337,0.31;aaaaa;
aaaaaaaaaa;0.641,0.351,0.396,0.611,0.52,0.0584,0.344,0.68,0.448,0.0558;aaaaaaa;
aaa;0.173,0.96,0.94,0.843,0.345,0.878,0.17,0.345,0.892,0.423;aaaaaaaa;
aaaa;0.809,0.989,0.848,0.0211,0.886,0.435,0.852,0.111,0.361,0.426;aaaaaaaa;
a;0.433,0.455,0.348,0.378,0.235,0.0742,0.98,0.0123,0.0468,0.637;aaaa;
aaaaaa;0.937,0.0367,0.14,0.884,0.0355,0.714,0.721,0.278,0.762,0.564;aaaaaaaa;
aa;0.937,0.064,0.172,0.583,0.647,0.134,0.908,0.421,0.24,0.902;aaaaaa;
aaaaa;0.885,0.0074,0.186,0.513,0.671,0.592,0.961,0.391,0.411,0.181;aa;
aaaaaaaaa;0.599,0.691,0.366,0.0408,0.021,0.399,0.109,0.0569,0.364,0.72;aaaaa;
aaaaaaa;0.711,0.568,0.695,0.609,0.187,0.955,0.491,0.546,0.287,0.905;aaaaaaaa;
aaaaaaaaa;0.514,0.416,0.706,0.983,0.185,0.984,0.165,0.895,0.643,0.128;aaaa;
a;0.703,0.24,0.358,0.549,0.0227,0.588,0.036,0.86,0.518,0.637;aaaa;
aaaaaaaaaa;0.724,0.125,0.159,0.497,0.774,0.0763,0.811,0.191,0.00902,0.631;aaa;
aaaaaaaa;0.389,0.982,0.952,0.875,0.524,0.936,0.805,0.439,0.931,0.0365;aa;
aaaaaaaaa;0.994,0.196,0.535,0.495,0.0492,0.956,0.0729,0.708,0.854,0.259;aaaaaaa;
aaaaaaaaa;0.635,0.997,0.629,0.216,0.93,0.886,0.0863,0.506,0.931,0.37;aaaaaaaaaa;
aaaaa;0.698,0.522,0.368,0.565,0.568,0.559,0.158,0.709,0.641,0.00255;aaaa;
aaaaaaaaa;0.373,0.348,0.466,0.0725,0.413,0.664,0.155,0.825,0.382,0.854;aaaaaaa;
aaaaaaaa;0.772,0.77,0.894,0.942,0.522,0.726,0.354,0.622,0.0565,0.127;aaaa;
aaaaaaaaa;0.645,0.813,0.111,0.138,0.284,0.104,0.674,0.693,0.769,0.379;aaaaaaa;
aaaaaa;0.00749,0.721,0.233,0.634,0.293,0.369,0.188,0.487,0.909,0.423;aaaaaaaaaa;
aaaaaaaaa;0.0289,0.573,0.964,0.126,0.834,0.031,0.212,0.756,0.376,0.507;aa;
a;0.486,0.00476,0.757,0.618,0.605,0.251,0.733,0.947,0.132,0.979;aaaaaaaa;
a;0.693,0.577,0.796,0.411,0.0463,0.518,0.763,0.0842,0.37,0.468;aaaaaaaaaa;
aaaaaaaaaa;0.27,0.355,0.334,0.594,0.226,0.415,0.995,0.186,0.0101,0.297;aaaaaaaaa;
aaaaaaaa;0.934,0.992,0.894,0.38,0.306,0.211,0.643,0.695,0.577,0.234;aaaaaaaa;
aaaaaaaaa;0.912,0.936,0.138,0.803,0.72,0.0349,0.249,0.601,0.734,0.941;a;
aaa;0.396,0.713,0.0674,0.419,0.966,0.115,0.886,0.571,0.382,0.956;aaaaaaaaa;
aaaaa;0.0848,0.19,0.682,0.641,0.746,0.673,0.832,0.632,0.626,0.51;aaaaaaa;
aaaaaaaa;0.518,0.192,0.471,0.755,0.738,0.594,0.085,0.539,0.634,0.478;a;
aaaaaaa;0.0365,0.437,0.134,0.49,0.588,0.866,0.357,0.907,0.732,0.717;a;
aaaaaaaa;0.728,0.871,0.534,0.665,0.729,0.701,0.872,0.0816,0.702,0.0418;aaaaaa;
aaaaaaa;0.932,0.33,0.0179,0.88,0.0907,0.139,0.641,0.769,0.0718,0.856;aaaaaa;
aaaa;0.812,0.696,0.513,0.466,0.157,0.0607,0.115,0.756,0.942,0.292;aaaa;
aaa;0.498,0.417,0.489,0.527,0.404,0.604,0.223,0.4,0.0783,0.722;aaaaaaa;
aaaaaaa;0.782,0.835,0.925,0.23,0.233,0.114,0.213,0.411,0.903,0.232;aaaaaaa;
aaaaaaa;0.618,0.101,0.691,0.919,0.0386,0.216,0.642,0.805,0.911,0.754;aaaaaa;
aaaaaa;0.634,0.742,0.794,0.677,0.465,0.186,0.666,0.817,0.19,0.328;aa;
aaaaaaa;0.73,0.491,0.294,0.526,0.623,0.0402,0.0748,0.373,0.302,0.00465;aaaaaaaaaa;
aaaaa;0.0745,0.194,0.0758,0.0863,0.978,0.584,0.705,0.313,0.565,0.192;aaaaaaa;
aaaaaaaa;0.961,0.647,0.0203,0.173,0.13,0.0419,0.398,0.491,0.989,0.789;aa;
aaaaaaaa;0.467,0.287,0.647,0.241,0.462,0.16,0.44,0.172,0.118,0.887;a;
aaaaaaa;0.714,0.823,0.395,0.889,0.187,0.653,0.64,0.846,0.536,0.177;aaaaa;
aaa;0.103,0.959,0.0519,0.181,0.582,0.0324,0.275,0.439,0.96,0.938;aa;
aaaaa;0.75,0.642,0.178,0.293,0.827,0.286,0.306,0.724,0.781,0.239;aaa;
aaaaaa;0.781,0.0799,0.784,0.844,0.524,0.456,0.542,0.0329,0.918,0.31;aaaaaaaaa;
a;0.0778,0.431,0.83,0.121,0.274,0.486,0.163,0.0566,0.966,0.432;aaaaaaaaaa;
aaaa;0.243,0.178,0.0799,0.749,0.708,0.906,0.44,0.237,0.0337,0.985;aaaaa;
aaaaaaaaa;0.328,0.348,0.875,0.982,0.5,0.8,0.917,0.11,0.75,0.0391;aa;
aaaaaaaaaa;0.851,0.706,0.109,0.595,0.804,0.549,0.459,0.556,0.117,0.486;aa;
aaa;0.949,0.748,0.716,0.69,0.948,0.432,0.506,0.81,0.404,0.205;aaa;
aaaaaaaa;0.502,0.126,0.621,0.374,0.805,0.432,0.0904,0.861,0.349,0.532;aaaaaaaaaa;
aaaaaa;0.36,0.295,0.147,0.996,0.592,0.469,0.76,0.153,0.873,0.402;aaaaaaa;
aaaaa;0.897,0.928,0.532,0.0244,0.863,0.858,0.318,0.927,0.644,0.684;aaaaa;
aaaaa;0.0274,0.293,0.633,0.38,0.674,0.266,0.659,0.185,0.0807,0.287;aaaaaaaaa;
aaaaaaa;0.00636,0.892,0.606,0.124,0.704,0.649,0.335,0.155,0.257,0.255;aaaa;
aaaaaaaaaa;0.857,0.376,0.469,0.181,0.306,0.0958,0.629,0.637,0.445,0.486;aaaaaaaa;
aaaaaaaaa;0.555,0.114,0.699,0.777,0.845,0.0909,0.863,0.712,0.632,0.543;aa;
aaaaaaaaa;0.571,0.331,0.0804,0.815,0.197,0.943,0.607,0.251,0.581,0.723;aa;
aaaa;0.652,0.965,0.666,0.831,0.38,0.788,0.868,0.409,0.567,0.597;aaaaaaa;
a;0.886,0.266,0.905,0.0904,0.9,0.579,0.405,0.212,0.987,0.473;aaa;
aaaa;0.429,0.386,0.284,0.785,0.271,0.997,0.775,0.683,0.243,0.919;aaa;
aaa;0.882,0.299,0.256,0.376,0.205,0.811,0.928,0.749,0.894,0.988;aaaaaa;
aaaaaaaaaa;0.0639,0.0501,0.793,0.528,0.526,0.669,0.227,0.0223,0.136,0.932;aa;
aaaaaaaa;0.697,0.148,0.266,0.384,0.849,0.537,0.955,0.222,0.497,0.936;aaaaaaa;
aaaaaaaaaa;0.0225,0.922,0.61,0.163,0.992,0.695,0.378,0.768,0.358,0.594;aa;
aaaa;0.699,0.975,0.194,0.725,0.329,0.58,0.14,0.239,0.19,0.0261;aaaaaaa;
aa;0.588,0.686,0.0812,0.987,0.235,0.48,0.492,0.229,0.756,0.135;aaaaa;
aaaaaaaaa;0.139,0.653,0.992,0.505,0.243,0.762,0.861,0.637,0.106,0.53;aa;
aaaaaaa;0.32,0.111,0.948,0.137,0.669,0.202,0.418,0.438,0.19,0.0433;aaaa;
aaaaaaa;0.979,0.616,0.2,0.609,0.461,0.77,0.774,0.321,0.321,0.725;aaaaaaaaa;
aaaaaaaa;0.804,0.527,0.98,0.868,0.613,0.697,0.564,0.163,0.634,0.536;aaa;
a;0.199,0.841,0.405,0.485,0.386,0.0556,0.604,0.0992,0.149,0.324;aaaaaaa;
aaaaaa;0.125,0.177,0.534,0.578,0.138,0.0378,0.311,0.168,0.832,0.611;aaaaa;
aa;0.172,0.729,0.529,0.558,0.782,0.398,0.796,0.714,0.501,0.962;aaa;
aaaa;0.508,0.657,0.84,0.532,0.676,0.443,0.466,0.878,0.0923,0.532;aaaaaaaaaa;
aaaaaaaaaa;0.154,0.478,0.271,0.105,0.164,0.493,0.723,0.233,0.065,0.354;aaaaaaa;
aaaaaaa;0.949,0.322,0.854,0.474,0.987,0.494,0.351,0.701,0.296,0.2;a;
aaaaaa;0.981,0.546,0.737,0.774,0.182,0.0841,0.794,0.418,0.914,0.0947;aaaaaaaaaa;
aaaaaaaa;0.201,0.41,0.623,0.764,0.215,0.207,0.325,0.784,0.253,0.294;aaaaaaaaa;
aaaaaa;0.0427,0.321,0.948,0.501,0.278,0.291,0.986,0.102,0.331,0.82;aaaaaaaaa;
aaaaaa;0.179,0.594,0.996,0.132,0.436,0.548,0.888,0.0323,0.0753,0.454;aaaaa;
aaaaaa;0.0516,0.704,0.72,0.835,0.308,0.0103,0.663,0.163,0.0112,0.375;aaaaaaa;
aaaa;0.838,0.35,0.182,0.128,0.188,0.295,0.105,0.506,0.609,0.0711;aaaaaaaa;
aaaaaa;0.941,0.327,0.868,0.402,0.216,0.882,0.362,0.898,0.0685,0.593;aaaaaa;
aaaa;0.0824,0.304,0.821,0.168,0.354,0.475,0.959,0.979,0.847,0.903;aaaaa;
aaaaaaaaaa;0.938,0.202,0.533,0.154,0.693,0.714,0.029,0.841,0.814,0.0879;aaaa;
aaaaaaa;0.184,0.77,0.411,0.919,0.446,0.109,0.92,0.759,0.257,0.261;aaa;
a;0.762,0.801,0.388,0.868,0.695,0.585,0.222,0.265,0.334,0.726;aaaa;
aaaaaa;0.688,0.0313,0.465,0.726,0.383,0.543,0.785,0.339,0.0456,0.656;a;
aaaaaa;0.813,0.452,0.332,0.214,0.833,0.0626,0.51,0.374,0.832,0.153;aaaaa;
a;0.288,0.316,0.864,0.206,0.367,0.175,0.0761,0.361,0.144,0.706;aa;
aaaaaaaaaa;0.169,0.055,0.0366,0.322,0.367,0.0539,0.39,0.997,0.812,0.525;aaaa;
a;0.583,0.423,0.177,0.909,0.00033,0.00316,0.928,0.422,0.92,0.837;aaaaaaaaa;
aaaaaaaaa;0.976,0.279,0.292,0.469,0.3,0.761,0.758,0.582,0.794,0.831;a;
aaaaa;0.124,0.546,0.619,0.675,0.303,0.107,0.731,0.613,0.311,0.888;aaaaaaaaaa;
aaaa;0.895,0.92,0.733,0.576,0.423,0.175,0.597,0.659,0.334,0.441;a;
a;0.0375,0.943,0.15,0.64,0.848,0.318,0.892,0.0754,0.729,0.539;aaaaaaa;
aaa;0.66,0.0206,0.229,0.94,0.439,0.452,0.159,0.582,0.578,0.541;aaaa;
aaaaaaa;0.817,0.383,0.152,0.78,0.799,0.152,0.971,0.174,0.91,0.994;a;
aaaaaaa;0.517,0.104,0.296,0.819,0.658,0.806,0.187,0.599,0.368,0.679;aaaaaaaaaa;
aaaaaaaaaa;0.728,0.315,0.996,0.287,0.19,0.541,0.574,0.793,0.0176,0.902;aaa;
aa;0.894,0.937,0.174,0.062,0.217,0.245,0.445,0.847,0.589,0.82;aaaaaaaa;
aaaa;0.293,0.423,0.898,0.452,0.776,0.551,0.956,0.547,0.781,0.524;aaa;
aaaaaa;0.517,0.718,0.475,0.86,0.0537,0.411,0.061,0.487,0.589,0.869;a;
aaaaaaaaaa;0.814,0.268,0.439,0.536,0.101,0.399,0.468,0.906,0.335,0.349;aaaaaaaa;
aaa;0.469,0.0714,0.503,0.832,0.867,0.0482,0.468,0.46,0.614,0.554;aaaaaaaaaa;
aaaa;0.187,0.658,0.858,0.335,0.156,0.525,0.275,0.978,0.131,0.908;aaaaaaaaa;
aaaaaaaa;0.424,0.698,0.835,0.0252,0.729,0.59,0.51,0.456,0.472,0.31;aaaa;
aaaaaaaaaa;0.552,0.366,0.907,0.859,0.677,0.279,0.00758,0.454,0.0283,0.865;aaaaaaa;
aaaa;0.239,0.123,0.86,0.548,0.145,0.455,0.883,0.181,0.477,0.13;a;
aaaaaaaaaa;0.562,0.579,0.783,0.485,0.277,0.382,0.409,0.89,0.483,0.999;aaa;
aaaaaaa;0.263,0.558,0.377,0.499,0.731,0.0668,0.577,0.00726,0.585,0.709;aaaaaa;
aaaaaaaaaa;0.927,0.311,0.715,0.393,0.436,0.581,0.421,0.456,0.359,0.477;aaaaaa;
aaaaaaaaa;0.609,0.7,0.405,0.843,0.00161,0.23,0.618,0.256,0.305,0.838;a;
aaaaaaaa;0.206,0.752,0.989,0.255,0.989,0.324,0.367,0.454,0.358,0.0758;aaa;
aaaaaa;0.872,0.0199,0.335,0.699,0.358,0.348,0.249,0.704,0.0548,0.433;aaaaaaaaaa;
aaaa;0.149,0.0903,0.567,0.465,0.0918,0.943,0.184,0.244,0.99,0.169;aaaaaaaaaa;
aaaaaaaa;0.169,0.994,0.464,0.799,0.619,0.646,0.886,0.34,0.578,0.172;aaaaaa;
aaaaaaaaaa;0.672,0.498,0.608,0.537,0.928,0.823,0.754,0.972,0.642,0.112;aaaaa;
aa;0.505,0.193,0.734,0.711,0.0776,0.421,0.845,0.07,0.102,0.405;aaaaaaaaaa;
aaaaaaaaa;0.281,0.17,0.499,0.0529,0.696,0.767,0.717,0.234,0.719,0.768;aaaa;
aaa;0.643,0.517,0.682,0.0396,0.674,0.424,0.322,0.719,0.489,0.288;aaaaaaaaaa;
aaaaaaaa;0.134,0.271,0.317,0.142,0.744,0.478,0.722,0.184,0.531,0.754;aaaaaaaaa;
aaaaaa;0.716,0.994,0.138,0.649,0.87,0.826,0.859,0.487,0.239,0.926;aaa;
aaaaaa;0.336,0.682,0.0173,0.859,0.194,0.886,0.0159,0.942,0.888,0.0949;aaaaaa;
aaa;0.46,0.449,0.0138,0.901,0.614,0.72,0.585,0.8,0.807,0.221;aa;
aa;0.308,0.88,0.761,0.867,0.758,0.102,0.486,0.708,0.846,0.396;aaaaaaa;
aaaaa;0.0411,0.387,0.0783,0.293,0.968,0.582,0.943,0.516,0.322,0.0337;aaaa;
aaaa;0.0762,0.0688,0.0491,0.144,0.166,0.0443,0.297,0.0369,0.846,0.644;aaaa;
aa;0.953,0.87,0.475,0.168,0.695,0.859,0.0185,0.98,0.614,0.0252;aaaaa;
aaaaaa;0.791,0.465,0.135,0.438,0.0415,0.609,0.259,0.569,0.202,0.738;aaaaaa;
aaa;0.349,0.146,0.568,0.318,0.228,0.78,0.362,0.558,0.91,0.435;aaaaaaaa;
a;0.167,0.5,0.262,0.41,0.234,0.206,0.457,0.625,0.815,0.388;aaaaaaaaaa;
aaa;0.593,0.231,0.655,0.316,0.819,0.821,0.613,0.566,0.307,0.145;aaa;
aaaa;0.47,0.162,0.111,0.439,0.695,0.467,0.00172,0.57,0.0318,0.207;aaaaa;
aaaaaaaaa;0.225,0.889,0.597,0.36,0.52,0.463,0.976,0.0567,0.806,0.0775;a;
aa;0.975,0.534,0.724,0.902,0.041,0.367,0.825,0.205,0.679,0.407;a;
aaaaaaaa;0.454,0.667,0.542,0.961,0.14,0.967,0.908,0.962,0.365,0.38;aa;
aaaaaaa;0.424,0.248,0.148,0.667,0.67,0.78,0.157,0.14,0.757,0.757;a;
aaaaaaaaaa;0.893,0.649,0.976,0.728,0.722,0.78,0.853,0.911,0.697,0.577;aaaaaaaaa;
aaaaaaa;0.189,0.512,0.606,0.143,0.897,0.924,0.721,0.0823,0.645,0.528;aaa;
aaaaaaaaaa;0.0329,0.166,0.78,0.211,0.411,0.745,0.0846,0.228,0.61,0.0553;aaaaaaaaaa;
aaaaaaa;0.26,0.401,0.4,0.0188,0.13,0.0857,0.781,0.801,0.672,0.244;aaaaaaaa;
aaa;0.966,0.621,0.821,0.998,0.579,0.96,0.804,0.225,0.616,0.105;aaaaaaa;
aa;0.183,0.401,0.139,0.0903,0.177,0.357,0.0305,0.237,0.585,0.543;aaaaaa;
aaa;0.126,0.335,0.63,0.59,0.738,0.0639,0.76,0.292,0.319,0.057;aaaaaaaaa;
aaaaaa;0.584,0.549,0.549,0.577,0.573,0.527,0.31,0.504,0.582,0.605;a;
aaaaaaa;0.828,0.132,0.892,0.859,0.838,0.656,0.0286,0.011,0.921,0.55;aaaaaaaa;
aaaa;0.601,0.109,0.941,0.672,0.397,0.528,0.783,0.173,0.77,0.21;aaaa;
aa;0.782,0.598,0.29,0.714,0.54,0.369,0.572,0.495,0.403,0.64;aa;
aaaaaaa;0.618,0.851,0.751,0.797,0.726,0.384,0.892,0.969,0.637,0.972;aaaaaaaa;
aaaaaaaa;0.686,0.342,0.127,0.164,0.4,0.768,0.787,0.76,0.123,0.716;aa;
aaaaaaaaa;0.302,0.442,0.807,0.789,0.14,0.357,0.865,0.0397,0.851,0.0365;aaaa;
aaaaaaa;0.933,0.697,0.414,0.741,0.125,0.893,0.673,0.83,0.166,0.00787;aaaaaaaaa;
aaaa;0.915,0.249,0.136,0.78,0.693,0.139,0.625,0.621,0.143,0.366;aaaaaaaa;
aaaa;0.115,0.829,0.169,0.725,0.0332,0.777,0.596,0.966,0.295,0.386;aaaaaa;
aa;0.643,0.594,0.0757,0.746,0.997,0.796,0.916,0.274,0.81,0.165;aaaaaaa;
aaaaaa;0.0995,0.222,0.18,0.121,0.304,0.38,0.641,0.982,0.184,0.255;aa;
aaaaaaa;0.337,0.755,0.496,0.303,0.0535,0.00847,0.467,0.664,0.235,0.862;aaaaa;
aaaaaaa;0.542,0.3,0.138,0.312,0.128,0.768,0.586,0.292,0.863,0.223;aaaaaaaaa;
aaaaaaaa;0.911,0.271,0.0976,0.474,0.00185,0.994,0.0718,0.575,0.333,0.26;aaaaaa;
a;0.74,0.0501,0.542,0.608,0.391,0.956,0.207,0.135,0.463,0.182;aaaaaaaaaa;
aaa;0.973,0.969,0.187,0.127,0.881,0.377,0.902,0.985,0.252,0.274;a;
aaaaaa;0.108,0.101,0.998,0.337,0.702,0.194,0.298,0.193,0.983,0.181;aaaaaaa;
aa;0.176,0.299,0.282,0.916,0.331,0.191,0.615,0.449,0.838,0.927;a;
aaaaaaaaa;0.691,0.237,0.421,0.431,0.272,0.647,0.271,0.527,0.776,0.836;aaaaa;
aaaaaaa;0.947,0.681,0.735,0.301,0.787,0.66,0.844,0.827,0.303,0.273;aaaaaaa;
aaaaaaa;0.851,0.726,0.0218,0.535,0.4,0.76,0.495,0.43,0.365,0.803;aaaaaa;
aaaaaaaaaa;0.825,0.675,0.603,0.741,0.927,0.946,0.854,0.635,0.42,0.63;aaaaaaa;
aaaaaaaaaa;0.556,0.599,0.837,0.812,0.0484,0.999,0.854,0.95,0.799,0.141;a;
aa;0.935,0.77,0.371,0.988,0.761,0.445,0.477,0.49,0.0243,0.951;aaaa;
aaaaaaa;0.447,0.947,0.823,0.709,0.233,0.157,0.0103,0.573,0.239,0.951;aaaaaaaa;
aa;0.944,0.19,0.986,0.354,0.158,0.12,0.142,0.382,0.72,0.166;aaa;
a;0.0856,0.0697,0.986,0.743,0.707,0.943,0.328,0.0788,0.0826,0.268;aaaa;
aaaaaaaa;0.323,0.105,0.993,0.117,0.646,0.252,0.135,0.626,0.168,0.854;a;
aaaaaaaaaa;1,0.425,0.75,0.592,0.21,0.317,0.0375,0.792,0.757,0.366;aaaaaaa;
a;0.016,0.322,0.181,0.386,0.983,0.575,0.841,0.275,0.189,0.993;aaaaaaaaaa;
aaaaaaaaa;0.113,0.0949,0.628,0.753,0.044,0.713,0.134,0.065,0.221,0.953;aaaaa;
aa;0.174,0.855,0.369,0.835,0.538,0.732,0.185,0.901,0.809,0.463;aaaaaa;
aaaaaaaaa;0.099,0.365,0.974,0.195,0.742,0.135,0.476,0.0852,0.566,0.689;aaaaaaaaa;
aaaaaaaaa;0.601,0.801,0.643,0.25,0.0835,0.0504,0.197,0.459,0.442,0.193;a;
aaaaaaaaaa;0.797,0.542,0.527,0.157,0.377,0.963,0.754,0.652,0.344,0.227;a;
aaaaa;0.653,0.837,0.451,0.0572,0.949,0.101,0.525,0.793,0.864,0.0427;aaaaaaaaa;
aaa;0.197,0.885,0.111,0.969,0.634,0.891,0.589,0.348,0.00772,0.262;aaaaa;
aaaaa;0.0391,0.638,0.214,0.208,0.852,0.765,0.353,0.705,0.231,0.291;aaaaa;
aaaaaaaaa;0.62,0.805,0.948,0.434,0.297,0.52,0.55,0.939,0.749,0.656;aaa;
aaaa;0.679,0.402,0.609,0.492,0.0356,0.0167,0.0369,0.102,0.971,0.0931;aaaaa;
aa;0.121,0.701,0.1,0.702,0.0227,0.971,0.0572,0.798,0.301,0.562;aaaaaaa;
aa;0.248,0.754,0.631,0.844,0.0417,0.35,0.236,0.401,0.444,0.234;aa;
aaaaaaa;0.24,0.944,0.533,0.885,0.372,0.154,0.0147,0.275,0.0362,0.953;aaaaaaaaa;
aaaaaaaaa;0.547,0.208,0.797,0.803,0.334,0.415,0.131,0.794,0.26,0.0796;a;
aaaaaaaaaa;0.917,0.0618,0.172,0.312,0.721,0.315,0.724,0.59,0.512,0.000537;aaaa;
aa;0.224,0.418,0.28,0.954,0.24,0.307,0.71,0.238,0.894,0.0404;aaaaaaaaaa;
aaaaaaa;0.569,0.216,0.887,0.747,0.947,0.0788,0.434,0.802,0.0655,0.998;aaaaaaaa;
aaaaaaaaa;0.493,0.777,0.394,0.942,0.0938,0.353,0.649,0.347,0.57,0.215;aaaaaaaa;
aaaaaaaaaa;0.723,0.837,0.184,0.0667,0.788,0.0341,0.368,0.969,0.974,0.762;a;
aaa;0.809,0.175,0.353,0.875,0.974,0.181,0.0448,0.837,0.392,0.173;aaaaaaaaa;
aaaaaaa;0.902,0.186,0.591,0.141,0.0515,0.716,0.836,0.0397,0.699,0.309;aaaa;
aaaaaaaaaa;0.0153,0.0239,0.483,0.292,0.613,0.791,0.742,0.472,0.135,0.842;aaa;
aaaaaa;0.229,0.974,0.0652,0.948,0.0461,0.00772,0.0547,0.265,0.736,0.519;aaaaaaaaa;
aaaaaaaaaa;0.474,0.0863,0.759,0.304,0.89,0.511,0.00124,0.545,0.262,0.902;aaaaaaaaaa;
aaaaaaaaa;0.18,0.666,0.48,0.151,0.457,0.165,0.0354,0.449,0.81,0.0211;aaa;
aaa;0.764,0.66,0.0917,0.915,0.757,0.652,0.547,0.318,0.169,0.726;aaaaaaaaaa;
aaaaaaaaaa;0.473,0.592,0.887,0.397,0.325,0.853,0.818,0.0613,0.42,0.0705;aaaaaaa;
aaaaa;0.618,0.6,0.277,0.443,0.508,0.469,0.302,0.317,0.373,0.773;aaaaaaa;
a;0.06,0.334,0.048,0.535,0.838,0.892,0.94,0.489,0.101,0.473;a;
aaaaaaaaaa;0.878,0.602,0.603,0.0688,0.774,0.823,0.365,0.971,0.634,0.347;aa;
aaaa;0.625,0.769,0.263,0.816,0.938,0.0248,0.67,0.571,0.697,0.0224;aaaaaa;
aaaaaaaaaa;0.782,0.147,0.601,0.513,0.313,0.109,0.41,0.917,0.314,0.782;aaaaaa;
aaa;0.67,0.498,0.767,0.561,0.992,0.554,0.341,0.0785,0.408,0.642;aaaaaaaa;
aaaaaaaa;0.133,0.738,0.875,0.938,0.809,0.85,0.462,0.44,0.475,0.205;aaaa;
aaa;0.249,0.0128,0.542,0.948,0.838,0.158,0.997,0.658,0.421,0.592;aaaaaaa;
aaaaaaaaa;0.796,0.15,0.108,0.843,0.745,0.471,0.703,0.828,0.526,0.688;aaa;
aaaaaaaaa;0.537,0.107,0.936,0.338,0.908,0.00756,0.846,0.0143,0.866,0.862;aaaaaaa;
aa;0.765,0.43,0.764,0.906,0.134,0.862,0.848,0.868,0.465,0.684;aa;
a;0.719,0.626,0.806,0.358,0.988,0.0753,0.456,0.385,0.844,0.811;aaaaaaaa;
a;0.824,0.206,0.2,0.245,0.736,0.0239,0.00974,0.624,0.846,0.223;aaaaaaaa;
a;0.677,0.321,0.214,0.0657,0.819,0.579,0.185,0.316,0.48,0.626;aaaaaaaa;
aaaa;0.0661,0.194,0.753,0.0544,0.594,0.603,0.59,0.751,0.215,0.218;aaaaaaaa;
aaaaa;0.899,0.499,0.314,0.358,0.25,0.289,0.187,0.0204,0.748,0.309;aaaaaaaa;
a;0.342,0.897,0.745,0.974,0.976,0.0404,0.36,0.594,0.113,0.633;aaaaaaa;
aaaaaaa;0.872,0.783,0.585,0.56,0.435,0.292,0.338,0.894,0.994,0.616;aaaaaaa;
aaaaaaaaaa;0.111,0.465,0.375,0.936,0.00342,0.565,0.623,0.403,0.231,0.842;aaaaa;
aaaaaaa;0.481,0.91,0.541,0.798,0.639,0.397,0.581,0.898,0.681,0.481;aa;
aaaaaaaaa;0.166,0.0437,0.799,0.647,0.385,0.0807,0.549,0.33,0.72,0.659;a;
aaaaaaa;0.221,0.924,0.868,0.169,0.856,0.0395,0.598,0.667,0.642,0.862;aaaaaaa;
aaaaaaaaa;0.953,0.935,0.556,0.83,0.543,0.668,0.5,0.639,0.216,0.243;aaaaaaaa;
aaaaaaa;0.572,0.696,0.991,0.785,0.393,0.0535,0.0453,0.314,0.267,0.278;aaaaaa;
aa;0.151,0.0649,0.38,0.0705,0.966,0.659,0.175,0.361,0.301,0.196;aaaaaaaa;
aaaaaaa;0.77,0.968,0.699,0.198,0.101,0.079,0.42,0.0357,0.626,0.926;aaa;
aaaaaaaaa;0.612,0.841,0.393,0.859,0.419,0.278,0.0972,0.192,0.263,0.378;aaaaaaaaa;
aaaaaaa;0.647,0.536,0.662,0.318,0.925,0.599,0.00158,0.0312,0.749,0.676;aaaaaaaa;
aaaaa;0.93,0.362,0.732,0.932,0.941,0.246,0.419,0.193,0.153,0.9;aaa;
aa;0.771,0.421,0.42,0.798,0.92,0.875,0.801,0.684,0.421,0.409;aaa;
aaaaaa;0.0311,0.547,0.0281,0.579,0.769,0.425,0.614,0.595,0.462,0.79;a;
aaaaaaaaaa;0.837,0.575,0.583,0.177,0.784,0.576,0.8,0.559,0.00842,0.711;aaaaaaaaa;
aaa;0.28,0.537,0.59,0.0562,0.195,0.907,0.756,0.196,0.947,0.618;a;
aaaaaaaa;0.192,0.00845,0.0717,0.0867,0.00697,0.869,0.584,0.0263,0.44,0.367;aaaaaaaaa;
aaaaaaaa;0.616,0.163,0.747,0.446,0.577,0.943,0.784,0.225,0.666,0.255;aaaaa;
aaaaa;0.75,0.337,0.284,0.545,0.336,0.502,0.582,0.756,0.0203,0.953;aaaaaaaaa;
aaa;0.941,0.674,0.212,0.271,0.132,0.773,0.888,0.747,0.0521,0.872;aaaaaaaaaa;
aaaaaa;0.262,0.299,0.771,0.757,0.51,0.41,0.408,0.806,0.26,0.499;aaaaa;
aaa;0.25,0.809,0.00704,0.0328,0.193,0.441,0.00788,0.124,0.836,0.125;aaaaaaaaaa;
aaaaaaaaa;0.0986,0.846,0.479,0.79,0.015,0.577,0.44,0.678,0.631,0.652;aaa;
aaaaa;0.969,0.423,0.42,0.674,0.794,0.697,0.227,0.44,0.273,0.0437;a;
aaaaaaaa;0.968,0.357,0.828,0.257,0.0118,0.467,0.674,0.909,0.278,0.321;aa;
a;0.333,0.735,0.581,0.775,0.195,0.923,0.0559,0.126,0.402,0.452;aaa;
aaaaaaaaa;0.212,0.691,0.292,0.778,0.727,0.354,0.483,0.656,0.233,0.761;aaa;
aaaa;0.586,0.173,0.64,0.0573,0.997,0.123,0.59,0.554,0.873,0.599;a;
aaaaaaa;0.386,0.0179,0.696,0.839,0.771,0.152,0.0137,0.286,0.683,0.253;aaa;
aaaaaaaaaa;0.189,0.793,0.179,0.91,0.51,0.778,0.443,0.235,0.447,0.923;aaaaa;
aaa;0.254,0.0365,0.192,0.43,0.161,0.551,0.468,0.921,0.676,0.145;aaaaaaa;
aaaaaaaaaa;0.758,0.275,0.724,0.172,0.268,0.707,0.0117,0.863,0.365,0.282;aaaaaaaa;
a;0.32,0.233,0.37,0.795,0.908,0.601,0.265,0.527,0.371,0.71;aaaaaaaa;
aaaaaaaaaa;0.828,0.985,0.73,0.396,0.779,0.893,0.827,0.61,0.659,0.788;aaaa;
aaaaaaaaa;0.989,0.436,0.187,0.405,0.447,0.18,0.802,0.373,0.533,0.198;aaaaaaaa;
aa;0.505,0.673,0.734,0.552,0.531,0.423,0.0762,0.956,0.631,0.339;aa;
aaaaaa;0.899,0.0321,0.0835,0.855,0.548,0.892,0.863,0.207,0.385,0.289;aaaaaaaa;
aaaaaaaaaa;0.205,0.196,0.345,0.999,0.8,0.376,0.771,0.101,0.714,0.735;aaaaaa;
a;0.862,0.157,0.009,0.43,0.0747,0.927,0.772,0.267,0.545,0.118;aaaaa;
aaaaaaaaa;0.844,0.231,0.452,0.848,0.348,0.859,0.612,0.088,0.645,0.814;aaaaaa;
aaaaa;0.465,0.391,0.38,0.409,0.159,0.107,0.251,0.0919,0.386,0.19;aaaaaaaaa;
aaaaaaaaaa;0.85,0.722,0.87,0.135,0.985,0.63,0.613,0.996,0.532,0.765;aaaaaaaaaa;
aaaaaaaaaa;0.0274,0.00572,0.108,0.647,1,0.257,0.664,0.103,0.534,0.515;aaaaaa;
aaaaaaaa;0.721,0.92,0.653,0.885,0.399,0.599,0.183,0.132,0.786,0.0736;aaaaaaa;
aaa;0.861,0.542,0.228,0.992,0.0607,0.237,0.31,0.107,0.467,0.503;aaaaaaa;
aaaaaa;0.43,0.658,0.156,0.998,0.467,0.839,0.417,0.699,0.815,0.696;aaaaaaaaa;
aaaaa;0.378,0.708,0.729,0.698,0.176,0.0595,0.52,0.451,0.422,0.699;a;
aaaaaaaaa;0.545,0.292,0.78,0.737,0.955,0.164,0.78,0.913,0.395,0.386;aaaaaaaaaa;
aa;0.244,0.16,0.299,0.781,0.129,0.594,0.637,0.963,0.0989,0.222;aaaaaaa;
a;0.416,0.678,0.598,0.43,0.338,0.966,0.554,0.0773,0.553,0.188;aaaa;
aaaaaa;0.232,0.265,0.183,0.471,0.48,0.446,0.883,0.372,0.0896,0.469;aaaaaaa;
aaaaaaaaaa;0.748,0.567,0.764,0.727,0.257,0.394,0.219,0.372,0.862,0.147;aaa;
aaa;0.448,0.578,0.873,0.944,0.357,0.335,0.468,0.838,0.495,0.889;aaaaaaaa;
aa;0.602,0.721,0.0333,0.242,0.955,0.048,0.233,0.876,0.859,0.319;aaaaaaa;
aaaaaa;0.65,0.11,0.104,0.728,0.673,0.656,0.452,0.615,0.22,0.818;aa;
aaaaaa;0.562,0.391,0.685,0.724,0.512,0.0244,0.62,0.434,0.761,0.0655;aaaaaaaa;
aaaaaaaa;0.755,0.94,0.123,0.535,0.788,0.587,0.865,0.641,0.803,0.296;aaaaaa;
aaaaaaaaa;0.786,0.374,0.652,0.0512,0.417,0.32,0.189,0.913,0.733,0.335;aaaaaaaa;
aaaaaaa;0.974,0.532,0.0227,0.277,0.862,0.107,0.762,0.67,0.0436,0.906;aaaaa;
aaa;0.927,0.71,0.929,0.683,0.265,0.468,0.144,0.565,0.86,0.0648;aa;
aaaaaaaaa;0.253,0.235,0.0958,0.541,0.892,0.618,0.861,0.309,0.613,0.823;aaaaaaaaa;
aaaa;0.797,0.388,0.168,0.167,0.931,0.791,0.261,0.719,0.919,0.271;aaaaa;
aaaaaaaaaa;0.427,0.827,0.754,0.375,0.91,0.344,0.614,0.735,0.753,0.719;a;
aaa;0.236,0.0472,0.0814,0.00822,0.708,0.0592,0.828,0.888,0.267,0.512;aaaaaaa;
aaaaaaaaa;0.0621,0.961,0.667,0.425,0.791,0.352,0.877,0.192,0.599,0.629;aaa;
aaaaaaaaa;0.898,0.687,0.385,0.744,0.0824,0.574,0.414,0.877,0.305,0.781;a;
aaa;0.778,0.521,0.313,0.279,0.97,0.895,0.718,0.461,0.665,0.0905;aaaaaaa;
aaa;0.271,0.11,0.694,0.526,0.695,0.571,0.744,0.936,0.66,0.103;a;
aaaaaaaaaa;0.676,0.152,0.915,0.27,0.877,0.0396,0.173,0.977,0.266,0.252;aaaaaaaa;
aaaaaaaaaa;0.232,0.0032,0.809,0.423,0.22,0.869,0.8,0.74,0.346,0.394;aaaaa;
aaaaaaaaa;0.976,0.366,0.652,0.841,0.343,0.859,0.0323,0.977,0.694,0.114;aaaaaaaa;
aaaaaa;0.556,0.751,0.546,0.591,0.642,0.381,0.769,0.791,0.95,0.832;a;
aaaaaaa;0.414,0.322,0.581,0.445,0.762,0.833,0.243,0.943,0.0312,0.533;aaaaaaaaaa;
aaaaaaa;0.655,0.292,0.546,0.338,0.954,0.651,0.406,0.656,0.427,0.648;aa;
aaaaaaaa;0.933,0.994,0.0313,0.135,0.766,0.821,0.57,0.195,0.542,0.0666;aaaaa;
aaaaaaa;0.726,0.13,0.933,0.264,0.802,0.249,0.275,0.448,0.526,0.667;aaaaaaaaa;
aaaaaaaa;0.35,0.184,0.0526,0.274,0.147,0.895,0.0514,0.351,0.198,0.268;aaaaaaaaaa;
aa;0.999,0.0536,0.131,0.523,0.992,0.0221,0.921,0.155,0.786,0.691;aaaaaaa;
a;0.906,0.531,0.821,0.501,0.835,0.262,0.495,0.109,0.399,0.104;aa;
aaaaaaaaaa;0.476,0.278,0.821,0.958,0.567,0.602,0.59,0.5,0.434,0.55;a;
aaaaa;0.817,0.411,0.571,0.35,0.356,0.383,0.869,0.111,0.128,0.146;aaaaaa;
aaaaaaaaaa;0.556,0.407,0.93,0.597,0.786,0.117,0.798,0.607,0.963,0.762;aaaaaaaa;
aa;0.295,0.0952,0.158,0.124,0.551,0.311,0.721,0.193,0.641,0.0933;aaaaaaaa;
aaaaaaaa;0.358,0.447,0.194,0.55,0.767,0.673,0.0714,0.906,0.378,0.34;a;
aaa;0.638,0.183,0.756,0.721,0.988,0.378,0.626,0.958,0.76,0.215;aa;
aaaaaa;0.0452,0.949,0.301,0.175,0.463,0.027,0.956,0.88,0.27,0.0691;aaaa;
aaaaaaaaa;0.296,0.979,0.697,0.268,0.244,0.413,0.025,0.256,0.855,0.706;a;
aaaaaaaaaa;0.71,0.661,0.785,0.663,0.345,0.595,0.287,0.957,0.661,0.623;aaaaaaaa;
aaaaaaa;0.996,0.925,0.987,0.974,0.469,0.63,0.324,0.836,0.975,0.921;aaaaa;
aaaaaaaaa;0.716,0.166,0.436,0.00904,0.941,0.554,0.782,0.57,0.611,0.535;aaaa;
aaaaaaaaa;0.779,0.39,0.125,0.336,0.433,0.552,0.328,0.799,0.568,0.924;aaaaaaaaa;
aaaaaaaa;0.951,0.719,0.901,0.322,0.97,0.424,0.13,0.518,0.786,0.404;aaaaaaaaa;
aaaaaaaaa;0.454,0.133,0.56,0.677,0.324,0.0818,0.29,0.189,0.983,0.884;aaaaaaaa;
aaaaa;0.381,0.0631,0.396,0.0219,0.436,0.605,0.662,0.64,0.691,0.567;aaaaaaa;
aaaaaaa;0.532,0.275,0.989,0.787,0.266,0.115,0.913,0.94,0.608,0.12;aaa;
aaaaaaa;0.471,0.385,0.68,0.598,0.888,0.687,0.877,0.57,0.367,0.862;aaaaa;
aaaaaaa;0.502,0.664,0.601,0.331,0.692,0.699,0.974,0.3,0.607,0.0644;aaaaaaa;
aaaaaaa;0.814,0.303,0.734,0.48,0.194,0.528,0.345,0.842,0.619,0.172;aaaaaaa;
aaaa;0.281,0.193,0.00179,0.599,0.272,0.213,0.695,0.554,0.627,0.979;aa;
aa;0.356,0.919,0.78,0.249,0.563,0.244,0.218,0.447,0.222,0.829;aaaaaa;
aaaaaa;0.48,0.413,0.496,0.452,0.67,0.433,0.379,0.432,0.0166,0.325;aaaaaa;
aaaaaaaaa;0.992,0.261,0.948,0.108,0.793,0.705,0.952,0.26,0.227,0.89;aa;
aaaaaaaaaa;0.126,0.564,0.498,0.193,0.655,0.915,0.549,0.239,0.503,0.686;aaaaa;
aaaaa;0.0426,0.911,0.987,0.388,0.364,0.667,0.601,0.99,0.77,0.502;aa;
a;0.199,0.932,0.516,0.971,0.0448,0.951,0.509,0.581,0.382,0.0512;aaa;
aaaaaaa;0.461,0.748,0.823,0.0874,0.693,0.725,0.451,0.732,0.381,0.383;aaa;
aaa;0.542,0.179,0.538,0.724,0.986,0.102,0.997,0.0456,0.353,0.802;aaa;
aaaaaaaa;0.531,0.781,0.999,0.634,0.268,0.935,0.21,0.907,0.758,0.422;aaa;
aaaaa;0.462,0.496,0.492,0.685,0.873,0.953,0.394,0.98,0.192,0.653;aaaaaaaaaa;
aaaaaaa;0.242,0.688,0.784,0.00141,0.807,0.181,0.51,0.98,0.232,0.528;aaaaaa;
aaaaaaaaa;0.6,0.384,0.618,0.663,0.597,0.131,0.209,0.394,0.0561,0.797;aaa;
aaaaaaaa;0.748,0.719,0.599,0.99,0.135,0.597,0.745,0.0647,0.534,0.111;aaaaa;
aaaaaaaaa;0.277,0.204,0.94,0.707,0.356,0.1,0.598,0.183,0.848,0.453;aaaaaa;
aaaaaa;0.892,0.526,0.665,0.357,0.9,0.594,0.682,0.867,0.973,0.592;a;
aaaaaaaaa;0.832,0.912,0.105,0.317,0.515,0.367,0.772,0.355,0.434,0.297;aaa;
aaaaaaaaa;0.655,0.96,0.544,0.407,0.419,0.13,0.787,0.536,0.259,0.234;a;
aaaaaaaa;0.289,0.284,0.089,0.479,0.907,0.724,0.89,0.364,0.463,0.928;aaaaaaaaaa;
aaaaaa;0.823,0.801,0.35,0.0658,0.794,0.701,0.989,0.253,0.965,0.716;aaaaaaaaaa;
aaaaaa;0.413,0.812,0.913,0.00797,0.488,0.997,0.948,0.265,0.463,0.36;aaaaaaaaa;
aaaaaa;0.0977,0.679,0.44,0.473,0.285,0.087,0.363,0.00878,0.952,0.704;aa;
aaaaa;0.447,0.979,0.908,0.162,0.00449,0.366,0.167,0.852,0.738,0.811;aaaaaaaa;
aaa;0.306,0.518,0.358,0.885,0.0463,0.0373,0.451,0.227,0.642,0.0251;aaaaaa;
aaaa;0.0634,0.985,0.678,0.722,0.000823,0.749,0.558,0.253,0.842,0.5;aaaaaa;
aaaa;0.945,0.733,0.272,0.152,0.921,0.187,0.993,0.455,0.218,0.437;a;
aaaaaaaa;0.542,0.615,0.0655,0.964,0.665,0.933,0.446,0.0621,0.412,0.134;aaaaa;
aaa;0.953,0.692,0.133,0.374,0.0493,0.491,0.931,0.352,0.277,0.849;aaaaa;
aa;0.201,0.021,0.47,0.0596,0.225,0.453,0.0879,0.594,0.818,0.351;aaaaaaaa;
aaaaaaaa;0.296,0.537,0.743,0.0126,0.191,0.164,0.417,0.797,0.48,0.146;a;
aaaaaaaaa;0.525,0.318,0.23,0.442,0.908,0.782,0.0172,0.0239,0.693,0.627;aaaaaaa;
aaaaaaaaaa;0.9,0.337,0.764,0.0925,0.891,0.513,0.425,0.175,0.357,0.621;aaaaaaaa;
aaaaa;0.0693,0.723,0.263,0.836,0.816,0.782,0.763,0.669,0.896,0.923;aaaaaa;
aaaaa;0.137,0.0319,0.896,0.617,0.607,0.764,0.297,0.467,0.995,0.203;aaaaaaa;
aaaa;0.0832,0.616,0.569,0.162,0.0978,0.248,0.926,0.919,0.167,0.956;aaaaaa;
a;0.288,0.0137,0.68,0.0941,0.129,0.692,0.27,0.992,0.514,0.385;aaaaaaaa;
aaa;0.128,0.523,0.587,0.000601,0.737,0.809,0.62,0.36,0.287,0.362;aaaaaaaa;
aaaaaaaaa;0.479,0.345,0.979,0.616,0.841,0.374,0.92,0.551,0.479,0.814;aaaaaaaaaa;
aaaaaaa;0.507,0.57,0.111,0.519,0.29,0.424,0.279,0.388,0.707,0.717;aaaaaaaa;
aaa;0.182,0.469,0.187,0.96,0.861,0.122,0.343,0.117,0.409,0.825;aaaaaaaaaa;
aa;0.643,0.182,0.312,0.316,0.482,0.0812,0.738,0.135,0.0164,0.6;aaaaaaaaa;
a;0.785,0.531,0.705,0.769,0.772,0.147,0.52,0.267,0.127,0.675;aa;
aaaa;0.418,0.481,0.969,0.788,0.616,0.511,0.762,0.735,0.529,0.371;aaaaaaaaa;
aaaaaaa;0.48,0.687,0.235,0.882,0.188,0.372,0.259,0.0439,0.0281,0.847;aaaaaa;
a;0.339,0.781,0.334,0.126,0.197,0.982,0.425,0.494,0.845,0.118;aaaaaaa;
a;0.104,0.646,0.462,0.161,0.418,0.566,0.476,0.536,0.691,0.255;aaaaaaaaaa;
aaaaa;0.93,0.468,0.109,0.0469,0.511,0.245,0.819,0.125,0.038,0.0967;aaaaaaa;
aaaaaaaaaa;0.173,0.616,0.528,0.354,0.465,0.0441,0.905,0.28,0.771,0.509;aaaaaaaaaa;
aaaaaaa;0.489,0.207,0.499,0.674,0.116,0.795,0.54,0.776,0.536,0.49;aaaaaaaaa;
aaaaaa;0.364,0.599,0.259,0.195,0.231,0.278,0.347,0.207,0.0149,0.533;aaaaaaaaaa;
aaa;0.882,0.863,0.0976,0.97,0.659,0.0943,0.642,0.355,0.902,0.405;aaaaa;
aaaaaaaaaa;0.617,0.939,0.69,0.518,0.941,0.227,0.748,0.825,0.401,0.6;aaaaaaaaa;
aaaaa;0.0311,0.63,0.702,0.379,0.655,0.0935,0.682,0.178,0.323,0.753;aaa;
aaaaaaa;0.904,0.143,0.9,0.426,0.713,0.187,0.735,0.907,0.332,0.688;aaaaa;
a;0.194,0.187,0.0444,0.994,0.262,0.626,0.0154,0.851,0.668,0.654;aaaaaaa;
aaaaaaa;0.917,0.801,0.958,0.215,0.866,0.0328,0.907,0.588,0.369,0.355;aaaaaaaaaa;
aaaaaaaa;0.486,0.685,0.887,0.926,0.536,0.198,0.0864,0.638,0.479,0.651;aaa;
aaaaaaaaaa;0.407,0.823,0.693,0.8,0.999,0.629,0.0476,0.898,0.164,0.652;aaaaaaa;
aaaaaaa;0.482,0.315,0.796,0.449,0.294,0.521,0.0809,0.0521,0.777,0.296;aaaaaaaaaa;
aaaaaa;0.886,0.296,0.0169,0.0254,0.159,0.355,0.0216,0.764,0.447,0.197;aaaaaaaa;
aaaaaa;0.73,0.938,0.102,0.653,0.031,0.847,0.27,0.166,0.489,0.414;aa;
aa;0.213,0.796,0.854,0.907,0.764,0.533,0.632,0.00941,0.647,0.83;aaaaaaaa;
a;0.873,0.137,0.527,0.219,0.23,0.639,0.525,0.227,0.2,0.944;aa;
aaa;0.2,0.235,0.964,0.925,0.966,0.894,0.538,0.76,0.0829,0.312;aaaaa;
a;0.36,0.769,0.385,0.755,0.495,0.0112,0.459,0.0211,0.786,0.375;aa;
aaaaaaa;0.113,0.408,0.63,0.558,0.413,0.5,0.91,0.948,0.728,0.216;aa;
a;0.481,0.549,0.327,0.746,0.217,0.821,0.529,0.466,0.836,0.57;aaaaaaaa;
aaaaaaaaaa;0.212,0.153,0.765,0.885,0.367,0.367,0.248,0.118,0.25,0.811;aaaaaaaa;
aa;0.722,0.0346,0.436,0.00286,0.384,0.969,0.375,0.714,0.597,0.148;aaaaaa;
aaaaa;0.359,0.266,0.627,0.711,0.593,0.351,0.957,0.105,0.209,0.848;aaaaaa;
aa;0.135,0.76,0.888,0.935,0.0842,0.128,0.687,0.52,0.657,0.692;aa;
a;0.302,0.243,0.894,0.603,0.866,0.882,0.21,0.642,0.344,0.967;aaaaaaaa;
aaaaa;0.69,0.776,0.159,0.239,0.469,0.577,0.112,0.951,0.711,0.349;a;
aaaaaaaa;0.424,0.343,0.525,0.69,0.0299,0.894,0.267,0.455,0.174,0.838;aaaaaaaaa;
aaaa;0.567,0.214,0.527,0.816,0.685,0.804,0.372,0.772,0.588,0.594;aaa;
aa;0.0371,0.582,0.882,0.53,0.382,0.14,0.683,0.127,0.0395,0.137;a;
aa;0.765,0.773,0.789,0.374,0.606,0.904,0.0991,0.647,0.6,0.301;aaaaa;
aaaaaa;0.116,0.896,0.661,0.296,0.0936,0.934,0.863,0.533,0.159,0.127;aa;
aaaa;0.866,0.341,0.182,0.314,0.276,0.535,0.257,0.67,0.709,0.272;aaaaaa;
aaaaaaaaa;0.113,0.95,0.856,0.215,0.335,0.562,0.105,0.234,0.664,0.205;aaa;
aaaaaaaaa;0.642,0.875,0.736,0.627,0.679,0.421,0.608,0.685,0.0937,0.454;aaaaaaaa;
aaaaaaaaaa;0.777,0.146,0.612,0.168,0.166,0.0387,0.291,0.328,0.483,0.993;aa;
a;0.0566,0.0171,0.94,0.0533,0.224,0.212,0.415,0.362,0.635,0.705;a;
a;0.29,0.0942,0.459,0.948,0.897,0.343,0.165,0.198,0.841,0.499;aaaaaa;
aaaa;0.611,0.753,0.628,0.508,0.0196,0.712,0.464,0.443,0.932,0.752;aaaaa;
aaaaaaa;0.747,0.785,0.483,0.874,0.387,0.337,0.576,0.157,0.000912,0.725;aaaaaa;
aaaaaaaa;0.959,0.499,0.477,0.0569,0.0184,0.987,0.94,0.336,0.857,0.735;aaaaaaaa;
a;0.661,0.264,0.317,0.274,0.602,0.571,0.725,0.659,0.7,0.0721;aaaaa;
aa;0.232,0.764,0.104,0.841,0.565,0.793,0.975,0.164,0.0162,0.23;aaaaaaaaaa;
a;0.759,0.0311,0.205,0.134,0.534,0.332,0.894,0.849,0.126,0.987;aa;
a;0.622,0.411,0.898,0.108,0.298,0.945,0.367,0.225,0.979,0.619;aaa;
aaaaaaaaaa;0.92,0.512,0.935,0.0503,0.626,0.0779,0.601,0.7,0.704,0.98;aaaaaaa;
aaaaa;1,0.831,0.592,0.861,0.186,0.471,0.0891,0.371,0.308,0.229;aaaaa;
aa;0.137,0.621,0.938,0.948,0.907,0.737,0.0231,0.993,0.312,0.294;aaaaaaa;
aaaaaaaaaa;0.601,0.816,0.279,0.974,0.57,0.0623,0.333,0.965,0.0611,0.0697;aaaaa;
a;0.694,0.394,0.282,0.627,0.119,0.136,0.819,0.932,0.158,0.91;aaaaaaaa;
aaaaaaaaa;0.581,0.1,0.0699,0.353,0.564,0.0759,0.865,0.787,0.0711,0.0147;aaaa;
aaaaaa;0.64,0.738,0.237,0.0325,0.0592,0.302,0.679,0.861,0.959,0.582;aaaa;
aaaa;0.966,0.218,0.278,0.153,0.744,0.181,0.921,0.351,0.649,0.402;aaa;
aaaaaaaaa;0.301,0.409,0.0321,0.245,0.18,0.671,0.453,0.0624,0.146,0.446;aaaaaaaaa;
a;0.752,0.052,0.185,0.134,0.267,0.783,0.369,0.909,0.103,0.923;aaaaaaaaaa;
aaaaaaa;0.615,0.291,0.169,0.94,0.651,0.28,0.87,0.93,0.0351,0.789;aaaaa;
aaaaaaa;0.969,0.99,0.816,0.532,0.541,0.131,0.62,0.358,0.645,0.184;aaaaaaaaaa;
aaaaaa;0.892,0.47,0.0576,0.12,0.908,0.899,0.539,0.00625,0.786,0.987;aaaaaaaaaa;
aaaa;0.268,0.783,0.462,0.796,0.00651,0.0485,0.372,0.379,0.683,0.553;aaaaa;
aaaaaaaaa;0.35,0.545,0.211,0.762,0.476,0.407,0.262,0.217,0.349,0.286;aaaaaaaa;
aaaaaaaaa;0.753,0.264,0.963,0.547,0.166,0.776,0.97,0.998,0.331,0.651;a;
aaaaaaaaa;0.664,0.771,0.158,0.521,0.196,0.047,0.136,0.0552,0.817,0.935;aaa;
aaaa;0.294,0.484,0.496,0.522,0.527,0.0989,0.947,0.383,0.983,0.958;aa;
aaaaaaaaaa;0.838,0.75,0.185,0.162,0.484,0.461,0.96,0.0208,0.434,0.267;aa;
aaaaaa;0.488,0.304,0.329,0.316,0.196,0.436,0.17,0.262,0.115,0.178;aaaaaaa;
a;0.605,0.113,0.629,0.42,0.133,0.479,0.767,0.861,0.0632,0.173;aaaaaaaaa;
aaaa;0.496,0.145,0.363,0.074,0.513,0.388,0.612,0.665,0.274,0.558;aaaa;
aaaaaaaa;0.881,0.688,0.891,0.792,0.0654,0.515,0.768,0.559,0.78,0.703;aaaaaaaa;
aaaaaa;0.254,0.398,0.315,0.14,0.712,0.149,0.757,0.504,0.244,0.936;aaaaaa;
aa;0.738,0.567,0.559,0.664,0.584,0.131,0.945,0.736,0.315,0.588;aaaaa;
aaaaaaaa;0.335,0.685,0.221,0.977,0.291,0.19,0.286,0.41,0.108,0.378;aaaaaaaa;
aaaaaaaa;0.0263,0.907,0.784,0.598,0.329,0.0883,0.674,0.974,0.675,0.493;aa;
aa;0.651,0.729,0.119,0.25,0.486,0.311,0.743,0.0185,0.842,0.433;aaa;
aaa;0.489,0.00659,0.851,0.94,0.73,0.266,0.155,0.997,0.639,0.868;aaaa;
aaaaaa;0.859,0.0597,0.455,0.0652,0.69,0.913,0.384,0.208,0.235,0.403;aa;
aa;0.237,0.403,0.554,0.689,0.53,0.299,0.88,0.793,0.988,0.0681;aaaa;
a;0.207,0.938,0.406,0.394,0.503,0.573,0.673,0.912,0.0336,0.149;aaaaaaaaaa;
aaaaaaaaaa;0.156,0.426,0.0435,0.815,0.00107,0.0334,0.0369,0.586,0.271,0.224;aaaaaaaaa;
aaaaaaaaaa;0.26,0.744,0.576,0.453,0.331,0.245,0.0971,0.223,0.351,0.0461;aaaaaaaa;
aaaa;0.0589,0.58,0.656,0.114,0.0114,0.956,0.303,0.158,0.383,0.413;aaaa;
aaaaaaaaaa;0.957,0.385,0.775,0.445,0.643,0.577,0.42,0.781,0.369,0.689;aa;
aaaaaa;0.95,0.496,0.605,0.998,0.903,0.608,0.833,0.407,0.027,0.849;aaaaaa;
aaaaaa;0.0888,0.462,0.471,0.223,0.804,0.662,0.566,0.158,0.831,0.2;a;
aaaaaaaaa;0.167,0.556,0.749,0.279,0.507,0.696,0.806,0.619,0.347,0.293;aaaaaaaa;
aaaaaaa;0.76,0.212,0.558,0.773,0.44,0.805,0.215,0.849,0.525,0.258;aaaaaa;
aaaaaaaaaa;0.29,0.544,0.624,0.758,0.262,0.165,0.758,0.867,0.384,0.852;aaa;
a;0.448,0.707,0.56,0.161,0.967,0.896,0.965,0.795,0.0375,0.332;aaaaaaaaaa;
aaaa;0.924,0.954,0.823,0.8,0.617,0.88,0.706,0.0707,0.482,0.276;aaaaaaaaa;
aaaaaaa;0.263,0.412,0.5,0.412,0.829,0.91,0.198,0.479,0.709,0.675;aaaaaaa;
aaaaaa;0.0761,0.93,0.138,0.4,0.838,0.593,0.622,0.187,0.242,0.311;aaaaaaaa;
aaa;0.346,0.868,0.405,0.204,0.306,0.18,0.458,0.131,0.371,0.679;aaaaaa;
aaaaaaaa;0.707,0.99,0.791,0.613,0.738,0.394,0.689,0.722,0.786,0.614;aaaa;
aaa;0.632,0.296,0.891,0.762,0.352,0.0337,0.492,0.112,0.314,0.392;aaa;
aaaaaaa;0.766,0.864,0.831,0.652,0.791,0.231,0.674,0.713,0.495,0.573;aaa;
aaaaa;0.874,0.16,0.34,0.998,0.773,0.391,0.769,0.697,0.264,0.357;aaaaa;
aaa;0.402,0.782,0.142,0.123,0.245,0.736,0.76,0.711,0.763,0.0648;aaaaa;
aaaaaaaa;0.504,0.534,0.262,0.183,0.0631,0.503,0.206,0.866,0.493,0.432;aaaaaaa;
aaaaa;0.817,0.932,0.331,0.0173,0.1,0.981,0.404,0.604,0.435,0.183;aaaaaaaaaa;
aaaaa;0.224,0.0716,0.239,0.717,0.538,0.875,0.246,0.979,0.343,0.402;aaa;
aaaaaa;0.0729,0.852,0.466,0.0861,0.13,0.799,0.18,0.0466,0.465,0.946;aaa;
aaaa;0.797,0.533,0.595,0.818,0.49,0.641,0.679,0.727,0.804,0.979;aaa;
aaaaa;0.0548,0.853,0.895,0.0805,0.231,0.302,0.35,0.316,0.552,0.748;aaaaaaaaa;
aaaaaaaaa;0.117,0.1,0.0615,0.437,0.023,0.512,0.809,0.806,0.933,0.428;aaaaaa;
aaaaaa;0.0139,0.401,0.843,0.185,0.0614,0.677,0.874,0.945,0.375,0.0182;a;
aaaaaaaa;0.0197,0.752,0.0588,0.691,0.669,0.28,0.427,0.22,0.617,0.503;aaaaaaaa;
aaaaaa;0.744,0.348,0.777,0.823,0.632,0.381,0.656,0.968,0.0929,0.996;aa;
aaaaaa;0.368,0.31,0.484,0.245,0.867,0.925,0.154,0.634,0.239,0.322;aaaaaa;
aa;0.911,0.942,0.123,0.83,0.924,0.256,0.795,0.558,0.203,0.122;a;
aaaa;0.0767,0.261,0.381,0.0303,0.648,0.696,0.174,0.688,0.0611,0.92;aa;
aaaaaaa;0.98,0.186,0.353,0.174,0.199,0.56,0.367,0.0702,0.292,0.739;aa;
aaa;0.00204,0.432,0.937,0.436,0.668,0.917,0.231,0.534,0.842,0.287;aaaaaaaaa;
aaa;0.205,0.895,0.291,0.318,0.0629,0.877,0.7,0.671,0.793,0.544;aaaa;
aaaa;0.216,0.78,0.765,0.0593,0.124,0.183,0.847,0.245,0.266,0.466;aa;
aaaaaaaa;0.0341,0.222,0.177,0.701,0.11,0.516,0.115,0.298,0.736,0.368;a;
aaa;0.861,0.437,0.171,0.603,0.616,0.658,0.0426,0.713,0.867,0.142;aaaaa;
aaaaaaaa;0.403,0.93,0.953,0.704,0.827,0.202,0.836,0.252,0.231,0.186;aaa;
aaaaaaa;0.949,0.958,0.553,0.115,0.3,0.908,0.0803,0.359,0.546,0.901;aaaaaaa;
aaaaaaaaaa;0.85,0.145,0.591,0.858,0.533,0.635,0.971,0.947,0.957,0.593;aaa;
a;0.911,0.477,0.388,0.388,0.973,0.325,0.664,0.86,0.429,0.944;aaaaaaaaaa;
aaaa;0.155,0.446,0.906,0.823,0.32,0.567,0.599,0.433,0.248,0.102;aaaaaaaa;
aaaaaaaaa;0.384,0.77,0.385,0.348,0.127,0.447,0.714,0.481,0.776,0.739;aaaaaaaa;
a;0.28,0.451,0.644,0.801,0.0175,0.972,0.861,0.511,0.0254,0.258;aaa;
aaaa;0.142,1,0.525,0.309,0.624,0.786,0.566,0.664,0.463,0.132;aaaaaaaaa;
aaaaaaaaa;0.633,0.156,0.893,0.837,0.147,0.43,0.242,0.297,0.613,0.89;aaaaa;
a;0.435,0.0109,0.882,0.722,0.43,0.346,0.395,0.644,0.16,0.102;aaaaaaaaa;
aaaa;0.649,0.779,0.372,0.16,0.868,0.0312,0.888,0.387,0.159,0.466;a;
aaaaaaaa;0.347,0.0835,0.505,0.00737,0.55,0.987,0.829,0.696,0.92,0.733;aaaaaaa;
aaaaaaaaaa;0.194,0.0448,0.458,0.217,0.96,0.492,0.101,0.75,0.562,0.418;aaa;
aa;0.891,0.774,0.349,0.0205,0.189,0.954,0.5,0.156,0.293,0.497;aaaaa;
aaaaa;0.798,0.661,0.976,0.688,0.382,0.253,0.605,0.258,0.131,0.146;aaaaa;
aaa;0.899,0.577,0.925,0.454,0.711,0.985,0.788,0.0702,0.825,0.0914;aaaaaaa;
aaaaaaaa;0.177,0.0417,0.364,0.909,0.761,0.631,0.0703,0.0575,0.42,0.738;aaaaaaaaa;
aaaaaa;0.138,0.475,0.821,0.717,0.597,0.241,0.992,0.127,0.128,0.0538;aaaaaaaa;
aaaaa;0.97,0.829,0.26,0.589,0.942,0.461,0.807,0.565,0.804,0.629;aaaaaaaaa;
aaaaaa;0.939,0.801,0.301,0.104,0.0405,0.548,0.823,0.0473,0.423,0.536;aaaaaaa;
aaaaaaaaaa;0.693,0.98,0.799,0.0157,0.996,0.153,0.893,0.575,0.94,0.531;aaa;
aaaaaa;0.0444,0.526,0.82,0.288,0.508,0.303,0.856,0.763,0.617,0.849;aaaaa;
aaaaaaaaaa;0.462,0.333,0.66,0.973,0.318,0.48,0.011,0.314,0.0238,0.99;aaaaaaaaaa;
aaaaaaaaaa;0.884,0.546,0.775,0.461,0.911,0.602,0.414,0.562,0.967,0.398;aaaaa;
aaaaaaaa;0.946,0.666,0.214,0.295,0.54,0.979,0.11,0.378,0.874,0.958;a;
aaa;0.977,0.429,0.597,0.0442,0.825,0.122,0.677,0.0195,0.806,0.575;aaaaaaa;
aaaaaaaaaa;0.782,0.336,0.714,0.514,0.737,0.949,0.451,0.804,0.666,0.371;aaaa;
aaaa;0.811,0.413,0.662,0.163,0.999,0.625,0.854,0.716,0.955,0.216;aaaaaaaaaa;
aa;0.324,0.772,0.086,0.857,0.977,0.0717,0.904,0.971,0.0795,0.899;aaaaaaaa;
aaa;0.748,0.0527,0.649,0.584,0.995,0.605,0.654,0.388,0.413,0.58;aaaaaaaaa;
aaaaaaaa;0.876,0.299,0.305,0.971,0.351,0.858,0.165,0.135,0.548,0.483;aaa;
aaaaaa;0.192,0.678,0.732,0.709,0.214,0.233,0.573,0.797,0.411,0.272;aaaaa;
aaaaaaaaaa;0.999,0.00758,0.546,0.123,0.41,0.368,0.912,0.45,0.202,0.62;aaaaaaaa;
aaaa;0.586,0.28,0.942,0.91,0.92,0.639,0.21,0.0442,0.531,0.222;aaaaaaaaa;
aaaaaaaaa;0.592,0.241,0.194,0.63,0.831,0.209,0.959,0.687,0.841,0.54;aaaaaaa;
aaaaaaaa;0.303,0.399,0.34,0.635,0.128,0.432,0.905,0.00268,0.977,0.0931;aaaaa;
aaaaaa;0.731,0.753,0.619,0.798,0.245,0.12,0.42,0.899,0.955,0.873;a;
aaaaaa;0.857,0.757,0.324,0.775,0.998,0.55,0.903,0.193,0.73,0.102;aaaaaaaaaa;
aaaa;0.48,0.732,0.978,0.689,0.433,0.429,0.0034,0.0679,0.905,0.45;aaaaaaa;
aaaa;0.641,0.791,0.0749,0.303,0.214,0.582,0.17,0.736,0.983,0.239;aaaa;
aaaaaaaa;0.735,0.83,0.267,0.217,0.758,0.9,0.0682,0.855,0.74,0.155;aa;
a;0.196,0.591,0.261,0.607,0.556,0.351,0.248,0.433,0.698,0.796;a;
aaaaaaaaa;0.388,0.27,0.111,0.968,0.278,0.848,0.844,0.843,0.731,0.499;aaaaaaaaaa;
aaaaaaaa;0.491,0.365,0.5,0.861,0.775,0.0112,0.978,0.061,0.364,0.189;aaaaaaaaa;
aaaaa;0.34,0.719,0.966,0.78,0.504,0.247,0.508,0.133,0.00718,0.971;aaaaaaa;
a;0.318,0.487,0.254,0.394,0.503,0.106,0.204,0.831,0.567,0.801;aaaaaa;
aaaaaaaaaa;0.438,0.0872,0.941,0.467,0.605,0.837,0.0124,0.56,0.517,0.748;aaaa;
aaaaaaaa;0.205,0.535,0.471,0.821,0.126,0.924,0.814,0.625,0.923,0.481;aaaaaaaaa;
aa;0.383,0.194,0.859,0.509,0.608,0.937,0.632,0.503,0.299,0.0711;aaaaa;
aaaaaaaa;0.444,0.0142,0.249,0.059,0.618,0.822,0.337,0.333,0.206,0.776;a;
aaaaaaaa;0.0868,0.843,0.383,0.122,0.000518,0.36,0.0978,0.687,0.683,0.192;aaaaaaaa;
a;0.624,0.5,0.595,0.988,0.112,0.146,0.934,0.98,0.0807,0.0805;aaaaaaaaaa;
aaaaa;0.898,0.0476,0.227,0.186,0.57,0.371,0.964,0.572,0.483,0.962;aaaaa;
aaaaaaa;0.194,0.194,0.574,0.21,0.0658,0.207,0.756,0.529,0.492,0.845;aaaaaaaa;
aaaa;0.684,0.167,0.422,0.0698,0.486,0.855,0.155,0.834,0.767,0.206;aa;
aaaaaaaa;0.354,0.0393,0.175,0.28,0.887,0.485,0.229,0.956,0.345,0.0109;aaaaa;
aaaa;0.989,0.266,0.631,0.15,0.941,0.0055,0.588,0.807,0.397,0.197;aaa;
aaaa;1,0.888,0.971,0.645,0.868,0.712,0.189,0.464,0.191,0.0121;aaaaa;
aaaaaaa;0.759,0.0815,0.0122,0.821,0.108,0.668,0.896,0.875,0.856,0.368;aaa;
aaaaaaaaa;0.375,0.161,0.854,0.289,0.954,0.543,0.0969,0.429,0.735,0.849;aaaaaaaaa;
aaa;0.568,0.245,0.669,0.429,0.303,0.762,0.116,0.4,0.476,0.291;aaaaaaaaa;
aa;0.288,0.649,0.897,0.0448,0.0643,0.221,0.516,0.161,0.958,0.421;aaaaaaaaa;
aaaaaaaa;0.535,0.174,0.777,0.107,0.495,0.846,0.428,0.5,0.651,0.605;aaaaaaaa;
aaaaaaaaa;0.873,0.776,0.693,0.844,0.75,0.0887,0.741,0.901,0.602,0.0336;aaaaaaaaa;
aaaaaaaaaa;0.128,0.113,0.0399,0.0782,0.124,0.559,0.157,0.101,0.16,0.224;aaaaa;
aaa;0.52,0.112,0.299,0.579,0.993,0.0611,0.202,0.341,0.567,0.496;aaa;
aaaaaaaaa;0.898,0.0133,0.303,0.492,0.215,0.185,0.725,0.143,0.728,0.299;aaaaaaaa;
aaaaaaa;0.482,0.5,0.175,0.901,0.612,0.429,0.372,0.128,0.428,0.133;aaaaaa;
a;0.783,0.504,0.865,0.38,0.438,0.604,0.258,0.249,0.354,0.941;a;
aaaaaaaaa;0.199,0.304,0.84,0.491,0.434,0.607,0.57,0.948,0.605,0.335;aaaaa;
aaaaaaaaaa;0.673,0.911,0.396,0.922,0.859,0.0567,0.717,0.601,0.297,0.236;aaaaaaaaaa;
aaaaaaa;0.524,0.0961,0.78,0.379,0.381,0.121,0.318,0.157,0.139,0.487;aaaaaaa;
aaaaaaaaaa;0.868,0.401,0.798,0.251,0.067,0.0718,0.387,0.939,0.193,0.91;aaaaaaa;
a;0.757,0.12,0.757,0.1,0.94,0.498,0.112,0.364,0.524,0.457;aaaaaa;
aaaaaaaa;0.357,0.638,0.943,0.929,0.0895,0.761,0.406,0.611,0.931,0.708;aa;
aaaaaaa;0.988,0.66,0.815,0.489,0.686,0.318,0.989,0.601,0.182,0.22;aaaaaaaaa;
aaaaaaa;0.754,0.879,0.854,0.473,0.322,0.847,0.598,0.995,0.0147,0.546;aaaaaaaa;
aaa;0.715,0.64,0.338,0.421,0.398,0.526,0.853,0.862,0.375,0.158;aaaaaaaaaa;
aaaaaa;0.337,0.308,0.624,0.198,0.647,0.764,0.18,0.914,0.739,0.0965;aa;
aaaa;0.0668,0.756,0.332,0.561,0.617,0.0265,0.23,0.332,0.303,0.0805;aa;
aaaaaaaa;0.2,0.896,0.272,0.958,0.74,0.596,0.627,0.453,0.0892,0.102;aaaaa;
aaa;0.981,0.827,0.057,0.0925,0.667,0.521,0.649,0.542,0.176,0.691;aa;
aaaa;0.736,0.0253,0.556,0.296,0.801,0.544,0.308,0.522,0.157,0.276;aaaaaaaa;
aaaaaa;0.0892,0.253,0.368,0.328,0.514,0.0871,0.0259,0.575,0.6,0.792;aaaaa;
aaaaa;0.56,0.0806,0.447,0.135,0.137,0.193,0.838,0.433,0.362,0.0233;a;
aa;0.0901,0.403,0.549,0.77,0.892,0.121,0.665,0.838,0.128,0.48;aaaaaaaaaa;
aaaaaaaaaa;0.22,0.405,0.778,0.91,0.993,0.19,0.238,0.764,0.593,0.047;aaaa;
aaaaaaaaaa;0.528,0.647,0.726,0.0327,0.37,0.652,0.985,0.254,0.0156,0.862;aaaaaaaaaa;
aaa;0.396,0.709,0.617,0.55,0.17,0.587,0.749,0.581,0.322,0.302;a;
aaaaaaaa;0.766,0.994,0.431,0.988,0.371,0.895,0.753,0.549,0.165,0.856;aaaaaaaa;
aaaaaaaa;0.317,0.701,0.234,0.918,0.424,0.808,0.284,0.488,0.524,0.0293;aaaaaaaa;
aaaaaaa;0.159,0.345,0.46,0.79,0.278,0.952,0.989,0.307,0.716,0.33;aa;
aaaaaaaa;0.222,0.196,0.18,0.393,0.802,0.0104,0.736,0.266,0.825,0.049;aaaaa;
aa;0.786,0.509,0.247,0.0505,0.689,0.189,0.291,0.783,0.193,0.842;aa;
aaaaaaa;0.162,0.301,0.765,0.366,0.11,0.791,0.296,0.465,0.591,0.561;aaaaaaa;
aaaaaa;0.00183,0.183,0.335,0.636,0.557,0.182,0.699,0.818,0.23,0.687;aaaa;
aaaaaa;0.656,0.605,0.747,0.708,0.827,0.969,0.151,0.259,0.351,0.168;aaaaaaa;
aaaaaaaa;0.736,0.877,0.358,0.538,0.351,0.657,0.353,0.484,0.569,0.493;aaaa;
aaa;0.75,0.848,0.716,0.496,0.187,0.159,0.236,0.854,0.622,0.179;aaaaaaa;
aaaaaaaaa;0.971,0.043,0.694,0.439,0.0882,0.525,0.922,0.226,0.229,0.115;aaaa;
aaaa;0.356,0.39,0.411,0.795,0.307,0.213,0.446,0.409,0.743,0.11;aaaaaaaaa;
aaaa;0.722,0.119,0.8,0.269,0.741,0.104,0.22,0.0392,0.219,0.761;aaaaaaaaa;
aaaaaaa;0.173,0.148,0.795,0.309,0.679,0.362,0.849,0.905,0.685,0.561;aaaaa;
a;0.408,0.436,0.657,0.727,0.279,0.857,0.557,0.833,0.206,0.201;a;
aaaaaaaaaa;0.982,0.621,0.219,0.97,0.0524,0.397,0.451,0.406,0.982,0.411;a;
aaaa;0.714,0.00362,0.49,0.699,0.0942,0.328,0.77,0.101,0.88,0.701;aaaaa;
aaa;0.853,0.842,0.714,0.25,0.766,0.912,0.186,0.919,0.163,0.183;aaaaa;
aaaaa;0.0883,0.83,0.163,0.559,0.875,0.0614,0.0129,0.288,0.0979,0.143;aaa;
aaaaaa;0.428,0.213,0.894,0.374,0.134,0.12,0.307,0.156,0.826,0.888;aa;
aaaaaaa;0.0193,0.427,0.817,0.578,0.567,0.922,0.516,0.389,0.182,0.774;aaaaaaaaa;
aaa;0.997,0.824,0.52,0.181,0.257,0.854,0.634,0.998,0.242,0.958;aaaaa;
aaaa;0.211,0.316,0.397,0.82,0.785,0.434,0.845,0.511,0.958,0.936;a;
aaaaaa;0.494,0.48,0.0259,0.268,0.92,0.476,0.825,0.647,0.147,0.867;aa;
aaaaaaaaaa;0.741,0.0929,0.119,0.999,0.944,0.185,0.324,0.606,0.624,0.443;aaaaaa;
aaaaa;0.299,0.545,0.245,0.376,0.0952,0.936,0.922,0.471,0.996,0.0992;aaaaaa;
aa;0.503,0.00305,0.881,0.804,0.25,0.0388,0.47,0.102,0.266,0.562;aaaaaaaaa;
aaaaaaaa;0.987,0.539,0.332,0.636,0.313,0.317,0.215,0.989,0.134,0.0263;aa;
aaaaaaa;0.599,0.211,0.0244,0.264,0.711,0.0918,0.342,0.481,0.663,0.447;aaaaaaa;
aaaaaaaaaa;0.58,0.714,0.943,0.768,0.837,0.782,0.456,0.22,0.466,0.364;aaaaaaa;
aa;0.472,0.673,0.612,0.836,0.16,0.701,0.876,0.658,0.891,0.345;aaaaaaaa;
aaaaaaaaa;0.801,0.706,0.326,0.761,0.552,0.887,0.827,0.339,0.836,0.242;aaaaaaaaa;
aa;0.384,0.784,0.598,0.203,0.275,0.786,0.877,0.417,0.921,0.512;aaaaaaaaa;
aaaaaaaa;0.259,0.427,0.183,0.787,0.202,0.556,0.105,0.907,0.902,0.315;aaaaa;
aaaaaaaa;0.769,0.298,0.274,0.327,0.257,0.691,0.188,0.317,0.0931,0.093;aaaaa;
a;0.336,0.273,0.389,0.264,0.21,0.329,0.165,0.81,0.822,0.889;aaaaaaaa;
aaaaa;0.632,0.977,0.513,0.61,0.289,0.297,0.428,0.497,0.827,0.396;aaaaaaa;
aaaaaaaaaa;0.29,0.861,0.498,0.193,0.167,0.136,0.475,0.131,0.448,0.391;aaaaaaaaaa;
aaaa;0.84,0.249,0.338,0.216,0.42,0.304,0.503,0.868,0.483,0.171;aaaaaaaaaa;
a;0.884,0.543,0.567,0.92,0.688,0.609,0.784,0.597,0.131,0.76;a;
aaaaaaaa;0.689,0.909,0.0234,0.228,0.566,0.454,0.663,0.117,0.86,0.502;aaaaaaaaa;
aaaaaaaaa;0.642,0.261,0.269,0.872,0.399,0.214,0.372,0.322,0.352,0.275;aaa;
aaaaaaa;0.137,0.246,0.516,0.177,0.942,0.41,0.0347,0.265,0.456,0.0596;aaaaaaaa;
aa;0.977,0.113,0.71,0.821,0.451,0.953,0.87,0.57,0.383,0.298;aa;
aa;0.296,0.623,0.927,0.921,0.312,0.00941,0.234,0.671,0.958,0.848;aaaaaa;
aaaaaaaaa;0.0985,0.32,0.838,0.0354,0.215,0.937,0.324,0.0465,0.147,0.158;aaaaaaaaaa;
a;0.972,0.47,0.814,0.191,0.211,0.0365,0.749,0.231,0.149,0.076;a;
aaa;0.723,0.0639,0.747,0.314,0.607,0.782,0.577,0.0905,0.418,0.0593;aaaaaa;
aaaa;0.463,0.0856,0.97,0.154,0.102,0.233,0.117,0.82,0.918,0.596;a;
aa;0.651,0.00317,0.0949,0.148,0.605,0.608,0.562,0.617,0.614,0.0218;a;
a;0.172,0.505,0.569,0.138,0.43,0.51,0.311,0.251,0.995,0.617;aaaaaaaa;
aa;0.449,0.542,0.00365,0.285,0.904,0.234,0.34,0.463,0.133,0.416;aaaaaaa;
aaaaaa;0.188,0.442,0.904,0.493,0.0823,0.0228,0.716,0.458,0.494,0.986;aaa;
aaaaaaa;0.197,0.628,0.561,0.476,0.432,0.675,0.202,0.734,0.243,0.676;aaaaaa;
aaaaa;0.955,0.816,0.167,0.178,0.15,0.103,0.927,0.211,0.725,0.477;aaaa;
aaaaaaaaaa;0.637,0.0112,0.957,0.0574,0.41,0.0918,0.0227,0.475,0.343,0.406;aaaaa;
aaaaa;0.598,0.418,0.352,0.444,0.818,0.88,0.49,0.972,0.143,0.16;aa;
aaaaaaaa;0.385,0.474,0.736,0.711,0.183,0.0893,0.889,0.263,0.53,0.345;aaaaaaaa;
aaaaaaaaa;0.0266,0.26,0.232,0.612,0.429,0.00382,0.873,0.742,0.213,0.0348;aaaaaaaaaa;
aaaaaaa;0.331,0.816,0.302,0.711,0.641,0.92,0.604,0.569,0.242,0.401;aaaa;
aaaaaaaaa;0.0222,0.703,0.954,0.557,0.981,0.539,0.698,0.572,0.493,0.216;aaaaa;
aaaaaaaa;0.703,0.839,0.742,0.998,0.29,0.711,0.896,0.252,0.238,0.908;aaaaaaa;
aaaaa;0.334,0.453,0.891,0.579,0.162,0.457,0.175,0.974,0.653,0.797;aaaaaaaaa;
a;0.354,0.346,0.0478,0.886,0.806,0.262,0.123,0.403,0.61,0.908;aaa;
aaaaaaa;0.98,0.312,0.492,0.307,0.211,0.807,0.523,0.9,0.45,0.267;aaaaaa;
aaaaaaaaa;0.38,0.146,0.0634,0.831,0.325,0.396,0.245,0.782,0.111,0.183;aaaaa;
aaaaa;0.5,0.851,0.549,0.223,0.102,0.443,0.785,0.0181,0.164,0.908;aaaaa;
aaaaaaa;0.0924,0.178,0.413,0.135,0.411,0.19,0.366,0.705,0.712,0.899;aaaa;
aaaaaaaaaa;0.118,0.908,0.322,0.583,0.62,0.986,0.566,0.828,0.521,0.531;aaaaaaaa;
aaaa;0.929,0.352,0.0814,0.645,0.774,0.0736,0.753,0.686,0.54,0.65;a;
aaaaa;0.683,0.915,0.99,0.0895,0.493,0.498,0.421,0.624,0.129,0.85;aaaa;
aaaaa;0.615,0.267,0.139,0.461,0.897,0.667,0.0808,0.502,0.145,0.245;aaaaa;
aa;0.505,0.32,0.377,0.584,0.329,0.615,0.65,0.0915,0.806,0.496;aaaa;
aa;0.235,0.0791,0.84,0.0756,0.211,0.295,0.871,0.937,0.452,0.85;a;
aaaa;0.651,0.542,0.283,0.85,0.322,0.628,0.979,0.29,0.552,0.284;aaaaaaaaaa;
aaa;0.203,0.545,0.00592,0.1,0.867,0.543,0.967,0.538,0.773,0.942;aaa;
aaaaaa;0.0122,0.632,0.738,0.933,0.939,0.996,0.558,0.198,0.0387,0.406;aaaa;
aaaaaaaaaa;0.359,0.378,0.632,0.341,0.636,0.244,0.76,0.347,0.988,0.934;aaaaaaaa;
aaaaaaaaa;0.833,0.547,0.607,0.889,0.461,0.415,0.651,0.51,0.669,0.332;aaaaaaaaaa;
aaaaaaaaa;0.473,0.901,0.963,0.014,0.602,0.65,0.835,0.603,0.538,0.809;aaaaaaa;
aaaaa;0.0816,0.631,0.816,0.105,0.0685,0.79,0.916,0.0164,0.123,0.0864;aaa;
aaaaaa;0.736,0.0101,0.878,0.918,0.0263,0.93,0.13,0.294,0.445,0.388;aaaaaaa;
aaaaa;0.0389,0.491,0.196,0.618,0.354,0.87,0.198,0.0195,0.129,0.408;aaaaaa;
aaaaaaa;0.396,0.406,0.225,0.784,0.139,0.731,0.933,0.194,0.67,0.362;aaaa;
aaa;0.586,0.122,0.932,0.381,0.629,0.704,0.771,0.751,0.655,0.424;a;
aaaa;0.774,0.213,0.673,0.851,0.758,0.347,0.466,0.626,0.467,0.272;aaa;
aaaaaaa;0.54,0.224,0.901,0.702,0.953,0.0527,0.909,0.191,0.981,0.887;aaaa;
aaaaaaaaa;0.682,0.322,0.0736,0.103,0.555,0.649,0.148,0.676,0.69,0.482;aaaaaaaa;
aaaa;0.554,0.455,0.754,0.526,0.517,0.694,0.721,0.307,0.282,0.0487;aaaaaa;
aaaaaaaa;0.971,0.995,0.223,0.117,0.882,0.762,0.258,0.655,0.768,0.786;aaaaaaaa;
a;0.999,0.473,0.792,0.954,0.0571,0.523,0.803,0.195,0.881,0.0246;aaaaaaa;
aaaaa;0.752,0.771,0.288,0.164,0.661,0.087,0.3,0.363,0.819,0.229;aaaaaaa;
aaaa;0.106,0.26,0.00642,0.47,0.609,0.792,0.471,0.872,0.324,0.922;aaaa;
aaaa;0.113,0.905,0.276,0.697,0.635,0.00504,0.357,0.476,0.0474,0.679;aaaa;
aaaaaaaa;0.853,0.316,0.491,0.205,0.267,0.086,0.399,0.968,0.399,0.974;aaaaaaa;
aa;0.95,0.132,0.00414,0.959,0.727,0.943,0.137,0.455,0.0457,0.253;aaa;
a;0.903,0.746,0.0494,0.963,0.682,0.841,0.0386,0.28,0.76,0.558;aa;
aaaaaaa;0.389,0.847,0.223,0.572,0.148,0.986,0.199,0.156,0.245,0.48;aaaaaaaaa;
aaaaaaa;0.906,0.877,0.578,0.314,0.856,0.22,0.482,0.217,0.738,0.063;aaaaaa;
aaaaaaa;0.941,0.822,0.907,0.933,0.335,0.647,0.475,0.977,0.423,0.611;aaaaaaaaaa;
aaaaaaaaa;0.00372,0.233,0.51,0.685,0.366,0.148,0.183,0.313,0.0389,0.634;aaaaaa;
aaaaaaa;0.223,0.181,0.468,0.871,0.981,0.774,0.463,0.5,0.597,0.962;aaaaaa;
aaaaaaa;0.897,0.944,0.211,0.744,0.5,0.397,0.352,0.428,0.838,0.817;a;
aaa;0.248,0.697,0.385,0.126,0.0158,0.023,0.00576,0.379,0.871,0.854;aaaaaa;
aaaaa;0.809,0.797,0.858,0.413,0.515,0.274,0.546,0.735,0.127,0.915;aaaaaaaa;
aaaaaaa;0.294,0.493,0.55,0.0313,0.643,0.0976,0.39,0.275,0.811,0.791;aaaaaaaaaa;
aa;0.0314,0.806,0.473,0.806,0.669,0.659,0.236,0.903,0.855,0.133;aaa;
aa;0.153,0.54,0.888,0.724,0.285,0.405,0.0404,0.0427,0.906,0.648;aaaaaaa;
aaa;0.911,0.376,0.0981,0.0198,0.169,0.193,0.773,0.772,0.885,0.419;aa;
aaaaaaaa;0.531,0.982,0.374,0.197,0.457,0.082,0.526,0.79,0.513,0.108;aaaaaaa;
aaaaaaaa;0.531,0.906,0.402,0.262,0.213,0.462,0.827,0.245,0.382,0.0777;aaaaaaaaa;
aa;0.818,0.72,0.626,0.955,0.763,0.856,0.916,0.831,0.125,0.543;aaaaaaaaaa;
aaaaaaaa;0.914,0.0624,0.95,0.0719,0.0494,0.978,0.424,0.69,0.466,0.806;a;
aaaaaaaa;0.668,0.0954,0.148,0.602,0.537,0.322,0.545,0.503,0.377,0.727;aaaaaaaa;
aa;0.235,0.671,0.735,0.588,0.995,0.656,0.179,0.742,0.21,0.0847;aaa;
aaaaaaa;0.0177,0.988,0.671,0.0104,0.382,0.561,0.693,0.996,0.523,0.517;aaaaaaaaaa;
a;0.862,0.65,0.429,0.723,0.566,0.809,0.612,0.0608,0.568,0.17;aaaaaaaaa;
aaaaaaaaaa;0.838,0.669,0.176,0.225,0.952,0.202,0.331,0.764,0.826,0.0923;aaaaaaa;
aaaaaa;0.328,0.144,0.849,0.49,0.0382,0.528,0.896,0.246,0.899,0.792;aaaaaaaa;
aaa;0.467,0.794,0.965,0.515,0.244,0.134,0.722,0.629,0.851,0.0223;aaaaa;
aaaaaaaaa;0.277,0.172,0.697,0.618,0.935,0.378,0.72,0.771,0.531,0.83;aaaaaaaa;
aa;0.875,0.349,0.393,0.83,0.756,0.332,0.36,0.0328,0.803,0.822;a;
aaaa;0.792,0.346,0.801,0.637,0.925,0.686,0.0266,0.462,0.756,0.122;a;
aaaa;0.947,0.204,0.845,0.84,0.379,0.541,0.0838,0.674,0.759,0.92;aaaaa;
aaaaaaaa;0.816,0.901,0.49,0.134,0.71,0.335,0.629,0.16,0.157,0.502;aaaaaaaaaa;
aaaaaaaaa;0.0887,0.187,0.901,0.467,0.608,0.609,0.826,0.0673,0.51,0.938;aaaaaaaaa;
aaaaaaaaa;0.114,0.94,0.116,0.841,0.0571,0.581,0.822,0.551,0.671,0.336;aaaa;
aaaaaaaaa;0.974,0.887,0.804,0.848,0.926,0.181,0.32,0.475,0.838,0.462;aaaaaa;
a;0.0994,0.92,0.0633,0.353,0.995,0.074,0.246,0.988,0.703,0.395;aaaa;
aaaaaaaaaa;0.89,0.663,0.338,0.348,0.437,0.0175,0.175,0.0998,0.945,0.105;aaaaaaaaaa;
aaaaaaa;0.0229,0.9,0.604,0.681,0.439,0.33,0.974,0.993,0.757,0.79;aaaaaa;
a;0.185,0.821,0.148,0.0173,0.892,0.707,0.0457,0.425,0.097,0.944;aaaaaaa;
a;0.0673,0.669,0.527,0.151,0.635,0.221,0.533,0.943,0.77,0.704;aaaaaaa;
aaaa;0.561,0.903,0.446,0.209,0.0443,0.0684,0.102,0.983,0.257,0.804;aaaaaaa;
aaaaaaa;0.517,0.96,0.505,0.272,0.0486,0.0893,0.664,0.0285,0.973,0.283;aaaa;
aa;0.627,0.116,0.837,0.055,0.634,0.895,0.293,0.704,0.75,0.433;aaaaa;
aaaaaaaa;0.0266,0.487,0.313,0.224,0.938,0.0739,0.393,0.792,0.519,0.227;aaaaaaaaaa;
aaaaaaa;0.446,0.148,0.955,0.776,0.72,0.426,0.654,0.456,0.156,0.235;aaaaaaaaaa;
aa;0.412,0.95,0.00492,0.169,0.921,0.371,0.0871,0.209,0.841,0.228;aaaaaaaaaa;
a;0.975,0.667,0.75,0.999,0.543,0.296,0.313,0.763,0.155,0.623;aaa;
aaa;0.966,0.427,0.768,0.49,0.652,0.837,0.543,0.635,0.159,0.853;aaa;
aaaaaaa;0.43,0.199,0.00479,0.938,0.395,0.994,0.669,0.96,0.851,0.0563;aaaaaaaaaa;
a;0.692,0.908,0.676,0.824,0.494,0.907,0.771,0.303,0.487,0.598;aaaaaaaa;
aaaaa;0.322,0.942,0.0914,0.0265,0.168,0.0975,0.241,0.244,0.952,0.608;aaaaaaaaa;
aaaaaaaaaa;0.804,0.277,0.433,0.53,0.648,0.574,0.111,0.337,0.346,0.0331;aaaaaaa;
a;0.381,0.53,0.126,0.238,0.899,0.792,0.869,0.169,0.31,0.803;aa;
aaaaaaaaaa;0.684,0.228,0.656,0.133,0.804,0.354,0.879,0.497,0.876,0.447;aaaaa;
aaaaaaa;0.747,0.784,0.391,0.977,0.582,0.274,0.253,0.857,0.393,0.535;aaaaa;
aaaa;0.146,0.294,0.748,0.239,0.803,0.769,0.164,0.578,0.162,0.989;aa;
aaaa;0.234,0.716,0.795,0.587,0.0891,0.667,0.166,0.567,0.733,0.627;aaa;
aaaaaaaaaa;0.756,0.151,0.643,0.0964,0.628,0.0931,0.879,0.116,0.681,0.0551;aaaaaaaa;
aaaaaaaa;0.229,0.567,0.648,0.503,0.827,0.189,0.297,0.872,0.872,0.451;aaaaa;
aaaaaa;0.679,0.201,0.484,0.963,0.524,0.772,0.225,0.62,0.572,0.32;aaaaaaaaaa;
aaaaaaaaa;0.689,0.212,0.748,0.732,0.331,0.126,0.545,0.855,0.93,0.358;aaaaaaaaa;
aa;0.791,0.254,0.662,0.911,0.841,0.698,0.00279,0.562,0.915,0.909;aa;
aaaa;0.956,0.0829,0.974,0.939,0.215,0.965,0.0507,0.207,0.658,0.613;aaaaa;
aaa;0.376,0.393,0.913,0.613,0.17,0.111,0.701,0.811,0.545,0.135;aaaaaa;
aaaaaaaaaa;0.145,0.733,0.393,0.949,0.000295,0.859,0.157,0.688,0.906,0.234;aaaaaaa;
aaaa;0.435,0.201,0.0262,0.423,0.292,0.561,0.0355,0.912,0.96,0.338;aaa;
aaaaaaa;0.124,0.594,0.37,0.348,0.61,0.0512,0.00737,0.538,0.0564,0.00736;aaaaa;
aaa;0.884,0.54,0.669,0.71,0.657,0.0107,0.1,0.632,0.994,0.459;aaaaaa;
aaa;0.073,0.712,0.971,0.53,0.131,0.127,0.611,0.674,0.759,0.98;aaaaaaaaaa;
aaaaa;0.419,0.699,0.712,0.463,0.0461,0.899,0.749,0.3,0.191,0.224;aaa;
aaaaaaaaaa;0.0968,0.408,0.0356,0.187,0.0352,0.803,0.281,0.797,0.616,0.82;aaaaaa;
aaaaaa;0.952,0.374,0.695,0.116,0.00453,0.0136,0.712,0.806,0.529,0.00124;aaaaaaaaa;
aaa;0.249,0.221,0.139,0.894,0.542,0.124,0.881,0.122,0.552,0.0153;a;
aaaaa;0.601,0.948,0.625,0.931,0.646,0.799,0.823,0.833,0.45,0.281;aaaaa;
aaaaa;0.601,0.163,0.931,0.26,0.0735,0.253,0.557,0.305,0.34,0.543;aaaaaaaaaa;
aa;0.914,0.121,0.979,0.545,0.197,0.799,0.266,0.512,0.12,0.444;aaa;
aaaaaaaaaa;0.302,0.809,0.895,0.688,0.392,0.941,0.341,0.275,0.516,0.744;aaa;
aaa;0.623,0.859,0.571,0.746,0.9,0.211,0.325,0.283,0.374,0.419;aaaaaa;
aaaaa;0.911,0.172,0.286,0.751,0.305,0.743,0.0618,0.845,0.257,0.621;aaaa;
aaaaa;0.601,0.163,0.931,0.26,0.0735,0.253,0.557,0.305,0.34,0.543;aaaaaaaa;
aa;0.914,0.121,0.979,0.545,0.197,0.799,0.266,0.512,0.12,0.444;aaaaaaaaa;
aaaaaaaaaa;0.302,0.809,0.895,0.688,0.392,0.941,0.341,0.275,0.516,0.744;aaaaaaa;
aaa;0.623,0.859,0.571,0.746,0.9,0.211,0.325,0.283,0.374,0.419;aaaaaaaa;
aaaaa;0.911,0.172,0.286,0.751,0.305,0.743,0.0618,0.845,0.257,0.621;aaaaaaa;
aaaaa;0.601,0.163,0.931,0.26,0.0735,0.253,0.557,0.305,0.34,0.543;aaaaa;
aa;0.914,0.121,0.979,0.545,0.197,0.799,0.266,0.512,0.12,0.444;aaaaaaaa;
aaaaaaaaaa;0.302,0.809,0.895,0.688,0.392,0.941,0.341,0.275,0.516,0.744;aaaaaaaaaa;
aaa;0.623,0.859,0.571,0.746,0.9,0.211,0.325,0.283,0.374,0.419;aaa;
aaaaa;0.911,0.172,0.286,0.751,0.305,0.743,0.0618,0.845,0.257,0.621;aa;
aaaaa;0.601,0.163,0.931,0.26,0.0735,0.253,0.557,0.305,0.34,0.543;aaaaaaaaaa;
aa;0.914,0.121,0.979,0.545,0.197,0.799,0.266,0.512,0.12,0.444;aaaaaaaa;
aaaaaaaaaa;0.302,0.809,0.895,0.688,0.392,0.941,0.341,0.275,0.516,0.744;aaaaaaa;
aaa;0.623,0.859,0.571,0.746,0.9,0.211,0.325,0.283,0.374,0.419;aa;
aaaaa;0.911,0.172,0.286,0.751,0.305,0.743,0.0618,0.845,0.257,0.621;aaa;
aaaaa;0.601,0.163,0.931,0.26,0.0735,0.253,0.557,0.305,0.34,0.543;aaaaaaa;
aa;0.914,0.121,0.979,0.545,0.197,0.799,0.266,0.512,0.12,0.444;aaaaaaa;
aaaaaaaaaa;0.302,0.809,0.895,0.688,0.392,0.941,0.341,0.275,0.516,0.744;aaaaaaa;
aaa;0.623,0.859,0.571,0.746,0.9,0.211,0.325,0.283,0.374,0.419;aa;
aaaaa;0.911,0.172,0.286,0.751,0.305,0.743,0.0618,0.845,0.257,0.621;aaaaaaaa;
aaaaa;0.601,0.163,0.931,0.26,0.0735,0.253,0.557,0.305,0.34,0.543;aaaaaaa;
aa;0.914,0.121,0.979,0.545,0.197,0.799,0.266,0.512,0.12,0.444;aa;
aaaaaaaaaa;0.302,0.809,0.895,0.688,0.392,0.941,0.341,0.275,0.516,0.744;aaaaaaaaaa;
aaa;0.623,0.859,0.571,0.746,0.9,0.211,0.325,0.283,0.374,0.419;aa;
aaaaa;0.911,0.172,0.286,0.751,0.305,0.743,0.0618,0.845,0.257,0.621;aaaaaaaaa;
aaaaa;0.601,0.163,0.931,0.26,0.0735,0.253,0.557,0.305,0.34,0.543;aaaaa;
aa;0.914,0.121,0.979,0.545,0.197,0.799,0.266,0.512,0.12,0.444;aaa;
aaaaaaaaaa;0.302,0.809,0.895,0.688,0.392,0.941,0.341,0.275,0.516,0.744;aaaaaaaaa;
aaa;0.623,0.859,0.571,0.746,0.9,0.211,0.325,0.283,0.374,0.419;aaaaaa;
aaaaa;0.911,0.172,0.286,0.751,0.305,0.743,0.0618,0.845,0.257,0.621;aaaaaaaaaa;
aaaaa;0.601,0.163,0.931,0.26,0.0735,0.253,0.557,0.305,0.34,0.543;aaaaa;
aa;0.914,0.121,0.979,0.545,0.197,0.799,0.266,0.512,0.12,0.444;aaaaaaaaa;
aaaaaaaaaa;0.302,0.809,0.895,0.688,0.392,0.941,0.341,0.275,0.516,0.744;aaaaaaaaaa;
aaa;0.623,0.859,0.571,0.746,0.9,0.211,0.325,0.283,0.374,0.419;aaaaaa;
aaaaa;0.911,0.172,0.286,0.751,0.305,0.743,0.0618,0.845,0.257,0.621;aaaaa;
aaaaa;0.601,0.163,0.931,0.26,0.0735,0.253,0.557,0.305,0.34,0.543;aaaaa;
aa;0.914,0.121,0.979,0.545,0.197,0.799,0.266,0.512,0.12,0.444;aaaaaaa;
aaaaaaaaaa;0.302,0.809,0.895,0.688,0.392,0.941,0.341,0.275,0.516,0.744;aaa;
aaa;0.623,0.859,0.571,0.746,0.9,0.211,0.325,0.283,0.374,0.419;aaaaaaa;
aaaaa;0.911,0.172,0.286,0.751,0.305,0.743,0.0618,0.845,0.257,0.621;aaaaa;
aaaaa;0.601,0.163,0.931,0.26,0.0735,0.253,0.557,0.305,0.34,0.543;aaaaaaa;
aa;0.914,0.121,0.979,0.545,0.197,0.799,0.266,0.512,0.12,0.444;aaaaaaaa;
aaaaaaaaaa;0.302,0.809,0.895,0.688,0.392,0.941,0.341,0.275,0.516,0.744;a;
aaa;0.623,0.859,0.571,0.746,0.9,0.211,0.325,0.283,0.374,0.419;aaa;
aaaaa;0.911,0.172,0.286,0.751,0.305,0.743,0.0618,0.845,0.257,0.621;a;
aaaaa;0.601,0.163,0.931,0.26,0.0735,0.253,0.557,0.305,0.34,0.543;aaaaa;
aa;0.914,0.121,0.979,0.545,0.197,0.799,0.266,0.512,0.12,0.444;aa;
aaaaaaaaaa;0.302,0.809,0.895,0.688,0.392,0.941,0.341,0.275,0.516,0.744;aaaaaaaaaa;
aaa;0.623,0.859,0.571,0.746,0.9,0.211,0.325,0.283,0.374,0.419;aaaaa;
aaaaa;0.911,0.172,0.286,0.751,0.305,0.743,0.0618,0.845,0.257,0.621;aaaaaaa;
aaaaa;0.601,0.163,0.931,0.26,0.0735,0.253,0.557,0.305,0.34,0.543;aaaaaa;
aa;0.914,0.121,0.979,0.545,0.197,0.799,0.266,0.512,0.12,0.444;a;
aaaaaaaaaa;0.302,0.809,0.895,0.688,0.392,0.941,0.341,0.275,0.516,0.744;a;
aaa;0.623,0.859,0.571,0.746,0.9,0.211,0.325,0.283,0.374,0.419;aa;
aaaaa;0.911,0.172,0.286,0.751,0.305,0.743,0.0618,0.845,0.257,0.621;aaaaaaaa;
aaaaa;0.601,0.163,0.931,0.26,0.0735,0.253,0.557,0.305,0.34,0.543;a;
aa;0.914,0.121,0.979,0.545,0.197,0.799,0.266,0.512,0.12,0.444;a;
aaaaaaaaaa;0.302,0.809,0.895,0.688,0.392,0.941,0.341,0.275,0.516,0.744;aaaaaaaaa;
aaa;0.623,0.859,0.571,0.746,0.9,0.211,0.325,0.283,0.374,0.419;aaaa;
aaaaa;0.911,0.172,0.286,0.751,0.305,0.743,0.0618,0.845,0.257,0.621;aaaaaaa;
aaaaa;0.601,0.163,0.931,0.26,0.0735,0.253,0.557,0.305,0.34,0.543;aa;
aa;0.914,0.121,0.979,0.545,0.197,0.799,0.266,0.512,0.12,0.444;aa;
aaaaaaaaaa;0.302,0.809,0.895,0.688,0.392,0.941,0.341,0.275,0.516,0.744;aaaaaaaaaa;
aaa;0.623,0.859,0.571,0.746,0.9,0.211,0.325,0.283,0.374,0.419;aaaaa;
aaaaa;0.911,0.172,0.286,0.751,0.305,0.743,0.0618,0.845,0.257,0.621;aaaaaa;
aaaaa;0.601,0.163,0.931,0.26,0.0735,0.253,0.557,0.305,0.34,0.543;aaaaa;
aa;0.914,0.121,0.979,0.545,0.197,0.799,0.266,0.512,0.12,0.444;aaaa;
aaaaaaaaaa;0.302,0.809,0.895,0.688,0.392,0.941,0.341,0.275,0.516,0.744;aaaaaaa;
aaa;0.623,0.859,0.571,0.746,0.9,0.211,0.325,0.283,0.374,0.419;aa;
aaaaa;0.911,0.172,0.286,0.751,0.305,0.743,0.0618,0.845,0.257,0.621;aaaaaa;
aaaaa;0.601,0.163,0.931,0.26,0.0735,0.253,0.557,0.305,0.34,0.543;aaaaaa;
aa;0.914,0.121,0.979,0.545,0.197,0.799,0.266,0.512,0.12,0.444;aa;
aaaaaaaaaa;0.302,0.809,0.895,0.688,0.392,0.941,0.341,0.275,0.516,0.744;aaa;
aaa;0.623,0.859,0.571,0.746,0.9,0.211,0.325,0.283,0.374,0.419;aaaaaaa;
aaaaa;0.911,0.172,0.286,0.751,0.305,0.743,0.0618,0.845,0.257,0.621;aaaaaaa;
aaaaa;0.601,0.163,0.931,0.26,0.0735,0.253,0.557,0.305,0.34,0.543;aaaaaaaaa;
aa;0.914,0.121,0.979,0.545,0.197,0.799,0.266,0.512,0.12,0.444;aaaaaaaaa;
aaaaaaaaaa;0.302,0.809,0.895,0.688,0.392,0.941,0.341,0.275,0.516,0.744;aaaaaaaaa;
aaa;0.623,0.859,0.571,0.746,0.9,0.211,0.325,0.283,0.374,0.419;aaaaaaaa;
aaaaa;0.911,0.172,0.286,0.751,0.305,0.743,0.0618,0.845,0.257,0.621;aa;
aaaaa;0.601,0.163,0.931,0.26,0.0735,0.253,0.557,0.305,0.34,0.543;aaaaaaa;
aa;0.914,0.121,0.979,0.545,0.197,0.799,0.266,0.512,0.12,0.444;aaa;
aaaaaaaaaa;0.302,0.809,0.895,0.688,0.392,0.941,0.341,0.275,0.516,0.744;aaaaaaaaa;
aaa;0.623,0.859,0.571,0.746,0.9,0.211,0.325,0.283,0.374,0.419;aaaaaaaaaa;
aaaaa;0.911,0.172,0.286,0.751,0.305,0.743,0.0618,0.845,0.257,0.621;a;
aaaaa;0.601,0.163,0.931,0.26,0.0735,0.253,0.557,0.305,0.34,0.543;aaaaaa;
aa;0.914,0.121,0.979,0.545,0.197,0.799,0.266,0.512,0.12,0.444;aaa;
aaaaaaaaaa;0.302,0.809,0.895,0.688,0.392,0.941,0.341,0.275,0.516,0.744;aaaaaaaa;
aaa;0.623,0.859,0.571,0.746,0.9,0.211,0.325,0.283,0.374,0.419;a;
aaaaa;0.911,0.172,0.286,0.751,0.305,0.743,0.0618,0.845,0.257,0.621;aaaaaaaa;
aaaaa;0.601,0.163,0.931,0.26,0.0735,0.253,0.557,0.305,0.34,0.543;aaaaaaaaaa;
aa;0.914,0.121,0.979,0.545,0.197,0.799,0.266,0.512,0.12,0.444;aa;
aaaaaaaaaa;0.302,0.809,0.895,0.688,0.392,0.941,0.341,0.275,0.516,0.744;aaaaaaaaaa;
aaa;0.623,0.859,0.571,0.746,0.9,0.211,0.325,0.283,0.374,0.419;aaaaa;
aaaaa;0.911,0.172,0.286,0.751,0.305,0.743,0.0618,0.845,0.257,0.621;aaaaaaa;
aaaaa;0.601,0.163,0.931,0.26,0.0735,0.253,0.557,0.305,0.34,0.543;aaaaaaaaa;
aa;0.914,0.121,0.979,0.545,0.197,0.799,0.266,0.512,0.12,0.444;aaaaa;
aaaaaaaaaa;0.302,0.809,0.895,0.688,0.392,0.941,0.341,0.275,0.516,0.744;aaaa;
aaa;0.623,0.859,0.571,0.746,0.9,0.211,0.325,0.283,0.374,0.419;aaaa;
aaaaa;0.911,0.172,0.286,0.751,0.305,0.743,0.0618,0.845,0.257,0.621;aa;
aaaaa;0.601,0.163,0.931,0.26,0.0735,0.253,0.557,0.305,0.34,0.543;aaaaaaaaa;
aa;0.914,0.121,0.979,0.545,0.197,0.799,0.266,0.512,0.12,0.444;aaaaaaa;
aaaaaaaaaa;0.302,0.809,0.895,0.688,0.392,0.941,0.341,0.275,0.516,0.744;aaaaaaaaaa;
aaa;0.623,0.859,0.571,0.746,0.9,0.211,0.325,0.283,0.374,0.419;aaaaaaaa;
aaaaa;0.911,0.172,0.286,0.751,0.305,0.743,0.0618,0.845,0.257,0.621;aaaaaaa;
aaaaa;0.601,0.163,0.931,0.26,0.0735,0.253,0.557,0.305,0.34,0.543;aaaaa;
aa;0.914,0.121,0.979,0.545,0.197,0.799,0.266,0.512,0.12,0.444;aa;
aaaaaaaaaa;0.302,0.809,0.895,0.688,0.392,0.941,0.341,0.275,0.516,0.744;aaa;
aaa;0.623,0.859,0.571,0.746,0.9,0.211,0.325,0.283,0.374,0.419;aaaa;
aaaaa;0.911,0.172,0.286,0.751,0.305,0.743,0.0618,0.845,0.257,0.621;a;
aaaaa;0.601,0.163,0.931,0.26,0.0735,0.253,0.557,0.305,0.34,0.543;aa;
aa;0.914,0.121,0.979,0.545,0.197,0.799,0.266,0.512,0.12,0.444;aaaaaaaaa;
aaaaaaaaaa;0.302,0.809,0.895,0.688,0.392,0.941,0.341,0.275,0.516,0.744;aaa;
aaa;0.623,0.859,0.571,0.746,0.9,0.211,0.325,0.283,0.374,0.419;aaaaaaa;
aaaaa;0.911,0.172,0.286,0.751,0.305,0.743,0.0618,0.845,0.257,0.621;aa;
aaaaa;0.601,0.163,0.931,0.26,0.0735,0.253,0.557,0.305,0.34,0.543;aaaaa;
aa;0.914,0.121,0.979,0.545,0.197,0.799,0.266,0.512,0.12,0.444;aa;
aaaaaaaaaa;0.302,0.809,0.895,0.688,0.392,0.941,0.341,0.275,0.516,0.744;aaaaaaaaa;
aaa;0.623,0.859,0.571,0.746,0.9,0.211,0.325,0.283,0.374,0.419;aaaaaaaaa;
aaaaa;0.911,0.172,0.286,0.751,0.305,0.743,0.0618,0.845,0.257,0.621;aa;
